Node, Individual, Route,Segment, Travel time, Travel cost, Attention time, Attention cost, Failure rate, Demand
1800,0,0,0,13.7116,951.622,0.0345,150.479,0.15,1
552,0,0,0,13.7025,905.718
603,0,0,0,13.6689,740.761
604,0,0,0,13.6639,714.369
596,0,0,0,13.6637,713.397
580,0,0,0,13.6522,649.074
574,0,0,0,13.6316,541.537
573,0,0,0,13.6225,489.448
564,0,0,0,13.6152,450.205
557,0,0,0,13.6093,417.124
561,0,0,0,13.6026,370.589
628,0,0,0,13.5983,345.216
615,0,0,0,13.5935,317.236
617,0,0,0,13.59,299.689
616,0,0,0,13.5824,261.472
676,0,0,0,13.5762,230.409
674,0,0,0,13.5658,178.918
675,0,0,0,13.5592,145.841
962,0,0,0,13.5488,96.4787
961,0,0,0,13.5433,67.3447
999,0,0,0,13.53,0
449,0,0,1,13.8752,1836.91,0.0431667,188.28,0.11,2
457,0,0,1,13.8637,1774.85
456,0,0,1,13.8588,1745.81
458,0,0,1,13.8496,1684.9
459,0,0,1,13.8429,1639.55
1543,0,0,1,13.8344,1577.74
715,0,0,1,13.8293,1533.9
716,0,0,1,13.8161,1459.54
722,0,0,1,13.8155,1456.73
552,0,0,1,13.7544,1144.84
1800,0,0,1,13.7461,1102.1
362,0,0,2,14.0428,2765.87,0.0438333,191.188,0.02,3
363,0,0,2,14.0278,2683.42
367,0,0,2,14.0152,2614.55
368,0,0,2,14.0078,2579.99
451,0,0,2,13.9864,2462.69
1716,0,0,2,13.9839,2446.26
462,0,0,2,13.9767,2407.44
1990,0,0,2,13.9689,2354.4
452,0,0,2,13.965,2322.33
453,0,0,2,13.9542,2234.91
455,0,0,2,13.9429,2167.09
454,0,0,2,13.9397,2149.71
448,0,0,2,13.9333,2105.76
449,0,0,2,13.9184,2025.19
104,0,0,3,14.2921,4056.37,0.0708333,308.954,0.11,4
124,0,0,3,14.2777,3981.51
1715,0,0,3,14.2418,3800.2
136,0,0,3,14.2366,3772.52
139,0,0,3,14.2235,3702.9
140,0,0,3,14.2027,3589.25
360,0,0,3,14.164,3379.64
361,0,0,3,14.1515,3310.77
367,0,0,3,14.1177,3122.97
363,0,0,3,14.1024,3042.74
362,0,0,3,14.0867,2957.06
815,0,0,4,14.609,5768.53,0.0983333,428.9,0.22,5
816,0,0,4,14.6011,5729.39
2151,0,0,4,14.5892,5665.72
819,0,0,4,14.5744,5585.62
811,0,0,4,14.5538,5469.88
805,0,0,4,14.55,5449.05
358,0,0,4,14.5369,5378.85
349,0,0,4,14.5207,5293.25
344,0,0,4,14.5073,5211.22
1819,0,0,4,14.494,5117.76
335,0,0,4,14.4895,5089.47
2114,0,0,4,14.476,5016.87
329,0,0,4,14.4735,5001.84
1979,0,0,4,14.467,4969.49
1978,0,0,4,14.4258,4740.04
107,0,0,4,14.4177,4686.29
1967,0,0,4,14.4147,4657.59
105,0,0,4,14.389,4507.7
124,0,0,4,14.3761,4434.82
104,0,0,4,14.3629,4365.33
1280,0,0,5,14.8765,7139.59,0.0575,250.798,0.05,6
1845,0,0,5,14.8613,7063.03
1270,0,0,5,14.8577,7044.48
1269,0,0,5,14.8439,6975.04
1259,0,0,5,14.8255,6878.54
1773,0,0,5,14.8106,6798.81
862,0,0,5,14.7987,6734.85
850,0,0,5,14.7914,6688.34
849,0,0,5,14.7833,6638.15
1774,0,0,5,14.7801,6619.33
837,0,0,5,14.7694,6551.24
2010,0,0,5,14.7605,6501.79
836,0,0,5,14.7536,6454.03
827,0,0,5,14.7437,6397.3
826,0,0,5,14.7231,6284.92
815,0,0,5,14.7074,6197.43
2021,0,0,6,15.113,8346.56,0.076,331.489,0.27,7
951,0,0,6,15.0902,8233.1
949,0,0,6,15.0779,8170.85
2025,0,0,6,15.0744,8153.4
2024,0,0,6,15.0597,8074.06
1557,0,0,6,15.0451,7997.99
1299,0,0,6,15.026,7895.12
1300,0,0,6,15.0214,7871.58
1298,0,0,6,15.015,7837.88
2176,0,0,6,15.0085,7798.65
2066,0,0,6,14.9977,7730.83
1262,0,0,6,14.986,7668.45
1261,0,0,6,14.9765,7618.4
1846,0,0,6,14.9541,7496.97
1845,0,0,6,14.9471,7458.43
1280,0,0,6,14.934,7390.39
1317,0,0,7,15.3012,9275.63,0.0693333,302.411,0.21,8
2071,0,0,7,15.2885,9205.43
2165,0,0,7,15.2673,9092.61
1314,0,0,7,15.2492,8998.05
1309,0,0,7,15.2486,8995.18
1304,0,0,7,15.237,8930.54
952,0,0,7,15.2108,8789.96
2022,0,0,7,15.1992,8731.74
2021,0,0,7,15.189,8678.05
1414,0,0,8,15.5224,10375,0.0926667,404.184,0.21,9
1350,0,0,8,15.5079,10301.9
1351,0,0,8,15.5001,10261.8
1352,0,0,8,15.4839,10183.9
1358,0,0,8,15.4738,10131.7
1357,0,0,8,15.4627,10073.5
1356,0,0,8,15.4619,10069.8
2076,0,0,8,15.4559,10037.5
1355,0,0,8,15.4547,10030.8
1364,0,0,8,15.4546,10030.6
1361,0,0,8,15.4485,9996.18
1360,0,0,8,15.4299,9898.13
1370,0,0,8,15.4007,9745.5
1359,0,0,8,15.3998,9741.04
2071,0,0,8,15.3826,9645.64
1317,0,0,8,15.3705,9578.04
1206,0,0,9,15.7106,11291,0.0928333,404.911,0.1,10
2081,0,0,9,15.6948,11203.5
2080,0,0,9,15.681,11128.5
2079,0,0,9,15.6662,11054.4
1554,0,0,9,15.6582,11014.3
1416,0,0,9,15.6566,11006.4
1415,0,0,9,15.6423,10933.5
2097,0,0,9,15.6306,10872.3
2120,0,0,9,15.6271,10840.4
1414,0,0,9,15.615,10779.2
999,0,0,10,16.0956,13236.7,0,0,0
1002,0,0,10,16.0915,13208.6
1031,0,0,10,16.0769,13136.4
2031,0,0,10,16.0696,13099.4
2032,0,0,10,16.0692,13097.6
1034,0,0,10,16.0545,13023.4
1037,0,0,10,16.0464,12980.2
1039,0,0,10,16.0383,12938.6
1041,0,0,10,16.0292,12892.7
2030,0,0,10,16.023,12861.8
2158,0,0,10,16.0202,12846.7
2029,0,0,10,16.009,12788.9
1043,0,0,10,16.0089,12788.5
1044,0,0,10,16.0037,12762.1
1046,0,0,10,15.9975,12727.6
1060,0,0,10,15.9806,12640.5
1061,0,0,10,15.9735,12605
1063,0,0,10,15.9705,12588.9
1083,0,0,10,15.9578,12517.8
1105,0,0,10,15.945,12449.6
1104,0,0,10,15.9272,12356.3
1183,0,0,10,15.9247,12339.8
1184,0,0,10,15.9193,12311.1
1663,0,0,10,15.9092,12259.7
1189,0,0,10,15.9028,12225.1
1194,0,0,10,15.889,12147.6
1196,0,0,10,15.8887,12146
1550,0,0,10,15.882,12107.6
1552,0,0,10,15.8778,12085.9
2059,0,0,10,15.8699,12046.3
1202,0,0,10,15.8526,11955
2096,0,0,10,15.8204,11789.6
1654,0,0,10,15.8087,11725.8
1653,0,0,10,15.8066,11713.5
1206,0,0,10,15.8034,11695.9
1800,1,0,0,13.3616,951.622,0.0345,150.479,0.15,1
552,1,0,0,13.3525,905.718
603,1,0,0,13.3189,740.761
604,1,0,0,13.3139,714.369
596,1,0,0,13.3137,713.397
580,1,0,0,13.3022,649.074
574,1,0,0,13.2816,541.537
573,1,0,0,13.2725,489.448
564,1,0,0,13.2652,450.205
557,1,0,0,13.2593,417.124
561,1,0,0,13.2526,370.589
628,1,0,0,13.2483,345.216
615,1,0,0,13.2435,317.236
617,1,0,0,13.24,299.689
616,1,0,0,13.2324,261.472
676,1,0,0,13.2262,230.409
674,1,0,0,13.2158,178.918
675,1,0,0,13.2092,145.841
962,1,0,0,13.1988,96.4787
961,1,0,0,13.1933,67.3447
999,1,0,0,13.18,0
449,1,0,1,13.5252,1836.91,0.0431667,188.28,0.11,2
457,1,0,1,13.5138,1774.85
456,1,0,1,13.5088,1745.81
458,1,0,1,13.4996,1684.9
459,1,0,1,13.4929,1639.55
1543,1,0,1,13.4844,1577.74
715,1,0,1,13.4793,1533.9
716,1,0,1,13.4661,1459.54
722,1,0,1,13.4655,1456.73
552,1,0,1,13.4044,1144.84
1800,1,0,1,13.3961,1102.1
362,1,0,2,13.6928,2765.87,0.0871667,380.195,0.02,3
363,1,0,2,13.6778,2683.42
367,1,0,2,13.6652,2614.55
368,1,0,2,13.6578,2579.99
451,1,0,2,13.6364,2462.69
1716,1,0,2,13.6339,2446.26
462,1,0,2,13.6267,2407.44
1990,1,0,2,13.6189,2354.4
452,1,0,2,13.615,2322.33
453,1,0,2,13.6042,2234.91
455,1,0,2,13.5929,2167.09
454,1,0,2,13.5897,2149.71
448,1,0,2,13.5833,2105.76
449,1,0,2,13.5684,2025.19
104,1,0,3,13.9879,4256.66,0.05,218.085,0.11,4
124,1,0,3,13.974,4184.1
1715,1,0,3,13.9448,4030.74
136,1,0,3,13.939,4000.98
139,1,0,3,13.9257,3929.79
140,1,0,3,13.9015,3801.85
360,1,0,3,13.8619,3588.7
361,1,0,3,13.8475,3511.32
367,1,0,3,13.8107,3310.48
363,1,0,3,13.7972,3238.05
362,1,0,3,13.78,3146.07
815,1,0,4,14.284,5877.95,0.0983333,428.9,0.22,5
816,1,0,4,14.276,5838.81
2151,1,0,4,14.2642,5775.14
819,1,0,4,14.2493,5695.04
811,1,0,4,14.2288,5579.3
805,1,0,4,14.225,5558.47
358,1,0,4,14.2119,5488.27
349,1,0,4,14.1956,5402.67
344,1,0,4,14.1822,5320.64
1819,1,0,4,14.1689,5227.18
335,1,0,4,14.1644,5198.89
2114,1,0,4,14.151,5126.29
329,1,0,4,14.1485,5111.26
1979,1,0,4,14.1419,5078.91
1978,1,0,4,14.1008,4849.46
107,1,0,4,14.0927,4795.71
1967,1,0,4,14.0897,4767.01
105,1,0,4,14.064,4617.12
124,1,0,4,14.051,4544.24
104,1,0,4,14.0379,4474.75
1280,1,0,5,14.5514,7249.01,0.0575,250.798,0.05,6
1845,1,0,5,14.5362,7172.45
1270,1,0,5,14.5327,7153.9
1269,1,0,5,14.5189,7084.46
1259,1,0,5,14.5005,6987.96
1773,1,0,5,14.4855,6908.23
862,1,0,5,14.4736,6844.27
850,1,0,5,14.4664,6797.76
849,1,0,5,14.4583,6747.58
1774,1,0,5,14.455,6728.75
837,1,0,5,14.4443,6660.66
2010,1,0,5,14.4355,6611.21
836,1,0,5,14.4285,6563.45
827,1,0,5,14.4186,6506.72
826,1,0,5,14.398,6394.34
815,1,0,5,14.3823,6306.85
2021,1,0,6,14.7879,8455.98,0.0923333,402.73,0.26,7
951,1,0,6,14.7652,8342.52
949,1,0,6,14.7528,8280.27
2025,1,0,6,14.7494,8262.82
2024,1,0,6,14.7346,8183.48
1557,1,0,6,14.7201,8107.41
1299,1,0,6,14.701,8004.54
1300,1,0,6,14.6964,7981
1298,1,0,6,14.69,7947.3
2176,1,0,6,14.6834,7908.07
2066,1,0,6,14.6726,7840.25
1262,1,0,6,14.6609,7777.87
1261,1,0,6,14.6515,7727.82
1846,1,0,6,14.629,7606.39
1845,1,0,6,14.6221,7567.85
1280,1,0,6,14.6089,7499.81
1317,1,0,7,15.0067,9516.53,0.0693333,302.411,0.21,8
2071,1,0,7,14.9941,9446.63
2165,1,0,7,14.9716,9328.52
1314,1,0,7,14.9526,9230
1309,1,0,7,14.952,9227.12
1304,1,0,7,14.9377,9150.99
952,1,0,7,14.9064,8988.36
2022,1,0,7,14.8948,8930.14
2021,1,0,7,14.8803,8858.71
1414,1,0,8,15.2279,10615.9,0.0926667,404.184,0.21,9
1350,1,0,8,15.2134,10542.8
1351,1,0,8,15.2056,10502.7
1352,1,0,8,15.1894,10424.8
1358,1,0,8,15.1793,10372.6
1357,1,0,8,15.1681,10314.4
1356,1,0,8,15.1674,10310.7
2076,1,0,8,15.1614,10278.4
1355,1,0,8,15.1602,10271.7
1364,1,0,8,15.1601,10271.5
1361,1,0,8,15.154,10237.1
1360,1,0,8,15.1354,10139
1370,1,0,8,15.1062,9986.4
1359,1,0,8,15.1053,9981.94
2071,1,0,8,15.0881,9886.54
1317,1,0,8,15.076,9818.94
1206,1,0,9,15.416,11531.9,0.0928333,404.911,0.1,10
2081,1,0,9,15.4003,11444.4
2080,1,0,9,15.3865,11369.4
2079,1,0,9,15.3717,11295.3
1554,1,0,9,15.3636,11255.2
1416,1,0,9,15.3621,11247.3
1415,1,0,9,15.3478,11174.4
2097,1,0,9,15.3361,11113.2
2120,1,0,9,15.3326,11081.3
1414,1,0,9,15.3205,11020.1
999,1,0,10,15.8011,13477.6,0,0,0
1002,1,0,10,15.797,13449.5
1031,1,0,10,15.7824,13377.3
2031,1,0,10,15.7751,13340.3
2032,1,0,10,15.7747,13338.5
1034,1,0,10,15.76,13264.3
1037,1,0,10,15.7519,13221.1
1039,1,0,10,15.7438,13179.5
1041,1,0,10,15.7347,13133.6
2030,1,0,10,15.7285,13102.7
2158,1,0,10,15.7257,13087.6
2029,1,0,10,15.7145,13029.8
1043,1,0,10,15.7144,13029.3
1044,1,0,10,15.7092,13003
1046,1,0,10,15.7029,12968.5
1060,1,0,10,15.6861,12881.4
1061,1,0,10,15.679,12845.9
1063,1,0,10,15.676,12829.8
1083,1,0,10,15.6633,12758.7
1105,1,0,10,15.6505,12690.5
1104,1,0,10,15.6327,12597.2
1183,1,0,10,15.6302,12580.7
1184,1,0,10,15.6247,12552
1663,1,0,10,15.6147,12500.6
1189,1,0,10,15.6083,12466
1194,1,0,10,15.5945,12388.5
1196,1,0,10,15.5942,12386.9
1550,1,0,10,15.5875,12348.5
1552,1,0,10,15.5833,12326.8
2059,1,0,10,15.5754,12287.2
1202,1,0,10,15.5581,12195.9
2096,1,0,10,15.5259,12030.5
1654,1,0,10,15.5142,11966.7
1653,1,0,10,15.5121,11954.4
1206,1,0,10,15.5089,11936.8
1800,2,0,0,14.3135,1007.05,0.0793333,346.028,0.17,1
552,2,0,0,14.2992,939.646
603,2,0,0,14.2676,783.092
604,2,0,0,14.2628,757.682
596,2,0,0,14.2627,756.71
580,2,0,0,14.2484,680.504
574,2,0,0,14.227,569.599
573,2,0,0,14.2173,515.193
564,2,0,0,14.2105,477.803
557,2,0,0,14.2045,444.257
561,2,0,0,14.1984,397.895
628,2,0,0,14.1948,373.421
615,2,0,0,14.1905,346.226
617,2,0,0,14.1871,328.679
616,2,0,0,14.1804,294.749
676,2,0,0,14.1743,263.686
674,2,0,0,14.1593,194.033
675,2,0,0,14.1528,160.956
962,2,0,0,14.1441,118.866
961,2,0,0,14.1368,81.8149
999,2,0,0,14.12,0
449,2,0,1,14.5266,2106.84,0.0403333,175.922,0.13,2
457,2,0,1,14.5124,2032.64
456,2,0,1,14.5069,2002.26
458,2,0,1,14.4947,1934.36
459,2,0,1,14.4891,1889.14
1543,2,0,1,14.4801,1827.13
715,2,0,1,14.4754,1782.65
716,2,0,1,14.4603,1700.04
722,2,0,1,14.4597,1697.23
552,2,0,1,14.4011,1395.81
1800,2,0,1,14.3928,1353.07
362,2,0,2,14.6914,3025.49,0.0438333,191.188,0.02,3
363,2,0,2,14.6751,2937.28
440,2,0,2,14.6473,2796.51
451,2,0,2,14.6308,2710.31
1716,2,0,2,14.6283,2693.89
462,2,0,2,14.6192,2646.81
1990,2,0,2,14.6121,2594.12
452,2,0,2,14.6082,2562.06
453,2,0,2,14.597,2474.83
455,2,0,2,14.5886,2409.34
454,2,0,2,14.586,2394.7
448,2,0,2,14.5787,2349.78
449,2,0,2,14.567,2282.76
104,2,0,3,14.9407,4315.99,0.0708333,308.954,0.11,4
124,2,0,3,14.9263,4241.12
1715,2,0,3,14.8904,4059.81
136,2,0,3,14.8852,4032.13
139,2,0,3,14.8721,3962.51
140,2,0,3,14.8513,3848.86
360,2,0,3,14.8126,3639.25
361,2,0,3,14.8001,3570.39
367,2,0,3,14.7663,3382.58
363,2,0,3,14.751,3302.35
362,2,0,3,14.7352,3216.67
815,2,0,4,15.2507,5990.4,0.0461667,201.365,0.21,5
816,2,0,4,15.2386,5934.55
817,2,0,4,15.2285,5880.18
803,2,0,4,15.2099,5773.61
354,2,0,4,15.2098,5773.24
357,2,0,4,15.2005,5720.98
358,2,0,4,15.187,5647.19
349,2,0,4,15.1701,5558.8
344,2,0,4,15.1573,5477.54
1819,2,0,4,15.1447,5384.31
335,2,0,4,15.1395,5354.95
2114,2,0,4,15.1257,5280.65
329,2,0,4,15.1231,5265.38
1979,2,0,4,15.1166,5233.33
1978,2,0,4,15.0774,5012.44
107,2,0,4,15.069,4958.37
1967,2,0,4,15.066,4929.66
105,2,0,4,15.0405,4780.24
124,2,0,4,15.0241,4692.01
104,2,0,4,15.0115,4624.94
1280,2,0,5,15.4599,7109.96,0.111167,484.876,0.06,6
1845,2,0,5,15.4466,7041.64
1270,2,0,5,15.4425,7020.42
1269,2,0,5,15.4305,6958.45
1259,2,0,5,15.4131,6866.32
1773,2,0,5,15.3965,6779.53
862,2,0,5,15.3854,6719.03
850,2,0,5,15.3771,6671.01
849,2,0,5,15.3692,6621.04
1774,2,0,5,15.366,6602.3
837,2,0,5,15.3552,6534.11
2010,2,0,5,15.3479,6488.01
836,2,0,5,15.3408,6440.19
827,2,0,5,15.3315,6384.47
826,2,0,5,15.3117,6275.57
815,2,0,5,15.2969,6191.77
1414,2,0,6,15.8596,9188,0.0926667,404.184,0.21,7
1350,2,0,6,15.8444,9111.74
1351,2,0,6,15.8367,9072.12
1352,2,0,6,15.8241,9008.89
1358,2,0,6,15.8144,8958.43
1357,2,0,6,15.8032,8900.26
1356,2,0,6,15.8025,8896.54
2076,2,0,6,15.7965,8864.23
1355,2,0,6,15.7953,8857.57
1364,2,0,6,15.7952,8857.36
1361,2,0,6,15.7891,8822.9
1354,2,0,6,15.789,8822.71
2188,2,0,6,15.7813,8783.43
2075,2,0,6,15.759,8669.64
1822,2,0,6,15.7582,8665.65
1353,2,0,6,15.7501,8624.01
2118,2,0,6,15.7285,8507.34
2117,2,0,6,15.726,8482.71
2164,2,0,6,15.7077,8368.3
1306,2,0,6,15.6828,8207.63
1599,2,0,6,15.6669,8118.62
1300,2,0,6,15.6624,8091.93
1298,2,0,6,15.6576,8065.18
2176,2,0,6,15.6511,8025.98
2066,2,0,6,15.6408,7958.78
1262,2,0,6,15.6294,7897.86
1261,2,0,6,15.6207,7850.75
1846,2,0,6,15.5887,7688.82
1281,2,0,6,15.5818,7651.97
1280,2,0,6,15.5711,7594.84
1206,2,0,7,16.0478,10104,0.0515,224.627,0.1,8
2081,2,0,7,16.0321,10016.5
2080,2,0,7,16.0182,9941.44
2079,2,0,7,16.0035,9867.42
1554,2,0,7,15.9954,9827.24
1416,2,0,7,15.9939,9819.42
1415,2,0,7,15.9795,9746.49
2097,2,0,7,15.9678,9685.28
2120,2,0,7,15.9643,9653.4
1414,2,0,7,15.9523,9592.18
1317,2,0,8,16.3669,11737,0.104167,454.344,0.13,9
2071,2,0,8,16.3541,11666.5
1359,2,0,8,16.3315,11547.9
1370,2,0,8,16.3306,11543.4
1360,2,0,8,16.3074,11416.6
1361,2,0,8,16.2927,11335.4
1354,2,0,8,16.2927,11335.2
1355,2,0,8,16.2867,11302.7
2076,2,0,8,16.2848,11293.5
1356,2,0,8,16.2773,11254.4
1357,2,0,8,16.2765,11250.7
1358,2,0,8,16.2634,11184.2
1352,2,0,8,16.2554,11141
1351,2,0,8,16.2451,11087.4
1350,2,0,8,16.2376,11048.8
1414,2,0,8,16.2248,10982.5
2120,2,0,8,16.214,10926.9
2097,2,0,8,16.2056,10882.6
1415,2,0,8,16.1925,10815.8
1416,2,0,8,16.1778,10740.9
1554,2,0,8,16.1762,10733.1
2079,2,0,8,16.1679,10692
2080,2,0,8,16.1526,10615.5
2081,2,0,8,16.1369,10532.7
1207,2,0,8,16.1178,10430.1
2061,2,0,8,16.1094,10383.3
1206,2,0,8,16.0993,10328.6
2021,2,0,9,16.595,12841.1,0.07,305.319,0.28,10
1303,2,0,9,16.5677,12697.4
1307,2,0,9,16.5592,12650.5
1308,2,0,9,16.545,12578.2
1309,2,0,9,16.528,12490.3
1314,2,0,9,16.5274,12487.4
2165,2,0,9,16.5045,12372.5
2071,2,0,9,16.4845,12265.1
1317,2,0,9,16.471,12191.3
999,2,0,10,16.8614,14156.9,0,0,0
1002,2,0,10,16.856,14126.5
1024,2,0,10,16.8355,14022.4
1029,2,0,10,16.83,13995.1
1027,2,0,10,16.8179,13934.9
1051,2,0,10,16.8048,13868.3
1052,2,0,10,16.797,13828.9
1804,2,0,10,16.7965,13826.8
2015,2,0,10,16.7853,13770.6
2014,2,0,10,16.7773,13730
2017,2,0,10,16.7761,13724.3
2170,2,0,10,16.7734,13710.2
1738,2,0,10,16.7588,13635.1
1737,2,0,10,16.7533,13606.2
936,2,0,10,16.7412,13540.6
933,2,0,10,16.7406,13537.7
934,2,0,10,16.7351,13500
943,2,0,10,16.7211,13430.3
942,2,0,10,16.7132,13389
941,2,0,10,16.7018,13331.3
1790,2,0,10,16.6868,13255.2
2022,2,0,10,16.6763,13204.3
2021,2,0,10,16.665,13146.4
1800,3,0,0,14.1116,951.622,0.0793333,346.028,0.17,1
552,3,0,0,14.1025,905.718
603,3,0,0,14.0689,740.761
604,3,0,0,14.0639,714.369
596,3,0,0,14.0637,713.397
580,3,0,0,14.0522,649.074
574,3,0,0,14.0316,541.537
573,3,0,0,14.0225,489.448
564,3,0,0,14.0152,450.205
557,3,0,0,14.0093,417.124
561,3,0,0,14.0026,370.589
628,3,0,0,13.9983,345.216
615,3,0,0,13.9935,317.236
617,3,0,0,13.99,299.689
616,3,0,0,13.9824,261.472
676,3,0,0,13.9762,230.409
674,3,0,0,13.9658,178.918
675,3,0,0,13.9592,145.841
962,3,0,0,13.9488,96.4787
961,3,0,0,13.9433,67.3447
999,3,0,0,13.93,0
449,3,0,1,14.3247,2051.42,0.0403333,175.922,0.13,2
457,3,0,1,14.3105,1977.21
456,3,0,1,14.305,1946.83
458,3,0,1,14.2928,1878.94
459,3,0,1,14.2872,1833.72
1543,3,0,1,14.2782,1771.71
715,3,0,1,14.2735,1727.23
716,3,0,1,14.2584,1644.62
722,3,0,1,14.2578,1641.8
552,3,0,1,14.1992,1340.39
1800,3,0,1,14.1909,1297.65
362,3,0,2,14.4895,2970.06,0.0438333,191.188,0.02,3
363,3,0,2,14.4732,2881.86
440,3,0,2,14.4454,2741.08
451,3,0,2,14.4289,2654.89
1716,3,0,2,14.4264,2638.46
462,3,0,2,14.4173,2591.39
1990,3,0,2,14.4102,2538.7
452,3,0,2,14.4063,2506.63
453,3,0,2,14.3951,2419.41
455,3,0,2,14.3867,2353.92
454,3,0,2,14.3841,2339.28
448,3,0,2,14.3768,2294.35
449,3,0,2,14.3651,2227.34
104,3,0,3,14.7388,4260.56,0.0708333,308.954,0.11,4
124,3,0,3,14.7244,4185.7
1715,3,0,3,14.6885,4004.39
136,3,0,3,14.6833,3976.71
139,3,0,3,14.6702,3907.09
140,3,0,3,14.6494,3793.44
360,3,0,3,14.6107,3583.83
361,3,0,3,14.5982,3514.96
367,3,0,3,14.5644,3327.16
363,3,0,3,14.5491,3246.93
362,3,0,3,14.5333,3161.25
815,3,0,4,15.0557,5972.72,0.0461667,201.365,0.21,5
816,3,0,4,15.0478,5933.57
2151,3,0,4,15.0359,5869.91
819,3,0,4,15.021,5789.81
811,3,0,4,15.0005,5674.07
805,3,0,4,14.9967,5653.24
358,3,0,4,14.9836,5583.04
349,3,0,4,14.9673,5497.44
344,3,0,4,14.9539,5415.41
1819,3,0,4,14.9407,5321.95
335,3,0,4,14.9361,5293.66
2114,3,0,4,14.9227,5221.06
329,3,0,4,14.9202,5206.03
1979,3,0,4,14.9137,5173.68
1978,3,0,4,14.8725,4944.23
107,3,0,4,14.8644,4890.48
1967,3,0,4,14.8614,4861.77
105,3,0,4,14.8357,4711.89
124,3,0,4,14.8228,4639.01
104,3,0,4,14.8096,4569.52
1280,3,0,5,15.2649,7092.28,0.111167,484.876,0.06,6
1845,3,0,5,15.2516,7023.95
1270,3,0,5,15.2475,7002.74
1269,3,0,5,15.2355,6940.76
1259,3,0,5,15.2181,6848.64
1773,3,0,5,15.2015,6761.85
862,3,0,5,15.1904,6701.35
850,3,0,5,15.1821,6653.33
849,3,0,5,15.1742,6603.36
1774,3,0,5,15.171,6584.62
837,3,0,5,15.1602,6516.43
2010,3,0,5,15.1529,6470.33
836,3,0,5,15.1458,6422.51
827,3,0,5,15.1365,6366.79
826,3,0,5,15.1167,6257.89
815,3,0,5,15.1019,6174.09
2021,3,0,6,15.5582,8546.62,0.076,331.489,0.27,7
951,3,0,6,15.5384,8445.21
949,3,0,6,15.5272,8388.09
2025,3,0,6,15.5238,8370.63
2024,3,0,6,15.5075,8284.65
1557,3,0,6,15.4922,8205.47
1299,3,0,6,15.472,8097.79
1300,3,0,6,15.4674,8074.25
1298,3,0,6,15.4626,8047.49
2176,3,0,6,15.4561,8008.29
2066,3,0,6,15.4458,7941.1
1262,3,0,6,15.4344,7880.18
1261,3,0,6,15.4257,7833.07
1846,3,0,6,15.3937,7671.14
1281,3,0,6,15.3868,7634.29
1280,3,0,6,15.3761,7577.15
1414,3,0,7,15.8506,10025.7,0.0926667,404.184,0.21,8
1350,3,0,7,15.8362,9952.55
1351,3,0,7,15.8284,9912.46
1352,3,0,7,15.8122,9834.58
1358,3,0,7,15.8021,9782.38
1357,3,0,7,15.7909,9724.21
1356,3,0,7,15.7902,9720.49
2076,3,0,7,15.7842,9688.17
1355,3,0,7,15.783,9681.51
1364,3,0,7,15.7829,9681.3
1361,3,0,7,15.7768,9646.84
1354,3,0,7,15.7768,9646.65
2188,3,0,7,15.769,9607.38
2075,3,0,7,15.7467,9493.59
1822,3,0,7,15.7459,9489.59
1353,3,0,7,15.7378,9447.96
2118,3,0,7,15.7162,9331.29
2117,3,0,7,15.7137,9306.66
2164,3,0,7,15.6954,9192.25
1307,3,0,7,15.6815,9116.93
1303,3,0,7,15.6667,9043.3
2021,3,0,7,15.6342,8878.1
1206,3,0,8,16.0388,10941.7,0.0515,224.627,0.1,9
2081,3,0,8,16.0231,10854.2
2080,3,0,8,16.0093,10779.1
2079,3,0,8,15.9945,10705.1
1554,3,0,8,15.9864,10664.9
1416,3,0,8,15.9849,10657.1
1415,3,0,8,15.9706,10584.2
2097,3,0,8,15.9588,10523
2120,3,0,8,15.9554,10491.1
1414,3,0,8,15.9433,10429.9
1317,3,0,9,16.3579,12574.6,0.104167,454.344,0.13,10
2071,3,0,9,16.3452,12504.1
1359,3,0,9,16.3226,12385.6
1370,3,0,9,16.3216,12381.1
1360,3,0,9,16.2985,12254.3
1361,3,0,9,16.2838,12173
1354,3,0,9,16.2837,12172.9
1355,3,0,9,16.2777,12140.3
2076,3,0,9,16.2759,12131.2
1356,3,0,9,16.2683,12092.1
1357,3,0,9,16.2675,12088.3
1358,3,0,9,16.2544,12021.9
1352,3,0,9,16.2464,11978.6
1351,3,0,9,16.2361,11925.1
1350,3,0,9,16.2286,11886.4
1414,3,0,9,16.2158,11820.1
2120,3,0,9,16.2051,11764.6
2097,3,0,9,16.1966,11720.3
1415,3,0,9,16.1836,11653.5
1416,3,0,9,16.1688,11578.6
1554,3,0,9,16.1672,11570.8
2079,3,0,9,16.1589,11529.6
2080,3,0,9,16.1436,11453.2
2081,3,0,9,16.1279,11370.4
1207,3,0,9,16.1088,11267.8
2061,3,0,9,16.1004,11221
1206,3,0,9,16.0903,11166.3
999,3,0,10,16.69,14223.4,0,0,0
1002,3,0,10,16.6846,14193
1031,3,0,10,16.6729,14132.8
2031,3,0,10,16.6656,14095.8
2032,3,0,10,16.6652,14094
1053,3,0,10,16.6573,14054.8
1784,3,0,10,16.6542,14038.3
1066,3,0,10,16.6449,13991.1
2034,3,0,10,16.6279,13901.5
1850,3,0,10,16.6187,13854.5
2035,3,0,10,16.6105,13810.9
1106,3,0,10,16.5986,13746.6
2039,3,0,10,16.5862,13682.8
2106,3,0,10,16.5706,13598.2
2050,3,0,10,16.5614,13554.2
2051,3,0,10,16.55,13494
1333,3,0,10,16.5261,13368.2
1315,3,0,10,16.513,13300.8
2165,3,0,10,16.4955,13210.2
2071,3,0,10,16.4756,13102.8
1317,3,0,10,16.4621,13029
1800,4,0,0,13.7716,951.622,0.0345,150.479,0.15,1
552,4,0,0,13.7625,905.718
603,4,0,0,13.7289,740.761
604,4,0,0,13.7239,714.369
596,4,0,0,13.7237,713.397
580,4,0,0,13.7122,649.074
574,4,0,0,13.6916,541.537
573,4,0,0,13.6825,489.448
564,4,0,0,13.6752,450.205
557,4,0,0,13.6693,417.124
561,4,0,0,13.6626,370.589
628,4,0,0,13.6583,345.216
615,4,0,0,13.6535,317.236
617,4,0,0,13.65,299.689
616,4,0,0,13.6424,261.472
676,4,0,0,13.6362,230.409
674,4,0,0,13.6258,178.918
675,4,0,0,13.6192,145.841
962,4,0,0,13.6088,96.4787
961,4,0,0,13.6033,67.3447
999,4,0,0,13.59,0
449,4,0,1,13.9352,1836.91,0.0431667,188.28,0.11,2
457,4,0,1,13.9237,1774.85
456,4,0,1,13.9188,1745.81
458,4,0,1,13.9096,1684.9
459,4,0,1,13.9029,1639.55
1543,4,0,1,13.8944,1577.74
715,4,0,1,13.8893,1533.9
716,4,0,1,13.8761,1459.54
722,4,0,1,13.8755,1456.73
552,4,0,1,13.8144,1144.84
1800,4,0,1,13.8061,1102.1
362,4,0,2,14.1028,2765.87,0.0438333,191.188,0.02,3
363,4,0,2,14.0878,2683.42
367,4,0,2,14.0752,2614.55
368,4,0,2,14.0678,2579.99
451,4,0,2,14.0464,2462.69
1716,4,0,2,14.0439,2446.26
462,4,0,2,14.0367,2407.44
1990,4,0,2,14.0289,2354.4
452,4,0,2,14.025,2322.33
453,4,0,2,14.0142,2234.91
455,4,0,2,14.0029,2167.09
454,4,0,2,13.9997,2149.71
448,4,0,2,13.9933,2105.76
449,4,0,2,13.9784,2025.19
104,4,0,3,14.3521,4056.37,0.0708333,308.954,0.11,4
124,4,0,3,14.3377,3981.51
1715,4,0,3,14.3018,3800.2
136,4,0,3,14.2966,3772.52
139,4,0,3,14.2836,3702.9
140,4,0,3,14.2627,3589.25
360,4,0,3,14.224,3379.64
361,4,0,3,14.2115,3310.77
367,4,0,3,14.1777,3122.97
363,4,0,3,14.1624,3042.74
362,4,0,3,14.1467,2957.06
815,4,0,4,14.669,5768.53,0.0983333,428.9,0.22,5
816,4,0,4,14.6611,5729.39
2151,4,0,4,14.6492,5665.72
819,4,0,4,14.6344,5585.62
811,4,0,4,14.6138,5469.88
805,4,0,4,14.61,5449.05
358,4,0,4,14.5969,5378.85
349,4,0,4,14.5807,5293.25
344,4,0,4,14.5673,5211.22
1819,4,0,4,14.554,5117.76
335,4,0,4,14.5495,5089.47
2114,4,0,4,14.536,5016.87
329,4,0,4,14.5335,5001.84
1979,4,0,4,14.527,4969.49
1978,4,0,4,14.4858,4740.04
107,4,0,4,14.4777,4686.29
1967,4,0,4,14.4747,4657.59
105,4,0,4,14.449,4507.7
124,4,0,4,14.4361,4434.82
104,4,0,4,14.4229,4365.33
1280,4,0,5,14.9365,7139.59,0.0575,250.798,0.05,6
1845,4,0,5,14.9213,7063.03
1270,4,0,5,14.9177,7044.48
1269,4,0,5,14.9039,6975.04
1259,4,0,5,14.8855,6878.54
1773,4,0,5,14.8706,6798.81
862,4,0,5,14.8587,6734.85
850,4,0,5,14.8514,6688.34
849,4,0,5,14.8433,6638.15
1774,4,0,5,14.8401,6619.33
837,4,0,5,14.8294,6551.24
2010,4,0,5,14.8205,6501.79
836,4,0,5,14.8136,6454.03
827,4,0,5,14.8037,6397.3
826,4,0,5,14.7831,6284.92
815,4,0,5,14.7674,6197.43
2021,4,0,6,15.173,8346.56,0.076,331.489,0.27,7
951,4,0,6,15.1502,8233.1
949,4,0,6,15.1379,8170.85
2025,4,0,6,15.1344,8153.4
2024,4,0,6,15.1197,8074.06
1557,4,0,6,15.1051,7997.99
1299,4,0,6,15.086,7895.12
1300,4,0,6,15.0814,7871.58
1298,4,0,6,15.075,7837.88
2176,4,0,6,15.0685,7798.65
2066,4,0,6,15.0577,7730.83
1262,4,0,6,15.046,7668.45
1261,4,0,6,15.0365,7618.4
1846,4,0,6,15.0141,7496.97
1845,4,0,6,15.0071,7458.43
1280,4,0,6,14.994,7390.39
1414,4,0,7,15.4654,9825.62,0.0926667,404.184,0.21,8
1350,4,0,7,15.451,9752.49
1351,4,0,7,15.4431,9712.4
1352,4,0,7,15.427,9634.52
1358,4,0,7,15.4169,9582.32
1357,4,0,7,15.4057,9524.15
1356,4,0,7,15.4049,9520.43
2076,4,0,7,15.399,9488.11
1355,4,0,7,15.3977,9481.45
1364,4,0,7,15.3977,9481.25
1361,4,0,7,15.3915,9446.78
1354,4,0,7,15.3915,9446.59
2188,4,0,7,15.3837,9407.32
2075,4,0,7,15.3614,9293.53
1822,4,0,7,15.3606,9289.54
1353,4,0,7,15.3526,9247.9
2118,4,0,7,15.331,9131.23
2117,4,0,7,15.3284,9106.6
2164,4,0,7,15.3101,8992.19
1307,4,0,7,15.2962,8916.87
1303,4,0,7,15.2814,8843.24
2021,4,0,7,15.249,8678.05
1206,4,0,8,15.6536,10741.6,0.0928333,404.911,0.1,9
2081,4,0,8,15.6379,10654.1
2080,4,0,8,15.624,10579.1
2079,4,0,8,15.6093,10505
1554,4,0,8,15.6012,10464.9
1416,4,0,8,15.5996,10457
1415,4,0,8,15.5853,10384.1
2097,4,0,8,15.5736,10322.9
2120,4,0,8,15.5701,10291
1414,4,0,8,15.5581,10229.8
1317,4,0,9,16.0196,12583.9,0.104167,454.344,0.13,10
2071,4,0,9,16.0096,12520.8
1359,4,0,9,15.9872,12403.3
1370,4,0,9,15.9863,12398.8
1360,4,0,9,15.9532,12229.4
1361,4,0,9,15.9385,12148.5
1354,4,0,9,15.9385,12148.3
1355,4,0,9,15.9323,12115.1
2076,4,0,9,15.9305,12105.9
1356,4,0,9,15.9235,12069.1
1357,4,0,9,15.9227,12065.4
1358,4,0,9,15.911,12005.2
1352,4,0,9,15.902,11957.5
1351,4,0,9,15.8882,11889.3
1350,4,0,9,15.881,11851.8
1414,4,0,9,15.8646,11770.6
2120,4,0,9,15.8541,11716
2097,4,0,9,15.845,11668.9
1415,4,0,9,15.8322,11603.3
1416,4,0,9,15.8164,11524.3
1554,4,0,9,15.8149,11516.5
2079,4,0,9,15.8084,11482.7
2080,4,0,9,15.7934,11407.8
2081,4,0,9,15.779,11330.5
1207,4,0,9,15.7636,11243.9
2061,4,0,9,15.7563,11200.6
1206,4,0,9,15.7464,11146.5
999,4,0,10,16.3517,14232.7,0,0,0
1002,4,0,10,16.3463,14202.3
1031,4,0,10,16.3346,14142.1
2031,4,0,10,16.3273,14105.1
2032,4,0,10,16.3269,14103.3
1053,4,0,10,16.319,14064.1
1784,4,0,10,16.3158,14047.6
1066,4,0,10,16.3066,14000.4
2034,4,0,10,16.2896,13910.8
1850,4,0,10,16.2804,13863.8
2035,4,0,10,16.2722,13820.2
1106,4,0,10,16.2603,13755.9
2039,4,0,10,16.2478,13692.1
2106,4,0,10,16.2323,13607.5
2050,4,0,10,16.2231,13563.5
2051,4,0,10,16.2116,13503.3
1333,4,0,10,16.1878,13377.5
1315,4,0,10,16.1747,13310.1
2165,4,0,10,16.1572,13219.5
2071,4,0,10,16.1373,13112.1
1317,4,0,10,16.1238,13038.3
1800,5,0,0,13.7016,951.622,0.0345,150.479,0.15,1
552,5,0,0,13.6925,905.718
603,5,0,0,13.6589,740.761
604,5,0,0,13.6539,714.369
596,5,0,0,13.6537,713.397
580,5,0,0,13.6422,649.074
574,5,0,0,13.6216,541.537
573,5,0,0,13.6125,489.448
564,5,0,0,13.6052,450.205
557,5,0,0,13.5993,417.124
561,5,0,0,13.5926,370.589
628,5,0,0,13.5883,345.216
615,5,0,0,13.5835,317.236
617,5,0,0,13.58,299.689
616,5,0,0,13.5724,261.472
676,5,0,0,13.5662,230.409
674,5,0,0,13.5558,178.918
675,5,0,0,13.5492,145.841
962,5,0,0,13.5388,96.4787
961,5,0,0,13.5333,67.3447
999,5,0,0,13.52,0
449,5,0,1,13.8652,1836.91,0.0431667,188.28,0.11,2
457,5,0,1,13.8538,1774.85
456,5,0,1,13.8488,1745.81
458,5,0,1,13.8396,1684.9
459,5,0,1,13.8329,1639.55
1543,5,0,1,13.8244,1577.74
715,5,0,1,13.8193,1533.9
716,5,0,1,13.8061,1459.54
722,5,0,1,13.8055,1456.73
552,5,0,1,13.7444,1144.84
1800,5,0,1,13.7361,1102.1
362,5,0,2,14.0328,2765.87,0.0438333,191.188,0.02,3
363,5,0,2,14.0178,2683.42
367,5,0,2,14.0052,2614.55
368,5,0,2,13.9978,2579.99
451,5,0,2,13.9764,2462.69
1716,5,0,2,13.9739,2446.26
462,5,0,2,13.9667,2407.44
1990,5,0,2,13.9589,2354.4
452,5,0,2,13.955,2322.33
453,5,0,2,13.9442,2234.91
455,5,0,2,13.9329,2167.09
454,5,0,2,13.9297,2149.71
448,5,0,2,13.9233,2105.76
449,5,0,2,13.9084,2025.19
104,5,0,3,14.2821,4056.37,0.0708333,308.954,0.11,4
124,5,0,3,14.2677,3981.51
1715,5,0,3,14.2318,3800.2
136,5,0,3,14.2266,3772.52
139,5,0,3,14.2136,3702.9
140,5,0,3,14.1927,3589.25
360,5,0,3,14.154,3379.64
361,5,0,3,14.1415,3310.77
367,5,0,3,14.1077,3122.97
363,5,0,3,14.0924,3042.74
362,5,0,3,14.0767,2957.06
815,5,0,4,14.599,5768.53,0.0983333,428.9,0.22,5
816,5,0,4,14.5911,5729.39
2151,5,0,4,14.5792,5665.72
819,5,0,4,14.5644,5585.62
811,5,0,4,14.5438,5469.88
805,5,0,4,14.54,5449.05
358,5,0,4,14.5269,5378.85
349,5,0,4,14.5107,5293.25
344,5,0,4,14.4973,5211.22
1819,5,0,4,14.484,5117.76
335,5,0,4,14.4795,5089.47
2114,5,0,4,14.466,5016.87
329,5,0,4,14.4635,5001.84
1979,5,0,4,14.457,4969.49
1978,5,0,4,14.4158,4740.04
107,5,0,4,14.4077,4686.29
1967,5,0,4,14.4047,4657.59
105,5,0,4,14.379,4507.7
124,5,0,4,14.3661,4434.82
104,5,0,4,14.3529,4365.33
1280,5,0,5,14.8665,7139.59,0.0575,250.798,0.05,6
1845,5,0,5,14.8513,7063.03
1270,5,0,5,14.8477,7044.48
1269,5,0,5,14.8339,6975.04
1259,5,0,5,14.8155,6878.54
1773,5,0,5,14.8006,6798.81
862,5,0,5,14.7887,6734.85
850,5,0,5,14.7814,6688.34
849,5,0,5,14.7733,6638.15
1774,5,0,5,14.7701,6619.33
837,5,0,5,14.7594,6551.24
2010,5,0,5,14.7505,6501.79
836,5,0,5,14.7436,6454.03
827,5,0,5,14.7337,6397.3
826,5,0,5,14.7131,6284.92
815,5,0,5,14.6974,6197.43
2021,5,0,6,15.103,8346.56,0.076,331.489,0.27,7
951,5,0,6,15.0802,8233.1
949,5,0,6,15.0679,8170.85
2025,5,0,6,15.0644,8153.4
2024,5,0,6,15.0497,8074.06
1557,5,0,6,15.0351,7997.99
1299,5,0,6,15.016,7895.12
1300,5,0,6,15.0114,7871.58
1298,5,0,6,15.005,7837.88
2176,5,0,6,14.9985,7798.65
2066,5,0,6,14.9877,7730.83
1262,5,0,6,14.976,7668.45
1261,5,0,6,14.9665,7618.4
1846,5,0,6,14.9441,7496.97
1845,5,0,6,14.9371,7458.43
1280,5,0,6,14.924,7390.39
999,5,0,7,15.3714,9691.01,0,0,0
1002,5,0,7,15.3645,9654.18
1031,5,0,7,15.3502,9583.23
2031,5,0,7,15.3429,9546.23
2032,5,0,7,15.3425,9544.41
1053,5,0,7,15.3348,9505.95
2018,5,0,7,15.2963,9301.59
920,5,0,7,15.2929,9283
1085,5,0,7,15.2785,9201.62
937,5,0,7,15.2654,9128.88
936,5,0,7,15.2505,9053.12
933,5,0,7,15.25,9050.18
934,5,0,7,15.2444,9012.54
935,5,0,7,15.2439,9009.93
2020,5,0,7,15.2328,8952.95
943,5,0,7,15.232,8949.02
942,5,0,7,15.2241,8907.95
941,5,0,7,15.2126,8849.8
1790,5,0,7,15.1997,8782.63
2022,5,0,7,15.1892,8731.74
2021,5,0,7,15.179,8678.05
1206,5,1,0,15.6982,1274.9,0.0928333,404.911,0.1,1
1653,5,1,0,15.695,1257.33
2096,5,1,0,15.6866,1210.5
1202,5,1,0,15.6581,1060.83
2059,5,1,0,15.6405,968.507
1552,5,1,0,15.6331,930.8
2060,5,1,0,15.6313,921.439
1551,5,1,0,15.6306,917.264
1550,5,1,0,15.6298,913.48
1196,5,1,0,15.6235,870.183
1194,5,1,0,15.6232,868.635
1190,5,1,0,15.6129,804.163
1186,5,1,0,15.6006,740.147
1183,5,1,0,15.5872,672.715
1103,5,1,0,15.5764,615.126
1084,5,1,0,15.5668,558.621
1062,5,1,0,15.5498,458.188
2159,5,1,0,15.5496,457.186
1045,5,1,0,15.5489,454.036
1043,5,1,0,15.5458,438.079
2158,5,1,0,15.5391,404.11
2030,5,1,0,15.5352,384.274
1011,5,1,0,15.5351,383.45
1009,5,1,0,15.5312,361.416
1041,5,1,0,15.5311,360.726
1039,5,1,0,15.5236,321.56
1037,5,1,0,15.5146,276.701
1034,5,1,0,15.5048,226.091
2032,5,1,0,15.4893,148.497
2031,5,1,0,15.489,146.673
1031,5,1,0,15.4807,105.841
1002,5,1,0,15.4669,36.794
999,5,1,0,15.46,0
1414,5,1,1,15.9093,2303.91,0.0926667,404.184,0.21,2
2120,5,1,1,15.8987,2249.25
2097,5,1,1,15.8896,2202.21
1415,5,1,1,15.8769,2136.64
1416,5,1,1,15.8611,2057.58
1554,5,1,1,15.8595,2049.75
2079,5,1,1,15.853,2015.99
2080,5,1,1,15.838,1941.05
2081,5,1,1,15.8237,1863.79
1207,5,1,1,15.8083,1777.24
2061,5,1,1,15.801,1733.94
1206,5,1,1,15.7911,1679.81
1317,5,1,2,16.1424,3455.81,0.104167,454.344,0.13,3
2071,5,1,2,16.1303,3387.71
1359,5,1,2,16.1087,3273.52
1370,5,1,2,16.1077,3269.07
1360,5,1,2,16.0846,3142.23
1361,5,1,2,16.0699,3061.01
1354,5,1,2,16.0698,3060.82
1355,5,1,2,16.0638,3028.3
2076,5,1,2,16.062,3019.18
1356,5,1,2,16.0544,2980.01
1357,5,1,2,16.0537,2976.29
1358,5,1,2,16.0405,2909.88
1352,5,1,2,16.0325,2866.6
1351,5,1,2,16.0223,2813.05
1350,5,1,2,16.0147,2774.41
1414,5,1,2,16.0019,2708.09
999,5,1,3,16.4746,5104.59,0,0,0
1002,5,1,3,16.4691,5074.13
1031,5,1,3,16.4574,5013.93
2031,5,1,3,16.4501,4976.94
2032,5,1,3,16.4497,4975.12
1053,5,1,3,16.4418,4935.99
1784,5,1,3,16.4387,4919.43
1066,5,1,3,16.4295,4872.27
2034,5,1,3,16.4124,4782.65
1850,5,1,3,16.4032,4735.66
2035,5,1,3,16.3951,4692.03
1106,5,1,3,16.3831,4627.8
2039,5,1,3,16.3707,4563.98
2106,5,1,3,16.3552,4479.34
2050,5,1,3,16.346,4435.37
2051,5,1,3,16.3345,4375.11
1333,5,1,3,16.3106,4249.4
1315,5,1,3,16.2976,4181.95
2165,5,1,3,16.2801,4091.35
2071,5,1,3,16.2601,3983.94
1317,5,1,3,16.2466,3910.15
1800,6,0,0,13.2216,951.622,0.0345,150.479,0.15,1
552,6,0,0,13.2125,905.718
603,6,0,0,13.1789,740.761
604,6,0,0,13.1739,714.369
596,6,0,0,13.1737,713.397
580,6,0,0,13.1622,649.074
574,6,0,0,13.1416,541.537
573,6,0,0,13.1325,489.448
564,6,0,0,13.1252,450.205
557,6,0,0,13.1193,417.124
561,6,0,0,13.1126,370.589
628,6,0,0,13.1083,345.216
615,6,0,0,13.1035,317.236
617,6,0,0,13.1,299.689
616,6,0,0,13.0924,261.472
676,6,0,0,13.0862,230.409
674,6,0,0,13.0758,178.918
675,6,0,0,13.0692,145.841
962,6,0,0,13.0588,96.4787
961,6,0,0,13.0533,67.3447
999,6,0,0,13.04,0
449,6,0,1,13.3852,1836.91,0.0431667,188.28,0.11,2
457,6,0,1,13.3737,1774.85
456,6,0,1,13.3688,1745.81
458,6,0,1,13.3596,1684.9
459,6,0,1,13.3529,1639.55
1543,6,0,1,13.3444,1577.74
715,6,0,1,13.3393,1533.9
716,6,0,1,13.3261,1459.54
722,6,0,1,13.3255,1456.73
552,6,0,1,13.2644,1144.84
1800,6,0,1,13.2561,1102.1
362,6,0,2,13.5528,2765.87,0.0871667,380.195,0.02,3
363,6,0,2,13.5378,2683.42
367,6,0,2,13.5252,2614.55
368,6,0,2,13.5178,2579.99
451,6,0,2,13.4964,2462.69
1716,6,0,2,13.4939,2446.26
462,6,0,2,13.4867,2407.44
1990,6,0,2,13.4789,2354.4
452,6,0,2,13.475,2322.33
453,6,0,2,13.4642,2234.91
455,6,0,2,13.4529,2167.09
454,6,0,2,13.4497,2149.71
448,6,0,2,13.4433,2105.76
449,6,0,2,13.4284,2025.19
104,6,0,3,13.8479,4256.66,0.05,218.085,0.11,4
124,6,0,3,13.834,4184.1
1715,6,0,3,13.8048,4030.74
136,6,0,3,13.799,4000.98
139,6,0,3,13.7857,3929.79
140,6,0,3,13.7615,3801.85
360,6,0,3,13.7219,3588.7
361,6,0,3,13.7075,3511.32
367,6,0,3,13.6707,3310.48
363,6,0,3,13.6572,3238.05
362,6,0,3,13.64,3146.07
815,6,0,4,14.1403,5858.59,0.0983333,428.9,0.22,5
816,6,0,4,14.1311,5814.17
817,6,0,4,14.1232,5768.89
803,6,0,4,14.1035,5658.74
354,6,0,4,14.1035,5658.37
357,6,0,4,14.095,5608.76
358,6,0,4,14.0763,5512.49
349,6,0,4,14.06,5427.05
344,6,0,4,14.0472,5345.73
1819,6,0,4,14.035,5252.5
335,6,0,4,14.03,5223.65
2114,6,0,4,14.0144,5141.58
329,6,0,4,14.0118,5126.41
1979,6,0,4,14.005,5092.94
1978,6,0,4,13.9653,4869.99
107,6,0,4,13.9571,4816.05
1967,6,0,4,13.954,4787.35
105,6,0,4,13.9288,4638.28
124,6,0,4,13.9109,4543.77
104,6,0,4,13.8979,4474.75
1280,6,0,5,14.4077,7229.65,0.0575,250.798,0.05,6
1845,6,0,5,14.3925,7153.09
1270,6,0,5,14.389,7134.54
1269,6,0,5,14.3752,7065.1
1259,6,0,5,14.3568,6968.6
1773,6,0,5,14.3418,6888.87
862,6,0,5,14.3299,6824.91
850,6,0,5,14.3227,6778.4
849,6,0,5,14.3146,6728.21
1774,6,0,5,14.3113,6709.39
837,6,0,5,14.3006,6641.3
2010,6,0,5,14.2918,6591.85
836,6,0,5,14.2849,6544.09
827,6,0,5,14.2749,6487.36
826,6,0,5,14.2543,6374.98
815,6,0,5,14.2386,6287.49
2021,6,0,6,14.6442,8436.61,0.0923333,402.73,0.26,7
951,6,0,6,14.6215,8323.16
949,6,0,6,14.6091,8260.91
2025,6,0,6,14.6057,8243.45
2024,6,0,6,14.591,8164.12
1557,6,0,6,14.5764,8088.04
1299,6,0,6,14.5573,7985.18
1300,6,0,6,14.5527,7961.64
1298,6,0,6,14.5463,7927.94
2176,6,0,6,14.5397,7888.7
2066,6,0,6,14.5289,7820.89
1262,6,0,6,14.5172,7758.51
1261,6,0,6,14.5078,7708.46
1846,6,0,6,14.4854,7587.03
1845,6,0,6,14.4784,7548.49
1280,6,0,6,14.4652,7480.45
999,6,0,7,14.9393,9879.66,0,0,0
1002,6,0,7,14.9352,9851.59
1024,6,0,7,14.9141,9745.04
1029,6,0,7,14.9081,9715.65
1027,6,0,7,14.8953,9652.27
1051,6,0,7,14.8828,9588.93
1052,6,0,7,14.8752,9550.1
1804,6,0,7,14.8748,9547.99
2015,6,0,7,14.8636,9491.78
2014,6,0,7,14.8557,9452.14
2017,6,0,7,14.8546,9446.44
2170,6,0,7,14.8518,9432.25
1738,6,0,7,14.8351,9348.26
1737,6,0,7,14.8292,9317.73
936,6,0,7,14.8158,9246.6
933,6,0,7,14.8153,9243.66
934,6,0,7,14.8097,9206.02
935,6,0,7,14.8092,9203.41
2020,6,0,7,14.7981,9146.43
943,6,0,7,14.7973,9142.5
942,6,0,7,14.7899,9103.37
941,6,0,7,14.778,9043.81
1790,6,0,7,14.7616,8961.67
2022,6,0,7,14.7511,8910.78
2021,6,0,7,14.7366,8839.34
1206,6,1,0,15.7782,1274.9,0.0928333,404.911,0.1,1
1653,6,1,0,15.775,1257.33
2096,6,1,0,15.7666,1210.5
1202,6,1,0,15.7381,1060.83
2059,6,1,0,15.7205,968.507
1552,6,1,0,15.7131,930.8
2060,6,1,0,15.7113,921.439
1551,6,1,0,15.7106,917.264
1550,6,1,0,15.7098,913.48
1196,6,1,0,15.7035,870.183
1194,6,1,0,15.7032,868.635
1190,6,1,0,15.6929,804.163
1186,6,1,0,15.6806,740.147
1183,6,1,0,15.6672,672.715
1103,6,1,0,15.6564,615.126
1084,6,1,0,15.6468,558.621
1062,6,1,0,15.6298,458.188
2159,6,1,0,15.6296,457.186
1045,6,1,0,15.6289,454.036
1043,6,1,0,15.6258,438.079
2158,6,1,0,15.6191,404.11
2030,6,1,0,15.6152,384.274
1011,6,1,0,15.6151,383.45
1009,6,1,0,15.6112,361.416
1041,6,1,0,15.6111,360.726
1039,6,1,0,15.6036,321.56
1037,6,1,0,15.5946,276.701
1034,6,1,0,15.5848,226.091
2032,6,1,0,15.5693,148.497
2031,6,1,0,15.569,146.673
1031,6,1,0,15.5607,105.841
1002,6,1,0,15.5469,36.794
999,6,1,0,15.54,0
1414,6,1,1,15.9893,2303.91,0.0926667,404.184,0.21,2
2120,6,1,1,15.9787,2249.25
2097,6,1,1,15.9696,2202.21
1415,6,1,1,15.9569,2136.64
1416,6,1,1,15.9411,2057.58
1554,6,1,1,15.9395,2049.75
2079,6,1,1,15.933,2015.99
2080,6,1,1,15.918,1941.05
2081,6,1,1,15.9037,1863.79
1207,6,1,1,15.8883,1777.24
2061,6,1,1,15.881,1733.94
1206,6,1,1,15.8711,1679.81
1317,6,1,2,16.2224,3455.81,0.104167,454.344,0.13,3
2071,6,1,2,16.2103,3387.71
1359,6,1,2,16.1887,3273.52
1370,6,1,2,16.1877,3269.07
1360,6,1,2,16.1646,3142.23
1361,6,1,2,16.1499,3061.01
1354,6,1,2,16.1498,3060.82
1355,6,1,2,16.1438,3028.3
2076,6,1,2,16.142,3019.18
1356,6,1,2,16.1344,2980.01
1357,6,1,2,16.1337,2976.29
1358,6,1,2,16.1205,2909.88
1352,6,1,2,16.1125,2866.6
1351,6,1,2,16.1023,2813.05
1350,6,1,2,16.0947,2774.41
1414,6,1,2,16.0819,2708.09
999,6,1,3,16.5546,5104.59,0,0,0
1002,6,1,3,16.5491,5074.13
1031,6,1,3,16.5374,5013.93
2031,6,1,3,16.5301,4976.94
2032,6,1,3,16.5297,4975.12
1053,6,1,3,16.5218,4935.99
1784,6,1,3,16.5187,4919.43
1066,6,1,3,16.5095,4872.27
2034,6,1,3,16.4924,4782.65
1850,6,1,3,16.4832,4735.66
2035,6,1,3,16.4751,4692.03
1106,6,1,3,16.4631,4627.8
2039,6,1,3,16.4507,4563.98
2106,6,1,3,16.4352,4479.34
2050,6,1,3,16.426,4435.37
2051,6,1,3,16.4145,4375.11
1333,6,1,3,16.3906,4249.4
1315,6,1,3,16.3776,4181.95
2165,6,1,3,16.3601,4091.35
2071,6,1,3,16.3401,3983.94
1317,6,1,3,16.3266,3910.15
2021,7,0,0,13.4755,954.157,0.0418333,182.464,0.24,1
1791,7,0,0,13.4663,908.831
939,7,0,0,13.453,839.961
940,7,0,0,13.4484,808.109
930,7,0,0,13.4362,746.307
1555,7,0,0,13.4134,630.349
915,7,0,0,13.406,593.22
2016,7,0,0,13.3845,486.314
917,7,0,0,13.3837,482.499
916,7,0,0,13.3835,481.592
919,7,0,0,13.3778,442.508
2017,7,0,0,13.3777,442.335
2014,7,0,0,13.3767,437.314
2015,7,0,0,13.3686,396.599
910,7,0,0,13.3685,396.115
909,7,0,0,13.3602,353.969
1051,7,0,0,13.3503,303.813
1025,7,0,0,13.3381,242.513
1029,7,0,0,13.3242,173.157
1026,7,0,0,13.3137,121.112
998,7,0,0,13.3091,97.9808
999,7,0,0,13.29,0
1800,7,0,1,13.836,2880.35,0.0345,150.479,0.15,2
552,7,0,1,13.823,2818.02
603,7,0,1,13.7925,2666.11
604,7,0,1,13.7888,2645.77
596,7,0,1,13.7887,2644.8
580,7,0,1,13.7784,2584.17
574,7,0,1,13.7578,2476.61
573,7,0,1,13.7486,2424.52
564,7,0,1,13.7414,2385.28
557,7,0,1,13.7355,2352.2
561,7,0,1,13.7288,2305.66
628,7,0,1,13.7245,2280.29
609,7,0,1,13.7123,2204.49
423,7,0,1,13.7064,2148.17
419,7,0,1,13.7011,2113.33
420,7,0,1,13.6959,2078.38
421,7,0,1,13.6919,2051.6
417,7,0,1,13.6875,2027.12
1989,7,0,1,13.6709,1940.71
2011,7,0,1,13.6531,1847.52
2156,7,0,1,13.6479,1820.19
2013,7,0,1,13.6472,1817.04
886,7,0,1,13.6353,1758.86
888,7,0,1,13.6155,1652.75
903,7,0,1,13.6017,1582.87
904,7,0,1,13.5983,1564.49
925,7,0,1,13.5748,1436.59
2019,7,0,1,13.5694,1409.32
929,7,0,1,13.569,1407.34
938,7,0,1,13.557,1341.49
950,7,0,1,13.5435,1270.93
951,7,0,1,13.5365,1235.21
2021,7,0,1,13.5173,1136.62
449,7,0,2,13.9996,3765.64,0.0431667,188.28,0.11,3
457,7,0,2,13.9882,3703.58
456,7,0,2,13.9832,3674.54
458,7,0,2,13.974,3613.63
459,7,0,2,13.9673,3568.28
1543,7,0,2,13.9588,3506.47
715,7,0,2,13.9537,3462.63
716,7,0,2,13.9405,3388.27
722,7,0,2,13.9399,3385.45
552,7,0,2,13.8788,3073.57
1800,7,0,2,13.8705,3030.83
362,7,0,3,14.1672,4696.64,0.0438333,191.188,0.02,4
363,7,0,3,14.1509,4608.44
440,7,0,3,14.1231,4467.66
451,7,0,3,14.1065,4381.47
1716,7,0,3,14.1041,4365.04
462,7,0,3,14.095,4317.97
1990,7,0,3,14.0879,4265.28
452,7,0,3,14.084,4233.21
453,7,0,3,14.0728,4145.99
455,7,0,3,14.0643,4080.5
454,7,0,3,14.0618,4065.85
448,7,0,3,14.0545,4020.93
449,7,0,3,14.0428,3953.92
104,7,0,4,14.4165,5987.14,0.0708333,308.954,0.11,5
124,7,0,4,14.4021,5912.28
1715,7,0,4,14.3662,5730.97
136,7,0,4,14.3609,5703.29
139,7,0,4,14.3479,5633.67
140,7,0,4,14.3271,5520.02
360,7,0,4,14.2884,5310.41
361,7,0,4,14.2759,5241.54
367,7,0,4,14.2421,5053.74
363,7,0,4,14.2268,4973.51
362,7,0,4,14.211,4887.83
1280,7,0,5,14.8444,8257.69,0.0575,250.798,0.05,6
1845,7,0,5,14.8294,8181.85
1270,7,0,5,14.8246,8158.32
1271,7,0,5,14.8128,8098.64
868,7,0,5,14.7981,8016.56
869,7,0,5,14.7788,7911.09
1856,7,0,5,14.759,7815.6
855,7,0,5,14.7588,7814.88
843,7,0,5,14.7452,7735.83
832,7,0,5,14.734,7672.15
831,7,0,5,14.7275,7637.14
2153,7,0,5,14.7274,7637.06
821,7,0,5,14.7136,7568.19
2008,7,0,5,14.7051,7525.4
812,7,0,5,14.6873,7428.39
807,7,0,5,14.6872,7427.6
356,7,0,5,14.6745,7357.84
1981,7,0,5,14.6622,7274.33
345,7,0,5,14.6427,7173.48
341,7,0,5,14.6299,7109.06
2132,7,0,5,14.6297,7107
328,7,0,5,14.6129,7011.32
2115,7,0,5,14.6017,6952.91
329,7,0,5,14.5979,6932.61
1979,7,0,5,14.5913,6900.26
1978,7,0,5,14.5502,6670.81
107,7,0,5,14.5421,6617.06
1967,7,0,5,14.5391,6588.35
105,7,0,5,14.5134,6438.47
124,7,0,5,14.5004,6365.59
104,7,0,5,14.4873,6296.09
815,7,0,6,15.0749,9491.84,0.0461667,201.365,0.21,7
816,7,0,6,15.0669,9452.69
2151,7,0,6,15.0551,9389.03
819,7,0,6,15.0402,9308.93
2009,7,0,6,15.0333,9261.54
2010,7,0,6,15.0172,9160.29
837,7,0,6,15.0094,9113.55
1774,7,0,6,14.9979,9044.22
849,7,0,6,14.9943,9024.31
850,7,0,6,14.9883,8975.2
862,7,0,6,14.9834,8928.2
1773,7,0,6,14.9727,8869.53
1259,7,0,6,14.9592,8796.17
1269,7,0,6,14.9379,8687.4
1270,7,0,6,14.9208,8604.12
1845,7,0,6,14.9151,8576.53
1280,7,0,6,14.9019,8508.49
1414,7,0,7,15.4551,11643.1,0.0926667,404.184,0.21,8
1350,7,0,7,15.4399,11566.8
1351,7,0,7,15.4322,11527.2
1352,7,0,7,15.4196,11464
1358,7,0,7,15.4107,11416.9
1357,7,0,7,15.4001,11361.1
1356,7,0,7,15.3993,11357.4
2076,7,0,7,15.3928,11322.8
1355,7,0,7,15.3916,11316.4
1364,7,0,7,15.3916,11316.2
1361,7,0,7,15.3853,11281.1
1354,7,0,7,15.3853,11280.9
2188,7,0,7,15.3785,11245.7
2075,7,0,7,15.3565,11133.4
1822,7,0,7,15.3557,11129.4
1353,7,0,7,15.3477,11087.7
2118,7,0,7,15.3261,10971.1
2117,7,0,7,15.3235,10946.4
2164,7,0,7,15.3052,10832
1306,7,0,7,15.2803,10671.3
1599,7,0,7,15.2645,10582.3
1300,7,0,7,15.2599,10555.7
1298,7,0,7,15.2551,10528.9
2176,7,0,7,15.2486,10489.7
2066,7,0,7,15.2383,10422.5
869,7,0,7,15.2288,10347.6
865,7,0,7,15.2138,10257
852,7,0,7,15.2073,10215.5
850,7,0,7,15.2013,10172.4
849,7,0,7,15.1933,10122.5
1774,7,0,7,15.1901,10103.7
837,7,0,7,15.1794,10035.5
2010,7,0,7,15.1721,9989.45
836,7,0,7,15.165,9941.62
827,7,0,7,15.1557,9885.91
826,7,0,7,15.1359,9777
815,7,0,7,15.1211,9693.2
1206,7,0,8,15.6433,12559.1,0.0928333,404.911,0.1,9
2081,7,0,8,15.6276,12471.6
2080,7,0,8,15.6137,12396.5
2079,7,0,8,15.599,12322.5
1554,7,0,8,15.5909,12282.3
1416,7,0,8,15.5893,12274.5
1415,7,0,8,15.575,12201.6
2097,7,0,8,15.5633,12140.4
2120,7,0,8,15.5598,12108.5
1414,7,0,8,15.5478,12047.3
1317,7,0,9,16.0093,14401.4,0.104167,454.344,0.13,10
2071,7,0,9,15.9993,14338.3
1359,7,0,9,15.977,14220.8
1370,7,0,9,15.976,14216.3
1360,7,0,9,15.9429,14046.9
1361,7,0,9,15.9282,13966
1354,7,0,9,15.9282,13965.8
1355,7,0,9,15.922,13932.5
2076,7,0,9,15.9202,13923.4
1356,7,0,9,15.9132,13886.6
1357,7,0,9,15.9124,13882.9
1358,7,0,9,15.9007,13822.7
1352,7,0,9,15.8917,13775
1351,7,0,9,15.8779,13706.8
1350,7,0,9,15.8707,13669.3
1414,7,0,9,15.8543,13588.1
2120,7,0,9,15.8438,13533.4
2097,7,0,9,15.8347,13486.4
1415,7,0,9,15.8219,13420.8
1416,7,0,9,15.8062,13341.8
1554,7,0,9,15.8046,13333.9
2079,7,0,9,15.7981,13300.2
2080,7,0,9,15.7831,13225.2
2081,7,0,9,15.7687,13148
1207,7,0,9,15.7533,13061.4
2061,7,0,9,15.746,13018.1
1206,7,0,9,15.7361,12964
999,7,0,10,16.3414,16050.2,0,0,0
1002,7,0,10,16.336,16019.7
1031,7,0,10,16.3243,15959.6
2031,7,0,10,16.317,15922.6
2032,7,0,10,16.3166,15920.7
1053,7,0,10,16.3087,15881.6
1784,7,0,10,16.3056,15865
1066,7,0,10,16.2963,15817.9
2034,7,0,10,16.2793,15728.3
1850,7,0,10,16.2701,15681.3
2035,7,0,10,16.2619,15637.7
1106,7,0,10,16.25,15573.4
2039,7,0,10,16.2376,15509.6
2106,7,0,10,16.222,15425
2050,7,0,10,16.2128,15381
2051,7,0,10,16.2014,15320.7
1333,7,0,10,16.1775,15195
1315,7,0,10,16.1644,15127.6
2165,7,0,10,16.1469,15037
2071,7,0,10,16.127,14929.6
1317,7,0,10,16.1135,14855.8
1800,8,0,0,13.7816,951.622,0.0345,150.479,0.15,1
552,8,0,0,13.7725,905.718
603,8,0,0,13.7389,740.761
604,8,0,0,13.7339,714.369
596,8,0,0,13.7337,713.397
580,8,0,0,13.7222,649.074
574,8,0,0,13.7016,541.537
573,8,0,0,13.6925,489.448
564,8,0,0,13.6852,450.205
557,8,0,0,13.6793,417.124
561,8,0,0,13.6726,370.589
628,8,0,0,13.6683,345.216
615,8,0,0,13.6635,317.236
617,8,0,0,13.66,299.689
616,8,0,0,13.6524,261.472
676,8,0,0,13.6462,230.409
674,8,0,0,13.6358,178.918
675,8,0,0,13.6292,145.841
962,8,0,0,13.6188,96.4787
961,8,0,0,13.6133,67.3447
999,8,0,0,13.6,0
449,8,0,1,13.9452,1836.91,0.0431667,188.28,0.11,2
457,8,0,1,13.9338,1774.85
456,8,0,1,13.9288,1745.81
458,8,0,1,13.9196,1684.9
459,8,0,1,13.9129,1639.55
1543,8,0,1,13.9044,1577.74
715,8,0,1,13.8993,1533.9
716,8,0,1,13.8861,1459.54
722,8,0,1,13.8855,1456.73
552,8,0,1,13.8244,1144.84
1800,8,0,1,13.8161,1102.1
362,8,0,2,14.1128,2765.87,0.0438333,191.188,0.02,3
363,8,0,2,14.0978,2683.42
367,8,0,2,14.0852,2614.55
368,8,0,2,14.0778,2579.99
451,8,0,2,14.0564,2462.69
1716,8,0,2,14.0539,2446.26
462,8,0,2,14.0467,2407.44
1990,8,0,2,14.0389,2354.4
452,8,0,2,14.035,2322.33
453,8,0,2,14.0242,2234.91
455,8,0,2,14.0129,2167.09
454,8,0,2,14.0097,2149.71
448,8,0,2,14.0033,2105.76
449,8,0,2,13.9884,2025.19
104,8,0,3,14.3621,4056.37,0.0708333,308.954,0.11,4
124,8,0,3,14.3477,3981.51
1715,8,0,3,14.3118,3800.2
136,8,0,3,14.3066,3772.52
139,8,0,3,14.2936,3702.9
140,8,0,3,14.2727,3589.25
360,8,0,3,14.234,3379.64
361,8,0,3,14.2215,3310.77
367,8,0,3,14.1877,3122.97
363,8,0,3,14.1724,3042.74
362,8,0,3,14.1567,2957.06
1280,8,0,4,14.79,6326.92,0.0575,250.798,0.05,5
1845,8,0,4,14.775,6251.08
1270,8,0,4,14.7703,6227.55
1271,8,0,4,14.7584,6167.87
868,8,0,4,14.7437,6085.79
869,8,0,4,14.7244,5980.32
1856,8,0,4,14.7046,5884.83
855,8,0,4,14.7045,5884.11
843,8,0,4,14.6909,5805.06
832,8,0,4,14.6796,5741.38
831,8,0,4,14.6731,5706.37
2153,8,0,4,14.6731,5706.29
821,8,0,4,14.6592,5637.42
2008,8,0,4,14.6507,5594.63
812,8,0,4,14.633,5497.62
807,8,0,4,14.6328,5496.83
356,8,0,4,14.6201,5427.07
1981,8,0,4,14.6079,5343.56
345,8,0,4,14.5884,5242.71
341,8,0,4,14.5756,5178.29
2132,8,0,4,14.5753,5176.23
328,8,0,4,14.5586,5080.55
2115,8,0,4,14.5473,5022.14
329,8,0,4,14.5435,5001.84
1979,8,0,4,14.537,4969.49
1978,8,0,4,14.4958,4740.04
107,8,0,4,14.4877,4686.29
1967,8,0,4,14.4847,4657.59
105,8,0,4,14.459,4507.7
124,8,0,4,14.4461,4434.82
104,8,0,4,14.4329,4365.33
815,8,0,5,15.0205,7561.07,0.0461667,201.365,0.21,6
816,8,0,5,15.0126,7521.92
2151,8,0,5,15.0007,7458.26
819,8,0,5,14.9859,7378.16
2009,8,0,5,14.9789,7330.77
2010,8,0,5,14.9628,7229.52
837,8,0,5,14.9551,7182.78
1774,8,0,5,14.9435,7113.45
849,8,0,5,14.9399,7093.55
850,8,0,5,14.9339,7044.43
862,8,0,5,14.929,6997.43
1773,8,0,5,14.9184,6938.76
1259,8,0,5,14.9048,6865.4
1269,8,0,5,14.8836,6756.64
1270,8,0,5,14.8664,6673.35
1845,8,0,5,14.8607,6645.76
1280,8,0,5,14.8475,6577.72
999,8,0,6,15.3727,9371.66,0,0,0
1002,8,0,6,15.3685,9343.59
1024,8,0,6,15.3506,9250.26
1029,8,0,6,15.3459,9226.12
1027,8,0,6,15.3339,9166.48
898,8,0,6,15.3248,9119.15
895,8,0,6,15.3076,9032.74
896,8,0,6,15.3039,9014.5
892,8,0,6,15.3002,8995.76
906,8,0,6,15.287,8924.42
905,8,0,6,15.2736,8854.03
903,8,0,6,15.2549,8754.49
904,8,0,6,15.2508,8733.25
902,8,0,6,15.2392,8669.43
901,8,0,6,15.2268,8602.11
900,8,0,6,15.222,8576.6
899,8,0,6,15.2023,8473.58
833,8,0,6,15.1787,8346.02
834,8,0,6,15.176,8331.5
825,8,0,6,15.1649,8272.85
831,8,0,6,15.1645,8270.82
2153,8,0,6,15.1645,8270.74
821,8,0,6,15.1527,8210.15
2008,8,0,6,15.1442,8167.36
2152,8,0,6,15.1359,8124.32
820,8,0,6,15.1179,8032.37
819,8,0,6,15.1009,7943.58
2151,8,0,6,15.0863,7864.42
816,8,0,6,15.0744,7800.59
815,8,0,6,15.0667,7762.43
1206,8,1,0,15.7182,1274.9,0.0928333,404.911,0.1,1
1653,8,1,0,15.715,1257.33
2096,8,1,0,15.7066,1210.5
1202,8,1,0,15.6781,1060.83
2059,8,1,0,15.6605,968.507
1552,8,1,0,15.6531,930.8
2060,8,1,0,15.6513,921.439
1551,8,1,0,15.6506,917.264
1550,8,1,0,15.6498,913.48
1196,8,1,0,15.6435,870.183
1194,8,1,0,15.6432,868.635
1190,8,1,0,15.6329,804.163
1186,8,1,0,15.6206,740.147
1183,8,1,0,15.6072,672.715
1103,8,1,0,15.5964,615.126
1084,8,1,0,15.5868,558.621
1062,8,1,0,15.5698,458.188
2159,8,1,0,15.5696,457.186
1045,8,1,0,15.5689,454.036
1043,8,1,0,15.5658,438.079
2158,8,1,0,15.5591,404.11
2030,8,1,0,15.5552,384.274
1011,8,1,0,15.5551,383.45
1009,8,1,0,15.5512,361.416
1041,8,1,0,15.5511,360.726
1039,8,1,0,15.5436,321.56
1037,8,1,0,15.5346,276.701
1034,8,1,0,15.5248,226.091
2032,8,1,0,15.5093,148.497
2031,8,1,0,15.509,146.673
1031,8,1,0,15.5007,105.841
1002,8,1,0,15.4869,36.794
999,8,1,0,15.48,0
1414,8,1,1,15.9293,2303.91,0.0926667,404.184,0.21,2
2120,8,1,1,15.9187,2249.25
2097,8,1,1,15.9096,2202.21
1415,8,1,1,15.8969,2136.64
1416,8,1,1,15.8811,2057.58
1554,8,1,1,15.8795,2049.75
2079,8,1,1,15.873,2015.99
2080,8,1,1,15.858,1941.05
2081,8,1,1,15.8437,1863.79
1207,8,1,1,15.8283,1777.24
2061,8,1,1,15.821,1733.94
1206,8,1,1,15.8111,1679.81
1317,8,1,2,16.1624,3455.81,0.104167,454.344,0.13,3
2071,8,1,2,16.1503,3387.71
1359,8,1,2,16.1287,3273.52
1370,8,1,2,16.1277,3269.07
1360,8,1,2,16.1046,3142.23
1361,8,1,2,16.0899,3061.01
1354,8,1,2,16.0898,3060.82
1355,8,1,2,16.0838,3028.3
2076,8,1,2,16.082,3019.18
1356,8,1,2,16.0744,2980.01
1357,8,1,2,16.0737,2976.29
1358,8,1,2,16.0605,2909.88
1352,8,1,2,16.0525,2866.6
1351,8,1,2,16.0422,2813.05
1350,8,1,2,16.0347,2774.41
1414,8,1,2,16.0219,2708.09
999,8,1,3,16.4946,5104.59,0,0,0
1002,8,1,3,16.4891,5074.13
1031,8,1,3,16.4774,5013.93
2031,8,1,3,16.4701,4976.94
2032,8,1,3,16.4697,4975.12
1053,8,1,3,16.4618,4935.99
1784,8,1,3,16.4587,4919.43
1066,8,1,3,16.4495,4872.27
2034,8,1,3,16.4324,4782.65
1850,8,1,3,16.4232,4735.66
2035,8,1,3,16.4151,4692.03
1106,8,1,3,16.4031,4627.8
2039,8,1,3,16.3907,4563.98
2106,8,1,3,16.3752,4479.34
2050,8,1,3,16.366,4435.37
2051,8,1,3,16.3545,4375.11
1333,8,1,3,16.3306,4249.4
1315,8,1,3,16.3176,4181.95
2165,8,1,3,16.3,4091.35
2071,8,1,3,16.2801,3983.94
1317,8,1,3,16.2666,3910.15
2021,8,2,0,13.9755,954.157,0.0418333,182.464,0.24,1
1791,8,2,0,13.9663,908.831
939,8,2,0,13.953,839.961
940,8,2,0,13.9484,808.109
930,8,2,0,13.9362,746.307
1555,8,2,0,13.9134,630.349
915,8,2,0,13.906,593.22
2016,8,2,0,13.8845,486.314
917,8,2,0,13.8837,482.499
916,8,2,0,13.8835,481.592
919,8,2,0,13.8778,442.508
2017,8,2,0,13.8777,442.335
2014,8,2,0,13.8767,437.314
2015,8,2,0,13.8686,396.599
910,8,2,0,13.8685,396.115
909,8,2,0,13.8602,353.969
1051,8,2,0,13.8503,303.813
1025,8,2,0,13.8381,242.513
1029,8,2,0,13.8242,173.157
1026,8,2,0,13.8137,121.112
998,8,2,0,13.8091,97.9808
999,8,2,0,13.79,0
999,8,2,1,14.2201,2176.93,0,0,0
1002,8,2,1,14.2159,2148.86
1024,8,2,1,14.1949,2042.32
1029,8,2,1,14.1889,2012.93
1027,8,2,1,14.176,1949.55
1051,8,2,1,14.1636,1886.21
1052,8,2,1,14.156,1847.38
1804,8,2,1,14.1555,1845.27
2015,8,2,1,14.1443,1789.05
2014,8,2,1,14.1365,1749.41
2017,8,2,1,14.1353,1743.72
2170,8,2,1,14.1325,1729.53
1738,8,2,1,14.1159,1645.54
1737,8,2,1,14.1099,1615.01
936,8,2,1,14.0966,1543.88
933,8,2,1,14.096,1540.94
934,8,2,1,14.0905,1503.29
935,8,2,1,14.0899,1500.68
2020,8,2,1,14.0789,1443.71
943,8,2,1,14.0781,1439.77
942,8,2,1,14.0706,1400.65
941,8,2,1,14.0588,1341.08
1790,8,2,1,14.0423,1258.95
2022,8,2,1,14.0319,1208.05
2021,8,2,1,14.0173,1136.62
2021,9,0,0,13.2255,954.157,0.0418333,182.464,0.24,1
1791,9,0,0,13.2163,908.831
939,9,0,0,13.203,839.961
940,9,0,0,13.1984,808.109
930,9,0,0,13.1862,746.307
1555,9,0,0,13.1634,630.349
915,9,0,0,13.156,593.22
2016,9,0,0,13.1345,486.314
917,9,0,0,13.1337,482.499
916,9,0,0,13.1335,481.592
919,9,0,0,13.1278,442.508
2017,9,0,0,13.1277,442.335
2014,9,0,0,13.1267,437.314
2015,9,0,0,13.1186,396.599
910,9,0,0,13.1185,396.115
909,9,0,0,13.1102,353.969
1051,9,0,0,13.1003,303.813
1025,9,0,0,13.0881,242.513
1029,9,0,0,13.0742,173.157
1026,9,0,0,13.0637,121.112
998,9,0,0,13.0591,97.9808
999,9,0,0,13.04,0
1800,9,0,1,13.586,2880.35,0.0345,150.479,0.15,2
552,9,0,1,13.573,2818.02
603,9,0,1,13.5425,2666.11
604,9,0,1,13.5388,2645.77
596,9,0,1,13.5387,2644.8
580,9,0,1,13.5284,2584.17
574,9,0,1,13.5078,2476.61
573,9,0,1,13.4986,2424.52
564,9,0,1,13.4914,2385.28
557,9,0,1,13.4855,2352.2
561,9,0,1,13.4788,2305.66
628,9,0,1,13.4745,2280.29
609,9,0,1,13.4623,2204.49
423,9,0,1,13.4564,2148.17
419,9,0,1,13.4511,2113.33
420,9,0,1,13.4459,2078.38
421,9,0,1,13.4419,2051.6
417,9,0,1,13.4375,2027.12
1989,9,0,1,13.4209,1940.71
2011,9,0,1,13.4031,1847.52
2156,9,0,1,13.3979,1820.19
2013,9,0,1,13.3972,1817.04
886,9,0,1,13.3853,1758.86
888,9,0,1,13.3655,1652.75
903,9,0,1,13.3517,1582.87
904,9,0,1,13.3483,1564.49
925,9,0,1,13.3248,1436.59
2019,9,0,1,13.3194,1409.32
929,9,0,1,13.319,1407.34
938,9,0,1,13.307,1341.49
950,9,0,1,13.2935,1270.93
951,9,0,1,13.2865,1235.21
2021,9,0,1,13.2673,1136.62
449,9,0,2,13.7496,3765.64,0.0431667,188.28,0.11,3
457,9,0,2,13.7382,3703.58
456,9,0,2,13.7332,3674.54
458,9,0,2,13.724,3613.63
459,9,0,2,13.7173,3568.28
1543,9,0,2,13.7088,3506.47
715,9,0,2,13.7037,3462.63
716,9,0,2,13.6905,3388.27
722,9,0,2,13.6899,3385.45
552,9,0,2,13.6288,3073.57
1800,9,0,2,13.6205,3030.83
362,9,0,3,13.9172,4694.6,0.0871667,380.195,0.02,4
363,9,0,3,13.9022,4612.15
367,9,0,3,13.8896,4543.27
368,9,0,3,13.8822,4508.71
451,9,0,3,13.8608,4391.41
1716,9,0,3,13.8583,4374.99
462,9,0,3,13.8511,4336.17
1990,9,0,3,13.8433,4283.13
452,9,0,3,13.8394,4251.06
453,9,0,3,13.8286,4163.64
455,9,0,3,13.8173,4095.82
454,9,0,3,13.8141,4078.44
448,9,0,3,13.8077,4034.49
449,9,0,3,13.7928,3953.92
104,9,0,4,14.2098,6174.11,0.0708333,308.954,0.11,5
124,9,0,4,14.1954,6099.24
1715,9,0,4,14.1596,5917.93
136,9,0,4,14.1543,5890.25
139,9,0,4,14.1413,5820.63
140,9,0,4,14.1205,5706.98
360,9,0,4,14.0817,5497.37
361,9,0,4,14.0693,5428.51
367,9,0,4,14.0354,5240.7
363,9,0,4,14.0201,5160.47
362,9,0,4,14.0044,5074.79
1280,9,0,5,14.6378,8444.66,0.0575,250.798,0.05,6
1845,9,0,5,14.6227,8368.81
1270,9,0,5,14.618,8345.29
1271,9,0,5,14.6062,8285.61
868,9,0,5,14.5914,8203.53
869,9,0,5,14.5722,8098.05
1856,9,0,5,14.5523,8002.56
855,9,0,5,14.5522,8001.85
843,9,0,5,14.5386,7922.79
832,9,0,5,14.5274,7859.11
831,9,0,5,14.5208,7824.1
2153,9,0,5,14.5208,7824.02
821,9,0,5,14.507,7755.16
2008,9,0,5,14.4985,7712.37
812,9,0,5,14.4807,7615.36
807,9,0,5,14.4805,7614.57
356,9,0,5,14.4679,7544.8
1981,9,0,5,14.4556,7461.3
345,9,0,5,14.4361,7360.44
341,9,0,5,14.4233,7296.02
2132,9,0,5,14.4231,7293.97
328,9,0,5,14.4063,7198.29
2115,9,0,5,14.3951,7139.87
329,9,0,5,14.3913,7119.58
1979,9,0,5,14.3847,7087.22
1978,9,0,5,14.3436,6857.78
107,9,0,5,14.3355,6804.02
1967,9,0,5,14.3325,6775.32
105,9,0,5,14.3067,6625.44
124,9,0,5,14.2938,6552.55
104,9,0,5,14.2807,6483.06
1414,9,0,6,14.9828,10293.1,0.116333,507.411,0.2,7
1350,9,0,6,14.9712,10231.9
1351,9,0,6,14.9612,10182.8
1352,9,0,6,14.948,10117
1358,9,0,6,14.9372,10062.1
1357,9,0,6,14.9251,9999.72
1356,9,0,6,14.9243,9996
2076,9,0,6,14.9147,9948.34
1355,9,0,6,14.9134,9941.68
1364,9,0,6,14.9134,9941.47
1361,9,0,6,14.9071,9906.27
1354,9,0,6,14.9071,9906.08
2188,9,0,6,14.8991,9866
2075,9,0,6,14.8759,9748.25
1822,9,0,6,14.875,9744.26
1353,9,0,6,14.8667,9701.21
2118,9,0,6,14.8458,9587.65
2117,9,0,6,14.8433,9563.02
2164,9,0,6,14.8249,9448.58
1306,9,0,6,14.8021,9289.75
1599,9,0,6,14.7872,9203.27
1300,9,0,6,14.7827,9176.64
1298,9,0,6,14.7763,9142.94
2176,9,0,6,14.7698,9103.71
2066,9,0,6,14.759,9035.9
1262,9,0,6,14.7473,8973.51
1261,9,0,6,14.7378,8923.46
1846,9,0,6,14.7154,8802.04
1845,9,0,6,14.7084,8763.49
1280,9,0,6,14.6953,8695.46
999,9,0,7,15.3695,12200,0,0,0
1002,9,0,7,15.3654,12171.9
1031,9,0,7,15.3508,12099.7
2031,9,0,7,15.3435,12062.7
2032,9,0,7,15.3431,12060.9
1053,9,0,7,15.3353,12022.4
1784,9,0,7,15.3322,12005.7
1069,9,0,7,15.3123,11904.8
1848,9,0,7,15.304,11860.8
1847,9,0,7,15.2995,11836.6
1086,9,0,7,15.2957,11815.8
1087,9,0,7,15.2809,11741.7
1088,9,0,7,15.2751,11710.8
1117,9,0,7,15.2669,11668.1
1119,9,0,7,15.2661,11664.1
1118,9,0,7,15.2598,11630
2044,9,0,7,15.2444,11549.9
2169,9,0,7,15.2362,11507.8
2171,9,0,7,15.2315,11483.8
1549,9,0,7,15.2252,11449.7
1147,9,0,7,15.2193,11418.1
1796,9,0,7,15.1851,11235.1
1328,9,0,7,15.1834,11226.2
1340,9,0,7,15.1662,11138.1
1348,9,0,7,15.1657,11135.6
1349,9,0,7,15.1646,11130.1
1358,9,0,7,15.1456,11035.1
1352,9,0,7,15.1365,10987.4
1351,9,0,7,15.1228,10919.2
1350,9,0,7,15.1155,10881.6
1414,9,0,7,15.0991,10800.5
1206,9,1,0,15.8282,1274.9,0.0928333,404.911,0.1,1
1653,9,1,0,15.825,1257.33
2096,9,1,0,15.8166,1210.5
1202,9,1,0,15.7881,1060.83
2059,9,1,0,15.7705,968.507
1552,9,1,0,15.7631,930.8
2060,9,1,0,15.7613,921.439
1551,9,1,0,15.7606,917.264
1550,9,1,0,15.7598,913.48
1196,9,1,0,15.7535,870.183
1194,9,1,0,15.7532,868.635
1190,9,1,0,15.7429,804.163
1186,9,1,0,15.7306,740.147
1183,9,1,0,15.7172,672.715
1103,9,1,0,15.7064,615.126
1084,9,1,0,15.6968,558.621
1062,9,1,0,15.6798,458.188
2159,9,1,0,15.6796,457.186
1045,9,1,0,15.6789,454.036
1043,9,1,0,15.6758,438.079
2158,9,1,0,15.6691,404.11
2030,9,1,0,15.6652,384.274
1011,9,1,0,15.6651,383.45
1009,9,1,0,15.6612,361.416
1041,9,1,0,15.6611,360.726
1039,9,1,0,15.6536,321.56
1037,9,1,0,15.6446,276.701
1034,9,1,0,15.6348,226.091
2032,9,1,0,15.6193,148.497
2031,9,1,0,15.619,146.673
1031,9,1,0,15.6107,105.841
1002,9,1,0,15.5969,36.794
999,9,1,0,15.59,0
1317,9,1,1,16.1942,3117.24,0.104167,454.344,0.13,2
2071,9,1,1,16.1843,3054.13
1359,9,1,1,16.1619,2936.59
1370,9,1,1,16.1609,2932.14
1360,9,1,1,16.1278,2762.74
1361,9,1,1,16.1132,2681.82
1354,9,1,1,16.1131,2681.63
1355,9,1,1,16.107,2648.35
2076,9,1,1,16.1051,2639.24
1356,9,1,1,16.0981,2602.39
1357,9,1,1,16.0973,2598.67
1358,9,1,1,16.0857,2538.51
1352,9,1,1,16.0766,2490.8
1351,9,1,1,16.0629,2422.61
1350,9,1,1,16.0556,2385.07
1414,9,1,1,16.0393,2303.91
2120,9,1,1,16.0287,2249.25
2097,9,1,1,16.0196,2202.21
1415,9,1,1,16.0069,2136.64
1416,9,1,1,15.9911,2057.58
1554,9,1,1,15.9895,2049.75
2079,9,1,1,15.983,2015.99
2080,9,1,1,15.968,1941.05
2081,9,1,1,15.9537,1863.79
1207,9,1,1,15.9383,1777.24
2061,9,1,1,15.931,1733.94
1206,9,1,1,15.9211,1679.81
815,9,1,2,16.6245,5402.2,0.0345,150.479,0.2,3
816,9,1,2,16.6183,5370.44
2151,9,1,2,16.6069,5308.29
819,9,1,2,16.5924,5229.79
2009,9,1,2,16.5852,5182.27
2010,9,1,2,16.5693,5081.1
837,9,1,2,16.5623,5035.4
1774,9,1,2,16.5524,4968.08
849,9,1,2,16.5485,4946.73
850,9,1,2,16.542,4897.79
852,9,1,2,16.5327,4847.17
865,9,1,2,16.5262,4805.53
869,9,1,2,16.5118,4715.78
2066,9,1,2,16.4892,4599.76
1297,9,1,2,16.4623,4457.59
1299,9,1,2,16.4563,4424.22
1600,9,1,2,16.4549,4410.77
1306,9,1,2,16.4415,4325.27
1301,9,1,2,16.4248,4239.36
1302,9,1,2,16.4002,4108.2
1307,9,1,2,16.3866,4030.82
1308,9,1,2,16.3723,3958.49
1309,9,1,2,16.3554,3870.53
1314,9,1,2,16.3548,3867.66
2165,9,1,2,16.3319,3752.79
2071,9,1,2,16.3119,3645.38
1317,9,1,2,16.2984,3571.59
999,9,1,3,16.9816,7229.09,0,0,0
1002,9,1,3,16.9716,7179.19
1024,9,1,3,16.9534,7084.67
1029,9,1,3,16.9473,7055.17
1027,9,1,3,16.9364,6999.78
898,9,1,3,16.9275,6953.6
895,9,1,3,16.9102,6866.3
896,9,1,3,16.9065,6848.06
892,9,1,3,16.9029,6830.19
906,9,1,3,16.8897,6758.45
905,9,1,3,16.8751,6683.48
903,9,1,3,16.8546,6575.94
904,9,1,3,16.8513,6558.45
902,9,1,3,16.8382,6487.97
901,9,1,3,16.8249,6416.55
900,9,1,3,16.82,6390.89
899,9,1,3,16.7973,6274.9
833,9,1,3,16.7725,6142.3
834,9,1,3,16.7686,6123.05
825,9,1,3,16.758,6065.98
831,9,1,3,16.7576,6063.95
2153,9,1,3,16.7575,6063.86
821,9,1,3,16.747,6009
2008,9,1,3,16.7385,5966.21
2152,9,1,3,16.7315,5928.42
820,9,1,3,16.7105,5824
819,9,1,3,16.6931,5733.47
2151,9,1,3,16.6776,5650.57
816,9,1,3,16.6651,5584
815,9,1,3,16.659,5552.68
