Node, Individual, Route,Segment, Travel time, Travel cost, Attention time, Attention cost, Failure rate, Demand
1800,0,0,0,13.6716,951.622,0.0345,150.479,0.15,1
552,0,0,0,13.6625,905.718
603,0,0,0,13.6289,740.761
604,0,0,0,13.6239,714.369
596,0,0,0,13.6237,713.397
580,0,0,0,13.6122,649.074
574,0,0,0,13.5916,541.537
573,0,0,0,13.5825,489.448
564,0,0,0,13.5752,450.205
557,0,0,0,13.5693,417.124
561,0,0,0,13.5626,370.589
628,0,0,0,13.5583,345.216
615,0,0,0,13.5535,317.236
617,0,0,0,13.55,299.689
616,0,0,0,13.5424,261.472
676,0,0,0,13.5362,230.409
674,0,0,0,13.5258,178.918
675,0,0,0,13.5192,145.841
962,0,0,0,13.5088,96.4787
961,0,0,0,13.5033,67.3447
999,0,0,0,13.49,0
449,0,0,1,13.8352,1836.91,0.0431667,188.28,0.11,2
457,0,0,1,13.8237,1774.85
456,0,0,1,13.8188,1745.81
458,0,0,1,13.8096,1684.9
459,0,0,1,13.8029,1639.55
1543,0,0,1,13.7944,1577.74
715,0,0,1,13.7893,1533.9
716,0,0,1,13.7761,1459.54
722,0,0,1,13.7755,1456.73
552,0,0,1,13.7144,1144.84
1800,0,0,1,13.7061,1102.1
362,0,0,2,14.0028,2765.87,0.0438333,191.188,0.02,3
363,0,0,2,13.9878,2683.42
367,0,0,2,13.9752,2614.55
368,0,0,2,13.9678,2579.99
451,0,0,2,13.9464,2462.69
1716,0,0,2,13.9439,2446.26
462,0,0,2,13.9367,2407.44
1990,0,0,2,13.9289,2354.4
452,0,0,2,13.925,2322.33
453,0,0,2,13.9142,2234.91
455,0,0,2,13.9029,2167.09
454,0,0,2,13.8997,2149.71
448,0,0,2,13.8933,2105.76
449,0,0,2,13.8784,2025.19
104,0,0,3,14.2521,4056.37,0.0708333,308.954,0.11,4
124,0,0,3,14.2377,3981.51
1715,0,0,3,14.2018,3800.2
136,0,0,3,14.1966,3772.52
139,0,0,3,14.1835,3702.9
140,0,0,3,14.1627,3589.25
360,0,0,3,14.124,3379.64
361,0,0,3,14.1115,3310.77
367,0,0,3,14.0777,3122.97
363,0,0,3,14.0624,3042.74
362,0,0,3,14.0467,2957.06
815,0,0,4,14.569,5768.53,0.0983333,428.9,0.22,5
816,0,0,4,14.5611,5729.39
2151,0,0,4,14.5492,5665.72
819,0,0,4,14.5344,5585.62
811,0,0,4,14.5138,5469.88
805,0,0,4,14.51,5449.05
358,0,0,4,14.4969,5378.85
349,0,0,4,14.4807,5293.25
344,0,0,4,14.4673,5211.22
1819,0,0,4,14.454,5117.76
335,0,0,4,14.4495,5089.47
2114,0,0,4,14.436,5016.87
329,0,0,4,14.4335,5001.84
1979,0,0,4,14.427,4969.49
1978,0,0,4,14.3858,4740.04
107,0,0,4,14.3777,4686.29
1967,0,0,4,14.3747,4657.59
105,0,0,4,14.349,4507.7
124,0,0,4,14.3361,4434.82
104,0,0,4,14.3229,4365.33
1280,0,0,5,14.8365,7139.59,0.0575,250.798,0.05,6
1845,0,0,5,14.8213,7063.03
1270,0,0,5,14.8177,7044.48
1269,0,0,5,14.8039,6975.04
1259,0,0,5,14.7855,6878.54
1773,0,0,5,14.7706,6798.81
862,0,0,5,14.7587,6734.85
850,0,0,5,14.7514,6688.34
849,0,0,5,14.7433,6638.15
1774,0,0,5,14.7401,6619.33
837,0,0,5,14.7294,6551.24
2010,0,0,5,14.7205,6501.79
836,0,0,5,14.7136,6454.03
827,0,0,5,14.7037,6397.3
826,0,0,5,14.6831,6284.92
815,0,0,5,14.6674,6197.43
2021,0,0,6,15.073,8346.56,0.076,331.489,0.27,7
951,0,0,6,15.0502,8233.1
949,0,0,6,15.0379,8170.85
2025,0,0,6,15.0344,8153.4
2024,0,0,6,15.0197,8074.06
1557,0,0,6,15.0051,7997.99
1299,0,0,6,14.986,7895.12
1300,0,0,6,14.9814,7871.58
1298,0,0,6,14.975,7837.88
2176,0,0,6,14.9685,7798.65
2066,0,0,6,14.9577,7730.83
1262,0,0,6,14.946,7668.45
1261,0,0,6,14.9365,7618.4
1846,0,0,6,14.9141,7496.97
1845,0,0,6,14.9071,7458.43
1280,0,0,6,14.894,7390.39
1317,0,0,7,15.2612,9275.63,0.0693333,302.411,0.21,8
2071,0,0,7,15.2485,9205.43
2165,0,0,7,15.2273,9092.61
1314,0,0,7,15.2092,8998.05
1309,0,0,7,15.2086,8995.18
1304,0,0,7,15.197,8930.54
952,0,0,7,15.1708,8789.96
2022,0,0,7,15.1592,8731.74
2021,0,0,7,15.149,8678.05
1414,0,0,8,15.4824,10375,0.0926667,404.184,0.21,9
1350,0,0,8,15.4679,10301.9
1351,0,0,8,15.4601,10261.8
1352,0,0,8,15.4439,10183.9
1358,0,0,8,15.4338,10131.7
1357,0,0,8,15.4227,10073.5
1356,0,0,8,15.4219,10069.8
2076,0,0,8,15.4159,10037.5
1355,0,0,8,15.4147,10030.8
1364,0,0,8,15.4146,10030.6
1361,0,0,8,15.4085,9996.18
1360,0,0,8,15.3899,9898.13
1370,0,0,8,15.3607,9745.5
1359,0,0,8,15.3598,9741.04
2071,0,0,8,15.3426,9645.64
1317,0,0,8,15.3305,9578.04
1206,0,0,9,15.6706,11291,0.0928333,404.911,0.1,10
2081,0,0,9,15.6548,11203.5
2080,0,0,9,15.641,11128.5
2079,0,0,9,15.6262,11054.4
1554,0,0,9,15.6182,11014.3
1416,0,0,9,15.6166,11006.4
1415,0,0,9,15.6023,10933.5
2097,0,0,9,15.5906,10872.3
2120,0,0,9,15.5871,10840.4
1414,0,0,9,15.575,10779.2
999,0,0,10,16.0556,13236.7,0,0,0
1002,0,0,10,16.0515,13208.6
1031,0,0,10,16.0369,13136.4
2031,0,0,10,16.0296,13099.4
2032,0,0,10,16.0292,13097.6
1034,0,0,10,16.0145,13023.4
1037,0,0,10,16.0064,12980.2
1039,0,0,10,15.9983,12938.6
1041,0,0,10,15.9892,12892.7
2030,0,0,10,15.983,12861.8
2158,0,0,10,15.9802,12846.7
2029,0,0,10,15.969,12788.9
1043,0,0,10,15.9689,12788.5
1044,0,0,10,15.9638,12762.1
1046,0,0,10,15.9575,12727.6
1060,0,0,10,15.9406,12640.5
1061,0,0,10,15.9335,12605
1063,0,0,10,15.9305,12588.9
1083,0,0,10,15.9178,12517.8
1105,0,0,10,15.905,12449.6
1104,0,0,10,15.8872,12356.3
1183,0,0,10,15.8847,12339.8
1184,0,0,10,15.8793,12311.1
1663,0,0,10,15.8692,12259.7
1189,0,0,10,15.8628,12225.1
1194,0,0,10,15.849,12147.6
1196,0,0,10,15.8487,12146
1550,0,0,10,15.842,12107.6
1552,0,0,10,15.8378,12085.9
2059,0,0,10,15.8299,12046.3
1202,0,0,10,15.8126,11955
2096,0,0,10,15.7804,11789.6
1654,0,0,10,15.7687,11725.8
1653,0,0,10,15.7666,11713.5
1206,0,0,10,15.7634,11695.9
1800,1,0,0,13.3716,951.622,0.0345,150.479,0.15,1
552,1,0,0,13.3625,905.718
603,1,0,0,13.3289,740.761
604,1,0,0,13.3239,714.369
596,1,0,0,13.3237,713.397
580,1,0,0,13.3122,649.074
574,1,0,0,13.2916,541.537
573,1,0,0,13.2825,489.448
564,1,0,0,13.2752,450.205
557,1,0,0,13.2693,417.124
561,1,0,0,13.2626,370.589
628,1,0,0,13.2583,345.216
615,1,0,0,13.2535,317.236
617,1,0,0,13.25,299.689
616,1,0,0,13.2424,261.472
676,1,0,0,13.2362,230.409
674,1,0,0,13.2258,178.918
675,1,0,0,13.2192,145.841
962,1,0,0,13.2088,96.4787
961,1,0,0,13.2033,67.3447
999,1,0,0,13.19,0
449,1,0,1,13.5352,1836.91,0.0431667,188.28,0.11,2
457,1,0,1,13.5237,1774.85
456,1,0,1,13.5188,1745.81
458,1,0,1,13.5096,1684.9
459,1,0,1,13.5029,1639.55
1543,1,0,1,13.4944,1577.74
715,1,0,1,13.4893,1533.9
716,1,0,1,13.4761,1459.54
722,1,0,1,13.4755,1456.73
552,1,0,1,13.4144,1144.84
1800,1,0,1,13.4061,1102.1
362,1,0,2,13.7028,2765.87,0.0871667,380.195,0.02,3
363,1,0,2,13.6878,2683.42
367,1,0,2,13.6752,2614.55
368,1,0,2,13.6678,2579.99
451,1,0,2,13.6464,2462.69
1716,1,0,2,13.6439,2446.26
462,1,0,2,13.6367,2407.44
1990,1,0,2,13.6289,2354.4
452,1,0,2,13.625,2322.33
453,1,0,2,13.6142,2234.91
455,1,0,2,13.6029,2167.09
454,1,0,2,13.5997,2149.71
448,1,0,2,13.5933,2105.76
449,1,0,2,13.5784,2025.19
104,1,0,3,13.9979,4256.66,0.05,218.085,0.11,4
124,1,0,3,13.984,4184.1
1715,1,0,3,13.9548,4030.74
136,1,0,3,13.949,4000.98
139,1,0,3,13.9357,3929.79
140,1,0,3,13.9115,3801.85
360,1,0,3,13.8719,3588.7
361,1,0,3,13.8575,3511.32
367,1,0,3,13.8207,3310.48
363,1,0,3,13.8072,3238.05
362,1,0,3,13.79,3146.07
815,1,0,4,14.294,5877.95,0.0983333,428.9,0.22,5
816,1,0,4,14.286,5838.81
2151,1,0,4,14.2742,5775.14
819,1,0,4,14.2593,5695.04
811,1,0,4,14.2388,5579.3
805,1,0,4,14.235,5558.47
358,1,0,4,14.2219,5488.27
349,1,0,4,14.2056,5402.67
344,1,0,4,14.1922,5320.64
1819,1,0,4,14.1789,5227.18
335,1,0,4,14.1744,5198.89
2114,1,0,4,14.161,5126.29
329,1,0,4,14.1585,5111.26
1979,1,0,4,14.1519,5078.91
1978,1,0,4,14.1108,4849.46
107,1,0,4,14.1027,4795.71
1967,1,0,4,14.0997,4767.01
105,1,0,4,14.074,4617.12
124,1,0,4,14.061,4544.24
104,1,0,4,14.0479,4474.75
1280,1,0,5,14.5614,7249.01,0.0575,250.798,0.05,6
1845,1,0,5,14.5462,7172.45
1270,1,0,5,14.5427,7153.9
1269,1,0,5,14.5289,7084.46
1259,1,0,5,14.5105,6987.96
1773,1,0,5,14.4955,6908.23
862,1,0,5,14.4836,6844.27
850,1,0,5,14.4764,6797.76
849,1,0,5,14.4683,6747.58
1774,1,0,5,14.465,6728.75
837,1,0,5,14.4543,6660.66
2010,1,0,5,14.4455,6611.21
836,1,0,5,14.4385,6563.45
827,1,0,5,14.4286,6506.72
826,1,0,5,14.408,6394.34
815,1,0,5,14.3923,6306.85
2021,1,0,6,14.7979,8455.98,0.0923333,402.73,0.26,7
951,1,0,6,14.7752,8342.52
949,1,0,6,14.7628,8280.27
2025,1,0,6,14.7594,8262.82
2024,1,0,6,14.7446,8183.48
1557,1,0,6,14.7301,8107.41
1299,1,0,6,14.711,8004.54
1300,1,0,6,14.7064,7981
1298,1,0,6,14.7,7947.3
2176,1,0,6,14.6934,7908.07
2066,1,0,6,14.6826,7840.25
1262,1,0,6,14.6709,7777.87
1261,1,0,6,14.6615,7727.82
1846,1,0,6,14.639,7606.39
1845,1,0,6,14.6321,7567.85
1280,1,0,6,14.6189,7499.81
1317,1,0,7,15.0167,9516.53,0.0693333,302.411,0.21,8
2071,1,0,7,15.0041,9446.63
2165,1,0,7,14.9816,9328.52
1314,1,0,7,14.9626,9230
1309,1,0,7,14.962,9227.12
1304,1,0,7,14.9477,9150.99
952,1,0,7,14.9164,8988.36
2022,1,0,7,14.9048,8930.14
2021,1,0,7,14.8903,8858.71
1414,1,0,8,15.2379,10615.9,0.0926667,404.184,0.21,9
1350,1,0,8,15.2234,10542.8
1351,1,0,8,15.2156,10502.7
1352,1,0,8,15.1994,10424.8
1358,1,0,8,15.1893,10372.6
1357,1,0,8,15.1781,10314.4
1356,1,0,8,15.1774,10310.7
2076,1,0,8,15.1714,10278.4
1355,1,0,8,15.1702,10271.7
1364,1,0,8,15.1701,10271.5
1361,1,0,8,15.164,10237.1
1360,1,0,8,15.1454,10139
1370,1,0,8,15.1162,9986.4
1359,1,0,8,15.1153,9981.94
2071,1,0,8,15.0981,9886.54
1317,1,0,8,15.086,9818.94
1206,1,0,9,15.426,11531.9,0.0928333,404.911,0.1,10
2081,1,0,9,15.4103,11444.4
2080,1,0,9,15.3965,11369.4
2079,1,0,9,15.3817,11295.3
1554,1,0,9,15.3736,11255.2
1416,1,0,9,15.3721,11247.3
1415,1,0,9,15.3578,11174.4
2097,1,0,9,15.346,11113.2
2120,1,0,9,15.3426,11081.3
1414,1,0,9,15.3305,11020.1
999,1,0,10,15.8111,13477.6,0,0,0
1002,1,0,10,15.807,13449.5
1031,1,0,10,15.7924,13377.3
2031,1,0,10,15.7851,13340.3
2032,1,0,10,15.7847,13338.5
1034,1,0,10,15.77,13264.3
1037,1,0,10,15.7619,13221.1
1039,1,0,10,15.7538,13179.5
1041,1,0,10,15.7447,13133.6
2030,1,0,10,15.7385,13102.7
2158,1,0,10,15.7357,13087.6
2029,1,0,10,15.7245,13029.8
1043,1,0,10,15.7244,13029.3
1044,1,0,10,15.7192,13003
1046,1,0,10,15.7129,12968.5
1060,1,0,10,15.696,12881.4
1061,1,0,10,15.689,12845.9
1063,1,0,10,15.686,12829.8
1083,1,0,10,15.6733,12758.7
1105,1,0,10,15.6605,12690.5
1104,1,0,10,15.6427,12597.2
1183,1,0,10,15.6402,12580.7
1184,1,0,10,15.6347,12552
1663,1,0,10,15.6247,12500.6
1189,1,0,10,15.6182,12466
1194,1,0,10,15.6045,12388.5
1196,1,0,10,15.6042,12386.9
1550,1,0,10,15.5975,12348.5
1552,1,0,10,15.5933,12326.8
2059,1,0,10,15.5854,12287.2
1202,1,0,10,15.5681,12195.9
2096,1,0,10,15.5359,12030.5
1654,1,0,10,15.5242,11966.7
1653,1,0,10,15.5221,11954.4
1206,1,0,10,15.5189,11936.8
1800,2,0,0,14.3435,1007.05,0.0793333,346.028,0.17,1
552,2,0,0,14.3292,939.646
603,2,0,0,14.2976,783.092
604,2,0,0,14.2928,757.682
596,2,0,0,14.2927,756.71
580,2,0,0,14.2784,680.504
574,2,0,0,14.257,569.599
573,2,0,0,14.2473,515.193
564,2,0,0,14.2405,477.803
557,2,0,0,14.2345,444.257
561,2,0,0,14.2284,397.895
628,2,0,0,14.2248,373.421
615,2,0,0,14.2205,346.226
617,2,0,0,14.2171,328.679
616,2,0,0,14.2104,294.749
676,2,0,0,14.2043,263.686
674,2,0,0,14.1893,194.033
675,2,0,0,14.1828,160.956
962,2,0,0,14.1741,118.866
961,2,0,0,14.1668,81.8149
999,2,0,0,14.15,0
449,2,0,1,14.5566,2106.84,0.0403333,175.922,0.13,2
457,2,0,1,14.5424,2032.64
456,2,0,1,14.5369,2002.26
458,2,0,1,14.5247,1934.36
459,2,0,1,14.5191,1889.14
1543,2,0,1,14.5101,1827.13
715,2,0,1,14.5054,1782.65
716,2,0,1,14.4903,1700.04
722,2,0,1,14.4897,1697.23
552,2,0,1,14.4311,1395.81
1800,2,0,1,14.4228,1353.07
362,2,0,2,14.7214,3025.49,0.0438333,191.188,0.02,3
363,2,0,2,14.7051,2937.28
440,2,0,2,14.6773,2796.51
451,2,0,2,14.6608,2710.31
1716,2,0,2,14.6583,2693.89
462,2,0,2,14.6492,2646.81
1990,2,0,2,14.6421,2594.12
452,2,0,2,14.6382,2562.06
453,2,0,2,14.627,2474.83
455,2,0,2,14.6186,2409.34
454,2,0,2,14.616,2394.7
448,2,0,2,14.6087,2349.78
449,2,0,2,14.597,2282.76
104,2,0,3,14.9707,4315.99,0.0708333,308.954,0.11,4
124,2,0,3,14.9563,4241.12
1715,2,0,3,14.9204,4059.81
136,2,0,3,14.9152,4032.13
139,2,0,3,14.9021,3962.51
140,2,0,3,14.8813,3848.86
360,2,0,3,14.8426,3639.25
361,2,0,3,14.8301,3570.39
367,2,0,3,14.7963,3382.58
363,2,0,3,14.781,3302.35
362,2,0,3,14.7652,3216.67
815,2,0,4,15.2807,5990.4,0.0461667,201.365,0.21,5
816,2,0,4,15.2686,5934.55
817,2,0,4,15.2585,5880.18
803,2,0,4,15.2399,5773.61
354,2,0,4,15.2398,5773.24
357,2,0,4,15.2305,5720.98
358,2,0,4,15.217,5647.19
349,2,0,4,15.2001,5558.8
344,2,0,4,15.1873,5477.54
1819,2,0,4,15.1747,5384.31
335,2,0,4,15.1695,5354.95
2114,2,0,4,15.1557,5280.65
329,2,0,4,15.1531,5265.38
1979,2,0,4,15.1466,5233.33
1978,2,0,4,15.1074,5012.44
107,2,0,4,15.099,4958.37
1967,2,0,4,15.096,4929.66
105,2,0,4,15.0705,4780.24
124,2,0,4,15.0541,4692.01
104,2,0,4,15.0415,4624.94
1280,2,0,5,15.4899,7109.96,0.111167,484.876,0.06,6
1845,2,0,5,15.4766,7041.64
1270,2,0,5,15.4725,7020.42
1269,2,0,5,15.4605,6958.45
1259,2,0,5,15.4431,6866.32
1773,2,0,5,15.4265,6779.53
862,2,0,5,15.4154,6719.03
850,2,0,5,15.4071,6671.01
849,2,0,5,15.3992,6621.04
1774,2,0,5,15.396,6602.3
837,2,0,5,15.3852,6534.11
2010,2,0,5,15.3779,6488.01
836,2,0,5,15.3708,6440.19
827,2,0,5,15.3615,6384.47
826,2,0,5,15.3417,6275.57
815,2,0,5,15.3269,6191.77
1414,2,0,6,15.8896,9188,0.0926667,404.184,0.21,7
1350,2,0,6,15.8744,9111.74
1351,2,0,6,15.8667,9072.12
1352,2,0,6,15.8541,9008.89
1358,2,0,6,15.8444,8958.43
1357,2,0,6,15.8332,8900.26
1356,2,0,6,15.8325,8896.54
2076,2,0,6,15.8265,8864.23
1355,2,0,6,15.8253,8857.57
1364,2,0,6,15.8252,8857.36
1361,2,0,6,15.8191,8822.9
1354,2,0,6,15.819,8822.71
2188,2,0,6,15.8113,8783.43
2075,2,0,6,15.789,8669.64
1822,2,0,6,15.7882,8665.65
1353,2,0,6,15.7801,8624.01
2118,2,0,6,15.7585,8507.34
2117,2,0,6,15.756,8482.71
2164,2,0,6,15.7377,8368.3
1306,2,0,6,15.7128,8207.63
1599,2,0,6,15.6969,8118.62
1300,2,0,6,15.6924,8091.93
1298,2,0,6,15.6876,8065.18
2176,2,0,6,15.6811,8025.98
2066,2,0,6,15.6708,7958.78
1262,2,0,6,15.6594,7897.86
1261,2,0,6,15.6507,7850.75
1846,2,0,6,15.6187,7688.82
1281,2,0,6,15.6118,7651.97
1280,2,0,6,15.6011,7594.84
1206,2,0,7,16.0778,10104,0.0515,224.627,0.1,8
2081,2,0,7,16.0621,10016.5
2080,2,0,7,16.0482,9941.44
2079,2,0,7,16.0335,9867.42
1554,2,0,7,16.0254,9827.24
1416,2,0,7,16.0239,9819.42
1415,2,0,7,16.0095,9746.49
2097,2,0,7,15.9978,9685.28
2120,2,0,7,15.9943,9653.4
1414,2,0,7,15.9823,9592.18
1317,2,0,8,16.3969,11737,0.104167,454.344,0.13,9
2071,2,0,8,16.3841,11666.5
1359,2,0,8,16.3615,11547.9
1370,2,0,8,16.3606,11543.4
1360,2,0,8,16.3374,11416.6
1361,2,0,8,16.3227,11335.4
1354,2,0,8,16.3227,11335.2
1355,2,0,8,16.3167,11302.7
2076,2,0,8,16.3148,11293.5
1356,2,0,8,16.3073,11254.4
1357,2,0,8,16.3065,11250.7
1358,2,0,8,16.2934,11184.2
1352,2,0,8,16.2854,11141
1351,2,0,8,16.2751,11087.4
1350,2,0,8,16.2676,11048.8
1414,2,0,8,16.2548,10982.5
2120,2,0,8,16.244,10926.9
2097,2,0,8,16.2356,10882.6
1415,2,0,8,16.2225,10815.8
1416,2,0,8,16.2078,10740.9
1554,2,0,8,16.2062,10733.1
2079,2,0,8,16.1979,10692
2080,2,0,8,16.1826,10615.5
2081,2,0,8,16.1669,10532.7
1207,2,0,8,16.1478,10430.1
2061,2,0,8,16.1394,10383.3
1206,2,0,8,16.1293,10328.6
2021,2,0,9,16.625,12841.1,0.07,305.319,0.28,10
1303,2,0,9,16.5977,12697.4
1307,2,0,9,16.5892,12650.5
1308,2,0,9,16.575,12578.2
1309,2,0,9,16.558,12490.3
1314,2,0,9,16.5574,12487.4
2165,2,0,9,16.5345,12372.5
2071,2,0,9,16.5145,12265.1
1317,2,0,9,16.501,12191.3
999,2,0,10,16.8914,14156.9,0,0,0
1002,2,0,10,16.886,14126.5
1024,2,0,10,16.8655,14022.4
1029,2,0,10,16.86,13995.1
1027,2,0,10,16.8479,13934.9
1051,2,0,10,16.8348,13868.3
1052,2,0,10,16.827,13828.9
1804,2,0,10,16.8265,13826.8
2015,2,0,10,16.8153,13770.6
2014,2,0,10,16.8073,13730
2017,2,0,10,16.8061,13724.3
2170,2,0,10,16.8034,13710.2
1738,2,0,10,16.7888,13635.1
1737,2,0,10,16.7833,13606.2
936,2,0,10,16.7712,13540.6
933,2,0,10,16.7706,13537.7
934,2,0,10,16.7651,13500
943,2,0,10,16.7511,13430.3
942,2,0,10,16.7432,13389
941,2,0,10,16.7318,13331.3
1790,2,0,10,16.7168,13255.2
2022,2,0,10,16.7063,13204.3
2021,2,0,10,16.695,13146.4
1800,3,0,0,14.1216,951.622,0.0793333,346.028,0.17,1
552,3,0,0,14.1125,905.718
603,3,0,0,14.0789,740.761
604,3,0,0,14.0739,714.369
596,3,0,0,14.0737,713.397
580,3,0,0,14.0622,649.074
574,3,0,0,14.0416,541.537
573,3,0,0,14.0325,489.448
564,3,0,0,14.0252,450.205
557,3,0,0,14.0193,417.124
561,3,0,0,14.0126,370.589
628,3,0,0,14.0083,345.216
615,3,0,0,14.0035,317.236
617,3,0,0,14,299.689
616,3,0,0,13.9924,261.472
676,3,0,0,13.9862,230.409
674,3,0,0,13.9758,178.918
675,3,0,0,13.9692,145.841
962,3,0,0,13.9588,96.4787
961,3,0,0,13.9533,67.3447
999,3,0,0,13.94,0
449,3,0,1,14.3347,2051.42,0.0403333,175.922,0.13,2
457,3,0,1,14.3205,1977.21
456,3,0,1,14.315,1946.83
458,3,0,1,14.3028,1878.94
459,3,0,1,14.2972,1833.72
1543,3,0,1,14.2882,1771.71
715,3,0,1,14.2835,1727.23
716,3,0,1,14.2684,1644.62
722,3,0,1,14.2678,1641.8
552,3,0,1,14.2092,1340.39
1800,3,0,1,14.2009,1297.65
362,3,0,2,14.4995,2970.06,0.0438333,191.188,0.02,3
363,3,0,2,14.4832,2881.86
440,3,0,2,14.4554,2741.08
451,3,0,2,14.4389,2654.89
1716,3,0,2,14.4364,2638.46
462,3,0,2,14.4273,2591.39
1990,3,0,2,14.4202,2538.7
452,3,0,2,14.4163,2506.63
453,3,0,2,14.4051,2419.41
455,3,0,2,14.3967,2353.92
454,3,0,2,14.3941,2339.28
448,3,0,2,14.3868,2294.35
449,3,0,2,14.3751,2227.34
104,3,0,3,14.7488,4260.56,0.0708333,308.954,0.11,4
124,3,0,3,14.7344,4185.7
1715,3,0,3,14.6985,4004.39
136,3,0,3,14.6933,3976.71
139,3,0,3,14.6802,3907.09
140,3,0,3,14.6594,3793.44
360,3,0,3,14.6207,3583.83
361,3,0,3,14.6082,3514.96
367,3,0,3,14.5744,3327.16
363,3,0,3,14.5591,3246.93
362,3,0,3,14.5433,3161.25
815,3,0,4,15.0657,5972.72,0.0461667,201.365,0.21,5
816,3,0,4,15.0578,5933.57
2151,3,0,4,15.0459,5869.91
819,3,0,4,15.031,5789.81
811,3,0,4,15.0105,5674.07
805,3,0,4,15.0067,5653.24
358,3,0,4,14.9936,5583.04
349,3,0,4,14.9773,5497.44
344,3,0,4,14.9639,5415.41
1819,3,0,4,14.9507,5321.95
335,3,0,4,14.9461,5293.66
2114,3,0,4,14.9327,5221.06
329,3,0,4,14.9302,5206.03
1979,3,0,4,14.9237,5173.68
1978,3,0,4,14.8825,4944.23
107,3,0,4,14.8744,4890.48
1967,3,0,4,14.8714,4861.77
105,3,0,4,14.8457,4711.89
124,3,0,4,14.8328,4639.01
104,3,0,4,14.8196,4569.52
1280,3,0,5,15.2749,7092.28,0.111167,484.876,0.06,6
1845,3,0,5,15.2616,7023.95
1270,3,0,5,15.2575,7002.74
1269,3,0,5,15.2455,6940.76
1259,3,0,5,15.2281,6848.64
1773,3,0,5,15.2115,6761.85
862,3,0,5,15.2004,6701.35
850,3,0,5,15.1921,6653.33
849,3,0,5,15.1842,6603.36
1774,3,0,5,15.181,6584.62
837,3,0,5,15.1702,6516.43
2010,3,0,5,15.1629,6470.33
836,3,0,5,15.1558,6422.51
827,3,0,5,15.1465,6366.79
826,3,0,5,15.1267,6257.89
815,3,0,5,15.1119,6174.09
2021,3,0,6,15.5682,8546.62,0.076,331.489,0.27,7
951,3,0,6,15.5484,8445.21
949,3,0,6,15.5372,8388.09
2025,3,0,6,15.5338,8370.63
2024,3,0,6,15.5175,8284.65
1557,3,0,6,15.5022,8205.47
1299,3,0,6,15.482,8097.79
1300,3,0,6,15.4774,8074.25
1298,3,0,6,15.4726,8047.49
2176,3,0,6,15.4661,8008.29
2066,3,0,6,15.4558,7941.1
1262,3,0,6,15.4444,7880.18
1261,3,0,6,15.4357,7833.07
1846,3,0,6,15.4037,7671.14
1281,3,0,6,15.3968,7634.29
1280,3,0,6,15.3861,7577.15
1414,3,0,7,15.8606,10025.7,0.0926667,404.184,0.21,8
1350,3,0,7,15.8462,9952.55
1351,3,0,7,15.8384,9912.46
1352,3,0,7,15.8222,9834.58
1358,3,0,7,15.8121,9782.38
1357,3,0,7,15.8009,9724.21
1356,3,0,7,15.8002,9720.49
2076,3,0,7,15.7942,9688.17
1355,3,0,7,15.793,9681.51
1364,3,0,7,15.7929,9681.3
1361,3,0,7,15.7868,9646.84
1354,3,0,7,15.7868,9646.65
2188,3,0,7,15.779,9607.38
2075,3,0,7,15.7567,9493.59
1822,3,0,7,15.7559,9489.59
1353,3,0,7,15.7478,9447.96
2118,3,0,7,15.7262,9331.29
2117,3,0,7,15.7237,9306.66
2164,3,0,7,15.7054,9192.25
1307,3,0,7,15.6915,9116.93
1303,3,0,7,15.6767,9043.3
2021,3,0,7,15.6442,8878.1
1206,3,0,8,16.0488,10941.7,0.0515,224.627,0.1,9
2081,3,0,8,16.0331,10854.2
2080,3,0,8,16.0193,10779.1
2079,3,0,8,16.0045,10705.1
1554,3,0,8,15.9964,10664.9
1416,3,0,8,15.9949,10657.1
1415,3,0,8,15.9806,10584.2
2097,3,0,8,15.9688,10523
2120,3,0,8,15.9654,10491.1
1414,3,0,8,15.9533,10429.9
1317,3,0,9,16.3679,12574.6,0.104167,454.344,0.13,10
2071,3,0,9,16.3552,12504.1
1359,3,0,9,16.3326,12385.6
1370,3,0,9,16.3316,12381.1
1360,3,0,9,16.3085,12254.3
1361,3,0,9,16.2938,12173
1354,3,0,9,16.2937,12172.9
1355,3,0,9,16.2877,12140.3
2076,3,0,9,16.2859,12131.2
1356,3,0,9,16.2783,12092.1
1357,3,0,9,16.2775,12088.3
1358,3,0,9,16.2644,12021.9
1352,3,0,9,16.2564,11978.6
1351,3,0,9,16.2461,11925.1
1350,3,0,9,16.2386,11886.4
1414,3,0,9,16.2258,11820.1
2120,3,0,9,16.2151,11764.6
2097,3,0,9,16.2066,11720.3
1415,3,0,9,16.1936,11653.5
1416,3,0,9,16.1788,11578.6
1554,3,0,9,16.1772,11570.8
2079,3,0,9,16.1689,11529.6
2080,3,0,9,16.1536,11453.2
2081,3,0,9,16.1379,11370.4
1207,3,0,9,16.1188,11267.8
2061,3,0,9,16.1104,11221
1206,3,0,9,16.1003,11166.3
999,3,0,10,16.7,14223.4,0,0,0
1002,3,0,10,16.6946,14193
1031,3,0,10,16.6829,14132.8
2031,3,0,10,16.6756,14095.8
2032,3,0,10,16.6752,14094
1053,3,0,10,16.6673,14054.8
1784,3,0,10,16.6642,14038.3
1066,3,0,10,16.6549,13991.1
2034,3,0,10,16.6379,13901.5
1850,3,0,10,16.6287,13854.5
2035,3,0,10,16.6205,13810.9
1106,3,0,10,16.6086,13746.6
2039,3,0,10,16.5962,13682.8
2106,3,0,10,16.5806,13598.2
2050,3,0,10,16.5714,13554.2
2051,3,0,10,16.56,13494
1333,3,0,10,16.5361,13368.2
1315,3,0,10,16.523,13300.8
2165,3,0,10,16.5055,13210.2
2071,3,0,10,16.4856,13102.8
1317,3,0,10,16.4721,13029
1800,4,0,0,13.7616,951.622,0.0345,150.479,0.15,1
552,4,0,0,13.7525,905.718
603,4,0,0,13.7189,740.761
604,4,0,0,13.7139,714.369
596,4,0,0,13.7137,713.397
580,4,0,0,13.7022,649.074
574,4,0,0,13.6816,541.537
573,4,0,0,13.6725,489.448
564,4,0,0,13.6652,450.205
557,4,0,0,13.6593,417.124
561,4,0,0,13.6526,370.589
628,4,0,0,13.6483,345.216
615,4,0,0,13.6435,317.236
617,4,0,0,13.64,299.689
616,4,0,0,13.6324,261.472
676,4,0,0,13.6262,230.409
674,4,0,0,13.6158,178.918
675,4,0,0,13.6092,145.841
962,4,0,0,13.5988,96.4787
961,4,0,0,13.5933,67.3447
999,4,0,0,13.58,0
449,4,0,1,13.9252,1836.91,0.0431667,188.28,0.11,2
457,4,0,1,13.9137,1774.85
456,4,0,1,13.9088,1745.81
458,4,0,1,13.8996,1684.9
459,4,0,1,13.8929,1639.55
1543,4,0,1,13.8844,1577.74
715,4,0,1,13.8793,1533.9
716,4,0,1,13.8661,1459.54
722,4,0,1,13.8655,1456.73
552,4,0,1,13.8044,1144.84
1800,4,0,1,13.7961,1102.1
362,4,0,2,14.0928,2765.87,0.0438333,191.188,0.02,3
363,4,0,2,14.0778,2683.42
367,4,0,2,14.0652,2614.55
368,4,0,2,14.0578,2579.99
451,4,0,2,14.0364,2462.69
1716,4,0,2,14.0339,2446.26
462,4,0,2,14.0267,2407.44
1990,4,0,2,14.0189,2354.4
452,4,0,2,14.015,2322.33
453,4,0,2,14.0042,2234.91
455,4,0,2,13.9929,2167.09
454,4,0,2,13.9897,2149.71
448,4,0,2,13.9833,2105.76
449,4,0,2,13.9684,2025.19
104,4,0,3,14.3421,4056.37,0.0708333,308.954,0.11,4
124,4,0,3,14.3277,3981.51
1715,4,0,3,14.2918,3800.2
136,4,0,3,14.2866,3772.52
139,4,0,3,14.2736,3702.9
140,4,0,3,14.2527,3589.25
360,4,0,3,14.214,3379.64
361,4,0,3,14.2015,3310.77
367,4,0,3,14.1677,3122.97
363,4,0,3,14.1524,3042.74
362,4,0,3,14.1367,2957.06
815,4,0,4,14.659,5768.53,0.0983333,428.9,0.22,5
816,4,0,4,14.6511,5729.39
2151,4,0,4,14.6392,5665.72
819,4,0,4,14.6244,5585.62
811,4,0,4,14.6038,5469.88
805,4,0,4,14.6,5449.05
358,4,0,4,14.5869,5378.85
349,4,0,4,14.5707,5293.25
344,4,0,4,14.5573,5211.22
1819,4,0,4,14.544,5117.76
335,4,0,4,14.5395,5089.47
2114,4,0,4,14.526,5016.87
329,4,0,4,14.5235,5001.84
1979,4,0,4,14.517,4969.49
1978,4,0,4,14.4758,4740.04
107,4,0,4,14.4677,4686.29
1967,4,0,4,14.4647,4657.59
105,4,0,4,14.439,4507.7
124,4,0,4,14.4261,4434.82
104,4,0,4,14.4129,4365.33
1280,4,0,5,14.9265,7139.59,0.0575,250.798,0.05,6
1845,4,0,5,14.9113,7063.03
1270,4,0,5,14.9077,7044.48
1269,4,0,5,14.8939,6975.04
1259,4,0,5,14.8755,6878.54
1773,4,0,5,14.8606,6798.81
862,4,0,5,14.8487,6734.85
850,4,0,5,14.8414,6688.34
849,4,0,5,14.8333,6638.15
1774,4,0,5,14.8301,6619.33
837,4,0,5,14.8194,6551.24
2010,4,0,5,14.8105,6501.79
836,4,0,5,14.8036,6454.03
827,4,0,5,14.7937,6397.3
826,4,0,5,14.7731,6284.92
815,4,0,5,14.7574,6197.43
2021,4,0,6,15.163,8346.56,0.076,331.489,0.27,7
951,4,0,6,15.1402,8233.1
949,4,0,6,15.1279,8170.85
2025,4,0,6,15.1244,8153.4
2024,4,0,6,15.1097,8074.06
1557,4,0,6,15.0951,7997.99
1299,4,0,6,15.076,7895.12
1300,4,0,6,15.0714,7871.58
1298,4,0,6,15.065,7837.88
2176,4,0,6,15.0585,7798.65
2066,4,0,6,15.0477,7730.83
1262,4,0,6,15.036,7668.45
1261,4,0,6,15.0265,7618.4
1846,4,0,6,15.0041,7496.97
1845,4,0,6,14.9971,7458.43
1280,4,0,6,14.984,7390.39
1414,4,0,7,15.4554,9825.62,0.0926667,404.184,0.21,8
1350,4,0,7,15.441,9752.49
1351,4,0,7,15.4331,9712.4
1352,4,0,7,15.417,9634.52
1358,4,0,7,15.4069,9582.32
1357,4,0,7,15.3957,9524.15
1356,4,0,7,15.3949,9520.43
2076,4,0,7,15.389,9488.11
1355,4,0,7,15.3877,9481.45
1364,4,0,7,15.3877,9481.25
1361,4,0,7,15.3815,9446.78
1354,4,0,7,15.3815,9446.59
2188,4,0,7,15.3737,9407.32
2075,4,0,7,15.3514,9293.53
1822,4,0,7,15.3506,9289.54
1353,4,0,7,15.3426,9247.9
2118,4,0,7,15.321,9131.23
2117,4,0,7,15.3184,9106.6
2164,4,0,7,15.3001,8992.19
1307,4,0,7,15.2862,8916.87
1303,4,0,7,15.2714,8843.24
2021,4,0,7,15.239,8678.05
1206,4,0,8,15.6436,10741.6,0.0928333,404.911,0.1,9
2081,4,0,8,15.6279,10654.1
2080,4,0,8,15.614,10579.1
2079,4,0,8,15.5993,10505
1554,4,0,8,15.5912,10464.9
1416,4,0,8,15.5896,10457
1415,4,0,8,15.5753,10384.1
2097,4,0,8,15.5636,10322.9
2120,4,0,8,15.5601,10291
1414,4,0,8,15.5481,10229.8
1317,4,0,9,16.0096,12583.9,0.104167,454.344,0.13,10
2071,4,0,9,15.9996,12520.8
1359,4,0,9,15.9772,12403.3
1370,4,0,9,15.9763,12398.8
1360,4,0,9,15.9432,12229.4
1361,4,0,9,15.9285,12148.5
1354,4,0,9,15.9285,12148.3
1355,4,0,9,15.9223,12115.1
2076,4,0,9,15.9205,12105.9
1356,4,0,9,15.9135,12069.1
1357,4,0,9,15.9127,12065.4
1358,4,0,9,15.901,12005.2
1352,4,0,9,15.892,11957.5
1351,4,0,9,15.8782,11889.3
1350,4,0,9,15.871,11851.8
1414,4,0,9,15.8546,11770.6
2120,4,0,9,15.8441,11716
2097,4,0,9,15.835,11668.9
1415,4,0,9,15.8222,11603.3
1416,4,0,9,15.8064,11524.3
1554,4,0,9,15.8049,11516.5
2079,4,0,9,15.7984,11482.7
2080,4,0,9,15.7834,11407.8
2081,4,0,9,15.769,11330.5
1207,4,0,9,15.7536,11243.9
2061,4,0,9,15.7463,11200.6
1206,4,0,9,15.7364,11146.5
999,4,0,10,16.3417,14232.7,0,0,0
1002,4,0,10,16.3363,14202.3
1031,4,0,10,16.3246,14142.1
2031,4,0,10,16.3173,14105.1
2032,4,0,10,16.3169,14103.3
1053,4,0,10,16.309,14064.1
1784,4,0,10,16.3058,14047.6
1066,4,0,10,16.2966,14000.4
2034,4,0,10,16.2796,13910.8
1850,4,0,10,16.2704,13863.8
2035,4,0,10,16.2622,13820.2
1106,4,0,10,16.2503,13755.9
2039,4,0,10,16.2378,13692.1
2106,4,0,10,16.2223,13607.5
2050,4,0,10,16.2131,13563.5
2051,4,0,10,16.2016,13503.3
1333,4,0,10,16.1778,13377.5
1315,4,0,10,16.1647,13310.1
2165,4,0,10,16.1472,13219.5
2071,4,0,10,16.1273,13112.1
1317,4,0,10,16.1138,13038.3
1800,5,0,0,13.8316,951.622,0.0345,150.479,0.15,1
552,5,0,0,13.8225,905.718
603,5,0,0,13.7889,740.761
604,5,0,0,13.7839,714.369
596,5,0,0,13.7837,713.397
580,5,0,0,13.7722,649.074
574,5,0,0,13.7516,541.537
573,5,0,0,13.7425,489.448
564,5,0,0,13.7352,450.205
557,5,0,0,13.7293,417.124
561,5,0,0,13.7226,370.589
628,5,0,0,13.7183,345.216
615,5,0,0,13.7135,317.236
617,5,0,0,13.71,299.689
616,5,0,0,13.7024,261.472
676,5,0,0,13.6962,230.409
674,5,0,0,13.6858,178.918
675,5,0,0,13.6792,145.841
962,5,0,0,13.6688,96.4787
961,5,0,0,13.6633,67.3447
999,5,0,0,13.65,0
449,5,0,1,13.9952,1836.91,0.0431667,188.28,0.11,2
457,5,0,1,13.9837,1774.85
456,5,0,1,13.9788,1745.81
458,5,0,1,13.9696,1684.9
459,5,0,1,13.9629,1639.55
1543,5,0,1,13.9544,1577.74
715,5,0,1,13.9493,1533.9
716,5,0,1,13.9361,1459.54
722,5,0,1,13.9355,1456.73
552,5,0,1,13.8744,1144.84
1800,5,0,1,13.8661,1102.1
362,5,0,2,14.1628,2767.92,0.0438333,191.188,0.02,3
363,5,0,2,14.1465,2679.71
440,5,0,2,14.1187,2538.94
451,5,0,2,14.1021,2452.74
1716,5,0,2,14.0997,2436.32
462,5,0,2,14.0906,2389.24
1990,5,0,2,14.0835,2336.55
452,5,0,2,14.0796,2304.49
453,5,0,2,14.0684,2217.26
455,5,0,2,14.0599,2151.77
454,5,0,2,14.0574,2137.13
448,5,0,2,14.0501,2092.21
449,5,0,2,14.0384,2025.19
104,5,0,3,14.4121,4058.41,0.0708333,308.954,0.11,4
124,5,0,3,14.3977,3983.55
1715,5,0,3,14.3618,3802.24
136,5,0,3,14.3565,3774.56
139,5,0,3,14.3435,3704.94
140,5,0,3,14.3227,3591.29
360,5,0,3,14.284,3381.68
361,5,0,3,14.2715,3312.82
367,5,0,3,14.2377,3125.01
363,5,0,3,14.2224,3044.78
362,5,0,3,14.2066,2959.1
1280,5,0,4,14.84,6328.97,0.0575,250.798,0.05,5
1845,5,0,4,14.825,6253.12
1270,5,0,4,14.8202,6229.6
1271,5,0,4,14.8084,6169.91
868,5,0,4,14.7937,6087.84
869,5,0,4,14.7744,5982.36
1856,5,0,4,14.7546,5886.87
855,5,0,4,14.7544,5886.16
843,5,0,4,14.7408,5807.1
832,5,0,4,14.7296,5743.42
831,5,0,4,14.7231,5708.41
2153,5,0,4,14.723,5708.33
821,5,0,4,14.7092,5639.47
2008,5,0,4,14.7007,5596.68
812,5,0,4,14.6829,5499.67
807,5,0,4,14.6828,5498.88
356,5,0,4,14.6701,5429.11
1981,5,0,4,14.6578,5345.6
345,5,0,4,14.6383,5244.75
341,5,0,4,14.6255,5180.33
2132,5,0,4,14.6253,5178.28
328,5,0,4,14.6085,5082.6
2115,5,0,4,14.5973,5024.18
329,5,0,4,14.5935,5003.88
1979,5,0,4,14.5869,4971.53
1978,5,0,4,14.5458,4742.09
107,5,0,4,14.5377,4688.33
1967,5,0,4,14.5347,4659.63
105,5,0,4,14.509,4509.75
124,5,0,4,14.496,4436.86
104,5,0,4,14.4829,4367.37
815,5,0,5,15.0705,7563.11,0.0461667,201.365,0.21,6
816,5,0,5,15.0625,7523.97
2151,5,0,5,15.0507,7460.3
819,5,0,5,15.0358,7380.2
2009,5,0,5,15.0289,7332.81
2010,5,0,5,15.0128,7231.56
837,5,0,5,15.005,7184.82
1774,5,0,5,14.9935,7115.49
849,5,0,5,14.9899,7095.59
850,5,0,5,14.9839,7046.47
862,5,0,5,14.979,6999.47
1773,5,0,5,14.9683,6940.8
1259,5,0,5,14.9548,6867.44
1269,5,0,5,14.9335,6758.68
1270,5,0,5,14.9164,6675.39
1845,5,0,5,14.9107,6647.8
1280,5,0,5,14.8975,6579.76
1414,5,0,6,15.4507,9714.37,0.0926667,404.184,0.21,7
1350,5,0,6,15.4355,9638.1
1351,5,0,6,15.4278,9598.49
1352,5,0,6,15.4152,9535.25
1358,5,0,6,15.4063,9488.16
1357,5,0,6,15.3957,9432.4
1356,5,0,6,15.3949,9428.68
2076,5,0,6,15.3884,9394.06
1355,5,0,6,15.3872,9387.72
1364,5,0,6,15.3872,9387.51
1361,5,0,6,15.3809,9352.4
1354,5,0,6,15.3809,9352.21
2188,5,0,6,15.3741,9317
2075,5,0,6,15.3521,9204.64
1822,5,0,6,15.3513,9200.64
1353,5,0,6,15.3433,9159
2118,5,0,6,15.3217,9042.34
2117,5,0,6,15.3191,9017.71
2164,5,0,6,15.3008,8903.3
1306,5,0,6,15.2759,8742.62
1599,5,0,6,15.2601,8653.61
1300,5,0,6,15.2555,8626.92
1298,5,0,6,15.2507,8600.17
2176,5,0,6,15.2442,8560.97
2066,5,0,6,15.2339,8493.77
869,5,0,6,15.2244,8418.85
865,5,0,6,15.2094,8328.24
852,5,0,6,15.2029,8286.73
850,5,0,6,15.1969,8243.72
849,5,0,6,15.1889,8193.75
1774,5,0,6,15.1857,8175.01
837,5,0,6,15.175,8106.82
2010,5,0,6,15.1677,8060.72
836,5,0,6,15.1606,8012.9
827,5,0,6,15.1513,7957.18
826,5,0,6,15.1315,7848.28
815,5,0,6,15.1167,7764.48
1206,5,0,7,15.6389,10630.4,0.0928333,404.911,0.1,8
2081,5,0,7,15.6232,10542.9
2080,5,0,7,15.6093,10467.8
2079,5,0,7,15.5946,10393.8
1554,5,0,7,15.5865,10353.6
1416,5,0,7,15.5849,10345.8
1415,5,0,7,15.5706,10272.9
2097,5,0,7,15.5589,10211.6
2120,5,0,7,15.5554,10179.8
1414,5,0,7,15.5434,10118.6
1317,5,0,8,16.0049,12472.7,0.104167,454.344,0.13,9
2071,5,0,8,15.9949,12409.6
1359,5,0,8,15.9726,12292
1370,5,0,8,15.9716,12287.6
1360,5,0,8,15.9385,12118.2
1361,5,0,8,15.9238,12037.3
1354,5,0,8,15.9238,12037.1
1355,5,0,8,15.9176,12003.8
2076,5,0,8,15.9158,11994.7
1356,5,0,8,15.9088,11957.8
1357,5,0,8,15.908,11954.1
1358,5,0,8,15.8963,11894
1352,5,0,8,15.8873,11846.2
1351,5,0,8,15.8735,11778.1
1350,5,0,8,15.8663,11740.5
1414,5,0,8,15.8499,11659.4
2120,5,0,8,15.8394,11604.7
2097,5,0,8,15.8303,11557.7
1415,5,0,8,15.8175,11492.1
1416,5,0,8,15.8018,11413
1554,5,0,8,15.8002,11405.2
2079,5,0,8,15.7937,11371.4
2080,5,0,8,15.7787,11296.5
2081,5,0,8,15.7643,11219.2
1207,5,0,8,15.7489,11132.7
2061,5,0,8,15.7416,11089.4
1206,5,0,8,15.7317,11035.3
2021,5,0,9,16.2331,13576.8,0.07,305.319,0.28,10
1303,5,0,9,16.2057,13433.2
1307,5,0,9,16.1972,13386.3
1308,5,0,9,16.183,13313.9
1309,5,0,9,16.166,13226
1314,5,0,9,16.1654,13223.1
2165,5,0,9,16.1425,13108.2
2071,5,0,9,16.1226,13000.8
1317,5,0,9,16.1091,12927
999,5,0,10,16.4995,14892.7,0,0,0
1002,5,0,10,16.494,14862.2
1024,5,0,10,16.4736,14758.1
1029,5,0,10,16.468,14730.8
1027,5,0,10,16.456,14670.6
1051,5,0,10,16.4428,14604
1052,5,0,10,16.435,14564.6
1804,5,0,10,16.4346,14562.5
2015,5,0,10,16.4234,14506.3
2014,5,0,10,16.4153,14465.7
2017,5,0,10,16.4141,14460.1
2170,5,0,10,16.4114,14445.9
1738,5,0,10,16.3968,14370.9
1737,5,0,10,16.3913,14342
936,5,0,10,16.3792,14276.3
933,5,0,10,16.3786,14273.4
934,5,0,10,16.3731,14235.7
943,5,0,10,16.3592,14166
942,5,0,10,16.3512,14124.8
941,5,0,10,16.3398,14067
1790,5,0,10,16.3248,13990.9
2022,5,0,10,16.3143,13940
2021,5,0,10,16.3031,13882.1
1800,6,0,0,13.3716,951.622,0.0345,150.479,0.15,1
552,6,0,0,13.3625,905.718
603,6,0,0,13.3289,740.761
604,6,0,0,13.3239,714.369
596,6,0,0,13.3237,713.397
580,6,0,0,13.3122,649.074
574,6,0,0,13.2916,541.537
573,6,0,0,13.2825,489.448
564,6,0,0,13.2752,450.205
557,6,0,0,13.2693,417.124
561,6,0,0,13.2626,370.589
628,6,0,0,13.2583,345.216
615,6,0,0,13.2535,317.236
617,6,0,0,13.25,299.689
616,6,0,0,13.2424,261.472
676,6,0,0,13.2362,230.409
674,6,0,0,13.2258,178.918
675,6,0,0,13.2192,145.841
962,6,0,0,13.2088,96.4787
961,6,0,0,13.2033,67.3447
999,6,0,0,13.19,0
449,6,0,1,13.5352,1836.91,0.0431667,188.28,0.11,2
457,6,0,1,13.5237,1774.85
456,6,0,1,13.5188,1745.81
458,6,0,1,13.5096,1684.9
459,6,0,1,13.5029,1639.55
1543,6,0,1,13.4944,1577.74
715,6,0,1,13.4893,1533.9
716,6,0,1,13.4761,1459.54
722,6,0,1,13.4755,1456.73
552,6,0,1,13.4144,1144.84
1800,6,0,1,13.4061,1102.1
362,6,0,2,13.7028,2765.87,0.0871667,380.195,0.02,3
363,6,0,2,13.6878,2683.42
367,6,0,2,13.6752,2614.55
368,6,0,2,13.6678,2579.99
451,6,0,2,13.6464,2462.69
1716,6,0,2,13.6439,2446.26
462,6,0,2,13.6367,2407.44
1990,6,0,2,13.6289,2354.4
452,6,0,2,13.625,2322.33
453,6,0,2,13.6142,2234.91
455,6,0,2,13.6029,2167.09
454,6,0,2,13.5997,2149.71
448,6,0,2,13.5933,2105.76
449,6,0,2,13.5784,2025.19
104,6,0,3,13.9979,4256.66,0.05,218.085,0.11,4
124,6,0,3,13.984,4184.1
1715,6,0,3,13.9548,4030.74
136,6,0,3,13.949,4000.98
139,6,0,3,13.9357,3929.79
140,6,0,3,13.9115,3801.85
360,6,0,3,13.8719,3588.7
361,6,0,3,13.8575,3511.32
367,6,0,3,13.8207,3310.48
363,6,0,3,13.8072,3238.05
362,6,0,3,13.79,3146.07
815,6,0,4,14.294,5877.95,0.0983333,428.9,0.22,5
816,6,0,4,14.286,5838.81
2151,6,0,4,14.2742,5775.14
819,6,0,4,14.2593,5695.04
811,6,0,4,14.2388,5579.3
805,6,0,4,14.235,5558.47
358,6,0,4,14.2219,5488.27
349,6,0,4,14.2056,5402.67
344,6,0,4,14.1922,5320.64
1819,6,0,4,14.1789,5227.18
335,6,0,4,14.1744,5198.89
2114,6,0,4,14.161,5126.29
329,6,0,4,14.1585,5111.26
1979,6,0,4,14.1519,5078.91
1978,6,0,4,14.1108,4849.46
107,6,0,4,14.1027,4795.71
1967,6,0,4,14.0997,4767.01
105,6,0,4,14.074,4617.12
124,6,0,4,14.061,4544.24
104,6,0,4,14.0479,4474.75
1280,6,0,5,14.5614,7249.01,0.0575,250.798,0.05,6
1845,6,0,5,14.5462,7172.45
1270,6,0,5,14.5427,7153.9
1269,6,0,5,14.5289,7084.46
1259,6,0,5,14.5105,6987.96
1773,6,0,5,14.4955,6908.23
862,6,0,5,14.4836,6844.27
850,6,0,5,14.4764,6797.76
849,6,0,5,14.4683,6747.58
1774,6,0,5,14.465,6728.75
837,6,0,5,14.4543,6660.66
2010,6,0,5,14.4455,6611.21
836,6,0,5,14.4385,6563.45
827,6,0,5,14.4286,6506.72
826,6,0,5,14.408,6394.34
815,6,0,5,14.3923,6306.85
1414,6,0,6,14.9065,9097.42,0.116333,507.411,0.2,7
1350,6,0,6,14.8949,9036.25
1351,6,0,6,14.8848,8987.16
1352,6,0,6,14.8716,8921.41
1358,6,0,6,14.8609,8866.42
1357,6,0,6,14.8487,8804.08
1356,6,0,6,14.8479,8800.36
2076,6,0,6,14.8383,8752.69
1355,6,0,6,14.8371,8746.04
1364,6,0,6,14.837,8745.83
1361,6,0,6,14.8308,8710.63
1354,6,0,6,14.8307,8710.43
2188,6,0,6,14.8228,8670.35
2075,6,0,6,14.7995,8552.61
1822,6,0,6,14.7987,8548.61
1353,6,0,6,14.7903,8505.57
2118,6,0,6,14.7694,8392.01
2117,6,0,6,14.7669,8367.38
2164,6,0,6,14.7486,8252.94
1306,6,0,6,14.7257,8094.11
1599,6,0,6,14.7109,8007.63
1300,6,0,6,14.7064,7981
1298,6,0,6,14.7,7947.3
2176,6,0,6,14.6934,7908.07
2066,6,0,6,14.6826,7840.25
1262,6,0,6,14.6709,7777.87
1261,6,0,6,14.6615,7727.82
1846,6,0,6,14.639,7606.39
1845,6,0,6,14.6321,7567.85
1280,6,0,6,14.6189,7499.81
1206,6,0,7,15.1183,10116.6,0.0928333,404.911,0.1,8
2081,6,0,7,15.1026,10029.1
2080,6,0,7,15.0887,9954.09
2079,6,0,7,15.074,9880.07
1554,6,0,7,15.0659,9839.89
1416,6,0,7,15.0644,9832.07
1415,6,0,7,15.05,9759.14
2097,6,0,7,15.0383,9697.92
2120,6,0,7,15.0348,9666.05
1414,6,0,7,15.0228,9604.83
999,6,0,8,15.5033,12062.3,0,0,0
1002,6,0,8,15.4992,12034.3
1031,6,0,8,15.4847,11962.1
2031,6,0,8,15.4773,11925.1
2032,6,0,8,15.4769,11923.2
1034,6,0,8,15.4623,11849
1037,6,0,8,15.4542,11805.8
1039,6,0,8,15.446,11764.2
1041,6,0,8,15.437,11718.4
2030,6,0,8,15.4308,11687.4
2158,6,0,8,15.428,11672.3
2029,6,0,8,15.4168,11614.5
1043,6,0,8,15.4167,11614.1
1044,6,0,8,15.4115,11587.8
1046,6,0,8,15.4052,11553.2
1060,6,0,8,15.3883,11466.1
1061,6,0,8,15.3813,11430.6
1063,6,0,8,15.3782,11414.5
1083,6,0,8,15.3655,11343.4
1105,6,0,8,15.3527,11275.2
1104,6,0,8,15.335,11181.9
1183,6,0,8,15.3324,11165.5
1184,6,0,8,15.327,11136.7
1663,6,0,8,15.3169,11085.3
1189,6,0,8,15.3105,11050.7
1194,6,0,8,15.2967,10973.3
1196,6,0,8,15.2965,10971.7
1550,6,0,8,15.2898,10933.2
1552,6,0,8,15.2856,10911.6
2059,6,0,8,15.2777,10871.9
1202,6,0,8,15.2604,10780.6
2096,6,0,8,15.2282,10615.3
1654,6,0,8,15.2165,10551.4
1653,6,0,8,15.2143,10539.2
1206,6,0,8,15.2111,10521.5
2021,6,1,0,15.9174,933.066,0.076,331.489,0.27,1
1791,6,1,0,15.908,886.869
939,6,1,0,15.8957,822.122
940,6,1,0,15.891,790.271
934,6,1,0,15.8692,671.154
933,6,1,0,15.8596,620.539
936,6,1,0,15.8591,617.599
1737,6,1,0,15.848,556.333
917,6,1,0,15.8345,486.808
916,6,1,0,15.8343,485.901
919,6,1,0,15.8286,446.817
2017,6,1,0,15.8285,446.644
2014,6,1,0,15.8276,441.897
2015,6,1,0,15.8195,401.182
1804,6,1,0,15.8077,342.567
1050,6,1,0,15.7962,283.282
1049,6,1,0,15.7962,283.189
1025,6,1,0,15.7886,244.63
1029,6,1,0,15.7743,173.455
1026,6,1,0,15.7646,124.916
998,6,1,0,15.7598,101.065
999,6,1,0,15.74,0
1317,6,1,1,16.1056,1862.14,0.104167,454.344,0.13,2
2071,6,1,1,16.093,1791.94
2165,6,1,1,16.0717,1679.12
1314,6,1,1,16.0537,1584.56
1309,6,1,1,16.0531,1581.69
1304,6,1,1,16.0414,1517.05
952,6,1,1,16.0153,1376.47
2022,6,1,1,16.0037,1318.24
2021,6,1,1,15.9934,1264.56
999,6,1,2,16.4377,3510.93,0,0,0
1002,6,1,2,16.4323,3480.46
1031,6,1,2,16.4206,3420.27
2031,6,1,2,16.4133,3383.27
2032,6,1,2,16.4129,3381.45
1053,6,1,2,16.405,3342.32
1784,6,1,2,16.4019,3325.76
1066,6,1,2,16.3927,3278.6
2034,6,1,2,16.3756,3188.98
1850,6,1,2,16.3664,3141.99
2035,6,1,2,16.3583,3098.37
1106,6,1,2,16.3463,3034.13
2039,6,1,2,16.3339,2970.32
2106,6,1,2,16.3183,2885.68
2050,6,1,2,16.3091,2841.7
2051,6,1,2,16.2977,2781.45
1333,6,1,2,16.2738,2655.73
1315,6,1,2,16.2607,2588.28
2165,6,1,2,16.2432,2497.69
2071,6,1,2,16.2233,2390.27
1317,6,1,2,16.2098,2316.48
1800,7,0,0,13.2416,951.622,0.0345,150.479,0.15,1
552,7,0,0,13.2325,905.718
603,7,0,0,13.1989,740.761
604,7,0,0,13.1939,714.369
596,7,0,0,13.1937,713.397
580,7,0,0,13.1822,649.074
574,7,0,0,13.1616,541.537
573,7,0,0,13.1525,489.448
564,7,0,0,13.1452,450.205
557,7,0,0,13.1393,417.124
561,7,0,0,13.1326,370.589
628,7,0,0,13.1283,345.216
615,7,0,0,13.1235,317.236
617,7,0,0,13.12,299.689
616,7,0,0,13.1124,261.472
676,7,0,0,13.1062,230.409
674,7,0,0,13.0958,178.918
675,7,0,0,13.0892,145.841
962,7,0,0,13.0788,96.4787
961,7,0,0,13.0733,67.3447
999,7,0,0,13.06,0
449,7,0,1,13.4052,1836.91,0.0431667,188.28,0.11,2
457,7,0,1,13.3938,1774.85
456,7,0,1,13.3888,1745.81
458,7,0,1,13.3796,1684.9
459,7,0,1,13.3729,1639.55
1543,7,0,1,13.3644,1577.74
715,7,0,1,13.3593,1533.9
716,7,0,1,13.3461,1459.54
722,7,0,1,13.3455,1456.73
552,7,0,1,13.2844,1144.84
1800,7,0,1,13.2761,1102.1
362,7,0,2,13.5728,2765.87,0.0871667,380.195,0.02,3
363,7,0,2,13.5578,2683.42
367,7,0,2,13.5452,2614.55
368,7,0,2,13.5378,2579.99
451,7,0,2,13.5164,2462.69
1716,7,0,2,13.5139,2446.26
462,7,0,2,13.5067,2407.44
1990,7,0,2,13.4989,2354.4
452,7,0,2,13.495,2322.33
453,7,0,2,13.4842,2234.91
455,7,0,2,13.4729,2167.09
454,7,0,2,13.4697,2149.71
448,7,0,2,13.4633,2105.76
449,7,0,2,13.4484,2025.19
104,7,0,3,13.8679,4256.66,0.05,218.085,0.11,4
124,7,0,3,13.854,4184.1
1715,7,0,3,13.8248,4030.74
136,7,0,3,13.819,4000.98
139,7,0,3,13.8057,3929.79
140,7,0,3,13.7815,3801.85
360,7,0,3,13.7419,3588.7
361,7,0,3,13.7275,3511.32
367,7,0,3,13.6907,3310.48
363,7,0,3,13.6772,3238.05
362,7,0,3,13.66,3146.07
815,7,0,4,14.1603,5858.59,0.0983333,428.9,0.22,5
816,7,0,4,14.1511,5814.17
817,7,0,4,14.1432,5768.89
803,7,0,4,14.1235,5658.74
354,7,0,4,14.1235,5658.37
357,7,0,4,14.115,5608.76
358,7,0,4,14.0963,5512.49
349,7,0,4,14.08,5427.05
344,7,0,4,14.0672,5345.73
1819,7,0,4,14.055,5252.5
335,7,0,4,14.05,5223.65
2114,7,0,4,14.0344,5141.58
329,7,0,4,14.0318,5126.41
1979,7,0,4,14.025,5092.94
1978,7,0,4,13.9853,4869.99
107,7,0,4,13.9771,4816.05
1967,7,0,4,13.974,4787.35
105,7,0,4,13.9488,4638.28
124,7,0,4,13.9309,4543.77
104,7,0,4,13.9179,4474.75
1280,7,0,5,14.4277,7229.65,0.0575,250.798,0.05,6
1845,7,0,5,14.4125,7153.09
1270,7,0,5,14.409,7134.54
1269,7,0,5,14.3952,7065.1
1259,7,0,5,14.3768,6968.6
1773,7,0,5,14.3618,6888.87
862,7,0,5,14.3499,6824.91
850,7,0,5,14.3427,6778.4
849,7,0,5,14.3346,6728.21
1774,7,0,5,14.3313,6709.39
837,7,0,5,14.3206,6641.3
2010,7,0,5,14.3118,6591.85
836,7,0,5,14.3049,6544.09
827,7,0,5,14.2949,6487.36
826,7,0,5,14.2743,6374.98
815,7,0,5,14.2586,6287.49
2021,7,0,6,14.6642,8436.61,0.0923333,402.73,0.26,7
951,7,0,6,14.6415,8323.16
949,7,0,6,14.6291,8260.91
2025,7,0,6,14.6257,8243.45
2024,7,0,6,14.611,8164.12
1557,7,0,6,14.5964,8088.04
1299,7,0,6,14.5773,7985.18
1300,7,0,6,14.5727,7961.64
1298,7,0,6,14.5663,7927.94
2176,7,0,6,14.5597,7888.7
2066,7,0,6,14.5489,7820.89
1262,7,0,6,14.5372,7758.51
1261,7,0,6,14.5278,7708.46
1846,7,0,6,14.5054,7587.03
1845,7,0,6,14.4984,7548.49
1280,7,0,6,14.4852,7480.45
1414,7,0,7,14.9754,9997.23,0.116333,507.411,0.2,8
1350,7,0,7,14.9649,9940.73
1351,7,0,7,14.9582,9905.33
1352,7,0,7,14.9452,9840.45
1358,7,0,7,14.9348,9786.79
1357,7,0,7,14.9226,9724.46
1356,7,0,7,14.9218,9720.74
2076,7,0,7,14.9122,9673.07
1355,7,0,7,14.911,9666.41
1364,7,0,7,14.9109,9666.2
1361,7,0,7,14.9046,9631
1354,7,0,7,14.9046,9630.81
2188,7,0,7,14.8966,9590.73
2075,7,0,7,14.8734,9472.99
1822,7,0,7,14.8726,9468.99
1353,7,0,7,14.8642,9425.95
2118,7,0,7,14.8433,9312.39
2117,7,0,7,14.8408,9287.76
2164,7,0,7,14.8224,9173.32
1307,7,0,7,14.8059,9086.66
1303,7,0,7,14.7948,9028.67
2021,7,0,7,14.7566,8839.34
1206,7,0,8,15.1873,11016.4,0.0928333,404.911,0.1,9
2081,7,0,8,15.1716,10929
2080,7,0,8,15.1577,10853.9
2079,7,0,8,15.143,10779.9
1554,7,0,8,15.1349,10739.7
1416,7,0,8,15.1333,10731.9
1415,7,0,8,15.119,10658.9
2097,7,0,8,15.1073,10597.7
2120,7,0,8,15.1038,10565.9
1414,7,0,8,15.0918,10504.6
999,7,0,9,15.5723,12962.1,0,0,0
1002,7,0,9,15.5682,12934.1
1031,7,0,9,15.5536,12861.9
2031,7,0,9,15.5463,12824.9
2032,7,0,9,15.5459,12823
1034,7,0,9,15.5313,12748.8
1037,7,0,9,15.5232,12705.6
1039,7,0,9,15.515,12664.1
1041,7,0,9,15.5059,12618.2
2030,7,0,9,15.4998,12587.2
2158,7,0,9,15.4969,12572.1
2029,7,0,9,15.4857,12514.3
1043,7,0,9,15.4857,12513.9
1044,7,0,9,15.4805,12487.6
1046,7,0,9,15.4742,12453
1060,7,0,9,15.4573,12365.9
1061,7,0,9,15.4503,12330.5
1063,7,0,9,15.4472,12314.3
1083,7,0,9,15.4345,12243.2
1105,7,0,9,15.4217,12175.1
1104,7,0,9,15.404,12081.7
1183,7,0,9,15.4014,12065.3
1184,7,0,9,15.396,12036.5
1663,7,0,9,15.3859,11985.1
1189,7,0,9,15.3795,11950.5
1194,7,0,9,15.3657,11873.1
1196,7,0,9,15.3654,11871.5
1550,7,0,9,15.3588,11833
1552,7,0,9,15.3545,11811.4
2059,7,0,9,15.3467,11771.7
1202,7,0,9,15.3294,11680.4
2096,7,0,9,15.2971,11515.1
1654,7,0,9,15.2854,11451.2
1653,7,0,9,15.2833,11439
1206,7,0,9,15.2801,11421.4
1317,7,1,0,16.1502,1203.7,0.104167,454.344,0.13,1
2071,7,1,0,16.1376,1133.5
2165,7,1,0,16.1164,1020.68
1315,7,1,0,16.1023,944.852
1333,7,1,0,16.0927,892.164
2051,7,1,0,16.0662,755.148
2050,7,1,0,16.0553,697.217
2106,7,1,0,16.0483,662.483
2039,7,1,0,16.0284,559.215
1106,7,1,0,16.0173,500.889
2035,7,1,0,16.0054,436.806
1850,7,1,0,15.9971,392.695
2034,7,1,0,15.9899,354.284
1066,7,1,0,15.9742,270.383
1784,7,1,0,15.9636,217.443
1053,7,1,0,15.9604,200.36
2032,7,1,0,15.9493,148.497
2031,7,1,0,15.949,146.673
1031,7,1,0,15.9407,105.841
1002,7,1,0,15.9269,36.794
999,7,1,0,15.92,0
999,7,1,1,16.4824,2852.49,0,0,0
1002,7,1,1,16.4769,2822.03
1031,7,1,1,16.4652,2761.83
2031,7,1,1,16.4579,2724.84
2032,7,1,1,16.4575,2723.01
1053,7,1,1,16.4496,2683.88
1784,7,1,1,16.4465,2667.32
1066,7,1,1,16.4373,2620.16
2034,7,1,1,16.4202,2530.55
1850,7,1,1,16.4111,2483.56
2035,7,1,1,16.4029,2439.93
1106,7,1,1,16.391,2375.7
2039,7,1,1,16.3785,2311.88
2106,7,1,1,16.363,2227.24
2050,7,1,1,16.3538,2183.26
2051,7,1,1,16.3423,2123.01
1333,7,1,1,16.3184,1997.3
1315,7,1,1,16.3054,1929.84
2165,7,1,1,16.2879,1839.25
2071,7,1,1,16.2679,1731.84
1317,7,1,1,16.2544,1658.05
2021,8,0,0,13.4755,954.157,0.0418333,182.464,0.24,1
1791,8,0,0,13.4663,908.831
939,8,0,0,13.453,839.961
940,8,0,0,13.4484,808.109
930,8,0,0,13.4362,746.307
1555,8,0,0,13.4134,630.349
915,8,0,0,13.406,593.22
2016,8,0,0,13.3845,486.314
917,8,0,0,13.3837,482.499
916,8,0,0,13.3835,481.592
919,8,0,0,13.3778,442.508
2017,8,0,0,13.3777,442.335
2014,8,0,0,13.3767,437.314
2015,8,0,0,13.3686,396.599
910,8,0,0,13.3685,396.115
909,8,0,0,13.3602,353.969
1051,8,0,0,13.3503,303.813
1025,8,0,0,13.3381,242.513
1029,8,0,0,13.3242,173.157
1026,8,0,0,13.3137,121.112
998,8,0,0,13.3091,97.9808
999,8,0,0,13.29,0
1800,8,0,1,13.836,2880.35,0.0345,150.479,0.15,2
552,8,0,1,13.823,2818.02
603,8,0,1,13.7925,2666.11
604,8,0,1,13.7888,2645.77
596,8,0,1,13.7887,2644.8
580,8,0,1,13.7784,2584.17
574,8,0,1,13.7578,2476.61
573,8,0,1,13.7486,2424.52
564,8,0,1,13.7414,2385.28
557,8,0,1,13.7355,2352.2
561,8,0,1,13.7288,2305.66
628,8,0,1,13.7245,2280.29
609,8,0,1,13.7123,2204.49
423,8,0,1,13.7064,2148.17
419,8,0,1,13.7011,2113.33
420,8,0,1,13.6959,2078.38
421,8,0,1,13.6919,2051.6
417,8,0,1,13.6875,2027.12
1989,8,0,1,13.6709,1940.71
2011,8,0,1,13.6531,1847.52
2156,8,0,1,13.6479,1820.19
2013,8,0,1,13.6472,1817.04
886,8,0,1,13.6353,1758.86
888,8,0,1,13.6155,1652.75
903,8,0,1,13.6017,1582.87
904,8,0,1,13.5983,1564.49
925,8,0,1,13.5748,1436.59
2019,8,0,1,13.5694,1409.32
929,8,0,1,13.569,1407.34
938,8,0,1,13.557,1341.49
950,8,0,1,13.5435,1270.93
951,8,0,1,13.5365,1235.21
2021,8,0,1,13.5173,1136.62
449,8,0,2,13.9996,3765.64,0.0431667,188.28,0.11,3
457,8,0,2,13.9882,3703.58
456,8,0,2,13.9832,3674.54
458,8,0,2,13.974,3613.63
459,8,0,2,13.9673,3568.28
1543,8,0,2,13.9588,3506.47
715,8,0,2,13.9537,3462.63
716,8,0,2,13.9405,3388.27
722,8,0,2,13.9399,3385.45
552,8,0,2,13.8788,3073.57
1800,8,0,2,13.8705,3030.83
362,8,0,3,14.1672,4696.64,0.0438333,191.188,0.02,4
363,8,0,3,14.1509,4608.44
440,8,0,3,14.1231,4467.66
451,8,0,3,14.1065,4381.47
1716,8,0,3,14.1041,4365.04
462,8,0,3,14.095,4317.97
1990,8,0,3,14.0879,4265.28
452,8,0,3,14.084,4233.21
453,8,0,3,14.0728,4145.99
455,8,0,3,14.0643,4080.5
454,8,0,3,14.0618,4065.85
448,8,0,3,14.0545,4020.93
449,8,0,3,14.0428,3953.92
104,8,0,4,14.4165,5987.14,0.0708333,308.954,0.11,5
124,8,0,4,14.4021,5912.28
1715,8,0,4,14.3662,5730.97
136,8,0,4,14.3609,5703.29
139,8,0,4,14.3479,5633.67
140,8,0,4,14.3271,5520.02
360,8,0,4,14.2884,5310.41
361,8,0,4,14.2759,5241.54
367,8,0,4,14.2421,5053.74
363,8,0,4,14.2268,4973.51
362,8,0,4,14.211,4887.83
1280,8,0,5,14.8444,8257.69,0.0575,250.798,0.05,6
1845,8,0,5,14.8294,8181.85
1270,8,0,5,14.8246,8158.32
1271,8,0,5,14.8128,8098.64
868,8,0,5,14.7981,8016.56
869,8,0,5,14.7788,7911.09
1856,8,0,5,14.759,7815.6
855,8,0,5,14.7588,7814.88
843,8,0,5,14.7452,7735.83
832,8,0,5,14.734,7672.15
831,8,0,5,14.7275,7637.14
2153,8,0,5,14.7274,7637.06
821,8,0,5,14.7136,7568.19
2008,8,0,5,14.7051,7525.4
812,8,0,5,14.6873,7428.39
807,8,0,5,14.6872,7427.6
356,8,0,5,14.6745,7357.84
1981,8,0,5,14.6622,7274.33
345,8,0,5,14.6427,7173.48
341,8,0,5,14.6299,7109.06
2132,8,0,5,14.6297,7107
328,8,0,5,14.6129,7011.32
2115,8,0,5,14.6017,6952.91
329,8,0,5,14.5979,6932.61
1979,8,0,5,14.5913,6900.26
1978,8,0,5,14.5502,6670.81
107,8,0,5,14.5421,6617.06
1967,8,0,5,14.5391,6588.35
105,8,0,5,14.5134,6438.47
124,8,0,5,14.5004,6365.59
104,8,0,5,14.4873,6296.09
815,8,0,6,15.0749,9491.84,0.0461667,201.365,0.21,7
816,8,0,6,15.0669,9452.69
2151,8,0,6,15.0551,9389.03
819,8,0,6,15.0402,9308.93
2009,8,0,6,15.0333,9261.54
2010,8,0,6,15.0172,9160.29
837,8,0,6,15.0094,9113.55
1774,8,0,6,14.9979,9044.22
849,8,0,6,14.9943,9024.31
850,8,0,6,14.9883,8975.2
862,8,0,6,14.9834,8928.2
1773,8,0,6,14.9727,8869.53
1259,8,0,6,14.9592,8796.17
1269,8,0,6,14.9379,8687.4
1270,8,0,6,14.9208,8604.12
1845,8,0,6,14.9151,8576.53
1280,8,0,6,14.9019,8508.49
1414,8,0,7,15.4551,11643.1,0.0926667,404.184,0.21,8
1350,8,0,7,15.4399,11566.8
1351,8,0,7,15.4322,11527.2
1352,8,0,7,15.4196,11464
1358,8,0,7,15.4107,11416.9
1357,8,0,7,15.4001,11361.1
1356,8,0,7,15.3993,11357.4
2076,8,0,7,15.3928,11322.8
1355,8,0,7,15.3916,11316.4
1364,8,0,7,15.3916,11316.2
1361,8,0,7,15.3853,11281.1
1354,8,0,7,15.3853,11280.9
2188,8,0,7,15.3785,11245.7
2075,8,0,7,15.3565,11133.4
1822,8,0,7,15.3557,11129.4
1353,8,0,7,15.3477,11087.7
2118,8,0,7,15.3261,10971.1
2117,8,0,7,15.3235,10946.4
2164,8,0,7,15.3052,10832
1306,8,0,7,15.2803,10671.3
1599,8,0,7,15.2645,10582.3
1300,8,0,7,15.2599,10555.7
1298,8,0,7,15.2551,10528.9
2176,8,0,7,15.2486,10489.7
2066,8,0,7,15.2383,10422.5
869,8,0,7,15.2288,10347.6
865,8,0,7,15.2138,10257
852,8,0,7,15.2073,10215.5
850,8,0,7,15.2013,10172.4
849,8,0,7,15.1933,10122.5
1774,8,0,7,15.1901,10103.7
837,8,0,7,15.1794,10035.5
2010,8,0,7,15.1721,9989.45
836,8,0,7,15.165,9941.62
827,8,0,7,15.1557,9885.91
826,8,0,7,15.1359,9777
815,8,0,7,15.1211,9693.2
1206,8,0,8,15.6433,12559.1,0.0928333,404.911,0.1,9
2081,8,0,8,15.6276,12471.6
2080,8,0,8,15.6137,12396.5
2079,8,0,8,15.599,12322.5
1554,8,0,8,15.5909,12282.3
1416,8,0,8,15.5893,12274.5
1415,8,0,8,15.575,12201.6
2097,8,0,8,15.5633,12140.4
2120,8,0,8,15.5598,12108.5
1414,8,0,8,15.5478,12047.3
1317,8,0,9,16.0093,14401.4,0.104167,454.344,0.13,10
2071,8,0,9,15.9993,14338.3
1359,8,0,9,15.977,14220.8
1370,8,0,9,15.976,14216.3
1360,8,0,9,15.9429,14046.9
1361,8,0,9,15.9282,13966
1354,8,0,9,15.9282,13965.8
1355,8,0,9,15.922,13932.5
2076,8,0,9,15.9202,13923.4
1356,8,0,9,15.9132,13886.6
1357,8,0,9,15.9124,13882.9
1358,8,0,9,15.9007,13822.7
1352,8,0,9,15.8917,13775
1351,8,0,9,15.8779,13706.8
1350,8,0,9,15.8707,13669.3
1414,8,0,9,15.8543,13588.1
2120,8,0,9,15.8438,13533.4
2097,8,0,9,15.8347,13486.4
1415,8,0,9,15.8219,13420.8
1416,8,0,9,15.8062,13341.8
1554,8,0,9,15.8046,13333.9
2079,8,0,9,15.7981,13300.2
2080,8,0,9,15.7831,13225.2
2081,8,0,9,15.7687,13148
1207,8,0,9,15.7533,13061.4
2061,8,0,9,15.746,13018.1
1206,8,0,9,15.7361,12964
999,8,0,10,16.3414,16050.2,0,0,0
1002,8,0,10,16.336,16019.7
1031,8,0,10,16.3243,15959.6
2031,8,0,10,16.317,15922.6
2032,8,0,10,16.3166,15920.7
1053,8,0,10,16.3087,15881.6
1784,8,0,10,16.3056,15865
1066,8,0,10,16.2963,15817.9
2034,8,0,10,16.2793,15728.3
1850,8,0,10,16.2701,15681.3
2035,8,0,10,16.2619,15637.7
1106,8,0,10,16.25,15573.4
2039,8,0,10,16.2376,15509.6
2106,8,0,10,16.222,15425
2050,8,0,10,16.2128,15381
2051,8,0,10,16.2014,15320.7
1333,8,0,10,16.1775,15195
1315,8,0,10,16.1644,15127.6
2165,8,0,10,16.1469,15037
2071,8,0,10,16.127,14929.6
1317,8,0,10,16.1135,14855.8
2021,9,0,0,13.4755,954.157,0.0418333,182.464,0.24,1
1791,9,0,0,13.4663,908.831
939,9,0,0,13.453,839.961
940,9,0,0,13.4484,808.109
930,9,0,0,13.4362,746.307
1555,9,0,0,13.4134,630.349
915,9,0,0,13.406,593.22
2016,9,0,0,13.3845,486.314
917,9,0,0,13.3837,482.499
916,9,0,0,13.3835,481.592
919,9,0,0,13.3778,442.508
2017,9,0,0,13.3777,442.335
2014,9,0,0,13.3767,437.314
2015,9,0,0,13.3686,396.599
910,9,0,0,13.3685,396.115
909,9,0,0,13.3602,353.969
1051,9,0,0,13.3503,303.813
1025,9,0,0,13.3381,242.513
1029,9,0,0,13.3242,173.157
1026,9,0,0,13.3137,121.112
998,9,0,0,13.3091,97.9808
999,9,0,0,13.29,0
1800,9,0,1,13.836,2880.35,0.0345,150.479,0.15,2
552,9,0,1,13.823,2818.02
603,9,0,1,13.7925,2666.11
604,9,0,1,13.7888,2645.77
596,9,0,1,13.7887,2644.8
580,9,0,1,13.7784,2584.17
574,9,0,1,13.7578,2476.61
573,9,0,1,13.7486,2424.52
564,9,0,1,13.7414,2385.28
557,9,0,1,13.7355,2352.2
561,9,0,1,13.7288,2305.66
628,9,0,1,13.7245,2280.29
609,9,0,1,13.7123,2204.49
423,9,0,1,13.7064,2148.17
419,9,0,1,13.7011,2113.33
420,9,0,1,13.6959,2078.38
421,9,0,1,13.6919,2051.6
417,9,0,1,13.6875,2027.12
1989,9,0,1,13.6709,1940.71
2011,9,0,1,13.6531,1847.52
2156,9,0,1,13.6479,1820.19
2013,9,0,1,13.6472,1817.04
886,9,0,1,13.6353,1758.86
888,9,0,1,13.6155,1652.75
903,9,0,1,13.6017,1582.87
904,9,0,1,13.5983,1564.49
925,9,0,1,13.5748,1436.59
2019,9,0,1,13.5694,1409.32
929,9,0,1,13.569,1407.34
938,9,0,1,13.557,1341.49
950,9,0,1,13.5435,1270.93
951,9,0,1,13.5365,1235.21
2021,9,0,1,13.5173,1136.62
449,9,0,2,13.9996,3765.64,0.0431667,188.28,0.11,3
457,9,0,2,13.9882,3703.58
456,9,0,2,13.9832,3674.54
458,9,0,2,13.974,3613.63
459,9,0,2,13.9673,3568.28
1543,9,0,2,13.9588,3506.47
715,9,0,2,13.9537,3462.63
716,9,0,2,13.9405,3388.27
722,9,0,2,13.9399,3385.45
552,9,0,2,13.8788,3073.57
1800,9,0,2,13.8705,3030.83
362,9,0,3,14.1672,4696.64,0.0438333,191.188,0.02,4
363,9,0,3,14.1509,4608.44
440,9,0,3,14.1231,4467.66
451,9,0,3,14.1065,4381.47
1716,9,0,3,14.1041,4365.04
462,9,0,3,14.095,4317.97
1990,9,0,3,14.0879,4265.28
452,9,0,3,14.084,4233.21
453,9,0,3,14.0728,4145.99
455,9,0,3,14.0643,4080.5
454,9,0,3,14.0618,4065.85
448,9,0,3,14.0545,4020.93
449,9,0,3,14.0428,3953.92
104,9,0,4,14.4165,5987.14,0.0708333,308.954,0.11,5
124,9,0,4,14.4021,5912.28
1715,9,0,4,14.3662,5730.97
136,9,0,4,14.3609,5703.29
139,9,0,4,14.3479,5633.67
140,9,0,4,14.3271,5520.02
360,9,0,4,14.2884,5310.41
361,9,0,4,14.2759,5241.54
367,9,0,4,14.2421,5053.74
363,9,0,4,14.2268,4973.51
362,9,0,4,14.211,4887.83
1280,9,0,5,14.8444,8257.69,0.0575,250.798,0.05,6
1845,9,0,5,14.8294,8181.85
1270,9,0,5,14.8246,8158.32
1271,9,0,5,14.8128,8098.64
868,9,0,5,14.7981,8016.56
869,9,0,5,14.7788,7911.09
1856,9,0,5,14.759,7815.6
855,9,0,5,14.7588,7814.88
843,9,0,5,14.7452,7735.83
832,9,0,5,14.734,7672.15
831,9,0,5,14.7275,7637.14
2153,9,0,5,14.7274,7637.06
821,9,0,5,14.7136,7568.19
2008,9,0,5,14.7051,7525.4
812,9,0,5,14.6873,7428.39
807,9,0,5,14.6872,7427.6
356,9,0,5,14.6745,7357.84
1981,9,0,5,14.6622,7274.33
345,9,0,5,14.6427,7173.48
341,9,0,5,14.6299,7109.06
2132,9,0,5,14.6297,7107
328,9,0,5,14.6129,7011.32
2115,9,0,5,14.6017,6952.91
329,9,0,5,14.5979,6932.61
1979,9,0,5,14.5913,6900.26
1978,9,0,5,14.5502,6670.81
107,9,0,5,14.5421,6617.06
1967,9,0,5,14.5391,6588.35
105,9,0,5,14.5134,6438.47
124,9,0,5,14.5004,6365.59
104,9,0,5,14.4873,6296.09
1414,9,0,6,15.1894,10106.1,0.0926667,404.184,0.21,7
1350,9,0,6,15.1779,10044.9
1351,9,0,6,15.1678,9995.84
1352,9,0,6,15.1546,9930.08
1358,9,0,6,15.1439,9875.1
1357,9,0,6,15.1317,9812.76
1356,9,0,6,15.1309,9809.04
2076,9,0,6,15.1213,9761.37
1355,9,0,6,15.1201,9754.71
1364,9,0,6,15.12,9754.51
1361,9,0,6,15.1137,9719.31
1354,9,0,6,15.1137,9719.11
2188,9,0,6,15.1058,9679.03
2075,9,0,6,15.0825,9561.29
1822,9,0,6,15.0817,9557.29
1353,9,0,6,15.0733,9514.25
2118,9,0,6,15.0524,9400.69
2117,9,0,6,15.0499,9376.06
2164,9,0,6,15.0315,9261.62
1306,9,0,6,15.0087,9102.79
1599,9,0,6,14.9939,9016.31
1300,9,0,6,14.9893,8989.68
1298,9,0,6,14.983,8955.98
2176,9,0,6,14.9764,8916.75
2066,9,0,6,14.9656,8848.93
1262,9,0,6,14.9539,8786.55
1261,9,0,6,14.9445,8736.5
1846,9,0,6,14.922,8615.07
1845,9,0,6,14.9151,8576.53
1280,9,0,6,14.9019,8508.49
1206,9,0,7,15.3776,11022.1,0.0928333,404.911,0.1,8
2081,9,0,7,15.3619,10934.6
2080,9,0,7,15.3481,10859.5
2079,9,0,7,15.3333,10785.5
1554,9,0,7,15.3252,10745.3
1416,9,0,7,15.3237,10737.5
1415,9,0,7,15.3094,10664.6
2097,9,0,7,15.2976,10603.4
2120,9,0,7,15.2942,10571.5
1414,9,0,7,15.2821,10510.3
815,9,0,8,16.0336,14456.1,0.0345,150.479,0.2,9
816,9,0,8,16.0251,14414.4
2151,9,0,8,16.012,14345.5
819,9,0,8,15.9984,14270.9
2009,9,0,8,15.9907,14222.8
2010,9,0,8,15.9742,14120.9
837,9,0,8,15.9669,14074.8
1774,9,0,8,15.9541,14002.6
849,9,0,8,15.9503,13982.1
850,9,0,8,15.9439,13933.1
852,9,0,8,15.9356,13886.5
865,9,0,8,15.9271,13839.3
869,9,0,8,15.9122,13749
2066,9,0,8,15.887,13622.2
1297,9,0,8,15.8583,13471.7
1299,9,0,8,15.8525,13439.5
1600,9,0,8,15.8511,13426
1306,9,0,8,15.8383,13341.2
1301,9,0,8,15.825,13269.4
1302,9,0,8,15.7987,13131.1
1307,9,0,8,15.7844,13051.1
1308,9,0,8,15.7736,12993.5
1309,9,0,8,15.7541,12894.7
1314,9,0,8,15.7535,12891.8
2165,9,0,8,15.7309,12778.6
2118,9,0,8,15.7293,12770.4
1353,9,0,8,15.7059,12646.2
1822,9,0,8,15.6951,12592.9
2075,9,0,8,15.6943,12588.9
2188,9,0,8,15.6717,12474.1
1354,9,0,8,15.6625,12428.8
1355,9,0,8,15.6563,12395.5
2076,9,0,8,15.6545,12386.4
1356,9,0,8,15.6475,12349.6
1357,9,0,8,15.6467,12345.9
1358,9,0,8,15.6351,12285.7
1352,9,0,8,15.626,12238
1351,9,0,8,15.6123,12169.8
1350,9,0,8,15.605,12132.3
1414,9,0,8,15.5886,12051.1
2120,9,0,8,15.5781,11996.4
2097,9,0,8,15.569,11949.4
1415,9,0,8,15.5563,11883.8
1416,9,0,8,15.5405,11804.8
1554,9,0,8,15.5389,11796.9
2079,9,0,8,15.5324,11763.2
2080,9,0,8,15.5174,11688.2
2081,9,0,8,15.5031,11611
1207,9,0,8,15.4876,11524.4
2061,9,0,8,15.4804,11481.1
1206,9,0,8,15.4705,11427
1317,9,0,9,16.3162,16084.4,0.104167,454.344,0.13,10
2071,9,0,9,16.3041,16016.3
2165,9,0,9,16.282,15900
2117,9,0,9,16.2767,15871
2164,9,0,9,16.2571,15754.7
1306,9,0,9,16.2317,15593.4
1599,9,0,9,16.2156,15503.2
1300,9,0,9,16.2109,15476.4
1298,9,0,9,16.2055,15446.6
2176,9,0,9,16.1992,15407.8
2066,9,0,9,16.1879,15339.2
869,9,0,9,16.1786,15264.2
865,9,0,9,16.1624,15171.8
852,9,0,9,16.1561,15130.4
850,9,0,9,16.1497,15087.1
849,9,0,9,16.1416,15037
1774,9,0,9,16.138,15016.6
837,9,0,9,16.1266,14947.5
2010,9,0,9,16.1188,14900.9
836,9,0,9,16.1118,14853.1
827,9,0,9,16.1019,14796.3
826,9,0,9,16.0825,14689.3
815,9,0,9,16.0681,14606.6
999,9,0,10,16.6484,17733.2,0,0,0
1002,9,0,10,16.6429,17702.7
1031,9,0,10,16.6312,17642.5
2031,9,0,10,16.6239,17605.5
2032,9,0,10,16.6235,17603.7
1053,9,0,10,16.6156,17564.5
1784,9,0,10,16.6125,17548
1066,9,0,10,16.6033,17500.8
2034,9,0,10,16.5862,17411.2
1850,9,0,10,16.577,17364.2
2035,9,0,10,16.5689,17320.6
1106,9,0,10,16.5569,17256.4
2039,9,0,10,16.5445,17192.5
2106,9,0,10,16.529,17107.9
2050,9,0,10,16.5198,17063.9
2051,9,0,10,16.5083,17003.7
1333,9,0,10,16.4844,16878
1315,9,0,10,16.4714,16810.5
2165,9,0,10,16.4538,16719.9
2071,9,0,10,16.4339,16612.5
1317,9,0,10,16.4204,16538.7
2021,10,0,0,13.2255,954.157,0.0418333,182.464,0.24,1
1791,10,0,0,13.2163,908.831
939,10,0,0,13.203,839.961
940,10,0,0,13.1984,808.109
930,10,0,0,13.1862,746.307
1555,10,0,0,13.1634,630.349
915,10,0,0,13.156,593.22
2016,10,0,0,13.1345,486.314
917,10,0,0,13.1337,482.499
916,10,0,0,13.1335,481.592
919,10,0,0,13.1278,442.508
2017,10,0,0,13.1277,442.335
2014,10,0,0,13.1267,437.314
2015,10,0,0,13.1186,396.599
910,10,0,0,13.1185,396.115
909,10,0,0,13.1102,353.969
1051,10,0,0,13.1003,303.813
1025,10,0,0,13.0881,242.513
1029,10,0,0,13.0742,173.157
1026,10,0,0,13.0637,121.112
998,10,0,0,13.0591,97.9808
999,10,0,0,13.04,0
1800,10,0,1,13.586,2880.35,0.0345,150.479,0.15,2
552,10,0,1,13.573,2818.02
603,10,0,1,13.5425,2666.11
604,10,0,1,13.5388,2645.77
596,10,0,1,13.5387,2644.8
580,10,0,1,13.5284,2584.17
574,10,0,1,13.5078,2476.61
573,10,0,1,13.4986,2424.52
564,10,0,1,13.4914,2385.28
557,10,0,1,13.4855,2352.2
561,10,0,1,13.4788,2305.66
628,10,0,1,13.4745,2280.29
609,10,0,1,13.4623,2204.49
423,10,0,1,13.4564,2148.17
419,10,0,1,13.4511,2113.33
420,10,0,1,13.4459,2078.38
421,10,0,1,13.4419,2051.6
417,10,0,1,13.4375,2027.12
1989,10,0,1,13.4209,1940.71
2011,10,0,1,13.4031,1847.52
2156,10,0,1,13.3979,1820.19
2013,10,0,1,13.3972,1817.04
886,10,0,1,13.3853,1758.86
888,10,0,1,13.3655,1652.75
903,10,0,1,13.3517,1582.87
904,10,0,1,13.3483,1564.49
925,10,0,1,13.3248,1436.59
2019,10,0,1,13.3194,1409.32
929,10,0,1,13.319,1407.34
938,10,0,1,13.307,1341.49
950,10,0,1,13.2935,1270.93
951,10,0,1,13.2865,1235.21
2021,10,0,1,13.2673,1136.62
449,10,0,2,13.7496,3765.64,0.0431667,188.28,0.11,3
457,10,0,2,13.7382,3703.58
456,10,0,2,13.7332,3674.54
458,10,0,2,13.724,3613.63
459,10,0,2,13.7173,3568.28
1543,10,0,2,13.7088,3506.47
715,10,0,2,13.7037,3462.63
716,10,0,2,13.6905,3388.27
722,10,0,2,13.6899,3385.45
552,10,0,2,13.6288,3073.57
1800,10,0,2,13.6205,3030.83
362,10,0,3,13.9172,4694.6,0.0871667,380.195,0.02,4
363,10,0,3,13.9022,4612.15
367,10,0,3,13.8896,4543.27
368,10,0,3,13.8822,4508.71
451,10,0,3,13.8608,4391.41
1716,10,0,3,13.8583,4374.99
462,10,0,3,13.8511,4336.17
1990,10,0,3,13.8433,4283.13
452,10,0,3,13.8394,4251.06
453,10,0,3,13.8286,4163.64
455,10,0,3,13.8173,4095.82
454,10,0,3,13.8141,4078.44
448,10,0,3,13.8077,4034.49
449,10,0,3,13.7928,3953.92
104,10,0,4,14.2098,6174.11,0.0708333,308.954,0.11,5
124,10,0,4,14.1954,6099.24
1715,10,0,4,14.1596,5917.93
136,10,0,4,14.1543,5890.25
139,10,0,4,14.1413,5820.63
140,10,0,4,14.1205,5706.98
360,10,0,4,14.0817,5497.37
361,10,0,4,14.0693,5428.51
367,10,0,4,14.0354,5240.7
363,10,0,4,14.0201,5160.47
362,10,0,4,14.0044,5074.79
1280,10,0,5,14.6378,8444.66,0.0575,250.798,0.05,6
1845,10,0,5,14.6227,8368.81
1270,10,0,5,14.618,8345.29
1271,10,0,5,14.6062,8285.61
868,10,0,5,14.5914,8203.53
869,10,0,5,14.5722,8098.05
1856,10,0,5,14.5523,8002.56
855,10,0,5,14.5522,8001.85
843,10,0,5,14.5386,7922.79
832,10,0,5,14.5274,7859.11
831,10,0,5,14.5208,7824.1
2153,10,0,5,14.5208,7824.02
821,10,0,5,14.507,7755.16
2008,10,0,5,14.4985,7712.37
812,10,0,5,14.4807,7615.36
807,10,0,5,14.4805,7614.57
356,10,0,5,14.4679,7544.8
1981,10,0,5,14.4556,7461.3
345,10,0,5,14.4361,7360.44
341,10,0,5,14.4233,7296.02
2132,10,0,5,14.4231,7293.97
328,10,0,5,14.4063,7198.29
2115,10,0,5,14.3951,7139.87
329,10,0,5,14.3913,7119.58
1979,10,0,5,14.3847,7087.22
1978,10,0,5,14.3436,6857.78
107,10,0,5,14.3355,6804.02
1967,10,0,5,14.3325,6775.32
105,10,0,5,14.3067,6625.44
124,10,0,5,14.2938,6552.55
104,10,0,5,14.2807,6483.06
1414,10,0,6,14.9828,10293.1,0.116333,507.411,0.2,7
1350,10,0,6,14.9712,10231.9
1351,10,0,6,14.9612,10182.8
1352,10,0,6,14.948,10117
1358,10,0,6,14.9372,10062.1
1357,10,0,6,14.9251,9999.72
1356,10,0,6,14.9243,9996
2076,10,0,6,14.9147,9948.34
1355,10,0,6,14.9134,9941.68
1364,10,0,6,14.9134,9941.47
1361,10,0,6,14.9071,9906.27
1354,10,0,6,14.9071,9906.08
2188,10,0,6,14.8991,9866
2075,10,0,6,14.8759,9748.25
1822,10,0,6,14.875,9744.26
1353,10,0,6,14.8667,9701.21
2118,10,0,6,14.8458,9587.65
2117,10,0,6,14.8433,9563.02
2164,10,0,6,14.8249,9448.58
1306,10,0,6,14.8021,9289.75
1599,10,0,6,14.7872,9203.27
1300,10,0,6,14.7827,9176.64
1298,10,0,6,14.7763,9142.94
2176,10,0,6,14.7698,9103.71
2066,10,0,6,14.759,9035.9
1262,10,0,6,14.7473,8973.51
1261,10,0,6,14.7378,8923.46
1846,10,0,6,14.7154,8802.04
1845,10,0,6,14.7084,8763.49
1280,10,0,6,14.6953,8695.46
1206,10,0,7,15.1947,11312.3,0.0928333,404.911,0.1,8
2081,10,0,7,15.179,11224.8
2080,10,0,7,15.1651,11149.7
2079,10,0,7,15.1503,11075.7
1554,10,0,7,15.1423,11035.5
1416,10,0,7,15.1407,11027.7
1415,10,0,7,15.1264,10954.8
2097,10,0,7,15.1147,10893.6
2120,10,0,7,15.1112,10861.7
1414,10,0,7,15.0991,10800.5
999,10,0,8,15.5797,13258,0,0,0
1002,10,0,8,15.5756,13229.9
1031,10,0,8,15.561,13157.7
2031,10,0,8,15.5537,13120.7
2032,10,0,8,15.5533,13118.9
1034,10,0,8,15.5387,13044.7
1037,10,0,8,15.5306,13001.5
1039,10,0,8,15.5224,12959.9
1041,10,0,8,15.5133,12914
2030,10,0,8,15.5071,12883.1
2158,10,0,8,15.5043,12868
2029,10,0,8,15.4931,12810.1
1043,10,0,8,15.493,12809.7
1044,10,0,8,15.4879,12783.4
1046,10,0,8,15.4816,12748.9
1060,10,0,8,15.4647,12661.8
1061,10,0,8,15.4576,12626.3
1063,10,0,8,15.4546,12610.1
1083,10,0,8,15.4419,12539.1
1105,10,0,8,15.4291,12470.9
1104,10,0,8,15.4114,12377.6
1183,10,0,8,15.4088,12361.1
1184,10,0,8,15.4034,12332.3
1663,10,0,8,15.3933,12281
1189,10,0,8,15.3869,12246.3
1194,10,0,8,15.3731,12168.9
1196,10,0,8,15.3728,12167.3
1550,10,0,8,15.3661,12128.8
1552,10,0,8,15.3619,12107.2
2059,10,0,8,15.354,12067.5
1202,10,0,8,15.3368,11976.2
2096,10,0,8,15.3045,11810.9
1654,10,0,8,15.2928,11747.1
1653,10,0,8,15.2907,11734.8
1206,10,0,8,15.2875,11717.2
815,10,1,0,16.2655,1689.49,0.0345,150.479,0.2,1
816,10,1,0,16.2587,1655.02
2151,10,1,0,16.2458,1586.88
819,10,1,0,16.2316,1509.82
820,10,1,0,16.2113,1406.83
2152,10,1,0,16.1977,1333.75
2008,10,1,0,16.188,1284.55
821,10,1,0,16.1825,1254.45
2153,10,1,0,16.1731,1204.06
831,10,1,0,16.173,1203.98
825,10,1,0,16.1726,1201.95
834,10,1,0,16.1496,1093.82
833,10,1,0,16.1472,1080.64
899,10,1,0,16.1231,950.922
900,10,1,0,16.1069,862.983
901,10,1,0,16.1014,834.241
902,10,1,0,16.086,754.416
904,10,1,0,16.074,688.787
903,10,1,0,16.0707,670.844
905,10,1,0,16.0506,565.312
889,10,1,0,16.0426,522.477
890,10,1,0,16.0362,487.487
1556,10,1,0,16.0273,438.546
891,10,1,0,16.0155,379.078
893,10,1,0,16.009,346.181
894,10,1,0,16.0054,328.364
897,10,1,0,15.9893,246.249
1028,10,1,0,15.9776,188.7
1026,10,1,0,15.9646,124.916
998,10,1,0,15.9598,101.065
999,10,1,0,15.94,0
1317,10,1,1,16.5481,3317.74,0.104167,454.344,0.13,2
2071,10,1,1,16.5359,3249.65
2165,10,1,1,16.5139,3133.33
2117,10,1,1,16.5086,3104.34
2164,10,1,1,16.489,2988.06
1306,10,1,1,16.4636,2826.8
1599,10,1,1,16.4475,2736.57
1300,10,1,1,16.4428,2709.76
1298,10,1,1,16.4374,2679.97
2176,10,1,1,16.4311,2641.14
2066,10,1,1,16.4198,2572.61
869,10,1,1,16.4105,2497.58
865,10,1,1,16.3943,2405.12
852,10,1,1,16.388,2363.73
850,10,1,1,16.3816,2320.5
849,10,1,1,16.3735,2270.33
1774,10,1,1,16.3698,2249.96
837,10,1,1,16.3584,2180.92
2010,10,1,1,16.3507,2134.26
836,10,1,1,16.3437,2086.47
827,10,1,1,16.3338,2029.69
826,10,1,1,16.3144,1922.7
815,10,1,1,16.3,1839.97
999,10,1,2,16.8802,4966.53,0,0,0
1002,10,1,2,16.8748,4936.06
1031,10,1,2,16.8631,4875.87
2031,10,1,2,16.8558,4838.88
2032,10,1,2,16.8554,4837.05
1053,10,1,2,16.8475,4797.92
1784,10,1,2,16.8444,4781.36
1066,10,1,2,16.8351,4734.2
2034,10,1,2,16.8181,4644.58
1850,10,1,2,16.8089,4597.59
2035,10,1,2,16.8007,4553.97
1106,10,1,2,16.7888,4489.73
2039,10,1,2,16.7764,4425.92
2106,10,1,2,16.7608,4341.28
2050,10,1,2,16.7516,4297.3
2051,10,1,2,16.7402,4237.05
1333,10,1,2,16.7163,4111.33
1315,10,1,2,16.7032,4043.88
2165,10,1,2,16.6857,3953.29
2071,10,1,2,16.6658,3845.87
1317,10,1,2,16.6523,3772.09
