Node, Individual, Route,Segment, Travel time, Travel cost, Attention time, Attention cost, Failure rate, Demand
1800,0,0,0,13.7616,951.622,0.0345,150.479,0.15,1
552,0,0,0,13.7525,905.718
603,0,0,0,13.7189,740.761
604,0,0,0,13.7139,714.369
596,0,0,0,13.7137,713.397
580,0,0,0,13.7022,649.074
574,0,0,0,13.6816,541.537
573,0,0,0,13.6725,489.448
564,0,0,0,13.6652,450.205
557,0,0,0,13.6593,417.124
561,0,0,0,13.6526,370.589
628,0,0,0,13.6483,345.216
615,0,0,0,13.6435,317.236
617,0,0,0,13.64,299.689
616,0,0,0,13.6324,261.472
676,0,0,0,13.6262,230.409
674,0,0,0,13.6158,178.918
675,0,0,0,13.6092,145.841
962,0,0,0,13.5988,96.4787
961,0,0,0,13.5933,67.3447
999,0,0,0,13.58,0
449,0,0,1,13.9252,1836.91,0.0431667,188.28,0.11,2
457,0,0,1,13.9137,1774.85
456,0,0,1,13.9088,1745.81
458,0,0,1,13.8996,1684.9
459,0,0,1,13.8929,1639.55
1543,0,0,1,13.8844,1577.74
715,0,0,1,13.8793,1533.9
716,0,0,1,13.8661,1459.54
722,0,0,1,13.8655,1456.73
552,0,0,1,13.8044,1144.84
1800,0,0,1,13.7961,1102.1
362,0,0,2,14.0928,2765.87,0.0438333,191.188,0.02,3
363,0,0,2,14.0778,2683.42
367,0,0,2,14.0652,2614.55
368,0,0,2,14.0578,2579.99
451,0,0,2,14.0364,2462.69
1716,0,0,2,14.0339,2446.26
462,0,0,2,14.0267,2407.44
1990,0,0,2,14.0189,2354.4
452,0,0,2,14.015,2322.33
453,0,0,2,14.0042,2234.91
455,0,0,2,13.9929,2167.09
454,0,0,2,13.9897,2149.71
448,0,0,2,13.9833,2105.76
449,0,0,2,13.9684,2025.19
104,0,0,3,14.3421,4056.37,0.0708333,308.954,0.11,4
124,0,0,3,14.3277,3981.51
1715,0,0,3,14.2918,3800.2
136,0,0,3,14.2866,3772.52
139,0,0,3,14.2736,3702.9
140,0,0,3,14.2527,3589.25
360,0,0,3,14.214,3379.64
361,0,0,3,14.2015,3310.77
367,0,0,3,14.1677,3122.97
363,0,0,3,14.1524,3042.74
362,0,0,3,14.1367,2957.06
815,0,0,4,14.659,5768.53,0.0983333,428.9,0.22,5
816,0,0,4,14.6511,5729.39
2151,0,0,4,14.6392,5665.72
819,0,0,4,14.6244,5585.62
811,0,0,4,14.6038,5469.88
805,0,0,4,14.6,5449.05
358,0,0,4,14.5869,5378.85
349,0,0,4,14.5707,5293.25
344,0,0,4,14.5573,5211.22
1819,0,0,4,14.544,5117.76
335,0,0,4,14.5395,5089.47
2114,0,0,4,14.526,5016.87
329,0,0,4,14.5235,5001.84
1979,0,0,4,14.517,4969.49
1978,0,0,4,14.4758,4740.04
107,0,0,4,14.4677,4686.29
1967,0,0,4,14.4647,4657.59
105,0,0,4,14.439,4507.7
124,0,0,4,14.4261,4434.82
104,0,0,4,14.4129,4365.33
1280,0,0,5,14.9265,7139.59,0.0575,250.798,0.05,6
1845,0,0,5,14.9113,7063.03
1270,0,0,5,14.9077,7044.48
1269,0,0,5,14.8939,6975.04
1259,0,0,5,14.8755,6878.54
1773,0,0,5,14.8606,6798.81
862,0,0,5,14.8487,6734.85
850,0,0,5,14.8414,6688.34
849,0,0,5,14.8333,6638.15
1774,0,0,5,14.8301,6619.33
837,0,0,5,14.8194,6551.24
2010,0,0,5,14.8105,6501.79
836,0,0,5,14.8036,6454.03
827,0,0,5,14.7937,6397.3
826,0,0,5,14.7731,6284.92
815,0,0,5,14.7574,6197.43
2021,0,0,6,15.163,8346.56,0.076,331.489,0.27,7
951,0,0,6,15.1402,8233.1
949,0,0,6,15.1279,8170.85
2025,0,0,6,15.1244,8153.4
2024,0,0,6,15.1097,8074.06
1557,0,0,6,15.0951,7997.99
1299,0,0,6,15.076,7895.12
1300,0,0,6,15.0714,7871.58
1298,0,0,6,15.065,7837.88
2176,0,0,6,15.0585,7798.65
2066,0,0,6,15.0477,7730.83
1262,0,0,6,15.036,7668.45
1261,0,0,6,15.0265,7618.4
1846,0,0,6,15.0041,7496.97
1845,0,0,6,14.9971,7458.43
1280,0,0,6,14.984,7390.39
1317,0,0,7,15.3512,9275.63,0.0693333,302.411,0.21,8
2071,0,0,7,15.3385,9205.43
2165,0,0,7,15.3173,9092.61
1314,0,0,7,15.2992,8998.05
1309,0,0,7,15.2986,8995.18
1304,0,0,7,15.287,8930.54
952,0,0,7,15.2608,8789.96
2022,0,0,7,15.2492,8731.74
2021,0,0,7,15.239,8678.05
1414,0,0,8,15.5724,10375,0.0926667,404.184,0.21,9
1350,0,0,8,15.5579,10301.9
1351,0,0,8,15.5501,10261.8
1352,0,0,8,15.5339,10183.9
1358,0,0,8,15.5238,10131.7
1357,0,0,8,15.5127,10073.5
1356,0,0,8,15.5119,10069.8
2076,0,0,8,15.5059,10037.5
1355,0,0,8,15.5047,10030.8
1364,0,0,8,15.5046,10030.6
1361,0,0,8,15.4985,9996.18
1360,0,0,8,15.4799,9898.13
1370,0,0,8,15.4507,9745.5
1359,0,0,8,15.4498,9741.04
2071,0,0,8,15.4326,9645.64
1317,0,0,8,15.4205,9578.04
1206,0,0,9,15.7606,11291,0.0928333,404.911,0.1,10
2081,0,0,9,15.7448,11203.5
2080,0,0,9,15.731,11128.5
2079,0,0,9,15.7162,11054.4
1554,0,0,9,15.7082,11014.3
1416,0,0,9,15.7066,11006.4
1415,0,0,9,15.6923,10933.5
2097,0,0,9,15.6806,10872.3
2120,0,0,9,15.6771,10840.4
1414,0,0,9,15.665,10779.2
999,0,0,10,16.1456,13236.7,0,0,0
1002,0,0,10,16.1415,13208.6
1031,0,0,10,16.1269,13136.4
2031,0,0,10,16.1196,13099.4
2032,0,0,10,16.1192,13097.6
1034,0,0,10,16.1045,13023.4
1037,0,0,10,16.0964,12980.2
1039,0,0,10,16.0883,12938.6
1041,0,0,10,16.0792,12892.7
2030,0,0,10,16.073,12861.8
2158,0,0,10,16.0702,12846.7
2029,0,0,10,16.059,12788.9
1043,0,0,10,16.0589,12788.5
1044,0,0,10,16.0538,12762.1
1046,0,0,10,16.0475,12727.6
1060,0,0,10,16.0306,12640.5
1061,0,0,10,16.0235,12605
1063,0,0,10,16.0205,12588.9
1083,0,0,10,16.0078,12517.8
1105,0,0,10,15.995,12449.6
1104,0,0,10,15.9772,12356.3
1183,0,0,10,15.9747,12339.8
1184,0,0,10,15.9693,12311.1
1663,0,0,10,15.9592,12259.7
1189,0,0,10,15.9528,12225.1
1194,0,0,10,15.939,12147.6
1196,0,0,10,15.9387,12146
1550,0,0,10,15.932,12107.6
1552,0,0,10,15.9278,12085.9
2059,0,0,10,15.9199,12046.3
1202,0,0,10,15.9026,11955
2096,0,0,10,15.8704,11789.6
1654,0,0,10,15.8587,11725.8
1653,0,0,10,15.8566,11713.5
1206,0,0,10,15.8534,11695.9
1800,1,0,0,13.3616,951.622,0.0345,150.479,0.15,1
552,1,0,0,13.3525,905.718
603,1,0,0,13.3189,740.761
604,1,0,0,13.3139,714.369
596,1,0,0,13.3137,713.397
580,1,0,0,13.3022,649.074
574,1,0,0,13.2816,541.537
573,1,0,0,13.2725,489.448
564,1,0,0,13.2652,450.205
557,1,0,0,13.2593,417.124
561,1,0,0,13.2526,370.589
628,1,0,0,13.2483,345.216
615,1,0,0,13.2435,317.236
617,1,0,0,13.24,299.689
616,1,0,0,13.2324,261.472
676,1,0,0,13.2262,230.409
674,1,0,0,13.2158,178.918
675,1,0,0,13.2092,145.841
962,1,0,0,13.1988,96.4787
961,1,0,0,13.1933,67.3447
999,1,0,0,13.18,0
449,1,0,1,13.5252,1836.91,0.0431667,188.28,0.11,2
457,1,0,1,13.5138,1774.85
456,1,0,1,13.5088,1745.81
458,1,0,1,13.4996,1684.9
459,1,0,1,13.4929,1639.55
1543,1,0,1,13.4844,1577.74
715,1,0,1,13.4793,1533.9
716,1,0,1,13.4661,1459.54
722,1,0,1,13.4655,1456.73
552,1,0,1,13.4044,1144.84
1800,1,0,1,13.3961,1102.1
362,1,0,2,13.6928,2765.87,0.0871667,380.195,0.02,3
363,1,0,2,13.6778,2683.42
367,1,0,2,13.6652,2614.55
368,1,0,2,13.6578,2579.99
451,1,0,2,13.6364,2462.69
1716,1,0,2,13.6339,2446.26
462,1,0,2,13.6267,2407.44
1990,1,0,2,13.6189,2354.4
452,1,0,2,13.615,2322.33
453,1,0,2,13.6042,2234.91
455,1,0,2,13.5929,2167.09
454,1,0,2,13.5897,2149.71
448,1,0,2,13.5833,2105.76
449,1,0,2,13.5684,2025.19
104,1,0,3,13.9879,4256.66,0.05,218.085,0.11,4
124,1,0,3,13.974,4184.1
1715,1,0,3,13.9448,4030.74
136,1,0,3,13.939,4000.98
139,1,0,3,13.9257,3929.79
140,1,0,3,13.9015,3801.85
360,1,0,3,13.8619,3588.7
361,1,0,3,13.8475,3511.32
367,1,0,3,13.8107,3310.48
363,1,0,3,13.7972,3238.05
362,1,0,3,13.78,3146.07
815,1,0,4,14.284,5877.95,0.0983333,428.9,0.22,5
816,1,0,4,14.276,5838.81
2151,1,0,4,14.2642,5775.14
819,1,0,4,14.2493,5695.04
811,1,0,4,14.2288,5579.3
805,1,0,4,14.225,5558.47
358,1,0,4,14.2119,5488.27
349,1,0,4,14.1956,5402.67
344,1,0,4,14.1822,5320.64
1819,1,0,4,14.1689,5227.18
335,1,0,4,14.1644,5198.89
2114,1,0,4,14.151,5126.29
329,1,0,4,14.1485,5111.26
1979,1,0,4,14.1419,5078.91
1978,1,0,4,14.1008,4849.46
107,1,0,4,14.0927,4795.71
1967,1,0,4,14.0897,4767.01
105,1,0,4,14.064,4617.12
124,1,0,4,14.051,4544.24
104,1,0,4,14.0379,4474.75
1280,1,0,5,14.5514,7249.01,0.0575,250.798,0.05,6
1845,1,0,5,14.5362,7172.45
1270,1,0,5,14.5327,7153.9
1269,1,0,5,14.5189,7084.46
1259,1,0,5,14.5005,6987.96
1773,1,0,5,14.4855,6908.23
862,1,0,5,14.4736,6844.27
850,1,0,5,14.4664,6797.76
849,1,0,5,14.4583,6747.58
1774,1,0,5,14.455,6728.75
837,1,0,5,14.4443,6660.66
2010,1,0,5,14.4355,6611.21
836,1,0,5,14.4285,6563.45
827,1,0,5,14.4186,6506.72
826,1,0,5,14.398,6394.34
815,1,0,5,14.3823,6306.85
2021,1,0,6,14.7879,8455.98,0.0923333,402.73,0.26,7
951,1,0,6,14.7652,8342.52
949,1,0,6,14.7528,8280.27
2025,1,0,6,14.7494,8262.82
2024,1,0,6,14.7346,8183.48
1557,1,0,6,14.7201,8107.41
1299,1,0,6,14.701,8004.54
1300,1,0,6,14.6964,7981
1298,1,0,6,14.69,7947.3
2176,1,0,6,14.6834,7908.07
2066,1,0,6,14.6726,7840.25
1262,1,0,6,14.6609,7777.87
1261,1,0,6,14.6515,7727.82
1846,1,0,6,14.629,7606.39
1845,1,0,6,14.6221,7567.85
1280,1,0,6,14.6089,7499.81
1317,1,0,7,15.0067,9516.53,0.0693333,302.411,0.21,8
2071,1,0,7,14.9941,9446.63
2165,1,0,7,14.9716,9328.52
1314,1,0,7,14.9526,9230
1309,1,0,7,14.952,9227.12
1304,1,0,7,14.9377,9150.99
952,1,0,7,14.9064,8988.36
2022,1,0,7,14.8948,8930.14
2021,1,0,7,14.8803,8858.71
1414,1,0,8,15.2279,10615.9,0.0926667,404.184,0.21,9
1350,1,0,8,15.2134,10542.8
1351,1,0,8,15.2056,10502.7
1352,1,0,8,15.1894,10424.8
1358,1,0,8,15.1793,10372.6
1357,1,0,8,15.1681,10314.4
1356,1,0,8,15.1674,10310.7
2076,1,0,8,15.1614,10278.4
1355,1,0,8,15.1602,10271.7
1364,1,0,8,15.1601,10271.5
1361,1,0,8,15.154,10237.1
1360,1,0,8,15.1354,10139
1370,1,0,8,15.1062,9986.4
1359,1,0,8,15.1053,9981.94
2071,1,0,8,15.0881,9886.54
1317,1,0,8,15.076,9818.94
1206,1,0,9,15.416,11531.9,0.0928333,404.911,0.1,10
2081,1,0,9,15.4003,11444.4
2080,1,0,9,15.3865,11369.4
2079,1,0,9,15.3717,11295.3
1554,1,0,9,15.3636,11255.2
1416,1,0,9,15.3621,11247.3
1415,1,0,9,15.3478,11174.4
2097,1,0,9,15.3361,11113.2
2120,1,0,9,15.3326,11081.3
1414,1,0,9,15.3205,11020.1
999,1,0,10,15.8011,13477.6,0,0,0
1002,1,0,10,15.797,13449.5
1031,1,0,10,15.7824,13377.3
2031,1,0,10,15.7751,13340.3
2032,1,0,10,15.7747,13338.5
1034,1,0,10,15.76,13264.3
1037,1,0,10,15.7519,13221.1
1039,1,0,10,15.7438,13179.5
1041,1,0,10,15.7347,13133.6
2030,1,0,10,15.7285,13102.7
2158,1,0,10,15.7257,13087.6
2029,1,0,10,15.7145,13029.8
1043,1,0,10,15.7144,13029.3
1044,1,0,10,15.7092,13003
1046,1,0,10,15.7029,12968.5
1060,1,0,10,15.6861,12881.4
1061,1,0,10,15.679,12845.9
1063,1,0,10,15.676,12829.8
1083,1,0,10,15.6633,12758.7
1105,1,0,10,15.6505,12690.5
1104,1,0,10,15.6327,12597.2
1183,1,0,10,15.6302,12580.7
1184,1,0,10,15.6247,12552
1663,1,0,10,15.6147,12500.6
1189,1,0,10,15.6083,12466
1194,1,0,10,15.5945,12388.5
1196,1,0,10,15.5942,12386.9
1550,1,0,10,15.5875,12348.5
1552,1,0,10,15.5833,12326.8
2059,1,0,10,15.5754,12287.2
1202,1,0,10,15.5581,12195.9
2096,1,0,10,15.5259,12030.5
1654,1,0,10,15.5142,11966.7
1653,1,0,10,15.5121,11954.4
1206,1,0,10,15.5089,11936.8
1800,2,0,0,14.3135,1007.05,0.0793333,346.028,0.17,1
552,2,0,0,14.2992,939.646
603,2,0,0,14.2676,783.092
604,2,0,0,14.2628,757.682
596,2,0,0,14.2627,756.71
580,2,0,0,14.2484,680.504
574,2,0,0,14.227,569.599
573,2,0,0,14.2173,515.193
564,2,0,0,14.2105,477.803
557,2,0,0,14.2045,444.257
561,2,0,0,14.1984,397.895
628,2,0,0,14.1948,373.421
615,2,0,0,14.1905,346.226
617,2,0,0,14.1871,328.679
616,2,0,0,14.1804,294.749
676,2,0,0,14.1743,263.686
674,2,0,0,14.1593,194.033
675,2,0,0,14.1528,160.956
962,2,0,0,14.1441,118.866
961,2,0,0,14.1368,81.8149
999,2,0,0,14.12,0
449,2,0,1,14.5266,2106.84,0.0403333,175.922,0.13,2
457,2,0,1,14.5124,2032.64
456,2,0,1,14.5069,2002.26
458,2,0,1,14.4947,1934.36
459,2,0,1,14.4891,1889.14
1543,2,0,1,14.4801,1827.13
715,2,0,1,14.4754,1782.65
716,2,0,1,14.4603,1700.04
722,2,0,1,14.4597,1697.23
552,2,0,1,14.4011,1395.81
1800,2,0,1,14.3928,1353.07
362,2,0,2,14.6914,3025.49,0.0438333,191.188,0.02,3
363,2,0,2,14.6751,2937.28
440,2,0,2,14.6473,2796.51
451,2,0,2,14.6308,2710.31
1716,2,0,2,14.6283,2693.89
462,2,0,2,14.6192,2646.81
1990,2,0,2,14.6121,2594.12
452,2,0,2,14.6082,2562.06
453,2,0,2,14.597,2474.83
455,2,0,2,14.5886,2409.34
454,2,0,2,14.586,2394.7
448,2,0,2,14.5787,2349.78
449,2,0,2,14.567,2282.76
104,2,0,3,14.9407,4315.99,0.0708333,308.954,0.11,4
124,2,0,3,14.9263,4241.12
1715,2,0,3,14.8904,4059.81
136,2,0,3,14.8852,4032.13
139,2,0,3,14.8721,3962.51
140,2,0,3,14.8513,3848.86
360,2,0,3,14.8126,3639.25
361,2,0,3,14.8001,3570.39
367,2,0,3,14.7663,3382.58
363,2,0,3,14.751,3302.35
362,2,0,3,14.7352,3216.67
815,2,0,4,15.2507,5990.4,0.0461667,201.365,0.21,5
816,2,0,4,15.2386,5934.55
817,2,0,4,15.2285,5880.18
803,2,0,4,15.2099,5773.61
354,2,0,4,15.2098,5773.24
357,2,0,4,15.2005,5720.98
358,2,0,4,15.187,5647.19
349,2,0,4,15.1701,5558.8
344,2,0,4,15.1573,5477.54
1819,2,0,4,15.1447,5384.31
335,2,0,4,15.1395,5354.95
2114,2,0,4,15.1257,5280.65
329,2,0,4,15.1231,5265.38
1979,2,0,4,15.1166,5233.33
1978,2,0,4,15.0774,5012.44
107,2,0,4,15.069,4958.37
1967,2,0,4,15.066,4929.66
105,2,0,4,15.0405,4780.24
124,2,0,4,15.0241,4692.01
104,2,0,4,15.0115,4624.94
1280,2,0,5,15.4599,7109.96,0.111167,484.876,0.06,6
1845,2,0,5,15.4466,7041.64
1270,2,0,5,15.4425,7020.42
1269,2,0,5,15.4305,6958.45
1259,2,0,5,15.4131,6866.32
1773,2,0,5,15.3965,6779.53
862,2,0,5,15.3854,6719.03
850,2,0,5,15.3771,6671.01
849,2,0,5,15.3692,6621.04
1774,2,0,5,15.366,6602.3
837,2,0,5,15.3552,6534.11
2010,2,0,5,15.3479,6488.01
836,2,0,5,15.3408,6440.19
827,2,0,5,15.3315,6384.47
826,2,0,5,15.3117,6275.57
815,2,0,5,15.2969,6191.77
1414,2,0,6,15.8596,9188,0.0926667,404.184,0.21,7
1350,2,0,6,15.8444,9111.74
1351,2,0,6,15.8367,9072.12
1352,2,0,6,15.8241,9008.89
1358,2,0,6,15.8144,8958.43
1357,2,0,6,15.8032,8900.26
1356,2,0,6,15.8025,8896.54
2076,2,0,6,15.7965,8864.23
1355,2,0,6,15.7953,8857.57
1364,2,0,6,15.7952,8857.36
1361,2,0,6,15.7891,8822.9
1354,2,0,6,15.789,8822.71
2188,2,0,6,15.7813,8783.43
2075,2,0,6,15.759,8669.64
1822,2,0,6,15.7582,8665.65
1353,2,0,6,15.7501,8624.01
2118,2,0,6,15.7285,8507.34
2117,2,0,6,15.726,8482.71
2164,2,0,6,15.7077,8368.3
1306,2,0,6,15.6828,8207.63
1599,2,0,6,15.6669,8118.62
1300,2,0,6,15.6624,8091.93
1298,2,0,6,15.6576,8065.18
2176,2,0,6,15.6511,8025.98
2066,2,0,6,15.6408,7958.78
1262,2,0,6,15.6294,7897.86
1261,2,0,6,15.6207,7850.75
1846,2,0,6,15.5887,7688.82
1281,2,0,6,15.5818,7651.97
1280,2,0,6,15.5711,7594.84
1206,2,0,7,16.0478,10104,0.0515,224.627,0.1,8
2081,2,0,7,16.0321,10016.5
2080,2,0,7,16.0182,9941.44
2079,2,0,7,16.0035,9867.42
1554,2,0,7,15.9954,9827.24
1416,2,0,7,15.9939,9819.42
1415,2,0,7,15.9795,9746.49
2097,2,0,7,15.9678,9685.28
2120,2,0,7,15.9643,9653.4
1414,2,0,7,15.9523,9592.18
1317,2,0,8,16.3669,11737,0.104167,454.344,0.13,9
2071,2,0,8,16.3541,11666.5
1359,2,0,8,16.3315,11547.9
1370,2,0,8,16.3306,11543.4
1360,2,0,8,16.3074,11416.6
1361,2,0,8,16.2927,11335.4
1354,2,0,8,16.2927,11335.2
1355,2,0,8,16.2867,11302.7
2076,2,0,8,16.2848,11293.5
1356,2,0,8,16.2773,11254.4
1357,2,0,8,16.2765,11250.7
1358,2,0,8,16.2634,11184.2
1352,2,0,8,16.2554,11141
1351,2,0,8,16.2451,11087.4
1350,2,0,8,16.2376,11048.8
1414,2,0,8,16.2248,10982.5
2120,2,0,8,16.214,10926.9
2097,2,0,8,16.2056,10882.6
1415,2,0,8,16.1925,10815.8
1416,2,0,8,16.1778,10740.9
1554,2,0,8,16.1762,10733.1
2079,2,0,8,16.1679,10692
2080,2,0,8,16.1526,10615.5
2081,2,0,8,16.1369,10532.7
1207,2,0,8,16.1178,10430.1
2061,2,0,8,16.1094,10383.3
1206,2,0,8,16.0993,10328.6
2021,2,0,9,16.595,12841.1,0.07,305.319,0.28,10
1303,2,0,9,16.5677,12697.4
1307,2,0,9,16.5592,12650.5
1308,2,0,9,16.545,12578.2
1309,2,0,9,16.528,12490.3
1314,2,0,9,16.5274,12487.4
2165,2,0,9,16.5045,12372.5
2071,2,0,9,16.4845,12265.1
1317,2,0,9,16.471,12191.3
999,2,0,10,16.8614,14156.9,0,0,0
1002,2,0,10,16.856,14126.5
1024,2,0,10,16.8355,14022.4
1029,2,0,10,16.83,13995.1
1027,2,0,10,16.8179,13934.9
1051,2,0,10,16.8048,13868.3
1052,2,0,10,16.797,13828.9
1804,2,0,10,16.7965,13826.8
2015,2,0,10,16.7853,13770.6
2014,2,0,10,16.7773,13730
2017,2,0,10,16.7761,13724.3
2170,2,0,10,16.7734,13710.2
1738,2,0,10,16.7588,13635.1
1737,2,0,10,16.7533,13606.2
936,2,0,10,16.7412,13540.6
933,2,0,10,16.7406,13537.7
934,2,0,10,16.7351,13500
943,2,0,10,16.7211,13430.3
942,2,0,10,16.7132,13389
941,2,0,10,16.7018,13331.3
1790,2,0,10,16.6868,13255.2
2022,2,0,10,16.6763,13204.3
2021,2,0,10,16.665,13146.4
1800,3,0,0,14.1216,951.622,0.0793333,346.028,0.17,1
552,3,0,0,14.1125,905.718
603,3,0,0,14.0789,740.761
604,3,0,0,14.0739,714.369
596,3,0,0,14.0737,713.397
580,3,0,0,14.0622,649.074
574,3,0,0,14.0416,541.537
573,3,0,0,14.0325,489.448
564,3,0,0,14.0252,450.205
557,3,0,0,14.0193,417.124
561,3,0,0,14.0126,370.589
628,3,0,0,14.0083,345.216
615,3,0,0,14.0035,317.236
617,3,0,0,14,299.689
616,3,0,0,13.9924,261.472
676,3,0,0,13.9862,230.409
674,3,0,0,13.9758,178.918
675,3,0,0,13.9692,145.841
962,3,0,0,13.9588,96.4787
961,3,0,0,13.9533,67.3447
999,3,0,0,13.94,0
449,3,0,1,14.3347,2051.42,0.0403333,175.922,0.13,2
457,3,0,1,14.3205,1977.21
456,3,0,1,14.315,1946.83
458,3,0,1,14.3028,1878.94
459,3,0,1,14.2972,1833.72
1543,3,0,1,14.2882,1771.71
715,3,0,1,14.2835,1727.23
716,3,0,1,14.2684,1644.62
722,3,0,1,14.2678,1641.8
552,3,0,1,14.2092,1340.39
1800,3,0,1,14.2009,1297.65
362,3,0,2,14.4995,2970.06,0.0438333,191.188,0.02,3
363,3,0,2,14.4832,2881.86
440,3,0,2,14.4554,2741.08
451,3,0,2,14.4389,2654.89
1716,3,0,2,14.4364,2638.46
462,3,0,2,14.4273,2591.39
1990,3,0,2,14.4202,2538.7
452,3,0,2,14.4163,2506.63
453,3,0,2,14.4051,2419.41
455,3,0,2,14.3967,2353.92
454,3,0,2,14.3941,2339.28
448,3,0,2,14.3868,2294.35
449,3,0,2,14.3751,2227.34
104,3,0,3,14.7488,4260.56,0.0708333,308.954,0.11,4
124,3,0,3,14.7344,4185.7
1715,3,0,3,14.6985,4004.39
136,3,0,3,14.6933,3976.71
139,3,0,3,14.6802,3907.09
140,3,0,3,14.6594,3793.44
360,3,0,3,14.6207,3583.83
361,3,0,3,14.6082,3514.96
367,3,0,3,14.5744,3327.16
363,3,0,3,14.5591,3246.93
362,3,0,3,14.5433,3161.25
815,3,0,4,15.0657,5972.72,0.0461667,201.365,0.21,5
816,3,0,4,15.0578,5933.57
2151,3,0,4,15.0459,5869.91
819,3,0,4,15.031,5789.81
811,3,0,4,15.0105,5674.07
805,3,0,4,15.0067,5653.24
358,3,0,4,14.9936,5583.04
349,3,0,4,14.9773,5497.44
344,3,0,4,14.9639,5415.41
1819,3,0,4,14.9507,5321.95
335,3,0,4,14.9461,5293.66
2114,3,0,4,14.9327,5221.06
329,3,0,4,14.9302,5206.03
1979,3,0,4,14.9237,5173.68
1978,3,0,4,14.8825,4944.23
107,3,0,4,14.8744,4890.48
1967,3,0,4,14.8714,4861.77
105,3,0,4,14.8457,4711.89
124,3,0,4,14.8328,4639.01
104,3,0,4,14.8196,4569.52
1280,3,0,5,15.2749,7092.28,0.111167,484.876,0.06,6
1845,3,0,5,15.2616,7023.95
1270,3,0,5,15.2575,7002.74
1269,3,0,5,15.2455,6940.76
1259,3,0,5,15.2281,6848.64
1773,3,0,5,15.2115,6761.85
862,3,0,5,15.2004,6701.35
850,3,0,5,15.1921,6653.33
849,3,0,5,15.1842,6603.36
1774,3,0,5,15.181,6584.62
837,3,0,5,15.1702,6516.43
2010,3,0,5,15.1629,6470.33
836,3,0,5,15.1558,6422.51
827,3,0,5,15.1465,6366.79
826,3,0,5,15.1267,6257.89
815,3,0,5,15.1119,6174.09
2021,3,0,6,15.5682,8546.62,0.076,331.489,0.27,7
951,3,0,6,15.5484,8445.21
949,3,0,6,15.5372,8388.09
2025,3,0,6,15.5338,8370.63
2024,3,0,6,15.5175,8284.65
1557,3,0,6,15.5022,8205.47
1299,3,0,6,15.482,8097.79
1300,3,0,6,15.4774,8074.25
1298,3,0,6,15.4726,8047.49
2176,3,0,6,15.4661,8008.29
2066,3,0,6,15.4558,7941.1
1262,3,0,6,15.4444,7880.18
1261,3,0,6,15.4357,7833.07
1846,3,0,6,15.4037,7671.14
1281,3,0,6,15.3968,7634.29
1280,3,0,6,15.3861,7577.15
1414,3,0,7,15.8606,10025.7,0.0926667,404.184,0.21,8
1350,3,0,7,15.8462,9952.55
1351,3,0,7,15.8384,9912.46
1352,3,0,7,15.8222,9834.58
1358,3,0,7,15.8121,9782.38
1357,3,0,7,15.8009,9724.21
1356,3,0,7,15.8002,9720.49
2076,3,0,7,15.7942,9688.17
1355,3,0,7,15.793,9681.51
1364,3,0,7,15.7929,9681.3
1361,3,0,7,15.7868,9646.84
1354,3,0,7,15.7868,9646.65
2188,3,0,7,15.779,9607.38
2075,3,0,7,15.7567,9493.59
1822,3,0,7,15.7559,9489.59
1353,3,0,7,15.7478,9447.96
2118,3,0,7,15.7262,9331.29
2117,3,0,7,15.7237,9306.66
2164,3,0,7,15.7054,9192.25
1307,3,0,7,15.6915,9116.93
1303,3,0,7,15.6767,9043.3
2021,3,0,7,15.6442,8878.1
1206,3,0,8,16.0488,10941.7,0.0515,224.627,0.1,9
2081,3,0,8,16.0331,10854.2
2080,3,0,8,16.0193,10779.1
2079,3,0,8,16.0045,10705.1
1554,3,0,8,15.9964,10664.9
1416,3,0,8,15.9949,10657.1
1415,3,0,8,15.9806,10584.2
2097,3,0,8,15.9688,10523
2120,3,0,8,15.9654,10491.1
1414,3,0,8,15.9533,10429.9
1317,3,0,9,16.3679,12574.6,0.104167,454.344,0.13,10
2071,3,0,9,16.3552,12504.1
1359,3,0,9,16.3326,12385.6
1370,3,0,9,16.3316,12381.1
1360,3,0,9,16.3085,12254.3
1361,3,0,9,16.2938,12173
1354,3,0,9,16.2937,12172.9
1355,3,0,9,16.2877,12140.3
2076,3,0,9,16.2859,12131.2
1356,3,0,9,16.2783,12092.1
1357,3,0,9,16.2775,12088.3
1358,3,0,9,16.2644,12021.9
1352,3,0,9,16.2564,11978.6
1351,3,0,9,16.2461,11925.1
1350,3,0,9,16.2386,11886.4
1414,3,0,9,16.2258,11820.1
2120,3,0,9,16.2151,11764.6
2097,3,0,9,16.2066,11720.3
1415,3,0,9,16.1936,11653.5
1416,3,0,9,16.1788,11578.6
1554,3,0,9,16.1772,11570.8
2079,3,0,9,16.1689,11529.6
2080,3,0,9,16.1536,11453.2
2081,3,0,9,16.1379,11370.4
1207,3,0,9,16.1188,11267.8
2061,3,0,9,16.1104,11221
1206,3,0,9,16.1003,11166.3
999,3,0,10,16.7,14223.4,0,0,0
1002,3,0,10,16.6946,14193
1031,3,0,10,16.6829,14132.8
2031,3,0,10,16.6756,14095.8
2032,3,0,10,16.6752,14094
1053,3,0,10,16.6673,14054.8
1784,3,0,10,16.6642,14038.3
1066,3,0,10,16.6549,13991.1
2034,3,0,10,16.6379,13901.5
1850,3,0,10,16.6287,13854.5
2035,3,0,10,16.6205,13810.9
1106,3,0,10,16.6086,13746.6
2039,3,0,10,16.5962,13682.8
2106,3,0,10,16.5806,13598.2
2050,3,0,10,16.5714,13554.2
2051,3,0,10,16.56,13494
1333,3,0,10,16.5361,13368.2
1315,3,0,10,16.523,13300.8
2165,3,0,10,16.5055,13210.2
2071,3,0,10,16.4856,13102.8
1317,3,0,10,16.4721,13029
1800,4,0,0,13.7616,951.622,0.0345,150.479,0.15,1
552,4,0,0,13.7525,905.718
603,4,0,0,13.7189,740.761
604,4,0,0,13.7139,714.369
596,4,0,0,13.7137,713.397
580,4,0,0,13.7022,649.074
574,4,0,0,13.6816,541.537
573,4,0,0,13.6725,489.448
564,4,0,0,13.6652,450.205
557,4,0,0,13.6593,417.124
561,4,0,0,13.6526,370.589
628,4,0,0,13.6483,345.216
615,4,0,0,13.6435,317.236
617,4,0,0,13.64,299.689
616,4,0,0,13.6324,261.472
676,4,0,0,13.6262,230.409
674,4,0,0,13.6158,178.918
675,4,0,0,13.6092,145.841
962,4,0,0,13.5988,96.4787
961,4,0,0,13.5933,67.3447
999,4,0,0,13.58,0
449,4,0,1,13.9252,1836.91,0.0431667,188.28,0.11,2
457,4,0,1,13.9137,1774.85
456,4,0,1,13.9088,1745.81
458,4,0,1,13.8996,1684.9
459,4,0,1,13.8929,1639.55
1543,4,0,1,13.8844,1577.74
715,4,0,1,13.8793,1533.9
716,4,0,1,13.8661,1459.54
722,4,0,1,13.8655,1456.73
552,4,0,1,13.8044,1144.84
1800,4,0,1,13.7961,1102.1
362,4,0,2,14.0928,2765.87,0.0438333,191.188,0.02,3
363,4,0,2,14.0778,2683.42
367,4,0,2,14.0652,2614.55
368,4,0,2,14.0578,2579.99
451,4,0,2,14.0364,2462.69
1716,4,0,2,14.0339,2446.26
462,4,0,2,14.0267,2407.44
1990,4,0,2,14.0189,2354.4
452,4,0,2,14.015,2322.33
453,4,0,2,14.0042,2234.91
455,4,0,2,13.9929,2167.09
454,4,0,2,13.9897,2149.71
448,4,0,2,13.9833,2105.76
449,4,0,2,13.9684,2025.19
104,4,0,3,14.3421,4056.37,0.0708333,308.954,0.11,4
124,4,0,3,14.3277,3981.51
1715,4,0,3,14.2918,3800.2
136,4,0,3,14.2866,3772.52
139,4,0,3,14.2736,3702.9
140,4,0,3,14.2527,3589.25
360,4,0,3,14.214,3379.64
361,4,0,3,14.2015,3310.77
367,4,0,3,14.1677,3122.97
363,4,0,3,14.1524,3042.74
362,4,0,3,14.1367,2957.06
815,4,0,4,14.659,5768.53,0.0983333,428.9,0.22,5
816,4,0,4,14.6511,5729.39
2151,4,0,4,14.6392,5665.72
819,4,0,4,14.6244,5585.62
811,4,0,4,14.6038,5469.88
805,4,0,4,14.6,5449.05
358,4,0,4,14.5869,5378.85
349,4,0,4,14.5707,5293.25
344,4,0,4,14.5573,5211.22
1819,4,0,4,14.544,5117.76
335,4,0,4,14.5395,5089.47
2114,4,0,4,14.526,5016.87
329,4,0,4,14.5235,5001.84
1979,4,0,4,14.517,4969.49
1978,4,0,4,14.4758,4740.04
107,4,0,4,14.4677,4686.29
1967,4,0,4,14.4647,4657.59
105,4,0,4,14.439,4507.7
124,4,0,4,14.4261,4434.82
104,4,0,4,14.4129,4365.33
1280,4,0,5,14.9265,7139.59,0.0575,250.798,0.05,6
1845,4,0,5,14.9113,7063.03
1270,4,0,5,14.9077,7044.48
1269,4,0,5,14.8939,6975.04
1259,4,0,5,14.8755,6878.54
1773,4,0,5,14.8606,6798.81
862,4,0,5,14.8487,6734.85
850,4,0,5,14.8414,6688.34
849,4,0,5,14.8333,6638.15
1774,4,0,5,14.8301,6619.33
837,4,0,5,14.8194,6551.24
2010,4,0,5,14.8105,6501.79
836,4,0,5,14.8036,6454.03
827,4,0,5,14.7937,6397.3
826,4,0,5,14.7731,6284.92
815,4,0,5,14.7574,6197.43
2021,4,0,6,15.163,8346.56,0.076,331.489,0.27,7
951,4,0,6,15.1402,8233.1
949,4,0,6,15.1279,8170.85
2025,4,0,6,15.1244,8153.4
2024,4,0,6,15.1097,8074.06
1557,4,0,6,15.0951,7997.99
1299,4,0,6,15.076,7895.12
1300,4,0,6,15.0714,7871.58
1298,4,0,6,15.065,7837.88
2176,4,0,6,15.0585,7798.65
2066,4,0,6,15.0477,7730.83
1262,4,0,6,15.036,7668.45
1261,4,0,6,15.0265,7618.4
1846,4,0,6,15.0041,7496.97
1845,4,0,6,14.9971,7458.43
1280,4,0,6,14.984,7390.39
1414,4,0,7,15.4554,9825.62,0.0926667,404.184,0.21,8
1350,4,0,7,15.441,9752.49
1351,4,0,7,15.4331,9712.4
1352,4,0,7,15.417,9634.52
1358,4,0,7,15.4069,9582.32
1357,4,0,7,15.3957,9524.15
1356,4,0,7,15.3949,9520.43
2076,4,0,7,15.389,9488.11
1355,4,0,7,15.3877,9481.45
1364,4,0,7,15.3877,9481.25
1361,4,0,7,15.3815,9446.78
1354,4,0,7,15.3815,9446.59
2188,4,0,7,15.3737,9407.32
2075,4,0,7,15.3514,9293.53
1822,4,0,7,15.3506,9289.54
1353,4,0,7,15.3426,9247.9
2118,4,0,7,15.321,9131.23
2117,4,0,7,15.3184,9106.6
2164,4,0,7,15.3001,8992.19
1307,4,0,7,15.2862,8916.87
1303,4,0,7,15.2714,8843.24
2021,4,0,7,15.239,8678.05
1206,4,0,8,15.6436,10741.6,0.0928333,404.911,0.1,9
2081,4,0,8,15.6279,10654.1
2080,4,0,8,15.614,10579.1
2079,4,0,8,15.5993,10505
1554,4,0,8,15.5912,10464.9
1416,4,0,8,15.5896,10457
1415,4,0,8,15.5753,10384.1
2097,4,0,8,15.5636,10322.9
2120,4,0,8,15.5601,10291
1414,4,0,8,15.5481,10229.8
1317,4,0,9,16.0096,12583.9,0.104167,454.344,0.13,10
2071,4,0,9,15.9996,12520.8
1359,4,0,9,15.9772,12403.3
1370,4,0,9,15.9763,12398.8
1360,4,0,9,15.9432,12229.4
1361,4,0,9,15.9285,12148.5
1354,4,0,9,15.9285,12148.3
1355,4,0,9,15.9223,12115.1
2076,4,0,9,15.9205,12105.9
1356,4,0,9,15.9135,12069.1
1357,4,0,9,15.9127,12065.4
1358,4,0,9,15.901,12005.2
1352,4,0,9,15.892,11957.5
1351,4,0,9,15.8782,11889.3
1350,4,0,9,15.871,11851.8
1414,4,0,9,15.8546,11770.6
2120,4,0,9,15.8441,11716
2097,4,0,9,15.835,11668.9
1415,4,0,9,15.8222,11603.3
1416,4,0,9,15.8064,11524.3
1554,4,0,9,15.8049,11516.5
2079,4,0,9,15.7984,11482.7
2080,4,0,9,15.7834,11407.8
2081,4,0,9,15.769,11330.5
1207,4,0,9,15.7536,11243.9
2061,4,0,9,15.7463,11200.6
1206,4,0,9,15.7364,11146.5
999,4,0,10,16.3417,14232.7,0,0,0
1002,4,0,10,16.3363,14202.3
1031,4,0,10,16.3246,14142.1
2031,4,0,10,16.3173,14105.1
2032,4,0,10,16.3169,14103.3
1053,4,0,10,16.309,14064.1
1784,4,0,10,16.3058,14047.6
1066,4,0,10,16.2966,14000.4
2034,4,0,10,16.2796,13910.8
1850,4,0,10,16.2704,13863.8
2035,4,0,10,16.2622,13820.2
1106,4,0,10,16.2503,13755.9
2039,4,0,10,16.2378,13692.1
2106,4,0,10,16.2223,13607.5
2050,4,0,10,16.2131,13563.5
2051,4,0,10,16.2016,13503.3
1333,4,0,10,16.1778,13377.5
1315,4,0,10,16.1647,13310.1
2165,4,0,10,16.1472,13219.5
2071,4,0,10,16.1273,13112.1
1317,4,0,10,16.1138,13038.3
1800,5,0,0,13.8216,951.622,0.0345,150.479,0.15,1
552,5,0,0,13.8125,905.718
603,5,0,0,13.7789,740.761
604,5,0,0,13.7739,714.369
596,5,0,0,13.7737,713.397
580,5,0,0,13.7622,649.074
574,5,0,0,13.7416,541.537
573,5,0,0,13.7325,489.448
564,5,0,0,13.7252,450.205
557,5,0,0,13.7193,417.124
561,5,0,0,13.7126,370.589
628,5,0,0,13.7083,345.216
615,5,0,0,13.7035,317.236
617,5,0,0,13.7,299.689
616,5,0,0,13.6924,261.472
676,5,0,0,13.6862,230.409
674,5,0,0,13.6758,178.918
675,5,0,0,13.6692,145.841
962,5,0,0,13.6588,96.4787
961,5,0,0,13.6533,67.3447
999,5,0,0,13.64,0
449,5,0,1,13.9852,1836.91,0.0431667,188.28,0.11,2
457,5,0,1,13.9738,1774.85
456,5,0,1,13.9688,1745.81
458,5,0,1,13.9596,1684.9
459,5,0,1,13.9529,1639.55
1543,5,0,1,13.9444,1577.74
715,5,0,1,13.9393,1533.9
716,5,0,1,13.9261,1459.54
722,5,0,1,13.9255,1456.73
552,5,0,1,13.8644,1144.84
1800,5,0,1,13.8561,1102.1
362,5,0,2,14.1528,2767.92,0.0438333,191.188,0.02,3
363,5,0,2,14.1365,2679.71
440,5,0,2,14.1087,2538.94
451,5,0,2,14.0921,2452.74
1716,5,0,2,14.0897,2436.32
462,5,0,2,14.0806,2389.24
1990,5,0,2,14.0735,2336.55
452,5,0,2,14.0696,2304.49
453,5,0,2,14.0584,2217.26
455,5,0,2,14.0499,2151.77
454,5,0,2,14.0474,2137.13
448,5,0,2,14.0401,2092.21
449,5,0,2,14.0284,2025.19
104,5,0,3,14.4021,4058.41,0.0708333,308.954,0.11,4
124,5,0,3,14.3877,3983.55
1715,5,0,3,14.3518,3802.24
136,5,0,3,14.3465,3774.56
139,5,0,3,14.3335,3704.94
140,5,0,3,14.3127,3591.29
360,5,0,3,14.274,3381.68
361,5,0,3,14.2615,3312.82
367,5,0,3,14.2277,3125.01
363,5,0,3,14.2124,3044.78
362,5,0,3,14.1966,2959.1
1280,5,0,4,14.83,6328.97,0.0575,250.798,0.05,5
1845,5,0,4,14.815,6253.12
1270,5,0,4,14.8102,6229.6
1271,5,0,4,14.7984,6169.91
868,5,0,4,14.7837,6087.84
869,5,0,4,14.7644,5982.36
1856,5,0,4,14.7446,5886.87
855,5,0,4,14.7444,5886.16
843,5,0,4,14.7308,5807.1
832,5,0,4,14.7196,5743.42
831,5,0,4,14.7131,5708.41
2153,5,0,4,14.713,5708.33
821,5,0,4,14.6992,5639.47
2008,5,0,4,14.6907,5596.68
812,5,0,4,14.6729,5499.67
807,5,0,4,14.6728,5498.88
356,5,0,4,14.6601,5429.11
1981,5,0,4,14.6478,5345.6
345,5,0,4,14.6283,5244.75
341,5,0,4,14.6155,5180.33
2132,5,0,4,14.6153,5178.28
328,5,0,4,14.5985,5082.6
2115,5,0,4,14.5873,5024.18
329,5,0,4,14.5835,5003.88
1979,5,0,4,14.5769,4971.53
1978,5,0,4,14.5358,4742.09
107,5,0,4,14.5277,4688.33
1967,5,0,4,14.5247,4659.63
105,5,0,4,14.499,4509.75
124,5,0,4,14.486,4436.86
104,5,0,4,14.4729,4367.37
815,5,0,5,15.0605,7563.11,0.0461667,201.365,0.21,6
816,5,0,5,15.0525,7523.97
2151,5,0,5,15.0407,7460.3
819,5,0,5,15.0258,7380.2
2009,5,0,5,15.0189,7332.81
2010,5,0,5,15.0028,7231.56
837,5,0,5,14.995,7184.82
1774,5,0,5,14.9835,7115.49
849,5,0,5,14.9799,7095.59
850,5,0,5,14.9739,7046.47
862,5,0,5,14.969,6999.47
1773,5,0,5,14.9583,6940.8
1259,5,0,5,14.9448,6867.44
1269,5,0,5,14.9235,6758.68
1270,5,0,5,14.9064,6675.39
1845,5,0,5,14.9007,6647.8
1280,5,0,5,14.8875,6579.76
2021,5,0,6,15.3364,9099.29,0.076,331.489,0.27,7
951,5,0,6,15.3165,8997.89
949,5,0,6,15.3054,8940.76
2025,5,0,6,15.3019,8923.31
2024,5,0,6,15.2857,8837.33
1557,5,0,6,15.2703,8758.14
1299,5,0,6,15.2501,8650.47
1300,5,0,6,15.2455,8626.92
1298,5,0,6,15.2407,8600.17
2176,5,0,6,15.2342,8560.97
2066,5,0,6,15.2239,8493.77
869,5,0,6,15.2144,8418.85
865,5,0,6,15.1994,8328.24
852,5,0,6,15.1929,8286.73
850,5,0,6,15.1869,8243.72
849,5,0,6,15.1789,8193.75
1774,5,0,6,15.1757,8175.01
837,5,0,6,15.165,8106.82
2010,5,0,6,15.1577,8060.72
836,5,0,6,15.1506,8012.9
827,5,0,6,15.1413,7957.18
826,5,0,6,15.1215,7848.28
815,5,0,6,15.1067,7764.48
1206,5,0,7,15.7261,11098,0.0928333,404.911,0.1,8
2081,5,0,7,15.7116,11015.1
2080,5,0,7,15.6984,10942.5
2079,5,0,7,15.682,10862
1554,5,0,7,15.672,10813.9
1416,5,0,7,15.6705,10806.1
1415,5,0,7,15.656,10732.7
2097,5,0,7,15.6443,10671.4
2120,5,0,7,15.6409,10639.6
1414,5,0,7,15.6288,10578.4
1350,5,0,7,15.6144,10505.2
1351,5,0,7,15.6065,10465.1
1352,5,0,7,15.5904,10387.3
1358,5,0,7,15.5803,10335.1
1357,5,0,7,15.5691,10276.9
1356,5,0,7,15.5683,10273.2
2076,5,0,7,15.5624,10240.8
1355,5,0,7,15.5611,10234.2
1364,5,0,7,15.5611,10234
1361,5,0,7,15.5549,10199.5
1354,5,0,7,15.5549,10199.3
2188,5,0,7,15.5471,10160.1
2075,5,0,7,15.5248,10046.3
1822,5,0,7,15.524,10042.3
1353,5,0,7,15.516,10000.6
2118,5,0,7,15.4944,9883.96
2117,5,0,7,15.4918,9859.33
2164,5,0,7,15.4735,9744.92
1307,5,0,7,15.4596,9669.6
1303,5,0,7,15.4448,9595.98
2021,5,0,7,15.4124,9430.78
1414,5,0,8,15.9371,12127,0.0926667,404.184,0.21,9
2120,5,0,8,15.9266,12072.3
2097,5,0,8,15.9175,12025.3
1415,5,0,8,15.9048,11959.7
1416,5,0,8,15.889,11880.6
1554,5,0,8,15.8874,11872.8
2079,5,0,8,15.8809,11839
2080,5,0,8,15.8659,11764.1
2081,5,0,8,15.8516,11686.8
1207,5,0,8,15.8362,11600.3
2061,5,0,8,15.8289,11557
1206,5,0,8,15.819,11502.9
1317,5,0,9,16.1703,13278.9,0.104167,454.344,0.13,10
2071,5,0,9,16.1582,13210.8
1359,5,0,9,16.1366,13096.6
1370,5,0,9,16.1356,13092.1
1360,5,0,9,16.1125,12965.3
1361,5,0,9,16.0978,12884.1
1354,5,0,9,16.0977,12883.9
1355,5,0,9,16.0917,12851.3
2076,5,0,9,16.0899,12842.2
1356,5,0,9,16.0823,12803.1
1357,5,0,9,16.0816,12799.3
1358,5,0,9,16.0684,12732.9
1352,5,0,9,16.0604,12689.6
1351,5,0,9,16.0501,12636.1
1350,5,0,9,16.0426,12597.5
1414,5,0,9,16.0298,12531.1
999,5,0,10,16.5025,14927.6,0,0,0
1002,5,0,10,16.497,14897.2
1031,5,0,10,16.4853,14837
2031,5,0,10,16.478,14800
2032,5,0,10,16.4776,14798.2
1053,5,0,10,16.4697,14759
1784,5,0,10,16.4666,14742.5
1066,5,0,10,16.4574,14695.3
2034,5,0,10,16.4403,14605.7
1850,5,0,10,16.4311,14558.7
2035,5,0,10,16.423,14515.1
1106,5,0,10,16.411,14450.8
2039,5,0,10,16.3986,14387
2106,5,0,10,16.3831,14302.4
2050,5,0,10,16.3739,14258.4
2051,5,0,10,16.3624,14198.2
1333,5,0,10,16.3385,14072.4
1315,5,0,10,16.3255,14005
2165,5,0,10,16.3079,13914.4
2071,5,0,10,16.288,13807
1317,5,0,10,16.2745,13733.2
2021,6,0,0,13.4755,954.157,0.0418333,182.464,0.24,1
1791,6,0,0,13.4663,908.831
939,6,0,0,13.453,839.961
940,6,0,0,13.4484,808.109
930,6,0,0,13.4362,746.307
1555,6,0,0,13.4134,630.349
915,6,0,0,13.406,593.22
2016,6,0,0,13.3845,486.314
917,6,0,0,13.3837,482.499
916,6,0,0,13.3835,481.592
919,6,0,0,13.3778,442.508
2017,6,0,0,13.3777,442.335
2014,6,0,0,13.3767,437.314
2015,6,0,0,13.3686,396.599
910,6,0,0,13.3685,396.115
909,6,0,0,13.3602,353.969
1051,6,0,0,13.3503,303.813
1025,6,0,0,13.3381,242.513
1029,6,0,0,13.3242,173.157
1026,6,0,0,13.3137,121.112
998,6,0,0,13.3091,97.9808
999,6,0,0,13.29,0
1800,6,0,1,13.836,2880.35,0.0345,150.479,0.15,2
552,6,0,1,13.823,2818.02
603,6,0,1,13.7925,2666.11
604,6,0,1,13.7888,2645.77
596,6,0,1,13.7887,2644.8
580,6,0,1,13.7784,2584.17
574,6,0,1,13.7578,2476.61
573,6,0,1,13.7486,2424.52
564,6,0,1,13.7414,2385.28
557,6,0,1,13.7355,2352.2
561,6,0,1,13.7288,2305.66
628,6,0,1,13.7245,2280.29
609,6,0,1,13.7123,2204.49
423,6,0,1,13.7064,2148.17
419,6,0,1,13.7011,2113.33
420,6,0,1,13.6959,2078.38
421,6,0,1,13.6919,2051.6
417,6,0,1,13.6875,2027.12
1989,6,0,1,13.6709,1940.71
2011,6,0,1,13.6531,1847.52
2156,6,0,1,13.6479,1820.19
2013,6,0,1,13.6472,1817.04
886,6,0,1,13.6353,1758.86
888,6,0,1,13.6155,1652.75
903,6,0,1,13.6017,1582.87
904,6,0,1,13.5983,1564.49
925,6,0,1,13.5748,1436.59
2019,6,0,1,13.5694,1409.32
929,6,0,1,13.569,1407.34
938,6,0,1,13.557,1341.49
950,6,0,1,13.5435,1270.93
951,6,0,1,13.5365,1235.21
2021,6,0,1,13.5173,1136.62
449,6,0,2,13.9996,3765.64,0.0431667,188.28,0.11,3
457,6,0,2,13.9882,3703.58
456,6,0,2,13.9832,3674.54
458,6,0,2,13.974,3613.63
459,6,0,2,13.9673,3568.28
1543,6,0,2,13.9588,3506.47
715,6,0,2,13.9537,3462.63
716,6,0,2,13.9405,3388.27
722,6,0,2,13.9399,3385.45
552,6,0,2,13.8788,3073.57
1800,6,0,2,13.8705,3030.83
362,6,0,3,14.1672,4696.64,0.0438333,191.188,0.02,4
363,6,0,3,14.1509,4608.44
440,6,0,3,14.1231,4467.66
451,6,0,3,14.1065,4381.47
1716,6,0,3,14.1041,4365.04
462,6,0,3,14.095,4317.97
1990,6,0,3,14.0879,4265.28
452,6,0,3,14.084,4233.21
453,6,0,3,14.0728,4145.99
455,6,0,3,14.0643,4080.5
454,6,0,3,14.0618,4065.85
448,6,0,3,14.0545,4020.93
449,6,0,3,14.0428,3953.92
104,6,0,4,14.4165,5987.14,0.0708333,308.954,0.11,5
124,6,0,4,14.4021,5912.28
1715,6,0,4,14.3662,5730.97
136,6,0,4,14.3609,5703.29
139,6,0,4,14.3479,5633.67
140,6,0,4,14.3271,5520.02
360,6,0,4,14.2884,5310.41
361,6,0,4,14.2759,5241.54
367,6,0,4,14.2421,5053.74
363,6,0,4,14.2268,4973.51
362,6,0,4,14.211,4887.83
1280,6,0,5,14.8444,8257.69,0.0575,250.798,0.05,6
1845,6,0,5,14.8294,8181.85
1270,6,0,5,14.8246,8158.32
1271,6,0,5,14.8128,8098.64
868,6,0,5,14.7981,8016.56
869,6,0,5,14.7788,7911.09
1856,6,0,5,14.759,7815.6
855,6,0,5,14.7588,7814.88
843,6,0,5,14.7452,7735.83
832,6,0,5,14.734,7672.15
831,6,0,5,14.7275,7637.14
2153,6,0,5,14.7274,7637.06
821,6,0,5,14.7136,7568.19
2008,6,0,5,14.7051,7525.4
812,6,0,5,14.6873,7428.39
807,6,0,5,14.6872,7427.6
356,6,0,5,14.6745,7357.84
1981,6,0,5,14.6622,7274.33
345,6,0,5,14.6427,7173.48
341,6,0,5,14.6299,7109.06
2132,6,0,5,14.6297,7107
328,6,0,5,14.6129,7011.32
2115,6,0,5,14.6017,6952.91
329,6,0,5,14.5979,6932.61
1979,6,0,5,14.5913,6900.26
1978,6,0,5,14.5502,6670.81
107,6,0,5,14.5421,6617.06
1967,6,0,5,14.5391,6588.35
105,6,0,5,14.5134,6438.47
124,6,0,5,14.5004,6365.59
104,6,0,5,14.4873,6296.09
815,6,0,6,15.0749,9491.84,0.0461667,201.365,0.21,7
816,6,0,6,15.0669,9452.69
2151,6,0,6,15.0551,9389.03
819,6,0,6,15.0402,9308.93
2009,6,0,6,15.0333,9261.54
2010,6,0,6,15.0172,9160.29
837,6,0,6,15.0094,9113.55
1774,6,0,6,14.9979,9044.22
849,6,0,6,14.9943,9024.31
850,6,0,6,14.9883,8975.2
862,6,0,6,14.9834,8928.2
1773,6,0,6,14.9727,8869.53
1259,6,0,6,14.9592,8796.17
1269,6,0,6,14.9379,8687.4
1270,6,0,6,14.9208,8604.12
1845,6,0,6,14.9151,8576.53
1280,6,0,6,14.9019,8508.49
1414,6,0,7,15.4551,11643.1,0.0926667,404.184,0.21,8
1350,6,0,7,15.4399,11566.8
1351,6,0,7,15.4322,11527.2
1352,6,0,7,15.4196,11464
1358,6,0,7,15.4107,11416.9
1357,6,0,7,15.4001,11361.1
1356,6,0,7,15.3993,11357.4
2076,6,0,7,15.3928,11322.8
1355,6,0,7,15.3916,11316.4
1364,6,0,7,15.3916,11316.2
1361,6,0,7,15.3853,11281.1
1354,6,0,7,15.3853,11280.9
2188,6,0,7,15.3785,11245.7
2075,6,0,7,15.3565,11133.4
1822,6,0,7,15.3557,11129.4
1353,6,0,7,15.3477,11087.7
2118,6,0,7,15.3261,10971.1
2117,6,0,7,15.3235,10946.4
2164,6,0,7,15.3052,10832
1306,6,0,7,15.2803,10671.3
1599,6,0,7,15.2645,10582.3
1300,6,0,7,15.2599,10555.7
1298,6,0,7,15.2551,10528.9
2176,6,0,7,15.2486,10489.7
2066,6,0,7,15.2383,10422.5
869,6,0,7,15.2288,10347.6
865,6,0,7,15.2138,10257
852,6,0,7,15.2073,10215.5
850,6,0,7,15.2013,10172.4
849,6,0,7,15.1933,10122.5
1774,6,0,7,15.1901,10103.7
837,6,0,7,15.1794,10035.5
2010,6,0,7,15.1721,9989.45
836,6,0,7,15.165,9941.62
827,6,0,7,15.1557,9885.91
826,6,0,7,15.1359,9777
815,6,0,7,15.1211,9693.2
1206,6,0,8,15.6433,12559.1,0.0928333,404.911,0.1,9
2081,6,0,8,15.6276,12471.6
2080,6,0,8,15.6137,12396.5
2079,6,0,8,15.599,12322.5
1554,6,0,8,15.5909,12282.3
1416,6,0,8,15.5893,12274.5
1415,6,0,8,15.575,12201.6
2097,6,0,8,15.5633,12140.4
2120,6,0,8,15.5598,12108.5
1414,6,0,8,15.5478,12047.3
1317,6,0,9,16.0093,14401.4,0.104167,454.344,0.13,10
2071,6,0,9,15.9993,14338.3
1359,6,0,9,15.977,14220.8
1370,6,0,9,15.976,14216.3
1360,6,0,9,15.9429,14046.9
1361,6,0,9,15.9282,13966
1354,6,0,9,15.9282,13965.8
1355,6,0,9,15.922,13932.5
2076,6,0,9,15.9202,13923.4
1356,6,0,9,15.9132,13886.6
1357,6,0,9,15.9124,13882.9
1358,6,0,9,15.9007,13822.7
1352,6,0,9,15.8917,13775
1351,6,0,9,15.8779,13706.8
1350,6,0,9,15.8707,13669.3
1414,6,0,9,15.8543,13588.1
2120,6,0,9,15.8438,13533.4
2097,6,0,9,15.8347,13486.4
1415,6,0,9,15.8219,13420.8
1416,6,0,9,15.8062,13341.8
1554,6,0,9,15.8046,13333.9
2079,6,0,9,15.7981,13300.2
2080,6,0,9,15.7831,13225.2
2081,6,0,9,15.7687,13148
1207,6,0,9,15.7533,13061.4
2061,6,0,9,15.746,13018.1
1206,6,0,9,15.7361,12964
999,6,0,10,16.3414,16050.2,0,0,0
1002,6,0,10,16.336,16019.7
1031,6,0,10,16.3243,15959.6
2031,6,0,10,16.317,15922.6
2032,6,0,10,16.3166,15920.7
1053,6,0,10,16.3087,15881.6
1784,6,0,10,16.3056,15865
1066,6,0,10,16.2963,15817.9
2034,6,0,10,16.2793,15728.3
1850,6,0,10,16.2701,15681.3
2035,6,0,10,16.2619,15637.7
1106,6,0,10,16.25,15573.4
2039,6,0,10,16.2376,15509.6
2106,6,0,10,16.222,15425
2050,6,0,10,16.2128,15381
2051,6,0,10,16.2014,15320.7
1333,6,0,10,16.1775,15195
1315,6,0,10,16.1644,15127.6
2165,6,0,10,16.1469,15037
2071,6,0,10,16.127,14929.6
1317,6,0,10,16.1135,14855.8
1800,7,0,0,13.8316,951.622,0.0345,150.479,0.15,1
552,7,0,0,13.8225,905.718
603,7,0,0,13.7889,740.761
604,7,0,0,13.7839,714.369
596,7,0,0,13.7837,713.397
580,7,0,0,13.7722,649.074
574,7,0,0,13.7516,541.537
573,7,0,0,13.7425,489.448
564,7,0,0,13.7352,450.205
557,7,0,0,13.7293,417.124
561,7,0,0,13.7226,370.589
628,7,0,0,13.7183,345.216
615,7,0,0,13.7135,317.236
617,7,0,0,13.71,299.689
616,7,0,0,13.7024,261.472
676,7,0,0,13.6962,230.409
674,7,0,0,13.6858,178.918
675,7,0,0,13.6792,145.841
962,7,0,0,13.6688,96.4787
961,7,0,0,13.6633,67.3447
999,7,0,0,13.65,0
449,7,0,1,13.9952,1836.91,0.0431667,188.28,0.11,2
457,7,0,1,13.9837,1774.85
456,7,0,1,13.9788,1745.81
458,7,0,1,13.9696,1684.9
459,7,0,1,13.9629,1639.55
1543,7,0,1,13.9544,1577.74
715,7,0,1,13.9493,1533.9
716,7,0,1,13.9361,1459.54
722,7,0,1,13.9355,1456.73
552,7,0,1,13.8744,1144.84
1800,7,0,1,13.8661,1102.1
362,7,0,2,14.1628,2767.92,0.0438333,191.188,0.02,3
363,7,0,2,14.1465,2679.71
440,7,0,2,14.1187,2538.94
451,7,0,2,14.1021,2452.74
1716,7,0,2,14.0997,2436.32
462,7,0,2,14.0906,2389.24
1990,7,0,2,14.0835,2336.55
452,7,0,2,14.0796,2304.49
453,7,0,2,14.0684,2217.26
455,7,0,2,14.0599,2151.77
454,7,0,2,14.0574,2137.13
448,7,0,2,14.0501,2092.21
449,7,0,2,14.0384,2025.19
104,7,0,3,14.4121,4058.41,0.0708333,308.954,0.11,4
124,7,0,3,14.3977,3983.55
1715,7,0,3,14.3618,3802.24
136,7,0,3,14.3565,3774.56
139,7,0,3,14.3435,3704.94
140,7,0,3,14.3227,3591.29
360,7,0,3,14.284,3381.68
361,7,0,3,14.2715,3312.82
367,7,0,3,14.2377,3125.01
363,7,0,3,14.2224,3044.78
362,7,0,3,14.2066,2959.1
1280,7,0,4,14.84,6328.97,0.0575,250.798,0.05,5
1845,7,0,4,14.825,6253.12
1270,7,0,4,14.8202,6229.6
1271,7,0,4,14.8084,6169.91
868,7,0,4,14.7937,6087.84
869,7,0,4,14.7744,5982.36
1856,7,0,4,14.7546,5886.87
855,7,0,4,14.7544,5886.16
843,7,0,4,14.7408,5807.1
832,7,0,4,14.7296,5743.42
831,7,0,4,14.7231,5708.41
2153,7,0,4,14.723,5708.33
821,7,0,4,14.7092,5639.47
2008,7,0,4,14.7007,5596.68
812,7,0,4,14.6829,5499.67
807,7,0,4,14.6828,5498.88
356,7,0,4,14.6701,5429.11
1981,7,0,4,14.6578,5345.6
345,7,0,4,14.6383,5244.75
341,7,0,4,14.6255,5180.33
2132,7,0,4,14.6253,5178.28
328,7,0,4,14.6085,5082.6
2115,7,0,4,14.5973,5024.18
329,7,0,4,14.5935,5003.88
1979,7,0,4,14.5869,4971.53
1978,7,0,4,14.5458,4742.09
107,7,0,4,14.5377,4688.33
1967,7,0,4,14.5347,4659.63
105,7,0,4,14.509,4509.75
124,7,0,4,14.496,4436.86
104,7,0,4,14.4829,4367.37
815,7,0,5,15.0705,7563.11,0.0461667,201.365,0.21,6
816,7,0,5,15.0625,7523.97
2151,7,0,5,15.0507,7460.3
819,7,0,5,15.0358,7380.2
2009,7,0,5,15.0289,7332.81
2010,7,0,5,15.0128,7231.56
837,7,0,5,15.005,7184.82
1774,7,0,5,14.9935,7115.49
849,7,0,5,14.9899,7095.59
850,7,0,5,14.9839,7046.47
862,7,0,5,14.979,6999.47
1773,7,0,5,14.9683,6940.8
1259,7,0,5,14.9548,6867.44
1269,7,0,5,14.9335,6758.68
1270,7,0,5,14.9164,6675.39
1845,7,0,5,14.9107,6647.8
1280,7,0,5,14.8975,6579.76
1414,7,0,6,15.4507,9714.37,0.0926667,404.184,0.21,7
1350,7,0,6,15.4355,9638.1
1351,7,0,6,15.4278,9598.49
1352,7,0,6,15.4152,9535.25
1358,7,0,6,15.4063,9488.16
1357,7,0,6,15.3957,9432.4
1356,7,0,6,15.3949,9428.68
2076,7,0,6,15.3884,9394.06
1355,7,0,6,15.3872,9387.72
1364,7,0,6,15.3872,9387.51
1361,7,0,6,15.3809,9352.4
1354,7,0,6,15.3809,9352.21
2188,7,0,6,15.3741,9317
2075,7,0,6,15.3521,9204.64
1822,7,0,6,15.3513,9200.64
1353,7,0,6,15.3433,9159
2118,7,0,6,15.3217,9042.34
2117,7,0,6,15.3191,9017.71
2164,7,0,6,15.3008,8903.3
1306,7,0,6,15.2759,8742.62
1599,7,0,6,15.2601,8653.61
1300,7,0,6,15.2555,8626.92
1298,7,0,6,15.2507,8600.17
2176,7,0,6,15.2442,8560.97
2066,7,0,6,15.2339,8493.77
869,7,0,6,15.2244,8418.85
865,7,0,6,15.2094,8328.24
852,7,0,6,15.2029,8286.73
850,7,0,6,15.1969,8243.72
849,7,0,6,15.1889,8193.75
1774,7,0,6,15.1857,8175.01
837,7,0,6,15.175,8106.82
2010,7,0,6,15.1677,8060.72
836,7,0,6,15.1606,8012.9
827,7,0,6,15.1513,7957.18
826,7,0,6,15.1315,7848.28
815,7,0,6,15.1167,7764.48
1206,7,0,7,15.6389,10630.4,0.0928333,404.911,0.1,8
2081,7,0,7,15.6232,10542.9
2080,7,0,7,15.6093,10467.8
2079,7,0,7,15.5946,10393.8
1554,7,0,7,15.5865,10353.6
1416,7,0,7,15.5849,10345.8
1415,7,0,7,15.5706,10272.9
2097,7,0,7,15.5589,10211.6
2120,7,0,7,15.5554,10179.8
1414,7,0,7,15.5434,10118.6
1317,7,0,8,16.0049,12472.7,0.104167,454.344,0.13,9
2071,7,0,8,15.9949,12409.6
1359,7,0,8,15.9726,12292
1370,7,0,8,15.9716,12287.6
1360,7,0,8,15.9385,12118.2
1361,7,0,8,15.9238,12037.3
1354,7,0,8,15.9238,12037.1
1355,7,0,8,15.9176,12003.8
2076,7,0,8,15.9158,11994.7
1356,7,0,8,15.9088,11957.8
1357,7,0,8,15.908,11954.1
1358,7,0,8,15.8963,11894
1352,7,0,8,15.8873,11846.2
1351,7,0,8,15.8735,11778.1
1350,7,0,8,15.8663,11740.5
1414,7,0,8,15.8499,11659.4
2120,7,0,8,15.8394,11604.7
2097,7,0,8,15.8303,11557.7
1415,7,0,8,15.8175,11492.1
1416,7,0,8,15.8018,11413
1554,7,0,8,15.8002,11405.2
2079,7,0,8,15.7937,11371.4
2080,7,0,8,15.7787,11296.5
2081,7,0,8,15.7643,11219.2
1207,7,0,8,15.7489,11132.7
2061,7,0,8,15.7416,11089.4
1206,7,0,8,15.7317,11035.3
999,7,0,9,16.337,14121.5,0,0,0
1002,7,0,9,16.3316,14091
1031,7,0,9,16.3199,14030.8
2031,7,0,9,16.3126,13993.8
2032,7,0,9,16.3122,13992
1053,7,0,9,16.3043,13952.9
1784,7,0,9,16.3012,13936.3
1066,7,0,9,16.2919,13889.2
2034,7,0,9,16.2749,13799.5
1850,7,0,9,16.2657,13752.5
2035,7,0,9,16.2575,13708.9
1106,7,0,9,16.2456,13644.7
2039,7,0,9,16.2331,13580.9
2106,7,0,9,16.2176,13496.2
2050,7,0,9,16.2084,13452.3
2051,7,0,9,16.1969,13392
1333,7,0,9,16.1731,13266.3
1315,7,0,9,16.16,13198.8
2165,7,0,9,16.1425,13108.2
2071,7,0,9,16.1226,13000.8
1317,7,0,9,16.1091,12927
2021,7,1,0,13.9955,954.157,0.0418333,182.464,0.24,1
1791,7,1,0,13.9863,908.831
939,7,1,0,13.973,839.961
940,7,1,0,13.9684,808.109
930,7,1,0,13.9562,746.307
1555,7,1,0,13.9334,630.349
915,7,1,0,13.926,593.22
2016,7,1,0,13.9045,486.314
917,7,1,0,13.9037,482.499
916,7,1,0,13.9035,481.592
919,7,1,0,13.8978,442.508
2017,7,1,0,13.8977,442.335
2014,7,1,0,13.8967,437.314
2015,7,1,0,13.8886,396.599
910,7,1,0,13.8885,396.115
909,7,1,0,13.8802,353.969
1051,7,1,0,13.8703,303.813
1025,7,1,0,13.8581,242.513
1029,7,1,0,13.8442,173.157
1026,7,1,0,13.8337,121.112
998,7,1,0,13.8291,97.9808
999,7,1,0,13.81,0
999,7,1,1,14.2401,2176.93,0,0,0
1002,7,1,1,14.2359,2148.86
1024,7,1,1,14.2149,2042.32
1029,7,1,1,14.2089,2012.93
1027,7,1,1,14.196,1949.55
1051,7,1,1,14.1836,1886.21
1052,7,1,1,14.176,1847.38
1804,7,1,1,14.1755,1845.27
2015,7,1,1,14.1643,1789.05
2014,7,1,1,14.1565,1749.41
2017,7,1,1,14.1553,1743.72
2170,7,1,1,14.1525,1729.53
1738,7,1,1,14.1359,1645.54
1737,7,1,1,14.1299,1615.01
936,7,1,1,14.1166,1543.88
933,7,1,1,14.116,1540.94
934,7,1,1,14.1105,1503.29
935,7,1,1,14.1099,1500.68
2020,7,1,1,14.0989,1443.71
943,7,1,1,14.0981,1439.77
942,7,1,1,14.0906,1400.65
941,7,1,1,14.0788,1341.08
1790,7,1,1,14.0623,1258.95
2022,7,1,1,14.0519,1208.05
2021,7,1,1,14.0373,1136.62
1800,8,0,0,13.8216,951.622,0.0345,150.479,0.15,1
552,8,0,0,13.8125,905.718
603,8,0,0,13.7789,740.761
604,8,0,0,13.7739,714.369
596,8,0,0,13.7737,713.397
580,8,0,0,13.7622,649.074
574,8,0,0,13.7416,541.537
573,8,0,0,13.7325,489.448
564,8,0,0,13.7252,450.205
557,8,0,0,13.7193,417.124
561,8,0,0,13.7126,370.589
628,8,0,0,13.7083,345.216
615,8,0,0,13.7035,317.236
617,8,0,0,13.7,299.689
616,8,0,0,13.6924,261.472
676,8,0,0,13.6862,230.409
674,8,0,0,13.6758,178.918
675,8,0,0,13.6692,145.841
962,8,0,0,13.6588,96.4787
961,8,0,0,13.6533,67.3447
999,8,0,0,13.64,0
449,8,0,1,13.9852,1836.91,0.0431667,188.28,0.11,2
457,8,0,1,13.9738,1774.85
456,8,0,1,13.9688,1745.81
458,8,0,1,13.9596,1684.9
459,8,0,1,13.9529,1639.55
1543,8,0,1,13.9444,1577.74
715,8,0,1,13.9393,1533.9
716,8,0,1,13.9261,1459.54
722,8,0,1,13.9255,1456.73
552,8,0,1,13.8644,1144.84
1800,8,0,1,13.8561,1102.1
362,8,0,2,14.1528,2767.92,0.0438333,191.188,0.02,3
363,8,0,2,14.1365,2679.71
440,8,0,2,14.1087,2538.94
451,8,0,2,14.0921,2452.74
1716,8,0,2,14.0897,2436.32
462,8,0,2,14.0806,2389.24
1990,8,0,2,14.0735,2336.55
452,8,0,2,14.0696,2304.49
453,8,0,2,14.0584,2217.26
455,8,0,2,14.0499,2151.77
454,8,0,2,14.0474,2137.13
448,8,0,2,14.0401,2092.21
449,8,0,2,14.0284,2025.19
104,8,0,3,14.4021,4058.41,0.0708333,308.954,0.11,4
124,8,0,3,14.3877,3983.55
1715,8,0,3,14.3518,3802.24
136,8,0,3,14.3465,3774.56
139,8,0,3,14.3335,3704.94
140,8,0,3,14.3127,3591.29
360,8,0,3,14.274,3381.68
361,8,0,3,14.2615,3312.82
367,8,0,3,14.2277,3125.01
363,8,0,3,14.2124,3044.78
362,8,0,3,14.1966,2959.1
1280,8,0,4,14.83,6328.97,0.0575,250.798,0.05,5
1845,8,0,4,14.815,6253.12
1270,8,0,4,14.8102,6229.6
1271,8,0,4,14.7984,6169.91
868,8,0,4,14.7837,6087.84
869,8,0,4,14.7644,5982.36
1856,8,0,4,14.7446,5886.87
855,8,0,4,14.7444,5886.16
843,8,0,4,14.7308,5807.1
832,8,0,4,14.7196,5743.42
831,8,0,4,14.7131,5708.41
2153,8,0,4,14.713,5708.33
821,8,0,4,14.6992,5639.47
2008,8,0,4,14.6907,5596.68
812,8,0,4,14.6729,5499.67
807,8,0,4,14.6728,5498.88
356,8,0,4,14.6601,5429.11
1981,8,0,4,14.6478,5345.6
345,8,0,4,14.6283,5244.75
341,8,0,4,14.6155,5180.33
2132,8,0,4,14.6153,5178.28
328,8,0,4,14.5985,5082.6
2115,8,0,4,14.5873,5024.18
329,8,0,4,14.5835,5003.88
1979,8,0,4,14.5769,4971.53
1978,8,0,4,14.5358,4742.09
107,8,0,4,14.5277,4688.33
1967,8,0,4,14.5247,4659.63
105,8,0,4,14.499,4509.75
124,8,0,4,14.486,4436.86
104,8,0,4,14.4729,4367.37
1414,8,0,5,15.175,8177.37,0.0926667,404.184,0.21,6
1350,8,0,5,15.1634,8116.2
1351,8,0,5,15.1534,8067.11
1352,8,0,5,15.1402,8001.36
1358,8,0,5,15.1295,7946.37
1357,8,0,5,15.1173,7884.03
1356,8,0,5,15.1165,7880.31
2076,8,0,5,15.1069,7832.65
1355,8,0,5,15.1057,7825.99
1364,8,0,5,15.1056,7825.78
1361,8,0,5,15.0993,7790.58
1354,8,0,5,15.0993,7790.39
2188,8,0,5,15.0914,7750.31
2075,8,0,5,15.0681,7632.56
1822,8,0,5,15.0673,7628.56
1353,8,0,5,15.0589,7585.52
2118,8,0,5,15.038,7471.96
2117,8,0,5,15.0355,7447.33
2164,8,0,5,15.0171,7332.89
1306,8,0,5,14.9943,7174.06
1599,8,0,5,14.9795,7087.58
1300,8,0,5,14.9749,7060.95
1298,8,0,5,14.9686,7027.25
2176,8,0,5,14.962,6988.02
2066,8,0,5,14.9512,6920.21
1262,8,0,5,14.9395,6857.82
1261,8,0,5,14.9301,6807.77
1846,8,0,5,14.9076,6686.34
1845,8,0,5,14.9007,6647.8
1280,8,0,5,14.8875,6579.76
1206,8,0,6,15.3632,9093.36,0.0928333,404.911,0.1,7
2081,8,0,6,15.3475,9005.87
2080,8,0,6,15.3337,8930.81
2079,8,0,6,15.3189,8856.8
1554,8,0,6,15.3108,8816.62
1416,8,0,6,15.3093,8808.79
1415,8,0,6,15.295,8735.86
2097,8,0,6,15.2832,8674.65
2120,8,0,6,15.2798,8642.77
1414,8,0,6,15.2677,8581.56
815,8,0,7,16.0192,12527.4,0.0345,150.479,0.2,8
816,8,0,7,16.0107,12485.7
2151,8,0,7,15.9976,12416.8
819,8,0,7,15.984,12342.2
2009,8,0,7,15.9763,12294
2010,8,0,7,15.9598,12192.2
837,8,0,7,15.9525,12146.1
1774,8,0,7,15.9397,12073.9
849,8,0,7,15.9359,12053.3
850,8,0,7,15.9295,12004.4
852,8,0,7,15.9212,11957.8
865,8,0,7,15.9127,11910.6
869,8,0,7,15.8978,11820.2
2066,8,0,7,15.8726,11693.4
1297,8,0,7,15.8439,11543
1299,8,0,7,15.8381,11510.8
1600,8,0,7,15.8367,11497.3
1306,8,0,7,15.8239,11412.4
1301,8,0,7,15.8106,11340.7
1302,8,0,7,15.7843,11202.4
1307,8,0,7,15.77,11122.4
1308,8,0,7,15.7592,11064.8
1309,8,0,7,15.7397,10966
1314,8,0,7,15.7391,10963.1
2165,8,0,7,15.7165,10849.9
2118,8,0,7,15.7149,10841.7
1353,8,0,7,15.6915,10717.5
1822,8,0,7,15.6807,10664.2
2075,8,0,7,15.6799,10660.2
2188,8,0,7,15.6573,10545.3
1354,8,0,7,15.6481,10500.1
1355,8,0,7,15.6419,10466.8
2076,8,0,7,15.6401,10457.7
1356,8,0,7,15.6331,10420.9
1357,8,0,7,15.6323,10417.1
1358,8,0,7,15.6207,10357
1352,8,0,7,15.6116,10309.3
1351,8,0,7,15.5979,10241.1
1350,8,0,7,15.5906,10203.5
1414,8,0,7,15.5742,10122.4
2120,8,0,7,15.5637,10067.7
2097,8,0,7,15.5546,10020.7
1415,8,0,7,15.5419,9955.1
1416,8,0,7,15.5261,9876.04
1554,8,0,7,15.5245,9868.21
2079,8,0,7,15.518,9834.45
2080,8,0,7,15.503,9759.5
2081,8,0,7,15.4887,9682.24
1207,8,0,7,15.4732,9595.7
2061,8,0,7,15.466,9552.4
1206,8,0,7,15.4561,9498.27
1317,8,0,8,16.3018,14155.6,0.104167,454.344,0.13,9
2071,8,0,8,16.2897,14087.5
2165,8,0,8,16.2676,13971.2
2117,8,0,8,16.2623,13942.2
2164,8,0,8,16.2427,13826
1306,8,0,8,16.2173,13664.7
1599,8,0,8,16.2012,13574.5
1300,8,0,8,16.1965,13547.7
1298,8,0,8,16.1911,13517.9
2176,8,0,8,16.1848,13479
2066,8,0,8,16.1735,13410.5
869,8,0,8,16.1642,13335.5
865,8,0,8,16.148,13243
852,8,0,8,16.1417,13201.6
850,8,0,8,16.1353,13158.4
849,8,0,8,16.1272,13108.2
1774,8,0,8,16.1236,13087.9
837,8,0,8,16.1122,13018.8
2010,8,0,8,16.1044,12972.2
836,8,0,8,16.0974,12924.4
827,8,0,8,16.0875,12867.6
826,8,0,8,16.0681,12760.6
815,8,0,8,16.0537,12677.9
999,8,0,9,16.634,15804.4,0,0,0
1002,8,0,9,16.6285,15774
1031,8,0,9,16.6168,15713.8
2031,8,0,9,16.6095,15676.8
2032,8,0,9,16.6091,15675
1053,8,0,9,16.6012,15635.8
1784,8,0,9,16.5981,15619.3
1066,8,0,9,16.5889,15572.1
2034,8,0,9,16.5718,15482.5
1850,8,0,9,16.5626,15435.5
2035,8,0,9,16.5545,15391.9
1106,8,0,9,16.5425,15327.6
2039,8,0,9,16.5301,15263.8
2106,8,0,9,16.5145,15179.2
2050,8,0,9,16.5053,15135.2
2051,8,0,9,16.4939,15075
1333,8,0,9,16.47,14949.2
1315,8,0,9,16.457,14881.8
2165,8,0,9,16.4394,14791.2
2071,8,0,9,16.4195,14683.8
1317,8,0,9,16.406,14610
2021,8,1,0,13.9855,954.157,0.0418333,182.464,0.24,1
1791,8,1,0,13.9763,908.831
939,8,1,0,13.963,839.961
940,8,1,0,13.9584,808.109
930,8,1,0,13.9462,746.307
1555,8,1,0,13.9234,630.349
915,8,1,0,13.916,593.22
2016,8,1,0,13.8945,486.314
917,8,1,0,13.8937,482.499
916,8,1,0,13.8935,481.592
919,8,1,0,13.8878,442.508
2017,8,1,0,13.8877,442.335
2014,8,1,0,13.8867,437.314
2015,8,1,0,13.8786,396.599
910,8,1,0,13.8785,396.115
909,8,1,0,13.8702,353.969
1051,8,1,0,13.8603,303.813
1025,8,1,0,13.8481,242.513
1029,8,1,0,13.8342,173.157
1026,8,1,0,13.8237,121.112
998,8,1,0,13.8191,97.9808
999,8,1,0,13.8,0
999,8,1,1,14.2301,2176.93,0,0,0
1002,8,1,1,14.2259,2148.86
1024,8,1,1,14.2049,2042.32
1029,8,1,1,14.1989,2012.93
1027,8,1,1,14.186,1949.55
1051,8,1,1,14.1736,1886.21
1052,8,1,1,14.166,1847.38
1804,8,1,1,14.1655,1845.27
2015,8,1,1,14.1543,1789.05
2014,8,1,1,14.1465,1749.41
2017,8,1,1,14.1453,1743.72
2170,8,1,1,14.1425,1729.53
1738,8,1,1,14.1259,1645.54
1737,8,1,1,14.1199,1615.01
936,8,1,1,14.1066,1543.88
933,8,1,1,14.106,1540.94
934,8,1,1,14.1005,1503.29
935,8,1,1,14.0999,1500.68
2020,8,1,1,14.0889,1443.71
943,8,1,1,14.0881,1439.77
942,8,1,1,14.0806,1400.65
941,8,1,1,14.0688,1341.08
1790,8,1,1,14.0523,1258.95
2022,8,1,1,14.0419,1208.05
2021,8,1,1,14.0273,1136.62
1800,9,0,0,13.8316,951.622,0.0345,150.479,0.15,1
552,9,0,0,13.8225,905.718
603,9,0,0,13.7889,740.761
604,9,0,0,13.7839,714.369
596,9,0,0,13.7837,713.397
580,9,0,0,13.7722,649.074
574,9,0,0,13.7516,541.537
573,9,0,0,13.7425,489.448
564,9,0,0,13.7352,450.205
557,9,0,0,13.7293,417.124
561,9,0,0,13.7226,370.589
628,9,0,0,13.7183,345.216
615,9,0,0,13.7135,317.236
617,9,0,0,13.71,299.689
616,9,0,0,13.7024,261.472
676,9,0,0,13.6962,230.409
674,9,0,0,13.6858,178.918
675,9,0,0,13.6792,145.841
962,9,0,0,13.6688,96.4787
961,9,0,0,13.6633,67.3447
999,9,0,0,13.65,0
449,9,0,1,13.9952,1836.91,0.0431667,188.28,0.11,2
457,9,0,1,13.9837,1774.85
456,9,0,1,13.9788,1745.81
458,9,0,1,13.9696,1684.9
459,9,0,1,13.9629,1639.55
1543,9,0,1,13.9544,1577.74
715,9,0,1,13.9493,1533.9
716,9,0,1,13.9361,1459.54
722,9,0,1,13.9355,1456.73
552,9,0,1,13.8744,1144.84
1800,9,0,1,13.8661,1102.1
104,9,0,2,14.2756,3435.76,0.0708333,308.954,0.11,3
124,9,0,2,14.2612,3360.9
1715,9,0,2,14.2254,3179.59
136,9,0,2,14.2201,3151.91
139,9,0,2,14.2071,3082.29
140,9,0,2,14.1863,2968.64
360,9,0,2,14.1475,2759.03
366,9,0,2,14.1308,2665.47
371,9,0,2,14.1204,2606.49
372,9,0,2,14.1063,2502.78
460,9,0,2,14.1012,2468.99
461,9,0,2,14.0921,2403.62
462,9,0,2,14.0906,2389.24
1990,9,0,2,14.0835,2336.55
452,9,0,2,14.0796,2304.49
453,9,0,2,14.0684,2217.26
455,9,0,2,14.0599,2151.77
454,9,0,2,14.0574,2137.13
448,9,0,2,14.0501,2092.21
449,9,0,2,14.0384,2025.19
362,9,0,3,14.5459,4811.71,0.0438333,191.188,0.02,4
142,9,0,3,14.5357,4757.21
141,9,0,3,14.5196,4668.9
137,9,0,3,14.5158,4642.94
134,9,0,3,14.4873,4495.71
129,9,0,3,14.4807,4460.14
1717,9,0,3,14.4519,4308.49
128,9,0,3,14.4293,4182.9
127,9,0,3,14.4254,4163.2
122,9,0,3,14.3809,3933.35
1970,9,0,3,14.3702,3877.45
102,9,0,3,14.3518,3781.22
104,9,0,3,14.3465,3744.72
1280,9,0,4,14.9884,7208.27,0.0575,250.798,0.05,5
1845,9,0,4,14.9734,7132.43
1270,9,0,4,14.9686,7108.9
1271,9,0,4,14.9568,7049.22
868,9,0,4,14.9421,6967.14
869,9,0,4,14.9228,6861.67
1856,9,0,4,14.903,6766.18
855,9,0,4,14.9028,6765.46
843,9,0,4,14.8892,6686.41
832,9,0,4,14.8774,6620.96
831,9,0,4,14.8721,6591.24
825,9,0,4,14.8717,6589.21
822,9,0,4,14.8523,6482.34
823,9,0,4,14.8453,6447.18
824,9,0,4,14.8322,6378.23
880,9,0,4,14.8155,6287.19
881,9,0,4,14.8008,6206.73
1985,9,0,4,14.7777,6079.16
409,9,0,4,14.7624,5998.5
397,9,0,4,14.7472,5916.56
390,9,0,4,14.7267,5811.34
382,9,0,4,14.7082,5714.64
376,9,0,4,14.6925,5627.53
369,9,0,4,14.6752,5532.34
2134,9,0,4,14.6654,5436.7
371,9,0,4,14.66,5395.91
372,9,0,4,14.646,5292.2
368,9,0,4,14.6298,5209.77
367,9,0,4,14.6208,5168.81
363,9,0,4,14.6055,5088.58
362,9,0,4,14.5898,5002.9
1206,9,0,5,15.4329,9571.18,0.0928333,404.911,0.1,6
2081,9,0,5,15.4184,9488.37
2080,9,0,5,15.4051,9415.71
2079,9,0,5,15.3888,9335.27
1554,9,0,5,15.3788,9287.14
1416,9,0,5,15.3772,9279.31
1415,9,0,5,15.3627,9205.5
2097,9,0,5,15.3495,9137.95
2120,9,0,5,15.3449,9106.49
1414,9,0,5,15.3345,9052.24
1350,9,0,5,15.3193,8975.97
1351,9,0,5,15.3115,8936.35
1352,9,0,5,15.2989,8873.12
1358,9,0,5,15.2893,8822.67
1357,9,0,5,15.2781,8764.5
1356,9,0,5,15.2773,8760.78
2076,9,0,5,15.2713,8728.46
1355,9,0,5,15.2701,8721.8
1364,9,0,5,15.2701,8721.59
1361,9,0,5,15.2639,8687.13
1354,9,0,5,15.2639,8686.94
2188,9,0,5,15.2561,8647.67
2075,9,0,5,15.2338,8533.88
1822,9,0,5,15.233,8529.88
1353,9,0,5,15.225,8488.25
2118,9,0,5,15.2034,8371.58
2117,9,0,5,15.2008,8346.95
2164,9,0,5,15.1825,8232.54
1306,9,0,5,15.1576,8071.86
1599,9,0,5,15.1418,7982.85
1300,9,0,5,15.1372,7956.17
1298,9,0,5,15.1324,7929.41
2176,9,0,5,15.1259,7890.21
2066,9,0,5,15.1156,7823.02
1262,9,0,5,15.1043,7762.09
1261,9,0,5,15.0955,7714.99
1846,9,0,5,15.0635,7553.05
1281,9,0,5,15.0566,7516.2
1280,9,0,5,15.0459,7459.07
815,9,0,6,16.0889,13005.2,0.0345,150.479,0.2,7
816,9,0,6,16.0803,12963.5
2151,9,0,6,16.0673,12894.6
819,9,0,6,16.0537,12820
2009,9,0,6,16.046,12771.9
2010,9,0,6,16.0295,12670
837,9,0,6,16.0222,12623.9
1774,9,0,6,16.0093,12551.7
849,9,0,6,16.0056,12531.2
850,9,0,6,15.9992,12482.2
852,9,0,6,15.9909,12435.6
865,9,0,6,15.9823,12388.4
869,9,0,6,15.9675,12298
2066,9,0,6,15.9423,12171.2
1297,9,0,6,15.9135,12020.8
1299,9,0,6,15.9078,11988.6
1600,9,0,6,15.9063,11975.1
1306,9,0,6,15.8935,11890.3
1301,9,0,6,15.8802,11818.5
1302,9,0,6,15.8539,11680.2
1307,9,0,6,15.8396,11600.2
1308,9,0,6,15.8289,11542.6
1309,9,0,6,15.8093,11443.8
1314,9,0,6,15.8087,11440.9
2165,9,0,6,15.7862,11327.7
2118,9,0,6,15.7846,11319.5
1353,9,0,6,15.7612,11195.3
1822,9,0,6,15.7504,11142
2075,9,0,6,15.7496,11138
2188,9,0,6,15.727,11023.2
1354,9,0,6,15.7178,10977.9
1355,9,0,6,15.7116,10944.6
2076,9,0,6,15.7098,10935.5
1356,9,0,6,15.7028,10898.7
1357,9,0,6,15.702,10895
1358,9,0,6,15.6903,10834.8
1352,9,0,6,15.6813,10787.1
1351,9,0,6,15.6675,10718.9
1350,9,0,6,15.6603,10681.3
1414,9,0,6,15.6439,10600.2
2120,9,0,6,15.6334,10545.5
2097,9,0,6,15.6243,10498.5
1415,9,0,6,15.6115,10432.9
1416,9,0,6,15.5958,10353.9
1554,9,0,6,15.5942,10346
2079,9,0,6,15.5877,10312.3
2080,9,0,6,15.5727,10237.3
2081,9,0,6,15.5583,10160.1
1207,9,0,6,15.5429,10073.5
2061,9,0,6,15.5356,10030.2
1206,9,0,6,15.5257,9976.09
1317,9,0,7,16.3715,14633.5,0.104167,454.344,0.13,8
2071,9,0,7,16.3593,14565.4
2165,9,0,7,16.3373,14449
2117,9,0,7,16.332,14420.1
2164,9,0,7,16.3124,14303.8
1306,9,0,7,16.2869,14142.5
1599,9,0,7,16.2708,14052.3
1300,9,0,7,16.2662,14025.5
1298,9,0,7,16.2607,13995.7
2176,9,0,7,16.2545,13956.9
2066,9,0,7,16.2432,13888.3
869,9,0,7,16.2338,13813.3
865,9,0,7,16.2177,13720.8
852,9,0,7,16.2113,13679.4
850,9,0,7,16.205,13636.2
849,9,0,7,16.1969,13586
1774,9,0,7,16.1932,13565.7
837,9,0,7,16.1818,13496.6
2010,9,0,7,16.1741,13450
836,9,0,7,16.1671,13402.2
827,9,0,7,16.1572,13345.4
826,9,0,7,16.1378,13238.4
815,9,0,7,16.1234,13155.7
999,9,0,8,16.7036,16282.2,0,0,0
1002,9,0,8,16.6982,16251.8
1031,9,0,8,16.6865,16191.6
2031,9,0,8,16.6792,16154.6
2032,9,0,8,16.6788,16152.8
1053,9,0,8,16.6709,16113.6
1784,9,0,8,16.6678,16097.1
1066,9,0,8,16.6585,16049.9
2034,9,0,8,16.6415,15960.3
1850,9,0,8,16.6323,15913.3
2035,9,0,8,16.6241,15869.7
1106,9,0,8,16.6122,15805.5
2039,9,0,8,16.5997,15741.6
2106,9,0,8,16.5842,15657
2050,9,0,8,16.575,15613
2051,9,0,8,16.5635,15552.8
1333,9,0,8,16.5397,15427.1
1315,9,0,8,16.5266,15359.6
2165,9,0,8,16.5091,15269
2071,9,0,8,16.4892,15161.6
1317,9,0,8,16.4757,15087.8
2021,9,1,0,13.9455,954.157,0.0418333,182.464,0.24,1
1791,9,1,0,13.9363,908.831
939,9,1,0,13.923,839.961
940,9,1,0,13.9184,808.109
930,9,1,0,13.9062,746.307
1555,9,1,0,13.8834,630.349
915,9,1,0,13.876,593.22
2016,9,1,0,13.8545,486.314
917,9,1,0,13.8537,482.499
916,9,1,0,13.8535,481.592
919,9,1,0,13.8478,442.508
2017,9,1,0,13.8477,442.335
2014,9,1,0,13.8467,437.314
2015,9,1,0,13.8386,396.599
910,9,1,0,13.8385,396.115
909,9,1,0,13.8302,353.969
1051,9,1,0,13.8203,303.813
1025,9,1,0,13.8081,242.513
1029,9,1,0,13.7942,173.157
1026,9,1,0,13.7837,121.112
998,9,1,0,13.7791,97.9808
999,9,1,0,13.76,0
1414,9,1,1,14.1984,2257.68,0.116333,507.411,0.2,2
1350,9,1,1,14.1865,2195.12
1351,9,1,1,14.1796,2159.2
1352,9,1,1,14.1662,2092.19
1358,9,1,1,14.1567,2042.88
1357,9,1,1,14.1453,1983.64
1356,9,1,1,14.1445,1979.93
2076,9,1,1,14.139,1949.52
1355,9,1,1,14.1378,1942.77
1354,9,1,1,14.1312,1908.09
2188,9,1,1,14.125,1875.03
2075,9,1,1,14.1031,1763.22
1822,9,1,1,14.1023,1759.23
1353,9,1,1,14.0938,1715.51
2118,9,1,1,14.0723,1599.31
2117,9,1,1,14.0697,1574.68
2164,9,1,1,14.0503,1458.7
1307,9,1,1,14.0339,1372.41
1303,9,1,1,14.019,1298.53
2021,9,1,1,13.9873,1136.62
999,9,1,2,14.5943,4200.77,0,0,0
1002,9,1,2,14.588,4166.72
1031,9,1,2,14.5732,4093.58
2031,9,1,2,14.5659,4056.58
2032,9,1,2,14.5655,4054.76
1053,9,1,2,14.5579,4016.87
1784,9,1,2,14.5545,3999.12
1069,9,1,2,14.5335,3893.32
1848,9,1,2,14.5276,3859.07
1847,9,1,2,14.5222,3831
1086,9,1,2,14.5166,3802.92
1087,9,1,2,14.5027,3732.44
1088,9,1,2,14.4938,3688.35
1117,9,1,2,14.4847,3641.89
1119,9,1,2,14.4839,3637.89
1118,9,1,2,14.4777,3604.3
2044,9,1,2,14.4625,3524.74
2169,9,1,2,14.4544,3483.72
2171,9,1,2,14.4498,3459.57
1549,9,1,2,14.442,3419.42
1147,9,1,2,14.4345,3381.03
1796,9,1,2,14.4005,3198.92
1328,9,1,2,14.3986,3188.88
1340,9,1,2,14.3784,3088.6
1348,9,1,2,14.3779,3086.06
1349,9,1,2,14.3769,3081.01
1358,9,1,2,14.3586,2988.83
1352,9,1,2,14.3503,2944.06
1351,9,1,2,14.3383,2883.57
1350,9,1,2,14.3314,2847.18
1414,9,1,2,14.3148,2765.09
