Node, Individual, Route,Segment, Travel time, Travel cost, Attention time, Attention cost, Failure rate, Demand
1806,0,0,0,15.1409,534.63,0.038,165.745,0.05,1
1805,0,0,0,15.1336,493.945
1553,0,0,0,15.1125,382.179
1300,0,0,0,15.1047,343.654
1299,0,0,0,15.1025,328.949
1557,0,0,0,15.0813,217.444
2024,0,0,0,15.0669,141.955
2025,0,0,0,15.0497,52.0993
1598,0,0,0,15.0449,26.7231
948,0,0,0,15.04,0
1258,0,0,1,15.304,1385.34,0.0936667,408.546,0.19,2
1260,0,0,1,15.2967,1333.24
1259,0,0,1,15.2834,1263.11
1269,0,0,1,15.2646,1164.69
1268,0,0,1,15.2597,1139.85
1279,0,0,1,15.2485,1081.26
1284,0,0,1,15.233,994.548
2069,0,0,1,15.2207,929.881
2067,0,0,1,15.1936,781.298
2068,0,0,1,15.1849,732.902
1806,0,0,1,15.1789,700.375
2012,0,0,2,15.626,2997.83,0.0538333,234.805,0.36,3
887,0,0,2,15.6088,2907.11
902,0,0,2,15.5896,2811.62
914,0,0,2,15.5839,2777.84
913,0,0,2,15.5703,2706.39
912,0,0,2,15.5668,2687.6
911,0,0,2,15.55,2595.23
835,0,0,2,15.5312,2490.94
848,0,0,2,15.5302,2486.45
843,0,0,2,15.5075,2365.41
855,0,0,2,15.48,2228.93
1856,0,0,2,15.4799,2228.22
869,0,0,2,15.4662,2158.08
868,0,0,2,15.4465,2050.95
1259,0,0,2,15.4278,1948.98
1260,0,0,2,15.4104,1861.76
1258,0,0,2,15.3977,1793.89
877,0,0,3,15.7575,3627.31,0.0345,150.479,0.13,4
870,0,0,3,15.7427,3551.78
876,0,0,3,15.7388,3532.03
875,0,0,3,15.7337,3505.82
2011,0,0,3,15.7261,3466.47
2156,0,0,3,15.7214,3441.47
2013,0,0,3,15.7207,3438.32
886,0,0,3,15.71,3385.27
885,0,0,3,15.6855,3260.23
2012,0,0,3,15.6798,3232.64
2050,0,0,4,15.9408,4544.65,0.0603333,263.156,0.11,5
2106,0,0,4,15.9338,4509.92
2039,0,0,4,15.9139,4406.65
1106,0,0,4,15.9028,4348.32
2035,0,0,4,15.8909,4284.24
1085,0,0,4,15.8769,4211.84
920,0,0,4,15.8599,4119.22
2018,0,0,4,15.8545,4092.17
2015,0,0,4,15.8467,4050.77
910,0,0,4,15.8467,4050.28
909,0,0,4,15.8372,4003.6
898,0,0,4,15.824,3937.02
897,0,0,4,15.8144,3888.64
877,0,0,4,15.792,3777.79
948,0,0,5,16.118,5414.28,0,0,0
950,0,0,5,16.1034,5334.66
951,0,0,5,16.0964,5299.08
2021,0,0,5,16.0771,5200.16
2022,0,0,5,16.0662,5143.64
952,0,0,5,16.056,5091.2
953,0,0,5,16.046,5039.43
2023,0,0,5,16.0451,5035.33
2108,0,0,5,16.0304,4957.46
1794,0,0,5,16.0243,4925.95
2106,0,0,5,16.0103,4851.78
2050,0,0,5,16.0011,4807.81
2012,1,0,0,15.4023,590.211,0.0538333,234.805,0.36,1
887,1,0,0,15.3851,499.49
902,1,0,0,15.3659,404.001
904,1,0,0,15.354,338.372
925,1,0,0,15.3306,210.994
2019,1,0,0,15.3261,187.596
929,1,0,0,15.3257,185.613
928,1,0,0,15.3047,75.8838
948,1,0,0,15.29,0
877,1,0,1,15.5338,1219.69,0.0345,150.479,0.13,2
870,1,0,1,15.519,1144.16
876,1,0,1,15.5151,1124.41
875,1,0,1,15.51,1098.2
2011,1,0,1,15.5024,1058.85
2156,1,0,1,15.4977,1033.85
2013,1,0,1,15.497,1030.7
886,1,0,1,15.4864,977.651
885,1,0,1,15.4619,852.615
2012,1,0,1,15.4562,825.016
2050,1,0,2,15.7171,2137.03,0.0603333,263.156,0.11,3
2106,1,0,2,15.7101,2102.3
2039,1,0,2,15.6902,1999.03
1106,1,0,2,15.6791,1940.7
2035,1,0,2,15.6672,1876.62
1085,1,0,2,15.6532,1804.22
920,1,0,2,15.6363,1711.61
2018,1,0,2,15.6308,1684.55
2015,1,0,2,15.6231,1643.15
910,1,0,2,15.623,1642.67
909,1,0,2,15.6135,1595.98
898,1,0,2,15.6003,1529.4
897,1,0,2,15.5907,1481.02
877,1,0,2,15.5683,1370.17
1806,1,0,3,15.9851,3476.17,0.038,165.745,0.05,4
1805,1,0,3,15.9778,3435.49
1553,1,0,3,15.9567,3323.72
1300,1,0,3,15.9489,3285.2
1299,1,0,3,15.9466,3270.49
1557,1,0,3,15.9255,3158.99
2024,1,0,3,15.9111,3083.5
2025,1,0,3,15.8939,2993.64
949,1,0,3,15.8906,2976.96
951,1,0,3,15.8808,2925.29
2021,1,0,3,15.8595,2817.74
2022,1,0,3,15.848,2758.87
952,1,0,3,15.8362,2699.96
953,1,0,3,15.8245,2641.17
2023,1,0,3,15.8237,2637.07
2108,1,0,3,15.8089,2559.07
1794,1,0,3,15.8026,2526.43
2106,1,0,3,15.7874,2447.41
2050,1,0,3,15.7774,2400.19
1258,1,0,4,16.1383,4287.19,0.0731667,319.131,0.18,5
1260,1,0,4,16.1306,4234.87
1259,1,0,4,16.1167,4162.04
1269,1,0,4,16.0984,4065.94
1268,1,0,4,16.0941,4043.81
1279,1,0,4,16.0838,3988.56
1284,1,0,4,16.0682,3901.85
2069,1,0,4,16.0581,3846.36
2067,1,0,4,16.035,3713.58
2068,1,0,4,16.0278,3669.51
1806,1,0,4,16.0231,3641.92
948,1,0,5,16.3783,5510,0,0,0
947,1,0,5,16.3661,5446.09
946,1,0,5,16.3485,5361.97
945,1,0,5,16.3238,5233.92
954,1,0,5,16.3168,5197.92
2066,1,0,5,16.2874,5037.58
869,1,0,5,16.2781,4962.54
868,1,0,5,16.2578,4852.84
1259,1,0,5,16.2403,4756.13
1260,1,0,5,16.223,4668.92
1258,1,0,5,16.2115,4606.32
1806,2,0,0,14.744,615.886,0.0731667,319.131,0,1
1805,2,0,0,14.7363,573.554
1553,2,0,0,14.7121,448.776
1300,2,0,0,14.7039,408.394
1299,2,0,0,14.7016,393.696
1600,2,0,0,14.7002,380.248
1306,2,0,0,14.6861,293.88
1301,2,0,0,14.6714,216.341
2024,2,0,0,14.6552,135.019
2025,2,0,0,14.638,45.3121
1598,2,0,0,14.635,27.1093
948,2,0,0,14.63,0
1258,2,0,1,14.9372,1598.87,0.0881667,384.556,0.18,2
1260,2,0,1,14.9296,1546.54
1267,2,0,1,14.9175,1480.6
1269,2,0,1,14.8971,1381.3
1268,2,0,1,14.8934,1362
1279,2,0,1,14.8877,1320.22
1284,2,0,1,14.8722,1233.51
2069,2,0,1,14.8586,1162.91
2067,2,0,1,14.8323,1017.99
2068,2,0,1,14.8238,970.291
1806,2,0,1,14.8171,935.017
2012,2,0,2,15.2537,3187.37,0.0538333,234.805,0.36,3
887,2,0,2,15.2364,3096.65
902,2,0,2,15.2173,3001.16
914,2,0,2,15.2116,2967.38
913,2,0,2,15.198,2895.93
912,2,0,2,15.1945,2877.14
911,2,0,2,15.1777,2784.77
835,2,0,2,15.1589,2680.47
848,2,0,2,15.1579,2675.99
843,2,0,2,15.1352,2554.95
855,2,0,2,15.1077,2418.47
1856,2,0,2,15.1075,2417.75
869,2,0,2,15.0939,2347.62
868,2,0,2,15.0742,2240.49
1259,2,0,2,15.0555,2138.52
1260,2,0,2,15.0381,2051.3
1258,2,0,2,15.0254,1983.42
877,2,0,3,15.3852,3816.85,0.0345,150.479,0.13,4
870,2,0,3,15.3704,3741.31
876,2,0,3,15.3664,3721.57
875,2,0,3,15.3614,3695.35
2011,2,0,3,15.3537,3656.01
2156,2,0,3,15.349,3631.01
2013,2,0,3,15.3484,3627.85
886,2,0,3,15.3377,3574.81
885,2,0,3,15.3132,3449.77
2012,2,0,3,15.3075,3422.17
2050,2,0,4,15.5685,4734.19,0.0603333,263.156,0.11,5
2106,2,0,4,15.5615,4699.45
2039,2,0,4,15.5416,4596.18
1106,2,0,4,15.5305,4537.86
2035,2,0,4,15.5186,4473.78
1085,2,0,4,15.5046,4401.38
920,2,0,4,15.4876,4308.76
2018,2,0,4,15.4822,4281.7
2015,2,0,4,15.4744,4240.31
910,2,0,4,15.4743,4239.82
909,2,0,4,15.4649,4193.14
898,2,0,4,15.4517,4126.56
897,2,0,4,15.4421,4078.18
877,2,0,4,15.4197,3967.33
948,2,0,5,15.7549,5630.56,0,0,0
950,2,0,5,15.7407,5552.58
1791,2,0,5,15.7139,5422.08
1790,2,0,5,15.702,5361.58
1789,2,0,5,15.6891,5298.02
1788,2,0,5,15.6755,5231.98
1787,2,0,5,15.6747,5228.27
1736,2,0,5,15.662,5164.18
1794,2,0,5,15.654,5123.59
2106,2,0,5,15.6388,5044.57
2050,2,0,5,15.6288,4997.34
1806,3,0,0,13.0934,502.976,0.0543333,236.986,0,1
1805,3,0,0,13.0856,460.199
1553,3,0,0,13.0627,340.494
1300,3,0,0,13.0555,304.507
1299,3,0,0,13.0534,289.94
1557,3,0,0,13.037,198.891
2024,3,0,0,13.0214,118.316
2025,3,0,0,13.0096,51.4198
1598,3,0,0,13.0047,26.0378
948,3,0,0,13,0
1258,3,0,1,13.2884,1479.11,0.073,318.404,0.17,2
1260,3,0,1,13.2694,1384.83
1259,3,0,1,13.2555,1311.95
868,3,0,1,13.2325,1191.95
869,3,0,1,13.2142,1090.44
2066,3,0,1,13.193,980.433
1262,3,0,1,13.1818,920.36
2068,3,0,1,13.1543,774.858
1806,3,0,1,13.1478,739.961
948,3,0,2,13.5362,2730.18,0,0,0
947,3,0,2,13.524,2666.23
946,3,0,2,13.5132,2610.11
945,3,0,2,13.4865,2474.22
954,3,0,2,13.4798,2439.29
2066,3,0,2,13.4463,2261.39
869,3,0,2,13.4356,2186.3
868,3,0,2,13.4171,2084.21
1259,3,0,2,13.3922,1955.7
1260,3,0,2,13.3748,1868.48
1258,3,0,2,13.3614,1797.51
2012,3,1,0,15.6823,590.211,0.0538333,234.805,0.36,1
887,3,1,0,15.6651,499.49
902,3,1,0,15.6459,404.001
904,3,1,0,15.634,338.372
925,3,1,0,15.6106,210.994
2019,3,1,0,15.6061,187.596
929,3,1,0,15.6057,185.613
928,3,1,0,15.5847,75.8838
948,3,1,0,15.57,0
877,3,1,1,15.8138,1219.69,0.0345,150.479,0.13,2
870,3,1,1,15.799,1144.16
876,3,1,1,15.7951,1124.41
875,3,1,1,15.79,1098.2
2011,3,1,1,15.7824,1058.85
2156,3,1,1,15.7777,1033.85
2013,3,1,1,15.777,1030.7
886,3,1,1,15.7664,977.651
885,3,1,1,15.7419,852.615
2012,3,1,1,15.7361,825.016
2050,3,1,2,15.9971,2137.03,0.0603333,263.156,0.11,3
2106,3,1,2,15.9901,2102.3
2039,3,1,2,15.9702,1999.03
1106,3,1,2,15.9591,1940.7
2035,3,1,2,15.9472,1876.62
1085,3,1,2,15.9332,1804.22
920,3,1,2,15.9163,1711.61
2018,3,1,2,15.9108,1684.55
2015,3,1,2,15.9031,1643.15
910,3,1,2,15.903,1642.67
909,3,1,2,15.8935,1595.98
898,3,1,2,15.8803,1529.4
897,3,1,2,15.8707,1481.02
877,3,1,2,15.8483,1370.17
948,3,1,3,16.1743,3006.66,0,0,0
950,3,1,3,16.1597,2927.04
951,3,1,3,16.1527,2891.46
2021,3,1,3,16.1334,2792.54
2022,3,1,3,16.1225,2736.02
952,3,1,3,16.1123,2683.58
953,3,1,3,16.1023,2631.81
2023,3,1,3,16.1015,2627.71
2108,3,1,3,16.0867,2549.84
1794,3,1,3,16.0806,2518.33
2106,3,1,3,16.0666,2444.16
2050,3,1,3,16.0574,2400.19
1806,4,0,0,13.0934,502.976,0.0543333,236.986,0,1
1805,4,0,0,13.0856,460.199
1553,4,0,0,13.0627,340.494
1300,4,0,0,13.0555,304.507
1299,4,0,0,13.0534,289.94
1557,4,0,0,13.037,198.891
2024,4,0,0,13.0214,118.316
2025,4,0,0,13.0096,51.4198
1598,4,0,0,13.0047,26.0378
948,4,0,0,13,0
1258,4,0,1,13.2884,1479.11,0.073,318.404,0.17,2
1260,4,0,1,13.2694,1384.83
1259,4,0,1,13.2555,1311.95
868,4,0,1,13.2325,1191.95
869,4,0,1,13.2142,1090.44
2066,4,0,1,13.193,980.433
1262,4,0,1,13.1818,920.36
2068,4,0,1,13.1543,774.858
1806,4,0,1,13.1478,739.961
2012,4,0,2,13.5895,2999.82,0.107667,469.61,0.35,3
887,4,0,2,13.5741,2916.99
902,4,0,2,13.5542,2818.2
914,4,0,2,13.5467,2777.38
913,4,0,2,13.5342,2711.07
912,4,0,2,13.5308,2692.58
911,4,0,2,13.5144,2602.06
835,4,0,2,13.4946,2493.08
848,4,0,2,13.4936,2488.59
843,4,0,2,13.4731,2377.25
855,4,0,2,13.4456,2240.77
1856,4,0,2,13.4455,2240.06
869,4,0,2,13.4356,2186.3
868,4,0,2,13.4171,2084.21
1259,4,0,2,13.3922,1955.7
1260,4,0,2,13.3748,1868.48
1258,4,0,2,13.3614,1797.51
877,4,0,3,13.7771,3873.33,0.0613333,267.518,0.12,4
870,4,0,3,13.7588,3783.35
876,4,0,3,13.7547,3762.85
875,4,0,3,13.75,3738.06
2011,4,0,3,13.7426,3699.8
2156,4,0,3,13.7374,3672.48
2013,4,0,3,13.7367,3669.32
886,4,0,3,13.7248,3611.15
885,4,0,3,13.7029,3497.03
2012,4,0,3,13.6972,3469.43
2050,4,0,4,13.9914,4924.48,0.0473333,206.454,0.09,5
2106,4,0,4,13.9844,4889.74
2039,4,0,4,13.9659,4792.23
1106,4,0,4,13.9556,4737.83
2035,4,0,4,13.9436,4673.24
1085,4,0,4,13.9318,4609.98
920,4,0,4,13.9138,4512.97
2018,4,0,4,13.9084,4485.91
2015,4,0,4,13.8934,4414.68
910,4,0,4,13.8933,4414.19
909,4,0,4,13.885,4372.05
898,4,0,4,13.8706,4300.67
897,4,0,4,13.8595,4245.82
877,4,0,4,13.8384,4140.84
948,4,0,5,14.1583,5737.42,0,0,0
950,4,0,5,14.1431,5655.55
1791,4,0,5,14.1196,5538.32
1790,4,0,5,14.1071,5475.71
1789,4,0,5,14.0947,5413.85
1788,4,0,5,14.0813,5348.51
1787,4,0,5,14.0805,5344.8
1736,4,0,5,14.0691,5286.11
1794,4,0,5,14.0616,5247.87
2106,4,0,5,14.0468,5170.54
2050,4,0,5,14.0387,5130.93
2012,5,0,0,13.1366,608.245,0.107667,469.61,0.35,1
887,5,0,0,13.1212,525.413
902,5,0,0,13.1013,426.624
904,5,0,0,13.0881,355.652
925,5,0,0,13.0646,227.755
2019,5,0,0,13.0592,200.489
929,5,0,0,13.0588,198.505
928,5,0,0,13.0346,75.7442
948,5,0,0,13.02,0
877,5,0,1,13.3242,1481.75,0.0613333,267.518,0.12,2
870,5,0,1,13.3059,1391.77
876,5,0,1,13.3018,1371.28
875,5,0,1,13.2971,1346.48
2011,5,0,1,13.2897,1308.23
2156,5,0,1,13.2844,1280.9
2013,5,0,1,13.2838,1277.75
886,5,0,1,13.2719,1219.57
885,5,0,1,13.25,1105.45
2012,5,0,1,13.2443,1077.85
2050,5,0,2,13.5384,2532.9,0.0473333,206.454,0.09,3
2106,5,0,2,13.5315,2498.17
2039,5,0,2,13.5129,2400.65
1106,5,0,2,13.5027,2346.25
2035,5,0,2,13.4907,2281.66
1085,5,0,2,13.4789,2218.4
920,5,0,2,13.4609,2121.4
2018,5,0,2,13.4555,2094.34
2015,5,0,2,13.4405,2023.1
910,5,0,2,13.4404,2022.62
909,5,0,2,13.4321,1980.47
898,5,0,2,13.4177,1909.09
897,5,0,2,13.4065,1854.25
877,5,0,2,13.3855,1749.27
1806,5,0,3,13.7856,3781.75,0.0543333,236.986,0,4
1805,5,0,3,13.7778,3738.97
1553,5,0,3,13.7548,3619.27
1300,5,0,3,13.7477,3583.28
1299,5,0,3,13.7456,3568.71
1557,5,0,3,13.7292,3477.66
2024,5,0,3,13.7136,3397.09
2025,5,0,3,13.7018,3330.19
949,5,0,3,13.6982,3312.36
951,5,0,3,13.6885,3261.39
2021,5,0,3,13.6693,3162.8
2022,5,0,3,13.657,3100.25
952,5,0,3,13.6459,3044.05
953,5,0,3,13.6336,2983
2023,5,0,3,13.6328,2978.89
2108,5,0,3,13.6186,2903.23
1794,5,0,3,13.6123,2870.88
2106,5,0,3,13.5984,2797.13
2050,5,0,3,13.5857,2739.36
1258,5,0,4,13.9806,4757.88,0.073,318.404,0.17,5
1260,5,0,4,13.9616,4663.6
1259,5,0,4,13.9476,4590.72
868,5,0,4,13.9247,4470.72
869,5,0,4,13.9064,4369.21
2066,5,0,4,13.8852,4259.21
1262,5,0,4,13.874,4199.13
2068,5,0,4,13.8465,4053.63
1806,5,0,4,13.8399,4018.73
948,5,0,5,14.2289,6013.4,0,0,0
947,5,0,5,14.2149,5942.23
946,5,0,5,14.2047,5888.39
945,5,0,5,14.1792,5757.34
954,5,0,5,14.1727,5723.08
2066,5,0,5,14.1379,5539.73
869,5,0,5,14.1277,5464.85
868,5,0,5,14.1067,5351.65
1259,5,0,5,14.0829,5228.07
1260,5,0,5,14.0655,5140.86
1258,5,0,5,14.0536,5076.28
2050,6,0,0,13.3022,576.546,0.0473333,206.454,0.09,1
2108,6,0,0,13.285,488.427
2023,6,0,0,13.2704,411.022
953,6,0,0,13.2696,406.921
952,6,0,0,13.2553,337.321
2022,6,0,0,13.2437,279.095
2021,6,0,0,13.2309,214.908
1791,6,0,0,13.2217,169.582
950,6,0,0,13.2057,84.0264
948,6,0,0,13.19,0
1806,6,0,1,13.5494,1825.39,0.0543333,236.986,0,2
1805,6,0,1,13.5416,1782.61
1553,6,0,1,13.5186,1662.91
1300,6,0,1,13.5115,1626.92
1299,6,0,1,13.5094,1612.36
1557,6,0,1,13.493,1521.31
2024,6,0,1,13.4774,1440.73
2025,6,0,1,13.4656,1373.84
949,6,0,1,13.462,1356
951,6,0,1,13.4523,1305.04
2021,6,0,1,13.4331,1206.44
2022,6,0,1,13.4208,1143.89
952,6,0,1,13.4097,1087.69
953,6,0,1,13.3974,1026.64
2023,6,0,1,13.3966,1022.54
2108,6,0,1,13.3824,946.875
1794,6,0,1,13.3761,914.529
2106,6,0,1,13.3622,840.773
2050,6,0,1,13.3496,782.999
1258,6,0,2,13.7444,2801.52,0.073,318.404,0.17,3
1260,6,0,2,13.7254,2707.25
1259,6,0,2,13.7114,2634.36
868,6,0,2,13.6885,2514.36
869,6,0,2,13.6702,2412.86
2066,6,0,2,13.649,2302.85
1262,6,0,2,13.6378,2242.78
2068,6,0,2,13.6103,2097.27
1806,6,0,2,13.6037,2062.38
948,6,0,3,13.9922,4052.6,0,0,0
947,6,0,3,13.9799,3988.65
946,6,0,3,13.9692,3932.52
945,6,0,3,13.9425,3796.64
954,6,0,3,13.9358,3761.71
2066,6,0,3,13.9023,3583.81
869,6,0,3,13.8916,3508.72
868,6,0,3,13.8731,3406.63
1259,6,0,3,13.8482,3278.11
1260,6,0,3,13.8308,3190.9
1258,6,0,3,13.8174,3119.93
2012,6,1,0,16.4971,568.338,0.056,244.255,0.33,1
887,6,1,0,16.482,486.95
902,6,1,0,16.4639,395.582
904,6,1,0,16.4494,319.104
925,6,1,0,16.4297,207.073
2019,6,1,0,16.4244,180.119
929,6,1,0,16.4239,178.135
928,6,1,0,16.4039,72.5925
948,6,1,0,16.39,0
877,6,1,1,16.6308,1207.39,0.110667,482.695,0.13,2
870,6,1,1,16.614,1123.55
876,6,1,1,16.61,1103.52
875,6,1,1,16.6055,1079.47
2011,6,1,1,16.5982,1041.67
2156,6,1,1,16.5925,1012.64
2013,6,1,1,16.5919,1009.49
886,6,1,1,16.5818,958.786
885,6,1,1,16.5588,840.193
2012,6,1,1,16.5531,812.593
948,6,1,2,16.9065,2521.48,0,0,0
928,6,1,2,16.8953,2460.42
929,6,1,2,16.8758,2357.34
2019,6,1,2,16.8754,2355.36
2157,6,1,2,16.8505,2236.81
1555,6,1,2,16.8387,2179.51
915,6,1,2,16.8311,2141.63
2016,6,1,2,16.8134,2050.75
917,6,1,2,16.8126,2046.94
2170,6,1,2,16.8077,2021.24
2017,6,1,2,16.805,2007.42
2014,6,1,2,16.8039,2002.16
2015,6,1,2,16.7958,1961.45
910,6,1,2,16.7957,1960.97
909,6,1,2,16.7864,1914.9
898,6,1,2,16.7728,1846.55
897,6,1,2,16.7628,1796.64
877,6,1,2,16.7414,1690.08
877,7,0,0,13.1773,812.205,0.0613333,267.518,0.12,1
870,7,0,0,13.1591,722.225
876,7,0,0,13.155,701.731
875,7,0,0,13.1503,676.935
2011,7,0,0,13.1429,638.683
2156,7,0,0,13.1376,611.357
2013,7,0,0,13.137,608.203
886,7,0,0,13.1251,550.025
888,7,0,0,13.1053,443.915
903,7,0,0,13.0915,374.032
904,7,0,0,13.0881,355.652
925,7,0,0,13.0646,227.755
2019,7,0,0,13.0592,200.489
929,7,0,0,13.0588,198.505
928,7,0,0,13.0346,75.7442
948,7,0,0,13.02,0
2050,7,0,1,13.3916,1863.36,0.0473333,206.454,0.09,2
2106,7,0,1,13.3847,1828.62
2039,7,0,1,13.3661,1731.11
1106,7,0,1,13.3559,1676.7
2035,7,0,1,13.3439,1612.12
1085,7,0,1,13.3321,1548.86
920,7,0,1,13.3141,1451.85
2018,7,0,1,13.3086,1424.79
2015,7,0,1,13.2937,1353.56
910,7,0,1,13.2936,1353.07
909,7,0,1,13.2852,1310.93
898,7,0,1,13.2709,1239.55
897,7,0,1,13.2597,1184.7
877,7,0,1,13.2387,1079.72
1806,7,0,2,13.6388,3112.2,0.0543333,236.986,0,3
1805,7,0,2,13.631,3069.43
1553,7,0,2,13.608,2949.72
1300,7,0,2,13.6009,2913.73
1299,7,0,2,13.5987,2899.17
1557,7,0,2,13.5824,2808.12
2024,7,0,2,13.5667,2727.54
2025,7,0,2,13.555,2660.65
949,7,0,2,13.5514,2642.81
951,7,0,2,13.5417,2591.85
2021,7,0,2,13.5225,2493.25
2022,7,0,2,13.5101,2430.7
952,7,0,2,13.499,2374.5
953,7,0,2,13.4868,2313.45
2023,7,0,2,13.486,2309.35
2108,7,0,2,13.4718,2233.69
1794,7,0,2,13.4655,2201.34
2106,7,0,2,13.4516,2127.58
2050,7,0,2,13.4389,2069.81
1258,7,0,3,13.8338,4088.33,0.073,318.404,0.17,4
1260,7,0,3,13.8148,3994.06
1259,7,0,3,13.8008,3921.17
868,7,0,3,13.7779,3801.17
869,7,0,3,13.7595,3699.67
2066,7,0,3,13.7384,3589.66
1262,7,0,3,13.7272,3529.59
2068,7,0,3,13.6997,3384.09
1806,7,0,3,13.6931,3349.19
948,7,0,4,14.0815,5339.41,0,0,0
947,7,0,4,14.0693,5275.46
946,7,0,4,14.0585,5219.34
945,7,0,4,14.0319,5083.45
954,7,0,4,14.0252,5048.52
2066,7,0,4,13.9917,4870.62
869,7,0,4,13.981,4795.53
868,7,0,4,13.9625,4693.44
1259,7,0,4,13.9376,4564.93
1260,7,0,4,13.9202,4477.71
1258,7,0,4,13.9068,4406.74
2012,7,1,0,16.4771,568.338,0.056,244.255,0.33,1
887,7,1,0,16.462,486.95
902,7,1,0,16.4439,395.582
904,7,1,0,16.4294,319.104
925,7,1,0,16.4097,207.073
2019,7,1,0,16.4044,180.119
929,7,1,0,16.4039,178.135
928,7,1,0,16.3839,72.5925
948,7,1,0,16.37,0
948,7,1,1,16.6485,1408.17,0,0,0
928,7,1,1,16.6373,1347.11
923,7,1,1,16.6031,1175.13
924,7,1,1,16.5949,1135.82
914,7,1,1,16.5732,1023.3
902,7,1,1,16.5665,986.526
887,7,1,1,16.5505,903.888
2012,7,1,1,16.5331,812.593
