Node, Individual, Route,Segment, Travel time, Travel cost, Attention time, Attention cost, Failure rate, Demand
1307,0,0,0,15.0255,554.042,0.0428333,186.826,0.28,1
1303,0,0,0,15.0145,496.053
2021,0,0,0,14.9762,306.727
1791,0,0,0,14.9683,267.142
939,0,0,0,14.9515,182.874
940,0,0,0,14.9468,151.022
934,0,0,0,14.9273,42.0448
933,0,0,0,14.9206,2.93996
936,0,0,0,14.92,0
1336,0,0,1,15.1693,1263.92,0.0595,259.521,0.34,2
1792,0,0,1,15.1633,1232.8
1334,0,0,1,15.1538,1186.27
1335,0,0,1,15.1432,1136.04
1341,0,0,1,15.1353,1092.01
1315,0,0,1,15.1177,995.332
1314,0,0,1,15.102,911.668
1309,0,0,1,15.1014,908.797
1308,0,0,1,15.0816,808.959
1307,0,0,1,15.0684,740.869
999,0,0,2,15.4193,2503.53,0.0515,224.627,0.17,3
1002,0,0,2,15.4124,2466.7
1031,0,0,2,15.3982,2395.75
2031,0,0,2,15.3908,2358.75
2032,0,0,2,15.3904,2356.93
1053,0,0,2,15.3827,2318.47
1784,0,0,2,15.3795,2301.77
1066,0,0,2,15.3704,2254.95
1070,0,0,2,15.3598,2198.39
1849,0,0,2,15.3491,2144.14
1108,0,0,2,15.3378,2086.26
1107,0,0,2,15.3243,2016.15
2040,0,0,2,15.3136,1959.09
1783,0,0,2,15.2975,1875.04
1153,0,0,2,15.2903,1838.82
1154,0,0,2,15.2798,1782.55
1324,0,0,2,15.2747,1756.63
1325,0,0,2,15.2637,1702.32
2073,0,0,2,15.256,1664.53
1336,0,0,2,15.2288,1523.44
436,0,0,3,15.5803,3296.28,0.077,335.851,0.12,4
425,0,0,3,15.5738,3261.57
426,0,0,3,15.5692,3238.26
424,0,0,3,15.5673,3225.38
613,0,0,3,15.5626,3198.86
611,0,0,3,15.5576,3166.62
619,0,0,3,15.5397,3074.45
618,0,0,3,15.5373,3062.61
615,0,0,3,15.5358,3050.83
617,0,0,3,15.5323,3033.28
616,0,0,3,15.5247,2995.31
676,0,0,3,15.5185,2964.25
674,0,0,3,15.5074,2910.2
675,0,0,3,15.5009,2877.13
962,0,0,3,15.4884,2819.34
961,0,0,3,15.4836,2793.06
999,0,0,3,15.4708,2728.16
884,0,0,4,15.7967,4334.48,0.0453333,197.73,0.06,5
1987,0,0,4,15.7613,4153.1
428,0,0,4,15.7563,4127.73
429,0,0,4,15.7343,4017.4
1988,0,0,4,15.71,3891.37
430,0,0,4,15.7064,3873.19
1989,0,0,4,15.6975,3832.45
432,0,0,4,15.6925,3807.66
435,0,0,4,15.6872,3781.07
431,0,0,4,15.6804,3747.02
439,0,0,4,15.6662,3675.59
436,0,0,4,15.6573,3632.13
936,0,0,5,15.9666,5183.24,0,0,0
1737,0,0,5,15.9555,5121.97
917,0,0,5,15.942,5052.45
916,0,0,5,15.9419,5051.54
906,0,0,5,15.9186,4929.48
889,0,0,5,15.9061,4866.09
888,0,0,5,15.8861,4759.15
887,0,0,5,15.8694,4669.42
2012,0,0,5,15.8468,4556.38
884,0,0,5,15.8421,4532.22
1307,1,0,0,14.3555,554.042,0.0546667,238.44,0.3,1
1303,1,0,0,14.3445,496.053
2021,1,0,0,14.3062,306.727
1791,1,0,0,14.2983,267.142
939,1,0,0,14.2815,182.874
940,1,0,0,14.2768,151.022
934,1,0,0,14.2573,42.0448
933,1,0,0,14.2506,2.93996
936,1,0,0,14.25,0
1336,1,0,1,14.5211,1357.19,0.0633333,276.241,0.28,2
1792,1,0,1,14.5128,1316.37
1334,1,0,1,14.503,1268.49
1335,1,0,1,14.4924,1218.26
1341,1,0,1,14.4838,1171.29
1315,1,0,1,14.4664,1075.52
1314,1,0,1,14.4463,973.405
1309,1,0,1,14.4457,970.535
1308,1,0,1,14.4294,885.27
1307,1,0,1,14.4102,792.482
999,1,0,2,14.7802,2633.05,0.0648333,282.783,0.16,3
1002,1,0,2,14.7761,2604.98
1031,1,0,2,14.7632,2539.71
2031,1,0,2,14.7559,2502.72
2032,1,0,2,14.7555,2500.89
1053,1,0,2,14.7479,2463
1784,1,0,2,14.7445,2445.25
1069,1,0,2,14.7234,2339.45
1848,1,0,2,14.7176,2305.2
1109,1,0,2,14.7088,2257.6
1113,1,0,2,14.7017,2222.36
2036,1,0,2,14.6942,2185.46
1112,1,0,2,14.6906,2166.62
2041,1,0,2,14.6768,2098.35
2042,1,0,2,14.6634,2030.26
1564,1,0,2,14.6521,1974.64
2107,1,0,2,14.642,1924.73
1145,1,0,2,14.6352,1892.06
2053,1,0,2,14.6222,1825.07
2073,1,0,2,14.6146,1786.93
1336,1,0,2,14.5844,1633.44
436,1,0,3,14.9644,3523.09,0.038,165.745,0.13,4
425,1,0,3,14.9579,3488.71
426,1,0,3,14.9529,3463.16
424,1,0,3,14.9508,3450.15
613,1,0,3,14.9432,3411.22
611,1,0,3,14.9374,3377.78
619,1,0,3,14.9195,3285.62
618,1,0,3,14.9171,3273.85
615,1,0,3,14.9156,3262.06
617,1,0,3,14.9121,3244.51
616,1,0,3,14.9055,3210.58
676,1,0,3,14.8993,3179.52
674,1,0,3,14.8844,3109.87
675,1,0,3,14.8778,3076.79
962,1,0,3,14.8692,3034.7
961,1,0,3,14.8619,2997.65
999,1,0,3,14.845,2915.84
884,1,0,4,15.1418,4391.19,0.0453333,197.73,0.06,5
1987,1,0,4,15.1064,4209.8
428,1,0,4,15.1014,4184.43
429,1,0,4,15.0794,4074.1
1988,1,0,4,15.055,3948.08
430,1,0,4,15.0515,3929.9
1989,1,0,4,15.0426,3889.15
432,1,0,4,15.0376,3864.36
435,1,0,4,15.0323,3837.77
431,1,0,4,15.0254,3803.72
439,1,0,4,15.0113,3732.3
436,1,0,4,15.0024,3688.83
936,1,0,5,15.3117,5239.94,0,0,0
1737,1,0,5,15.3006,5178.68
917,1,0,5,15.2871,5109.15
916,1,0,5,15.2869,5108.24
906,1,0,5,15.2636,4986.19
889,1,0,5,15.2511,4922.79
888,1,0,5,15.2312,4815.85
887,1,0,5,15.2144,4726.13
2012,1,0,5,15.1919,4613.09
884,1,0,5,15.1871,4588.92
1307,2,0,0,13.8417,580.427,0.0495,215.904,0.34,1
1303,2,0,0,13.8269,506.554
2021,2,0,0,13.7952,344.641
1791,2,0,0,13.7859,299.315
939,2,0,0,13.7727,230.444
940,2,0,0,13.768,198.593
934,2,0,0,13.7409,56.8666
933,2,0,0,13.7306,2.93996
936,2,0,0,13.73,0
1336,2,0,1,13.992,1319.25,0.0515,224.627,0.24,2
1792,2,0,1,13.9858,1286.83
1334,2,0,1,13.9778,1246.39
1335,2,0,1,13.9671,1196.16
1341,2,0,1,13.9596,1153.46
1315,2,0,1,13.9394,1045.7
1314,2,0,1,13.9225,956.845
1309,2,0,1,13.9219,953.975
1308,2,0,1,13.9078,878.201
1307,2,0,1,13.8912,796.332
999,2,0,2,14.2393,2543.49,0.0648333,282.783,0.16,3
1002,2,0,2,14.2352,2515.42
1031,2,0,2,14.2223,2450.15
2031,2,0,2,14.215,2413.15
2032,2,0,2,14.2146,2411.33
1053,2,0,2,14.207,2373.44
1784,2,0,2,14.2036,2355.69
1069,2,0,2,14.1826,2249.89
1848,2,0,2,14.1767,2215.63
1109,2,0,2,14.1679,2168.04
1113,2,0,2,14.1608,2132.79
2036,2,0,2,14.1533,2095.89
1112,2,0,2,14.1497,2077.06
2041,2,0,2,14.1359,2008.79
2042,2,0,2,14.1226,1940.7
1564,2,0,2,14.1112,1885.08
2107,2,0,2,14.1011,1835.17
1145,2,0,2,14.0943,1802.49
2053,2,0,2,14.0813,1735.5
2073,2,0,2,14.0737,1697.36
1336,2,0,2,14.0435,1543.87
436,2,0,3,14.4235,3433.53,0.038,165.745,0.13,4
425,2,0,3,14.417,3399.14
426,2,0,3,14.412,3373.6
424,2,0,3,14.4099,3360.59
613,2,0,3,14.4023,3321.66
611,2,0,3,14.3965,3288.22
619,2,0,3,14.3786,3196.05
618,2,0,3,14.3762,3184.29
615,2,0,3,14.3747,3172.5
617,2,0,3,14.3712,3154.95
616,2,0,3,14.3646,3121.02
676,2,0,3,14.3584,3089.96
674,2,0,3,14.3435,3020.31
675,2,0,3,14.3369,2987.23
962,2,0,3,14.3283,2945.14
961,2,0,3,14.321,2908.09
999,2,0,3,14.3042,2826.27
884,2,0,4,14.6157,4363.53,0.0611667,266.791,0.05,5
1987,2,0,4,14.5727,4150.53
428,2,0,4,14.5677,4125.17
429,2,0,4,14.5409,3995.16
1988,2,0,4,14.5124,3851.54
430,2,0,4,14.509,3834.28
1989,2,0,4,14.504,3809.19
432,2,0,4,14.4978,3779.12
435,2,0,4,14.4924,3752.53
431,2,0,4,14.4856,3718.73
439,2,0,4,14.4692,3637.64
436,2,0,4,14.4615,3599.27
936,2,0,5,14.8148,5337.56,0,0,0
1737,2,0,5,14.8026,5271.42
917,2,0,5,14.788,5197.25
916,2,0,5,14.7878,5196.34
906,2,0,5,14.7584,5048.42
889,2,0,5,14.7478,4993.18
888,2,0,5,14.7203,4854.56
887,2,0,5,14.7059,4774.73
2012,2,0,5,14.6813,4653.34
884,2,0,5,14.6769,4630.32
884,3,0,0,14.4283,938.52,0.0611667,266.791,0.05,1
883,3,0,0,14.3959,777.951
882,3,0,0,14.3827,708.309
2155,3,0,0,14.3792,690.597
901,3,0,0,14.3478,524.626
902,3,0,0,14.3349,454.953
904,3,0,0,14.3218,384.906
925,3,0,0,14.3003,265.332
2019,3,0,0,14.2951,239.037
929,3,0,0,14.2947,237.053
930,3,0,0,14.2744,130.978
931,3,0,0,14.2692,102.033
932,3,0,0,14.255,25.8242
933,3,0,0,14.2506,2.93996
936,3,0,0,14.25,0
436,3,0,1,14.608,1816.23,0.038,165.745,0.13,2
425,3,0,1,14.6015,1781.85
420,3,0,1,14.587,1709.7
421,3,0,1,14.583,1682.88
417,3,0,1,14.5789,1660.21
1989,3,0,1,14.561,1568.29
2011,3,0,1,14.5408,1464.73
2156,3,0,1,14.5351,1435.43
2013,3,0,1,14.5344,1432.28
886,3,0,1,14.5241,1380.66
885,3,0,1,14.4997,1255.93
2012,3,0,1,14.494,1228.33
884,3,0,1,14.4895,1205.31
999,3,0,2,14.7431,2469.37,0.0648333,282.783,0.16,3
961,3,0,2,14.7249,2381.87
962,3,0,2,14.7172,2343.18
675,3,0,2,14.7074,2296.4
674,3,0,2,14.7025,2270.37
676,3,0,2,14.6985,2243.04
616,3,0,2,14.6919,2210.39
606,3,0,2,14.6718,2111.68
610,3,0,2,14.6601,2054.36
436,3,0,2,14.646,1981.97
1336,3,0,3,14.998,3741.42,0.0633333,276.241,0.28,4
1792,3,0,3,14.9897,3700.6
1334,3,0,3,14.9799,3652.71
1325,3,0,3,14.9553,3525.25
1156,3,0,3,14.9478,3488.14
1155,3,0,3,14.9362,3427.72
2052,3,0,3,14.9312,3401.84
1782,3,0,3,14.9248,3369.23
2043,3,0,3,14.9162,3310.49
1111,3,0,3,14.9061,3256.31
1110,3,0,3,14.9002,3226.45
1113,3,0,3,14.886,3153.17
1847,3,0,3,14.8773,3105.9
1068,3,0,3,14.8667,3051.77
1785,3,0,3,14.8618,3026.31
1053,3,0,3,14.845,2938.88
2032,3,0,3,14.8356,2893.36
2031,3,0,3,14.8352,2891.54
1031,3,0,3,14.8271,2851.24
1002,3,0,3,14.8142,2785.93
999,3,0,3,14.808,2752.15
1307,3,0,4,15.1732,4587.33,0.0428333,186.826,0.28,5
1308,3,0,4,15.159,4515.06
1309,3,0,4,15.1395,4416.83
1314,3,0,4,15.139,4413.96
1315,3,0,4,15.1186,4310.56
1341,3,0,4,15.0991,4205.84
1342,3,0,4,15.0905,4163.11
1334,3,0,4,15.0795,4106.38
1792,3,0,4,15.0671,4047.85
1336,3,0,4,15.0613,4017.66
936,3,0,5,15.3251,5346.52,0,0,0
933,3,0,5,15.3245,5343.58
934,3,0,5,15.319,5305.93
935,3,0,5,15.3185,5303.32
2020,3,0,5,15.3074,5246.35
943,3,0,5,15.3066,5242.41
942,3,0,5,15.2987,5201.34
941,3,0,5,15.2872,5143.19
1790,3,0,5,15.2743,5076.02
2022,3,0,5,15.2638,5025.13
2021,3,0,5,15.2536,4971.44
1303,3,0,5,15.2318,4851.73
1307,3,0,5,15.216,4774.15
1336,4,0,0,12.8679,764.587,0.0533333,232.624,0.21,1
1792,4,0,0,12.8604,727.242
1334,4,0,0,12.8531,689.424
1335,4,0,0,12.8424,639.192
1333,4,0,0,12.82,524.133
2163,4,0,0,12.7933,383.309
2023,4,0,0,12.7673,241.926
1787,4,0,0,12.7597,202.721
1788,4,0,0,12.7589,199.018
943,4,0,0,12.7395,103.973
934,4,0,0,12.7293,49.9245
933,4,0,0,12.7206,2.93996
936,4,0,0,12.72,0
1307,4,0,1,13.0296,1551.85,0.0495,215.904,0.34,2
1308,4,0,1,13.018,1490.8
1309,4,0,1,13.0005,1400.7
1314,4,0,1,13,1397.83
1315,4,0,1,12.987,1325.89
1341,4,0,1,12.9626,1200.6
1342,4,0,1,12.954,1157.87
1334,4,0,1,12.9418,1095.73
1792,4,0,1,12.9293,1037.19
1336,4,0,1,12.9212,997.211
884,4,0,2,13.2894,2884.57,0.0738333,322.039,0.04,3
883,4,0,2,13.2621,2745.5
882,4,0,2,13.2506,2683.23
2155,4,0,2,13.2473,2666.51
901,4,0,2,13.2204,2519.33
902,4,0,2,13.2074,2449.78
904,4,0,2,13.1942,2378.8
925,4,0,2,13.1707,2250.91
2019,4,0,2,13.1653,2223.64
929,4,0,2,13.1649,2221.66
938,4,0,2,13.1529,2155.81
950,4,0,2,13.1394,2085.25
951,4,0,2,13.1324,2049.53
949,4,0,2,13.1214,1993.05
1302,4,0,2,13.1024,1886.33
1307,4,0,2,13.0791,1767.76
436,4,0,3,13.4789,3805.83,0.0588333,256.613,0.14,4
425,4,0,3,13.4714,3767.02
420,4,0,3,13.4557,3689.85
421,4,0,3,13.4517,3663.07
417,4,0,3,13.4472,3638.59
1989,4,0,3,13.4306,3552.18
2011,4,0,3,13.4129,3458.99
2156,4,0,3,13.4076,3431.66
2013,4,0,3,13.4069,3428.51
886,4,0,3,13.395,3370.33
885,4,0,3,13.3731,3256.21
2012,4,0,3,13.3674,3228.61
884,4,0,3,13.3632,3206.6
999,4,0,4,13.6308,4528.39,0.056,244.255,0.15,5
961,4,0,4,13.6151,4451.32
962,4,0,4,13.6074,4412.62
675,4,0,4,13.5963,4360.51
674,4,0,4,13.5901,4329.15
669,4,0,4,13.5736,4245.23
673,4,0,4,13.5641,4196.46
438,4,0,4,13.5585,4168.77
437,4,0,4,13.5488,4119.57
439,4,0,4,13.5449,4098.71
436,4,0,4,13.5378,4062.44
936,4,0,5,13.8088,5401.61,0,0,0
1737,4,0,5,13.7973,5338.38
917,4,0,5,13.7805,5255.15
916,4,0,5,13.7803,5254.24
919,4,0,5,13.7746,5215.15
2017,4,0,5,13.7745,5214.98
2014,4,0,5,13.7735,5209.96
2015,4,0,5,13.7654,5169.25
910,4,0,5,13.7653,5168.76
909,4,0,5,13.757,5126.62
1051,4,0,5,13.7471,5076.46
1025,4,0,5,13.7349,5015.16
1029,4,0,5,13.721,4945.8
1026,4,0,5,13.7104,4893.76
998,4,0,5,13.7059,4870.63
999,4,0,5,13.6868,4772.65
884,5,0,0,13.3634,917.424,0.0738333,322.039,0.04,1
883,5,0,0,13.3361,778.363
882,5,0,0,13.3246,716.093
2155,5,0,0,13.3214,699.368
901,5,0,0,13.2944,552.187
902,5,0,0,13.2815,482.635
904,5,0,0,13.2682,411.663
925,5,0,0,13.2448,283.766
2019,5,0,0,13.2394,256.499
929,5,0,0,13.239,254.516
930,5,0,0,13.222,162.739
931,5,0,0,13.21,105.498
932,5,0,0,13.1961,30.6376
933,5,0,0,13.1906,2.93996
936,5,0,0,13.19,0
436,5,0,1,13.553,1838.69,0.0588333,256.613,0.14,2
425,5,0,1,13.5454,1799.87
420,5,0,1,13.5297,1722.71
421,5,0,1,13.5257,1695.93
417,5,0,1,13.5212,1671.45
1989,5,0,1,13.5047,1585.04
2011,5,0,1,13.4869,1491.85
2156,5,0,1,13.4817,1464.52
2013,5,0,1,13.481,1461.37
886,5,0,1,13.4691,1403.19
885,5,0,1,13.4472,1289.07
2012,5,0,1,13.4415,1261.47
884,5,0,1,13.4373,1239.46
999,5,0,2,13.7048,2561.25,0.056,244.255,0.15,3
961,5,0,2,13.6892,2484.18
962,5,0,2,13.6814,2445.48
675,5,0,2,13.6703,2393.37
674,5,0,2,13.6642,2362
669,5,0,2,13.6477,2278.09
673,5,0,2,13.6381,2229.32
438,5,0,2,13.6326,2201.63
437,5,0,2,13.6229,2152.43
439,5,0,2,13.619,2131.57
436,5,0,2,13.6118,2095.3
1336,5,0,3,13.9733,3875.04,0.0515,224.627,0.24,4
1792,5,0,3,13.967,3842.63
1334,5,0,3,13.959,3802.19
1325,5,0,3,13.9318,3663.75
1156,5,0,3,13.9227,3620.04
1155,5,0,3,13.9097,3553.72
2052,5,0,3,13.9044,3526.72
1782,5,0,3,13.8978,3492.98
2043,5,0,3,13.8848,3422.45
1111,5,0,3,13.8699,3348.01
1109,5,0,3,13.8525,3261.56
1848,5,0,3,13.8324,3167.05
1069,5,0,3,13.8245,3124.51
1784,5,0,3,13.8073,3035.04
1053,5,0,3,13.8034,3015.22
2032,5,0,3,13.793,2965.69
2031,5,0,3,13.7926,2963.86
1031,5,0,3,13.7827,2916.46
1002,5,0,3,13.7685,2845.73
999,5,0,3,13.7608,2805.51
1307,5,0,4,14.1536,4738.18,0.0546667,238.44,0.3,5
1308,5,0,4,14.1424,4678.61
1309,5,0,4,14.1241,4585.25
1314,5,0,4,14.1235,4582.38
1315,5,0,4,14.0854,4406.68
1341,5,0,4,14.0653,4299.2
1342,5,0,4,14.0567,4256.47
1334,5,0,4,14.0459,4200.59
1792,5,0,4,14.0335,4142.05
1336,5,0,4,14.0248,4099.67
936,5,0,5,14.3293,5599.34,0,0,0
933,5,0,5,14.3287,5596.4
934,5,0,5,14.3231,5558.75
935,5,0,5,14.3226,5556.14
2020,5,0,5,14.3116,5499.17
943,5,0,5,14.3107,5495.23
942,5,0,5,14.3033,5456.1
941,5,0,5,14.2914,5396.54
1790,5,0,5,14.275,5314.41
2022,5,0,5,14.2645,5263.51
2021,5,0,5,14.25,5192.08
1303,5,0,5,14.2173,5025.93
1307,5,0,5,14.2083,4976.62
999,6,0,0,14.8034,633.053,0.0648333,282.783,0.16,1
1002,6,0,0,14.7993,604.982
1024,6,0,0,14.7783,498.436
1029,6,0,0,14.7723,469.049
1027,6,0,0,14.7594,405.671
1051,6,0,0,14.747,342.327
1052,6,0,0,14.7394,303.497
1804,6,0,0,14.7389,301.389
2015,6,0,0,14.7277,245.173
2014,6,0,0,14.7199,205.533
2017,6,0,0,14.7187,199.838
2170,6,0,0,14.7159,185.645
1738,6,0,0,14.6993,101.655
1737,6,0,0,14.6933,71.1284
936,6,0,0,14.68,0
436,6,0,1,14.9876,1523.09,0.038,165.745,0.13,2
425,6,0,1,14.9811,1488.71
426,6,0,1,14.9761,1463.17
424,6,0,1,14.974,1450.15
613,6,0,1,14.9664,1411.22
611,6,0,1,14.9606,1377.78
619,6,0,1,14.9427,1285.62
618,6,0,1,14.9404,1273.85
615,6,0,1,14.9388,1262.06
617,6,0,1,14.9353,1244.52
616,6,0,1,14.9287,1210.59
676,6,0,1,14.9225,1179.52
674,6,0,1,14.9076,1109.87
675,6,0,1,14.9011,1076.79
962,6,0,1,14.8924,1034.7
961,6,0,1,14.8851,997.651
999,6,0,1,14.8683,915.837
884,6,0,2,15.165,2391.19,0.0453333,197.73,0.06,3
1987,6,0,2,15.1296,2209.8
428,6,0,2,15.1246,2184.44
429,6,0,2,15.1026,2074.11
1988,6,0,2,15.0783,1948.08
430,6,0,2,15.0747,1929.9
1989,6,0,2,15.0658,1889.15
432,6,0,2,15.0608,1864.37
435,6,0,2,15.0555,1837.77
431,6,0,2,15.0487,1803.72
439,6,0,2,15.0345,1732.3
436,6,0,2,15.0256,1688.84
1307,6,0,3,15.3928,3531.06,0.0428333,186.826,0.28,4
1302,6,0,3,15.3764,3441.89
949,6,0,3,15.3541,3321.04
2025,6,0,3,15.3506,3303.58
1598,6,0,3,15.3458,3278.21
948,6,0,3,15.3409,3251.48
928,6,0,3,15.3309,3195.77
923,6,0,3,15.2888,2990.86
924,6,0,3,15.2805,2951.54
914,6,0,3,15.2609,2847.9
902,6,0,3,15.2542,2810.86
887,6,0,3,15.2377,2726.13
2012,6,0,3,15.2151,2613.09
884,6,0,3,15.2104,2588.92
936,6,0,4,15.5447,4290.25,0,0,0
933,6,0,4,15.5441,4287.31
934,6,0,4,15.5386,4249.67
935,6,0,4,15.5381,4247.06
2020,6,0,4,15.527,4190.08
943,6,0,4,15.5262,4186.15
942,6,0,4,15.5183,4145.08
941,6,0,4,15.5068,4086.93
1790,6,0,4,15.4939,4019.76
2022,6,0,4,15.4834,3968.87
2021,6,0,4,15.4732,3915.18
1303,6,0,4,15.4514,3795.47
1307,6,0,4,15.4356,3717.89
1336,6,1,0,13.4645,750.638,0.0515,224.627,0.24,1
1792,6,1,0,13.4582,718.22
1334,6,1,0,13.4502,677.786
1335,6,1,0,13.4396,627.554
1333,6,1,0,13.4225,535.212
2163,6,1,0,13.3942,387.56
2023,6,1,0,13.3645,230.349
1787,6,1,0,13.3564,189.064
1788,6,1,0,13.3556,185.36
943,6,1,0,13.3397,104.713
934,6,1,0,13.3309,56.8666
933,6,1,0,13.3206,2.93996
936,6,1,0,13.32,0
936,6,1,1,13.673,1782.92,0,0,0
933,6,1,1,13.6724,1779.98
934,6,1,1,13.6669,1742.34
935,6,1,1,13.6664,1739.73
2020,6,1,1,13.6553,1682.75
1787,6,1,1,13.6354,1584.44
2023,6,1,1,13.626,1537.62
2163,6,1,1,13.597,1383.21
1333,6,1,1,13.5665,1226.46
1335,6,1,1,13.5407,1097.21
1334,6,1,1,13.5348,1066.52
1792,6,1,1,13.5224,1007.99
1336,6,1,1,13.516,975.265
1336,7,0,0,13.9645,750.638,0.0515,224.627,0.24,1
1792,7,0,0,13.9582,718.22
1334,7,0,0,13.9502,677.786
1335,7,0,0,13.9396,627.554
1333,7,0,0,13.9225,535.212
2163,7,0,0,13.8942,387.56
2023,7,0,0,13.8645,230.349
1787,7,0,0,13.8564,189.064
1788,7,0,0,13.8556,185.36
943,7,0,0,13.8397,104.713
934,7,0,0,13.8309,56.8666
933,7,0,0,13.8206,2.93996
936,7,0,0,13.82,0
999,7,0,1,14.2118,1974.88,0.0648333,282.783,0.16,2
1002,7,0,1,14.2077,1946.81
1031,7,0,1,14.1948,1881.54
2031,7,0,1,14.1874,1844.55
2032,7,0,1,14.187,1842.72
1053,7,0,1,14.1794,1804.83
1784,7,0,1,14.176,1787.08
1069,7,0,1,14.155,1681.28
1848,7,0,1,14.1492,1647.03
1109,7,0,1,14.1404,1599.43
1113,7,0,1,14.1333,1564.19
2036,7,0,1,14.1258,1527.29
1112,7,0,1,14.1221,1508.45
2041,7,0,1,14.1084,1440.18
2042,7,0,1,14.095,1372.09
1564,7,0,1,14.0837,1316.47
2107,7,0,1,14.0735,1266.56
1145,7,0,1,14.0668,1233.89
2053,7,0,1,14.0537,1166.9
2073,7,0,1,14.0462,1128.76
1336,7,0,1,14.016,975.265
436,7,0,2,14.396,2864.92,0.038,165.745,0.13,3
425,7,0,2,14.3895,2830.54
426,7,0,2,14.3844,2804.99
424,7,0,2,14.3824,2791.98
613,7,0,2,14.3748,2753.05
611,7,0,2,14.3689,2719.61
619,7,0,2,14.351,2627.45
618,7,0,2,14.3487,2615.68
615,7,0,2,14.3472,2603.89
617,7,0,2,14.3437,2586.34
616,7,0,2,14.3371,2552.41
676,7,0,2,14.3309,2521.35
674,7,0,2,14.316,2451.7
675,7,0,2,14.3094,2418.62
962,7,0,2,14.3008,2376.53
961,7,0,2,14.2934,2339.48
999,7,0,2,14.2766,2257.67
884,7,0,3,14.5881,3794.92,0.0611667,266.791,0.05,4
1987,7,0,3,14.5452,3581.93
428,7,0,3,14.5401,3556.56
429,7,0,3,14.5134,3426.55
1988,7,0,3,14.4848,3282.93
430,7,0,3,14.4815,3265.67
1989,7,0,3,14.4764,3240.59
432,7,0,3,14.4702,3210.51
435,7,0,3,14.4649,3183.92
431,7,0,3,14.4581,3150.12
439,7,0,3,14.4416,3069.03
436,7,0,3,14.434,3030.67
936,7,0,4,14.7872,4768.95,0,0,0
1737,7,0,4,14.775,4702.81
917,7,0,4,14.7604,4628.64
916,7,0,4,14.7603,4627.73
906,7,0,4,14.7308,4479.81
889,7,0,4,14.7202,4424.57
888,7,0,4,14.6928,4285.96
887,7,0,4,14.6784,4206.12
2012,7,0,4,14.6538,4084.73
884,7,0,4,14.6493,4061.71
1307,7,1,0,15.0655,554.042,0.0428333,186.826,0.28,1
1303,7,1,0,15.0545,496.053
2021,7,1,0,15.0162,306.727
1791,7,1,0,15.0083,267.142
939,7,1,0,14.9915,182.874
940,7,1,0,14.9868,151.022
934,7,1,0,14.9673,42.0448
933,7,1,0,14.9606,2.93996
936,7,1,0,14.96,0
936,7,1,1,15.2175,1313.23,0,0,0
933,7,1,1,15.2169,1310.29
934,7,1,1,15.2114,1272.64
935,7,1,1,15.2108,1270.04
2020,7,1,1,15.1998,1213.06
943,7,1,1,15.1989,1209.13
942,7,1,1,15.1911,1168.06
941,7,1,1,15.1795,1109.91
1790,7,1,1,15.1667,1042.74
2022,7,1,1,15.1562,991.844
2021,7,1,1,15.1459,938.155
1303,7,1,1,15.1241,818.443
1307,7,1,1,15.1084,740.869
999,8,0,0,14.8034,633.053,0.0648333,282.783,0.16,1
1002,8,0,0,14.7993,604.982
1024,8,0,0,14.7783,498.436
1029,8,0,0,14.7723,469.049
1027,8,0,0,14.7594,405.671
1051,8,0,0,14.747,342.327
1052,8,0,0,14.7394,303.497
1804,8,0,0,14.7389,301.389
2015,8,0,0,14.7277,245.173
2014,8,0,0,14.7199,205.533
2017,8,0,0,14.7187,199.838
2170,8,0,0,14.7159,185.645
1738,8,0,0,14.6993,101.655
1737,8,0,0,14.6933,71.1284
936,8,0,0,14.68,0
436,8,0,1,14.9876,1523.09,0.038,165.745,0.13,2
425,8,0,1,14.9811,1488.71
426,8,0,1,14.9761,1463.17
424,8,0,1,14.974,1450.15
613,8,0,1,14.9664,1411.22
611,8,0,1,14.9606,1377.78
619,8,0,1,14.9427,1285.62
618,8,0,1,14.9404,1273.85
615,8,0,1,14.9388,1262.06
617,8,0,1,14.9353,1244.52
616,8,0,1,14.9287,1210.59
676,8,0,1,14.9225,1179.52
674,8,0,1,14.9076,1109.87
675,8,0,1,14.9011,1076.79
962,8,0,1,14.8924,1034.7
961,8,0,1,14.8851,997.651
999,8,0,1,14.8683,915.837
884,8,0,2,15.165,2391.19,0.0453333,197.73,0.06,3
1987,8,0,2,15.1296,2209.8
428,8,0,2,15.1246,2184.44
429,8,0,2,15.1026,2074.11
1988,8,0,2,15.0783,1948.08
430,8,0,2,15.0747,1929.9
1989,8,0,2,15.0658,1889.15
432,8,0,2,15.0608,1864.37
435,8,0,2,15.0555,1837.77
431,8,0,2,15.0487,1803.72
439,8,0,2,15.0345,1732.3
436,8,0,2,15.0256,1688.84
1307,8,0,3,15.3928,3531.06,0.0428333,186.826,0.28,4
1302,8,0,3,15.3764,3441.89
949,8,0,3,15.3541,3321.04
2025,8,0,3,15.3506,3303.58
1598,8,0,3,15.3458,3278.21
948,8,0,3,15.3409,3251.48
928,8,0,3,15.3309,3195.77
923,8,0,3,15.2888,2990.86
924,8,0,3,15.2805,2951.54
914,8,0,3,15.2609,2847.9
902,8,0,3,15.2542,2810.86
887,8,0,3,15.2377,2726.13
2012,8,0,3,15.2151,2613.09
884,8,0,3,15.2104,2588.92
936,8,0,4,15.5447,4290.25,0,0,0
933,8,0,4,15.5441,4287.31
934,8,0,4,15.5386,4249.67
935,8,0,4,15.5381,4247.06
2020,8,0,4,15.527,4190.08
943,8,0,4,15.5262,4186.15
942,8,0,4,15.5183,4145.08
941,8,0,4,15.5068,4086.93
1790,8,0,4,15.4939,4019.76
2022,8,0,4,15.4834,3968.87
2021,8,0,4,15.4732,3915.18
1303,8,0,4,15.4514,3795.47
1307,8,0,4,15.4356,3717.89
1336,8,1,0,12.9479,764.587,0.0533333,232.624,0.21,1
1792,8,1,0,12.9404,727.242
1334,8,1,0,12.9331,689.424
1335,8,1,0,12.9224,639.192
1333,8,1,0,12.9,524.133
2163,8,1,0,12.8733,383.309
2023,8,1,0,12.8473,241.926
1787,8,1,0,12.8397,202.721
1788,8,1,0,12.8389,199.018
943,8,1,0,12.8195,103.973
934,8,1,0,12.8093,49.9245
933,8,1,0,12.8006,2.93996
936,8,1,0,12.8,0
936,8,1,1,13.1583,1804.87,0,0,0
933,8,1,1,13.1577,1801.93
934,8,1,1,13.1521,1764.28
935,8,1,1,13.1516,1761.67
2020,8,1,1,13.1406,1704.7
1787,8,1,1,13.1207,1606.38
2023,8,1,1,13.1112,1559.56
2163,8,1,1,13.0822,1405.16
1333,8,1,1,13.0518,1248.41
1335,8,1,1,13.0259,1119.15
1334,8,1,1,13.02,1088.47
1792,8,1,1,13.0076,1029.93
1336,8,1,1,13.0012,997.211
1336,9,0,0,12.8279,764.587,0.0533333,232.624,0.21,1
1792,9,0,0,12.8204,727.242
1334,9,0,0,12.8131,689.424
1335,9,0,0,12.8024,639.192
1333,9,0,0,12.78,524.133
2163,9,0,0,12.7533,383.309
2023,9,0,0,12.7273,241.926
1787,9,0,0,12.7197,202.721
1788,9,0,0,12.7189,199.018
943,9,0,0,12.6995,103.973
934,9,0,0,12.6893,49.9245
933,9,0,0,12.6806,2.93996
936,9,0,0,12.68,0
999,9,0,1,13.082,2014.06,0.056,244.255,0.15,2
1002,9,0,1,13.0757,1980.01
1031,9,0,1,13.0612,1908.3
2031,9,0,1,13.0539,1871.31
2032,9,0,1,13.0535,1869.48
1053,9,0,1,13.0455,1829.69
1784,9,0,1,13.0422,1812.62
1069,9,0,1,13.0221,1710.61
1848,9,0,1,13.0163,1676.41
1847,9,0,1,13.0128,1656.77
1086,9,0,1,13.0091,1636.54
2036,9,0,1,12.9945,1563.64
1112,9,0,1,12.9909,1544.8
2041,9,0,1,12.9788,1483.73
2042,9,0,1,12.9594,1390.66
1564,9,0,1,12.949,1338.8
2107,9,0,1,12.9409,1297.3
1145,9,0,1,12.9343,1265.29
2053,9,0,1,12.9188,1187.98
2073,9,0,1,12.9105,1146.92
1336,9,0,1,12.8812,997.211
436,9,0,2,13.2491,2856.62,0.0588333,256.613,0.14,3
425,9,0,2,13.2416,2817.81
426,9,0,2,13.2353,2787.07
424,9,0,2,13.233,2773.64
613,9,0,2,13.225,2733.27
611,9,0,2,13.2181,2695.38
609,9,0,2,13.2162,2677.54
628,9,0,2,13.2063,2603.53
615,9,0,2,13.2015,2575.55
617,9,0,2,13.198,2558
616,9,0,2,13.1903,2519.79
676,9,0,2,13.1842,2488.72
674,9,0,2,13.1737,2437.23
675,9,0,2,13.1671,2404.16
962,9,0,2,13.1567,2354.79
961,9,0,2,13.1513,2325.66
999,9,0,2,13.138,2258.32
884,9,0,3,13.4567,3854.6,0.0738333,322.039,0.04,4
1987,9,0,3,13.4188,3662.59
428,9,0,3,13.4138,3637.22
429,9,0,3,13.3887,3514.15
1988,9,0,3,13.3623,3379.49
430,9,0,3,13.3587,3361.32
1989,9,0,3,13.3535,3335.59
432,9,0,3,13.3493,3313.57
435,9,0,3,13.3439,3286.98
431,9,0,3,13.3367,3251.25
439,9,0,3,13.3152,3149.5
436,9,0,3,13.308,3113.24
936,9,0,4,13.663,4861,0,0,0
1737,9,0,4,13.6515,4797.77
917,9,0,4,13.6347,4714.53
916,9,0,4,13.6345,4713.63
906,9,0,4,13.6086,4580.54
889,9,0,4,13.5965,4518.62
888,9,0,4,13.5759,4409.11
887,9,0,4,13.5585,4316.43
2012,9,0,4,13.5348,4198.65
884,9,0,4,13.5306,4176.64
1307,9,1,0,15.0055,554.042,0.0428333,186.826,0.28,1
1303,9,1,0,14.9945,496.053
2021,9,1,0,14.9562,306.727
1791,9,1,0,14.9483,267.142
939,9,1,0,14.9315,182.874
940,9,1,0,14.9268,151.022
934,9,1,0,14.9073,42.0448
933,9,1,0,14.9006,2.93996
936,9,1,0,14.9,0
936,9,1,1,15.1575,1313.23,0,0,0
933,9,1,1,15.1569,1310.29
934,9,1,1,15.1514,1272.64
935,9,1,1,15.1508,1270.04
2020,9,1,1,15.1398,1213.06
943,9,1,1,15.1389,1209.13
942,9,1,1,15.1311,1168.06
941,9,1,1,15.1195,1109.91
1790,9,1,1,15.1067,1042.74
2022,9,1,1,15.0962,991.844
2021,9,1,1,15.0859,938.155
1303,9,1,1,15.0641,818.443
1307,9,1,1,15.0484,740.869
1336,10,0,0,12.6279,764.587,0.0533333,232.624,0.21,1
1792,10,0,0,12.6204,727.242
1334,10,0,0,12.6131,689.424
1335,10,0,0,12.6024,639.192
1333,10,0,0,12.58,524.133
2163,10,0,0,12.5533,383.309
2023,10,0,0,12.5273,241.926
1787,10,0,0,12.5197,202.721
1788,10,0,0,12.5189,199.018
943,10,0,0,12.4995,103.973
934,10,0,0,12.4893,49.9245
933,10,0,0,12.4806,2.93996
936,10,0,0,12.48,0
999,10,0,1,12.882,2014.06,0.0941667,410.727,0.12,2
1002,10,0,1,12.8757,1980.01
1031,10,0,1,12.8612,1908.3
2031,10,0,1,12.8539,1871.31
2032,10,0,1,12.8535,1869.48
1053,10,0,1,12.8455,1829.69
1784,10,0,1,12.8422,1812.62
1069,10,0,1,12.8221,1710.61
1848,10,0,1,12.8163,1676.41
1847,10,0,1,12.8128,1656.77
1086,10,0,1,12.8091,1636.54
2036,10,0,1,12.7945,1563.64
1112,10,0,1,12.7909,1544.8
2041,10,0,1,12.7788,1483.73
2042,10,0,1,12.7594,1390.66
1564,10,0,1,12.749,1338.8
2107,10,0,1,12.7409,1297.3
1145,10,0,1,12.7343,1265.29
2053,10,0,1,12.7188,1187.98
2073,10,0,1,12.7105,1146.92
1336,10,0,1,12.6812,997.211
436,10,0,2,13.0818,3005.31,0.0588333,256.613,0.14,3
425,10,0,2,13.0747,2968.23
426,10,0,2,13.0698,2943.28
424,10,0,2,13.0674,2929.57
613,10,0,2,13.0644,2904.59
611,10,0,2,13.0589,2871.69
609,10,0,2,13.0569,2853.9
628,10,0,2,13.047,2779.89
615,10,0,2,13.0414,2749.24
617,10,0,2,13.0379,2731.69
616,10,0,2,13.0285,2686.21
676,10,0,2,13.0223,2655.15
674,10,0,2,13.0082,2588.46
675,10,0,2,13.0016,2555.38
962,10,0,2,12.9951,2522.25
961,10,0,2,12.9872,2482.83
999,10,0,2,12.9761,2424.79
884,10,0,3,13.2894,4003.28,0.0738333,322.039,0.04,4
1987,10,0,3,13.2515,3811.28
428,10,0,3,13.2465,3785.91
429,10,0,3,13.2214,3662.84
1988,10,0,3,13.195,3528.18
430,10,0,3,13.1914,3510.01
1989,10,0,3,13.1862,3484.27
432,10,0,3,13.182,3462.26
435,10,0,3,13.1766,3435.67
431,10,0,3,13.1694,3399.93
439,10,0,3,13.1479,3298.19
436,10,0,3,13.1407,3261.92
936,10,0,4,13.4957,5009.69,0,0,0
1737,10,0,4,13.4842,4946.46
917,10,0,4,13.4674,4863.22
916,10,0,4,13.4672,4862.31
906,10,0,4,13.4413,4729.22
889,10,0,4,13.4292,4667.3
888,10,0,4,13.4086,4557.79
887,10,0,4,13.3912,4465.11
2012,10,0,4,13.3675,4347.33
884,10,0,4,13.3633,4325.32
1307,10,1,0,15.0055,554.042,0.0428333,186.826,0.28,1
1303,10,1,0,14.9945,496.053
2021,10,1,0,14.9562,306.727
1791,10,1,0,14.9483,267.142
939,10,1,0,14.9315,182.874
940,10,1,0,14.9268,151.022
934,10,1,0,14.9073,42.0448
933,10,1,0,14.9006,2.93996
936,10,1,0,14.9,0
936,10,1,1,15.1575,1313.23,0,0,0
933,10,1,1,15.1569,1310.29
934,10,1,1,15.1514,1272.64
935,10,1,1,15.1508,1270.04
2020,10,1,1,15.1398,1213.06
943,10,1,1,15.1389,1209.13
942,10,1,1,15.1311,1168.06
941,10,1,1,15.1195,1109.91
1790,10,1,1,15.1067,1042.74
2022,10,1,1,15.0962,991.844
2021,10,1,1,15.0859,938.155
1303,10,1,1,15.0641,818.443
1307,10,1,1,15.0484,740.869
1336,11,0,0,12.4679,764.587,0.0533333,232.624,0.21,1
1792,11,0,0,12.4604,727.242
1334,11,0,0,12.4531,689.424
1335,11,0,0,12.4424,639.192
1333,11,0,0,12.42,524.133
2163,11,0,0,12.3933,383.309
2023,11,0,0,12.3673,241.926
1787,11,0,0,12.3597,202.721
1788,11,0,0,12.3589,199.018
943,11,0,0,12.3395,103.973
934,11,0,0,12.3293,49.9245
933,11,0,0,12.3206,2.93996
936,11,0,0,12.32,0
999,11,0,1,12.722,2014.06,0.0941667,410.727,0.12,2
1002,11,0,1,12.7157,1980.01
1031,11,0,1,12.7012,1908.3
2031,11,0,1,12.6939,1871.31
2032,11,0,1,12.6935,1869.48
1053,11,0,1,12.6855,1829.69
1784,11,0,1,12.6822,1812.62
1069,11,0,1,12.6621,1710.61
1848,11,0,1,12.6563,1676.41
1847,11,0,1,12.6528,1656.77
1086,11,0,1,12.6491,1636.54
2036,11,0,1,12.6345,1563.64
1112,11,0,1,12.6309,1544.8
2041,11,0,1,12.6188,1483.73
2042,11,0,1,12.5994,1390.66
1564,11,0,1,12.589,1338.8
2107,11,0,1,12.5809,1297.3
1145,11,0,1,12.5743,1265.29
2053,11,0,1,12.5588,1187.98
2073,11,0,1,12.5505,1146.92
1336,11,0,1,12.5212,997.211
436,11,0,2,12.9218,3005.31,0.0958333,417.996,0.13,3
425,11,0,2,12.9147,2968.23
426,11,0,2,12.9098,2943.28
424,11,0,2,12.9074,2929.57
613,11,0,2,12.9044,2904.59
611,11,0,2,12.8989,2871.69
609,11,0,2,12.8969,2853.9
628,11,0,2,12.887,2779.89
615,11,0,2,12.8814,2749.24
617,11,0,2,12.8779,2731.69
616,11,0,2,12.8685,2686.21
676,11,0,2,12.8623,2655.15
674,11,0,2,12.8482,2588.46
675,11,0,2,12.8416,2555.38
962,11,0,2,12.8351,2522.25
961,11,0,2,12.8272,2482.83
999,11,0,2,12.8161,2424.79
884,11,0,3,13.1664,4164.67,0.0738333,322.039,0.04,4
1987,11,0,3,13.1285,3972.66
428,11,0,3,13.1235,3947.29
429,11,0,3,13.0984,3824.22
1988,11,0,3,13.072,3689.56
430,11,0,3,13.0684,3671.39
1989,11,0,3,13.0632,3645.65
432,11,0,3,13.059,3623.64
435,11,0,3,13.0536,3597.05
431,11,0,3,13.0464,3561.32
439,11,0,3,13.0249,3459.57
436,11,0,3,13.0177,3423.3
936,11,0,4,13.3727,5171.07,0,0,0
1737,11,0,4,13.3612,5107.84
917,11,0,4,13.3444,5024.6
916,11,0,4,13.3442,5023.69
906,11,0,4,13.3183,4890.6
889,11,0,4,13.3062,4828.69
888,11,0,4,13.2856,4719.17
887,11,0,4,13.2682,4626.5
2012,11,0,4,13.2445,4508.71
884,11,0,4,13.2403,4486.71
1307,11,1,0,15.0055,554.042,0.0428333,186.826,0.28,1
1303,11,1,0,14.9945,496.053
2021,11,1,0,14.9562,306.727
1791,11,1,0,14.9483,267.142
939,11,1,0,14.9315,182.874
940,11,1,0,14.9268,151.022
934,11,1,0,14.9073,42.0448
933,11,1,0,14.9006,2.93996
936,11,1,0,14.9,0
936,11,1,1,15.1575,1313.23,0,0,0
933,11,1,1,15.1569,1310.29
934,11,1,1,15.1514,1272.64
935,11,1,1,15.1508,1270.04
2020,11,1,1,15.1398,1213.06
943,11,1,1,15.1389,1209.13
942,11,1,1,15.1311,1168.06
941,11,1,1,15.1195,1109.91
1790,11,1,1,15.1067,1042.74
2022,11,1,1,15.0962,991.844
2021,11,1,1,15.0859,938.155
1303,11,1,1,15.0641,818.443
1307,11,1,1,15.0484,740.869
1336,12,0,0,12.5779,764.587,0.0533333,232.624,0.21,1
1792,12,0,0,12.5704,727.242
1334,12,0,0,12.5631,689.424
1335,12,0,0,12.5524,639.192
1333,12,0,0,12.53,524.133
2163,12,0,0,12.5033,383.309
2023,12,0,0,12.4773,241.926
1787,12,0,0,12.4697,202.721
1788,12,0,0,12.4689,199.018
943,12,0,0,12.4495,103.973
934,12,0,0,12.4393,49.9245
933,12,0,0,12.4306,2.93996
936,12,0,0,12.43,0
999,12,0,1,12.832,2014.06,0.0941667,410.727,0.12,2
1002,12,0,1,12.8257,1980.01
1031,12,0,1,12.8112,1908.3
2031,12,0,1,12.8039,1871.31
2032,12,0,1,12.8035,1869.48
1053,12,0,1,12.7955,1829.69
1784,12,0,1,12.7922,1812.62
1069,12,0,1,12.7721,1710.61
1848,12,0,1,12.7663,1676.41
1847,12,0,1,12.7628,1656.77
1086,12,0,1,12.7591,1636.54
2036,12,0,1,12.7445,1563.64
1112,12,0,1,12.7409,1544.8
2041,12,0,1,12.7288,1483.73
2042,12,0,1,12.7094,1390.66
1564,12,0,1,12.699,1338.8
2107,12,0,1,12.6909,1297.3
1145,12,0,1,12.6843,1265.29
2053,12,0,1,12.6688,1187.98
2073,12,0,1,12.6605,1146.92
1336,12,0,1,12.6312,997.211
884,12,0,2,13.1261,3449.6,0.0738333,322.039,0.04,3
883,12,0,2,13.0968,3302.21
882,12,0,2,13.0836,3232.7
2155,12,0,2,13.0804,3216.14
2012,12,0,2,13.0637,3126.24
885,12,0,2,13.0588,3102.14
886,12,0,2,13.0385,2994.61
2013,12,0,2,13.0311,2955.14
2156,12,0,2,13.0304,2951.98
2011,12,0,2,13.0251,2924.47
891,12,0,2,13.0032,2810.01
893,12,0,2,12.9971,2779.14
894,12,0,2,12.9919,2754.39
897,12,0,2,12.973,2661.18
1028,12,0,2,12.965,2619
1026,12,0,2,12.9535,2561.27
998,12,0,2,12.9485,2536.52
999,12,0,2,12.9261,2424.79
936,12,0,3,13.3323,4456,0,0,0
1737,12,0,3,13.3208,4392.77
917,12,0,3,13.304,4309.54
916,12,0,3,13.3039,4308.63
906,12,0,3,13.278,4175.54
889,12,0,3,13.2658,4113.62
888,12,0,3,13.2452,4004.11
887,12,0,3,13.2278,3911.43
2012,12,0,3,13.2041,3793.65
884,12,0,3,13.1999,3771.64
1307,12,1,0,15.0955,554.042,0.0428333,186.826,0.28,1
1303,12,1,0,15.0845,496.053
2021,12,1,0,15.0462,306.727
1791,12,1,0,15.0383,267.142
939,12,1,0,15.0215,182.874
940,12,1,0,15.0168,151.022
934,12,1,0,14.9973,42.0448
933,12,1,0,14.9906,2.93996
936,12,1,0,14.99,0
436,12,1,1,15.3633,1934.87,0.077,335.851,0.12,2
425,12,1,1,15.3567,1900.16
420,12,1,1,15.3456,1842.37
421,12,1,1,15.3415,1815.47
417,12,1,1,15.3373,1792.19
1989,12,1,1,15.3192,1699.52
2011,12,1,1,15.301,1604.42
2156,12,1,1,15.2963,1579.41
2013,12,1,1,15.2957,1576.26
886,12,1,1,15.285,1523.21
888,12,1,1,15.2669,1424.39
903,12,1,1,15.2578,1374.54
904,12,1,1,15.2537,1353.3
925,12,1,1,15.2304,1225.93
2019,12,1,1,15.2259,1202.53
929,12,1,1,15.2255,1200.54
938,12,1,1,15.2131,1132.9
950,12,1,1,15.1978,1054.74
951,12,1,1,15.1913,1021.01
949,12,1,1,15.1801,963.892
1302,12,1,1,15.1533,823.666
1307,12,1,1,15.1384,740.869
936,12,1,2,15.5675,2927.28,0,0,0
1737,12,1,2,15.5564,2866.02
917,12,1,2,15.5429,2796.49
916,12,1,2,15.5427,2795.59
919,12,1,2,15.537,2756.5
2017,12,1,2,15.537,2756.33
2014,12,1,2,15.536,2751.58
2015,12,1,2,15.5279,2710.87
910,12,1,2,15.5278,2710.38
909,12,1,2,15.5184,2663.7
898,12,1,2,15.5052,2597.12
897,12,1,2,15.4956,2548.74
877,12,1,2,15.4731,2437.89
878,12,1,2,15.4671,2407.18
879,12,1,2,15.4586,2363.29
437,12,1,2,15.4526,2332.96
439,12,1,2,15.4492,2314.19
436,12,1,2,15.4403,2270.72
