Node, Individual, Route,Segment, Travel time, Travel cost, Attention time, Attention cost, Failure rate, Demand
1307,0,0,0,15.0555,554.042,0.0428333,186.826,0.28,1
1303,0,0,0,15.0445,496.053
2021,0,0,0,15.0062,306.727
1791,0,0,0,14.9983,267.142
939,0,0,0,14.9815,182.874
940,0,0,0,14.9768,151.022
934,0,0,0,14.9573,42.0448
933,0,0,0,14.9506,2.93996
936,0,0,0,14.95,0
1336,0,0,1,15.1993,1263.92,0.0595,259.521,0.34,2
1792,0,0,1,15.1933,1232.8
1334,0,0,1,15.1838,1186.27
1335,0,0,1,15.1732,1136.04
1341,0,0,1,15.1653,1092.01
1315,0,0,1,15.1477,995.332
1314,0,0,1,15.132,911.668
1309,0,0,1,15.1314,908.797
1308,0,0,1,15.1116,808.959
1307,0,0,1,15.0984,740.869
999,0,0,2,15.4493,2503.53,0.0515,224.627,0.17,3
1002,0,0,2,15.4424,2466.7
1031,0,0,2,15.4282,2395.75
2031,0,0,2,15.4208,2358.75
2032,0,0,2,15.4204,2356.93
1053,0,0,2,15.4127,2318.47
1784,0,0,2,15.4095,2301.77
1066,0,0,2,15.4004,2254.95
1070,0,0,2,15.3898,2198.39
1849,0,0,2,15.3791,2144.14
1108,0,0,2,15.3678,2086.26
1107,0,0,2,15.3543,2016.15
2040,0,0,2,15.3436,1959.09
1783,0,0,2,15.3275,1875.04
1153,0,0,2,15.3203,1838.82
1154,0,0,2,15.3098,1782.55
1324,0,0,2,15.3047,1756.63
1325,0,0,2,15.2937,1702.32
2073,0,0,2,15.286,1664.53
1336,0,0,2,15.2588,1523.44
436,0,0,3,15.6103,3296.28,0.077,335.851,0.12,4
425,0,0,3,15.6038,3261.57
426,0,0,3,15.5992,3238.26
424,0,0,3,15.5973,3225.38
613,0,0,3,15.5926,3198.86
611,0,0,3,15.5876,3166.62
619,0,0,3,15.5697,3074.45
618,0,0,3,15.5673,3062.61
615,0,0,3,15.5658,3050.83
617,0,0,3,15.5623,3033.28
616,0,0,3,15.5547,2995.31
676,0,0,3,15.5485,2964.25
674,0,0,3,15.5374,2910.2
675,0,0,3,15.5309,2877.13
962,0,0,3,15.5184,2819.34
961,0,0,3,15.5136,2793.06
999,0,0,3,15.5008,2728.16
884,0,0,4,15.8267,4334.48,0.0453333,197.73,0.06,5
1987,0,0,4,15.7913,4153.1
428,0,0,4,15.7863,4127.73
429,0,0,4,15.7643,4017.4
1988,0,0,4,15.74,3891.37
430,0,0,4,15.7364,3873.19
1989,0,0,4,15.7275,3832.45
432,0,0,4,15.7225,3807.66
435,0,0,4,15.7172,3781.07
431,0,0,4,15.7104,3747.02
439,0,0,4,15.6962,3675.59
436,0,0,4,15.6873,3632.13
936,0,0,5,15.9966,5183.24,0,0,0
1737,0,0,5,15.9855,5121.97
917,0,0,5,15.972,5052.45
916,0,0,5,15.9719,5051.54
906,0,0,5,15.9486,4929.48
889,0,0,5,15.9361,4866.09
888,0,0,5,15.9161,4759.15
887,0,0,5,15.8994,4669.42
2012,0,0,5,15.8768,4556.38
884,0,0,5,15.8721,4532.22
1307,1,0,0,14.3555,554.042,0.0546667,238.44,0.3,1
1303,1,0,0,14.3445,496.053
2021,1,0,0,14.3062,306.727
1791,1,0,0,14.2983,267.142
939,1,0,0,14.2815,182.874
940,1,0,0,14.2768,151.022
934,1,0,0,14.2573,42.0448
933,1,0,0,14.2506,2.93996
936,1,0,0,14.25,0
1336,1,0,1,14.5211,1357.19,0.0633333,276.241,0.28,2
1792,1,0,1,14.5128,1316.37
1334,1,0,1,14.503,1268.49
1335,1,0,1,14.4924,1218.26
1341,1,0,1,14.4838,1171.29
1315,1,0,1,14.4664,1075.52
1314,1,0,1,14.4463,973.405
1309,1,0,1,14.4457,970.535
1308,1,0,1,14.4294,885.27
1307,1,0,1,14.4102,792.482
999,1,0,2,14.7802,2633.05,0.0648333,282.783,0.16,3
1002,1,0,2,14.7761,2604.98
1031,1,0,2,14.7632,2539.71
2031,1,0,2,14.7559,2502.72
2032,1,0,2,14.7555,2500.89
1053,1,0,2,14.7479,2463
1784,1,0,2,14.7445,2445.25
1069,1,0,2,14.7234,2339.45
1848,1,0,2,14.7176,2305.2
1109,1,0,2,14.7088,2257.6
1113,1,0,2,14.7017,2222.36
2036,1,0,2,14.6942,2185.46
1112,1,0,2,14.6906,2166.62
2041,1,0,2,14.6768,2098.35
2042,1,0,2,14.6634,2030.26
1564,1,0,2,14.6521,1974.64
2107,1,0,2,14.642,1924.73
1145,1,0,2,14.6352,1892.06
2053,1,0,2,14.6222,1825.07
2073,1,0,2,14.6146,1786.93
1336,1,0,2,14.5844,1633.44
436,1,0,3,14.9644,3523.09,0.038,165.745,0.13,4
425,1,0,3,14.9579,3488.71
426,1,0,3,14.9529,3463.16
424,1,0,3,14.9508,3450.15
613,1,0,3,14.9432,3411.22
611,1,0,3,14.9374,3377.78
619,1,0,3,14.9195,3285.62
618,1,0,3,14.9171,3273.85
615,1,0,3,14.9156,3262.06
617,1,0,3,14.9121,3244.51
616,1,0,3,14.9055,3210.58
676,1,0,3,14.8993,3179.52
674,1,0,3,14.8844,3109.87
675,1,0,3,14.8778,3076.79
962,1,0,3,14.8692,3034.7
961,1,0,3,14.8619,2997.65
999,1,0,3,14.845,2915.84
884,1,0,4,15.1418,4391.19,0.0453333,197.73,0.06,5
1987,1,0,4,15.1064,4209.8
428,1,0,4,15.1014,4184.43
429,1,0,4,15.0794,4074.1
1988,1,0,4,15.055,3948.08
430,1,0,4,15.0515,3929.9
1989,1,0,4,15.0426,3889.15
432,1,0,4,15.0376,3864.36
435,1,0,4,15.0323,3837.77
431,1,0,4,15.0254,3803.72
439,1,0,4,15.0113,3732.3
436,1,0,4,15.0024,3688.83
936,1,0,5,15.3117,5239.94,0,0,0
1737,1,0,5,15.3006,5178.68
917,1,0,5,15.2871,5109.15
916,1,0,5,15.2869,5108.24
906,1,0,5,15.2636,4986.19
889,1,0,5,15.2511,4922.79
888,1,0,5,15.2312,4815.85
887,1,0,5,15.2144,4726.13
2012,1,0,5,15.1919,4613.09
884,1,0,5,15.1871,4588.92
1307,2,0,0,13.8117,580.427,0.0495,215.904,0.34,1
1303,2,0,0,13.7969,506.554
2021,2,0,0,13.7652,344.641
1791,2,0,0,13.7559,299.315
939,2,0,0,13.7427,230.444
940,2,0,0,13.738,198.593
934,2,0,0,13.7109,56.8666
933,2,0,0,13.7006,2.93996
936,2,0,0,13.7,0
1336,2,0,1,13.962,1319.25,0.0515,224.627,0.24,2
1792,2,0,1,13.9558,1286.83
1334,2,0,1,13.9478,1246.39
1335,2,0,1,13.9371,1196.16
1341,2,0,1,13.9296,1153.46
1315,2,0,1,13.9094,1045.7
1314,2,0,1,13.8925,956.845
1309,2,0,1,13.8919,953.975
1308,2,0,1,13.8778,878.201
1307,2,0,1,13.8612,796.332
999,2,0,2,14.2093,2543.49,0.0648333,282.783,0.16,3
1002,2,0,2,14.2052,2515.42
1031,2,0,2,14.1923,2450.15
2031,2,0,2,14.185,2413.15
2032,2,0,2,14.1846,2411.33
1053,2,0,2,14.177,2373.44
1784,2,0,2,14.1736,2355.69
1069,2,0,2,14.1526,2249.89
1848,2,0,2,14.1467,2215.63
1109,2,0,2,14.1379,2168.04
1113,2,0,2,14.1308,2132.79
2036,2,0,2,14.1233,2095.89
1112,2,0,2,14.1197,2077.06
2041,2,0,2,14.1059,2008.79
2042,2,0,2,14.0926,1940.7
1564,2,0,2,14.0812,1885.08
2107,2,0,2,14.0711,1835.17
1145,2,0,2,14.0643,1802.49
2053,2,0,2,14.0513,1735.5
2073,2,0,2,14.0437,1697.36
1336,2,0,2,14.0135,1543.87
436,2,0,3,14.3935,3433.53,0.038,165.745,0.13,4
425,2,0,3,14.387,3399.14
426,2,0,3,14.382,3373.6
424,2,0,3,14.3799,3360.59
613,2,0,3,14.3723,3321.66
611,2,0,3,14.3665,3288.22
619,2,0,3,14.3486,3196.05
618,2,0,3,14.3462,3184.29
615,2,0,3,14.3447,3172.5
617,2,0,3,14.3412,3154.95
616,2,0,3,14.3346,3121.02
676,2,0,3,14.3284,3089.96
674,2,0,3,14.3135,3020.31
675,2,0,3,14.3069,2987.23
962,2,0,3,14.2983,2945.14
961,2,0,3,14.291,2908.09
999,2,0,3,14.2742,2826.27
884,2,0,4,14.5857,4363.53,0.0611667,266.791,0.05,5
1987,2,0,4,14.5427,4150.53
428,2,0,4,14.5377,4125.17
429,2,0,4,14.5109,3995.16
1988,2,0,4,14.4824,3851.54
430,2,0,4,14.479,3834.28
1989,2,0,4,14.474,3809.19
432,2,0,4,14.4678,3779.12
435,2,0,4,14.4624,3752.53
431,2,0,4,14.4556,3718.73
439,2,0,4,14.4392,3637.64
436,2,0,4,14.4315,3599.27
936,2,0,5,14.7848,5337.56,0,0,0
1737,2,0,5,14.7726,5271.42
917,2,0,5,14.758,5197.25
916,2,0,5,14.7578,5196.34
906,2,0,5,14.7284,5048.42
889,2,0,5,14.7178,4993.18
888,2,0,5,14.6903,4854.56
887,2,0,5,14.6759,4774.73
2012,2,0,5,14.6513,4653.34
884,2,0,5,14.6469,4630.32
884,3,0,0,14.3883,938.52,0.0611667,266.791,0.05,1
883,3,0,0,14.3559,777.951
882,3,0,0,14.3427,708.309
2155,3,0,0,14.3392,690.597
901,3,0,0,14.3078,524.626
902,3,0,0,14.2949,454.953
904,3,0,0,14.2818,384.906
925,3,0,0,14.2603,265.332
2019,3,0,0,14.2551,239.037
929,3,0,0,14.2547,237.053
930,3,0,0,14.2344,130.978
931,3,0,0,14.2292,102.033
932,3,0,0,14.215,25.8242
933,3,0,0,14.2106,2.93996
936,3,0,0,14.21,0
436,3,0,1,14.568,1816.23,0.038,165.745,0.13,2
425,3,0,1,14.5615,1781.85
420,3,0,1,14.547,1709.7
421,3,0,1,14.543,1682.88
417,3,0,1,14.5389,1660.21
1989,3,0,1,14.521,1568.29
2011,3,0,1,14.5008,1464.73
2156,3,0,1,14.4951,1435.43
2013,3,0,1,14.4944,1432.28
886,3,0,1,14.4841,1380.66
885,3,0,1,14.4597,1255.93
2012,3,0,1,14.454,1228.33
884,3,0,1,14.4495,1205.31
999,3,0,2,14.7031,2469.37,0.0648333,282.783,0.16,3
961,3,0,2,14.6849,2381.87
962,3,0,2,14.6772,2343.18
675,3,0,2,14.6674,2296.4
674,3,0,2,14.6625,2270.37
676,3,0,2,14.6585,2243.04
616,3,0,2,14.6519,2210.39
606,3,0,2,14.6318,2111.68
610,3,0,2,14.6201,2054.36
436,3,0,2,14.606,1981.97
1336,3,0,3,14.958,3741.42,0.0633333,276.241,0.28,4
1792,3,0,3,14.9497,3700.6
1334,3,0,3,14.9399,3652.71
1325,3,0,3,14.9153,3525.25
1156,3,0,3,14.9078,3488.14
1155,3,0,3,14.8962,3427.72
2052,3,0,3,14.8912,3401.84
1782,3,0,3,14.8848,3369.23
2043,3,0,3,14.8762,3310.49
1111,3,0,3,14.8661,3256.31
1110,3,0,3,14.8602,3226.45
1113,3,0,3,14.846,3153.17
1847,3,0,3,14.8373,3105.9
1068,3,0,3,14.8267,3051.77
1785,3,0,3,14.8218,3026.31
1053,3,0,3,14.805,2938.88
2032,3,0,3,14.7956,2893.36
2031,3,0,3,14.7952,2891.54
1031,3,0,3,14.7871,2851.24
1002,3,0,3,14.7742,2785.93
999,3,0,3,14.768,2752.15
1307,3,0,4,15.1332,4587.33,0.0428333,186.826,0.28,5
1308,3,0,4,15.119,4515.06
1309,3,0,4,15.0995,4416.83
1314,3,0,4,15.099,4413.96
1315,3,0,4,15.0786,4310.56
1341,3,0,4,15.0591,4205.84
1342,3,0,4,15.0505,4163.11
1334,3,0,4,15.0395,4106.38
1792,3,0,4,15.0271,4047.85
1336,3,0,4,15.0213,4017.66
936,3,0,5,15.2851,5346.52,0,0,0
933,3,0,5,15.2845,5343.58
934,3,0,5,15.279,5305.93
935,3,0,5,15.2785,5303.32
2020,3,0,5,15.2674,5246.35
943,3,0,5,15.2666,5242.41
942,3,0,5,15.2587,5201.34
941,3,0,5,15.2472,5143.19
1790,3,0,5,15.2343,5076.02
2022,3,0,5,15.2238,5025.13
2021,3,0,5,15.2136,4971.44
1303,3,0,5,15.1918,4851.73
1307,3,0,5,15.176,4774.15
1336,4,0,0,12.8579,764.587,0.0533333,232.624,0.21,1
1792,4,0,0,12.8504,727.242
1334,4,0,0,12.8431,689.424
1335,4,0,0,12.8324,639.192
1333,4,0,0,12.81,524.133
2163,4,0,0,12.7833,383.309
2023,4,0,0,12.7573,241.926
1787,4,0,0,12.7497,202.721
1788,4,0,0,12.7489,199.018
943,4,0,0,12.7295,103.973
934,4,0,0,12.7193,49.9245
933,4,0,0,12.7106,2.93996
936,4,0,0,12.71,0
1307,4,0,1,13.0196,1551.85,0.0495,215.904,0.34,2
1308,4,0,1,13.008,1490.8
1309,4,0,1,12.9905,1400.7
1314,4,0,1,12.99,1397.83
1315,4,0,1,12.977,1325.89
1341,4,0,1,12.9526,1200.6
1342,4,0,1,12.944,1157.87
1334,4,0,1,12.9318,1095.73
1792,4,0,1,12.9193,1037.19
1336,4,0,1,12.9112,997.211
884,4,0,2,13.2794,2884.57,0.0738333,322.039,0.04,3
883,4,0,2,13.2521,2745.5
882,4,0,2,13.2406,2683.23
2155,4,0,2,13.2373,2666.51
901,4,0,2,13.2104,2519.33
902,4,0,2,13.1974,2449.78
904,4,0,2,13.1842,2378.8
925,4,0,2,13.1607,2250.91
2019,4,0,2,13.1553,2223.64
929,4,0,2,13.1549,2221.66
938,4,0,2,13.1429,2155.81
950,4,0,2,13.1294,2085.25
951,4,0,2,13.1224,2049.53
949,4,0,2,13.1114,1993.05
1302,4,0,2,13.0924,1886.33
1307,4,0,2,13.0691,1767.76
436,4,0,3,13.4689,3805.83,0.0588333,256.613,0.14,4
425,4,0,3,13.4614,3767.02
420,4,0,3,13.4457,3689.85
421,4,0,3,13.4417,3663.07
417,4,0,3,13.4372,3638.59
1989,4,0,3,13.4206,3552.18
2011,4,0,3,13.4029,3458.99
2156,4,0,3,13.3976,3431.66
2013,4,0,3,13.3969,3428.51
886,4,0,3,13.385,3370.33
885,4,0,3,13.3631,3256.21
2012,4,0,3,13.3574,3228.61
884,4,0,3,13.3532,3206.6
999,4,0,4,13.6208,4528.39,0.056,244.255,0.15,5
961,4,0,4,13.6051,4451.32
962,4,0,4,13.5974,4412.62
675,4,0,4,13.5863,4360.51
674,4,0,4,13.5801,4329.15
669,4,0,4,13.5636,4245.23
673,4,0,4,13.5541,4196.46
438,4,0,4,13.5485,4168.77
437,4,0,4,13.5388,4119.57
439,4,0,4,13.5349,4098.71
436,4,0,4,13.5278,4062.44
936,4,0,5,13.7988,5401.61,0,0,0
1737,4,0,5,13.7873,5338.38
917,4,0,5,13.7705,5255.15
916,4,0,5,13.7703,5254.24
919,4,0,5,13.7646,5215.15
2017,4,0,5,13.7645,5214.98
2014,4,0,5,13.7635,5209.96
2015,4,0,5,13.7554,5169.25
910,4,0,5,13.7553,5168.76
909,4,0,5,13.747,5126.62
1051,4,0,5,13.7371,5076.46
1025,4,0,5,13.7249,5015.16
1029,4,0,5,13.711,4945.8
1026,4,0,5,13.7004,4893.76
998,4,0,5,13.6959,4870.63
999,4,0,5,13.6768,4772.65
884,5,0,0,13.3734,917.424,0.0738333,322.039,0.04,1
883,5,0,0,13.3461,778.363
882,5,0,0,13.3346,716.093
2155,5,0,0,13.3314,699.368
901,5,0,0,13.3044,552.187
902,5,0,0,13.2915,482.635
904,5,0,0,13.2782,411.663
925,5,0,0,13.2548,283.766
2019,5,0,0,13.2494,256.499
929,5,0,0,13.249,254.516
930,5,0,0,13.232,162.739
931,5,0,0,13.22,105.498
932,5,0,0,13.2061,30.6376
933,5,0,0,13.2006,2.93996
936,5,0,0,13.2,0
436,5,0,1,13.563,1838.69,0.0588333,256.613,0.14,2
425,5,0,1,13.5554,1799.87
420,5,0,1,13.5397,1722.71
421,5,0,1,13.5357,1695.93
417,5,0,1,13.5312,1671.45
1989,5,0,1,13.5147,1585.04
2011,5,0,1,13.4969,1491.85
2156,5,0,1,13.4917,1464.52
2013,5,0,1,13.491,1461.37
886,5,0,1,13.4791,1403.19
885,5,0,1,13.4572,1289.07
2012,5,0,1,13.4515,1261.47
884,5,0,1,13.4473,1239.46
999,5,0,2,13.7148,2561.25,0.056,244.255,0.15,3
961,5,0,2,13.6992,2484.18
962,5,0,2,13.6914,2445.48
675,5,0,2,13.6803,2393.37
674,5,0,2,13.6742,2362
669,5,0,2,13.6577,2278.09
673,5,0,2,13.6481,2229.32
438,5,0,2,13.6426,2201.63
437,5,0,2,13.6329,2152.43
439,5,0,2,13.629,2131.57
436,5,0,2,13.6218,2095.3
1336,5,0,3,13.9833,3875.04,0.0515,224.627,0.24,4
1792,5,0,3,13.977,3842.63
1334,5,0,3,13.969,3802.19
1325,5,0,3,13.9418,3663.75
1156,5,0,3,13.9327,3620.04
1155,5,0,3,13.9197,3553.72
2052,5,0,3,13.9144,3526.72
1782,5,0,3,13.9078,3492.98
2043,5,0,3,13.8948,3422.45
1111,5,0,3,13.8799,3348.01
1109,5,0,3,13.8625,3261.56
1848,5,0,3,13.8424,3167.05
1069,5,0,3,13.8345,3124.51
1784,5,0,3,13.8173,3035.04
1053,5,0,3,13.8134,3015.22
2032,5,0,3,13.803,2965.69
2031,5,0,3,13.8026,2963.86
1031,5,0,3,13.7927,2916.46
1002,5,0,3,13.7785,2845.73
999,5,0,3,13.7708,2805.51
1307,5,0,4,14.1636,4738.18,0.0546667,238.44,0.3,5
1308,5,0,4,14.1524,4678.61
1309,5,0,4,14.1341,4585.25
1314,5,0,4,14.1335,4582.38
1315,5,0,4,14.0954,4406.68
1341,5,0,4,14.0753,4299.2
1342,5,0,4,14.0667,4256.47
1334,5,0,4,14.0559,4200.59
1792,5,0,4,14.0435,4142.05
1336,5,0,4,14.0348,4099.67
936,5,0,5,14.3393,5599.34,0,0,0
933,5,0,5,14.3387,5596.4
934,5,0,5,14.3331,5558.75
935,5,0,5,14.3326,5556.14
2020,5,0,5,14.3216,5499.17
943,5,0,5,14.3207,5495.23
942,5,0,5,14.3133,5456.1
941,5,0,5,14.3014,5396.54
1790,5,0,5,14.285,5314.41
2022,5,0,5,14.2745,5263.51
2021,5,0,5,14.26,5192.08
1303,5,0,5,14.2273,5025.93
1307,5,0,5,14.2183,4976.62
999,6,0,0,14.8134,633.053,0.0648333,282.783,0.16,1
1002,6,0,0,14.8093,604.982
1024,6,0,0,14.7883,498.436
1029,6,0,0,14.7823,469.049
1027,6,0,0,14.7694,405.671
1051,6,0,0,14.757,342.327
1052,6,0,0,14.7494,303.497
1804,6,0,0,14.7489,301.389
2015,6,0,0,14.7377,245.173
2014,6,0,0,14.7299,205.533
2017,6,0,0,14.7287,199.838
2170,6,0,0,14.7259,185.645
1738,6,0,0,14.7093,101.655
1737,6,0,0,14.7033,71.1284
936,6,0,0,14.69,0
436,6,0,1,14.9976,1523.09,0.038,165.745,0.13,2
425,6,0,1,14.9911,1488.71
426,6,0,1,14.9861,1463.17
424,6,0,1,14.984,1450.15
613,6,0,1,14.9764,1411.22
611,6,0,1,14.9706,1377.78
619,6,0,1,14.9527,1285.62
618,6,0,1,14.9504,1273.85
615,6,0,1,14.9488,1262.06
617,6,0,1,14.9453,1244.52
616,6,0,1,14.9387,1210.59
676,6,0,1,14.9325,1179.52
674,6,0,1,14.9176,1109.87
675,6,0,1,14.9111,1076.79
962,6,0,1,14.9024,1034.7
961,6,0,1,14.8951,997.651
999,6,0,1,14.8783,915.837
884,6,0,2,15.175,2391.19,0.0453333,197.73,0.06,3
1987,6,0,2,15.1396,2209.8
428,6,0,2,15.1346,2184.44
429,6,0,2,15.1126,2074.11
1988,6,0,2,15.0883,1948.08
430,6,0,2,15.0847,1929.9
1989,6,0,2,15.0758,1889.15
432,6,0,2,15.0708,1864.37
435,6,0,2,15.0655,1837.77
431,6,0,2,15.0587,1803.72
439,6,0,2,15.0445,1732.3
436,6,0,2,15.0356,1688.84
1307,6,0,3,15.4028,3531.06,0.0428333,186.826,0.28,4
1302,6,0,3,15.3864,3441.89
949,6,0,3,15.3641,3321.04
2025,6,0,3,15.3606,3303.58
1598,6,0,3,15.3558,3278.21
948,6,0,3,15.3509,3251.48
928,6,0,3,15.3409,3195.77
923,6,0,3,15.2988,2990.86
924,6,0,3,15.2905,2951.54
914,6,0,3,15.2709,2847.9
902,6,0,3,15.2642,2810.86
887,6,0,3,15.2477,2726.13
2012,6,0,3,15.2251,2613.09
884,6,0,3,15.2204,2588.92
936,6,0,4,15.5547,4290.25,0,0,0
933,6,0,4,15.5541,4287.31
934,6,0,4,15.5486,4249.67
935,6,0,4,15.5481,4247.06
2020,6,0,4,15.537,4190.08
943,6,0,4,15.5362,4186.15
942,6,0,4,15.5283,4145.08
941,6,0,4,15.5168,4086.93
1790,6,0,4,15.5039,4019.76
2022,6,0,4,15.4934,3968.87
2021,6,0,4,15.4832,3915.18
1303,6,0,4,15.4614,3795.47
1307,6,0,4,15.4456,3717.89
1336,6,1,0,13.5145,750.638,0.0515,224.627,0.24,1
1792,6,1,0,13.5082,718.22
1334,6,1,0,13.5002,677.786
1335,6,1,0,13.4896,627.554
1333,6,1,0,13.4725,535.212
2163,6,1,0,13.4442,387.56
2023,6,1,0,13.4145,230.349
1787,6,1,0,13.4064,189.064
1788,6,1,0,13.4056,185.36
943,6,1,0,13.3897,104.713
934,6,1,0,13.3809,56.8666
933,6,1,0,13.3706,2.93996
936,6,1,0,13.37,0
936,6,1,1,13.723,1782.92,0,0,0
933,6,1,1,13.7224,1779.98
934,6,1,1,13.7169,1742.34
935,6,1,1,13.7164,1739.73
2020,6,1,1,13.7053,1682.75
1787,6,1,1,13.6854,1584.44
2023,6,1,1,13.676,1537.62
2163,6,1,1,13.647,1383.21
1333,6,1,1,13.6165,1226.46
1335,6,1,1,13.5907,1097.21
1334,6,1,1,13.5848,1066.52
1792,6,1,1,13.5724,1007.99
1336,6,1,1,13.566,975.265
1336,7,0,0,13.9745,750.638,0.0515,224.627,0.24,1
1792,7,0,0,13.9682,718.22
1334,7,0,0,13.9602,677.786
1335,7,0,0,13.9496,627.554
1333,7,0,0,13.9325,535.212
2163,7,0,0,13.9042,387.56
2023,7,0,0,13.8745,230.349
1787,7,0,0,13.8664,189.064
1788,7,0,0,13.8656,185.36
943,7,0,0,13.8497,104.713
934,7,0,0,13.8409,56.8666
933,7,0,0,13.8306,2.93996
936,7,0,0,13.83,0
999,7,0,1,14.2218,1974.88,0.0648333,282.783,0.16,2
1002,7,0,1,14.2177,1946.81
1031,7,0,1,14.2048,1881.54
2031,7,0,1,14.1974,1844.55
2032,7,0,1,14.197,1842.72
1053,7,0,1,14.1894,1804.83
1784,7,0,1,14.186,1787.08
1069,7,0,1,14.165,1681.28
1848,7,0,1,14.1592,1647.03
1109,7,0,1,14.1504,1599.43
1113,7,0,1,14.1433,1564.19
2036,7,0,1,14.1358,1527.29
1112,7,0,1,14.1321,1508.45
2041,7,0,1,14.1184,1440.18
2042,7,0,1,14.105,1372.09
1564,7,0,1,14.0937,1316.47
2107,7,0,1,14.0835,1266.56
1145,7,0,1,14.0768,1233.89
2053,7,0,1,14.0637,1166.9
2073,7,0,1,14.0562,1128.76
1336,7,0,1,14.026,975.265
436,7,0,2,14.406,2864.92,0.038,165.745,0.13,3
425,7,0,2,14.3995,2830.54
426,7,0,2,14.3944,2804.99
424,7,0,2,14.3924,2791.98
613,7,0,2,14.3848,2753.05
611,7,0,2,14.3789,2719.61
619,7,0,2,14.361,2627.45
618,7,0,2,14.3587,2615.68
615,7,0,2,14.3572,2603.89
617,7,0,2,14.3537,2586.34
616,7,0,2,14.3471,2552.41
676,7,0,2,14.3409,2521.35
674,7,0,2,14.326,2451.7
675,7,0,2,14.3194,2418.62
962,7,0,2,14.3108,2376.53
961,7,0,2,14.3034,2339.48
999,7,0,2,14.2866,2257.67
884,7,0,3,14.5981,3794.92,0.0611667,266.791,0.05,4
1987,7,0,3,14.5552,3581.93
428,7,0,3,14.5501,3556.56
429,7,0,3,14.5234,3426.55
1988,7,0,3,14.4948,3282.93
430,7,0,3,14.4915,3265.67
1989,7,0,3,14.4864,3240.59
432,7,0,3,14.4802,3210.51
435,7,0,3,14.4749,3183.92
431,7,0,3,14.4681,3150.12
439,7,0,3,14.4516,3069.03
436,7,0,3,14.444,3030.67
936,7,0,4,14.7972,4768.95,0,0,0
1737,7,0,4,14.785,4702.81
917,7,0,4,14.7704,4628.64
916,7,0,4,14.7703,4627.73
906,7,0,4,14.7408,4479.81
889,7,0,4,14.7302,4424.57
888,7,0,4,14.7028,4285.96
887,7,0,4,14.6884,4206.12
2012,7,0,4,14.6638,4084.73
884,7,0,4,14.6593,4061.71
1307,7,1,0,15.0255,554.042,0.0428333,186.826,0.28,1
1303,7,1,0,15.0145,496.053
2021,7,1,0,14.9762,306.727
1791,7,1,0,14.9683,267.142
939,7,1,0,14.9515,182.874
940,7,1,0,14.9468,151.022
934,7,1,0,14.9273,42.0448
933,7,1,0,14.9206,2.93996
936,7,1,0,14.92,0
936,7,1,1,15.1775,1313.23,0,0,0
933,7,1,1,15.1769,1310.29
934,7,1,1,15.1714,1272.64
935,7,1,1,15.1708,1270.04
2020,7,1,1,15.1598,1213.06
943,7,1,1,15.1589,1209.13
942,7,1,1,15.1511,1168.06
941,7,1,1,15.1395,1109.91
1790,7,1,1,15.1267,1042.74
2022,7,1,1,15.1162,991.844
2021,7,1,1,15.1059,938.155
1303,7,1,1,15.0841,818.443
1307,7,1,1,15.0684,740.869
999,8,0,0,14.8134,633.053,0.0648333,282.783,0.16,1
1002,8,0,0,14.8093,604.982
1024,8,0,0,14.7883,498.436
1029,8,0,0,14.7823,469.049
1027,8,0,0,14.7694,405.671
1051,8,0,0,14.757,342.327
1052,8,0,0,14.7494,303.497
1804,8,0,0,14.7489,301.389
2015,8,0,0,14.7377,245.173
2014,8,0,0,14.7299,205.533
2017,8,0,0,14.7287,199.838
2170,8,0,0,14.7259,185.645
1738,8,0,0,14.7093,101.655
1737,8,0,0,14.7033,71.1284
936,8,0,0,14.69,0
436,8,0,1,14.9976,1523.09,0.038,165.745,0.13,2
425,8,0,1,14.9911,1488.71
426,8,0,1,14.9861,1463.17
424,8,0,1,14.984,1450.15
613,8,0,1,14.9764,1411.22
611,8,0,1,14.9706,1377.78
619,8,0,1,14.9527,1285.62
618,8,0,1,14.9504,1273.85
615,8,0,1,14.9488,1262.06
617,8,0,1,14.9453,1244.52
616,8,0,1,14.9387,1210.59
676,8,0,1,14.9325,1179.52
674,8,0,1,14.9176,1109.87
675,8,0,1,14.9111,1076.79
962,8,0,1,14.9024,1034.7
961,8,0,1,14.8951,997.651
999,8,0,1,14.8783,915.837
884,8,0,2,15.175,2391.19,0.0453333,197.73,0.06,3
1987,8,0,2,15.1396,2209.8
428,8,0,2,15.1346,2184.44
429,8,0,2,15.1126,2074.11
1988,8,0,2,15.0883,1948.08
430,8,0,2,15.0847,1929.9
1989,8,0,2,15.0758,1889.15
432,8,0,2,15.0708,1864.37
435,8,0,2,15.0655,1837.77
431,8,0,2,15.0587,1803.72
439,8,0,2,15.0445,1732.3
436,8,0,2,15.0356,1688.84
1307,8,0,3,15.4028,3531.06,0.0428333,186.826,0.28,4
1302,8,0,3,15.3864,3441.89
949,8,0,3,15.3641,3321.04
2025,8,0,3,15.3606,3303.58
1598,8,0,3,15.3558,3278.21
948,8,0,3,15.3509,3251.48
928,8,0,3,15.3409,3195.77
923,8,0,3,15.2988,2990.86
924,8,0,3,15.2905,2951.54
914,8,0,3,15.2709,2847.9
902,8,0,3,15.2642,2810.86
887,8,0,3,15.2477,2726.13
2012,8,0,3,15.2251,2613.09
884,8,0,3,15.2204,2588.92
936,8,0,4,15.5547,4290.25,0,0,0
933,8,0,4,15.5541,4287.31
934,8,0,4,15.5486,4249.67
935,8,0,4,15.5481,4247.06
2020,8,0,4,15.537,4190.08
943,8,0,4,15.5362,4186.15
942,8,0,4,15.5283,4145.08
941,8,0,4,15.5168,4086.93
1790,8,0,4,15.5039,4019.76
2022,8,0,4,15.4934,3968.87
2021,8,0,4,15.4832,3915.18
1303,8,0,4,15.4614,3795.47
1307,8,0,4,15.4456,3717.89
1336,8,1,0,12.9479,764.587,0.0533333,232.624,0.21,1
1792,8,1,0,12.9404,727.242
1334,8,1,0,12.9331,689.424
1335,8,1,0,12.9224,639.192
1333,8,1,0,12.9,524.133
2163,8,1,0,12.8733,383.309
2023,8,1,0,12.8473,241.926
1787,8,1,0,12.8397,202.721
1788,8,1,0,12.8389,199.018
943,8,1,0,12.8195,103.973
934,8,1,0,12.8093,49.9245
933,8,1,0,12.8006,2.93996
936,8,1,0,12.8,0
936,8,1,1,13.1583,1804.87,0,0,0
933,8,1,1,13.1577,1801.93
934,8,1,1,13.1521,1764.28
935,8,1,1,13.1516,1761.67
2020,8,1,1,13.1406,1704.7
1787,8,1,1,13.1207,1606.38
2023,8,1,1,13.1112,1559.56
2163,8,1,1,13.0822,1405.16
1333,8,1,1,13.0518,1248.41
1335,8,1,1,13.0259,1119.15
1334,8,1,1,13.02,1088.47
1792,8,1,1,13.0076,1029.93
1336,8,1,1,13.0012,997.211
1336,9,0,0,12.8479,764.587,0.0533333,232.624,0.21,1
1792,9,0,0,12.8404,727.242
1334,9,0,0,12.8331,689.424
1335,9,0,0,12.8224,639.192
1333,9,0,0,12.8,524.133
2163,9,0,0,12.7733,383.309
2023,9,0,0,12.7473,241.926
1787,9,0,0,12.7397,202.721
1788,9,0,0,12.7389,199.018
943,9,0,0,12.7195,103.973
934,9,0,0,12.7093,49.9245
933,9,0,0,12.7006,2.93996
936,9,0,0,12.7,0
999,9,0,1,13.102,2014.06,0.056,244.255,0.15,2
1002,9,0,1,13.0957,1980.01
1031,9,0,1,13.0812,1908.3
2031,9,0,1,13.0739,1871.31
2032,9,0,1,13.0735,1869.48
1053,9,0,1,13.0655,1829.69
1784,9,0,1,13.0622,1812.62
1069,9,0,1,13.0421,1710.61
1848,9,0,1,13.0363,1676.41
1847,9,0,1,13.0328,1656.77
1086,9,0,1,13.0291,1636.54
2036,9,0,1,13.0145,1563.64
1112,9,0,1,13.0109,1544.8
2041,9,0,1,12.9988,1483.73
2042,9,0,1,12.9794,1390.66
1564,9,0,1,12.969,1338.8
2107,9,0,1,12.9609,1297.3
1145,9,0,1,12.9543,1265.29
2053,9,0,1,12.9388,1187.98
2073,9,0,1,12.9305,1146.92
1336,9,0,1,12.9012,997.211
436,9,0,2,13.2691,2856.62,0.0588333,256.613,0.14,3
425,9,0,2,13.2616,2817.81
426,9,0,2,13.2553,2787.07
424,9,0,2,13.253,2773.64
613,9,0,2,13.245,2733.27
611,9,0,2,13.2381,2695.38
609,9,0,2,13.2362,2677.54
628,9,0,2,13.2263,2603.53
615,9,0,2,13.2215,2575.55
617,9,0,2,13.218,2558
616,9,0,2,13.2103,2519.79
676,9,0,2,13.2042,2488.72
674,9,0,2,13.1937,2437.23
675,9,0,2,13.1871,2404.16
962,9,0,2,13.1767,2354.79
961,9,0,2,13.1713,2325.66
999,9,0,2,13.158,2258.32
884,9,0,3,13.4767,3854.6,0.0738333,322.039,0.04,4
1987,9,0,3,13.4388,3662.59
428,9,0,3,13.4338,3637.22
429,9,0,3,13.4087,3514.15
1988,9,0,3,13.3823,3379.49
430,9,0,3,13.3787,3361.32
1989,9,0,3,13.3735,3335.59
432,9,0,3,13.3693,3313.57
435,9,0,3,13.3639,3286.98
431,9,0,3,13.3567,3251.25
439,9,0,3,13.3352,3149.5
436,9,0,3,13.328,3113.24
936,9,0,4,13.683,4861,0,0,0
1737,9,0,4,13.6715,4797.77
917,9,0,4,13.6547,4714.53
916,9,0,4,13.6545,4713.63
906,9,0,4,13.6286,4580.54
889,9,0,4,13.6165,4518.62
888,9,0,4,13.5959,4409.11
887,9,0,4,13.5785,4316.43
2012,9,0,4,13.5548,4198.65
884,9,0,4,13.5506,4176.64
1307,9,1,0,15.0955,554.042,0.0428333,186.826,0.28,1
1303,9,1,0,15.0845,496.053
2021,9,1,0,15.0462,306.727
1791,9,1,0,15.0383,267.142
939,9,1,0,15.0215,182.874
940,9,1,0,15.0168,151.022
934,9,1,0,14.9973,42.0448
933,9,1,0,14.9906,2.93996
936,9,1,0,14.99,0
936,9,1,1,15.2475,1313.23,0,0,0
933,9,1,1,15.2469,1310.29
934,9,1,1,15.2414,1272.64
935,9,1,1,15.2408,1270.04
2020,9,1,1,15.2298,1213.06
943,9,1,1,15.2289,1209.13
942,9,1,1,15.2211,1168.06
941,9,1,1,15.2095,1109.91
1790,9,1,1,15.1967,1042.74
2022,9,1,1,15.1862,991.844
2021,9,1,1,15.1759,938.155
1303,9,1,1,15.1541,818.443
1307,9,1,1,15.1384,740.869
1336,10,0,0,12.5879,764.587,0.0533333,232.624,0.21,1
1792,10,0,0,12.5804,727.242
1334,10,0,0,12.5731,689.424
1335,10,0,0,12.5624,639.192
1333,10,0,0,12.54,524.133
2163,10,0,0,12.5133,383.309
2023,10,0,0,12.4873,241.926
1787,10,0,0,12.4797,202.721
1788,10,0,0,12.4789,199.018
943,10,0,0,12.4595,103.973
934,10,0,0,12.4493,49.9245
933,10,0,0,12.4406,2.93996
936,10,0,0,12.44,0
999,10,0,1,12.842,2014.06,0.0941667,410.727,0.12,2
1002,10,0,1,12.8357,1980.01
1031,10,0,1,12.8212,1908.3
2031,10,0,1,12.8139,1871.31
2032,10,0,1,12.8135,1869.48
1053,10,0,1,12.8055,1829.69
1784,10,0,1,12.8022,1812.62
1069,10,0,1,12.7821,1710.61
1848,10,0,1,12.7763,1676.41
1847,10,0,1,12.7728,1656.77
1086,10,0,1,12.7691,1636.54
2036,10,0,1,12.7545,1563.64
1112,10,0,1,12.7509,1544.8
2041,10,0,1,12.7388,1483.73
2042,10,0,1,12.7194,1390.66
1564,10,0,1,12.709,1338.8
2107,10,0,1,12.7009,1297.3
1145,10,0,1,12.6943,1265.29
2053,10,0,1,12.6788,1187.98
2073,10,0,1,12.6705,1146.92
1336,10,0,1,12.6412,997.211
436,10,0,2,13.0418,3005.31,0.0588333,256.613,0.14,3
425,10,0,2,13.0347,2968.23
426,10,0,2,13.0298,2943.28
424,10,0,2,13.0274,2929.57
613,10,0,2,13.0244,2904.59
611,10,0,2,13.0189,2871.69
609,10,0,2,13.0169,2853.9
628,10,0,2,13.007,2779.89
615,10,0,2,13.0014,2749.24
617,10,0,2,12.9979,2731.69
616,10,0,2,12.9885,2686.21
676,10,0,2,12.9823,2655.15
674,10,0,2,12.9682,2588.46
675,10,0,2,12.9616,2555.38
962,10,0,2,12.9551,2522.25
961,10,0,2,12.9472,2482.83
999,10,0,2,12.9361,2424.79
884,10,0,3,13.2494,4003.28,0.0738333,322.039,0.04,4
1987,10,0,3,13.2115,3811.28
428,10,0,3,13.2065,3785.91
429,10,0,3,13.1814,3662.84
1988,10,0,3,13.155,3528.18
430,10,0,3,13.1514,3510.01
1989,10,0,3,13.1462,3484.27
432,10,0,3,13.142,3462.26
435,10,0,3,13.1366,3435.67
431,10,0,3,13.1294,3399.93
439,10,0,3,13.1079,3298.19
436,10,0,3,13.1007,3261.92
936,10,0,4,13.4557,5009.69,0,0,0
1737,10,0,4,13.4442,4946.46
917,10,0,4,13.4274,4863.22
916,10,0,4,13.4272,4862.31
906,10,0,4,13.4013,4729.22
889,10,0,4,13.3892,4667.3
888,10,0,4,13.3686,4557.79
887,10,0,4,13.3512,4465.11
2012,10,0,4,13.3275,4347.33
884,10,0,4,13.3233,4325.32
1307,10,1,0,15.0455,554.042,0.0428333,186.826,0.28,1
1303,10,1,0,15.0345,496.053
2021,10,1,0,14.9962,306.727
1791,10,1,0,14.9883,267.142
939,10,1,0,14.9715,182.874
940,10,1,0,14.9668,151.022
934,10,1,0,14.9473,42.0448
933,10,1,0,14.9406,2.93996
936,10,1,0,14.94,0
936,10,1,1,15.1975,1313.23,0,0,0
933,10,1,1,15.1969,1310.29
934,10,1,1,15.1914,1272.64
935,10,1,1,15.1908,1270.04
2020,10,1,1,15.1798,1213.06
943,10,1,1,15.1789,1209.13
942,10,1,1,15.1711,1168.06
941,10,1,1,15.1595,1109.91
1790,10,1,1,15.1467,1042.74
2022,10,1,1,15.1362,991.844
2021,10,1,1,15.1259,938.155
1303,10,1,1,15.1041,818.443
1307,10,1,1,15.0884,740.869
1336,11,0,0,12.5179,764.587,0.0533333,232.624,0.21,1
1792,11,0,0,12.5104,727.242
1334,11,0,0,12.5031,689.424
1335,11,0,0,12.4924,639.192
1333,11,0,0,12.47,524.133
2163,11,0,0,12.4433,383.309
2023,11,0,0,12.4173,241.926
1787,11,0,0,12.4097,202.721
1788,11,0,0,12.4089,199.018
943,11,0,0,12.3895,103.973
934,11,0,0,12.3793,49.9245
933,11,0,0,12.3706,2.93996
936,11,0,0,12.37,0
999,11,0,1,12.772,2014.06,0.0941667,410.727,0.12,2
1002,11,0,1,12.7657,1980.01
1031,11,0,1,12.7512,1908.3
2031,11,0,1,12.7439,1871.31
2032,11,0,1,12.7435,1869.48
1053,11,0,1,12.7355,1829.69
1784,11,0,1,12.7322,1812.62
1069,11,0,1,12.7121,1710.61
1848,11,0,1,12.7063,1676.41
1847,11,0,1,12.7028,1656.77
1086,11,0,1,12.6991,1636.54
2036,11,0,1,12.6845,1563.64
1112,11,0,1,12.6809,1544.8
2041,11,0,1,12.6688,1483.73
2042,11,0,1,12.6494,1390.66
1564,11,0,1,12.639,1338.8
2107,11,0,1,12.6309,1297.3
1145,11,0,1,12.6243,1265.29
2053,11,0,1,12.6088,1187.98
2073,11,0,1,12.6005,1146.92
1336,11,0,1,12.5712,997.211
436,11,0,2,12.9718,3005.31,0.0958333,417.996,0.13,3
425,11,0,2,12.9647,2968.23
426,11,0,2,12.9598,2943.28
424,11,0,2,12.9574,2929.57
613,11,0,2,12.9544,2904.59
611,11,0,2,12.9489,2871.69
609,11,0,2,12.9469,2853.9
628,11,0,2,12.937,2779.89
615,11,0,2,12.9314,2749.24
617,11,0,2,12.9279,2731.69
616,11,0,2,12.9185,2686.21
676,11,0,2,12.9123,2655.15
674,11,0,2,12.8982,2588.46
675,11,0,2,12.8916,2555.38
962,11,0,2,12.8851,2522.25
961,11,0,2,12.8772,2482.83
999,11,0,2,12.8661,2424.79
884,11,0,3,13.2164,4164.67,0.0738333,322.039,0.04,4
1987,11,0,3,13.1785,3972.66
428,11,0,3,13.1735,3947.29
429,11,0,3,13.1484,3824.22
1988,11,0,3,13.122,3689.56
430,11,0,3,13.1184,3671.39
1989,11,0,3,13.1132,3645.65
432,11,0,3,13.109,3623.64
435,11,0,3,13.1036,3597.05
431,11,0,3,13.0964,3561.32
439,11,0,3,13.0749,3459.57
436,11,0,3,13.0677,3423.3
936,11,0,4,13.4227,5171.07,0,0,0
1737,11,0,4,13.4112,5107.84
917,11,0,4,13.3944,5024.6
916,11,0,4,13.3942,5023.69
906,11,0,4,13.3683,4890.6
889,11,0,4,13.3562,4828.69
888,11,0,4,13.3356,4719.17
887,11,0,4,13.3182,4626.5
2012,11,0,4,13.2945,4508.71
884,11,0,4,13.2903,4486.71
1307,11,1,0,15.0955,554.042,0.0428333,186.826,0.28,1
1303,11,1,0,15.0845,496.053
2021,11,1,0,15.0462,306.727
1791,11,1,0,15.0383,267.142
939,11,1,0,15.0215,182.874
940,11,1,0,15.0168,151.022
934,11,1,0,14.9973,42.0448
933,11,1,0,14.9906,2.93996
936,11,1,0,14.99,0
936,11,1,1,15.2475,1313.23,0,0,0
933,11,1,1,15.2469,1310.29
934,11,1,1,15.2414,1272.64
935,11,1,1,15.2408,1270.04
2020,11,1,1,15.2298,1213.06
943,11,1,1,15.2289,1209.13
942,11,1,1,15.2211,1168.06
941,11,1,1,15.2095,1109.91
1790,11,1,1,15.1967,1042.74
2022,11,1,1,15.1862,991.844
2021,11,1,1,15.1759,938.155
1303,11,1,1,15.1541,818.443
1307,11,1,1,15.1384,740.869
1336,12,0,0,12.5179,764.587,0.0533333,232.624,0.21,1
1792,12,0,0,12.5104,727.242
1334,12,0,0,12.5031,689.424
1335,12,0,0,12.4924,639.192
1333,12,0,0,12.47,524.133
2163,12,0,0,12.4433,383.309
2023,12,0,0,12.4173,241.926
1787,12,0,0,12.4097,202.721
1788,12,0,0,12.4089,199.018
943,12,0,0,12.3895,103.973
934,12,0,0,12.3793,49.9245
933,12,0,0,12.3706,2.93996
936,12,0,0,12.37,0
999,12,0,1,12.772,2014.06,0.0941667,410.727,0.12,2
1002,12,0,1,12.7657,1980.01
1031,12,0,1,12.7512,1908.3
2031,12,0,1,12.7439,1871.31
2032,12,0,1,12.7435,1869.48
1053,12,0,1,12.7355,1829.69
1784,12,0,1,12.7322,1812.62
1069,12,0,1,12.7121,1710.61
1848,12,0,1,12.7063,1676.41
1847,12,0,1,12.7028,1656.77
1086,12,0,1,12.6991,1636.54
2036,12,0,1,12.6845,1563.64
1112,12,0,1,12.6809,1544.8
2041,12,0,1,12.6688,1483.73
2042,12,0,1,12.6494,1390.66
1564,12,0,1,12.639,1338.8
2107,12,0,1,12.6309,1297.3
1145,12,0,1,12.6243,1265.29
2053,12,0,1,12.6088,1187.98
2073,12,0,1,12.6005,1146.92
1336,12,0,1,12.5712,997.211
884,12,0,2,13.0661,3449.6,0.0738333,322.039,0.04,3
883,12,0,2,13.0367,3302.21
882,12,0,2,13.0236,3232.7
2155,12,0,2,13.0204,3216.14
2012,12,0,2,13.0037,3126.24
885,12,0,2,12.9988,3102.14
886,12,0,2,12.9785,2994.61
2013,12,0,2,12.9711,2955.14
2156,12,0,2,12.9704,2951.98
2011,12,0,2,12.9651,2924.47
891,12,0,2,12.9432,2810.01
893,12,0,2,12.9371,2779.14
894,12,0,2,12.9319,2754.39
897,12,0,2,12.913,2661.18
1028,12,0,2,12.905,2619
1026,12,0,2,12.8934,2561.27
998,12,0,2,12.8885,2536.52
999,12,0,2,12.8661,2424.79
936,12,0,3,13.2723,4456,0,0,0
1737,12,0,3,13.2608,4392.77
917,12,0,3,13.244,4309.54
916,12,0,3,13.2439,4308.63
906,12,0,3,13.218,4175.54
889,12,0,3,13.2058,4113.62
888,12,0,3,13.1852,4004.11
887,12,0,3,13.1678,3911.43
2012,12,0,3,13.1441,3793.65
884,12,0,3,13.1399,3771.64
1307,12,1,0,15.0255,554.042,0.0428333,186.826,0.28,1
1303,12,1,0,15.0145,496.053
2021,12,1,0,14.9762,306.727
1791,12,1,0,14.9683,267.142
939,12,1,0,14.9515,182.874
940,12,1,0,14.9468,151.022
934,12,1,0,14.9273,42.0448
933,12,1,0,14.9206,2.93996
936,12,1,0,14.92,0
436,12,1,1,15.2933,1934.87,0.077,335.851,0.12,2
425,12,1,1,15.2867,1900.16
420,12,1,1,15.2756,1842.37
421,12,1,1,15.2715,1815.47
417,12,1,1,15.2673,1792.19
1989,12,1,1,15.2492,1699.52
2011,12,1,1,15.231,1604.42
2156,12,1,1,15.2263,1579.41
2013,12,1,1,15.2257,1576.26
886,12,1,1,15.215,1523.21
888,12,1,1,15.1969,1424.39
903,12,1,1,15.1878,1374.54
904,12,1,1,15.1837,1353.3
925,12,1,1,15.1604,1225.93
2019,12,1,1,15.1559,1202.53
929,12,1,1,15.1555,1200.54
938,12,1,1,15.1431,1132.9
950,12,1,1,15.1278,1054.74
951,12,1,1,15.1213,1021.01
949,12,1,1,15.1101,963.892
1302,12,1,1,15.0833,823.666
1307,12,1,1,15.0684,740.869
936,12,1,2,15.4975,2927.28,0,0,0
1737,12,1,2,15.4864,2866.02
917,12,1,2,15.4729,2796.49
916,12,1,2,15.4727,2795.59
919,12,1,2,15.467,2756.5
2017,12,1,2,15.467,2756.33
2014,12,1,2,15.466,2751.58
2015,12,1,2,15.4579,2710.87
910,12,1,2,15.4578,2710.38
909,12,1,2,15.4484,2663.7
898,12,1,2,15.4352,2597.12
897,12,1,2,15.4256,2548.74
877,12,1,2,15.4031,2437.89
878,12,1,2,15.3971,2407.18
879,12,1,2,15.3886,2363.29
437,12,1,2,15.3826,2332.96
439,12,1,2,15.3792,2314.19
436,12,1,2,15.3703,2270.72
