Node, Individual, Route,Segment, Travel time, Travel cost, Attention time, Attention cost, Failure rate, Demand
1307,0,0,0,15.0455,554.042,0.0428333,186.826,0.28,1
1303,0,0,0,15.0345,496.053
2021,0,0,0,14.9962,306.727
1791,0,0,0,14.9883,267.142
939,0,0,0,14.9715,182.874
940,0,0,0,14.9668,151.022
934,0,0,0,14.9473,42.0448
933,0,0,0,14.9406,2.93996
936,0,0,0,14.94,0
1336,0,0,1,15.1893,1263.92,0.0595,259.521,0.34,2
1792,0,0,1,15.1833,1232.8
1334,0,0,1,15.1738,1186.27
1335,0,0,1,15.1632,1136.04
1341,0,0,1,15.1553,1092.01
1315,0,0,1,15.1377,995.332
1314,0,0,1,15.122,911.668
1309,0,0,1,15.1214,908.797
1308,0,0,1,15.1016,808.959
1307,0,0,1,15.0884,740.869
999,0,0,2,15.4393,2503.53,0.0515,224.627,0.17,3
1002,0,0,2,15.4324,2466.7
1031,0,0,2,15.4182,2395.75
2031,0,0,2,15.4108,2358.75
2032,0,0,2,15.4104,2356.93
1053,0,0,2,15.4027,2318.47
1784,0,0,2,15.3995,2301.77
1066,0,0,2,15.3904,2254.95
1070,0,0,2,15.3798,2198.39
1849,0,0,2,15.3691,2144.14
1108,0,0,2,15.3578,2086.26
1107,0,0,2,15.3443,2016.15
2040,0,0,2,15.3336,1959.09
1783,0,0,2,15.3175,1875.04
1153,0,0,2,15.3103,1838.82
1154,0,0,2,15.2998,1782.55
1324,0,0,2,15.2947,1756.63
1325,0,0,2,15.2837,1702.32
2073,0,0,2,15.276,1664.53
1336,0,0,2,15.2488,1523.44
436,0,0,3,15.6003,3296.28,0.077,335.851,0.12,4
425,0,0,3,15.5938,3261.57
426,0,0,3,15.5892,3238.26
424,0,0,3,15.5873,3225.38
613,0,0,3,15.5826,3198.86
611,0,0,3,15.5776,3166.62
619,0,0,3,15.5597,3074.45
618,0,0,3,15.5573,3062.61
615,0,0,3,15.5558,3050.83
617,0,0,3,15.5523,3033.28
616,0,0,3,15.5447,2995.31
676,0,0,3,15.5385,2964.25
674,0,0,3,15.5274,2910.2
675,0,0,3,15.5209,2877.13
962,0,0,3,15.5084,2819.34
961,0,0,3,15.5036,2793.06
999,0,0,3,15.4908,2728.16
884,0,0,4,15.8167,4334.48,0.0453333,197.73,0.06,5
1987,0,0,4,15.7813,4153.1
428,0,0,4,15.7763,4127.73
429,0,0,4,15.7543,4017.4
1988,0,0,4,15.73,3891.37
430,0,0,4,15.7264,3873.19
1989,0,0,4,15.7175,3832.45
432,0,0,4,15.7125,3807.66
435,0,0,4,15.7072,3781.07
431,0,0,4,15.7004,3747.02
439,0,0,4,15.6862,3675.59
436,0,0,4,15.6773,3632.13
936,0,0,5,15.9866,5183.24,0,0,0
1737,0,0,5,15.9755,5121.97
917,0,0,5,15.962,5052.45
916,0,0,5,15.9619,5051.54
906,0,0,5,15.9386,4929.48
889,0,0,5,15.9261,4866.09
888,0,0,5,15.9061,4759.15
887,0,0,5,15.8894,4669.42
2012,0,0,5,15.8668,4556.38
884,0,0,5,15.8621,4532.22
1307,1,0,0,14.3755,554.042,0.0546667,238.44,0.3,1
1303,1,0,0,14.3645,496.053
2021,1,0,0,14.3262,306.727
1791,1,0,0,14.3183,267.142
939,1,0,0,14.3015,182.874
940,1,0,0,14.2968,151.022
934,1,0,0,14.2773,42.0448
933,1,0,0,14.2706,2.93996
936,1,0,0,14.27,0
1336,1,0,1,14.5411,1357.19,0.0633333,276.241,0.28,2
1792,1,0,1,14.5328,1316.37
1334,1,0,1,14.523,1268.49
1335,1,0,1,14.5124,1218.26
1341,1,0,1,14.5038,1171.29
1315,1,0,1,14.4864,1075.52
1314,1,0,1,14.4663,973.405
1309,1,0,1,14.4657,970.535
1308,1,0,1,14.4494,885.27
1307,1,0,1,14.4302,792.482
999,1,0,2,14.8002,2633.05,0.0648333,282.783,0.16,3
1002,1,0,2,14.7961,2604.98
1031,1,0,2,14.7832,2539.71
2031,1,0,2,14.7759,2502.72
2032,1,0,2,14.7755,2500.89
1053,1,0,2,14.7679,2463
1784,1,0,2,14.7645,2445.25
1069,1,0,2,14.7434,2339.45
1848,1,0,2,14.7376,2305.2
1109,1,0,2,14.7288,2257.6
1113,1,0,2,14.7217,2222.36
2036,1,0,2,14.7142,2185.46
1112,1,0,2,14.7106,2166.62
2041,1,0,2,14.6968,2098.35
2042,1,0,2,14.6834,2030.26
1564,1,0,2,14.6721,1974.64
2107,1,0,2,14.662,1924.73
1145,1,0,2,14.6552,1892.06
2053,1,0,2,14.6422,1825.07
2073,1,0,2,14.6346,1786.93
1336,1,0,2,14.6044,1633.44
436,1,0,3,14.9844,3523.09,0.038,165.745,0.13,4
425,1,0,3,14.9779,3488.71
426,1,0,3,14.9729,3463.16
424,1,0,3,14.9708,3450.15
613,1,0,3,14.9632,3411.22
611,1,0,3,14.9574,3377.78
619,1,0,3,14.9395,3285.62
618,1,0,3,14.9371,3273.85
615,1,0,3,14.9356,3262.06
617,1,0,3,14.9321,3244.51
616,1,0,3,14.9255,3210.58
676,1,0,3,14.9193,3179.52
674,1,0,3,14.9044,3109.87
675,1,0,3,14.8978,3076.79
962,1,0,3,14.8892,3034.7
961,1,0,3,14.8819,2997.65
999,1,0,3,14.865,2915.84
884,1,0,4,15.1618,4391.19,0.0453333,197.73,0.06,5
1987,1,0,4,15.1264,4209.8
428,1,0,4,15.1214,4184.43
429,1,0,4,15.0994,4074.1
1988,1,0,4,15.075,3948.08
430,1,0,4,15.0715,3929.9
1989,1,0,4,15.0626,3889.15
432,1,0,4,15.0576,3864.36
435,1,0,4,15.0523,3837.77
431,1,0,4,15.0454,3803.72
439,1,0,4,15.0313,3732.3
436,1,0,4,15.0224,3688.83
936,1,0,5,15.3317,5239.94,0,0,0
1737,1,0,5,15.3206,5178.68
917,1,0,5,15.3071,5109.15
916,1,0,5,15.3069,5108.24
906,1,0,5,15.2836,4986.19
889,1,0,5,15.2711,4922.79
888,1,0,5,15.2512,4815.85
887,1,0,5,15.2344,4726.13
2012,1,0,5,15.2119,4613.09
884,1,0,5,15.2071,4588.92
1307,2,0,0,13.8017,580.427,0.0495,215.904,0.34,1
1303,2,0,0,13.7869,506.554
2021,2,0,0,13.7552,344.641
1791,2,0,0,13.7459,299.315
939,2,0,0,13.7327,230.444
940,2,0,0,13.728,198.593
934,2,0,0,13.7009,56.8666
933,2,0,0,13.6906,2.93996
936,2,0,0,13.69,0
1336,2,0,1,13.952,1319.25,0.0515,224.627,0.24,2
1792,2,0,1,13.9458,1286.83
1334,2,0,1,13.9378,1246.39
1335,2,0,1,13.9271,1196.16
1341,2,0,1,13.9196,1153.46
1315,2,0,1,13.8994,1045.7
1314,2,0,1,13.8825,956.845
1309,2,0,1,13.8819,953.975
1308,2,0,1,13.8678,878.201
1307,2,0,1,13.8512,796.332
999,2,0,2,14.1993,2543.49,0.0648333,282.783,0.16,3
1002,2,0,2,14.1952,2515.42
1031,2,0,2,14.1823,2450.15
2031,2,0,2,14.175,2413.15
2032,2,0,2,14.1746,2411.33
1053,2,0,2,14.167,2373.44
1784,2,0,2,14.1636,2355.69
1069,2,0,2,14.1426,2249.89
1848,2,0,2,14.1367,2215.63
1109,2,0,2,14.1279,2168.04
1113,2,0,2,14.1208,2132.79
2036,2,0,2,14.1133,2095.89
1112,2,0,2,14.1097,2077.06
2041,2,0,2,14.0959,2008.79
2042,2,0,2,14.0826,1940.7
1564,2,0,2,14.0712,1885.08
2107,2,0,2,14.0611,1835.17
1145,2,0,2,14.0543,1802.49
2053,2,0,2,14.0413,1735.5
2073,2,0,2,14.0337,1697.36
1336,2,0,2,14.0035,1543.87
436,2,0,3,14.3835,3433.53,0.038,165.745,0.13,4
425,2,0,3,14.377,3399.14
426,2,0,3,14.372,3373.6
424,2,0,3,14.3699,3360.59
613,2,0,3,14.3623,3321.66
611,2,0,3,14.3565,3288.22
619,2,0,3,14.3386,3196.05
618,2,0,3,14.3362,3184.29
615,2,0,3,14.3347,3172.5
617,2,0,3,14.3312,3154.95
616,2,0,3,14.3246,3121.02
676,2,0,3,14.3184,3089.96
674,2,0,3,14.3035,3020.31
675,2,0,3,14.2969,2987.23
962,2,0,3,14.2883,2945.14
961,2,0,3,14.281,2908.09
999,2,0,3,14.2642,2826.27
884,2,0,4,14.5757,4363.53,0.0611667,266.791,0.05,5
1987,2,0,4,14.5327,4150.53
428,2,0,4,14.5277,4125.17
429,2,0,4,14.5009,3995.16
1988,2,0,4,14.4724,3851.54
430,2,0,4,14.469,3834.28
1989,2,0,4,14.464,3809.19
432,2,0,4,14.4578,3779.12
435,2,0,4,14.4524,3752.53
431,2,0,4,14.4456,3718.73
439,2,0,4,14.4292,3637.64
436,2,0,4,14.4215,3599.27
936,2,0,5,14.7748,5337.56,0,0,0
1737,2,0,5,14.7626,5271.42
917,2,0,5,14.748,5197.25
916,2,0,5,14.7478,5196.34
906,2,0,5,14.7184,5048.42
889,2,0,5,14.7078,4993.18
888,2,0,5,14.6803,4854.56
887,2,0,5,14.6659,4774.73
2012,2,0,5,14.6413,4653.34
884,2,0,5,14.6369,4630.32
884,3,0,0,14.4183,938.52,0.0611667,266.791,0.05,1
883,3,0,0,14.3859,777.951
882,3,0,0,14.3727,708.309
2155,3,0,0,14.3692,690.597
901,3,0,0,14.3378,524.626
902,3,0,0,14.3249,454.953
904,3,0,0,14.3118,384.906
925,3,0,0,14.2903,265.332
2019,3,0,0,14.2851,239.037
929,3,0,0,14.2847,237.053
930,3,0,0,14.2644,130.978
931,3,0,0,14.2592,102.033
932,3,0,0,14.245,25.8242
933,3,0,0,14.2406,2.93996
936,3,0,0,14.24,0
436,3,0,1,14.598,1816.23,0.038,165.745,0.13,2
425,3,0,1,14.5915,1781.85
420,3,0,1,14.577,1709.7
421,3,0,1,14.573,1682.88
417,3,0,1,14.5689,1660.21
1989,3,0,1,14.551,1568.29
2011,3,0,1,14.5308,1464.73
2156,3,0,1,14.5251,1435.43
2013,3,0,1,14.5244,1432.28
886,3,0,1,14.5141,1380.66
885,3,0,1,14.4897,1255.93
2012,3,0,1,14.484,1228.33
884,3,0,1,14.4795,1205.31
999,3,0,2,14.7331,2469.37,0.0648333,282.783,0.16,3
961,3,0,2,14.7149,2381.87
962,3,0,2,14.7072,2343.18
675,3,0,2,14.6974,2296.4
674,3,0,2,14.6925,2270.37
676,3,0,2,14.6885,2243.04
616,3,0,2,14.6819,2210.39
606,3,0,2,14.6618,2111.68
610,3,0,2,14.6501,2054.36
436,3,0,2,14.636,1981.97
1336,3,0,3,14.988,3741.42,0.0633333,276.241,0.28,4
1792,3,0,3,14.9797,3700.6
1334,3,0,3,14.9699,3652.71
1325,3,0,3,14.9453,3525.25
1156,3,0,3,14.9378,3488.14
1155,3,0,3,14.9262,3427.72
2052,3,0,3,14.9212,3401.84
1782,3,0,3,14.9148,3369.23
2043,3,0,3,14.9062,3310.49
1111,3,0,3,14.8961,3256.31
1110,3,0,3,14.8902,3226.45
1113,3,0,3,14.876,3153.17
1847,3,0,3,14.8673,3105.9
1068,3,0,3,14.8567,3051.77
1785,3,0,3,14.8518,3026.31
1053,3,0,3,14.835,2938.88
2032,3,0,3,14.8256,2893.36
2031,3,0,3,14.8252,2891.54
1031,3,0,3,14.8171,2851.24
1002,3,0,3,14.8042,2785.93
999,3,0,3,14.798,2752.15
1307,3,0,4,15.1632,4587.33,0.0428333,186.826,0.28,5
1308,3,0,4,15.149,4515.06
1309,3,0,4,15.1295,4416.83
1314,3,0,4,15.129,4413.96
1315,3,0,4,15.1086,4310.56
1341,3,0,4,15.0891,4205.84
1342,3,0,4,15.0805,4163.11
1334,3,0,4,15.0695,4106.38
1792,3,0,4,15.0571,4047.85
1336,3,0,4,15.0513,4017.66
936,3,0,5,15.3151,5346.52,0,0,0
933,3,0,5,15.3145,5343.58
934,3,0,5,15.309,5305.93
935,3,0,5,15.3085,5303.32
2020,3,0,5,15.2974,5246.35
943,3,0,5,15.2966,5242.41
942,3,0,5,15.2887,5201.34
941,3,0,5,15.2772,5143.19
1790,3,0,5,15.2643,5076.02
2022,3,0,5,15.2538,5025.13
2021,3,0,5,15.2436,4971.44
1303,3,0,5,15.2218,4851.73
1307,3,0,5,15.206,4774.15
1336,4,0,0,12.8679,764.587,0.0533333,232.624,0.21,1
1792,4,0,0,12.8604,727.242
1334,4,0,0,12.8531,689.424
1335,4,0,0,12.8424,639.192
1333,4,0,0,12.82,524.133
2163,4,0,0,12.7933,383.309
2023,4,0,0,12.7673,241.926
1787,4,0,0,12.7597,202.721
1788,4,0,0,12.7589,199.018
943,4,0,0,12.7395,103.973
934,4,0,0,12.7293,49.9245
933,4,0,0,12.7206,2.93996
936,4,0,0,12.72,0
1307,4,0,1,13.0296,1551.85,0.0495,215.904,0.34,2
1308,4,0,1,13.018,1490.8
1309,4,0,1,13.0005,1400.7
1314,4,0,1,13,1397.83
1315,4,0,1,12.987,1325.89
1341,4,0,1,12.9626,1200.6
1342,4,0,1,12.954,1157.87
1334,4,0,1,12.9418,1095.73
1792,4,0,1,12.9293,1037.19
1336,4,0,1,12.9212,997.211
884,4,0,2,13.2894,2884.57,0.0738333,322.039,0.04,3
883,4,0,2,13.2621,2745.5
882,4,0,2,13.2506,2683.23
2155,4,0,2,13.2473,2666.51
901,4,0,2,13.2204,2519.33
902,4,0,2,13.2074,2449.78
904,4,0,2,13.1942,2378.8
925,4,0,2,13.1707,2250.91
2019,4,0,2,13.1653,2223.64
929,4,0,2,13.1649,2221.66
938,4,0,2,13.1529,2155.81
950,4,0,2,13.1394,2085.25
951,4,0,2,13.1324,2049.53
949,4,0,2,13.1214,1993.05
1302,4,0,2,13.1024,1886.33
1307,4,0,2,13.0791,1767.76
436,4,0,3,13.4789,3805.83,0.0588333,256.613,0.14,4
425,4,0,3,13.4714,3767.02
420,4,0,3,13.4557,3689.85
421,4,0,3,13.4517,3663.07
417,4,0,3,13.4472,3638.59
1989,4,0,3,13.4306,3552.18
2011,4,0,3,13.4129,3458.99
2156,4,0,3,13.4076,3431.66
2013,4,0,3,13.4069,3428.51
886,4,0,3,13.395,3370.33
885,4,0,3,13.3731,3256.21
2012,4,0,3,13.3674,3228.61
884,4,0,3,13.3632,3206.6
999,4,0,4,13.6308,4528.39,0.056,244.255,0.15,5
961,4,0,4,13.6151,4451.32
962,4,0,4,13.6074,4412.62
675,4,0,4,13.5963,4360.51
674,4,0,4,13.5901,4329.15
669,4,0,4,13.5736,4245.23
673,4,0,4,13.5641,4196.46
438,4,0,4,13.5585,4168.77
437,4,0,4,13.5488,4119.57
439,4,0,4,13.5449,4098.71
436,4,0,4,13.5378,4062.44
936,4,0,5,13.8088,5401.61,0,0,0
1737,4,0,5,13.7973,5338.38
917,4,0,5,13.7805,5255.15
916,4,0,5,13.7803,5254.24
919,4,0,5,13.7746,5215.15
2017,4,0,5,13.7745,5214.98
2014,4,0,5,13.7735,5209.96
2015,4,0,5,13.7654,5169.25
910,4,0,5,13.7653,5168.76
909,4,0,5,13.757,5126.62
1051,4,0,5,13.7471,5076.46
1025,4,0,5,13.7349,5015.16
1029,4,0,5,13.721,4945.8
1026,4,0,5,13.7104,4893.76
998,4,0,5,13.7059,4870.63
999,4,0,5,13.6868,4772.65
884,5,0,0,13.3634,917.424,0.0738333,322.039,0.04,1
883,5,0,0,13.3361,778.363
882,5,0,0,13.3246,716.093
2155,5,0,0,13.3214,699.368
901,5,0,0,13.2944,552.187
902,5,0,0,13.2815,482.635
904,5,0,0,13.2682,411.663
925,5,0,0,13.2448,283.766
2019,5,0,0,13.2394,256.499
929,5,0,0,13.239,254.516
930,5,0,0,13.222,162.739
931,5,0,0,13.21,105.498
932,5,0,0,13.1961,30.6376
933,5,0,0,13.1906,2.93996
936,5,0,0,13.19,0
436,5,0,1,13.553,1838.69,0.0588333,256.613,0.14,2
425,5,0,1,13.5454,1799.87
420,5,0,1,13.5297,1722.71
421,5,0,1,13.5257,1695.93
417,5,0,1,13.5212,1671.45
1989,5,0,1,13.5047,1585.04
2011,5,0,1,13.4869,1491.85
2156,5,0,1,13.4817,1464.52
2013,5,0,1,13.481,1461.37
886,5,0,1,13.4691,1403.19
885,5,0,1,13.4472,1289.07
2012,5,0,1,13.4415,1261.47
884,5,0,1,13.4373,1239.46
999,5,0,2,13.7048,2561.25,0.056,244.255,0.15,3
961,5,0,2,13.6892,2484.18
962,5,0,2,13.6814,2445.48
675,5,0,2,13.6703,2393.37
674,5,0,2,13.6642,2362
669,5,0,2,13.6477,2278.09
673,5,0,2,13.6381,2229.32
438,5,0,2,13.6326,2201.63
437,5,0,2,13.6229,2152.43
439,5,0,2,13.619,2131.57
436,5,0,2,13.6118,2095.3
1336,5,0,3,13.9733,3875.04,0.0515,224.627,0.24,4
1792,5,0,3,13.967,3842.63
1334,5,0,3,13.959,3802.19
1325,5,0,3,13.9318,3663.75
1156,5,0,3,13.9227,3620.04
1155,5,0,3,13.9097,3553.72
2052,5,0,3,13.9044,3526.72
1782,5,0,3,13.8978,3492.98
2043,5,0,3,13.8848,3422.45
1111,5,0,3,13.8699,3348.01
1109,5,0,3,13.8525,3261.56
1848,5,0,3,13.8324,3167.05
1069,5,0,3,13.8245,3124.51
1784,5,0,3,13.8073,3035.04
1053,5,0,3,13.8034,3015.22
2032,5,0,3,13.793,2965.69
2031,5,0,3,13.7926,2963.86
1031,5,0,3,13.7827,2916.46
1002,5,0,3,13.7685,2845.73
999,5,0,3,13.7608,2805.51
1307,5,0,4,14.1536,4738.18,0.0546667,238.44,0.3,5
1308,5,0,4,14.1424,4678.61
1309,5,0,4,14.1241,4585.25
1314,5,0,4,14.1235,4582.38
1315,5,0,4,14.0854,4406.68
1341,5,0,4,14.0653,4299.2
1342,5,0,4,14.0567,4256.47
1334,5,0,4,14.0459,4200.59
1792,5,0,4,14.0335,4142.05
1336,5,0,4,14.0248,4099.67
936,5,0,5,14.3293,5599.34,0,0,0
933,5,0,5,14.3287,5596.4
934,5,0,5,14.3231,5558.75
935,5,0,5,14.3226,5556.14
2020,5,0,5,14.3116,5499.17
943,5,0,5,14.3107,5495.23
942,5,0,5,14.3033,5456.1
941,5,0,5,14.2914,5396.54
1790,5,0,5,14.275,5314.41
2022,5,0,5,14.2645,5263.51
2021,5,0,5,14.25,5192.08
1303,5,0,5,14.2173,5025.93
1307,5,0,5,14.2083,4976.62
999,6,0,0,14.7834,633.053,0.0648333,282.783,0.16,1
1002,6,0,0,14.7793,604.982
1024,6,0,0,14.7583,498.436
1029,6,0,0,14.7523,469.049
1027,6,0,0,14.7394,405.671
1051,6,0,0,14.727,342.327
1052,6,0,0,14.7194,303.497
1804,6,0,0,14.7189,301.389
2015,6,0,0,14.7077,245.173
2014,6,0,0,14.6999,205.533
2017,6,0,0,14.6987,199.838
2170,6,0,0,14.6959,185.645
1738,6,0,0,14.6793,101.655
1737,6,0,0,14.6733,71.1284
936,6,0,0,14.66,0
436,6,0,1,14.9676,1523.09,0.038,165.745,0.13,2
425,6,0,1,14.9611,1488.71
426,6,0,1,14.9561,1463.17
424,6,0,1,14.954,1450.15
613,6,0,1,14.9464,1411.22
611,6,0,1,14.9406,1377.78
619,6,0,1,14.9227,1285.62
618,6,0,1,14.9204,1273.85
615,6,0,1,14.9188,1262.06
617,6,0,1,14.9153,1244.52
616,6,0,1,14.9087,1210.59
676,6,0,1,14.9025,1179.52
674,6,0,1,14.8876,1109.87
675,6,0,1,14.8811,1076.79
962,6,0,1,14.8724,1034.7
961,6,0,1,14.8651,997.651
999,6,0,1,14.8483,915.837
884,6,0,2,15.145,2391.19,0.0453333,197.73,0.06,3
1987,6,0,2,15.1096,2209.8
428,6,0,2,15.1046,2184.44
429,6,0,2,15.0826,2074.11
1988,6,0,2,15.0583,1948.08
430,6,0,2,15.0547,1929.9
1989,6,0,2,15.0458,1889.15
432,6,0,2,15.0408,1864.37
435,6,0,2,15.0355,1837.77
431,6,0,2,15.0287,1803.72
439,6,0,2,15.0145,1732.3
436,6,0,2,15.0056,1688.84
1307,6,0,3,15.3728,3531.06,0.0428333,186.826,0.28,4
1302,6,0,3,15.3564,3441.89
949,6,0,3,15.3341,3321.04
2025,6,0,3,15.3306,3303.58
1598,6,0,3,15.3258,3278.21
948,6,0,3,15.3209,3251.48
928,6,0,3,15.3109,3195.77
923,6,0,3,15.2688,2990.86
924,6,0,3,15.2605,2951.54
914,6,0,3,15.2409,2847.9
902,6,0,3,15.2342,2810.86
887,6,0,3,15.2177,2726.13
2012,6,0,3,15.1951,2613.09
884,6,0,3,15.1904,2588.92
936,6,0,4,15.5247,4290.25,0,0,0
933,6,0,4,15.5241,4287.31
934,6,0,4,15.5186,4249.67
935,6,0,4,15.5181,4247.06
2020,6,0,4,15.507,4190.08
943,6,0,4,15.5062,4186.15
942,6,0,4,15.4983,4145.08
941,6,0,4,15.4868,4086.93
1790,6,0,4,15.4739,4019.76
2022,6,0,4,15.4634,3968.87
2021,6,0,4,15.4532,3915.18
1303,6,0,4,15.4314,3795.47
1307,6,0,4,15.4156,3717.89
1336,6,1,0,13.6545,750.638,0.0515,224.627,0.24,1
1792,6,1,0,13.6482,718.22
1334,6,1,0,13.6402,677.786
1335,6,1,0,13.6296,627.554
1333,6,1,0,13.6125,535.212
2163,6,1,0,13.5842,387.56
2023,6,1,0,13.5545,230.349
1787,6,1,0,13.5464,189.064
1788,6,1,0,13.5456,185.36
943,6,1,0,13.5297,104.713
934,6,1,0,13.5209,56.8666
933,6,1,0,13.5106,2.93996
936,6,1,0,13.51,0
936,6,1,1,13.863,1782.92,0,0,0
933,6,1,1,13.8624,1779.98
934,6,1,1,13.8569,1742.34
935,6,1,1,13.8564,1739.73
2020,6,1,1,13.8453,1682.75
1787,6,1,1,13.8254,1584.44
2023,6,1,1,13.816,1537.62
2163,6,1,1,13.787,1383.21
1333,6,1,1,13.7565,1226.46
1335,6,1,1,13.7307,1097.21
1334,6,1,1,13.7248,1066.52
1792,6,1,1,13.7124,1007.99
1336,6,1,1,13.706,975.265
1336,7,0,0,13.9645,750.638,0.0515,224.627,0.24,1
1792,7,0,0,13.9582,718.22
1334,7,0,0,13.9502,677.786
1335,7,0,0,13.9396,627.554
1333,7,0,0,13.9225,535.212
2163,7,0,0,13.8942,387.56
2023,7,0,0,13.8645,230.349
1787,7,0,0,13.8564,189.064
1788,7,0,0,13.8556,185.36
943,7,0,0,13.8397,104.713
934,7,0,0,13.8309,56.8666
933,7,0,0,13.8206,2.93996
936,7,0,0,13.82,0
999,7,0,1,14.2118,1974.88,0.0648333,282.783,0.16,2
1002,7,0,1,14.2077,1946.81
1031,7,0,1,14.1948,1881.54
2031,7,0,1,14.1874,1844.55
2032,7,0,1,14.187,1842.72
1053,7,0,1,14.1794,1804.83
1784,7,0,1,14.176,1787.08
1069,7,0,1,14.155,1681.28
1848,7,0,1,14.1492,1647.03
1109,7,0,1,14.1404,1599.43
1113,7,0,1,14.1333,1564.19
2036,7,0,1,14.1258,1527.29
1112,7,0,1,14.1221,1508.45
2041,7,0,1,14.1084,1440.18
2042,7,0,1,14.095,1372.09
1564,7,0,1,14.0837,1316.47
2107,7,0,1,14.0735,1266.56
1145,7,0,1,14.0668,1233.89
2053,7,0,1,14.0537,1166.9
2073,7,0,1,14.0462,1128.76
1336,7,0,1,14.016,975.265
436,7,0,2,14.396,2864.92,0.038,165.745,0.13,3
425,7,0,2,14.3895,2830.54
426,7,0,2,14.3844,2804.99
424,7,0,2,14.3824,2791.98
613,7,0,2,14.3748,2753.05
611,7,0,2,14.3689,2719.61
619,7,0,2,14.351,2627.45
618,7,0,2,14.3487,2615.68
615,7,0,2,14.3472,2603.89
617,7,0,2,14.3437,2586.34
616,7,0,2,14.3371,2552.41
676,7,0,2,14.3309,2521.35
674,7,0,2,14.316,2451.7
675,7,0,2,14.3094,2418.62
962,7,0,2,14.3008,2376.53
961,7,0,2,14.2934,2339.48
999,7,0,2,14.2766,2257.67
884,7,0,3,14.5881,3794.92,0.0611667,266.791,0.05,4
1987,7,0,3,14.5452,3581.93
428,7,0,3,14.5401,3556.56
429,7,0,3,14.5134,3426.55
1988,7,0,3,14.4848,3282.93
430,7,0,3,14.4815,3265.67
1989,7,0,3,14.4764,3240.59
432,7,0,3,14.4702,3210.51
435,7,0,3,14.4649,3183.92
431,7,0,3,14.4581,3150.12
439,7,0,3,14.4416,3069.03
436,7,0,3,14.434,3030.67
936,7,0,4,14.7872,4768.95,0,0,0
1737,7,0,4,14.775,4702.81
917,7,0,4,14.7604,4628.64
916,7,0,4,14.7603,4627.73
906,7,0,4,14.7308,4479.81
889,7,0,4,14.7202,4424.57
888,7,0,4,14.6928,4285.96
887,7,0,4,14.6784,4206.12
2012,7,0,4,14.6538,4084.73
884,7,0,4,14.6493,4061.71
1307,7,1,0,15.0055,554.042,0.0428333,186.826,0.28,1
1303,7,1,0,14.9945,496.053
2021,7,1,0,14.9562,306.727
1791,7,1,0,14.9483,267.142
939,7,1,0,14.9315,182.874
940,7,1,0,14.9268,151.022
934,7,1,0,14.9073,42.0448
933,7,1,0,14.9006,2.93996
936,7,1,0,14.9,0
936,7,1,1,15.1575,1313.23,0,0,0
933,7,1,1,15.1569,1310.29
934,7,1,1,15.1514,1272.64
935,7,1,1,15.1508,1270.04
2020,7,1,1,15.1398,1213.06
943,7,1,1,15.1389,1209.13
942,7,1,1,15.1311,1168.06
941,7,1,1,15.1195,1109.91
1790,7,1,1,15.1067,1042.74
2022,7,1,1,15.0962,991.844
2021,7,1,1,15.0859,938.155
1303,7,1,1,15.0641,818.443
1307,7,1,1,15.0484,740.869
999,8,0,0,14.8134,633.053,0.0648333,282.783,0.16,1
1002,8,0,0,14.8093,604.982
1024,8,0,0,14.7883,498.436
1029,8,0,0,14.7823,469.049
1027,8,0,0,14.7694,405.671
1051,8,0,0,14.757,342.327
1052,8,0,0,14.7494,303.497
1804,8,0,0,14.7489,301.389
2015,8,0,0,14.7377,245.173
2014,8,0,0,14.7299,205.533
2017,8,0,0,14.7287,199.838
2170,8,0,0,14.7259,185.645
1738,8,0,0,14.7093,101.655
1737,8,0,0,14.7033,71.1284
936,8,0,0,14.69,0
436,8,0,1,14.9976,1523.09,0.038,165.745,0.13,2
425,8,0,1,14.9911,1488.71
426,8,0,1,14.9861,1463.17
424,8,0,1,14.984,1450.15
613,8,0,1,14.9764,1411.22
611,8,0,1,14.9706,1377.78
619,8,0,1,14.9527,1285.62
618,8,0,1,14.9504,1273.85
615,8,0,1,14.9488,1262.06
617,8,0,1,14.9453,1244.52
616,8,0,1,14.9387,1210.59
676,8,0,1,14.9325,1179.52
674,8,0,1,14.9176,1109.87
675,8,0,1,14.9111,1076.79
962,8,0,1,14.9024,1034.7
961,8,0,1,14.8951,997.651
999,8,0,1,14.8783,915.837
884,8,0,2,15.175,2391.19,0.0453333,197.73,0.06,3
1987,8,0,2,15.1396,2209.8
428,8,0,2,15.1346,2184.44
429,8,0,2,15.1126,2074.11
1988,8,0,2,15.0883,1948.08
430,8,0,2,15.0847,1929.9
1989,8,0,2,15.0758,1889.15
432,8,0,2,15.0708,1864.37
435,8,0,2,15.0655,1837.77
431,8,0,2,15.0587,1803.72
439,8,0,2,15.0445,1732.3
436,8,0,2,15.0356,1688.84
1307,8,0,3,15.4028,3531.06,0.0428333,186.826,0.28,4
1302,8,0,3,15.3864,3441.89
949,8,0,3,15.3641,3321.04
2025,8,0,3,15.3606,3303.58
1598,8,0,3,15.3558,3278.21
948,8,0,3,15.3509,3251.48
928,8,0,3,15.3409,3195.77
923,8,0,3,15.2988,2990.86
924,8,0,3,15.2905,2951.54
914,8,0,3,15.2709,2847.9
902,8,0,3,15.2642,2810.86
887,8,0,3,15.2477,2726.13
2012,8,0,3,15.2251,2613.09
884,8,0,3,15.2204,2588.92
936,8,0,4,15.5547,4290.25,0,0,0
933,8,0,4,15.5541,4287.31
934,8,0,4,15.5486,4249.67
935,8,0,4,15.5481,4247.06
2020,8,0,4,15.537,4190.08
943,8,0,4,15.5362,4186.15
942,8,0,4,15.5283,4145.08
941,8,0,4,15.5168,4086.93
1790,8,0,4,15.5039,4019.76
2022,8,0,4,15.4934,3968.87
2021,8,0,4,15.4832,3915.18
1303,8,0,4,15.4614,3795.47
1307,8,0,4,15.4456,3717.89
1336,8,1,0,12.9579,764.587,0.0533333,232.624,0.21,1
1792,8,1,0,12.9504,727.242
1334,8,1,0,12.9431,689.424
1335,8,1,0,12.9324,639.192
1333,8,1,0,12.91,524.133
2163,8,1,0,12.8833,383.309
2023,8,1,0,12.8573,241.926
1787,8,1,0,12.8497,202.721
1788,8,1,0,12.8489,199.018
943,8,1,0,12.8295,103.973
934,8,1,0,12.8193,49.9245
933,8,1,0,12.8106,2.93996
936,8,1,0,12.81,0
936,8,1,1,13.1683,1804.87,0,0,0
933,8,1,1,13.1677,1801.93
934,8,1,1,13.1621,1764.28
935,8,1,1,13.1616,1761.67
2020,8,1,1,13.1506,1704.7
1787,8,1,1,13.1307,1606.38
2023,8,1,1,13.1212,1559.56
2163,8,1,1,13.0922,1405.16
1333,8,1,1,13.0618,1248.41
1335,8,1,1,13.0359,1119.15
1334,8,1,1,13.03,1088.47
1792,8,1,1,13.0176,1029.93
1336,8,1,1,13.0112,997.211
1336,9,0,0,12.7479,764.587,0.0533333,232.624,0.21,1
1792,9,0,0,12.7404,727.242
1334,9,0,0,12.7331,689.424
1335,9,0,0,12.7224,639.192
1333,9,0,0,12.7,524.133
2163,9,0,0,12.6733,383.309
2023,9,0,0,12.6473,241.926
1787,9,0,0,12.6397,202.721
1788,9,0,0,12.6389,199.018
943,9,0,0,12.6195,103.973
934,9,0,0,12.6093,49.9245
933,9,0,0,12.6006,2.93996
936,9,0,0,12.6,0
999,9,0,1,13.002,2014.06,0.056,244.255,0.15,2
1002,9,0,1,12.9957,1980.01
1031,9,0,1,12.9812,1908.3
2031,9,0,1,12.9739,1871.31
2032,9,0,1,12.9735,1869.48
1053,9,0,1,12.9655,1829.69
1784,9,0,1,12.9622,1812.62
1069,9,0,1,12.9421,1710.61
1848,9,0,1,12.9363,1676.41
1847,9,0,1,12.9328,1656.77
1086,9,0,1,12.9291,1636.54
2036,9,0,1,12.9145,1563.64
1112,9,0,1,12.9109,1544.8
2041,9,0,1,12.8988,1483.73
2042,9,0,1,12.8794,1390.66
1564,9,0,1,12.869,1338.8
2107,9,0,1,12.8609,1297.3
1145,9,0,1,12.8543,1265.29
2053,9,0,1,12.8388,1187.98
2073,9,0,1,12.8305,1146.92
1336,9,0,1,12.8012,997.211
436,9,0,2,13.1691,2856.62,0.0588333,256.613,0.14,3
425,9,0,2,13.1616,2817.81
426,9,0,2,13.1553,2787.07
424,9,0,2,13.153,2773.64
613,9,0,2,13.145,2733.27
611,9,0,2,13.1381,2695.38
609,9,0,2,13.1362,2677.54
628,9,0,2,13.1263,2603.53
615,9,0,2,13.1215,2575.55
617,9,0,2,13.118,2558
616,9,0,2,13.1103,2519.79
676,9,0,2,13.1042,2488.72
674,9,0,2,13.0937,2437.23
675,9,0,2,13.0871,2404.16
962,9,0,2,13.0767,2354.79
961,9,0,2,13.0713,2325.66
999,9,0,2,13.058,2258.32
884,9,0,3,13.3767,3854.6,0.0738333,322.039,0.04,4
1987,9,0,3,13.3388,3662.59
428,9,0,3,13.3338,3637.22
429,9,0,3,13.3087,3514.15
1988,9,0,3,13.2823,3379.49
430,9,0,3,13.2787,3361.32
1989,9,0,3,13.2735,3335.59
432,9,0,3,13.2693,3313.57
435,9,0,3,13.2639,3286.98
431,9,0,3,13.2567,3251.25
439,9,0,3,13.2352,3149.5
436,9,0,3,13.228,3113.24
936,9,0,4,13.583,4861,0,0,0
1737,9,0,4,13.5715,4797.77
917,9,0,4,13.5547,4714.53
916,9,0,4,13.5545,4713.63
906,9,0,4,13.5286,4580.54
889,9,0,4,13.5165,4518.62
888,9,0,4,13.4959,4409.11
887,9,0,4,13.4785,4316.43
2012,9,0,4,13.4548,4198.65
884,9,0,4,13.4506,4176.64
1307,9,1,0,15.0755,554.042,0.0428333,186.826,0.28,1
1303,9,1,0,15.0645,496.053
2021,9,1,0,15.0262,306.727
1791,9,1,0,15.0183,267.142
939,9,1,0,15.0015,182.874
940,9,1,0,14.9968,151.022
934,9,1,0,14.9773,42.0448
933,9,1,0,14.9706,2.93996
936,9,1,0,14.97,0
936,9,1,1,15.2275,1313.23,0,0,0
933,9,1,1,15.2269,1310.29
934,9,1,1,15.2214,1272.64
935,9,1,1,15.2208,1270.04
2020,9,1,1,15.2098,1213.06
943,9,1,1,15.2089,1209.13
942,9,1,1,15.2011,1168.06
941,9,1,1,15.1895,1109.91
1790,9,1,1,15.1767,1042.74
2022,9,1,1,15.1662,991.844
2021,9,1,1,15.1559,938.155
1303,9,1,1,15.1341,818.443
1307,9,1,1,15.1184,740.869
1336,10,0,0,12.6079,764.587,0.0533333,232.624,0.21,1
1792,10,0,0,12.6004,727.242
1334,10,0,0,12.5931,689.424
1335,10,0,0,12.5824,639.192
1333,10,0,0,12.56,524.133
2163,10,0,0,12.5333,383.309
2023,10,0,0,12.5073,241.926
1787,10,0,0,12.4997,202.721
1788,10,0,0,12.4989,199.018
943,10,0,0,12.4795,103.973
934,10,0,0,12.4693,49.9245
933,10,0,0,12.4606,2.93996
936,10,0,0,12.46,0
999,10,0,1,12.862,2014.06,0.0941667,410.727,0.12,2
1002,10,0,1,12.8557,1980.01
1031,10,0,1,12.8412,1908.3
2031,10,0,1,12.8339,1871.31
2032,10,0,1,12.8335,1869.48
1053,10,0,1,12.8255,1829.69
1784,10,0,1,12.8222,1812.62
1069,10,0,1,12.8021,1710.61
1848,10,0,1,12.7963,1676.41
1847,10,0,1,12.7928,1656.77
1086,10,0,1,12.7891,1636.54
2036,10,0,1,12.7745,1563.64
1112,10,0,1,12.7709,1544.8
2041,10,0,1,12.7588,1483.73
2042,10,0,1,12.7394,1390.66
1564,10,0,1,12.729,1338.8
2107,10,0,1,12.7209,1297.3
1145,10,0,1,12.7143,1265.29
2053,10,0,1,12.6988,1187.98
2073,10,0,1,12.6905,1146.92
1336,10,0,1,12.6612,997.211
436,10,0,2,13.0618,3005.31,0.0588333,256.613,0.14,3
425,10,0,2,13.0547,2968.23
426,10,0,2,13.0498,2943.28
424,10,0,2,13.0474,2929.57
613,10,0,2,13.0444,2904.59
611,10,0,2,13.0389,2871.69
609,10,0,2,13.0369,2853.9
628,10,0,2,13.027,2779.89
615,10,0,2,13.0214,2749.24
617,10,0,2,13.0179,2731.69
616,10,0,2,13.0085,2686.21
676,10,0,2,13.0023,2655.15
674,10,0,2,12.9882,2588.46
675,10,0,2,12.9816,2555.38
962,10,0,2,12.9751,2522.25
961,10,0,2,12.9672,2482.83
999,10,0,2,12.9561,2424.79
884,10,0,3,13.2694,4003.28,0.0738333,322.039,0.04,4
1987,10,0,3,13.2315,3811.28
428,10,0,3,13.2265,3785.91
429,10,0,3,13.2014,3662.84
1988,10,0,3,13.175,3528.18
430,10,0,3,13.1714,3510.01
1989,10,0,3,13.1662,3484.27
432,10,0,3,13.162,3462.26
435,10,0,3,13.1566,3435.67
431,10,0,3,13.1494,3399.93
439,10,0,3,13.1279,3298.19
436,10,0,3,13.1207,3261.92
936,10,0,4,13.4757,5009.69,0,0,0
1737,10,0,4,13.4642,4946.46
917,10,0,4,13.4474,4863.22
916,10,0,4,13.4472,4862.31
906,10,0,4,13.4213,4729.22
889,10,0,4,13.4092,4667.3
888,10,0,4,13.3886,4557.79
887,10,0,4,13.3712,4465.11
2012,10,0,4,13.3475,4347.33
884,10,0,4,13.3433,4325.32
1307,10,1,0,15.0755,554.042,0.0428333,186.826,0.28,1
1303,10,1,0,15.0645,496.053
2021,10,1,0,15.0262,306.727
1791,10,1,0,15.0183,267.142
939,10,1,0,15.0015,182.874
940,10,1,0,14.9968,151.022
934,10,1,0,14.9773,42.0448
933,10,1,0,14.9706,2.93996
936,10,1,0,14.97,0
936,10,1,1,15.2275,1313.23,0,0,0
933,10,1,1,15.2269,1310.29
934,10,1,1,15.2214,1272.64
935,10,1,1,15.2208,1270.04
2020,10,1,1,15.2098,1213.06
943,10,1,1,15.2089,1209.13
942,10,1,1,15.2011,1168.06
941,10,1,1,15.1895,1109.91
1790,10,1,1,15.1767,1042.74
2022,10,1,1,15.1662,991.844
2021,10,1,1,15.1559,938.155
1303,10,1,1,15.1341,818.443
1307,10,1,1,15.1184,740.869
1336,11,0,0,12.4579,764.587,0.0533333,232.624,0.21,1
1792,11,0,0,12.4504,727.242
1334,11,0,0,12.4431,689.424
1335,11,0,0,12.4324,639.192
1333,11,0,0,12.41,524.133
2163,11,0,0,12.3833,383.309
2023,11,0,0,12.3573,241.926
1787,11,0,0,12.3497,202.721
1788,11,0,0,12.3489,199.018
943,11,0,0,12.3295,103.973
934,11,0,0,12.3193,49.9245
933,11,0,0,12.3106,2.93996
936,11,0,0,12.31,0
999,11,0,1,12.712,2014.06,0.0941667,410.727,0.12,2
1002,11,0,1,12.7057,1980.01
1031,11,0,1,12.6912,1908.3
2031,11,0,1,12.6839,1871.31
2032,11,0,1,12.6835,1869.48
1053,11,0,1,12.6755,1829.69
1784,11,0,1,12.6722,1812.62
1069,11,0,1,12.6521,1710.61
1848,11,0,1,12.6463,1676.41
1847,11,0,1,12.6428,1656.77
1086,11,0,1,12.6391,1636.54
2036,11,0,1,12.6245,1563.64
1112,11,0,1,12.6209,1544.8
2041,11,0,1,12.6088,1483.73
2042,11,0,1,12.5894,1390.66
1564,11,0,1,12.579,1338.8
2107,11,0,1,12.5709,1297.3
1145,11,0,1,12.5643,1265.29
2053,11,0,1,12.5488,1187.98
2073,11,0,1,12.5405,1146.92
1336,11,0,1,12.5112,997.211
436,11,0,2,12.9118,3005.31,0.0958333,417.996,0.13,3
425,11,0,2,12.9047,2968.23
426,11,0,2,12.8998,2943.28
424,11,0,2,12.8974,2929.57
613,11,0,2,12.8944,2904.59
611,11,0,2,12.8889,2871.69
609,11,0,2,12.8869,2853.9
628,11,0,2,12.877,2779.89
615,11,0,2,12.8714,2749.24
617,11,0,2,12.8679,2731.69
616,11,0,2,12.8585,2686.21
676,11,0,2,12.8524,2655.15
674,11,0,2,12.8382,2588.46
675,11,0,2,12.8316,2555.38
962,11,0,2,12.8251,2522.25
961,11,0,2,12.8172,2482.83
999,11,0,2,12.8061,2424.79
884,11,0,3,13.1565,4164.67,0.0738333,322.039,0.04,4
1987,11,0,3,13.1185,3972.66
428,11,0,3,13.1135,3947.29
429,11,0,3,13.0884,3824.22
1988,11,0,3,13.062,3689.56
430,11,0,3,13.0584,3671.39
1989,11,0,3,13.0532,3645.65
432,11,0,3,13.049,3623.64
435,11,0,3,13.0436,3597.05
431,11,0,3,13.0364,3561.32
439,11,0,3,13.0149,3459.57
436,11,0,3,13.0077,3423.3
936,11,0,4,13.3627,5171.07,0,0,0
1737,11,0,4,13.3512,5107.84
917,11,0,4,13.3344,5024.6
916,11,0,4,13.3342,5023.69
906,11,0,4,13.3083,4890.6
889,11,0,4,13.2962,4828.69
888,11,0,4,13.2756,4719.17
887,11,0,4,13.2582,4626.5
2012,11,0,4,13.2345,4508.71
884,11,0,4,13.2303,4486.71
1307,11,1,0,15.0255,554.042,0.0428333,186.826,0.28,1
1303,11,1,0,15.0145,496.053
2021,11,1,0,14.9762,306.727
1791,11,1,0,14.9683,267.142
939,11,1,0,14.9515,182.874
940,11,1,0,14.9468,151.022
934,11,1,0,14.9273,42.0448
933,11,1,0,14.9206,2.93996
936,11,1,0,14.92,0
936,11,1,1,15.1775,1313.23,0,0,0
933,11,1,1,15.1769,1310.29
934,11,1,1,15.1714,1272.64
935,11,1,1,15.1708,1270.04
2020,11,1,1,15.1598,1213.06
943,11,1,1,15.1589,1209.13
942,11,1,1,15.1511,1168.06
941,11,1,1,15.1395,1109.91
1790,11,1,1,15.1267,1042.74
2022,11,1,1,15.1162,991.844
2021,11,1,1,15.1059,938.155
1303,11,1,1,15.0841,818.443
1307,11,1,1,15.0684,740.869
1336,12,0,0,12.5979,764.587,0.0533333,232.624,0.21,1
1792,12,0,0,12.5904,727.242
1334,12,0,0,12.5831,689.424
1335,12,0,0,12.5724,639.192
1333,12,0,0,12.55,524.133
2163,12,0,0,12.5233,383.309
2023,12,0,0,12.4973,241.926
1787,12,0,0,12.4897,202.721
1788,12,0,0,12.4889,199.018
943,12,0,0,12.4695,103.973
934,12,0,0,12.4593,49.9245
933,12,0,0,12.4506,2.93996
936,12,0,0,12.45,0
999,12,0,1,12.852,2014.06,0.0941667,410.727,0.12,2
1002,12,0,1,12.8457,1980.01
1031,12,0,1,12.8312,1908.3
2031,12,0,1,12.8239,1871.31
2032,12,0,1,12.8235,1869.48
1053,12,0,1,12.8155,1829.69
1784,12,0,1,12.8122,1812.62
1069,12,0,1,12.7921,1710.61
1848,12,0,1,12.7863,1676.41
1847,12,0,1,12.7828,1656.77
1086,12,0,1,12.7791,1636.54
2036,12,0,1,12.7645,1563.64
1112,12,0,1,12.7609,1544.8
2041,12,0,1,12.7488,1483.73
2042,12,0,1,12.7294,1390.66
1564,12,0,1,12.719,1338.8
2107,12,0,1,12.7109,1297.3
1145,12,0,1,12.7043,1265.29
2053,12,0,1,12.6888,1187.98
2073,12,0,1,12.6805,1146.92
1336,12,0,1,12.6512,997.211
884,12,0,2,13.1461,3449.6,0.0738333,322.039,0.04,3
883,12,0,2,13.1167,3302.21
882,12,0,2,13.1036,3232.7
2155,12,0,2,13.1004,3216.14
2012,12,0,2,13.0837,3126.24
885,12,0,2,13.0788,3102.14
886,12,0,2,13.0585,2994.61
2013,12,0,2,13.0511,2955.14
2156,12,0,2,13.0504,2951.98
2011,12,0,2,13.0451,2924.47
891,12,0,2,13.0232,2810.01
893,12,0,2,13.0171,2779.14
894,12,0,2,13.0119,2754.39
897,12,0,2,12.993,2661.18
1028,12,0,2,12.985,2619
1026,12,0,2,12.9734,2561.27
998,12,0,2,12.9685,2536.52
999,12,0,2,12.9461,2424.79
936,12,0,3,13.3523,4456,0,0,0
1737,12,0,3,13.3408,4392.77
917,12,0,3,13.324,4309.54
916,12,0,3,13.3239,4308.63
906,12,0,3,13.298,4175.54
889,12,0,3,13.2858,4113.62
888,12,0,3,13.2652,4004.11
887,12,0,3,13.2478,3911.43
2012,12,0,3,13.2241,3793.65
884,12,0,3,13.2199,3771.64
1307,12,1,0,15.0955,554.042,0.0428333,186.826,0.28,1
1303,12,1,0,15.0845,496.053
2021,12,1,0,15.0462,306.727
1791,12,1,0,15.0383,267.142
939,12,1,0,15.0215,182.874
940,12,1,0,15.0168,151.022
934,12,1,0,14.9973,42.0448
933,12,1,0,14.9906,2.93996
936,12,1,0,14.99,0
436,12,1,1,15.3633,1934.87,0.077,335.851,0.12,2
425,12,1,1,15.3567,1900.16
420,12,1,1,15.3456,1842.37
421,12,1,1,15.3415,1815.47
417,12,1,1,15.3373,1792.19
1989,12,1,1,15.3192,1699.52
2011,12,1,1,15.301,1604.42
2156,12,1,1,15.2963,1579.41
2013,12,1,1,15.2957,1576.26
886,12,1,1,15.285,1523.21
888,12,1,1,15.2669,1424.39
903,12,1,1,15.2578,1374.54
904,12,1,1,15.2537,1353.3
925,12,1,1,15.2304,1225.93
2019,12,1,1,15.2259,1202.53
929,12,1,1,15.2255,1200.54
938,12,1,1,15.2131,1132.9
950,12,1,1,15.1978,1054.74
951,12,1,1,15.1913,1021.01
949,12,1,1,15.1801,963.892
1302,12,1,1,15.1533,823.666
1307,12,1,1,15.1384,740.869
936,12,1,2,15.5675,2927.28,0,0,0
1737,12,1,2,15.5564,2866.02
917,12,1,2,15.5429,2796.49
916,12,1,2,15.5427,2795.59
919,12,1,2,15.537,2756.5
2017,12,1,2,15.537,2756.33
2014,12,1,2,15.536,2751.58
2015,12,1,2,15.5279,2710.87
910,12,1,2,15.5278,2710.38
909,12,1,2,15.5184,2663.7
898,12,1,2,15.5052,2597.12
897,12,1,2,15.4956,2548.74
877,12,1,2,15.4731,2437.89
878,12,1,2,15.4671,2407.18
879,12,1,2,15.4586,2363.29
437,12,1,2,15.4526,2332.96
439,12,1,2,15.4492,2314.19
436,12,1,2,15.4403,2270.72
