Node, Individual, Route,Segment, Travel time, Travel cost, Attention time, Attention cost, Failure rate, Demand
1307,0,0,0,15.0455,554.042,0.0428333,186.826,0.28,1
1303,0,0,0,15.0345,496.053
2021,0,0,0,14.9962,306.727
1791,0,0,0,14.9883,267.142
939,0,0,0,14.9715,182.874
940,0,0,0,14.9668,151.022
934,0,0,0,14.9473,42.0448
933,0,0,0,14.9406,2.93996
936,0,0,0,14.94,0
1336,0,0,1,15.1893,1263.92,0.0595,259.521,0.34,2
1792,0,0,1,15.1833,1232.8
1334,0,0,1,15.1738,1186.27
1335,0,0,1,15.1632,1136.04
1341,0,0,1,15.1553,1092.01
1315,0,0,1,15.1377,995.332
1314,0,0,1,15.122,911.668
1309,0,0,1,15.1214,908.797
1308,0,0,1,15.1016,808.959
1307,0,0,1,15.0884,740.869
999,0,0,2,15.4393,2503.53,0.0515,224.627,0.17,3
1002,0,0,2,15.4324,2466.7
1031,0,0,2,15.4182,2395.75
2031,0,0,2,15.4108,2358.75
2032,0,0,2,15.4104,2356.93
1053,0,0,2,15.4027,2318.47
1784,0,0,2,15.3995,2301.77
1066,0,0,2,15.3904,2254.95
1070,0,0,2,15.3798,2198.39
1849,0,0,2,15.3691,2144.14
1108,0,0,2,15.3578,2086.26
1107,0,0,2,15.3443,2016.15
2040,0,0,2,15.3336,1959.09
1783,0,0,2,15.3175,1875.04
1153,0,0,2,15.3103,1838.82
1154,0,0,2,15.2998,1782.55
1324,0,0,2,15.2947,1756.63
1325,0,0,2,15.2837,1702.32
2073,0,0,2,15.276,1664.53
1336,0,0,2,15.2488,1523.44
436,0,0,3,15.6003,3296.28,0.077,335.851,0.12,4
425,0,0,3,15.5938,3261.57
426,0,0,3,15.5892,3238.26
424,0,0,3,15.5873,3225.38
613,0,0,3,15.5826,3198.86
611,0,0,3,15.5776,3166.62
619,0,0,3,15.5597,3074.45
618,0,0,3,15.5573,3062.61
615,0,0,3,15.5558,3050.83
617,0,0,3,15.5523,3033.28
616,0,0,3,15.5447,2995.31
676,0,0,3,15.5385,2964.25
674,0,0,3,15.5274,2910.2
675,0,0,3,15.5209,2877.13
962,0,0,3,15.5084,2819.34
961,0,0,3,15.5036,2793.06
999,0,0,3,15.4908,2728.16
884,0,0,4,15.8167,4334.48,0.0453333,197.73,0.06,5
1987,0,0,4,15.7813,4153.1
428,0,0,4,15.7763,4127.73
429,0,0,4,15.7543,4017.4
1988,0,0,4,15.73,3891.37
430,0,0,4,15.7264,3873.19
1989,0,0,4,15.7175,3832.45
432,0,0,4,15.7125,3807.66
435,0,0,4,15.7072,3781.07
431,0,0,4,15.7004,3747.02
439,0,0,4,15.6862,3675.59
436,0,0,4,15.6773,3632.13
936,0,0,5,15.9866,5183.24,0,0,0
1737,0,0,5,15.9755,5121.97
917,0,0,5,15.962,5052.45
916,0,0,5,15.9619,5051.54
906,0,0,5,15.9386,4929.48
889,0,0,5,15.9261,4866.09
888,0,0,5,15.9061,4759.15
887,0,0,5,15.8894,4669.42
2012,0,0,5,15.8668,4556.38
884,0,0,5,15.8621,4532.22
1307,1,0,0,14.3755,554.042,0.0546667,238.44,0.3,1
1303,1,0,0,14.3645,496.053
2021,1,0,0,14.3262,306.727
1791,1,0,0,14.3183,267.142
939,1,0,0,14.3015,182.874
940,1,0,0,14.2968,151.022
934,1,0,0,14.2773,42.0448
933,1,0,0,14.2706,2.93996
936,1,0,0,14.27,0
1336,1,0,1,14.5411,1357.19,0.0633333,276.241,0.28,2
1792,1,0,1,14.5328,1316.37
1334,1,0,1,14.523,1268.49
1335,1,0,1,14.5124,1218.26
1341,1,0,1,14.5038,1171.29
1315,1,0,1,14.4864,1075.52
1314,1,0,1,14.4663,973.405
1309,1,0,1,14.4657,970.535
1308,1,0,1,14.4494,885.27
1307,1,0,1,14.4302,792.482
999,1,0,2,14.8002,2633.05,0.0648333,282.783,0.16,3
1002,1,0,2,14.7961,2604.98
1031,1,0,2,14.7832,2539.71
2031,1,0,2,14.7759,2502.72
2032,1,0,2,14.7755,2500.89
1053,1,0,2,14.7679,2463
1784,1,0,2,14.7645,2445.25
1069,1,0,2,14.7434,2339.45
1848,1,0,2,14.7376,2305.2
1109,1,0,2,14.7288,2257.6
1113,1,0,2,14.7217,2222.36
2036,1,0,2,14.7142,2185.46
1112,1,0,2,14.7106,2166.62
2041,1,0,2,14.6968,2098.35
2042,1,0,2,14.6834,2030.26
1564,1,0,2,14.6721,1974.64
2107,1,0,2,14.662,1924.73
1145,1,0,2,14.6552,1892.06
2053,1,0,2,14.6422,1825.07
2073,1,0,2,14.6346,1786.93
1336,1,0,2,14.6044,1633.44
436,1,0,3,14.9844,3523.09,0.038,165.745,0.13,4
425,1,0,3,14.9779,3488.71
426,1,0,3,14.9729,3463.16
424,1,0,3,14.9708,3450.15
613,1,0,3,14.9632,3411.22
611,1,0,3,14.9574,3377.78
619,1,0,3,14.9395,3285.62
618,1,0,3,14.9371,3273.85
615,1,0,3,14.9356,3262.06
617,1,0,3,14.9321,3244.51
616,1,0,3,14.9255,3210.58
676,1,0,3,14.9193,3179.52
674,1,0,3,14.9044,3109.87
675,1,0,3,14.8978,3076.79
962,1,0,3,14.8892,3034.7
961,1,0,3,14.8819,2997.65
999,1,0,3,14.865,2915.84
884,1,0,4,15.1618,4391.19,0.0453333,197.73,0.06,5
1987,1,0,4,15.1264,4209.8
428,1,0,4,15.1214,4184.43
429,1,0,4,15.0994,4074.1
1988,1,0,4,15.075,3948.08
430,1,0,4,15.0715,3929.9
1989,1,0,4,15.0626,3889.15
432,1,0,4,15.0576,3864.36
435,1,0,4,15.0523,3837.77
431,1,0,4,15.0454,3803.72
439,1,0,4,15.0313,3732.3
436,1,0,4,15.0224,3688.83
936,1,0,5,15.3317,5239.94,0,0,0
1737,1,0,5,15.3206,5178.68
917,1,0,5,15.3071,5109.15
916,1,0,5,15.3069,5108.24
906,1,0,5,15.2836,4986.19
889,1,0,5,15.2711,4922.79
888,1,0,5,15.2512,4815.85
887,1,0,5,15.2344,4726.13
2012,1,0,5,15.2119,4613.09
884,1,0,5,15.2071,4588.92
1307,2,0,0,13.8117,580.427,0.0495,215.904,0.34,1
1303,2,0,0,13.7969,506.554
2021,2,0,0,13.7652,344.641
1791,2,0,0,13.7559,299.315
939,2,0,0,13.7427,230.444
940,2,0,0,13.738,198.593
934,2,0,0,13.7109,56.8666
933,2,0,0,13.7006,2.93996
936,2,0,0,13.7,0
1336,2,0,1,13.962,1319.25,0.0515,224.627,0.24,2
1792,2,0,1,13.9558,1286.83
1334,2,0,1,13.9478,1246.39
1335,2,0,1,13.9371,1196.16
1341,2,0,1,13.9296,1153.46
1315,2,0,1,13.9094,1045.7
1314,2,0,1,13.8925,956.845
1309,2,0,1,13.8919,953.975
1308,2,0,1,13.8778,878.201
1307,2,0,1,13.8612,796.332
999,2,0,2,14.2093,2543.49,0.0648333,282.783,0.16,3
1002,2,0,2,14.2052,2515.42
1031,2,0,2,14.1923,2450.15
2031,2,0,2,14.185,2413.15
2032,2,0,2,14.1846,2411.33
1053,2,0,2,14.177,2373.44
1784,2,0,2,14.1736,2355.69
1069,2,0,2,14.1526,2249.89
1848,2,0,2,14.1467,2215.63
1109,2,0,2,14.1379,2168.04
1113,2,0,2,14.1308,2132.79
2036,2,0,2,14.1233,2095.89
1112,2,0,2,14.1197,2077.06
2041,2,0,2,14.1059,2008.79
2042,2,0,2,14.0926,1940.7
1564,2,0,2,14.0812,1885.08
2107,2,0,2,14.0711,1835.17
1145,2,0,2,14.0643,1802.49
2053,2,0,2,14.0513,1735.5
2073,2,0,2,14.0437,1697.36
1336,2,0,2,14.0135,1543.87
436,2,0,3,14.3935,3433.53,0.038,165.745,0.13,4
425,2,0,3,14.387,3399.14
426,2,0,3,14.382,3373.6
424,2,0,3,14.3799,3360.59
613,2,0,3,14.3723,3321.66
611,2,0,3,14.3665,3288.22
619,2,0,3,14.3486,3196.05
618,2,0,3,14.3462,3184.29
615,2,0,3,14.3447,3172.5
617,2,0,3,14.3412,3154.95
616,2,0,3,14.3346,3121.02
676,2,0,3,14.3284,3089.96
674,2,0,3,14.3135,3020.31
675,2,0,3,14.3069,2987.23
962,2,0,3,14.2983,2945.14
961,2,0,3,14.291,2908.09
999,2,0,3,14.2742,2826.27
884,2,0,4,14.5857,4363.53,0.0611667,266.791,0.05,5
1987,2,0,4,14.5427,4150.53
428,2,0,4,14.5377,4125.17
429,2,0,4,14.5109,3995.16
1988,2,0,4,14.4824,3851.54
430,2,0,4,14.479,3834.28
1989,2,0,4,14.474,3809.19
432,2,0,4,14.4678,3779.12
435,2,0,4,14.4624,3752.53
431,2,0,4,14.4556,3718.73
439,2,0,4,14.4392,3637.64
436,2,0,4,14.4315,3599.27
936,2,0,5,14.7848,5337.56,0,0,0
1737,2,0,5,14.7726,5271.42
917,2,0,5,14.758,5197.25
916,2,0,5,14.7578,5196.34
906,2,0,5,14.7284,5048.42
889,2,0,5,14.7178,4993.18
888,2,0,5,14.6903,4854.56
887,2,0,5,14.6759,4774.73
2012,2,0,5,14.6513,4653.34
884,2,0,5,14.6469,4630.32
884,3,0,0,14.4083,938.52,0.0611667,266.791,0.05,1
883,3,0,0,14.3759,777.951
882,3,0,0,14.3627,708.309
2155,3,0,0,14.3592,690.597
901,3,0,0,14.3278,524.626
902,3,0,0,14.3149,454.953
904,3,0,0,14.3018,384.906
925,3,0,0,14.2803,265.332
2019,3,0,0,14.2751,239.037
929,3,0,0,14.2747,237.053
930,3,0,0,14.2544,130.978
931,3,0,0,14.2492,102.033
932,3,0,0,14.235,25.8242
933,3,0,0,14.2306,2.93996
936,3,0,0,14.23,0
436,3,0,1,14.588,1816.23,0.038,165.745,0.13,2
425,3,0,1,14.5815,1781.85
420,3,0,1,14.567,1709.7
421,3,0,1,14.563,1682.88
417,3,0,1,14.5589,1660.21
1989,3,0,1,14.541,1568.29
2011,3,0,1,14.5208,1464.73
2156,3,0,1,14.5151,1435.43
2013,3,0,1,14.5144,1432.28
886,3,0,1,14.5041,1380.66
885,3,0,1,14.4797,1255.93
2012,3,0,1,14.474,1228.33
884,3,0,1,14.4695,1205.31
999,3,0,2,14.7231,2469.37,0.0648333,282.783,0.16,3
961,3,0,2,14.7049,2381.87
962,3,0,2,14.6972,2343.18
675,3,0,2,14.6874,2296.4
674,3,0,2,14.6825,2270.37
676,3,0,2,14.6785,2243.04
616,3,0,2,14.6719,2210.39
606,3,0,2,14.6518,2111.68
610,3,0,2,14.6401,2054.36
436,3,0,2,14.626,1981.97
1336,3,0,3,14.978,3741.42,0.0633333,276.241,0.28,4
1792,3,0,3,14.9697,3700.6
1334,3,0,3,14.9599,3652.71
1325,3,0,3,14.9353,3525.25
1156,3,0,3,14.9278,3488.14
1155,3,0,3,14.9162,3427.72
2052,3,0,3,14.9112,3401.84
1782,3,0,3,14.9048,3369.23
2043,3,0,3,14.8962,3310.49
1111,3,0,3,14.8861,3256.31
1110,3,0,3,14.8802,3226.45
1113,3,0,3,14.866,3153.17
1847,3,0,3,14.8573,3105.9
1068,3,0,3,14.8467,3051.77
1785,3,0,3,14.8418,3026.31
1053,3,0,3,14.825,2938.88
2032,3,0,3,14.8156,2893.36
2031,3,0,3,14.8152,2891.54
1031,3,0,3,14.8071,2851.24
1002,3,0,3,14.7942,2785.93
999,3,0,3,14.788,2752.15
1307,3,0,4,15.1532,4587.33,0.0428333,186.826,0.28,5
1308,3,0,4,15.139,4515.06
1309,3,0,4,15.1195,4416.83
1314,3,0,4,15.119,4413.96
1315,3,0,4,15.0986,4310.56
1341,3,0,4,15.0791,4205.84
1342,3,0,4,15.0705,4163.11
1334,3,0,4,15.0595,4106.38
1792,3,0,4,15.0471,4047.85
1336,3,0,4,15.0413,4017.66
936,3,0,5,15.3051,5346.52,0,0,0
933,3,0,5,15.3045,5343.58
934,3,0,5,15.299,5305.93
935,3,0,5,15.2985,5303.32
2020,3,0,5,15.2874,5246.35
943,3,0,5,15.2866,5242.41
942,3,0,5,15.2787,5201.34
941,3,0,5,15.2672,5143.19
1790,3,0,5,15.2543,5076.02
2022,3,0,5,15.2438,5025.13
2021,3,0,5,15.2336,4971.44
1303,3,0,5,15.2118,4851.73
1307,3,0,5,15.196,4774.15
1336,4,0,0,12.8479,764.587,0.0533333,232.624,0.21,1
1792,4,0,0,12.8404,727.242
1334,4,0,0,12.8331,689.424
1335,4,0,0,12.8224,639.192
1333,4,0,0,12.8,524.133
2163,4,0,0,12.7733,383.309
2023,4,0,0,12.7473,241.926
1787,4,0,0,12.7397,202.721
1788,4,0,0,12.7389,199.018
943,4,0,0,12.7195,103.973
934,4,0,0,12.7093,49.9245
933,4,0,0,12.7006,2.93996
936,4,0,0,12.7,0
1307,4,0,1,13.0096,1551.85,0.0495,215.904,0.34,2
1308,4,0,1,12.998,1490.8
1309,4,0,1,12.9805,1400.7
1314,4,0,1,12.98,1397.83
1315,4,0,1,12.967,1325.89
1341,4,0,1,12.9426,1200.6
1342,4,0,1,12.934,1157.87
1334,4,0,1,12.9218,1095.73
1792,4,0,1,12.9093,1037.19
1336,4,0,1,12.9012,997.211
884,4,0,2,13.2694,2884.57,0.0738333,322.039,0.04,3
883,4,0,2,13.2421,2745.5
882,4,0,2,13.2306,2683.23
2155,4,0,2,13.2273,2666.51
901,4,0,2,13.2004,2519.33
902,4,0,2,13.1874,2449.78
904,4,0,2,13.1742,2378.8
925,4,0,2,13.1507,2250.91
2019,4,0,2,13.1453,2223.64
929,4,0,2,13.1449,2221.66
938,4,0,2,13.1329,2155.81
950,4,0,2,13.1194,2085.25
951,4,0,2,13.1124,2049.53
949,4,0,2,13.1014,1993.05
1302,4,0,2,13.0824,1886.33
1307,4,0,2,13.0591,1767.76
436,4,0,3,13.4589,3805.83,0.0588333,256.613,0.14,4
425,4,0,3,13.4514,3767.02
420,4,0,3,13.4357,3689.85
421,4,0,3,13.4317,3663.07
417,4,0,3,13.4272,3638.59
1989,4,0,3,13.4106,3552.18
2011,4,0,3,13.3929,3458.99
2156,4,0,3,13.3876,3431.66
2013,4,0,3,13.3869,3428.51
886,4,0,3,13.375,3370.33
885,4,0,3,13.3531,3256.21
2012,4,0,3,13.3474,3228.61
884,4,0,3,13.3432,3206.6
999,4,0,4,13.6108,4528.39,0.056,244.255,0.15,5
961,4,0,4,13.5951,4451.32
962,4,0,4,13.5874,4412.62
675,4,0,4,13.5763,4360.51
674,4,0,4,13.5701,4329.15
669,4,0,4,13.5536,4245.23
673,4,0,4,13.5441,4196.46
438,4,0,4,13.5385,4168.77
437,4,0,4,13.5288,4119.57
439,4,0,4,13.5249,4098.71
436,4,0,4,13.5178,4062.44
936,4,0,5,13.7888,5401.61,0,0,0
1737,4,0,5,13.7773,5338.38
917,4,0,5,13.7605,5255.15
916,4,0,5,13.7603,5254.24
919,4,0,5,13.7546,5215.15
2017,4,0,5,13.7545,5214.98
2014,4,0,5,13.7535,5209.96
2015,4,0,5,13.7454,5169.25
910,4,0,5,13.7453,5168.76
909,4,0,5,13.737,5126.62
1051,4,0,5,13.7271,5076.46
1025,4,0,5,13.7149,5015.16
1029,4,0,5,13.701,4945.8
1026,4,0,5,13.6904,4893.76
998,4,0,5,13.6859,4870.63
999,4,0,5,13.6668,4772.65
884,5,0,0,13.3634,917.424,0.0738333,322.039,0.04,1
883,5,0,0,13.3361,778.363
882,5,0,0,13.3246,716.093
2155,5,0,0,13.3214,699.368
901,5,0,0,13.2944,552.187
902,5,0,0,13.2815,482.635
904,5,0,0,13.2682,411.663
925,5,0,0,13.2448,283.766
2019,5,0,0,13.2394,256.499
929,5,0,0,13.239,254.516
930,5,0,0,13.222,162.739
931,5,0,0,13.21,105.498
932,5,0,0,13.1961,30.6376
933,5,0,0,13.1906,2.93996
936,5,0,0,13.19,0
436,5,0,1,13.553,1838.69,0.0588333,256.613,0.14,2
425,5,0,1,13.5454,1799.87
420,5,0,1,13.5297,1722.71
421,5,0,1,13.5257,1695.93
417,5,0,1,13.5212,1671.45
1989,5,0,1,13.5047,1585.04
2011,5,0,1,13.4869,1491.85
2156,5,0,1,13.4817,1464.52
2013,5,0,1,13.481,1461.37
886,5,0,1,13.4691,1403.19
885,5,0,1,13.4472,1289.07
2012,5,0,1,13.4415,1261.47
884,5,0,1,13.4373,1239.46
999,5,0,2,13.7048,2561.25,0.056,244.255,0.15,3
961,5,0,2,13.6892,2484.18
962,5,0,2,13.6814,2445.48
675,5,0,2,13.6703,2393.37
674,5,0,2,13.6642,2362
669,5,0,2,13.6477,2278.09
673,5,0,2,13.6381,2229.32
438,5,0,2,13.6326,2201.63
437,5,0,2,13.6229,2152.43
439,5,0,2,13.619,2131.57
436,5,0,2,13.6118,2095.3
1336,5,0,3,13.9733,3875.04,0.0515,224.627,0.24,4
1792,5,0,3,13.967,3842.63
1334,5,0,3,13.959,3802.19
1325,5,0,3,13.9318,3663.75
1156,5,0,3,13.9227,3620.04
1155,5,0,3,13.9097,3553.72
2052,5,0,3,13.9044,3526.72
1782,5,0,3,13.8978,3492.98
2043,5,0,3,13.8848,3422.45
1111,5,0,3,13.8699,3348.01
1109,5,0,3,13.8525,3261.56
1848,5,0,3,13.8324,3167.05
1069,5,0,3,13.8245,3124.51
1784,5,0,3,13.8073,3035.04
1053,5,0,3,13.8034,3015.22
2032,5,0,3,13.793,2965.69
2031,5,0,3,13.7926,2963.86
1031,5,0,3,13.7827,2916.46
1002,5,0,3,13.7685,2845.73
999,5,0,3,13.7608,2805.51
1307,5,0,4,14.1536,4738.18,0.0546667,238.44,0.3,5
1308,5,0,4,14.1424,4678.61
1309,5,0,4,14.1241,4585.25
1314,5,0,4,14.1235,4582.38
1315,5,0,4,14.0854,4406.68
1341,5,0,4,14.0653,4299.2
1342,5,0,4,14.0567,4256.47
1334,5,0,4,14.0459,4200.59
1792,5,0,4,14.0335,4142.05
1336,5,0,4,14.0248,4099.67
936,5,0,5,14.3293,5599.34,0,0,0
933,5,0,5,14.3287,5596.4
934,5,0,5,14.3231,5558.75
935,5,0,5,14.3226,5556.14
2020,5,0,5,14.3116,5499.17
943,5,0,5,14.3107,5495.23
942,5,0,5,14.3033,5456.1
941,5,0,5,14.2914,5396.54
1790,5,0,5,14.275,5314.41
2022,5,0,5,14.2645,5263.51
2021,5,0,5,14.25,5192.08
1303,5,0,5,14.2173,5025.93
1307,5,0,5,14.2083,4976.62
999,6,0,0,14.7934,633.053,0.0648333,282.783,0.16,1
1002,6,0,0,14.7893,604.982
1024,6,0,0,14.7683,498.436
1029,6,0,0,14.7623,469.049
1027,6,0,0,14.7494,405.671
1051,6,0,0,14.737,342.327
1052,6,0,0,14.7294,303.497
1804,6,0,0,14.7289,301.389
2015,6,0,0,14.7177,245.173
2014,6,0,0,14.7099,205.533
2017,6,0,0,14.7087,199.838
2170,6,0,0,14.7059,185.645
1738,6,0,0,14.6893,101.655
1737,6,0,0,14.6833,71.1284
936,6,0,0,14.67,0
436,6,0,1,14.9776,1523.09,0.038,165.745,0.13,2
425,6,0,1,14.9711,1488.71
426,6,0,1,14.9661,1463.17
424,6,0,1,14.964,1450.15
613,6,0,1,14.9564,1411.22
611,6,0,1,14.9506,1377.78
619,6,0,1,14.9327,1285.62
618,6,0,1,14.9304,1273.85
615,6,0,1,14.9288,1262.06
617,6,0,1,14.9253,1244.52
616,6,0,1,14.9187,1210.59
676,6,0,1,14.9125,1179.52
674,6,0,1,14.8976,1109.87
675,6,0,1,14.8911,1076.79
962,6,0,1,14.8824,1034.7
961,6,0,1,14.8751,997.651
999,6,0,1,14.8583,915.837
884,6,0,2,15.155,2391.19,0.0453333,197.73,0.06,3
1987,6,0,2,15.1196,2209.8
428,6,0,2,15.1146,2184.44
429,6,0,2,15.0926,2074.11
1988,6,0,2,15.0683,1948.08
430,6,0,2,15.0647,1929.9
1989,6,0,2,15.0558,1889.15
432,6,0,2,15.0508,1864.37
435,6,0,2,15.0455,1837.77
431,6,0,2,15.0387,1803.72
439,6,0,2,15.0245,1732.3
436,6,0,2,15.0156,1688.84
1307,6,0,3,15.3828,3531.06,0.0428333,186.826,0.28,4
1302,6,0,3,15.3664,3441.89
949,6,0,3,15.3441,3321.04
2025,6,0,3,15.3406,3303.58
1598,6,0,3,15.3358,3278.21
948,6,0,3,15.3309,3251.48
928,6,0,3,15.3209,3195.77
923,6,0,3,15.2788,2990.86
924,6,0,3,15.2705,2951.54
914,6,0,3,15.2509,2847.9
902,6,0,3,15.2442,2810.86
887,6,0,3,15.2277,2726.13
2012,6,0,3,15.2051,2613.09
884,6,0,3,15.2004,2588.92
936,6,0,4,15.5347,4290.25,0,0,0
933,6,0,4,15.5341,4287.31
934,6,0,4,15.5286,4249.67
935,6,0,4,15.5281,4247.06
2020,6,0,4,15.517,4190.08
943,6,0,4,15.5162,4186.15
942,6,0,4,15.5083,4145.08
941,6,0,4,15.4968,4086.93
1790,6,0,4,15.4839,4019.76
2022,6,0,4,15.4734,3968.87
2021,6,0,4,15.4632,3915.18
1303,6,0,4,15.4414,3795.47
1307,6,0,4,15.4256,3717.89
1336,6,1,0,13.3745,750.638,0.0515,224.627,0.24,1
1792,6,1,0,13.3682,718.22
1334,6,1,0,13.3602,677.786
1335,6,1,0,13.3496,627.554
1333,6,1,0,13.3325,535.212
2163,6,1,0,13.3042,387.56
2023,6,1,0,13.2745,230.349
1787,6,1,0,13.2664,189.064
1788,6,1,0,13.2656,185.36
943,6,1,0,13.2497,104.713
934,6,1,0,13.2409,56.8666
933,6,1,0,13.2306,2.93996
936,6,1,0,13.23,0
936,6,1,1,13.583,1782.92,0,0,0
933,6,1,1,13.5824,1779.98
934,6,1,1,13.5769,1742.34
935,6,1,1,13.5764,1739.73
2020,6,1,1,13.5653,1682.75
1787,6,1,1,13.5454,1584.44
2023,6,1,1,13.536,1537.62
2163,6,1,1,13.507,1383.21
1333,6,1,1,13.4765,1226.46
1335,6,1,1,13.4507,1097.21
1334,6,1,1,13.4448,1066.52
1792,6,1,1,13.4324,1007.99
1336,6,1,1,13.426,975.265
1336,7,0,0,13.9845,750.638,0.0515,224.627,0.24,1
1792,7,0,0,13.9782,718.22
1334,7,0,0,13.9702,677.786
1335,7,0,0,13.9596,627.554
1333,7,0,0,13.9425,535.212
2163,7,0,0,13.9142,387.56
2023,7,0,0,13.8845,230.349
1787,7,0,0,13.8764,189.064
1788,7,0,0,13.8756,185.36
943,7,0,0,13.8597,104.713
934,7,0,0,13.8509,56.8666
933,7,0,0,13.8406,2.93996
936,7,0,0,13.84,0
999,7,0,1,14.2318,1974.88,0.0648333,282.783,0.16,2
1002,7,0,1,14.2277,1946.81
1031,7,0,1,14.2148,1881.54
2031,7,0,1,14.2074,1844.55
2032,7,0,1,14.207,1842.72
1053,7,0,1,14.1994,1804.83
1784,7,0,1,14.196,1787.08
1069,7,0,1,14.175,1681.28
1848,7,0,1,14.1692,1647.03
1109,7,0,1,14.1604,1599.43
1113,7,0,1,14.1533,1564.19
2036,7,0,1,14.1458,1527.29
1112,7,0,1,14.1421,1508.45
2041,7,0,1,14.1284,1440.18
2042,7,0,1,14.115,1372.09
1564,7,0,1,14.1037,1316.47
2107,7,0,1,14.0935,1266.56
1145,7,0,1,14.0868,1233.89
2053,7,0,1,14.0737,1166.9
2073,7,0,1,14.0662,1128.76
1336,7,0,1,14.036,975.265
436,7,0,2,14.416,2864.92,0.038,165.745,0.13,3
425,7,0,2,14.4095,2830.54
426,7,0,2,14.4044,2804.99
424,7,0,2,14.4024,2791.98
613,7,0,2,14.3948,2753.05
611,7,0,2,14.3889,2719.61
619,7,0,2,14.371,2627.45
618,7,0,2,14.3687,2615.68
615,7,0,2,14.3672,2603.89
617,7,0,2,14.3637,2586.34
616,7,0,2,14.3571,2552.41
676,7,0,2,14.3509,2521.35
674,7,0,2,14.336,2451.7
675,7,0,2,14.3294,2418.62
962,7,0,2,14.3208,2376.53
961,7,0,2,14.3134,2339.48
999,7,0,2,14.2966,2257.67
884,7,0,3,14.6081,3794.92,0.0611667,266.791,0.05,4
1987,7,0,3,14.5652,3581.93
428,7,0,3,14.5601,3556.56
429,7,0,3,14.5334,3426.55
1988,7,0,3,14.5048,3282.93
430,7,0,3,14.5015,3265.67
1989,7,0,3,14.4964,3240.59
432,7,0,3,14.4902,3210.51
435,7,0,3,14.4849,3183.92
431,7,0,3,14.4781,3150.12
439,7,0,3,14.4616,3069.03
436,7,0,3,14.454,3030.67
936,7,0,4,14.8072,4768.95,0,0,0
1737,7,0,4,14.795,4702.81
917,7,0,4,14.7804,4628.64
916,7,0,4,14.7803,4627.73
906,7,0,4,14.7508,4479.81
889,7,0,4,14.7402,4424.57
888,7,0,4,14.7128,4285.96
887,7,0,4,14.6984,4206.12
2012,7,0,4,14.6738,4084.73
884,7,0,4,14.6693,4061.71
1307,7,1,0,15.0055,554.042,0.0428333,186.826,0.28,1
1303,7,1,0,14.9945,496.053
2021,7,1,0,14.9562,306.727
1791,7,1,0,14.9483,267.142
939,7,1,0,14.9315,182.874
940,7,1,0,14.9268,151.022
934,7,1,0,14.9073,42.0448
933,7,1,0,14.9006,2.93996
936,7,1,0,14.9,0
936,7,1,1,15.1575,1313.23,0,0,0
933,7,1,1,15.1569,1310.29
934,7,1,1,15.1514,1272.64
935,7,1,1,15.1508,1270.04
2020,7,1,1,15.1398,1213.06
943,7,1,1,15.1389,1209.13
942,7,1,1,15.1311,1168.06
941,7,1,1,15.1195,1109.91
1790,7,1,1,15.1067,1042.74
2022,7,1,1,15.0962,991.844
2021,7,1,1,15.0859,938.155
1303,7,1,1,15.0641,818.443
1307,7,1,1,15.0484,740.869
999,8,0,0,14.7934,633.053,0.0648333,282.783,0.16,1
1002,8,0,0,14.7893,604.982
1024,8,0,0,14.7683,498.436
1029,8,0,0,14.7623,469.049
1027,8,0,0,14.7494,405.671
1051,8,0,0,14.737,342.327
1052,8,0,0,14.7294,303.497
1804,8,0,0,14.7289,301.389
2015,8,0,0,14.7177,245.173
2014,8,0,0,14.7099,205.533
2017,8,0,0,14.7087,199.838
2170,8,0,0,14.7059,185.645
1738,8,0,0,14.6893,101.655
1737,8,0,0,14.6833,71.1284
936,8,0,0,14.67,0
436,8,0,1,14.9776,1523.09,0.038,165.745,0.13,2
425,8,0,1,14.9711,1488.71
426,8,0,1,14.9661,1463.17
424,8,0,1,14.964,1450.15
613,8,0,1,14.9564,1411.22
611,8,0,1,14.9506,1377.78
619,8,0,1,14.9327,1285.62
618,8,0,1,14.9304,1273.85
615,8,0,1,14.9288,1262.06
617,8,0,1,14.9253,1244.52
616,8,0,1,14.9187,1210.59
676,8,0,1,14.9125,1179.52
674,8,0,1,14.8976,1109.87
675,8,0,1,14.8911,1076.79
962,8,0,1,14.8824,1034.7
961,8,0,1,14.8751,997.651
999,8,0,1,14.8583,915.837
884,8,0,2,15.155,2391.19,0.0453333,197.73,0.06,3
1987,8,0,2,15.1196,2209.8
428,8,0,2,15.1146,2184.44
429,8,0,2,15.0926,2074.11
1988,8,0,2,15.0683,1948.08
430,8,0,2,15.0647,1929.9
1989,8,0,2,15.0558,1889.15
432,8,0,2,15.0508,1864.37
435,8,0,2,15.0455,1837.77
431,8,0,2,15.0387,1803.72
439,8,0,2,15.0245,1732.3
436,8,0,2,15.0156,1688.84
1307,8,0,3,15.3828,3531.06,0.0428333,186.826,0.28,4
1302,8,0,3,15.3664,3441.89
949,8,0,3,15.3441,3321.04
2025,8,0,3,15.3406,3303.58
1598,8,0,3,15.3358,3278.21
948,8,0,3,15.3309,3251.48
928,8,0,3,15.3209,3195.77
923,8,0,3,15.2788,2990.86
924,8,0,3,15.2705,2951.54
914,8,0,3,15.2509,2847.9
902,8,0,3,15.2442,2810.86
887,8,0,3,15.2277,2726.13
2012,8,0,3,15.2051,2613.09
884,8,0,3,15.2004,2588.92
936,8,0,4,15.5347,4290.25,0,0,0
933,8,0,4,15.5341,4287.31
934,8,0,4,15.5286,4249.67
935,8,0,4,15.5281,4247.06
2020,8,0,4,15.517,4190.08
943,8,0,4,15.5162,4186.15
942,8,0,4,15.5083,4145.08
941,8,0,4,15.4968,4086.93
1790,8,0,4,15.4839,4019.76
2022,8,0,4,15.4734,3968.87
2021,8,0,4,15.4632,3915.18
1303,8,0,4,15.4414,3795.47
1307,8,0,4,15.4256,3717.89
1336,8,1,0,12.9779,764.587,0.0533333,232.624,0.21,1
1792,8,1,0,12.9704,727.242
1334,8,1,0,12.9631,689.424
1335,8,1,0,12.9524,639.192
1333,8,1,0,12.93,524.133
2163,8,1,0,12.9033,383.309
2023,8,1,0,12.8773,241.926
1787,8,1,0,12.8697,202.721
1788,8,1,0,12.8689,199.018
943,8,1,0,12.8495,103.973
934,8,1,0,12.8393,49.9245
933,8,1,0,12.8306,2.93996
936,8,1,0,12.83,0
936,8,1,1,13.1883,1804.87,0,0,0
933,8,1,1,13.1877,1801.93
934,8,1,1,13.1821,1764.28
935,8,1,1,13.1816,1761.67
2020,8,1,1,13.1706,1704.7
1787,8,1,1,13.1507,1606.38
2023,8,1,1,13.1412,1559.56
2163,8,1,1,13.1122,1405.16
1333,8,1,1,13.0818,1248.41
1335,8,1,1,13.0559,1119.15
1334,8,1,1,13.05,1088.47
1792,8,1,1,13.0376,1029.93
1336,8,1,1,13.0312,997.211
1336,9,0,0,12.7779,764.587,0.0533333,232.624,0.21,1
1792,9,0,0,12.7704,727.242
1334,9,0,0,12.7631,689.424
1335,9,0,0,12.7524,639.192
1333,9,0,0,12.73,524.133
2163,9,0,0,12.7033,383.309
2023,9,0,0,12.6773,241.926
1787,9,0,0,12.6697,202.721
1788,9,0,0,12.6689,199.018
943,9,0,0,12.6495,103.973
934,9,0,0,12.6393,49.9245
933,9,0,0,12.6306,2.93996
936,9,0,0,12.63,0
999,9,0,1,13.032,2014.06,0.056,244.255,0.15,2
1002,9,0,1,13.0257,1980.01
1031,9,0,1,13.0112,1908.3
2031,9,0,1,13.0039,1871.31
2032,9,0,1,13.0035,1869.48
1053,9,0,1,12.9955,1829.69
1784,9,0,1,12.9922,1812.62
1069,9,0,1,12.9721,1710.61
1848,9,0,1,12.9663,1676.41
1847,9,0,1,12.9628,1656.77
1086,9,0,1,12.9591,1636.54
2036,9,0,1,12.9445,1563.64
1112,9,0,1,12.9409,1544.8
2041,9,0,1,12.9288,1483.73
2042,9,0,1,12.9094,1390.66
1564,9,0,1,12.899,1338.8
2107,9,0,1,12.8909,1297.3
1145,9,0,1,12.8843,1265.29
2053,9,0,1,12.8688,1187.98
2073,9,0,1,12.8605,1146.92
1336,9,0,1,12.8312,997.211
436,9,0,2,13.1991,2856.62,0.0588333,256.613,0.14,3
425,9,0,2,13.1916,2817.81
426,9,0,2,13.1853,2787.07
424,9,0,2,13.183,2773.64
613,9,0,2,13.175,2733.27
611,9,0,2,13.1681,2695.38
609,9,0,2,13.1662,2677.54
628,9,0,2,13.1563,2603.53
615,9,0,2,13.1515,2575.55
617,9,0,2,13.148,2558
616,9,0,2,13.1403,2519.79
676,9,0,2,13.1342,2488.72
674,9,0,2,13.1237,2437.23
675,9,0,2,13.1171,2404.16
962,9,0,2,13.1067,2354.79
961,9,0,2,13.1013,2325.66
999,9,0,2,13.088,2258.32
884,9,0,3,13.4067,3854.6,0.0738333,322.039,0.04,4
1987,9,0,3,13.3688,3662.59
428,9,0,3,13.3638,3637.22
429,9,0,3,13.3387,3514.15
1988,9,0,3,13.3123,3379.49
430,9,0,3,13.3087,3361.32
1989,9,0,3,13.3035,3335.59
432,9,0,3,13.2993,3313.57
435,9,0,3,13.2939,3286.98
431,9,0,3,13.2867,3251.25
439,9,0,3,13.2652,3149.5
436,9,0,3,13.258,3113.24
936,9,0,4,13.613,4861,0,0,0
1737,9,0,4,13.6015,4797.77
917,9,0,4,13.5847,4714.53
916,9,0,4,13.5845,4713.63
906,9,0,4,13.5586,4580.54
889,9,0,4,13.5465,4518.62
888,9,0,4,13.5259,4409.11
887,9,0,4,13.5085,4316.43
2012,9,0,4,13.4848,4198.65
884,9,0,4,13.4806,4176.64
1307,9,1,0,15.0455,554.042,0.0428333,186.826,0.28,1
1303,9,1,0,15.0345,496.053
2021,9,1,0,14.9962,306.727
1791,9,1,0,14.9883,267.142
939,9,1,0,14.9715,182.874
940,9,1,0,14.9668,151.022
934,9,1,0,14.9473,42.0448
933,9,1,0,14.9406,2.93996
936,9,1,0,14.94,0
936,9,1,1,15.1975,1313.23,0,0,0
933,9,1,1,15.1969,1310.29
934,9,1,1,15.1914,1272.64
935,9,1,1,15.1908,1270.04
2020,9,1,1,15.1798,1213.06
943,9,1,1,15.1789,1209.13
942,9,1,1,15.1711,1168.06
941,9,1,1,15.1595,1109.91
1790,9,1,1,15.1467,1042.74
2022,9,1,1,15.1362,991.844
2021,9,1,1,15.1259,938.155
1303,9,1,1,15.1041,818.443
1307,9,1,1,15.0884,740.869
1336,10,0,0,12.5779,764.587,0.0533333,232.624,0.21,1
1792,10,0,0,12.5704,727.242
1334,10,0,0,12.5631,689.424
1335,10,0,0,12.5524,639.192
1333,10,0,0,12.53,524.133
2163,10,0,0,12.5033,383.309
2023,10,0,0,12.4773,241.926
1787,10,0,0,12.4697,202.721
1788,10,0,0,12.4689,199.018
943,10,0,0,12.4495,103.973
934,10,0,0,12.4393,49.9245
933,10,0,0,12.4306,2.93996
936,10,0,0,12.43,0
999,10,0,1,12.832,2014.06,0.0941667,410.727,0.12,2
1002,10,0,1,12.8257,1980.01
1031,10,0,1,12.8112,1908.3
2031,10,0,1,12.8039,1871.31
2032,10,0,1,12.8035,1869.48
1053,10,0,1,12.7955,1829.69
1784,10,0,1,12.7922,1812.62
1069,10,0,1,12.7721,1710.61
1848,10,0,1,12.7663,1676.41
1847,10,0,1,12.7628,1656.77
1086,10,0,1,12.7591,1636.54
2036,10,0,1,12.7445,1563.64
1112,10,0,1,12.7409,1544.8
2041,10,0,1,12.7288,1483.73
2042,10,0,1,12.7094,1390.66
1564,10,0,1,12.699,1338.8
2107,10,0,1,12.6909,1297.3
1145,10,0,1,12.6843,1265.29
2053,10,0,1,12.6688,1187.98
2073,10,0,1,12.6605,1146.92
1336,10,0,1,12.6312,997.211
436,10,0,2,13.0318,3005.31,0.0588333,256.613,0.14,3
425,10,0,2,13.0247,2968.23
426,10,0,2,13.0198,2943.28
424,10,0,2,13.0174,2929.57
613,10,0,2,13.0144,2904.59
611,10,0,2,13.0089,2871.69
609,10,0,2,13.0069,2853.9
628,10,0,2,12.997,2779.89
615,10,0,2,12.9914,2749.24
617,10,0,2,12.9879,2731.69
616,10,0,2,12.9785,2686.21
676,10,0,2,12.9724,2655.15
674,10,0,2,12.9582,2588.46
675,10,0,2,12.9516,2555.38
962,10,0,2,12.9451,2522.25
961,10,0,2,12.9372,2482.83
999,10,0,2,12.9261,2424.79
884,10,0,3,13.2394,4003.28,0.0738333,322.039,0.04,4
1987,10,0,3,13.2015,3811.28
428,10,0,3,13.1965,3785.91
429,10,0,3,13.1714,3662.84
1988,10,0,3,13.145,3528.18
430,10,0,3,13.1414,3510.01
1989,10,0,3,13.1362,3484.27
432,10,0,3,13.132,3462.26
435,10,0,3,13.1266,3435.67
431,10,0,3,13.1194,3399.93
439,10,0,3,13.0979,3298.19
436,10,0,3,13.0907,3261.92
936,10,0,4,13.4457,5009.69,0,0,0
1737,10,0,4,13.4342,4946.46
917,10,0,4,13.4174,4863.22
916,10,0,4,13.4172,4862.31
906,10,0,4,13.3913,4729.22
889,10,0,4,13.3792,4667.3
888,10,0,4,13.3586,4557.79
887,10,0,4,13.3412,4465.11
2012,10,0,4,13.3175,4347.33
884,10,0,4,13.3133,4325.32
1307,10,1,0,15.0255,554.042,0.0428333,186.826,0.28,1
1303,10,1,0,15.0145,496.053
2021,10,1,0,14.9762,306.727
1791,10,1,0,14.9683,267.142
939,10,1,0,14.9515,182.874
940,10,1,0,14.9468,151.022
934,10,1,0,14.9273,42.0448
933,10,1,0,14.9206,2.93996
936,10,1,0,14.92,0
936,10,1,1,15.1775,1313.23,0,0,0
933,10,1,1,15.1769,1310.29
934,10,1,1,15.1714,1272.64
935,10,1,1,15.1708,1270.04
2020,10,1,1,15.1598,1213.06
943,10,1,1,15.1589,1209.13
942,10,1,1,15.1511,1168.06
941,10,1,1,15.1395,1109.91
1790,10,1,1,15.1267,1042.74
2022,10,1,1,15.1162,991.844
2021,10,1,1,15.1059,938.155
1303,10,1,1,15.0841,818.443
1307,10,1,1,15.0684,740.869
1336,11,0,0,12.4879,764.587,0.0533333,232.624,0.21,1
1792,11,0,0,12.4804,727.242
1334,11,0,0,12.4731,689.424
1335,11,0,0,12.4624,639.192
1333,11,0,0,12.44,524.133
2163,11,0,0,12.4133,383.309
2023,11,0,0,12.3873,241.926
1787,11,0,0,12.3797,202.721
1788,11,0,0,12.3789,199.018
943,11,0,0,12.3595,103.973
934,11,0,0,12.3493,49.9245
933,11,0,0,12.3406,2.93996
936,11,0,0,12.34,0
999,11,0,1,12.742,2014.06,0.0941667,410.727,0.12,2
1002,11,0,1,12.7357,1980.01
1031,11,0,1,12.7212,1908.3
2031,11,0,1,12.7139,1871.31
2032,11,0,1,12.7135,1869.48
1053,11,0,1,12.7055,1829.69
1784,11,0,1,12.7022,1812.62
1069,11,0,1,12.6821,1710.61
1848,11,0,1,12.6763,1676.41
1847,11,0,1,12.6728,1656.77
1086,11,0,1,12.6691,1636.54
2036,11,0,1,12.6545,1563.64
1112,11,0,1,12.6509,1544.8
2041,11,0,1,12.6388,1483.73
2042,11,0,1,12.6194,1390.66
1564,11,0,1,12.609,1338.8
2107,11,0,1,12.6009,1297.3
1145,11,0,1,12.5943,1265.29
2053,11,0,1,12.5788,1187.98
2073,11,0,1,12.5705,1146.92
1336,11,0,1,12.5412,997.211
436,11,0,2,12.9418,3005.31,0.0958333,417.996,0.13,3
425,11,0,2,12.9347,2968.23
426,11,0,2,12.9298,2943.28
424,11,0,2,12.9274,2929.57
613,11,0,2,12.9244,2904.59
611,11,0,2,12.9189,2871.69
609,11,0,2,12.9169,2853.9
628,11,0,2,12.907,2779.89
615,11,0,2,12.9014,2749.24
617,11,0,2,12.8979,2731.69
616,11,0,2,12.8885,2686.21
676,11,0,2,12.8823,2655.15
674,11,0,2,12.8682,2588.46
675,11,0,2,12.8616,2555.38
962,11,0,2,12.8551,2522.25
961,11,0,2,12.8472,2482.83
999,11,0,2,12.8361,2424.79
884,11,0,3,13.1865,4164.67,0.0738333,322.039,0.04,4
1987,11,0,3,13.1485,3972.66
428,11,0,3,13.1435,3947.29
429,11,0,3,13.1184,3824.22
1988,11,0,3,13.092,3689.56
430,11,0,3,13.0884,3671.39
1989,11,0,3,13.0832,3645.65
432,11,0,3,13.079,3623.64
435,11,0,3,13.0736,3597.05
431,11,0,3,13.0664,3561.32
439,11,0,3,13.0449,3459.57
436,11,0,3,13.0377,3423.3
936,11,0,4,13.3927,5171.07,0,0,0
1737,11,0,4,13.3812,5107.84
917,11,0,4,13.3644,5024.6
916,11,0,4,13.3642,5023.69
906,11,0,4,13.3383,4890.6
889,11,0,4,13.3262,4828.69
888,11,0,4,13.3056,4719.17
887,11,0,4,13.2882,4626.5
2012,11,0,4,13.2645,4508.71
884,11,0,4,13.2603,4486.71
1307,11,1,0,15.0255,554.042,0.0428333,186.826,0.28,1
1303,11,1,0,15.0145,496.053
2021,11,1,0,14.9762,306.727
1791,11,1,0,14.9683,267.142
939,11,1,0,14.9515,182.874
940,11,1,0,14.9468,151.022
934,11,1,0,14.9273,42.0448
933,11,1,0,14.9206,2.93996
936,11,1,0,14.92,0
936,11,1,1,15.1775,1313.23,0,0,0
933,11,1,1,15.1769,1310.29
934,11,1,1,15.1714,1272.64
935,11,1,1,15.1708,1270.04
2020,11,1,1,15.1598,1213.06
943,11,1,1,15.1589,1209.13
942,11,1,1,15.1511,1168.06
941,11,1,1,15.1395,1109.91
1790,11,1,1,15.1267,1042.74
2022,11,1,1,15.1162,991.844
2021,11,1,1,15.1059,938.155
1303,11,1,1,15.0841,818.443
1307,11,1,1,15.0684,740.869
1336,12,0,0,12.6479,764.587,0.0533333,232.624,0.21,1
1792,12,0,0,12.6404,727.242
1334,12,0,0,12.6331,689.424
1335,12,0,0,12.6224,639.192
1333,12,0,0,12.6,524.133
2163,12,0,0,12.5733,383.309
2023,12,0,0,12.5473,241.926
1787,12,0,0,12.5397,202.721
1788,12,0,0,12.5389,199.018
943,12,0,0,12.5195,103.973
934,12,0,0,12.5093,49.9245
933,12,0,0,12.5006,2.93996
936,12,0,0,12.5,0
999,12,0,1,12.902,2014.06,0.0941667,410.727,0.12,2
1002,12,0,1,12.8957,1980.01
1031,12,0,1,12.8812,1908.3
2031,12,0,1,12.8739,1871.31
2032,12,0,1,12.8735,1869.48
1053,12,0,1,12.8655,1829.69
1784,12,0,1,12.8622,1812.62
1069,12,0,1,12.8421,1710.61
1848,12,0,1,12.8363,1676.41
1847,12,0,1,12.8328,1656.77
1086,12,0,1,12.8291,1636.54
2036,12,0,1,12.8145,1563.64
1112,12,0,1,12.8109,1544.8
2041,12,0,1,12.7988,1483.73
2042,12,0,1,12.7794,1390.66
1564,12,0,1,12.769,1338.8
2107,12,0,1,12.7609,1297.3
1145,12,0,1,12.7543,1265.29
2053,12,0,1,12.7388,1187.98
2073,12,0,1,12.7305,1146.92
1336,12,0,1,12.7012,997.211
884,12,0,2,13.1961,3449.6,0.0738333,322.039,0.04,3
883,12,0,2,13.1667,3302.21
882,12,0,2,13.1536,3232.7
2155,12,0,2,13.1504,3216.14
2012,12,0,2,13.1337,3126.24
885,12,0,2,13.1288,3102.14
886,12,0,2,13.1085,2994.61
2013,12,0,2,13.1011,2955.14
2156,12,0,2,13.1004,2951.98
2011,12,0,2,13.0951,2924.47
891,12,0,2,13.0732,2810.01
893,12,0,2,13.0671,2779.14
894,12,0,2,13.0619,2754.39
897,12,0,2,13.043,2661.18
1028,12,0,2,13.035,2619
1026,12,0,2,13.0234,2561.27
998,12,0,2,13.0185,2536.52
999,12,0,2,12.9961,2424.79
936,12,0,3,13.4023,4456,0,0,0
1737,12,0,3,13.3908,4392.77
917,12,0,3,13.374,4309.54
916,12,0,3,13.3739,4308.63
906,12,0,3,13.348,4175.54
889,12,0,3,13.3358,4113.62
888,12,0,3,13.3152,4004.11
887,12,0,3,13.2978,3911.43
2012,12,0,3,13.2741,3793.65
884,12,0,3,13.2699,3771.64
1307,12,1,0,15.0155,554.042,0.0428333,186.826,0.28,1
1303,12,1,0,15.0045,496.053
2021,12,1,0,14.9662,306.727
1791,12,1,0,14.9583,267.142
939,12,1,0,14.9415,182.874
940,12,1,0,14.9368,151.022
934,12,1,0,14.9173,42.0448
933,12,1,0,14.9106,2.93996
936,12,1,0,14.91,0
436,12,1,1,15.2833,1934.87,0.077,335.851,0.12,2
425,12,1,1,15.2767,1900.16
420,12,1,1,15.2656,1842.37
421,12,1,1,15.2615,1815.47
417,12,1,1,15.2573,1792.19
1989,12,1,1,15.2392,1699.52
2011,12,1,1,15.221,1604.42
2156,12,1,1,15.2163,1579.41
2013,12,1,1,15.2157,1576.26
886,12,1,1,15.205,1523.21
888,12,1,1,15.1869,1424.39
903,12,1,1,15.1778,1374.54
904,12,1,1,15.1737,1353.3
925,12,1,1,15.1504,1225.93
2019,12,1,1,15.1459,1202.53
929,12,1,1,15.1455,1200.54
938,12,1,1,15.1331,1132.9
950,12,1,1,15.1178,1054.74
951,12,1,1,15.1113,1021.01
949,12,1,1,15.1001,963.892
1302,12,1,1,15.0733,823.666
1307,12,1,1,15.0584,740.869
936,12,1,2,15.4875,2927.28,0,0,0
1737,12,1,2,15.4764,2866.02
917,12,1,2,15.4629,2796.49
916,12,1,2,15.4627,2795.59
919,12,1,2,15.457,2756.5
2017,12,1,2,15.457,2756.33
2014,12,1,2,15.456,2751.58
2015,12,1,2,15.4479,2710.87
910,12,1,2,15.4478,2710.38
909,12,1,2,15.4384,2663.7
898,12,1,2,15.4252,2597.12
897,12,1,2,15.4156,2548.74
877,12,1,2,15.3931,2437.89
878,12,1,2,15.3871,2407.18
879,12,1,2,15.3786,2363.29
437,12,1,2,15.3726,2332.96
439,12,1,2,15.3692,2314.19
436,12,1,2,15.3603,2270.72
