Node, Individual, Route,Segment, Travel time, Travel cost, Attention time, Attention cost, Failure rate, Demand
1307,0,0,0,15.0055,554.042,0.0428333,186.826,0.28,1
1303,0,0,0,14.9945,496.053
2021,0,0,0,14.9562,306.727
1791,0,0,0,14.9483,267.142
939,0,0,0,14.9315,182.874
940,0,0,0,14.9268,151.022
934,0,0,0,14.9073,42.0448
933,0,0,0,14.9006,2.93996
936,0,0,0,14.9,0
1336,0,0,1,15.1493,1263.92,0.0595,259.521,0.34,2
1792,0,0,1,15.1433,1232.8
1334,0,0,1,15.1338,1186.27
1335,0,0,1,15.1232,1136.04
1341,0,0,1,15.1153,1092.01
1315,0,0,1,15.0977,995.332
1314,0,0,1,15.082,911.668
1309,0,0,1,15.0814,908.797
1308,0,0,1,15.0616,808.959
1307,0,0,1,15.0484,740.869
999,0,0,2,15.3993,2503.53,0.0515,224.627,0.17,3
1002,0,0,2,15.3924,2466.7
1031,0,0,2,15.3782,2395.75
2031,0,0,2,15.3708,2358.75
2032,0,0,2,15.3704,2356.93
1053,0,0,2,15.3627,2318.47
1784,0,0,2,15.3595,2301.77
1066,0,0,2,15.3504,2254.95
1070,0,0,2,15.3398,2198.39
1849,0,0,2,15.3291,2144.14
1108,0,0,2,15.3178,2086.26
1107,0,0,2,15.3043,2016.15
2040,0,0,2,15.2936,1959.09
1783,0,0,2,15.2775,1875.04
1153,0,0,2,15.2703,1838.82
1154,0,0,2,15.2598,1782.55
1324,0,0,2,15.2547,1756.63
1325,0,0,2,15.2437,1702.32
2073,0,0,2,15.236,1664.53
1336,0,0,2,15.2088,1523.44
436,0,0,3,15.5603,3296.28,0.077,335.851,0.12,4
425,0,0,3,15.5538,3261.57
426,0,0,3,15.5492,3238.26
424,0,0,3,15.5473,3225.38
613,0,0,3,15.5426,3198.86
611,0,0,3,15.5376,3166.62
619,0,0,3,15.5197,3074.45
618,0,0,3,15.5173,3062.61
615,0,0,3,15.5158,3050.83
617,0,0,3,15.5123,3033.28
616,0,0,3,15.5047,2995.31
676,0,0,3,15.4985,2964.25
674,0,0,3,15.4874,2910.2
675,0,0,3,15.4809,2877.13
962,0,0,3,15.4684,2819.34
961,0,0,3,15.4636,2793.06
999,0,0,3,15.4508,2728.16
884,0,0,4,15.7767,4334.48,0.0453333,197.73,0.06,5
1987,0,0,4,15.7413,4153.1
428,0,0,4,15.7363,4127.73
429,0,0,4,15.7143,4017.4
1988,0,0,4,15.69,3891.37
430,0,0,4,15.6864,3873.19
1989,0,0,4,15.6775,3832.45
432,0,0,4,15.6725,3807.66
435,0,0,4,15.6672,3781.07
431,0,0,4,15.6604,3747.02
439,0,0,4,15.6462,3675.59
436,0,0,4,15.6373,3632.13
936,0,0,5,15.9466,5183.24,0,0,0
1737,0,0,5,15.9355,5121.97
917,0,0,5,15.922,5052.45
916,0,0,5,15.9219,5051.54
906,0,0,5,15.8986,4929.48
889,0,0,5,15.8861,4866.09
888,0,0,5,15.8661,4759.15
887,0,0,5,15.8494,4669.42
2012,0,0,5,15.8268,4556.38
884,0,0,5,15.8221,4532.22
1307,1,0,0,14.3655,554.042,0.0546667,238.44,0.3,1
1303,1,0,0,14.3545,496.053
2021,1,0,0,14.3162,306.727
1791,1,0,0,14.3083,267.142
939,1,0,0,14.2915,182.874
940,1,0,0,14.2868,151.022
934,1,0,0,14.2673,42.0448
933,1,0,0,14.2606,2.93996
936,1,0,0,14.26,0
1336,1,0,1,14.5311,1357.19,0.0633333,276.241,0.28,2
1792,1,0,1,14.5228,1316.37
1334,1,0,1,14.513,1268.49
1335,1,0,1,14.5024,1218.26
1341,1,0,1,14.4938,1171.29
1315,1,0,1,14.4764,1075.52
1314,1,0,1,14.4563,973.405
1309,1,0,1,14.4557,970.535
1308,1,0,1,14.4394,885.27
1307,1,0,1,14.4202,792.482
999,1,0,2,14.7902,2633.05,0.0648333,282.783,0.16,3
1002,1,0,2,14.7861,2604.98
1031,1,0,2,14.7732,2539.71
2031,1,0,2,14.7659,2502.72
2032,1,0,2,14.7655,2500.89
1053,1,0,2,14.7579,2463
1784,1,0,2,14.7545,2445.25
1069,1,0,2,14.7334,2339.45
1848,1,0,2,14.7276,2305.2
1109,1,0,2,14.7188,2257.6
1113,1,0,2,14.7117,2222.36
2036,1,0,2,14.7042,2185.46
1112,1,0,2,14.7006,2166.62
2041,1,0,2,14.6868,2098.35
2042,1,0,2,14.6734,2030.26
1564,1,0,2,14.6621,1974.64
2107,1,0,2,14.652,1924.73
1145,1,0,2,14.6452,1892.06
2053,1,0,2,14.6322,1825.07
2073,1,0,2,14.6246,1786.93
1336,1,0,2,14.5944,1633.44
436,1,0,3,14.9744,3523.09,0.038,165.745,0.13,4
425,1,0,3,14.9679,3488.71
426,1,0,3,14.9629,3463.16
424,1,0,3,14.9608,3450.15
613,1,0,3,14.9532,3411.22
611,1,0,3,14.9474,3377.78
619,1,0,3,14.9295,3285.62
618,1,0,3,14.9271,3273.85
615,1,0,3,14.9256,3262.06
617,1,0,3,14.9221,3244.51
616,1,0,3,14.9155,3210.58
676,1,0,3,14.9093,3179.52
674,1,0,3,14.8944,3109.87
675,1,0,3,14.8878,3076.79
962,1,0,3,14.8792,3034.7
961,1,0,3,14.8719,2997.65
999,1,0,3,14.855,2915.84
884,1,0,4,15.1518,4391.19,0.0453333,197.73,0.06,5
1987,1,0,4,15.1164,4209.8
428,1,0,4,15.1114,4184.43
429,1,0,4,15.0894,4074.1
1988,1,0,4,15.065,3948.08
430,1,0,4,15.0615,3929.9
1989,1,0,4,15.0526,3889.15
432,1,0,4,15.0476,3864.36
435,1,0,4,15.0423,3837.77
431,1,0,4,15.0354,3803.72
439,1,0,4,15.0213,3732.3
436,1,0,4,15.0124,3688.83
936,1,0,5,15.3217,5239.94,0,0,0
1737,1,0,5,15.3106,5178.68
917,1,0,5,15.2971,5109.15
916,1,0,5,15.2969,5108.24
906,1,0,5,15.2736,4986.19
889,1,0,5,15.2611,4922.79
888,1,0,5,15.2412,4815.85
887,1,0,5,15.2244,4726.13
2012,1,0,5,15.2019,4613.09
884,1,0,5,15.1971,4588.92
1307,2,0,0,13.8417,580.427,0.0495,215.904,0.34,1
1303,2,0,0,13.8269,506.554
2021,2,0,0,13.7952,344.641
1791,2,0,0,13.7859,299.315
939,2,0,0,13.7727,230.444
940,2,0,0,13.768,198.593
934,2,0,0,13.7409,56.8666
933,2,0,0,13.7306,2.93996
936,2,0,0,13.73,0
1336,2,0,1,13.992,1319.25,0.0515,224.627,0.24,2
1792,2,0,1,13.9858,1286.83
1334,2,0,1,13.9778,1246.39
1335,2,0,1,13.9671,1196.16
1341,2,0,1,13.9596,1153.46
1315,2,0,1,13.9394,1045.7
1314,2,0,1,13.9225,956.845
1309,2,0,1,13.9219,953.975
1308,2,0,1,13.9078,878.201
1307,2,0,1,13.8912,796.332
999,2,0,2,14.2393,2543.49,0.0648333,282.783,0.16,3
1002,2,0,2,14.2352,2515.42
1031,2,0,2,14.2223,2450.15
2031,2,0,2,14.215,2413.15
2032,2,0,2,14.2146,2411.33
1053,2,0,2,14.207,2373.44
1784,2,0,2,14.2036,2355.69
1069,2,0,2,14.1826,2249.89
1848,2,0,2,14.1767,2215.63
1109,2,0,2,14.1679,2168.04
1113,2,0,2,14.1608,2132.79
2036,2,0,2,14.1533,2095.89
1112,2,0,2,14.1497,2077.06
2041,2,0,2,14.1359,2008.79
2042,2,0,2,14.1226,1940.7
1564,2,0,2,14.1112,1885.08
2107,2,0,2,14.1011,1835.17
1145,2,0,2,14.0943,1802.49
2053,2,0,2,14.0813,1735.5
2073,2,0,2,14.0737,1697.36
1336,2,0,2,14.0435,1543.87
436,2,0,3,14.4235,3433.53,0.038,165.745,0.13,4
425,2,0,3,14.417,3399.14
426,2,0,3,14.412,3373.6
424,2,0,3,14.4099,3360.59
613,2,0,3,14.4023,3321.66
611,2,0,3,14.3965,3288.22
619,2,0,3,14.3786,3196.05
618,2,0,3,14.3762,3184.29
615,2,0,3,14.3747,3172.5
617,2,0,3,14.3712,3154.95
616,2,0,3,14.3646,3121.02
676,2,0,3,14.3584,3089.96
674,2,0,3,14.3435,3020.31
675,2,0,3,14.3369,2987.23
962,2,0,3,14.3283,2945.14
961,2,0,3,14.321,2908.09
999,2,0,3,14.3042,2826.27
884,2,0,4,14.6157,4363.53,0.0611667,266.791,0.05,5
1987,2,0,4,14.5727,4150.53
428,2,0,4,14.5677,4125.17
429,2,0,4,14.5409,3995.16
1988,2,0,4,14.5124,3851.54
430,2,0,4,14.509,3834.28
1989,2,0,4,14.504,3809.19
432,2,0,4,14.4978,3779.12
435,2,0,4,14.4924,3752.53
431,2,0,4,14.4856,3718.73
439,2,0,4,14.4692,3637.64
436,2,0,4,14.4615,3599.27
936,2,0,5,14.8148,5337.56,0,0,0
1737,2,0,5,14.8026,5271.42
917,2,0,5,14.788,5197.25
916,2,0,5,14.7878,5196.34
906,2,0,5,14.7584,5048.42
889,2,0,5,14.7478,4993.18
888,2,0,5,14.7203,4854.56
887,2,0,5,14.7059,4774.73
2012,2,0,5,14.6813,4653.34
884,2,0,5,14.6769,4630.32
884,3,0,0,14.3983,938.52,0.0611667,266.791,0.05,1
883,3,0,0,14.3659,777.951
882,3,0,0,14.3527,708.309
2155,3,0,0,14.3492,690.597
901,3,0,0,14.3178,524.626
902,3,0,0,14.3049,454.953
904,3,0,0,14.2918,384.906
925,3,0,0,14.2703,265.332
2019,3,0,0,14.2651,239.037
929,3,0,0,14.2647,237.053
930,3,0,0,14.2444,130.978
931,3,0,0,14.2392,102.033
932,3,0,0,14.225,25.8242
933,3,0,0,14.2206,2.93996
936,3,0,0,14.22,0
436,3,0,1,14.578,1816.23,0.038,165.745,0.13,2
425,3,0,1,14.5715,1781.85
420,3,0,1,14.557,1709.7
421,3,0,1,14.553,1682.88
417,3,0,1,14.5489,1660.21
1989,3,0,1,14.531,1568.29
2011,3,0,1,14.5108,1464.73
2156,3,0,1,14.5051,1435.43
2013,3,0,1,14.5044,1432.28
886,3,0,1,14.4941,1380.66
885,3,0,1,14.4697,1255.93
2012,3,0,1,14.464,1228.33
884,3,0,1,14.4595,1205.31
999,3,0,2,14.7131,2469.37,0.0648333,282.783,0.16,3
961,3,0,2,14.6949,2381.87
962,3,0,2,14.6872,2343.18
675,3,0,2,14.6774,2296.4
674,3,0,2,14.6725,2270.37
676,3,0,2,14.6685,2243.04
616,3,0,2,14.6619,2210.39
606,3,0,2,14.6418,2111.68
610,3,0,2,14.6301,2054.36
436,3,0,2,14.616,1981.97
1336,3,0,3,14.968,3741.42,0.0633333,276.241,0.28,4
1792,3,0,3,14.9597,3700.6
1334,3,0,3,14.9499,3652.71
1325,3,0,3,14.9253,3525.25
1156,3,0,3,14.9178,3488.14
1155,3,0,3,14.9062,3427.72
2052,3,0,3,14.9012,3401.84
1782,3,0,3,14.8948,3369.23
2043,3,0,3,14.8862,3310.49
1111,3,0,3,14.8761,3256.31
1110,3,0,3,14.8702,3226.45
1113,3,0,3,14.856,3153.17
1847,3,0,3,14.8473,3105.9
1068,3,0,3,14.8367,3051.77
1785,3,0,3,14.8318,3026.31
1053,3,0,3,14.815,2938.88
2032,3,0,3,14.8056,2893.36
2031,3,0,3,14.8052,2891.54
1031,3,0,3,14.7971,2851.24
1002,3,0,3,14.7842,2785.93
999,3,0,3,14.778,2752.15
1307,3,0,4,15.1432,4587.33,0.0428333,186.826,0.28,5
1308,3,0,4,15.129,4515.06
1309,3,0,4,15.1095,4416.83
1314,3,0,4,15.109,4413.96
1315,3,0,4,15.0886,4310.56
1341,3,0,4,15.0691,4205.84
1342,3,0,4,15.0605,4163.11
1334,3,0,4,15.0495,4106.38
1792,3,0,4,15.0371,4047.85
1336,3,0,4,15.0313,4017.66
936,3,0,5,15.2951,5346.52,0,0,0
933,3,0,5,15.2945,5343.58
934,3,0,5,15.289,5305.93
935,3,0,5,15.2885,5303.32
2020,3,0,5,15.2774,5246.35
943,3,0,5,15.2766,5242.41
942,3,0,5,15.2687,5201.34
941,3,0,5,15.2572,5143.19
1790,3,0,5,15.2443,5076.02
2022,3,0,5,15.2338,5025.13
2021,3,0,5,15.2236,4971.44
1303,3,0,5,15.2018,4851.73
1307,3,0,5,15.186,4774.15
1336,4,0,0,12.8779,764.587,0.0533333,232.624,0.21,1
1792,4,0,0,12.8704,727.242
1334,4,0,0,12.8631,689.424
1335,4,0,0,12.8524,639.192
1333,4,0,0,12.83,524.133
2163,4,0,0,12.8033,383.309
2023,4,0,0,12.7773,241.926
1787,4,0,0,12.7697,202.721
1788,4,0,0,12.7689,199.018
943,4,0,0,12.7495,103.973
934,4,0,0,12.7393,49.9245
933,4,0,0,12.7306,2.93996
936,4,0,0,12.73,0
1307,4,0,1,13.0396,1551.85,0.0495,215.904,0.34,2
1308,4,0,1,13.028,1490.8
1309,4,0,1,13.0105,1400.7
1314,4,0,1,13.01,1397.83
1315,4,0,1,12.997,1325.89
1341,4,0,1,12.9726,1200.6
1342,4,0,1,12.964,1157.87
1334,4,0,1,12.9518,1095.73
1792,4,0,1,12.9393,1037.19
1336,4,0,1,12.9312,997.211
884,4,0,2,13.2994,2884.57,0.0738333,322.039,0.04,3
883,4,0,2,13.2721,2745.5
882,4,0,2,13.2606,2683.23
2155,4,0,2,13.2573,2666.51
901,4,0,2,13.2304,2519.33
902,4,0,2,13.2174,2449.78
904,4,0,2,13.2042,2378.8
925,4,0,2,13.1807,2250.91
2019,4,0,2,13.1753,2223.64
929,4,0,2,13.1749,2221.66
938,4,0,2,13.1629,2155.81
950,4,0,2,13.1494,2085.25
951,4,0,2,13.1424,2049.53
949,4,0,2,13.1314,1993.05
1302,4,0,2,13.1124,1886.33
1307,4,0,2,13.0891,1767.76
436,4,0,3,13.4889,3805.83,0.0588333,256.613,0.14,4
425,4,0,3,13.4814,3767.02
420,4,0,3,13.4657,3689.85
421,4,0,3,13.4617,3663.07
417,4,0,3,13.4572,3638.59
1989,4,0,3,13.4406,3552.18
2011,4,0,3,13.4229,3458.99
2156,4,0,3,13.4176,3431.66
2013,4,0,3,13.4169,3428.51
886,4,0,3,13.405,3370.33
885,4,0,3,13.3831,3256.21
2012,4,0,3,13.3774,3228.61
884,4,0,3,13.3732,3206.6
999,4,0,4,13.6408,4528.39,0.056,244.255,0.15,5
961,4,0,4,13.6251,4451.32
962,4,0,4,13.6174,4412.62
675,4,0,4,13.6063,4360.51
674,4,0,4,13.6001,4329.15
669,4,0,4,13.5836,4245.23
673,4,0,4,13.5741,4196.46
438,4,0,4,13.5685,4168.77
437,4,0,4,13.5588,4119.57
439,4,0,4,13.5549,4098.71
436,4,0,4,13.5478,4062.44
936,4,0,5,13.8188,5401.61,0,0,0
1737,4,0,5,13.8073,5338.38
917,4,0,5,13.7905,5255.15
916,4,0,5,13.7903,5254.24
919,4,0,5,13.7846,5215.15
2017,4,0,5,13.7845,5214.98
2014,4,0,5,13.7835,5209.96
2015,4,0,5,13.7754,5169.25
910,4,0,5,13.7753,5168.76
909,4,0,5,13.767,5126.62
1051,4,0,5,13.7571,5076.46
1025,4,0,5,13.7449,5015.16
1029,4,0,5,13.731,4945.8
1026,4,0,5,13.7204,4893.76
998,4,0,5,13.7159,4870.63
999,4,0,5,13.6968,4772.65
884,5,0,0,13.3534,917.424,0.0738333,322.039,0.04,1
883,5,0,0,13.3261,778.363
882,5,0,0,13.3146,716.093
2155,5,0,0,13.3114,699.368
901,5,0,0,13.2844,552.187
902,5,0,0,13.2715,482.635
904,5,0,0,13.2582,411.663
925,5,0,0,13.2348,283.766
2019,5,0,0,13.2294,256.499
929,5,0,0,13.229,254.516
930,5,0,0,13.212,162.739
931,5,0,0,13.2,105.498
932,5,0,0,13.1861,30.6376
933,5,0,0,13.1806,2.93996
936,5,0,0,13.18,0
436,5,0,1,13.543,1838.69,0.0588333,256.613,0.14,2
425,5,0,1,13.5354,1799.87
420,5,0,1,13.5197,1722.71
421,5,0,1,13.5157,1695.93
417,5,0,1,13.5112,1671.45
1989,5,0,1,13.4947,1585.04
2011,5,0,1,13.4769,1491.85
2156,5,0,1,13.4717,1464.52
2013,5,0,1,13.471,1461.37
886,5,0,1,13.4591,1403.19
885,5,0,1,13.4372,1289.07
2012,5,0,1,13.4315,1261.47
884,5,0,1,13.4273,1239.46
999,5,0,2,13.6948,2561.25,0.056,244.255,0.15,3
961,5,0,2,13.6792,2484.18
962,5,0,2,13.6714,2445.48
675,5,0,2,13.6603,2393.37
674,5,0,2,13.6542,2362
669,5,0,2,13.6377,2278.09
673,5,0,2,13.6281,2229.32
438,5,0,2,13.6226,2201.63
437,5,0,2,13.6129,2152.43
439,5,0,2,13.609,2131.57
436,5,0,2,13.6018,2095.3
1336,5,0,3,13.9633,3875.04,0.0515,224.627,0.24,4
1792,5,0,3,13.957,3842.63
1334,5,0,3,13.949,3802.19
1325,5,0,3,13.9218,3663.75
1156,5,0,3,13.9127,3620.04
1155,5,0,3,13.8997,3553.72
2052,5,0,3,13.8944,3526.72
1782,5,0,3,13.8878,3492.98
2043,5,0,3,13.8748,3422.45
1111,5,0,3,13.8599,3348.01
1109,5,0,3,13.8425,3261.56
1848,5,0,3,13.8224,3167.05
1069,5,0,3,13.8145,3124.51
1784,5,0,3,13.7973,3035.04
1053,5,0,3,13.7934,3015.22
2032,5,0,3,13.783,2965.69
2031,5,0,3,13.7826,2963.86
1031,5,0,3,13.7727,2916.46
1002,5,0,3,13.7585,2845.73
999,5,0,3,13.7508,2805.51
1307,5,0,4,14.1436,4738.18,0.0546667,238.44,0.3,5
1308,5,0,4,14.1324,4678.61
1309,5,0,4,14.1141,4585.25
1314,5,0,4,14.1135,4582.38
1315,5,0,4,14.0754,4406.68
1341,5,0,4,14.0553,4299.2
1342,5,0,4,14.0467,4256.47
1334,5,0,4,14.0359,4200.59
1792,5,0,4,14.0235,4142.05
1336,5,0,4,14.0148,4099.67
936,5,0,5,14.3193,5599.34,0,0,0
933,5,0,5,14.3187,5596.4
934,5,0,5,14.3131,5558.75
935,5,0,5,14.3126,5556.14
2020,5,0,5,14.3016,5499.17
943,5,0,5,14.3007,5495.23
942,5,0,5,14.2933,5456.1
941,5,0,5,14.2814,5396.54
1790,5,0,5,14.265,5314.41
2022,5,0,5,14.2545,5263.51
2021,5,0,5,14.24,5192.08
1303,5,0,5,14.2073,5025.93
1307,5,0,5,14.1983,4976.62
999,6,0,0,14.7834,633.053,0.0648333,282.783,0.16,1
1002,6,0,0,14.7793,604.982
1024,6,0,0,14.7583,498.436
1029,6,0,0,14.7523,469.049
1027,6,0,0,14.7394,405.671
1051,6,0,0,14.727,342.327
1052,6,0,0,14.7194,303.497
1804,6,0,0,14.7189,301.389
2015,6,0,0,14.7077,245.173
2014,6,0,0,14.6999,205.533
2017,6,0,0,14.6987,199.838
2170,6,0,0,14.6959,185.645
1738,6,0,0,14.6793,101.655
1737,6,0,0,14.6733,71.1284
936,6,0,0,14.66,0
436,6,0,1,14.9676,1523.09,0.038,165.745,0.13,2
425,6,0,1,14.9611,1488.71
426,6,0,1,14.9561,1463.17
424,6,0,1,14.954,1450.15
613,6,0,1,14.9464,1411.22
611,6,0,1,14.9406,1377.78
619,6,0,1,14.9227,1285.62
618,6,0,1,14.9204,1273.85
615,6,0,1,14.9188,1262.06
617,6,0,1,14.9153,1244.52
616,6,0,1,14.9087,1210.59
676,6,0,1,14.9025,1179.52
674,6,0,1,14.8876,1109.87
675,6,0,1,14.8811,1076.79
962,6,0,1,14.8724,1034.7
961,6,0,1,14.8651,997.651
999,6,0,1,14.8483,915.837
884,6,0,2,15.145,2391.19,0.0453333,197.73,0.06,3
1987,6,0,2,15.1096,2209.8
428,6,0,2,15.1046,2184.44
429,6,0,2,15.0826,2074.11
1988,6,0,2,15.0583,1948.08
430,6,0,2,15.0547,1929.9
1989,6,0,2,15.0458,1889.15
432,6,0,2,15.0408,1864.37
435,6,0,2,15.0355,1837.77
431,6,0,2,15.0287,1803.72
439,6,0,2,15.0145,1732.3
436,6,0,2,15.0056,1688.84
1307,6,0,3,15.3728,3531.06,0.0428333,186.826,0.28,4
1302,6,0,3,15.3564,3441.89
949,6,0,3,15.3341,3321.04
2025,6,0,3,15.3306,3303.58
1598,6,0,3,15.3258,3278.21
948,6,0,3,15.3209,3251.48
928,6,0,3,15.3109,3195.77
923,6,0,3,15.2688,2990.86
924,6,0,3,15.2605,2951.54
914,6,0,3,15.2409,2847.9
902,6,0,3,15.2342,2810.86
887,6,0,3,15.2177,2726.13
2012,6,0,3,15.1951,2613.09
884,6,0,3,15.1904,2588.92
936,6,0,4,15.5247,4290.25,0,0,0
933,6,0,4,15.5241,4287.31
934,6,0,4,15.5186,4249.67
935,6,0,4,15.5181,4247.06
2020,6,0,4,15.507,4190.08
943,6,0,4,15.5062,4186.15
942,6,0,4,15.4983,4145.08
941,6,0,4,15.4868,4086.93
1790,6,0,4,15.4739,4019.76
2022,6,0,4,15.4634,3968.87
2021,6,0,4,15.4532,3915.18
1303,6,0,4,15.4314,3795.47
1307,6,0,4,15.4156,3717.89
1336,6,1,0,13.6245,750.638,0.0515,224.627,0.24,1
1792,6,1,0,13.6182,718.22
1334,6,1,0,13.6102,677.786
1335,6,1,0,13.5996,627.554
1333,6,1,0,13.5825,535.212
2163,6,1,0,13.5542,387.56
2023,6,1,0,13.5245,230.349
1787,6,1,0,13.5164,189.064
1788,6,1,0,13.5156,185.36
943,6,1,0,13.4997,104.713
934,6,1,0,13.4909,56.8666
933,6,1,0,13.4806,2.93996
936,6,1,0,13.48,0
936,6,1,1,13.833,1782.92,0,0,0
933,6,1,1,13.8324,1779.98
934,6,1,1,13.8269,1742.34
935,6,1,1,13.8264,1739.73
2020,6,1,1,13.8153,1682.75
1787,6,1,1,13.7954,1584.44
2023,6,1,1,13.786,1537.62
2163,6,1,1,13.757,1383.21
1333,6,1,1,13.7265,1226.46
1335,6,1,1,13.7007,1097.21
1334,6,1,1,13.6948,1066.52
1792,6,1,1,13.6824,1007.99
1336,6,1,1,13.676,975.265
1336,7,0,0,13.9645,750.638,0.0515,224.627,0.24,1
1792,7,0,0,13.9582,718.22
1334,7,0,0,13.9502,677.786
1335,7,0,0,13.9396,627.554
1333,7,0,0,13.9225,535.212
2163,7,0,0,13.8942,387.56
2023,7,0,0,13.8645,230.349
1787,7,0,0,13.8564,189.064
1788,7,0,0,13.8556,185.36
943,7,0,0,13.8397,104.713
934,7,0,0,13.8309,56.8666
933,7,0,0,13.8206,2.93996
936,7,0,0,13.82,0
999,7,0,1,14.2118,1974.88,0.0648333,282.783,0.16,2
1002,7,0,1,14.2077,1946.81
1031,7,0,1,14.1948,1881.54
2031,7,0,1,14.1874,1844.55
2032,7,0,1,14.187,1842.72
1053,7,0,1,14.1794,1804.83
1784,7,0,1,14.176,1787.08
1069,7,0,1,14.155,1681.28
1848,7,0,1,14.1492,1647.03
1109,7,0,1,14.1404,1599.43
1113,7,0,1,14.1333,1564.19
2036,7,0,1,14.1258,1527.29
1112,7,0,1,14.1221,1508.45
2041,7,0,1,14.1084,1440.18
2042,7,0,1,14.095,1372.09
1564,7,0,1,14.0837,1316.47
2107,7,0,1,14.0735,1266.56
1145,7,0,1,14.0668,1233.89
2053,7,0,1,14.0537,1166.9
2073,7,0,1,14.0462,1128.76
1336,7,0,1,14.016,975.265
436,7,0,2,14.396,2864.92,0.038,165.745,0.13,3
425,7,0,2,14.3895,2830.54
426,7,0,2,14.3844,2804.99
424,7,0,2,14.3824,2791.98
613,7,0,2,14.3748,2753.05
611,7,0,2,14.3689,2719.61
619,7,0,2,14.351,2627.45
618,7,0,2,14.3487,2615.68
615,7,0,2,14.3472,2603.89
617,7,0,2,14.3437,2586.34
616,7,0,2,14.3371,2552.41
676,7,0,2,14.3309,2521.35
674,7,0,2,14.316,2451.7
675,7,0,2,14.3094,2418.62
962,7,0,2,14.3008,2376.53
961,7,0,2,14.2934,2339.48
999,7,0,2,14.2766,2257.67
884,7,0,3,14.5881,3794.92,0.0611667,266.791,0.05,4
1987,7,0,3,14.5452,3581.93
428,7,0,3,14.5401,3556.56
429,7,0,3,14.5134,3426.55
1988,7,0,3,14.4848,3282.93
430,7,0,3,14.4815,3265.67
1989,7,0,3,14.4764,3240.59
432,7,0,3,14.4702,3210.51
435,7,0,3,14.4649,3183.92
431,7,0,3,14.4581,3150.12
439,7,0,3,14.4416,3069.03
436,7,0,3,14.434,3030.67
936,7,0,4,14.7872,4768.95,0,0,0
1737,7,0,4,14.775,4702.81
917,7,0,4,14.7604,4628.64
916,7,0,4,14.7603,4627.73
906,7,0,4,14.7308,4479.81
889,7,0,4,14.7202,4424.57
888,7,0,4,14.6928,4285.96
887,7,0,4,14.6784,4206.12
2012,7,0,4,14.6538,4084.73
884,7,0,4,14.6493,4061.71
1307,7,1,0,15.0355,554.042,0.0428333,186.826,0.28,1
1303,7,1,0,15.0245,496.053
2021,7,1,0,14.9862,306.727
1791,7,1,0,14.9783,267.142
939,7,1,0,14.9615,182.874
940,7,1,0,14.9568,151.022
934,7,1,0,14.9373,42.0448
933,7,1,0,14.9306,2.93996
936,7,1,0,14.93,0
936,7,1,1,15.1875,1313.23,0,0,0
933,7,1,1,15.1869,1310.29
934,7,1,1,15.1814,1272.64
935,7,1,1,15.1808,1270.04
2020,7,1,1,15.1698,1213.06
943,7,1,1,15.1689,1209.13
942,7,1,1,15.1611,1168.06
941,7,1,1,15.1495,1109.91
1790,7,1,1,15.1367,1042.74
2022,7,1,1,15.1262,991.844
2021,7,1,1,15.1159,938.155
1303,7,1,1,15.0941,818.443
1307,7,1,1,15.0784,740.869
999,8,0,0,14.7834,633.053,0.0648333,282.783,0.16,1
1002,8,0,0,14.7793,604.982
1024,8,0,0,14.7583,498.436
1029,8,0,0,14.7523,469.049
1027,8,0,0,14.7394,405.671
1051,8,0,0,14.727,342.327
1052,8,0,0,14.7194,303.497
1804,8,0,0,14.7189,301.389
2015,8,0,0,14.7077,245.173
2014,8,0,0,14.6999,205.533
2017,8,0,0,14.6987,199.838
2170,8,0,0,14.6959,185.645
1738,8,0,0,14.6793,101.655
1737,8,0,0,14.6733,71.1284
936,8,0,0,14.66,0
436,8,0,1,14.9676,1523.09,0.038,165.745,0.13,2
425,8,0,1,14.9611,1488.71
426,8,0,1,14.9561,1463.17
424,8,0,1,14.954,1450.15
613,8,0,1,14.9464,1411.22
611,8,0,1,14.9406,1377.78
619,8,0,1,14.9227,1285.62
618,8,0,1,14.9204,1273.85
615,8,0,1,14.9188,1262.06
617,8,0,1,14.9153,1244.52
616,8,0,1,14.9087,1210.59
676,8,0,1,14.9025,1179.52
674,8,0,1,14.8876,1109.87
675,8,0,1,14.8811,1076.79
962,8,0,1,14.8724,1034.7
961,8,0,1,14.8651,997.651
999,8,0,1,14.8483,915.837
884,8,0,2,15.145,2391.19,0.0453333,197.73,0.06,3
1987,8,0,2,15.1096,2209.8
428,8,0,2,15.1046,2184.44
429,8,0,2,15.0826,2074.11
1988,8,0,2,15.0583,1948.08
430,8,0,2,15.0547,1929.9
1989,8,0,2,15.0458,1889.15
432,8,0,2,15.0408,1864.37
435,8,0,2,15.0355,1837.77
431,8,0,2,15.0287,1803.72
439,8,0,2,15.0145,1732.3
436,8,0,2,15.0056,1688.84
1307,8,0,3,15.3728,3531.06,0.0428333,186.826,0.28,4
1302,8,0,3,15.3564,3441.89
949,8,0,3,15.3341,3321.04
2025,8,0,3,15.3306,3303.58
1598,8,0,3,15.3258,3278.21
948,8,0,3,15.3209,3251.48
928,8,0,3,15.3109,3195.77
923,8,0,3,15.2688,2990.86
924,8,0,3,15.2605,2951.54
914,8,0,3,15.2409,2847.9
902,8,0,3,15.2342,2810.86
887,8,0,3,15.2177,2726.13
2012,8,0,3,15.1951,2613.09
884,8,0,3,15.1904,2588.92
936,8,0,4,15.5247,4290.25,0,0,0
933,8,0,4,15.5241,4287.31
934,8,0,4,15.5186,4249.67
935,8,0,4,15.5181,4247.06
2020,8,0,4,15.507,4190.08
943,8,0,4,15.5062,4186.15
942,8,0,4,15.4983,4145.08
941,8,0,4,15.4868,4086.93
1790,8,0,4,15.4739,4019.76
2022,8,0,4,15.4634,3968.87
2021,8,0,4,15.4532,3915.18
1303,8,0,4,15.4314,3795.47
1307,8,0,4,15.4156,3717.89
1336,8,1,0,12.9979,764.587,0.0533333,232.624,0.21,1
1792,8,1,0,12.9904,727.242
1334,8,1,0,12.9831,689.424
1335,8,1,0,12.9724,639.192
1333,8,1,0,12.95,524.133
2163,8,1,0,12.9233,383.309
2023,8,1,0,12.8973,241.926
1787,8,1,0,12.8897,202.721
1788,8,1,0,12.8889,199.018
943,8,1,0,12.8695,103.973
934,8,1,0,12.8593,49.9245
933,8,1,0,12.8506,2.93996
936,8,1,0,12.85,0
936,8,1,1,13.2083,1804.87,0,0,0
933,8,1,1,13.2077,1801.93
934,8,1,1,13.2021,1764.28
935,8,1,1,13.2016,1761.67
2020,8,1,1,13.1906,1704.7
1787,8,1,1,13.1707,1606.38
2023,8,1,1,13.1612,1559.56
2163,8,1,1,13.1322,1405.16
1333,8,1,1,13.1018,1248.41
1335,8,1,1,13.0759,1119.15
1334,8,1,1,13.07,1088.47
1792,8,1,1,13.0576,1029.93
1336,8,1,1,13.0512,997.211
1336,9,0,0,12.8679,764.587,0.0533333,232.624,0.21,1
1792,9,0,0,12.8604,727.242
1334,9,0,0,12.8531,689.424
1335,9,0,0,12.8424,639.192
1333,9,0,0,12.82,524.133
2163,9,0,0,12.7933,383.309
2023,9,0,0,12.7673,241.926
1787,9,0,0,12.7597,202.721
1788,9,0,0,12.7589,199.018
943,9,0,0,12.7395,103.973
934,9,0,0,12.7293,49.9245
933,9,0,0,12.7206,2.93996
936,9,0,0,12.72,0
999,9,0,1,13.122,2014.06,0.056,244.255,0.15,2
1002,9,0,1,13.1157,1980.01
1031,9,0,1,13.1012,1908.3
2031,9,0,1,13.0939,1871.31
2032,9,0,1,13.0935,1869.48
1053,9,0,1,13.0855,1829.69
1784,9,0,1,13.0822,1812.62
1069,9,0,1,13.0621,1710.61
1848,9,0,1,13.0563,1676.41
1847,9,0,1,13.0528,1656.77
1086,9,0,1,13.0491,1636.54
2036,9,0,1,13.0345,1563.64
1112,9,0,1,13.0309,1544.8
2041,9,0,1,13.0188,1483.73
2042,9,0,1,12.9994,1390.66
1564,9,0,1,12.989,1338.8
2107,9,0,1,12.9809,1297.3
1145,9,0,1,12.9743,1265.29
2053,9,0,1,12.9588,1187.98
2073,9,0,1,12.9505,1146.92
1336,9,0,1,12.9212,997.211
436,9,0,2,13.2891,2856.62,0.0588333,256.613,0.14,3
425,9,0,2,13.2816,2817.81
426,9,0,2,13.2753,2787.07
424,9,0,2,13.273,2773.64
613,9,0,2,13.265,2733.27
611,9,0,2,13.2581,2695.38
609,9,0,2,13.2562,2677.54
628,9,0,2,13.2463,2603.53
615,9,0,2,13.2415,2575.55
617,9,0,2,13.238,2558
616,9,0,2,13.2303,2519.79
676,9,0,2,13.2242,2488.72
674,9,0,2,13.2137,2437.23
675,9,0,2,13.2071,2404.16
962,9,0,2,13.1967,2354.79
961,9,0,2,13.1913,2325.66
999,9,0,2,13.178,2258.32
884,9,0,3,13.4967,3854.6,0.0738333,322.039,0.04,4
1987,9,0,3,13.4588,3662.59
428,9,0,3,13.4538,3637.22
429,9,0,3,13.4287,3514.15
1988,9,0,3,13.4023,3379.49
430,9,0,3,13.3987,3361.32
1989,9,0,3,13.3935,3335.59
432,9,0,3,13.3893,3313.57
435,9,0,3,13.3839,3286.98
431,9,0,3,13.3767,3251.25
439,9,0,3,13.3552,3149.5
436,9,0,3,13.348,3113.24
936,9,0,4,13.703,4861,0,0,0
1737,9,0,4,13.6915,4797.77
917,9,0,4,13.6747,4714.53
916,9,0,4,13.6745,4713.63
906,9,0,4,13.6486,4580.54
889,9,0,4,13.6365,4518.62
888,9,0,4,13.6159,4409.11
887,9,0,4,13.5985,4316.43
2012,9,0,4,13.5748,4198.65
884,9,0,4,13.5706,4176.64
1307,9,1,0,15.0555,554.042,0.0428333,186.826,0.28,1
1303,9,1,0,15.0445,496.053
2021,9,1,0,15.0062,306.727
1791,9,1,0,14.9983,267.142
939,9,1,0,14.9815,182.874
940,9,1,0,14.9768,151.022
934,9,1,0,14.9573,42.0448
933,9,1,0,14.9506,2.93996
936,9,1,0,14.95,0
936,9,1,1,15.2075,1313.23,0,0,0
933,9,1,1,15.2069,1310.29
934,9,1,1,15.2014,1272.64
935,9,1,1,15.2008,1270.04
2020,9,1,1,15.1898,1213.06
943,9,1,1,15.1889,1209.13
942,9,1,1,15.1811,1168.06
941,9,1,1,15.1695,1109.91
1790,9,1,1,15.1567,1042.74
2022,9,1,1,15.1462,991.844
2021,9,1,1,15.1359,938.155
1303,9,1,1,15.1141,818.443
1307,9,1,1,15.0984,740.869
1336,10,0,0,12.5879,764.587,0.0533333,232.624,0.21,1
1792,10,0,0,12.5804,727.242
1334,10,0,0,12.5731,689.424
1335,10,0,0,12.5624,639.192
1333,10,0,0,12.54,524.133
2163,10,0,0,12.5133,383.309
2023,10,0,0,12.4873,241.926
1787,10,0,0,12.4797,202.721
1788,10,0,0,12.4789,199.018
943,10,0,0,12.4595,103.973
934,10,0,0,12.4493,49.9245
933,10,0,0,12.4406,2.93996
936,10,0,0,12.44,0
999,10,0,1,12.842,2014.06,0.0941667,410.727,0.12,2
1002,10,0,1,12.8357,1980.01
1031,10,0,1,12.8212,1908.3
2031,10,0,1,12.8139,1871.31
2032,10,0,1,12.8135,1869.48
1053,10,0,1,12.8055,1829.69
1784,10,0,1,12.8022,1812.62
1069,10,0,1,12.7821,1710.61
1848,10,0,1,12.7763,1676.41
1847,10,0,1,12.7728,1656.77
1086,10,0,1,12.7691,1636.54
2036,10,0,1,12.7545,1563.64
1112,10,0,1,12.7509,1544.8
2041,10,0,1,12.7388,1483.73
2042,10,0,1,12.7194,1390.66
1564,10,0,1,12.709,1338.8
2107,10,0,1,12.7009,1297.3
1145,10,0,1,12.6943,1265.29
2053,10,0,1,12.6788,1187.98
2073,10,0,1,12.6705,1146.92
1336,10,0,1,12.6412,997.211
436,10,0,2,13.0418,3005.31,0.0588333,256.613,0.14,3
425,10,0,2,13.0347,2968.23
426,10,0,2,13.0298,2943.28
424,10,0,2,13.0274,2929.57
613,10,0,2,13.0244,2904.59
611,10,0,2,13.0189,2871.69
609,10,0,2,13.0169,2853.9
628,10,0,2,13.007,2779.89
615,10,0,2,13.0014,2749.24
617,10,0,2,12.9979,2731.69
616,10,0,2,12.9885,2686.21
676,10,0,2,12.9823,2655.15
674,10,0,2,12.9682,2588.46
675,10,0,2,12.9616,2555.38
962,10,0,2,12.9551,2522.25
961,10,0,2,12.9472,2482.83
999,10,0,2,12.9361,2424.79
884,10,0,3,13.2494,4003.28,0.0738333,322.039,0.04,4
1987,10,0,3,13.2115,3811.28
428,10,0,3,13.2065,3785.91
429,10,0,3,13.1814,3662.84
1988,10,0,3,13.155,3528.18
430,10,0,3,13.1514,3510.01
1989,10,0,3,13.1462,3484.27
432,10,0,3,13.142,3462.26
435,10,0,3,13.1366,3435.67
431,10,0,3,13.1294,3399.93
439,10,0,3,13.1079,3298.19
436,10,0,3,13.1007,3261.92
936,10,0,4,13.4557,5009.69,0,0,0
1737,10,0,4,13.4442,4946.46
917,10,0,4,13.4274,4863.22
916,10,0,4,13.4272,4862.31
906,10,0,4,13.4013,4729.22
889,10,0,4,13.3892,4667.3
888,10,0,4,13.3686,4557.79
887,10,0,4,13.3512,4465.11
2012,10,0,4,13.3275,4347.33
884,10,0,4,13.3233,4325.32
1307,10,1,0,15.0355,554.042,0.0428333,186.826,0.28,1
1303,10,1,0,15.0245,496.053
2021,10,1,0,14.9862,306.727
1791,10,1,0,14.9783,267.142
939,10,1,0,14.9615,182.874
940,10,1,0,14.9568,151.022
934,10,1,0,14.9373,42.0448
933,10,1,0,14.9306,2.93996
936,10,1,0,14.93,0
936,10,1,1,15.1875,1313.23,0,0,0
933,10,1,1,15.1869,1310.29
934,10,1,1,15.1814,1272.64
935,10,1,1,15.1808,1270.04
2020,10,1,1,15.1698,1213.06
943,10,1,1,15.1689,1209.13
942,10,1,1,15.1611,1168.06
941,10,1,1,15.1495,1109.91
1790,10,1,1,15.1367,1042.74
2022,10,1,1,15.1262,991.844
2021,10,1,1,15.1159,938.155
1303,10,1,1,15.0941,818.443
1307,10,1,1,15.0784,740.869
1336,11,0,0,12.5179,764.587,0.0533333,232.624,0.21,1
1792,11,0,0,12.5104,727.242
1334,11,0,0,12.5031,689.424
1335,11,0,0,12.4924,639.192
1333,11,0,0,12.47,524.133
2163,11,0,0,12.4433,383.309
2023,11,0,0,12.4173,241.926
1787,11,0,0,12.4097,202.721
1788,11,0,0,12.4089,199.018
943,11,0,0,12.3895,103.973
934,11,0,0,12.3793,49.9245
933,11,0,0,12.3706,2.93996
936,11,0,0,12.37,0
999,11,0,1,12.772,2014.06,0.0941667,410.727,0.12,2
1002,11,0,1,12.7657,1980.01
1031,11,0,1,12.7512,1908.3
2031,11,0,1,12.7439,1871.31
2032,11,0,1,12.7435,1869.48
1053,11,0,1,12.7355,1829.69
1784,11,0,1,12.7322,1812.62
1069,11,0,1,12.7121,1710.61
1848,11,0,1,12.7063,1676.41
1847,11,0,1,12.7028,1656.77
1086,11,0,1,12.6991,1636.54
2036,11,0,1,12.6845,1563.64
1112,11,0,1,12.6809,1544.8
2041,11,0,1,12.6688,1483.73
2042,11,0,1,12.6494,1390.66
1564,11,0,1,12.639,1338.8
2107,11,0,1,12.6309,1297.3
1145,11,0,1,12.6243,1265.29
2053,11,0,1,12.6088,1187.98
2073,11,0,1,12.6005,1146.92
1336,11,0,1,12.5712,997.211
436,11,0,2,12.9718,3005.31,0.0958333,417.996,0.13,3
425,11,0,2,12.9647,2968.23
426,11,0,2,12.9598,2943.28
424,11,0,2,12.9574,2929.57
613,11,0,2,12.9544,2904.59
611,11,0,2,12.9489,2871.69
609,11,0,2,12.9469,2853.9
628,11,0,2,12.937,2779.89
615,11,0,2,12.9314,2749.24
617,11,0,2,12.9279,2731.69
616,11,0,2,12.9185,2686.21
676,11,0,2,12.9123,2655.15
674,11,0,2,12.8982,2588.46
675,11,0,2,12.8916,2555.38
962,11,0,2,12.8851,2522.25
961,11,0,2,12.8772,2482.83
999,11,0,2,12.8661,2424.79
884,11,0,3,13.2164,4164.67,0.0738333,322.039,0.04,4
1987,11,0,3,13.1785,3972.66
428,11,0,3,13.1735,3947.29
429,11,0,3,13.1484,3824.22
1988,11,0,3,13.122,3689.56
430,11,0,3,13.1184,3671.39
1989,11,0,3,13.1132,3645.65
432,11,0,3,13.109,3623.64
435,11,0,3,13.1036,3597.05
431,11,0,3,13.0964,3561.32
439,11,0,3,13.0749,3459.57
436,11,0,3,13.0677,3423.3
936,11,0,4,13.4227,5171.07,0,0,0
1737,11,0,4,13.4112,5107.84
917,11,0,4,13.3944,5024.6
916,11,0,4,13.3942,5023.69
906,11,0,4,13.3683,4890.6
889,11,0,4,13.3562,4828.69
888,11,0,4,13.3356,4719.17
887,11,0,4,13.3182,4626.5
2012,11,0,4,13.2945,4508.71
884,11,0,4,13.2903,4486.71
1307,11,1,0,15.0355,554.042,0.0428333,186.826,0.28,1
1303,11,1,0,15.0245,496.053
2021,11,1,0,14.9862,306.727
1791,11,1,0,14.9783,267.142
939,11,1,0,14.9615,182.874
940,11,1,0,14.9568,151.022
934,11,1,0,14.9373,42.0448
933,11,1,0,14.9306,2.93996
936,11,1,0,14.93,0
936,11,1,1,15.1875,1313.23,0,0,0
933,11,1,1,15.1869,1310.29
934,11,1,1,15.1814,1272.64
935,11,1,1,15.1808,1270.04
2020,11,1,1,15.1698,1213.06
943,11,1,1,15.1689,1209.13
942,11,1,1,15.1611,1168.06
941,11,1,1,15.1495,1109.91
1790,11,1,1,15.1367,1042.74
2022,11,1,1,15.1262,991.844
2021,11,1,1,15.1159,938.155
1303,11,1,1,15.0941,818.443
1307,11,1,1,15.0784,740.869
1336,12,0,0,12.5179,764.587,0.0533333,232.624,0.21,1
1792,12,0,0,12.5104,727.242
1334,12,0,0,12.5031,689.424
1335,12,0,0,12.4924,639.192
1333,12,0,0,12.47,524.133
2163,12,0,0,12.4433,383.309
2023,12,0,0,12.4173,241.926
1787,12,0,0,12.4097,202.721
1788,12,0,0,12.4089,199.018
943,12,0,0,12.3895,103.973
934,12,0,0,12.3793,49.9245
933,12,0,0,12.3706,2.93996
936,12,0,0,12.37,0
999,12,0,1,12.772,2014.06,0.0941667,410.727,0.12,2
1002,12,0,1,12.7657,1980.01
1031,12,0,1,12.7512,1908.3
2031,12,0,1,12.7439,1871.31
2032,12,0,1,12.7435,1869.48
1053,12,0,1,12.7355,1829.69
1784,12,0,1,12.7322,1812.62
1069,12,0,1,12.7121,1710.61
1848,12,0,1,12.7063,1676.41
1847,12,0,1,12.7028,1656.77
1086,12,0,1,12.6991,1636.54
2036,12,0,1,12.6845,1563.64
1112,12,0,1,12.6809,1544.8
2041,12,0,1,12.6688,1483.73
2042,12,0,1,12.6494,1390.66
1564,12,0,1,12.639,1338.8
2107,12,0,1,12.6309,1297.3
1145,12,0,1,12.6243,1265.29
2053,12,0,1,12.6088,1187.98
2073,12,0,1,12.6005,1146.92
1336,12,0,1,12.5712,997.211
884,12,0,2,13.0661,3449.6,0.0738333,322.039,0.04,3
883,12,0,2,13.0367,3302.21
882,12,0,2,13.0236,3232.7
2155,12,0,2,13.0204,3216.14
2012,12,0,2,13.0037,3126.24
885,12,0,2,12.9988,3102.14
886,12,0,2,12.9785,2994.61
2013,12,0,2,12.9711,2955.14
2156,12,0,2,12.9704,2951.98
2011,12,0,2,12.9651,2924.47
891,12,0,2,12.9432,2810.01
893,12,0,2,12.9371,2779.14
894,12,0,2,12.9319,2754.39
897,12,0,2,12.913,2661.18
1028,12,0,2,12.905,2619
1026,12,0,2,12.8934,2561.27
998,12,0,2,12.8885,2536.52
999,12,0,2,12.8661,2424.79
936,12,0,3,13.2723,4456,0,0,0
1737,12,0,3,13.2608,4392.77
917,12,0,3,13.244,4309.54
916,12,0,3,13.2439,4308.63
906,12,0,3,13.218,4175.54
889,12,0,3,13.2058,4113.62
888,12,0,3,13.1852,4004.11
887,12,0,3,13.1678,3911.43
2012,12,0,3,13.1441,3793.65
884,12,0,3,13.1399,3771.64
1307,12,1,0,15.0855,554.042,0.0428333,186.826,0.28,1
1303,12,1,0,15.0745,496.053
2021,12,1,0,15.0362,306.727
1791,12,1,0,15.0283,267.142
939,12,1,0,15.0115,182.874
940,12,1,0,15.0068,151.022
934,12,1,0,14.9873,42.0448
933,12,1,0,14.9806,2.93996
936,12,1,0,14.98,0
436,12,1,1,15.3533,1934.87,0.077,335.851,0.12,2
425,12,1,1,15.3467,1900.16
420,12,1,1,15.3356,1842.37
421,12,1,1,15.3315,1815.47
417,12,1,1,15.3273,1792.19
1989,12,1,1,15.3092,1699.52
2011,12,1,1,15.291,1604.42
2156,12,1,1,15.2863,1579.41
2013,12,1,1,15.2857,1576.26
886,12,1,1,15.275,1523.21
888,12,1,1,15.2569,1424.39
903,12,1,1,15.2478,1374.54
904,12,1,1,15.2437,1353.3
925,12,1,1,15.2204,1225.93
2019,12,1,1,15.2159,1202.53
929,12,1,1,15.2155,1200.54
938,12,1,1,15.2031,1132.9
950,12,1,1,15.1878,1054.74
951,12,1,1,15.1813,1021.01
949,12,1,1,15.1701,963.892
1302,12,1,1,15.1433,823.666
1307,12,1,1,15.1284,740.869
936,12,1,2,15.5575,2927.28,0,0,0
1737,12,1,2,15.5464,2866.02
917,12,1,2,15.5329,2796.49
916,12,1,2,15.5327,2795.59
919,12,1,2,15.527,2756.5
2017,12,1,2,15.527,2756.33
2014,12,1,2,15.526,2751.58
2015,12,1,2,15.5179,2710.87
910,12,1,2,15.5178,2710.38
909,12,1,2,15.5084,2663.7
898,12,1,2,15.4952,2597.12
897,12,1,2,15.4856,2548.74
877,12,1,2,15.4631,2437.89
878,12,1,2,15.4571,2407.18
879,12,1,2,15.4486,2363.29
437,12,1,2,15.4426,2332.96
439,12,1,2,15.4392,2314.19
436,12,1,2,15.4303,2270.72
