Node, Individual, Route,Segment, Travel time, Travel cost, Attention time, Attention cost, Failure rate, Demand
1307,0,0,0,15.0555,554.042,0.0428333,186.826,0.28,1
1303,0,0,0,15.0445,496.053
2021,0,0,0,15.0062,306.727
1791,0,0,0,14.9983,267.142
939,0,0,0,14.9815,182.874
940,0,0,0,14.9768,151.022
934,0,0,0,14.9573,42.0448
933,0,0,0,14.9506,2.93996
936,0,0,0,14.95,0
1336,0,0,1,15.1993,1263.92,0.0595,259.521,0.34,2
1792,0,0,1,15.1933,1232.8
1334,0,0,1,15.1838,1186.27
1335,0,0,1,15.1732,1136.04
1341,0,0,1,15.1653,1092.01
1315,0,0,1,15.1477,995.332
1314,0,0,1,15.132,911.668
1309,0,0,1,15.1314,908.797
1308,0,0,1,15.1116,808.959
1307,0,0,1,15.0984,740.869
999,0,0,2,15.4493,2503.53,0.0515,224.627,0.17,3
1002,0,0,2,15.4424,2466.7
1031,0,0,2,15.4282,2395.75
2031,0,0,2,15.4208,2358.75
2032,0,0,2,15.4204,2356.93
1053,0,0,2,15.4127,2318.47
1784,0,0,2,15.4095,2301.77
1066,0,0,2,15.4004,2254.95
1070,0,0,2,15.3898,2198.39
1849,0,0,2,15.3791,2144.14
1108,0,0,2,15.3678,2086.26
1107,0,0,2,15.3543,2016.15
2040,0,0,2,15.3436,1959.09
1783,0,0,2,15.3275,1875.04
1153,0,0,2,15.3203,1838.82
1154,0,0,2,15.3098,1782.55
1324,0,0,2,15.3047,1756.63
1325,0,0,2,15.2937,1702.32
2073,0,0,2,15.286,1664.53
1336,0,0,2,15.2588,1523.44
436,0,0,3,15.6103,3296.28,0.077,335.851,0.12,4
425,0,0,3,15.6038,3261.57
426,0,0,3,15.5992,3238.26
424,0,0,3,15.5973,3225.38
613,0,0,3,15.5926,3198.86
611,0,0,3,15.5876,3166.62
619,0,0,3,15.5697,3074.45
618,0,0,3,15.5673,3062.61
615,0,0,3,15.5658,3050.83
617,0,0,3,15.5623,3033.28
616,0,0,3,15.5547,2995.31
676,0,0,3,15.5485,2964.25
674,0,0,3,15.5374,2910.2
675,0,0,3,15.5309,2877.13
962,0,0,3,15.5184,2819.34
961,0,0,3,15.5136,2793.06
999,0,0,3,15.5008,2728.16
884,0,0,4,15.8267,4334.48,0.0453333,197.73,0.06,5
1987,0,0,4,15.7913,4153.1
428,0,0,4,15.7863,4127.73
429,0,0,4,15.7643,4017.4
1988,0,0,4,15.74,3891.37
430,0,0,4,15.7364,3873.19
1989,0,0,4,15.7275,3832.45
432,0,0,4,15.7225,3807.66
435,0,0,4,15.7172,3781.07
431,0,0,4,15.7104,3747.02
439,0,0,4,15.6962,3675.59
436,0,0,4,15.6873,3632.13
936,0,0,5,15.9966,5183.24,0,0,0
1737,0,0,5,15.9855,5121.97
917,0,0,5,15.972,5052.45
916,0,0,5,15.9719,5051.54
906,0,0,5,15.9486,4929.48
889,0,0,5,15.9361,4866.09
888,0,0,5,15.9161,4759.15
887,0,0,5,15.8994,4669.42
2012,0,0,5,15.8768,4556.38
884,0,0,5,15.8721,4532.22
1307,1,0,0,14.3855,554.042,0.0546667,238.44,0.3,1
1303,1,0,0,14.3745,496.053
2021,1,0,0,14.3362,306.727
1791,1,0,0,14.3283,267.142
939,1,0,0,14.3115,182.874
940,1,0,0,14.3068,151.022
934,1,0,0,14.2873,42.0448
933,1,0,0,14.2806,2.93996
936,1,0,0,14.28,0
1336,1,0,1,14.5511,1357.19,0.0633333,276.241,0.28,2
1792,1,0,1,14.5428,1316.37
1334,1,0,1,14.533,1268.49
1335,1,0,1,14.5224,1218.26
1341,1,0,1,14.5138,1171.29
1315,1,0,1,14.4964,1075.52
1314,1,0,1,14.4763,973.405
1309,1,0,1,14.4757,970.535
1308,1,0,1,14.4594,885.27
1307,1,0,1,14.4402,792.482
999,1,0,2,14.8102,2633.05,0.0648333,282.783,0.16,3
1002,1,0,2,14.8061,2604.98
1031,1,0,2,14.7932,2539.71
2031,1,0,2,14.7859,2502.72
2032,1,0,2,14.7855,2500.89
1053,1,0,2,14.7779,2463
1784,1,0,2,14.7745,2445.25
1069,1,0,2,14.7534,2339.45
1848,1,0,2,14.7476,2305.2
1109,1,0,2,14.7388,2257.6
1113,1,0,2,14.7317,2222.36
2036,1,0,2,14.7242,2185.46
1112,1,0,2,14.7206,2166.62
2041,1,0,2,14.7068,2098.35
2042,1,0,2,14.6934,2030.26
1564,1,0,2,14.6821,1974.64
2107,1,0,2,14.672,1924.73
1145,1,0,2,14.6652,1892.06
2053,1,0,2,14.6522,1825.07
2073,1,0,2,14.6446,1786.93
1336,1,0,2,14.6144,1633.44
436,1,0,3,14.9944,3523.09,0.038,165.745,0.13,4
425,1,0,3,14.9879,3488.71
426,1,0,3,14.9829,3463.16
424,1,0,3,14.9808,3450.15
613,1,0,3,14.9732,3411.22
611,1,0,3,14.9674,3377.78
619,1,0,3,14.9495,3285.62
618,1,0,3,14.9471,3273.85
615,1,0,3,14.9456,3262.06
617,1,0,3,14.9421,3244.51
616,1,0,3,14.9355,3210.58
676,1,0,3,14.9293,3179.52
674,1,0,3,14.9144,3109.87
675,1,0,3,14.9078,3076.79
962,1,0,3,14.8992,3034.7
961,1,0,3,14.8919,2997.65
999,1,0,3,14.875,2915.84
884,1,0,4,15.1718,4391.19,0.0453333,197.73,0.06,5
1987,1,0,4,15.1364,4209.8
428,1,0,4,15.1314,4184.43
429,1,0,4,15.1094,4074.1
1988,1,0,4,15.085,3948.08
430,1,0,4,15.0815,3929.9
1989,1,0,4,15.0726,3889.15
432,1,0,4,15.0676,3864.36
435,1,0,4,15.0623,3837.77
431,1,0,4,15.0554,3803.72
439,1,0,4,15.0413,3732.3
436,1,0,4,15.0324,3688.83
936,1,0,5,15.3417,5239.94,0,0,0
1737,1,0,5,15.3306,5178.68
917,1,0,5,15.3171,5109.15
916,1,0,5,15.3169,5108.24
906,1,0,5,15.2936,4986.19
889,1,0,5,15.2811,4922.79
888,1,0,5,15.2612,4815.85
887,1,0,5,15.2444,4726.13
2012,1,0,5,15.2219,4613.09
884,1,0,5,15.2171,4588.92
1307,2,0,0,13.8217,580.427,0.0495,215.904,0.34,1
1303,2,0,0,13.8069,506.554
2021,2,0,0,13.7752,344.641
1791,2,0,0,13.7659,299.315
939,2,0,0,13.7527,230.444
940,2,0,0,13.748,198.593
934,2,0,0,13.7209,56.8666
933,2,0,0,13.7106,2.93996
936,2,0,0,13.71,0
1336,2,0,1,13.972,1319.25,0.0515,224.627,0.24,2
1792,2,0,1,13.9658,1286.83
1334,2,0,1,13.9578,1246.39
1335,2,0,1,13.9471,1196.16
1341,2,0,1,13.9396,1153.46
1315,2,0,1,13.9194,1045.7
1314,2,0,1,13.9025,956.845
1309,2,0,1,13.9019,953.975
1308,2,0,1,13.8878,878.201
1307,2,0,1,13.8712,796.332
999,2,0,2,14.2193,2543.49,0.0648333,282.783,0.16,3
1002,2,0,2,14.2152,2515.42
1031,2,0,2,14.2023,2450.15
2031,2,0,2,14.195,2413.15
2032,2,0,2,14.1946,2411.33
1053,2,0,2,14.187,2373.44
1784,2,0,2,14.1836,2355.69
1069,2,0,2,14.1626,2249.89
1848,2,0,2,14.1567,2215.63
1109,2,0,2,14.1479,2168.04
1113,2,0,2,14.1408,2132.79
2036,2,0,2,14.1333,2095.89
1112,2,0,2,14.1297,2077.06
2041,2,0,2,14.1159,2008.79
2042,2,0,2,14.1026,1940.7
1564,2,0,2,14.0912,1885.08
2107,2,0,2,14.0811,1835.17
1145,2,0,2,14.0743,1802.49
2053,2,0,2,14.0613,1735.5
2073,2,0,2,14.0537,1697.36
1336,2,0,2,14.0235,1543.87
436,2,0,3,14.4035,3433.53,0.038,165.745,0.13,4
425,2,0,3,14.397,3399.14
426,2,0,3,14.392,3373.6
424,2,0,3,14.3899,3360.59
613,2,0,3,14.3823,3321.66
611,2,0,3,14.3765,3288.22
619,2,0,3,14.3586,3196.05
618,2,0,3,14.3562,3184.29
615,2,0,3,14.3547,3172.5
617,2,0,3,14.3512,3154.95
616,2,0,3,14.3446,3121.02
676,2,0,3,14.3384,3089.96
674,2,0,3,14.3235,3020.31
675,2,0,3,14.3169,2987.23
962,2,0,3,14.3083,2945.14
961,2,0,3,14.301,2908.09
999,2,0,3,14.2842,2826.27
884,2,0,4,14.5957,4363.53,0.0611667,266.791,0.05,5
1987,2,0,4,14.5527,4150.53
428,2,0,4,14.5477,4125.17
429,2,0,4,14.5209,3995.16
1988,2,0,4,14.4924,3851.54
430,2,0,4,14.489,3834.28
1989,2,0,4,14.484,3809.19
432,2,0,4,14.4778,3779.12
435,2,0,4,14.4724,3752.53
431,2,0,4,14.4656,3718.73
439,2,0,4,14.4492,3637.64
436,2,0,4,14.4415,3599.27
936,2,0,5,14.7948,5337.56,0,0,0
1737,2,0,5,14.7826,5271.42
917,2,0,5,14.768,5197.25
916,2,0,5,14.7678,5196.34
906,2,0,5,14.7384,5048.42
889,2,0,5,14.7278,4993.18
888,2,0,5,14.7003,4854.56
887,2,0,5,14.6859,4774.73
2012,2,0,5,14.6613,4653.34
884,2,0,5,14.6569,4630.32
884,3,0,0,14.4083,938.52,0.0611667,266.791,0.05,1
883,3,0,0,14.3759,777.951
882,3,0,0,14.3627,708.309
2155,3,0,0,14.3592,690.597
901,3,0,0,14.3278,524.626
902,3,0,0,14.3149,454.953
904,3,0,0,14.3018,384.906
925,3,0,0,14.2803,265.332
2019,3,0,0,14.2751,239.037
929,3,0,0,14.2747,237.053
930,3,0,0,14.2544,130.978
931,3,0,0,14.2492,102.033
932,3,0,0,14.235,25.8242
933,3,0,0,14.2306,2.93996
936,3,0,0,14.23,0
436,3,0,1,14.588,1816.23,0.038,165.745,0.13,2
425,3,0,1,14.5815,1781.85
420,3,0,1,14.567,1709.7
421,3,0,1,14.563,1682.88
417,3,0,1,14.5589,1660.21
1989,3,0,1,14.541,1568.29
2011,3,0,1,14.5208,1464.73
2156,3,0,1,14.5151,1435.43
2013,3,0,1,14.5144,1432.28
886,3,0,1,14.5041,1380.66
885,3,0,1,14.4797,1255.93
2012,3,0,1,14.474,1228.33
884,3,0,1,14.4695,1205.31
999,3,0,2,14.7231,2469.37,0.0648333,282.783,0.16,3
961,3,0,2,14.7049,2381.87
962,3,0,2,14.6972,2343.18
675,3,0,2,14.6874,2296.4
674,3,0,2,14.6825,2270.37
676,3,0,2,14.6785,2243.04
616,3,0,2,14.6719,2210.39
606,3,0,2,14.6518,2111.68
610,3,0,2,14.6401,2054.36
436,3,0,2,14.626,1981.97
1336,3,0,3,14.978,3741.42,0.0633333,276.241,0.28,4
1792,3,0,3,14.9697,3700.6
1334,3,0,3,14.9599,3652.71
1325,3,0,3,14.9353,3525.25
1156,3,0,3,14.9278,3488.14
1155,3,0,3,14.9162,3427.72
2052,3,0,3,14.9112,3401.84
1782,3,0,3,14.9048,3369.23
2043,3,0,3,14.8962,3310.49
1111,3,0,3,14.8861,3256.31
1110,3,0,3,14.8802,3226.45
1113,3,0,3,14.866,3153.17
1847,3,0,3,14.8573,3105.9
1068,3,0,3,14.8467,3051.77
1785,3,0,3,14.8418,3026.31
1053,3,0,3,14.825,2938.88
2032,3,0,3,14.8156,2893.36
2031,3,0,3,14.8152,2891.54
1031,3,0,3,14.8071,2851.24
1002,3,0,3,14.7942,2785.93
999,3,0,3,14.788,2752.15
1307,3,0,4,15.1532,4587.33,0.0428333,186.826,0.28,5
1308,3,0,4,15.139,4515.06
1309,3,0,4,15.1195,4416.83
1314,3,0,4,15.119,4413.96
1315,3,0,4,15.0986,4310.56
1341,3,0,4,15.0791,4205.84
1342,3,0,4,15.0705,4163.11
1334,3,0,4,15.0595,4106.38
1792,3,0,4,15.0471,4047.85
1336,3,0,4,15.0413,4017.66
936,3,0,5,15.3051,5346.52,0,0,0
933,3,0,5,15.3045,5343.58
934,3,0,5,15.299,5305.93
935,3,0,5,15.2985,5303.32
2020,3,0,5,15.2874,5246.35
943,3,0,5,15.2866,5242.41
942,3,0,5,15.2787,5201.34
941,3,0,5,15.2672,5143.19
1790,3,0,5,15.2543,5076.02
2022,3,0,5,15.2438,5025.13
2021,3,0,5,15.2336,4971.44
1303,3,0,5,15.2118,4851.73
1307,3,0,5,15.196,4774.15
1336,4,0,0,12.8779,764.587,0.0533333,232.624,0.21,1
1792,4,0,0,12.8704,727.242
1334,4,0,0,12.8631,689.424
1335,4,0,0,12.8524,639.192
1333,4,0,0,12.83,524.133
2163,4,0,0,12.8033,383.309
2023,4,0,0,12.7773,241.926
1787,4,0,0,12.7697,202.721
1788,4,0,0,12.7689,199.018
943,4,0,0,12.7495,103.973
934,4,0,0,12.7393,49.9245
933,4,0,0,12.7306,2.93996
936,4,0,0,12.73,0
1307,4,0,1,13.0396,1551.85,0.0495,215.904,0.34,2
1308,4,0,1,13.028,1490.8
1309,4,0,1,13.0105,1400.7
1314,4,0,1,13.01,1397.83
1315,4,0,1,12.997,1325.89
1341,4,0,1,12.9726,1200.6
1342,4,0,1,12.964,1157.87
1334,4,0,1,12.9518,1095.73
1792,4,0,1,12.9393,1037.19
1336,4,0,1,12.9312,997.211
884,4,0,2,13.2994,2884.57,0.0738333,322.039,0.04,3
883,4,0,2,13.2721,2745.5
882,4,0,2,13.2606,2683.23
2155,4,0,2,13.2573,2666.51
901,4,0,2,13.2304,2519.33
902,4,0,2,13.2174,2449.78
904,4,0,2,13.2042,2378.8
925,4,0,2,13.1807,2250.91
2019,4,0,2,13.1753,2223.64
929,4,0,2,13.1749,2221.66
938,4,0,2,13.1629,2155.81
950,4,0,2,13.1494,2085.25
951,4,0,2,13.1424,2049.53
949,4,0,2,13.1314,1993.05
1302,4,0,2,13.1124,1886.33
1307,4,0,2,13.0891,1767.76
436,4,0,3,13.4889,3805.83,0.0588333,256.613,0.14,4
425,4,0,3,13.4814,3767.02
420,4,0,3,13.4657,3689.85
421,4,0,3,13.4617,3663.07
417,4,0,3,13.4572,3638.59
1989,4,0,3,13.4406,3552.18
2011,4,0,3,13.4229,3458.99
2156,4,0,3,13.4176,3431.66
2013,4,0,3,13.4169,3428.51
886,4,0,3,13.405,3370.33
885,4,0,3,13.3831,3256.21
2012,4,0,3,13.3774,3228.61
884,4,0,3,13.3732,3206.6
999,4,0,4,13.6408,4528.39,0.056,244.255,0.15,5
961,4,0,4,13.6251,4451.32
962,4,0,4,13.6174,4412.62
675,4,0,4,13.6063,4360.51
674,4,0,4,13.6001,4329.15
669,4,0,4,13.5836,4245.23
673,4,0,4,13.5741,4196.46
438,4,0,4,13.5685,4168.77
437,4,0,4,13.5588,4119.57
439,4,0,4,13.5549,4098.71
436,4,0,4,13.5478,4062.44
936,4,0,5,13.8188,5401.61,0,0,0
1737,4,0,5,13.8073,5338.38
917,4,0,5,13.7905,5255.15
916,4,0,5,13.7903,5254.24
919,4,0,5,13.7846,5215.15
2017,4,0,5,13.7845,5214.98
2014,4,0,5,13.7835,5209.96
2015,4,0,5,13.7754,5169.25
910,4,0,5,13.7753,5168.76
909,4,0,5,13.767,5126.62
1051,4,0,5,13.7571,5076.46
1025,4,0,5,13.7449,5015.16
1029,4,0,5,13.731,4945.8
1026,4,0,5,13.7204,4893.76
998,4,0,5,13.7159,4870.63
999,4,0,5,13.6968,4772.65
884,5,0,0,13.3634,917.424,0.0738333,322.039,0.04,1
883,5,0,0,13.3361,778.363
882,5,0,0,13.3246,716.093
2155,5,0,0,13.3214,699.368
901,5,0,0,13.2944,552.187
902,5,0,0,13.2815,482.635
904,5,0,0,13.2682,411.663
925,5,0,0,13.2448,283.766
2019,5,0,0,13.2394,256.499
929,5,0,0,13.239,254.516
930,5,0,0,13.222,162.739
931,5,0,0,13.21,105.498
932,5,0,0,13.1961,30.6376
933,5,0,0,13.1906,2.93996
936,5,0,0,13.19,0
436,5,0,1,13.553,1838.69,0.0588333,256.613,0.14,2
425,5,0,1,13.5454,1799.87
420,5,0,1,13.5297,1722.71
421,5,0,1,13.5257,1695.93
417,5,0,1,13.5212,1671.45
1989,5,0,1,13.5047,1585.04
2011,5,0,1,13.4869,1491.85
2156,5,0,1,13.4817,1464.52
2013,5,0,1,13.481,1461.37
886,5,0,1,13.4691,1403.19
885,5,0,1,13.4472,1289.07
2012,5,0,1,13.4415,1261.47
884,5,0,1,13.4373,1239.46
999,5,0,2,13.7048,2561.25,0.056,244.255,0.15,3
961,5,0,2,13.6892,2484.18
962,5,0,2,13.6814,2445.48
675,5,0,2,13.6703,2393.37
674,5,0,2,13.6642,2362
669,5,0,2,13.6477,2278.09
673,5,0,2,13.6381,2229.32
438,5,0,2,13.6326,2201.63
437,5,0,2,13.6229,2152.43
439,5,0,2,13.619,2131.57
436,5,0,2,13.6118,2095.3
1336,5,0,3,13.9733,3875.04,0.0515,224.627,0.24,4
1792,5,0,3,13.967,3842.63
1334,5,0,3,13.959,3802.19
1325,5,0,3,13.9318,3663.75
1156,5,0,3,13.9227,3620.04
1155,5,0,3,13.9097,3553.72
2052,5,0,3,13.9044,3526.72
1782,5,0,3,13.8978,3492.98
2043,5,0,3,13.8848,3422.45
1111,5,0,3,13.8699,3348.01
1109,5,0,3,13.8525,3261.56
1848,5,0,3,13.8324,3167.05
1069,5,0,3,13.8245,3124.51
1784,5,0,3,13.8073,3035.04
1053,5,0,3,13.8034,3015.22
2032,5,0,3,13.793,2965.69
2031,5,0,3,13.7926,2963.86
1031,5,0,3,13.7827,2916.46
1002,5,0,3,13.7685,2845.73
999,5,0,3,13.7608,2805.51
1307,5,0,4,14.1536,4738.18,0.0546667,238.44,0.3,5
1308,5,0,4,14.1424,4678.61
1309,5,0,4,14.1241,4585.25
1314,5,0,4,14.1235,4582.38
1315,5,0,4,14.0854,4406.68
1341,5,0,4,14.0653,4299.2
1342,5,0,4,14.0567,4256.47
1334,5,0,4,14.0459,4200.59
1792,5,0,4,14.0335,4142.05
1336,5,0,4,14.0248,4099.67
936,5,0,5,14.3293,5599.34,0,0,0
933,5,0,5,14.3287,5596.4
934,5,0,5,14.3231,5558.75
935,5,0,5,14.3226,5556.14
2020,5,0,5,14.3116,5499.17
943,5,0,5,14.3107,5495.23
942,5,0,5,14.3033,5456.1
941,5,0,5,14.2914,5396.54
1790,5,0,5,14.275,5314.41
2022,5,0,5,14.2645,5263.51
2021,5,0,5,14.25,5192.08
1303,5,0,5,14.2173,5025.93
1307,5,0,5,14.2083,4976.62
999,6,0,0,14.7834,633.053,0.0648333,282.783,0.16,1
1002,6,0,0,14.7793,604.982
1024,6,0,0,14.7583,498.436
1029,6,0,0,14.7523,469.049
1027,6,0,0,14.7394,405.671
1051,6,0,0,14.727,342.327
1052,6,0,0,14.7194,303.497
1804,6,0,0,14.7189,301.389
2015,6,0,0,14.7077,245.173
2014,6,0,0,14.6999,205.533
2017,6,0,0,14.6987,199.838
2170,6,0,0,14.6959,185.645
1738,6,0,0,14.6793,101.655
1737,6,0,0,14.6733,71.1284
936,6,0,0,14.66,0
436,6,0,1,14.9676,1523.09,0.038,165.745,0.13,2
425,6,0,1,14.9611,1488.71
426,6,0,1,14.9561,1463.17
424,6,0,1,14.954,1450.15
613,6,0,1,14.9464,1411.22
611,6,0,1,14.9406,1377.78
619,6,0,1,14.9227,1285.62
618,6,0,1,14.9204,1273.85
615,6,0,1,14.9188,1262.06
617,6,0,1,14.9153,1244.52
616,6,0,1,14.9087,1210.59
676,6,0,1,14.9025,1179.52
674,6,0,1,14.8876,1109.87
675,6,0,1,14.8811,1076.79
962,6,0,1,14.8724,1034.7
961,6,0,1,14.8651,997.651
999,6,0,1,14.8483,915.837
884,6,0,2,15.145,2391.19,0.0453333,197.73,0.06,3
1987,6,0,2,15.1096,2209.8
428,6,0,2,15.1046,2184.44
429,6,0,2,15.0826,2074.11
1988,6,0,2,15.0583,1948.08
430,6,0,2,15.0547,1929.9
1989,6,0,2,15.0458,1889.15
432,6,0,2,15.0408,1864.37
435,6,0,2,15.0355,1837.77
431,6,0,2,15.0287,1803.72
439,6,0,2,15.0145,1732.3
436,6,0,2,15.0056,1688.84
1307,6,0,3,15.3728,3531.06,0.0428333,186.826,0.28,4
1302,6,0,3,15.3564,3441.89
949,6,0,3,15.3341,3321.04
2025,6,0,3,15.3306,3303.58
1598,6,0,3,15.3258,3278.21
948,6,0,3,15.3209,3251.48
928,6,0,3,15.3109,3195.77
923,6,0,3,15.2688,2990.86
924,6,0,3,15.2605,2951.54
914,6,0,3,15.2409,2847.9
902,6,0,3,15.2342,2810.86
887,6,0,3,15.2177,2726.13
2012,6,0,3,15.1951,2613.09
884,6,0,3,15.1904,2588.92
936,6,0,4,15.5247,4290.25,0,0,0
933,6,0,4,15.5241,4287.31
934,6,0,4,15.5186,4249.67
935,6,0,4,15.5181,4247.06
2020,6,0,4,15.507,4190.08
943,6,0,4,15.5062,4186.15
942,6,0,4,15.4983,4145.08
941,6,0,4,15.4868,4086.93
1790,6,0,4,15.4739,4019.76
2022,6,0,4,15.4634,3968.87
2021,6,0,4,15.4532,3915.18
1303,6,0,4,15.4314,3795.47
1307,6,0,4,15.4156,3717.89
1336,6,1,0,13.3145,750.638,0.0515,224.627,0.24,1
1792,6,1,0,13.3082,718.22
1334,6,1,0,13.3002,677.786
1335,6,1,0,13.2896,627.554
1333,6,1,0,13.2725,535.212
2163,6,1,0,13.2442,387.56
2023,6,1,0,13.2145,230.349
1787,6,1,0,13.2064,189.064
1788,6,1,0,13.2056,185.36
943,6,1,0,13.1897,104.713
934,6,1,0,13.1809,56.8666
933,6,1,0,13.1706,2.93996
936,6,1,0,13.17,0
936,6,1,1,13.523,1782.92,0,0,0
933,6,1,1,13.5224,1779.98
934,6,1,1,13.5169,1742.34
935,6,1,1,13.5164,1739.73
2020,6,1,1,13.5053,1682.75
1787,6,1,1,13.4854,1584.44
2023,6,1,1,13.476,1537.62
2163,6,1,1,13.447,1383.21
1333,6,1,1,13.4165,1226.46
1335,6,1,1,13.3907,1097.21
1334,6,1,1,13.3848,1066.52
1792,6,1,1,13.3724,1007.99
1336,6,1,1,13.366,975.265
1336,7,0,0,13.9545,750.638,0.0515,224.627,0.24,1
1792,7,0,0,13.9482,718.22
1334,7,0,0,13.9402,677.786
1335,7,0,0,13.9296,627.554
1333,7,0,0,13.9125,535.212
2163,7,0,0,13.8842,387.56
2023,7,0,0,13.8545,230.349
1787,7,0,0,13.8464,189.064
1788,7,0,0,13.8456,185.36
943,7,0,0,13.8297,104.713
934,7,0,0,13.8209,56.8666
933,7,0,0,13.8106,2.93996
936,7,0,0,13.81,0
999,7,0,1,14.2018,1974.88,0.0648333,282.783,0.16,2
1002,7,0,1,14.1977,1946.81
1031,7,0,1,14.1848,1881.54
2031,7,0,1,14.1774,1844.55
2032,7,0,1,14.177,1842.72
1053,7,0,1,14.1694,1804.83
1784,7,0,1,14.166,1787.08
1069,7,0,1,14.145,1681.28
1848,7,0,1,14.1392,1647.03
1109,7,0,1,14.1304,1599.43
1113,7,0,1,14.1233,1564.19
2036,7,0,1,14.1158,1527.29
1112,7,0,1,14.1121,1508.45
2041,7,0,1,14.0984,1440.18
2042,7,0,1,14.085,1372.09
1564,7,0,1,14.0737,1316.47
2107,7,0,1,14.0635,1266.56
1145,7,0,1,14.0568,1233.89
2053,7,0,1,14.0437,1166.9
2073,7,0,1,14.0362,1128.76
1336,7,0,1,14.006,975.265
436,7,0,2,14.386,2864.92,0.038,165.745,0.13,3
425,7,0,2,14.3795,2830.54
426,7,0,2,14.3744,2804.99
424,7,0,2,14.3724,2791.98
613,7,0,2,14.3648,2753.05
611,7,0,2,14.3589,2719.61
619,7,0,2,14.341,2627.45
618,7,0,2,14.3387,2615.68
615,7,0,2,14.3372,2603.89
617,7,0,2,14.3337,2586.34
616,7,0,2,14.3271,2552.41
676,7,0,2,14.3209,2521.35
674,7,0,2,14.306,2451.7
675,7,0,2,14.2994,2418.62
962,7,0,2,14.2908,2376.53
961,7,0,2,14.2834,2339.48
999,7,0,2,14.2666,2257.67
884,7,0,3,14.5781,3794.92,0.0611667,266.791,0.05,4
1987,7,0,3,14.5352,3581.93
428,7,0,3,14.5301,3556.56
429,7,0,3,14.5034,3426.55
1988,7,0,3,14.4748,3282.93
430,7,0,3,14.4715,3265.67
1989,7,0,3,14.4664,3240.59
432,7,0,3,14.4602,3210.51
435,7,0,3,14.4549,3183.92
431,7,0,3,14.4481,3150.12
439,7,0,3,14.4316,3069.03
436,7,0,3,14.424,3030.67
936,7,0,4,14.7772,4768.95,0,0,0
1737,7,0,4,14.765,4702.81
917,7,0,4,14.7504,4628.64
916,7,0,4,14.7503,4627.73
906,7,0,4,14.7208,4479.81
889,7,0,4,14.7102,4424.57
888,7,0,4,14.6828,4285.96
887,7,0,4,14.6684,4206.12
2012,7,0,4,14.6438,4084.73
884,7,0,4,14.6393,4061.71
1307,7,1,0,15.0855,554.042,0.0428333,186.826,0.28,1
1303,7,1,0,15.0745,496.053
2021,7,1,0,15.0362,306.727
1791,7,1,0,15.0283,267.142
939,7,1,0,15.0115,182.874
940,7,1,0,15.0068,151.022
934,7,1,0,14.9873,42.0448
933,7,1,0,14.9806,2.93996
936,7,1,0,14.98,0
936,7,1,1,15.2375,1313.23,0,0,0
933,7,1,1,15.2369,1310.29
934,7,1,1,15.2314,1272.64
935,7,1,1,15.2308,1270.04
2020,7,1,1,15.2198,1213.06
943,7,1,1,15.2189,1209.13
942,7,1,1,15.2111,1168.06
941,7,1,1,15.1995,1109.91
1790,7,1,1,15.1867,1042.74
2022,7,1,1,15.1762,991.844
2021,7,1,1,15.1659,938.155
1303,7,1,1,15.1441,818.443
1307,7,1,1,15.1284,740.869
999,8,0,0,14.7834,633.053,0.0648333,282.783,0.16,1
1002,8,0,0,14.7793,604.982
1024,8,0,0,14.7583,498.436
1029,8,0,0,14.7523,469.049
1027,8,0,0,14.7394,405.671
1051,8,0,0,14.727,342.327
1052,8,0,0,14.7194,303.497
1804,8,0,0,14.7189,301.389
2015,8,0,0,14.7077,245.173
2014,8,0,0,14.6999,205.533
2017,8,0,0,14.6987,199.838
2170,8,0,0,14.6959,185.645
1738,8,0,0,14.6793,101.655
1737,8,0,0,14.6733,71.1284
936,8,0,0,14.66,0
436,8,0,1,14.9676,1523.09,0.038,165.745,0.13,2
425,8,0,1,14.9611,1488.71
426,8,0,1,14.9561,1463.17
424,8,0,1,14.954,1450.15
613,8,0,1,14.9464,1411.22
611,8,0,1,14.9406,1377.78
619,8,0,1,14.9227,1285.62
618,8,0,1,14.9204,1273.85
615,8,0,1,14.9188,1262.06
617,8,0,1,14.9153,1244.52
616,8,0,1,14.9087,1210.59
676,8,0,1,14.9025,1179.52
674,8,0,1,14.8876,1109.87
675,8,0,1,14.8811,1076.79
962,8,0,1,14.8724,1034.7
961,8,0,1,14.8651,997.651
999,8,0,1,14.8483,915.837
884,8,0,2,15.145,2391.19,0.0453333,197.73,0.06,3
1987,8,0,2,15.1096,2209.8
428,8,0,2,15.1046,2184.44
429,8,0,2,15.0826,2074.11
1988,8,0,2,15.0583,1948.08
430,8,0,2,15.0547,1929.9
1989,8,0,2,15.0458,1889.15
432,8,0,2,15.0408,1864.37
435,8,0,2,15.0355,1837.77
431,8,0,2,15.0287,1803.72
439,8,0,2,15.0145,1732.3
436,8,0,2,15.0056,1688.84
1307,8,0,3,15.3728,3531.06,0.0428333,186.826,0.28,4
1302,8,0,3,15.3564,3441.89
949,8,0,3,15.3341,3321.04
2025,8,0,3,15.3306,3303.58
1598,8,0,3,15.3258,3278.21
948,8,0,3,15.3209,3251.48
928,8,0,3,15.3109,3195.77
923,8,0,3,15.2688,2990.86
924,8,0,3,15.2605,2951.54
914,8,0,3,15.2409,2847.9
902,8,0,3,15.2342,2810.86
887,8,0,3,15.2177,2726.13
2012,8,0,3,15.1951,2613.09
884,8,0,3,15.1904,2588.92
936,8,0,4,15.5247,4290.25,0,0,0
933,8,0,4,15.5241,4287.31
934,8,0,4,15.5186,4249.67
935,8,0,4,15.5181,4247.06
2020,8,0,4,15.507,4190.08
943,8,0,4,15.5062,4186.15
942,8,0,4,15.4983,4145.08
941,8,0,4,15.4868,4086.93
1790,8,0,4,15.4739,4019.76
2022,8,0,4,15.4634,3968.87
2021,8,0,4,15.4532,3915.18
1303,8,0,4,15.4314,3795.47
1307,8,0,4,15.4156,3717.89
1336,8,1,0,12.9679,764.587,0.0533333,232.624,0.21,1
1792,8,1,0,12.9604,727.242
1334,8,1,0,12.9531,689.424
1335,8,1,0,12.9424,639.192
1333,8,1,0,12.92,524.133
2163,8,1,0,12.8933,383.309
2023,8,1,0,12.8673,241.926
1787,8,1,0,12.8597,202.721
1788,8,1,0,12.8589,199.018
943,8,1,0,12.8395,103.973
934,8,1,0,12.8293,49.9245
933,8,1,0,12.8206,2.93996
936,8,1,0,12.82,0
936,8,1,1,13.1783,1804.87,0,0,0
933,8,1,1,13.1777,1801.93
934,8,1,1,13.1721,1764.28
935,8,1,1,13.1716,1761.67
2020,8,1,1,13.1606,1704.7
1787,8,1,1,13.1407,1606.38
2023,8,1,1,13.1312,1559.56
2163,8,1,1,13.1022,1405.16
1333,8,1,1,13.0718,1248.41
1335,8,1,1,13.0459,1119.15
1334,8,1,1,13.04,1088.47
1792,8,1,1,13.0276,1029.93
1336,8,1,1,13.0212,997.211
1336,9,0,0,12.8779,764.587,0.0533333,232.624,0.21,1
1792,9,0,0,12.8704,727.242
1334,9,0,0,12.8631,689.424
1335,9,0,0,12.8524,639.192
1333,9,0,0,12.83,524.133
2163,9,0,0,12.8033,383.309
2023,9,0,0,12.7773,241.926
1787,9,0,0,12.7697,202.721
1788,9,0,0,12.7689,199.018
943,9,0,0,12.7495,103.973
934,9,0,0,12.7393,49.9245
933,9,0,0,12.7306,2.93996
936,9,0,0,12.73,0
999,9,0,1,13.132,2014.06,0.056,244.255,0.15,2
1002,9,0,1,13.1257,1980.01
1031,9,0,1,13.1112,1908.3
2031,9,0,1,13.1039,1871.31
2032,9,0,1,13.1035,1869.48
1053,9,0,1,13.0955,1829.69
1784,9,0,1,13.0922,1812.62
1069,9,0,1,13.0721,1710.61
1848,9,0,1,13.0663,1676.41
1847,9,0,1,13.0628,1656.77
1086,9,0,1,13.0591,1636.54
2036,9,0,1,13.0445,1563.64
1112,9,0,1,13.0409,1544.8
2041,9,0,1,13.0288,1483.73
2042,9,0,1,13.0094,1390.66
1564,9,0,1,12.999,1338.8
2107,9,0,1,12.9909,1297.3
1145,9,0,1,12.9843,1265.29
2053,9,0,1,12.9688,1187.98
2073,9,0,1,12.9605,1146.92
1336,9,0,1,12.9312,997.211
436,9,0,2,13.2991,2856.62,0.0588333,256.613,0.14,3
425,9,0,2,13.2916,2817.81
426,9,0,2,13.2853,2787.07
424,9,0,2,13.283,2773.64
613,9,0,2,13.275,2733.27
611,9,0,2,13.2681,2695.38
609,9,0,2,13.2662,2677.54
628,9,0,2,13.2563,2603.53
615,9,0,2,13.2515,2575.55
617,9,0,2,13.248,2558
616,9,0,2,13.2403,2519.79
676,9,0,2,13.2342,2488.72
674,9,0,2,13.2237,2437.23
675,9,0,2,13.2171,2404.16
962,9,0,2,13.2067,2354.79
961,9,0,2,13.2013,2325.66
999,9,0,2,13.188,2258.32
884,9,0,3,13.5067,3854.6,0.0738333,322.039,0.04,4
1987,9,0,3,13.4688,3662.59
428,9,0,3,13.4638,3637.22
429,9,0,3,13.4387,3514.15
1988,9,0,3,13.4123,3379.49
430,9,0,3,13.4087,3361.32
1989,9,0,3,13.4035,3335.59
432,9,0,3,13.3993,3313.57
435,9,0,3,13.3939,3286.98
431,9,0,3,13.3867,3251.25
439,9,0,3,13.3652,3149.5
436,9,0,3,13.358,3113.24
936,9,0,4,13.713,4861,0,0,0
1737,9,0,4,13.7015,4797.77
917,9,0,4,13.6847,4714.53
916,9,0,4,13.6845,4713.63
906,9,0,4,13.6586,4580.54
889,9,0,4,13.6465,4518.62
888,9,0,4,13.6259,4409.11
887,9,0,4,13.6085,4316.43
2012,9,0,4,13.5848,4198.65
884,9,0,4,13.5806,4176.64
1307,9,1,0,15.0055,554.042,0.0428333,186.826,0.28,1
1303,9,1,0,14.9945,496.053
2021,9,1,0,14.9562,306.727
1791,9,1,0,14.9483,267.142
939,9,1,0,14.9315,182.874
940,9,1,0,14.9268,151.022
934,9,1,0,14.9073,42.0448
933,9,1,0,14.9006,2.93996
936,9,1,0,14.9,0
936,9,1,1,15.1575,1313.23,0,0,0
933,9,1,1,15.1569,1310.29
934,9,1,1,15.1514,1272.64
935,9,1,1,15.1508,1270.04
2020,9,1,1,15.1398,1213.06
943,9,1,1,15.1389,1209.13
942,9,1,1,15.1311,1168.06
941,9,1,1,15.1195,1109.91
1790,9,1,1,15.1067,1042.74
2022,9,1,1,15.0962,991.844
2021,9,1,1,15.0859,938.155
1303,9,1,1,15.0641,818.443
1307,9,1,1,15.0484,740.869
1336,10,0,0,12.5479,764.587,0.0533333,232.624,0.21,1
1792,10,0,0,12.5404,727.242
1334,10,0,0,12.5331,689.424
1335,10,0,0,12.5224,639.192
1333,10,0,0,12.5,524.133
2163,10,0,0,12.4733,383.309
2023,10,0,0,12.4473,241.926
1787,10,0,0,12.4397,202.721
1788,10,0,0,12.4389,199.018
943,10,0,0,12.4195,103.973
934,10,0,0,12.4093,49.9245
933,10,0,0,12.4006,2.93996
936,10,0,0,12.4,0
999,10,0,1,12.802,2014.06,0.0941667,410.727,0.12,2
1002,10,0,1,12.7957,1980.01
1031,10,0,1,12.7812,1908.3
2031,10,0,1,12.7739,1871.31
2032,10,0,1,12.7735,1869.48
1053,10,0,1,12.7655,1829.69
1784,10,0,1,12.7622,1812.62
1069,10,0,1,12.7421,1710.61
1848,10,0,1,12.7363,1676.41
1847,10,0,1,12.7328,1656.77
1086,10,0,1,12.7291,1636.54
2036,10,0,1,12.7145,1563.64
1112,10,0,1,12.7109,1544.8
2041,10,0,1,12.6988,1483.73
2042,10,0,1,12.6794,1390.66
1564,10,0,1,12.669,1338.8
2107,10,0,1,12.6609,1297.3
1145,10,0,1,12.6543,1265.29
2053,10,0,1,12.6388,1187.98
2073,10,0,1,12.6305,1146.92
1336,10,0,1,12.6012,997.211
436,10,0,2,13.0018,3005.31,0.0588333,256.613,0.14,3
425,10,0,2,12.9947,2968.23
426,10,0,2,12.9898,2943.28
424,10,0,2,12.9874,2929.57
613,10,0,2,12.9844,2904.59
611,10,0,2,12.9789,2871.69
609,10,0,2,12.9769,2853.9
628,10,0,2,12.967,2779.89
615,10,0,2,12.9614,2749.24
617,10,0,2,12.9579,2731.69
616,10,0,2,12.9485,2686.21
676,10,0,2,12.9423,2655.15
674,10,0,2,12.9282,2588.46
675,10,0,2,12.9216,2555.38
962,10,0,2,12.9151,2522.25
961,10,0,2,12.9072,2482.83
999,10,0,2,12.8961,2424.79
884,10,0,3,13.2094,4003.28,0.0738333,322.039,0.04,4
1987,10,0,3,13.1715,3811.28
428,10,0,3,13.1665,3785.91
429,10,0,3,13.1414,3662.84
1988,10,0,3,13.115,3528.18
430,10,0,3,13.1114,3510.01
1989,10,0,3,13.1062,3484.27
432,10,0,3,13.102,3462.26
435,10,0,3,13.0966,3435.67
431,10,0,3,13.0894,3399.93
439,10,0,3,13.0679,3298.19
436,10,0,3,13.0607,3261.92
936,10,0,4,13.4157,5009.69,0,0,0
1737,10,0,4,13.4042,4946.46
917,10,0,4,13.3874,4863.22
916,10,0,4,13.3872,4862.31
906,10,0,4,13.3613,4729.22
889,10,0,4,13.3492,4667.3
888,10,0,4,13.3286,4557.79
887,10,0,4,13.3112,4465.11
2012,10,0,4,13.2875,4347.33
884,10,0,4,13.2833,4325.32
1307,10,1,0,15.0655,554.042,0.0428333,186.826,0.28,1
1303,10,1,0,15.0545,496.053
2021,10,1,0,15.0162,306.727
1791,10,1,0,15.0083,267.142
939,10,1,0,14.9915,182.874
940,10,1,0,14.9868,151.022
934,10,1,0,14.9673,42.0448
933,10,1,0,14.9606,2.93996
936,10,1,0,14.96,0
936,10,1,1,15.2175,1313.23,0,0,0
933,10,1,1,15.2169,1310.29
934,10,1,1,15.2114,1272.64
935,10,1,1,15.2108,1270.04
2020,10,1,1,15.1998,1213.06
943,10,1,1,15.1989,1209.13
942,10,1,1,15.1911,1168.06
941,10,1,1,15.1795,1109.91
1790,10,1,1,15.1667,1042.74
2022,10,1,1,15.1562,991.844
2021,10,1,1,15.1459,938.155
1303,10,1,1,15.1241,818.443
1307,10,1,1,15.1084,740.869
1336,11,0,0,12.5279,764.587,0.0533333,232.624,0.21,1
1792,11,0,0,12.5204,727.242
1334,11,0,0,12.5131,689.424
1335,11,0,0,12.5024,639.192
1333,11,0,0,12.48,524.133
2163,11,0,0,12.4533,383.309
2023,11,0,0,12.4273,241.926
1787,11,0,0,12.4197,202.721
1788,11,0,0,12.4189,199.018
943,11,0,0,12.3995,103.973
934,11,0,0,12.3893,49.9245
933,11,0,0,12.3806,2.93996
936,11,0,0,12.38,0
999,11,0,1,12.782,2014.06,0.0941667,410.727,0.12,2
1002,11,0,1,12.7757,1980.01
1031,11,0,1,12.7612,1908.3
2031,11,0,1,12.7539,1871.31
2032,11,0,1,12.7535,1869.48
1053,11,0,1,12.7455,1829.69
1784,11,0,1,12.7422,1812.62
1069,11,0,1,12.7221,1710.61
1848,11,0,1,12.7163,1676.41
1847,11,0,1,12.7128,1656.77
1086,11,0,1,12.7091,1636.54
2036,11,0,1,12.6945,1563.64
1112,11,0,1,12.6909,1544.8
2041,11,0,1,12.6788,1483.73
2042,11,0,1,12.6594,1390.66
1564,11,0,1,12.649,1338.8
2107,11,0,1,12.6409,1297.3
1145,11,0,1,12.6343,1265.29
2053,11,0,1,12.6188,1187.98
2073,11,0,1,12.6105,1146.92
1336,11,0,1,12.5812,997.211
436,11,0,2,12.9818,3005.31,0.0958333,417.996,0.13,3
425,11,0,2,12.9747,2968.23
426,11,0,2,12.9698,2943.28
424,11,0,2,12.9674,2929.57
613,11,0,2,12.9644,2904.59
611,11,0,2,12.9589,2871.69
609,11,0,2,12.9569,2853.9
628,11,0,2,12.947,2779.89
615,11,0,2,12.9414,2749.24
617,11,0,2,12.9379,2731.69
616,11,0,2,12.9285,2686.21
676,11,0,2,12.9223,2655.15
674,11,0,2,12.9082,2588.46
675,11,0,2,12.9016,2555.38
962,11,0,2,12.8951,2522.25
961,11,0,2,12.8872,2482.83
999,11,0,2,12.8761,2424.79
884,11,0,3,13.2264,4164.67,0.0738333,322.039,0.04,4
1987,11,0,3,13.1885,3972.66
428,11,0,3,13.1835,3947.29
429,11,0,3,13.1584,3824.22
1988,11,0,3,13.132,3689.56
430,11,0,3,13.1284,3671.39
1989,11,0,3,13.1232,3645.65
432,11,0,3,13.119,3623.64
435,11,0,3,13.1136,3597.05
431,11,0,3,13.1064,3561.32
439,11,0,3,13.0849,3459.57
436,11,0,3,13.0777,3423.3
936,11,0,4,13.4327,5171.07,0,0,0
1737,11,0,4,13.4212,5107.84
917,11,0,4,13.4044,5024.6
916,11,0,4,13.4042,5023.69
906,11,0,4,13.3783,4890.6
889,11,0,4,13.3662,4828.69
888,11,0,4,13.3456,4719.17
887,11,0,4,13.3282,4626.5
2012,11,0,4,13.3045,4508.71
884,11,0,4,13.3003,4486.71
1307,11,1,0,15.0855,554.042,0.0428333,186.826,0.28,1
1303,11,1,0,15.0745,496.053
2021,11,1,0,15.0362,306.727
1791,11,1,0,15.0283,267.142
939,11,1,0,15.0115,182.874
940,11,1,0,15.0068,151.022
934,11,1,0,14.9873,42.0448
933,11,1,0,14.9806,2.93996
936,11,1,0,14.98,0
936,11,1,1,15.2375,1313.23,0,0,0
933,11,1,1,15.2369,1310.29
934,11,1,1,15.2314,1272.64
935,11,1,1,15.2308,1270.04
2020,11,1,1,15.2198,1213.06
943,11,1,1,15.2189,1209.13
942,11,1,1,15.2111,1168.06
941,11,1,1,15.1995,1109.91
1790,11,1,1,15.1867,1042.74
2022,11,1,1,15.1762,991.844
2021,11,1,1,15.1659,938.155
1303,11,1,1,15.1441,818.443
1307,11,1,1,15.1284,740.869
1336,12,0,0,12.4879,764.587,0.0533333,232.624,0.21,1
1792,12,0,0,12.4804,727.242
1334,12,0,0,12.4731,689.424
1335,12,0,0,12.4624,639.192
1333,12,0,0,12.44,524.133
2163,12,0,0,12.4133,383.309
2023,12,0,0,12.3873,241.926
1787,12,0,0,12.3797,202.721
1788,12,0,0,12.3789,199.018
943,12,0,0,12.3595,103.973
934,12,0,0,12.3493,49.9245
933,12,0,0,12.3406,2.93996
936,12,0,0,12.34,0
999,12,0,1,12.742,2014.06,0.0941667,410.727,0.12,2
1002,12,0,1,12.7357,1980.01
1031,12,0,1,12.7212,1908.3
2031,12,0,1,12.7139,1871.31
2032,12,0,1,12.7135,1869.48
1053,12,0,1,12.7055,1829.69
1784,12,0,1,12.7022,1812.62
1069,12,0,1,12.6821,1710.61
1848,12,0,1,12.6763,1676.41
1847,12,0,1,12.6728,1656.77
1086,12,0,1,12.6691,1636.54
2036,12,0,1,12.6545,1563.64
1112,12,0,1,12.6509,1544.8
2041,12,0,1,12.6388,1483.73
2042,12,0,1,12.6194,1390.66
1564,12,0,1,12.609,1338.8
2107,12,0,1,12.6009,1297.3
1145,12,0,1,12.5943,1265.29
2053,12,0,1,12.5788,1187.98
2073,12,0,1,12.5705,1146.92
1336,12,0,1,12.5412,997.211
884,12,0,2,13.0361,3449.6,0.0738333,322.039,0.04,3
883,12,0,2,13.0068,3302.21
882,12,0,2,12.9936,3232.7
2155,12,0,2,12.9904,3216.14
2012,12,0,2,12.9737,3126.24
885,12,0,2,12.9688,3102.14
886,12,0,2,12.9485,2994.61
2013,12,0,2,12.9411,2955.14
2156,12,0,2,12.9404,2951.98
2011,12,0,2,12.9351,2924.47
891,12,0,2,12.9132,2810.01
893,12,0,2,12.9071,2779.14
894,12,0,2,12.9019,2754.39
897,12,0,2,12.883,2661.18
1028,12,0,2,12.875,2619
1026,12,0,2,12.8635,2561.27
998,12,0,2,12.8585,2536.52
999,12,0,2,12.8361,2424.79
936,12,0,3,13.2423,4456,0,0,0
1737,12,0,3,13.2308,4392.77
917,12,0,3,13.214,4309.54
916,12,0,3,13.2139,4308.63
906,12,0,3,13.188,4175.54
889,12,0,3,13.1758,4113.62
888,12,0,3,13.1552,4004.11
887,12,0,3,13.1378,3911.43
2012,12,0,3,13.1141,3793.65
884,12,0,3,13.1099,3771.64
1307,12,1,0,15.0455,554.042,0.0428333,186.826,0.28,1
1303,12,1,0,15.0345,496.053
2021,12,1,0,14.9962,306.727
1791,12,1,0,14.9883,267.142
939,12,1,0,14.9715,182.874
940,12,1,0,14.9668,151.022
934,12,1,0,14.9473,42.0448
933,12,1,0,14.9406,2.93996
936,12,1,0,14.94,0
436,12,1,1,15.3133,1934.87,0.077,335.851,0.12,2
425,12,1,1,15.3067,1900.16
420,12,1,1,15.2956,1842.37
421,12,1,1,15.2915,1815.47
417,12,1,1,15.2873,1792.19
1989,12,1,1,15.2692,1699.52
2011,12,1,1,15.251,1604.42
2156,12,1,1,15.2463,1579.41
2013,12,1,1,15.2457,1576.26
886,12,1,1,15.235,1523.21
888,12,1,1,15.2169,1424.39
903,12,1,1,15.2078,1374.54
904,12,1,1,15.2037,1353.3
925,12,1,1,15.1804,1225.93
2019,12,1,1,15.1759,1202.53
929,12,1,1,15.1755,1200.54
938,12,1,1,15.1631,1132.9
950,12,1,1,15.1478,1054.74
951,12,1,1,15.1413,1021.01
949,12,1,1,15.1301,963.892
1302,12,1,1,15.1033,823.666
1307,12,1,1,15.0884,740.869
936,12,1,2,15.5175,2927.28,0,0,0
1737,12,1,2,15.5064,2866.02
917,12,1,2,15.4929,2796.49
916,12,1,2,15.4927,2795.59
919,12,1,2,15.487,2756.5
2017,12,1,2,15.487,2756.33
2014,12,1,2,15.486,2751.58
2015,12,1,2,15.4779,2710.87
910,12,1,2,15.4778,2710.38
909,12,1,2,15.4684,2663.7
898,12,1,2,15.4552,2597.12
897,12,1,2,15.4456,2548.74
877,12,1,2,15.4231,2437.89
878,12,1,2,15.4171,2407.18
879,12,1,2,15.4086,2363.29
437,12,1,2,15.4026,2332.96
439,12,1,2,15.3992,2314.19
436,12,1,2,15.3903,2270.72
