Node, Individual, Route,Segment, Travel time, Travel cost, Attention time, Attention cost, Failure rate, Demand
905,0,0,0,9.7069,851.671,0.112167,489.237,0.46,1
906,0,0,0,9.69491,787.386
892,0,0,0,9.67767,698.862
896,0,0,0,9.67342,677.99
895,0,0,0,9.66954,658.95
907,0,0,0,9.65531,587.819
908,0,0,0,9.64733,547.082
2014,0,0,0,9.64674,544.403
2015,0,0,0,9.63863,503.688
2018,0,0,0,9.62942,456.238
920,0,0,0,9.62495,433.088
1793,0,0,0,9.6043,326.783
2034,0,0,0,9.59664,287.76
1850,0,0,0,9.58669,237.441
1849,0,0,0,9.56462,129.909
1848,0,0,0,9.56047,107.905
1847,0,0,0,9.55648,86.1224
1086,0,0,0,9.55266,65.35
1087,0,0,0,9.54,0
822,0,0,1,9.95807,2074.5,0.0406667,177.376,0.33,2
2153,0,0,1,9.93709,1962.6
831,0,0,1,9.93707,1962.51
825,0,0,1,9.93666,1960.49
834,0,0,1,9.92865,1914.37
833,0,0,1,9.92597,1900.16
899,0,0,1,9.90103,1766.86
900,0,0,1,9.87758,1647.84
901,0,0,1,9.87152,1616.98
902,0,0,1,9.85923,1550.2
904,0,0,1,9.84494,1474.69
903,0,0,1,9.84117,1454.85
905,0,0,1,9.81907,1340.91
1275,0,0,2,10.1641,3139.53,0.057,248.617,0.01,3
1266,0,0,2,10.1531,3080.11
1267,0,0,2,10.1396,3007.89
1260,0,0,2,10.1247,2929.56
1259,0,0,2,10.1112,2858.58
868,0,0,2,10.0902,2746.62
869,0,0,2,10.0679,2628.49
1856,0,0,2,10.0471,2528.75
855,0,0,2,10.0469,2528.03
843,0,0,2,10.0346,2450.82
832,0,0,2,10.0237,2389.44
831,0,0,2,10.0172,2354.87
825,0,0,2,10.0168,2352.84
822,0,0,2,9.99874,2251.87
1601,0,0,3,10.3614,4173.78,0.0673333,293.688,0.2,4
1599,0,0,3,10.3544,4135.78
1300,0,0,3,10.35,4109.27
1298,0,0,3,10.3432,4074.04
2176,0,0,3,10.3369,4035.18
2066,0,0,3,10.3262,3967.52
869,0,0,3,10.3162,3892.66
868,0,0,3,10.2956,3781.27
1259,0,0,3,10.2775,3681.96
1260,0,0,3,10.2601,3594.74
1258,0,0,3,10.2469,3524.78
1265,0,0,3,10.233,3451.72
1275,0,0,3,10.2211,3388.15
953,0,0,4,10.5562,5138.5,0.0833333,363.475,0.46,5
952,0,0,4,10.5424,5071
2022,0,0,4,10.5308,5012.78
2021,0,0,4,10.52,4956.97
951,0,0,4,10.5009,4858.76
949,0,0,4,10.49,4802.48
2025,0,0,4,10.4865,4785.03
2024,0,0,4,10.472,4706.68
1557,0,0,4,10.4606,4643.91
1299,0,0,4,10.4363,4519.09
1600,0,0,4,10.4349,4505.64
1599,0,0,4,10.4344,4500.54
1601,0,0,4,10.4287,4467.47
1348,0,0,5,10.7995,6354.17,0.0748333,326.4,0.08,6
1349,0,0,5,10.7985,6349.18
1357,0,0,5,10.7864,6286.58
1356,0,0,5,10.7856,6282.86
2076,0,0,5,10.7792,6248.57
1355,0,0,5,10.7779,6241.53
1354,0,0,5,10.7716,6207.99
2188,0,0,5,10.7635,6167.29
2075,0,0,5,10.7426,6059.25
1822,0,0,5,10.7418,6055.26
1353,0,0,5,10.731,6002.31
2118,0,0,5,10.7075,5877.44
2117,0,0,5,10.705,5852.81
2165,0,0,5,10.7004,5826.98
1314,0,0,5,10.6848,5743.05
2163,0,0,5,10.669,5659.03
2023,0,0,5,10.6403,5506.07
953,0,0,5,10.6395,5501.97
1650,0,0,6,10.994,7302.87,0.0471667,205.727,0.37,7
2167,0,0,6,10.9906,7284.76
1657,0,0,6,10.9862,7261.1
1399,0,0,6,10.9645,7148.89
1381,0,0,6,10.9418,7029.21
1380,0,0,6,10.9367,7002.79
1378,0,0,6,10.9285,6961.22
1375,0,0,6,10.9135,6885.17
1367,0,0,6,10.9005,6815.84
1357,0,0,6,10.8872,6746.85
1349,0,0,6,10.8753,6685.55
1348,0,0,6,10.8744,6680.57
1621,0,0,7,11.1827,8239.37,0.0768333,335.124,0.15,8
2089,0,0,7,11.1631,8142.29
2124,0,0,7,11.151,8088.47
1826,0,0,7,11.1427,8044.26
1450,0,0,7,11.1407,8028.96
2087,0,0,7,11.1234,7939.81
1461,0,0,7,11.1167,7905.18
2085,0,0,7,11.0665,7644.85
1650,0,0,7,11.0412,7508.59
1429,0,0,8,11.3829,9289.09,0.0606667,264.61,0.27,9
2166,0,0,8,11.3658,9199.64
1427,0,0,8,11.3506,9122.27
1677,0,0,8,11.3423,9078.31
1836,0,0,8,11.3356,9046.08
1834,0,0,8,11.3178,8954.14
1830,0,0,8,11.3099,8877.93
1828,0,0,8,11.301,8792.52
1449,0,0,8,11.2902,8739.15
1825,0,0,8,11.2848,8711.95
2124,0,0,8,11.2661,8607.98
2089,0,0,8,11.2619,8586.38
2102,0,0,8,11.2615,8584.35
1497,0,0,8,11.2602,8577.19
1621,0,0,8,11.2596,8574.49
2057,0,0,9,11.5823,10279.2,0.0335,146.117,0.35,10
1640,0,0,9,11.5772,10252.8
1821,0,0,9,11.57,10215.2
1196,0,0,9,11.5639,10176.4
1550,0,0,9,11.5573,10138.2
1552,0,0,9,11.5528,10115.4
2059,0,0,9,11.5466,10082.9
2063,0,0,9,11.5226,9961.6
2064,0,0,9,11.5165,9931.08
2080,0,0,9,11.4967,9831.15
2082,0,0,9,11.4753,9728.14
1419,0,0,9,11.4607,9649.5
1429,0,0,9,11.4436,9553.7
1087,0,0,10,11.7828,11279.1,0,0,0
1090,0,0,10,11.7741,11233.9
1076,0,0,10,11.748,11106.9
1074,0,0,10,11.7438,11085.8
1077,0,0,10,11.7343,11035
1080,0,0,10,11.7208,10967.8
1079,0,0,10,11.7142,10933.4
1061,0,0,10,11.7099,10912.1
1063,0,0,10,11.7064,10893.9
1083,0,0,10,11.6913,10812.3
1105,0,0,10,11.6747,10728.3
1104,0,0,10,11.6516,10612.3
1187,0,0,10,11.6416,10558.2
1188,0,0,10,11.6351,10525.8
1192,0,0,10,11.6314,10506.7
1639,0,0,10,11.6273,10484.9
2122,0,0,10,11.6217,10456.3
2057,0,0,10,11.6158,10425.3
953,1,0,0,9.47454,699.176,0.0893333,389.645,0.46,1
2023,1,0,0,9.47373,695.075
2108,1,0,0,9.45889,616.787
1794,1,0,0,9.45252,584.054
2106,1,0,0,9.43747,505.482
2039,1,0,0,9.41835,405.505
2040,1,0,0,9.40754,346.066
2043,1,0,0,9.40316,323.811
1111,1,0,0,9.38833,249.804
1110,1,0,0,9.38112,214.316
1113,1,0,0,9.36875,148.867
1847,1,0,0,9.35648,86.1224
1086,1,0,0,9.35266,65.35
1087,1,0,0,9.34,0
905,1,0,1,9.69986,1806.72,0.112167,489.237,0.46,2
906,1,0,1,9.68786,1742.43
1555,1,0,1,9.65857,1583.22
930,1,0,1,9.63842,1478.24
931,1,0,1,9.6289,1431.07
932,1,0,1,9.61487,1355.51
933,1,0,1,9.60985,1329.94
934,1,0,1,9.60432,1292.29
935,1,0,1,9.60378,1289.68
2020,1,0,1,9.59272,1232.7
1787,1,0,1,9.57412,1139.74
2023,1,0,1,9.56469,1092.92
953,1,0,1,9.56388,1088.82
822,1,0,2,9.95103,3029.54,0.0406667,177.376,0.33,3
2153,1,0,2,9.93004,2917.64
831,1,0,2,9.93002,2917.56
825,1,0,2,9.92961,2915.53
834,1,0,2,9.9216,2869.42
833,1,0,2,9.91893,2855.21
899,1,0,2,9.89398,2721.9
900,1,0,2,9.87053,2602.88
901,1,0,2,9.86448,2572.03
902,1,0,2,9.85218,2505.24
904,1,0,2,9.83789,2429.74
903,1,0,2,9.83412,2409.89
905,1,0,2,9.81202,2295.95
1275,1,0,3,10.157,4094.58,0.057,248.617,0.01,4
1266,1,0,3,10.146,4035.16
1267,1,0,3,10.1326,3962.93
1260,1,0,3,10.1177,3884.6
1259,1,0,3,10.1041,3813.63
868,1,0,3,10.0831,3701.66
869,1,0,3,10.0609,3583.53
1856,1,0,3,10.04,3483.79
855,1,0,3,10.0399,3483.08
843,1,0,3,10.0275,3405.87
832,1,0,3,10.0166,3344.49
831,1,0,3,10.0102,3309.91
825,1,0,3,10.0098,3307.88
822,1,0,3,9.99169,3206.92
1601,1,0,4,10.3543,5128.82,0.0673333,293.688,0.2,5
1599,1,0,4,10.3474,5090.82
1300,1,0,4,10.3429,5064.31
1298,1,0,4,10.3362,5029.09
2176,1,0,4,10.3299,4990.22
2066,1,0,4,10.3192,4922.57
869,1,0,4,10.3092,4847.71
868,1,0,4,10.2885,4736.32
1259,1,0,4,10.2704,4637.01
1260,1,0,4,10.2531,4549.79
1258,1,0,4,10.2399,4479.82
1265,1,0,4,10.2259,4406.76
1275,1,0,4,10.214,4343.19
1348,1,0,5,10.5816,6327.67,0.0748333,326.4,0.08,6
1349,1,0,5,10.5806,6322.68
1357,1,0,5,10.5685,6260.08
1356,1,0,5,10.5677,6256.36
2076,1,0,5,10.5613,6222.07
1355,1,0,5,10.5599,6215.02
1354,1,0,5,10.5537,6181.48
2188,1,0,5,10.5456,6140.78
2075,1,0,5,10.5246,6032.75
1822,1,0,5,10.5238,6028.76
1353,1,0,5,10.5131,5975.81
2118,1,0,5,10.4896,5850.93
2117,1,0,5,10.487,5826.3
2164,1,0,5,10.4683,5711.32
1306,1,0,5,10.4449,5552.06
1599,1,0,5,10.4273,5455.58
1601,1,0,5,10.4217,5422.51
1650,1,0,6,10.7761,7276.36,0.0471667,205.727,0.37,7
2167,1,0,6,10.7727,7258.26
1657,1,0,6,10.7682,7234.6
1399,1,0,6,10.7466,7122.39
1381,1,0,6,10.7239,7002.71
1380,1,0,6,10.7187,6976.29
1378,1,0,6,10.7106,6934.72
1375,1,0,6,10.6956,6858.67
1367,1,0,6,10.6826,6789.34
1357,1,0,6,10.6692,6720.35
1349,1,0,6,10.6574,6659.05
1348,1,0,6,10.6564,6654.07
1621,1,0,7,10.9643,8224.6,0.101167,441.259,0.13,8
1645,1,0,7,10.9344,8068.86
1496,1,0,7,10.9307,8048.35
1495,1,0,7,10.8905,7839.13
1494,1,0,7,10.8828,7797.09
1460,1,0,7,10.8703,7729.18
1646,1,0,7,10.8643,7698.94
1454,1,0,7,10.8544,7647.96
2167,1,0,7,10.8264,7499
1650,1,0,7,10.8233,7482.09
1429,1,0,8,11.1888,9380.46,0.0606667,264.61,0.27,9
2166,1,0,8,11.1717,9291.01
1427,1,0,8,11.1565,9213.64
1677,1,0,8,11.1482,9169.68
1836,1,0,8,11.1414,9137.45
1834,1,0,8,11.1237,9045.51
1830,1,0,8,11.1158,8969.3
1828,1,0,8,11.1069,8883.89
1449,1,0,8,11.0961,8830.52
1825,1,0,8,11.0907,8803.32
2124,1,0,8,11.0719,8699.35
2089,1,0,8,11.0678,8677.75
2102,1,0,8,11.0674,8675.72
1497,1,0,8,11.066,8668.56
1621,1,0,8,11.0654,8665.86
2057,1,0,9,11.3882,10370.5,0.0335,146.117,0.35,10
1640,1,0,9,11.383,10344.1
1821,1,0,9,11.3759,10306.6
1196,1,0,9,11.3698,10267.8
1550,1,0,9,11.3632,10229.6
1552,1,0,9,11.3587,10206.8
2059,1,0,9,11.3525,10174.3
2063,1,0,9,11.3285,10053
2064,1,0,9,11.3223,10022.4
2080,1,0,9,11.3026,9922.52
2082,1,0,9,11.2812,9819.51
1419,1,0,9,11.2666,9740.87
1429,1,0,9,11.2494,9645.07
1087,1,0,10,11.5887,11370.5,0,0,0
1090,1,0,10,11.58,11325.3
1076,1,0,10,11.5538,11198.3
1074,1,0,10,11.5497,11177.2
1077,1,0,10,11.5401,11126.4
1080,1,0,10,11.5267,11059.2
1079,1,0,10,11.52,11024.7
1061,1,0,10,11.5158,11003.4
1063,1,0,10,11.5123,10985.3
1083,1,0,10,11.4971,10903.7
1105,1,0,10,11.4806,10819.6
1104,1,0,10,11.4575,10703.7
1187,1,0,10,11.4475,10649.6
1188,1,0,10,11.441,10617.2
1192,1,0,10,11.4372,10598.1
1639,1,0,10,11.4332,10576.2
2122,1,0,10,11.4275,10547.7
2057,1,0,10,11.4217,10516.7
905,2,0,0,8.99157,829.666,0.061,266.064,0.44,1
906,2,0,0,8.97774,757.574
892,2,0,0,8.95882,661.974
896,2,0,0,8.95641,648.832
895,2,0,0,8.95369,634.662
907,2,0,0,8.94255,576.488
908,2,0,0,8.93507,537.87
2014,2,0,0,8.93448,535.191
2015,2,0,0,8.92637,494.476
2018,2,0,0,8.91717,447.026
920,2,0,0,8.91325,426.243
1793,2,0,0,8.89171,316.201
2034,2,0,0,8.88348,274.763
1850,2,0,0,8.87367,225.044
1849,2,0,0,8.85592,135.401
1848,2,0,0,8.85086,109.545
1847,2,0,0,8.84677,87.3505
1086,2,0,0,8.84314,67.3611
1087,2,0,0,8.83,0
822,2,0,1,9.19157,1829.32,0.0406667,177.376,0.33,2
2153,2,0,1,9.17059,1717.42
831,2,0,1,9.17057,1717.34
825,2,0,1,9.17016,1715.31
834,2,0,1,9.16215,1669.2
833,2,0,1,9.15947,1654.98
899,2,0,1,9.13453,1521.68
900,2,0,1,9.11108,1402.66
901,2,0,1,9.10502,1371.81
902,2,0,1,9.09273,1305.02
904,2,0,1,9.07844,1229.52
903,2,0,1,9.07467,1209.67
905,2,0,1,9.05257,1095.73
1275,2,0,2,9.39758,2894.35,0.1075,468.883,0.03,3
1266,2,0,2,9.38656,2834.93
1267,2,0,2,9.3731,2762.71
1260,2,0,2,9.3582,2684.38
1259,2,0,2,9.34469,2613.4
868,2,0,2,9.32365,2501.44
869,2,0,2,9.30143,2383.31
1856,2,0,2,9.28056,2283.57
855,2,0,2,9.28042,2282.86
843,2,0,2,9.26805,2205.65
832,2,0,2,9.25717,2144.27
831,2,0,2,9.25074,2109.69
825,2,0,2,9.25033,2107.66
822,2,0,2,9.23224,2006.69
1601,2,0,3,9.6508,4148.42,0.0985,429.627,0.19,4
1599,2,0,3,9.64471,4114.19
1300,2,0,3,9.63922,4084.07
1298,2,0,3,9.63386,4054.73
2176,2,0,3,9.62716,4015.26
2066,2,0,3,9.61594,3946.89
1262,2,0,3,9.60699,3896.4
1261,2,0,3,9.59989,3856.52
1846,2,0,3,9.57245,3713.7
1271,2,0,3,9.56722,3688.14
1270,2,0,3,9.55957,3646.21
1269,2,0,3,9.54603,3577.84
1267,2,0,3,9.53309,3509.93
1266,2,0,3,9.5186,3433.25
1275,2,0,3,9.50508,3363.24
953,2,0,4,9.87607,5245.15,0.0893333,389.645,0.46,5
952,2,0,4,9.86233,5177.9
2022,2,0,4,9.85075,5119.67
2021,2,0,4,9.83793,5055.3
951,2,0,4,9.8176,4951.87
949,2,0,4,9.80698,4896.94
2025,2,0,4,9.8035,4879.49
2024,2,0,4,9.78988,4804.8
1557,2,0,4,9.77601,4731.69
1299,2,0,4,9.75835,4635.01
1600,2,0,4,9.75691,4621.56
1599,2,0,4,9.75637,4616.49
1601,2,0,4,9.7493,4578.05
2057,2,0,5,10.2222,6947.97,0.039,170.106,0.35,6
2122,2,0,5,10.216,6915.81
1639,2,0,5,10.2107,6888.37
1190,2,0,5,10.2064,6865.97
1186,2,0,5,10.1952,6806.38
1187,2,0,5,10.1914,6786.07
1124,2,0,5,10.1792,6725.54
2038,2,0,5,10.1684,6670.9
1123,2,0,5,10.1421,6542.98
2037,2,0,5,10.1332,6496.2
1122,2,0,5,10.1264,6460.96
1129,2,0,5,10.1129,6393.14
2045,2,0,5,10.103,6343.8
1128,2,0,5,10.0826,6239.26
2044,2,0,5,10.0747,6200.32
1127,2,0,5,10.0739,6196.38
1126,2,0,5,10.0673,6163.08
2042,2,0,5,10.0528,6088.91
1125,2,0,5,10.0476,6061.68
2043,2,0,5,10.0413,6029.19
2040,2,0,5,10.0373,6008.73
2039,2,0,5,10.0222,5930.89
2106,2,0,5,10.0052,5839.97
2050,2,0,5,10.0001,5812.91
2108,2,0,5,9.98502,5733.85
2023,2,0,5,9.96622,5638.89
953,2,0,5,9.96541,5634.79
1429,2,0,6,10.3722,7704.07,0.0726667,316.95,0.28,7
2166,2,0,6,10.3469,7580.52
1427,2,0,6,10.3327,7507.47
1677,2,0,6,10.3246,7464.36
2103,2,0,6,10.3207,7445.02
2177,2,0,6,10.3207,7444.66
1841,2,0,6,10.3205,7443.31
2060,2,0,6,10.2849,7246.42
1551,2,0,6,10.2839,7241.23
1201,2,0,6,10.2765,7204.53
1821,2,0,6,10.2722,7180.19
1640,2,0,6,10.2634,7135.62
2057,2,0,6,10.2612,7118.08
1621,2,0,7,10.5743,8749.17,0.101167,441.259,0.13,8
2089,2,0,7,10.5588,8669.21
2124,2,0,7,10.5467,8615.82
1826,2,0,7,10.5372,8566.45
1450,2,0,7,10.5346,8550.66
1829,2,0,7,10.5305,8521.89
1832,2,0,7,10.5187,8437.42
1833,2,0,7,10.5091,8364.97
1837,2,0,7,10.4988,8295.02
2177,2,0,7,10.4951,8275.44
2103,2,0,7,10.4951,8275.08
1677,2,0,7,10.4925,8261.29
1427,2,0,7,10.4848,8219.62
2166,2,0,7,10.4675,8133.87
1429,2,0,7,10.4448,8021.02
1650,2,0,8,10.8091,9881.37,0.0471667,205.727,0.37,9
2085,2,0,8,10.7809,9732.97
1461,2,0,8,10.7241,9444.89
2087,2,0,8,10.7146,9398.88
2088,2,0,8,10.7013,9330.99
1644,2,0,8,10.696,9303.49
2089,2,0,8,10.6778,9202.3
2102,2,0,8,10.6774,9200.26
1497,2,0,8,10.676,9193.13
1621,2,0,8,10.6754,9190.43
1348,2,0,9,10.9694,10674,0.0748333,326.4,0.08,10
1349,2,0,9,10.9684,10669
1357,2,0,9,10.9562,10606.4
1356,2,0,9,10.9555,10602.6
1365,2,0,9,10.9479,10563.6
1366,2,0,9,10.934,10490.9
1374,2,0,9,10.9228,10429.8
1377,2,0,9,10.922,10426.1
1397,2,0,9,10.9065,10346.2
1398,2,0,9,10.895,10287
1399,2,0,9,10.8852,10238.8
1657,2,0,9,10.8628,10123.3
1650,2,0,9,10.8562,10087.1
1087,2,0,10,11.1576,11598.6,0,0,0
1088,2,0,10,11.1508,11563.2
1117,2,0,10,11.1412,11515
1119,2,0,10,11.1404,11511
1118,2,0,10,11.134,11476.5
2044,2,0,10,11.1197,11400.6
2169,2,0,10,11.1112,11357.5
2171,2,0,10,11.1065,11333.6
1549,2,0,10,11.1,11298.6
1147,2,0,10,11.0935,11264.4
1796,2,0,10,11.0636,11099.7
1328,2,0,10,11.0616,11089.5
1340,2,0,10,11.0447,11002.9
1348,2,0,10,11.0442,11000.4
905,3,0,0,8.77157,829.666,0.061,266.064,0.44,1
906,3,0,0,8.75774,757.574
892,3,0,0,8.73882,661.974
896,3,0,0,8.73641,648.832
895,3,0,0,8.73369,634.662
907,3,0,0,8.72255,576.488
908,3,0,0,8.71507,537.87
2014,3,0,0,8.71448,535.191
2015,3,0,0,8.70637,494.476
2018,3,0,0,8.69717,447.026
920,3,0,0,8.69325,426.243
1793,3,0,0,8.67171,316.201
2034,3,0,0,8.66348,274.763
1850,3,0,0,8.65367,225.044
1849,3,0,0,8.63592,135.401
1848,3,0,0,8.63086,109.545
1847,3,0,0,8.62677,87.3505
1086,3,0,0,8.62314,67.3611
1087,3,0,0,8.61,0
822,3,0,1,8.96211,1793.64,0.0658333,287.145,0.32,2
2153,3,0,1,8.94382,1693.36
831,3,0,1,8.94381,1693.28
825,3,0,1,8.9434,1691.25
834,3,0,1,8.93692,1647.16
833,3,0,1,8.9345,1634.05
899,3,0,1,8.90847,1496.1
900,3,0,1,8.89116,1403.09
901,3,0,1,8.88532,1373.14
902,3,0,1,8.86937,1290.74
904,3,0,1,8.85476,1213.92
903,3,0,1,8.85116,1194.75
905,3,0,1,8.83257,1095.73
1275,3,0,2,9.19329,2968.44,0.1075,468.883,0.03,3
1266,3,0,2,9.18226,2909.02
1267,3,0,2,9.16881,2836.79
1260,3,0,2,9.1539,2758.47
1259,3,0,2,9.14039,2687.49
868,3,0,2,9.11935,2575.53
869,3,0,2,9.09713,2457.4
1856,3,0,2,9.07626,2357.66
855,3,0,2,9.07612,2356.94
843,3,0,2,9.06375,2279.73
832,3,0,2,9.05287,2218.35
831,3,0,2,9.04644,2183.77
825,3,0,2,9.04603,2181.75
822,3,0,2,9.02794,2080.78
1601,3,0,3,9.44651,4222.51,0.0985,429.627,0.19,4
1599,3,0,3,9.44041,4188.27
1300,3,0,3,9.43492,4158.16
1298,3,0,3,9.42956,4128.82
2176,3,0,3,9.42286,4089.35
2066,3,0,3,9.41164,4020.98
1262,3,0,3,9.40269,3970.49
1261,3,0,3,9.39559,3930.61
1846,3,0,3,9.36816,3787.79
1271,3,0,3,9.36292,3762.22
1270,3,0,3,9.35527,3720.29
1269,3,0,3,9.34173,3651.92
1267,3,0,3,9.32879,3584.01
1266,3,0,3,9.3143,3507.34
1275,3,0,3,9.30079,3437.32
953,3,0,4,9.67178,5319.24,0.0893333,389.645,0.46,5
952,3,0,4,9.65803,5251.98
2022,3,0,4,9.64645,5193.76
2021,3,0,4,9.63363,5129.39
951,3,0,4,9.6133,5025.96
949,3,0,4,9.60268,4971.03
2025,3,0,4,9.59921,4953.57
2024,3,0,4,9.58558,4878.89
1557,3,0,4,9.57171,4805.78
1299,3,0,4,9.55405,4709.1
1600,3,0,4,9.55261,4695.65
1599,3,0,4,9.55207,4690.58
1601,3,0,4,9.54501,4652.13
2057,3,0,5,10.0179,7022.06,0.039,170.106,0.35,6
2122,3,0,5,10.0117,6989.9
1639,3,0,5,10.0064,6962.46
1190,3,0,5,10.0021,6940.06
1186,3,0,5,9.99087,6880.47
1187,3,0,5,9.98706,6860.16
1124,3,0,5,9.97486,6799.63
2038,3,0,5,9.96412,6744.99
1123,3,0,5,9.93776,6617.07
2037,3,0,5,9.92894,6570.28
1122,3,0,5,9.92209,6535.05
1129,3,0,5,9.90856,6467.23
2045,3,0,5,9.89868,6417.89
1128,3,0,5,9.87828,6313.35
2044,3,0,5,9.87044,6274.4
1127,3,0,5,9.86962,6270.47
1126,3,0,5,9.86303,6237.17
2042,3,0,5,9.84855,6163
1125,3,0,5,9.84331,6135.76
2043,3,0,5,9.83696,6103.28
2040,3,0,5,9.83301,6082.82
2039,3,0,5,9.81789,6004.98
2106,3,0,5,9.8009,5914.06
2050,3,0,5,9.79577,5887
2108,3,0,5,9.78072,5807.94
2023,3,0,5,9.76193,5712.98
953,3,0,5,9.76111,5708.88
1429,3,0,6,10.1679,7778.16,0.0726667,316.95,0.28,7
2166,3,0,6,10.1426,7654.6
1427,3,0,6,10.1284,7581.55
1677,3,0,6,10.1203,7538.45
2103,3,0,6,10.1164,7519.11
2177,3,0,6,10.1164,7518.75
1841,3,0,6,10.1162,7517.4
2060,3,0,6,10.0806,7320.51
1551,3,0,6,10.0796,7315.32
1201,3,0,6,10.0722,7278.62
1821,3,0,6,10.0679,7254.27
1640,3,0,6,10.0591,7209.71
2057,3,0,6,10.0569,7192.17
1621,3,0,7,10.37,8823.26,0.101167,441.259,0.13,8
2089,3,0,7,10.3545,8743.29
2124,3,0,7,10.3424,8689.9
1826,3,0,7,10.3329,8640.54
1450,3,0,7,10.3303,8624.74
1829,3,0,7,10.3262,8595.98
1832,3,0,7,10.3144,8511.5
1833,3,0,7,10.3048,8439.06
1837,3,0,7,10.2945,8369.11
2177,3,0,7,10.2908,8349.52
2103,3,0,7,10.2908,8349.16
1677,3,0,7,10.2882,8335.38
1427,3,0,7,10.2805,8293.71
2166,3,0,7,10.2632,8207.96
1429,3,0,7,10.2405,8095.11
1650,3,0,8,10.6048,9955.46,0.0471667,205.727,0.37,9
2085,3,0,8,10.5766,9807.06
1461,3,0,8,10.5198,9518.98
2087,3,0,8,10.5103,9472.97
2088,3,0,8,10.497,9405.08
1644,3,0,8,10.4917,9377.57
2089,3,0,8,10.4735,9276.38
2102,3,0,8,10.4731,9274.35
1497,3,0,8,10.4717,9267.22
1621,3,0,8,10.4711,9264.52
1348,3,0,9,10.7651,10748,0.0748333,326.4,0.08,10
1349,3,0,9,10.7641,10743.1
1357,3,0,9,10.7519,10680.5
1356,3,0,9,10.7512,10676.7
1365,3,0,9,10.7436,10637.7
1366,3,0,9,10.7297,10565
1374,3,0,9,10.7185,10503.9
1377,3,0,9,10.7177,10500.2
1397,3,0,9,10.7022,10420.3
1398,3,0,9,10.6907,10361.1
1399,3,0,9,10.6809,10312.9
1657,3,0,9,10.6585,10197.4
1650,3,0,9,10.6519,10161.2
1087,3,0,10,10.9765,11770.6,0,0,0
1088,3,0,10,10.9678,11727.6
1117,3,0,10,10.9576,11676.7
1119,3,0,10,10.9568,11672.7
1118,3,0,10,10.9456,11617.9
2044,3,0,10,10.9317,11544.3
2169,3,0,10,10.9235,11502.4
2171,3,0,10,10.919,11478.8
1549,3,0,10,10.9115,11439.6
1147,3,0,10,10.9054,11407.2
1796,3,0,10,10.8609,11180.5
1328,3,0,10,10.8591,11171
1340,3,0,10,10.8404,11077
1348,3,0,10,10.8399,11074.4
905,4,0,0,8.70157,829.666,0.061,266.064,0.44,1
906,4,0,0,8.68774,757.574
892,4,0,0,8.66882,661.974
896,4,0,0,8.66641,648.832
895,4,0,0,8.66369,634.662
907,4,0,0,8.65255,576.488
908,4,0,0,8.64507,537.87
2014,4,0,0,8.64448,535.191
2015,4,0,0,8.63637,494.476
2018,4,0,0,8.62717,447.026
920,4,0,0,8.62325,426.243
1793,4,0,0,8.60171,316.201
2034,4,0,0,8.59348,274.763
1850,4,0,0,8.58367,225.044
1849,4,0,0,8.56592,135.401
1848,4,0,0,8.56086,109.545
1847,4,0,0,8.55677,87.3505
1086,4,0,0,8.55314,67.3611
1087,4,0,0,8.54,0
822,4,0,1,8.89211,1793.64,0.0658333,287.145,0.32,2
2153,4,0,1,8.87382,1693.36
831,4,0,1,8.87381,1693.28
825,4,0,1,8.8734,1691.25
834,4,0,1,8.86692,1647.16
833,4,0,1,8.8645,1634.05
899,4,0,1,8.83847,1496.1
900,4,0,1,8.82116,1403.09
901,4,0,1,8.81532,1373.14
902,4,0,1,8.79937,1290.74
904,4,0,1,8.78476,1213.92
903,4,0,1,8.78116,1194.75
905,4,0,1,8.76257,1095.73
1275,4,0,2,9.11131,2922.33,0.1075,468.883,0.03,3
1265,4,0,2,9.09966,2859.76
1258,4,0,2,9.08738,2793.88
1260,4,0,2,9.07982,2741.65
1259,4,0,2,9.06559,2667.61
868,4,0,2,9.0463,2563.16
869,4,0,2,9.02534,2450.41
1856,4,0,2,9.01873,2405.42
855,4,0,2,9.01859,2404.7
843,4,0,2,8.99585,2287.95
832,4,0,2,8.98538,2227.28
831,4,0,2,8.97983,2196.54
2153,4,0,2,8.97982,2196.46
822,4,0,2,8.95794,2080.78
1601,4,0,3,9.36453,4176.4,0.0985,429.627,0.19,4
1599,4,0,3,9.35843,4142.17
1300,4,0,3,9.35294,4112.05
1298,4,0,3,9.34758,4082.71
2176,4,0,3,9.34088,4043.24
2066,4,0,3,9.32966,3974.87
1262,4,0,3,9.32071,3924.38
1261,4,0,3,9.31361,3884.5
1846,4,0,3,9.28618,3741.68
1271,4,0,3,9.28094,3716.12
1270,4,0,3,9.27329,3674.18
1269,4,0,3,9.25976,3605.82
1267,4,0,3,9.24682,3537.9
1266,4,0,3,9.23232,3461.23
1275,4,0,3,9.21881,3391.22
953,4,0,4,9.5898,5273.13,0.0893333,389.645,0.46,5
952,4,0,4,9.57605,5205.88
2022,4,0,4,9.56447,5147.65
2021,4,0,4,9.55165,5083.28
951,4,0,4,9.53132,4979.85
949,4,0,4,9.5207,4924.92
2025,4,0,4,9.51723,4907.47
2024,4,0,4,9.5036,4832.78
1557,4,0,4,9.48973,4759.67
1299,4,0,4,9.47207,4662.99
1600,4,0,4,9.47063,4649.54
1599,4,0,4,9.47009,4644.47
1601,4,0,4,9.46303,4606.03
2057,4,0,5,9.93593,6975.95,0.0776667,338.759,0.34,6
2122,4,0,5,9.92977,6943.79
1639,4,0,5,9.92442,6916.35
1190,4,0,5,9.92014,6893.95
1186,4,0,5,9.90889,6834.36
1187,4,0,5,9.90508,6814.05
1124,4,0,5,9.89288,6753.52
2038,4,0,5,9.88214,6698.88
1123,4,0,5,9.85578,6570.96
2037,4,0,5,9.84696,6524.17
1122,4,0,5,9.84012,6488.94
1129,4,0,5,9.82658,6421.12
2045,4,0,5,9.8167,6371.78
1128,4,0,5,9.7963,6267.24
2044,4,0,5,9.78846,6228.3
1127,4,0,5,9.78764,6224.36
1126,4,0,5,9.78106,6191.06
2042,4,0,5,9.76657,6116.89
1125,4,0,5,9.76133,6089.66
2043,4,0,5,9.75498,6057.17
2040,4,0,5,9.75103,6036.71
2039,4,0,5,9.73592,5958.87
2106,4,0,5,9.71892,5867.95
2050,4,0,5,9.71379,5840.89
2108,4,0,5,9.69874,5761.83
2023,4,0,5,9.67995,5666.87
953,4,0,5,9.67913,5662.77
1429,4,0,6,10.1246,7900.71,0.0726667,316.95,0.28,7
2166,4,0,6,10.0993,7777.15
1427,4,0,6,10.0851,7704.1
1677,4,0,6,10.077,7660.99
2103,4,0,6,10.0731,7641.65
2177,4,0,6,10.0731,7641.29
1841,4,0,6,10.0729,7639.94
2060,4,0,6,10.0373,7443.05
1551,4,0,6,10.0363,7437.86
1201,4,0,6,10.0289,7401.16
1821,4,0,6,10.0246,7376.82
1640,4,0,6,10.0158,7332.26
2057,4,0,6,10.0136,7314.71
1621,4,0,7,10.3267,8945.8,0.101167,441.259,0.13,8
2089,4,0,7,10.3111,8865.84
2124,4,0,7,10.2991,8812.45
1826,4,0,7,10.2896,8763.08
1450,4,0,7,10.287,8747.29
1829,4,0,7,10.2829,8718.53
1832,4,0,7,10.2711,8634.05
1833,4,0,7,10.2615,8561.6
1837,4,0,7,10.2512,8491.66
2177,4,0,7,10.2475,8472.07
2103,4,0,7,10.2475,8471.71
1677,4,0,7,10.2449,8457.92
1427,4,0,7,10.2371,8416.25
2166,4,0,7,10.2199,8330.5
1429,4,0,7,10.1972,8217.66
1650,4,0,8,10.5614,10078,0.0471667,205.727,0.37,9
2085,4,0,8,10.5333,9929.6
1461,4,0,8,10.4765,9641.52
2087,4,0,8,10.467,9595.51
2088,4,0,8,10.4537,9527.62
1644,4,0,8,10.4484,9500.12
2089,4,0,8,10.4302,9398.93
2102,4,0,8,10.4298,9396.9
1497,4,0,8,10.4284,9389.76
1621,4,0,8,10.4278,9387.06
1348,4,0,9,10.7218,10870.6,0.0748333,326.4,0.08,10
1349,4,0,9,10.7208,10865.6
1357,4,0,9,10.7086,10803
1356,4,0,9,10.7078,10799.3
1365,4,0,9,10.7002,10760.2
1366,4,0,9,10.6864,10687.5
1374,4,0,9,10.6751,10626.4
1377,4,0,9,10.6744,10622.7
1397,4,0,9,10.6589,10542.8
1398,4,0,9,10.6474,10483.7
1399,4,0,9,10.6376,10435.4
1657,4,0,9,10.6152,10319.9
1650,4,0,9,10.6086,10283.7
1087,4,0,10,10.9332,11893.1,0,0,0
1088,4,0,10,10.9245,11850.1
1117,4,0,10,10.9143,11799.2
1119,4,0,10,10.9135,11795.2
1118,4,0,10,10.9023,11740.4
2044,4,0,10,10.8884,11666.8
2169,4,0,10,10.8802,11625
2171,4,0,10,10.8757,11601.4
1549,4,0,10,10.8681,11562.2
1147,4,0,10,10.8621,11529.8
1796,4,0,10,10.8176,11303
1328,4,0,10,10.8157,11293.5
1340,4,0,10,10.7971,11199.5
1348,4,0,10,10.7966,11197
953,5,0,0,8.41022,727.708,0.0948333,413.634,0.45,1
1788,5,0,0,8.39926,674.518
943,5,0,0,8.3841,597.041
934,5,0,0,8.37552,550.017
933,5,0,0,8.36686,503.224
936,5,0,0,8.36627,500.284
937,5,0,0,8.35339,432.774
1085,5,0,0,8.33766,348.909
2035,5,0,0,8.32171,268.111
1850,5,0,0,8.31367,225.044
1849,5,0,0,8.29592,135.401
1848,5,0,0,8.29086,109.545
1847,5,0,0,8.28677,87.3505
1086,5,0,0,8.28314,67.3611
1087,5,0,0,8.27,0
905,5,0,1,8.63553,1831.06,0.061,266.064,0.44,2
906,5,0,1,8.6217,1758.97
1555,5,0,1,8.59578,1614.36
930,5,0,1,8.57535,1508.2
940,5,0,1,8.56383,1449.01
934,5,0,1,8.54394,1338.33
935,5,0,1,8.5434,1335.72
2020,5,0,1,8.53234,1278.75
1787,5,0,1,8.51529,1192.26
2023,5,0,1,8.50587,1145.44
953,5,0,1,8.50505,1141.34
822,5,0,2,8.82607,2795.03,0.0658333,287.145,0.32,3
2153,5,0,2,8.80778,2694.75
831,5,0,2,8.80777,2694.67
825,5,0,2,8.80735,2692.64
834,5,0,2,8.80088,2648.55
833,5,0,2,8.79846,2635.44
899,5,0,2,8.77243,2497.5
900,5,0,2,8.75512,2404.48
901,5,0,2,8.74928,2374.54
902,5,0,2,8.73332,2292.13
904,5,0,2,8.71872,2215.31
903,5,0,2,8.71511,2196.14
905,5,0,2,8.69653,2097.12
1275,5,0,3,9.04527,3923.73,0.1075,468.883,0.03,4
1265,5,0,3,9.03362,3861.15
1258,5,0,3,9.02134,3795.28
1260,5,0,3,9.01378,3743.05
1259,5,0,3,8.99955,3669
868,5,0,3,8.98026,3564.55
869,5,0,3,8.95929,3451.8
1856,5,0,3,8.95269,3406.81
855,5,0,3,8.95254,3406.1
843,5,0,3,8.92981,3289.35
832,5,0,3,8.91934,3228.68
831,5,0,3,8.91379,3197.94
2153,5,0,3,8.91377,3197.86
822,5,0,3,8.8919,3082.18
1601,5,0,4,9.29848,5177.79,0.0985,429.627,0.19,5
1599,5,0,4,9.29239,5143.56
1300,5,0,4,9.2869,5113.44
1298,5,0,4,9.28154,5084.1
2176,5,0,4,9.27484,5044.63
2066,5,0,4,9.26362,4976.26
1262,5,0,4,9.25467,4925.78
1261,5,0,4,9.24757,4885.9
1846,5,0,4,9.22013,4743.07
1271,5,0,4,9.2149,4717.51
1270,5,0,4,9.20725,4675.58
1269,5,0,4,9.19371,4607.21
1267,5,0,4,9.18077,4539.3
1266,5,0,4,9.16628,4462.62
1275,5,0,4,9.15277,4392.61
2057,5,0,5,9.68295,7128.43,0.0776667,338.759,0.34,6
2122,5,0,5,9.67679,7096.27
1820,5,0,5,9.66622,7045.53
1197,5,0,5,9.65283,6978.78
1198,5,0,5,9.64052,6918.21
1199,5,0,5,9.62437,6841.83
1164,5,0,5,9.61493,6794.11
1161,5,0,5,9.60736,6754.6
1330,5,0,5,9.59639,6700.08
1339,5,0,5,9.57415,6584.91
1340,5,0,5,9.56894,6557.83
1348,5,0,5,9.56844,6555.29
1349,5,0,5,9.56758,6550.87
1357,5,0,5,9.55102,6469.89
1356,5,0,5,9.55025,6466.17
2076,5,0,5,9.54247,6426.09
1355,5,0,5,9.54099,6418.44
1364,5,0,5,9.54095,6418.23
1361,5,0,5,9.53449,6382.34
1354,5,0,5,9.53445,6382.15
2188,5,0,5,9.5267,6342.9
2075,5,0,5,9.50597,6235.77
1822,5,0,5,9.50515,6231.77
1353,5,0,5,9.4974,6191.29
2118,5,0,5,9.46864,6044.29
2117,5,0,5,9.46611,6019.66
2164,5,0,5,9.44443,5898.05
1306,5,0,5,9.42073,5738.56
1599,5,0,5,9.40405,5645.86
1601,5,0,5,9.39699,5607.42
1429,5,0,6,9.87437,8062.49,0.0865,377.287,0.27,7
2166,5,0,6,9.85512,7964.03
1427,5,0,6,9.84059,7889.51
1677,5,0,6,9.83107,7840.36
2103,5,0,6,9.8272,7821.02
2177,5,0,6,9.82713,7820.66
1841,5,0,6,9.82699,7819.31
2060,5,0,6,9.7874,7605.4
1551,5,0,6,9.78668,7601.22
1201,5,0,6,9.78016,7568.23
1821,5,0,6,9.77591,7543.89
1640,5,0,6,9.76679,7498.01
2057,5,0,6,9.76062,7467.19
1621,5,0,7,10.0879,9152.31,0.101167,441.259,0.13,8
2089,5,0,7,10.0757,9086.5
2124,5,0,7,10.0674,9047.54
1826,5,0,7,10.0601,9007.93
1450,5,0,7,10.0581,8992.63
1829,5,0,7,10.0536,8963.57
1832,5,0,7,10.0411,8878.65
1833,5,0,7,10.0325,8805.59
1835,5,0,7,10.021,8742.27
2103,5,0,7,10.0156,8712.77
1677,5,0,7,10.0107,8689.34
1427,5,0,7,10.001,8639.47
2166,5,0,7,9.98399,8554.38
1429,5,0,7,9.96087,8439.78
1650,5,0,8,10.3227,10284.5,0.0471667,205.727,0.37,9
2085,5,0,8,10.2945,10136.1
1461,5,0,8,10.2377,9848.03
2087,5,0,8,10.2283,9802.02
2088,5,0,8,10.2149,9734.13
1644,5,0,8,10.2096,9706.62
2089,5,0,8,10.1914,9605.43
2102,5,0,8,10.191,9603.4
1497,5,0,8,10.1897,9596.26
1621,5,0,8,10.1891,9593.56
1348,5,0,9,10.483,11077.1,0.0748333,326.4,0.08,10
1349,5,0,9,10.482,11072.1
1357,5,0,9,10.4699,11009.5
1356,5,0,9,10.4691,11005.8
1365,5,0,9,10.4615,10966.7
1366,5,0,9,10.4476,10894
1374,5,0,9,10.4364,10832.9
1377,5,0,9,10.4356,10829.2
1397,5,0,9,10.4202,10749.4
1398,5,0,9,10.4087,10690.2
1399,5,0,9,10.3988,10641.9
1657,5,0,9,10.3764,10526.4
1650,5,0,9,10.3699,10490.2
1087,5,0,10,10.6944,12099.6,0,0,0
1088,5,0,10,10.6857,12056.6
1117,5,0,10,10.6756,12005.7
1119,5,0,10,10.6748,12001.7
1118,5,0,10,10.6635,11946.9
2044,5,0,10,10.6497,11873.3
2169,5,0,10,10.6415,11831.5
2171,5,0,10,10.6369,11807.9
1549,5,0,10,10.6294,11768.7
1147,5,0,10,10.6233,11736.3
1796,5,0,10,10.5788,11509.5
1328,5,0,10,10.577,11500
1340,5,0,10,10.5583,11406
1348,5,0,10,10.5578,11403.5
953,6,0,0,8.31022,727.708,0.0948333,413.634,0.45,1
1788,6,0,0,8.29926,674.518
943,6,0,0,8.2841,597.041
934,6,0,0,8.27552,550.017
933,6,0,0,8.26686,503.224
936,6,0,0,8.26627,500.284
937,6,0,0,8.25339,432.774
1085,6,0,0,8.23766,348.909
2035,6,0,0,8.22171,268.111
1850,6,0,0,8.21367,225.044
1849,6,0,0,8.19592,135.401
1848,6,0,0,8.19086,109.545
1847,6,0,0,8.18677,87.3505
1086,6,0,0,8.18314,67.3611
1087,6,0,0,8.17,0
905,6,0,1,8.53553,1831.06,0.061,266.064,0.44,2
906,6,0,1,8.5217,1758.97
1555,6,0,1,8.49578,1614.36
930,6,0,1,8.47535,1508.2
940,6,0,1,8.46383,1449.01
934,6,0,1,8.44394,1338.33
935,6,0,1,8.4434,1335.72
2020,6,0,1,8.43234,1278.75
1787,6,0,1,8.41529,1192.26
2023,6,0,1,8.40587,1145.44
953,6,0,1,8.40505,1141.34
822,6,0,2,8.72607,2795.03,0.0658333,287.145,0.32,3
2153,6,0,2,8.70778,2694.75
831,6,0,2,8.70776,2694.67
825,6,0,2,8.70735,2692.64
834,6,0,2,8.70088,2648.55
833,6,0,2,8.69846,2635.44
899,6,0,2,8.67243,2497.5
900,6,0,2,8.65512,2404.48
901,6,0,2,8.64928,2374.54
902,6,0,2,8.63332,2292.13
904,6,0,2,8.61872,2215.31
903,6,0,2,8.61511,2196.14
905,6,0,2,8.59653,2097.12
1601,6,0,3,8.90903,3749.44,0.0903333,394.007,0.18,4
1599,6,0,3,8.90078,3705.95
1300,6,0,3,8.89459,3672.81
1298,6,0,3,8.88701,3634.02
2176,6,0,3,8.88073,3595.18
2066,6,0,3,8.86942,3526.67
869,6,0,3,8.85929,3451.8
1856,6,0,3,8.85268,3406.81
855,6,0,3,8.85254,3406.1
843,6,0,3,8.82981,3289.35
832,6,0,3,8.81933,3228.68
831,6,0,3,8.81379,3197.94
2153,6,0,3,8.81377,3197.86
822,6,0,3,8.7919,3082.18
1275,6,0,4,9.15001,4964.95,0.1075,468.883,0.03,5
1265,6,0,4,9.13837,4902.37
1258,6,0,4,9.12609,4836.5
1260,6,0,4,9.11853,4784.26
1259,6,0,4,9.10429,4710.22
868,6,0,4,9.08501,4605.77
869,6,0,4,9.06404,4493.02
2066,6,0,4,9.04437,4389.39
1297,6,0,4,9.01704,4245.06
1299,6,0,4,9.01082,4210.73
1600,6,0,4,9.00937,4197.29
1599,6,0,4,9.00884,4192.2
1601,6,0,4,8.99936,4143.45
2057,6,0,5,9.6721,7654.62,0.0776667,338.759,0.34,6
2122,6,0,5,9.66593,7622.46
1820,6,0,5,9.65536,7571.72
1197,6,0,5,9.64197,7504.97
1198,6,0,5,9.62839,7439.16
1152,6,0,5,9.62142,7403.73
1163,6,0,5,9.61052,7351.35
1164,6,0,5,9.60175,7306.73
1161,6,0,5,9.59365,7265
1330,6,0,5,9.5836,7214.29
1339,6,0,5,9.56225,7102.89
1340,6,0,5,9.55716,7076.31
1348,6,0,5,9.55665,7073.77
1349,6,0,5,9.55574,7069.09
1357,6,0,5,9.54359,7006.48
1356,6,0,5,9.54282,7002.76
2076,6,0,5,9.53303,6954.27
1355,6,0,5,9.53157,6946.71
1364,6,0,5,9.53153,6946.5
1361,6,0,5,9.52527,6911.46
1354,6,0,5,9.52523,6911.27
2188,6,0,5,9.51809,6874.6
2075,6,0,5,9.49906,6774.68
1822,6,0,5,9.49824,6770.69
1353,6,0,5,9.49049,6730.21
2118,6,0,5,9.46173,6583.21
2117,6,0,5,9.4592,6558.58
2164,6,0,5,9.43752,6436.96
1306,6,0,5,9.41382,6277.48
1599,6,0,5,9.39714,6184.78
1300,6,0,5,9.39165,6154.66
1298,6,0,5,9.38629,6125.32
2176,6,0,5,9.37959,6085.85
2066,6,0,5,9.36837,6017.48
1262,6,0,5,9.35942,5967
1261,6,0,5,9.35232,5927.11
1846,6,0,5,9.32488,5784.29
1271,6,0,5,9.31965,5758.73
1270,6,0,5,9.312,5716.8
1269,6,0,5,9.29846,5648.43
1267,6,0,5,9.28552,5580.52
1266,6,0,5,9.27103,5503.84
1275,6,0,5,9.25751,5433.83
1429,6,0,6,9.86351,8588.68,0.0865,377.287,0.27,7
2166,6,0,6,9.84426,8490.21
1427,6,0,6,9.82973,8415.7
1677,6,0,6,9.82021,8366.55
2103,6,0,6,9.81635,8347.21
2177,6,0,6,9.81627,8346.85
1841,6,0,6,9.81613,8345.5
2060,6,0,6,9.77654,8131.59
1551,6,0,6,9.77582,8127.41
1201,6,0,6,9.7693,8094.42
1821,6,0,6,9.76505,8070.08
1640,6,0,6,9.75593,8024.2
2057,6,0,6,9.74976,7993.38
1621,6,0,7,10.0771,9678.49,0.101167,441.259,0.13,8
2089,6,0,7,10.0649,9612.69
2124,6,0,7,10.0565,9573.73
1826,6,0,7,10.0493,9534.12
1450,6,0,7,10.0472,9518.82
1829,6,0,7,10.0427,9489.76
1832,6,0,7,10.0302,9404.84
1833,6,0,7,10.0217,9331.78
1835,6,0,7,10.0101,9268.45
2103,6,0,7,10.0047,9238.96
1677,6,0,7,9.99989,9215.53
1427,6,0,7,9.99019,9165.66
2166,6,0,7,9.97313,9080.57
1429,6,0,7,9.95001,8965.96
1650,6,0,8,10.3118,10810.7,0.0471667,205.727,0.37,9
2085,6,0,8,10.2837,10662.3
1461,6,0,8,10.2269,10374.2
2087,6,0,8,10.2174,10328.2
2088,6,0,8,10.2041,10260.3
1644,6,0,8,10.1988,10232.8
2089,6,0,8,10.1806,10131.6
2102,6,0,8,10.1802,10129.6
1497,6,0,8,10.1788,10122.5
1621,6,0,8,10.1782,10119.8
1348,6,0,9,10.4722,11603.3,0.0748333,326.4,0.08,10
1349,6,0,9,10.4712,11598.3
1357,6,0,9,10.459,11535.7
1356,6,0,9,10.4582,11532
1365,6,0,9,10.4506,11492.9
1366,6,0,9,10.4368,11420.2
1374,6,0,9,10.4255,11359.1
1377,6,0,9,10.4248,11355.4
1397,6,0,9,10.4093,11275.5
1398,6,0,9,10.3978,11216.4
1399,6,0,9,10.388,11168.1
1657,6,0,9,10.3656,11052.6
1650,6,0,9,10.359,11016.4
1087,6,0,10,10.6836,12625.8,0,0,0
1088,6,0,10,10.6749,12582.8
1117,6,0,10,10.6647,12531.9
1119,6,0,10,10.6639,12527.9
1118,6,0,10,10.6527,12473.1
2044,6,0,10,10.6388,12399.5
2169,6,0,10,10.6306,12357.7
2171,6,0,10,10.6261,12334.1
1549,6,0,10,10.6185,12294.9
1147,6,0,10,10.6125,12262.5
1796,6,0,10,10.568,12035.7
1328,6,0,10,10.5661,12026.2
1340,6,0,10,10.5475,11932.2
1348,6,0,10,10.547,11929.7
905,7,0,0,8.29157,829.666,0.061,266.064,0.44,1
906,7,0,0,8.27774,757.574
892,7,0,0,8.25882,661.974
896,7,0,0,8.25641,648.832
895,7,0,0,8.25369,634.662
907,7,0,0,8.24255,576.488
908,7,0,0,8.23507,537.87
2014,7,0,0,8.23448,535.191
2015,7,0,0,8.22637,494.476
2018,7,0,0,8.21717,447.026
920,7,0,0,8.21325,426.243
1793,7,0,0,8.19171,316.201
2034,7,0,0,8.18348,274.763
1850,7,0,0,8.17367,225.044
1849,7,0,0,8.15592,135.401
1848,7,0,0,8.15086,109.545
1847,7,0,0,8.14677,87.3505
1086,7,0,0,8.14314,67.3611
1087,7,0,0,8.13,0
953,7,0,1,8.45804,1647.52,0.0948333,413.634,0.45,2
1788,7,0,1,8.44709,1594.33
943,7,0,1,8.43193,1516.86
934,7,0,1,8.42335,1469.83
933,7,0,1,8.41469,1423.04
936,7,0,1,8.4141,1420.1
1737,7,0,1,8.40216,1355.01
917,7,0,1,8.38635,1275.8
916,7,0,1,8.38617,1274.89
906,7,0,1,8.36471,1160.62
905,7,0,1,8.35257,1095.73
1601,7,0,2,8.69701,2804.6,0.0903333,394.007,0.18,3
1599,7,0,2,8.68877,2761.1
1300,7,0,2,8.68258,2727.97
1299,7,0,2,8.68041,2713.37
1557,7,0,2,8.65378,2578.61
2024,7,0,2,8.63815,2498.03
2025,7,0,2,8.6171,2391.84
949,7,0,2,8.61366,2374.54
951,7,0,2,8.60473,2326.75
2021,7,0,2,8.58457,2224.09
2022,7,0,2,8.57357,2167.32
952,7,0,2,8.56418,2118.29
953,7,0,2,8.55288,2061.16
822,7,0,3,8.93193,3964.56,0.0658333,287.145,0.32,4
2153,7,0,3,8.91364,3864.28
831,7,0,3,8.91362,3864.2
832,7,0,3,8.90354,3814.26
843,7,0,3,8.88889,3736.55
855,7,0,3,8.86143,3600.07
1856,7,0,3,8.86129,3599.36
869,7,0,3,8.85203,3548.18
2066,7,0,3,8.83236,3444.55
1297,7,0,3,8.80503,3300.22
1299,7,0,3,8.79881,3265.89
1600,7,0,3,8.79736,3252.44
1599,7,0,3,8.79683,3247.36
1601,7,0,3,8.78734,3198.6
1275,7,0,4,9.15112,5093.26,0.1075,468.883,0.03,5
1265,7,0,4,9.13947,5030.68
1258,7,0,4,9.1272,4964.81
1260,7,0,4,9.11964,4912.58
1259,7,0,4,9.1054,4838.53
868,7,0,4,9.08612,4734.08
869,7,0,4,9.06515,4621.33
1856,7,0,4,9.05854,4576.34
855,7,0,4,9.0584,4575.63
843,7,0,4,9.03567,4458.88
832,7,0,4,9.02519,4398.21
831,7,0,4,9.01965,4367.47
2153,7,0,4,9.01963,4367.39
822,7,0,4,8.99776,4251.71
2057,7,0,5,9.67321,7782.94,0.0776667,338.759,0.34,6
2122,7,0,5,9.66704,7750.77
1820,7,0,5,9.65647,7700.03
1197,7,0,5,9.64308,7633.29
1198,7,0,5,9.6295,7567.47
1152,7,0,5,9.62253,7532.05
1163,7,0,5,9.61162,7479.67
1164,7,0,5,9.60286,7435.04
1161,7,0,5,9.59476,7393.31
1330,7,0,5,9.58471,7342.61
1339,7,0,5,9.56336,7231.2
1340,7,0,5,9.55827,7204.62
1348,7,0,5,9.55776,7202.08
1349,7,0,5,9.55685,7197.4
1357,7,0,5,9.5447,7134.79
1356,7,0,5,9.54393,7131.08
2076,7,0,5,9.53414,7082.58
1355,7,0,5,9.53268,7075.02
1364,7,0,5,9.53264,7074.81
1361,7,0,5,9.52638,7039.77
1354,7,0,5,9.52634,7039.58
2188,7,0,5,9.5192,7002.91
2075,7,0,5,9.50017,6902.99
1822,7,0,5,9.49935,6899
1353,7,0,5,9.4916,6858.52
2118,7,0,5,9.46284,6711.52
2117,7,0,5,9.46031,6686.89
2164,7,0,5,9.43863,6565.28
1306,7,0,5,9.41492,6405.79
1599,7,0,5,9.39825,6313.09
1300,7,0,5,9.39276,6282.97
1298,7,0,5,9.38739,6253.64
2176,7,0,5,9.3807,6214.17
2066,7,0,5,9.36948,6145.79
1262,7,0,5,9.36053,6095.31
1261,7,0,5,9.35343,6055.43
1846,7,0,5,9.32599,5912.6
1271,7,0,5,9.32076,5887.04
1270,7,0,5,9.31311,5845.11
1269,7,0,5,9.29957,5776.74
1267,7,0,5,9.28663,5708.83
1266,7,0,5,9.27214,5632.15
1275,7,0,5,9.25862,5562.14
1429,7,0,6,9.86462,8716.99,0.0865,377.287,0.27,7
2166,7,0,6,9.84537,8618.53
1427,7,0,6,9.83084,8544.01
1677,7,0,6,9.82132,8494.87
2103,7,0,6,9.81746,8475.52
2177,7,0,6,9.81738,8475.16
1841,7,0,6,9.81724,8473.82
2060,7,0,6,9.77765,8259.91
1551,7,0,6,9.77693,8255.72
1201,7,0,6,9.77041,8222.74
1821,7,0,6,9.76616,8198.39
1640,7,0,6,9.75704,8152.52
2057,7,0,6,9.75087,8121.7
1621,7,0,7,10.0782,9806.81,0.101167,441.259,0.13,8
2089,7,0,7,10.066,9741
2124,7,0,7,10.0576,9702.04
1826,7,0,7,10.0504,9662.43
1450,7,0,7,10.0483,9647.13
1829,7,0,7,10.0438,9618.07
1832,7,0,7,10.0313,9533.15
1833,7,0,7,10.0228,9460.09
1835,7,0,7,10.0113,9396.77
2103,7,0,7,10.0059,9367.27
1677,7,0,7,10.001,9343.85
1427,7,0,7,9.9913,9293.97
2166,7,0,7,9.97424,9208.89
1429,7,0,7,9.95112,9094.28
1650,7,0,8,10.313,10939,0.0471667,205.727,0.37,9
2085,7,0,8,10.2848,10790.6
1461,7,0,8,10.228,10502.5
2087,7,0,8,10.2185,10456.5
2088,7,0,8,10.2052,10388.6
1644,7,0,8,10.1999,10361.1
2089,7,0,8,10.1817,10259.9
2102,7,0,8,10.1813,10257.9
1497,7,0,8,10.1799,10250.8
1621,7,0,8,10.1793,10248.1
1348,7,0,9,10.4733,11731.6,0.0748333,326.4,0.08,10
1349,7,0,9,10.4723,11726.6
1357,7,0,9,10.4601,11664
1356,7,0,9,10.4594,11660.3
1365,7,0,9,10.4518,11621.2
1366,7,0,9,10.4379,11548.6
1374,7,0,9,10.4267,11487.4
1377,7,0,9,10.4259,11483.7
1397,7,0,9,10.4104,11403.9
1398,7,0,9,10.3989,11344.7
1399,7,0,9,10.3891,11296.4
1657,7,0,9,10.3667,11180.9
1650,7,0,9,10.3601,11144.7
1087,7,0,10,10.6847,12754.1,0,0,0
1088,7,0,10,10.676,12711.1
1117,7,0,10,10.6658,12660.2
1119,7,0,10,10.665,12656.2
1118,7,0,10,10.6538,12601.4
2044,7,0,10,10.6399,12527.8
2169,7,0,10,10.6317,12486
2171,7,0,10,10.6272,12462.4
1549,7,0,10,10.6197,12423.2
1147,7,0,10,10.6136,12390.8
1796,7,0,10,10.5691,12164
1328,7,0,10,10.5672,12154.5
1340,7,0,10,10.5486,12060.5
1348,7,0,10,10.5481,12058
2057,8,0,0,8.71738,790.795,0.0981667,428.173,0.33,1
2122,8,0,0,8.71061,756.084
1639,8,0,0,8.70528,728.728
1190,8,0,0,8.70185,709.948
1186,8,0,0,8.69193,656.065
1183,8,0,0,8.68169,601.675
1103,8,0,0,8.67103,544.89
1084,8,0,0,8.66116,487.929
1062,8,0,0,8.64467,388.255
1063,8,0,0,8.6439,381.112
1061,8,0,0,8.64047,363.372
1060,8,0,0,8.63397,330.074
1073,8,0,0,8.61255,218.101
1075,8,0,0,8.60724,191.567
1072,8,0,0,8.59669,137.848
1071,8,0,0,8.58891,97.4637
2160,8,0,0,8.58179,59.0712
1087,8,0,0,8.57,0
1429,8,0,1,8.92336,1788.84,0.0685,298.776,0.22,2
2166,8,0,1,8.9033,1686.97
1427,8,0,1,8.88996,1617.49
1677,8,0,1,8.87966,1565.05
2103,8,0,1,8.87579,1545.71
2177,8,0,1,8.87572,1545.35
1841,8,0,1,8.87558,1544
2060,8,0,1,8.83978,1346.48
1551,8,0,1,8.83905,1342.27
1201,8,0,1,8.83339,1312.91
1821,8,0,1,8.82914,1288.57
1640,8,0,1,8.82041,1244.34
2057,8,0,1,8.81555,1218.97
953,8,0,2,9.32883,3832.36,0.0893333,389.645,0.46,3
2023,8,0,2,9.32801,3828.26
2163,8,0,2,9.30044,3680.17
1314,8,0,2,9.28191,3584.22
2165,8,0,2,9.26206,3482.25
2118,8,0,2,9.26042,3474.04
1353,8,0,2,9.23582,3344.59
1822,8,0,2,9.22774,3302.72
2075,8,0,2,9.22692,3298.72
2188,8,0,2,9.20503,3186.75
1354,8,0,2,9.19536,3139.51
1355,8,0,2,9.18809,3101.66
2076,8,0,2,9.18626,3092.55
1356,8,0,2,9.17844,3052.25
1357,8,0,2,9.17766,3048.53
1358,8,0,2,9.16889,3000.65
1352,8,0,2,9.16085,2957.27
1351,8,0,2,9.14966,2899.79
1350,8,0,2,9.14314,2865.42
1414,8,0,2,9.12694,2784.91
2120,8,0,2,9.11636,2729.93
2097,8,0,2,9.11003,2694.78
1415,8,0,2,9.09778,2631.36
1416,8,0,2,9.08403,2560.75
1554,8,0,2,9.08247,2552.92
2079,8,0,2,9.07696,2523.55
1651,8,0,2,9.0441,2351.03
2094,8,0,2,9.03507,2303.19
1419,8,0,2,9.0254,2252.79
1429,8,0,2,8.99186,2087.61
905,8,0,3,9.55414,4939.9,0.112167,489.237,0.46,4
906,8,0,3,9.54214,4875.61
1555,8,0,3,9.51286,4716.4
930,8,0,3,9.4927,4611.43
931,8,0,3,9.48318,4564.25
932,8,0,3,9.46915,4488.69
933,8,0,3,9.46413,4463.12
934,8,0,3,9.4586,4425.47
935,8,0,3,9.45806,4422.86
2020,8,0,3,9.44701,4365.89
1787,8,0,3,9.4284,4272.92
2023,8,0,3,9.41898,4226.1
953,8,0,3,9.41816,4222
822,8,0,4,9.80531,6162.72,0.0406667,177.376,0.33,5
2153,8,0,4,9.78432,6050.82
831,8,0,4,9.78431,6050.74
825,8,0,4,9.7839,6048.71
834,8,0,4,9.77588,6002.6
833,8,0,4,9.77321,5988.39
899,8,0,4,9.74826,5855.09
900,8,0,4,9.72482,5736.06
901,8,0,4,9.71876,5705.21
902,8,0,4,9.70647,5638.42
904,8,0,4,9.69217,5562.92
903,8,0,4,9.68841,5543.07
905,8,0,4,9.66631,5429.13
1275,8,0,5,10.0113,7227.76,0.057,248.617,0.01,6
1266,8,0,5,10.0003,7168.34
1267,8,0,5,9.98684,7096.11
1260,8,0,5,9.97194,7017.78
1259,8,0,5,9.95843,6946.81
868,8,0,5,9.93739,6834.84
869,8,0,5,9.91517,6716.72
1856,8,0,5,9.8943,6616.97
855,8,0,5,9.89415,6616.26
843,8,0,5,9.88179,6539.05
832,8,0,5,9.87091,6477.67
831,8,0,5,9.86447,6443.09
825,8,0,5,9.86406,6441.06
822,8,0,5,9.84598,6340.1
1601,8,0,6,10.2086,8262.01,0.0673333,293.688,0.2,7
1599,8,0,6,10.2016,8224
1300,8,0,6,10.1972,8197.49
1298,8,0,6,10.1905,8162.27
2176,8,0,6,10.1842,8123.4
2066,8,0,6,10.1735,8055.75
869,8,0,6,10.1635,7980.89
868,8,0,6,10.1428,7869.5
1259,8,0,6,10.1247,7770.19
1260,8,0,6,10.1074,7682.97
1258,8,0,6,10.0942,7613
1265,8,0,6,10.0802,7539.94
1275,8,0,6,10.0683,7476.38
1621,8,0,7,10.6088,10425.6,0.101167,441.259,0.13,8
2089,8,0,7,10.5939,10348.1
2124,8,0,7,10.5861,10311.7
1826,8,0,7,10.5793,10273.5
1450,8,0,7,10.577,10258.1
1829,8,0,7,10.5724,10228.9
1832,8,0,7,10.5598,10143.9
1833,8,0,7,10.5515,10070.5
1837,8,0,7,10.5418,10000.9
2177,8,0,7,10.538,9980.52
1841,8,0,7,10.5378,9979.17
1554,8,0,7,10.5322,9948.75
1416,8,0,7,10.5307,9940.92
1415,8,0,7,10.5163,9867.6
2097,8,0,7,10.5041,9804.62
2119,8,0,7,10.4965,9769.93
2120,8,0,7,10.49,9736.92
1414,8,0,7,10.4782,9676.88
1350,8,0,7,10.4668,9616.47
1351,8,0,7,10.458,9572.54
1352,8,0,7,10.4439,9503.15
1358,8,0,7,10.4336,9449.97
1357,8,0,7,10.4227,9393.26
1356,8,0,7,10.422,9389.54
2076,8,0,7,10.4156,9355.25
1355,8,0,7,10.4142,9348.21
1354,8,0,7,10.408,9314.67
2188,8,0,7,10.3999,9273.97
2075,8,0,7,10.3789,9165.93
1822,8,0,7,10.3781,9161.94
1353,8,0,7,10.3674,9108.99
2118,8,0,7,10.3438,8984.12
2117,8,0,7,10.3413,8959.49
2164,8,0,7,10.3226,8844.5
1306,8,0,7,10.2991,8685.24
1599,8,0,7,10.2816,8588.76
1601,8,0,7,10.2759,8555.69
1650,8,0,8,10.8436,11557.8,0.0471667,205.727,0.37,9
2085,8,0,8,10.8154,11409.4
1461,8,0,8,10.7586,11121.4
2087,8,0,8,10.7492,11075.3
2088,8,0,8,10.7358,11007.5
1644,8,0,8,10.7305,10980
2089,8,0,8,10.7123,10878.8
2102,8,0,8,10.7119,10876.7
1497,8,0,8,10.7106,10869.6
1621,8,0,8,10.71,10866.9
1348,8,0,9,11.0039,12350.4,0.0711667,310.408,0.09,10
1349,8,0,9,11.0029,12345.4
1357,8,0,9,10.9908,12282.8
1356,8,0,9,10.99,12279.1
1365,8,0,9,10.9824,12240
1366,8,0,9,10.9685,12167.4
1374,8,0,9,10.9573,12106.3
1377,8,0,9,10.9565,12102.5
1397,8,0,9,10.9411,12022.7
1398,8,0,9,10.9296,11963.5
1399,8,0,9,10.9197,11915.2
1657,8,0,9,10.8973,11799.8
1650,8,0,9,10.8908,11763.6
1087,8,0,10,11.1885,13259,0,0,0
1088,8,0,10,11.1816,13223.7
1117,8,0,10,11.1721,13175.5
1119,8,0,10,11.1713,13171.5
1118,8,0,10,11.1649,13137
2044,8,0,10,11.1505,13061
2169,8,0,10,11.142,13017.9
2171,8,0,10,11.1374,12994.1
1549,8,0,10,11.1309,12959
1147,8,0,10,11.1244,12924.9
1796,8,0,10,11.0944,12760.1
1328,8,0,10,11.0925,12750
1340,8,0,10,11.0756,12663.4
1348,8,0,10,11.0751,12660.8
2057,9,0,0,8.70738,790.795,0.0981667,428.173,0.33,1
2122,9,0,0,8.70061,756.084
1639,9,0,0,8.69528,728.728
1190,9,0,0,8.69185,709.948
1186,9,0,0,8.68193,656.065
1183,9,0,0,8.67169,601.675
1103,9,0,0,8.66103,544.89
1084,9,0,0,8.65116,487.929
1062,9,0,0,8.63467,388.255
1063,9,0,0,8.6339,381.112
1061,9,0,0,8.63047,363.372
1060,9,0,0,8.62397,330.074
1073,9,0,0,8.60255,218.101
1075,9,0,0,8.59724,191.567
1072,9,0,0,8.58669,137.848
1071,9,0,0,8.57891,97.4637
2160,9,0,0,8.57179,59.0712
1087,9,0,0,8.56,0
1429,9,0,1,8.91336,1788.84,0.0685,298.776,0.22,2
2166,9,0,1,8.8933,1686.97
1427,9,0,1,8.87996,1617.49
1677,9,0,1,8.86966,1565.05
2103,9,0,1,8.8658,1545.71
2177,9,0,1,8.86572,1545.35
1841,9,0,1,8.86558,1544
2060,9,0,1,8.82978,1346.48
1551,9,0,1,8.82905,1342.27
1201,9,0,1,8.82339,1312.91
1821,9,0,1,8.81914,1288.57
1640,9,0,1,8.81042,1244.34
2057,9,0,1,8.80555,1218.97
953,9,0,2,9.31883,3832.36,0.0893333,389.645,0.46,3
2023,9,0,2,9.31801,3828.26
2163,9,0,2,9.29044,3680.17
1314,9,0,2,9.27191,3584.22
2165,9,0,2,9.25206,3482.25
2118,9,0,2,9.25042,3474.04
1353,9,0,2,9.22582,3344.59
1822,9,0,2,9.21774,3302.72
2075,9,0,2,9.21692,3298.72
2188,9,0,2,9.19503,3186.75
1354,9,0,2,9.18536,3139.51
1355,9,0,2,9.17809,3101.66
2076,9,0,2,9.17626,3092.55
1356,9,0,2,9.16844,3052.25
1357,9,0,2,9.16766,3048.53
1358,9,0,2,9.15889,3000.65
1352,9,0,2,9.15085,2957.27
1351,9,0,2,9.13966,2899.79
1350,9,0,2,9.13314,2865.42
1414,9,0,2,9.11694,2784.91
2120,9,0,2,9.10636,2729.93
2097,9,0,2,9.10003,2694.78
1415,9,0,2,9.08778,2631.36
1416,9,0,2,9.07403,2560.75
1554,9,0,2,9.07247,2552.92
2079,9,0,2,9.06696,2523.55
1651,9,0,2,9.0341,2351.03
2094,9,0,2,9.02507,2303.19
1419,9,0,2,9.0154,2252.79
1429,9,0,2,8.98186,2087.61
905,9,0,3,9.54414,4939.9,0.112167,489.237,0.46,4
906,9,0,3,9.53215,4875.61
1555,9,0,3,9.50286,4716.4
930,9,0,3,9.4827,4611.43
931,9,0,3,9.47318,4564.25
932,9,0,3,9.45915,4488.69
933,9,0,3,9.45413,4463.12
934,9,0,3,9.4486,4425.47
935,9,0,3,9.44806,4422.86
2020,9,0,3,9.43701,4365.89
1787,9,0,3,9.4184,4272.92
2023,9,0,3,9.40898,4226.1
953,9,0,3,9.40816,4222
822,9,0,4,9.79531,6162.72,0.0406667,177.376,0.33,5
2153,9,0,4,9.77432,6050.82
831,9,0,4,9.77431,6050.74
825,9,0,4,9.7739,6048.71
834,9,0,4,9.76588,6002.6
833,9,0,4,9.76321,5988.39
899,9,0,4,9.73826,5855.09
900,9,0,4,9.71482,5736.06
901,9,0,4,9.70876,5705.21
902,9,0,4,9.69647,5638.42
904,9,0,4,9.68217,5562.92
903,9,0,4,9.67841,5543.07
905,9,0,4,9.65631,5429.13
1275,9,0,5,10.0013,7227.76,0.057,248.617,0.01,6
1266,9,0,5,9.99029,7168.34
1267,9,0,5,9.97684,7096.11
1260,9,0,5,9.96194,7017.78
1259,9,0,5,9.94843,6946.81
868,9,0,5,9.92739,6834.84
869,9,0,5,9.90517,6716.72
1856,9,0,5,9.8843,6616.97
855,9,0,5,9.88416,6616.26
843,9,0,5,9.87179,6539.05
832,9,0,5,9.86091,6477.67
831,9,0,5,9.85447,6443.09
825,9,0,5,9.85406,6441.06
822,9,0,5,9.83598,6340.1
1601,9,0,6,10.1986,8262.01,0.0673333,293.688,0.2,7
1599,9,0,6,10.1916,8224
1300,9,0,6,10.1872,8197.49
1298,9,0,6,10.1805,8162.27
2176,9,0,6,10.1742,8123.4
2066,9,0,6,10.1635,8055.75
869,9,0,6,10.1535,7980.89
868,9,0,6,10.1328,7869.5
1259,9,0,6,10.1147,7770.19
1260,9,0,6,10.0974,7682.97
1258,9,0,6,10.0842,7613
1265,9,0,6,10.0702,7539.94
1275,9,0,6,10.0583,7476.38
1621,9,0,7,10.5988,10425.6,0.101167,441.259,0.13,8
2089,9,0,7,10.5839,10348.1
2124,9,0,7,10.5761,10311.7
1826,9,0,7,10.5693,10273.5
1450,9,0,7,10.567,10258.1
1829,9,0,7,10.5624,10228.9
1832,9,0,7,10.5498,10143.9
1833,9,0,7,10.5415,10070.5
1837,9,0,7,10.5318,10000.9
2177,9,0,7,10.528,9980.52
1841,9,0,7,10.5278,9979.17
1554,9,0,7,10.5222,9948.75
1416,9,0,7,10.5207,9940.92
1415,9,0,7,10.5063,9867.6
2097,9,0,7,10.4941,9804.62
2119,9,0,7,10.4865,9769.93
2120,9,0,7,10.48,9736.92
1414,9,0,7,10.4682,9676.88
1350,9,0,7,10.4568,9616.47
1351,9,0,7,10.448,9572.54
1352,9,0,7,10.4339,9503.15
1358,9,0,7,10.4236,9449.97
1357,9,0,7,10.4127,9393.26
1356,9,0,7,10.412,9389.54
2076,9,0,7,10.4056,9355.25
1355,9,0,7,10.4042,9348.21
1354,9,0,7,10.398,9314.67
2188,9,0,7,10.3899,9273.97
2075,9,0,7,10.3689,9165.93
1822,9,0,7,10.3681,9161.94
1353,9,0,7,10.3574,9108.99
2118,9,0,7,10.3338,8984.12
2117,9,0,7,10.3313,8959.49
2164,9,0,7,10.3126,8844.5
1306,9,0,7,10.2891,8685.24
1599,9,0,7,10.2716,8588.76
1601,9,0,7,10.2659,8555.69
1650,9,0,8,10.8336,11557.8,0.0471667,205.727,0.37,9
2085,9,0,8,10.8054,11409.4
1461,9,0,8,10.7486,11121.4
2087,9,0,8,10.7392,11075.3
2088,9,0,8,10.7258,11007.5
1644,9,0,8,10.7205,10980
2089,9,0,8,10.7023,10878.8
2102,9,0,8,10.7019,10876.7
1497,9,0,8,10.7006,10869.6
1621,9,0,8,10.7,10866.9
1348,9,0,9,10.9939,12350.4,0.0748333,326.4,0.08,10
1349,9,0,9,10.9929,12345.4
1357,9,0,9,10.9808,12282.8
1356,9,0,9,10.98,12279.1
1365,9,0,9,10.9724,12240
1366,9,0,9,10.9586,12167.4
1374,9,0,9,10.9473,12106.3
1377,9,0,9,10.9465,12102.5
1397,9,0,9,10.9311,12022.7
1398,9,0,9,10.9196,11963.5
1399,9,0,9,10.9097,11915.2
1657,9,0,9,10.8873,11799.8
1650,9,0,9,10.8808,11763.6
1087,9,0,10,11.1822,13275,0,0,0
1088,9,0,10,11.1753,13239.7
1117,9,0,10,11.1658,13191.5
1119,9,0,10,11.165,13187.5
1118,9,0,10,11.1586,13152.9
2044,9,0,10,11.1442,13077
2169,9,0,10,11.1357,13033.9
2171,9,0,10,11.1311,13010
1549,9,0,10,11.1245,12975
1147,9,0,10,11.1181,12940.9
1796,9,0,10,11.0881,12776.1
1328,9,0,10,11.0861,12766
1340,9,0,10,11.0693,12679.4
1348,9,0,10,11.0687,12676.8
2057,10,0,0,8.14738,790.795,0.0981667,428.173,0.33,1
2122,10,0,0,8.14061,756.084
1639,10,0,0,8.13528,728.728
1190,10,0,0,8.13185,709.948
1186,10,0,0,8.12193,656.065
1183,10,0,0,8.11169,601.675
1103,10,0,0,8.10103,544.89
1084,10,0,0,8.09116,487.929
1062,10,0,0,8.07467,388.255
1063,10,0,0,8.0739,381.112
1061,10,0,0,8.07047,363.372
1060,10,0,0,8.06397,330.074
1073,10,0,0,8.04255,218.101
1075,10,0,0,8.03724,191.567
1072,10,0,0,8.02669,137.848
1071,10,0,0,8.01891,97.4637
2160,10,0,0,8.01179,59.0712
1087,10,0,0,8,0
1429,10,0,1,8.35336,1788.84,0.0685,298.776,0.22,2
2166,10,0,1,8.3333,1686.97
1427,10,0,1,8.31996,1617.49
1677,10,0,1,8.30966,1565.05
2103,10,0,1,8.30579,1545.71
2177,10,0,1,8.30572,1545.35
1841,10,0,1,8.30558,1544
2060,10,0,1,8.26978,1346.48
1551,10,0,1,8.26905,1342.27
1201,10,0,1,8.26339,1312.91
1821,10,0,1,8.25914,1288.57
1640,10,0,1,8.25041,1244.34
2057,10,0,1,8.24555,1218.97
953,10,0,2,8.75883,3832.36,0.0948333,413.634,0.45,3
2023,10,0,2,8.75801,3828.26
2163,10,0,2,8.73044,3680.17
1314,10,0,2,8.71191,3584.22
2165,10,0,2,8.69206,3482.25
2118,10,0,2,8.69042,3474.04
1353,10,0,2,8.66582,3344.59
1822,10,0,2,8.65774,3302.72
2075,10,0,2,8.65692,3298.72
2188,10,0,2,8.63503,3186.75
1354,10,0,2,8.62536,3139.51
1355,10,0,2,8.61809,3101.66
2076,10,0,2,8.61626,3092.55
1356,10,0,2,8.60844,3052.25
1357,10,0,2,8.60766,3048.53
1358,10,0,2,8.59889,3000.65
1352,10,0,2,8.59085,2957.27
1351,10,0,2,8.57966,2899.79
1350,10,0,2,8.57314,2865.42
1414,10,0,2,8.55694,2784.91
2120,10,0,2,8.54636,2729.93
2097,10,0,2,8.54003,2694.78
1415,10,0,2,8.52778,2631.36
1416,10,0,2,8.51403,2560.75
1554,10,0,2,8.51247,2552.92
2079,10,0,2,8.50696,2523.55
1651,10,0,2,8.4741,2351.03
2094,10,0,2,8.46507,2303.19
1419,10,0,2,8.4554,2252.79
1429,10,0,2,8.42186,2087.61
905,10,0,3,8.98414,4935.71,0.061,266.064,0.44,4
906,10,0,3,8.97031,4863.62
1555,10,0,3,8.94439,4719.01
930,10,0,3,8.92396,4612.85
940,10,0,3,8.91244,4553.66
934,10,0,3,8.89255,4442.98
935,10,0,3,8.89201,4440.38
2020,10,0,3,8.88095,4383.4
1787,10,0,3,8.8639,4296.91
2023,10,0,3,8.85448,4250.09
953,10,0,3,8.85366,4245.99
822,10,0,4,9.18414,5935.36,0.0406667,177.376,0.33,5
2153,10,0,4,9.16315,5823.46
831,10,0,4,9.16314,5823.38
825,10,0,4,9.16273,5821.35
834,10,0,4,9.15472,5775.24
833,10,0,4,9.15204,5761.03
899,10,0,4,9.12709,5627.72
900,10,0,4,9.10365,5508.7
901,10,0,4,9.09759,5477.85
902,10,0,4,9.0853,5411.06
904,10,0,4,9.071,5335.56
903,10,0,4,9.06724,5315.71
905,10,0,4,9.04514,5201.77
1275,10,0,5,9.39015,7000.4,0.1075,468.883,0.03,6
1266,10,0,5,9.37912,6940.98
1267,10,0,5,9.36567,6868.75
1260,10,0,5,9.35077,6790.42
1259,10,0,5,9.33726,6719.45
868,10,0,5,9.31622,6607.48
869,10,0,5,9.294,6489.35
1856,10,0,5,9.27313,6389.61
855,10,0,5,9.27299,6388.9
843,10,0,5,9.26062,6311.69
832,10,0,5,9.24974,6250.31
831,10,0,5,9.2433,6215.73
825,10,0,5,9.24289,6213.7
822,10,0,5,9.22481,6112.74
1601,10,0,6,9.64337,8254.46,0.0985,429.627,0.19,7
1599,10,0,6,9.63728,8220.23
1300,10,0,6,9.63179,8190.11
1298,10,0,6,9.62642,8160.78
2176,10,0,6,9.61972,8121.31
2066,10,0,6,9.60851,8052.93
1262,10,0,6,9.59956,8002.45
1261,10,0,6,9.59246,7962.57
1846,10,0,6,9.56502,7819.74
1271,10,0,6,9.55978,7794.18
1270,10,0,6,9.55213,7752.25
1269,10,0,6,9.5386,7683.88
1267,10,0,6,9.52566,7615.97
1266,10,0,6,9.51117,7539.29
1275,10,0,6,9.49765,7469.28
1621,10,0,7,10.0827,10597.4,0.101167,441.259,0.13,8
2089,10,0,7,10.0692,10525.6
2124,10,0,7,10.0638,10498.7
1826,10,0,7,10.0586,10464.6
1450,10,0,7,10.0562,10449.1
1829,10,0,7,10.0515,10419.8
1832,10,0,7,10.0412,10335.1
1833,10,0,7,10.0324,10262.3
1837,10,0,7,10.0228,10192.7
2177,10,0,7,10.0182,10169.1
1841,10,0,7,10.018,10167.7
1554,10,0,7,10.0102,10127.8
1416,10,0,7,10.0086,10120
1415,10,0,7,9.99491,10049.6
2097,10,0,7,9.981,9979.18
2098,10,0,7,9.97561,9952.28
2119,10,0,7,9.97322,9937.78
2120,10,0,7,9.96666,9904.78
1414,10,0,7,9.95602,9849.55
1350,10,0,7,9.94319,9783.15
1351,10,0,7,9.93044,9723.01
1352,10,0,7,9.9191,9664.92
1358,10,0,7,9.90736,9605.86
1357,10,0,7,9.89591,9546.56
1356,10,0,7,9.89513,9542.84
2076,10,0,7,9.88736,9502.76
1355,10,0,7,9.88588,9495.11
1364,10,0,7,9.88584,9494.9
1361,10,0,7,9.87938,9459.01
1354,10,0,7,9.87934,9458.82
2188,10,0,7,9.87159,9419.58
2075,10,0,7,9.85085,9312.44
1822,10,0,7,9.85003,9308.44
1353,10,0,7,9.84228,9267.97
2118,10,0,7,9.81353,9120.96
2117,10,0,7,9.811,9096.33
2164,10,0,7,9.78932,8974.72
1306,10,0,7,9.76561,8815.24
1599,10,0,7,9.74894,8722.53
1601,10,0,7,9.74187,8684.09
1650,10,0,8,10.3175,11729.6,0.0471667,205.727,0.37,9
2085,10,0,8,10.2893,11581.2
1461,10,0,8,10.2325,11293.1
2087,10,0,8,10.2231,11247.1
2088,10,0,8,10.2098,11179.2
1644,10,0,8,10.2044,11151.7
2089,10,0,8,10.1862,11050.5
2102,10,0,8,10.1858,11048.4
1497,10,0,8,10.1845,11041.3
1621,10,0,8,10.1839,11038.6
1348,10,0,9,10.4778,12522.1,0.0748333,326.4,0.08,10
1349,10,0,9,10.4768,12517.2
1357,10,0,9,10.4647,12454.5
1356,10,0,9,10.4639,12450.8
1365,10,0,9,10.4563,12411.8
1366,10,0,9,10.4425,12339.1
1374,10,0,9,10.4312,12278
1377,10,0,9,10.4304,12274.3
1397,10,0,9,10.415,12194.4
1398,10,0,9,10.4035,12135.2
1399,10,0,9,10.3937,12087
1657,10,0,9,10.3712,11971.5
1650,10,0,9,10.3647,11935.3
1087,10,0,10,10.6892,13544.7,0,0,0
1088,10,0,10,10.6805,13501.7
1117,10,0,10,10.6704,13450.8
1119,10,0,10,10.6696,13446.8
1118,10,0,10,10.6583,13392
2044,10,0,10,10.6445,13318.4
2169,10,0,10,10.6363,13276.5
2171,10,0,10,10.6318,13252.9
1549,10,0,10,10.6242,13213.7
1147,10,0,10,10.6182,13181.3
1796,10,0,10,10.5736,12954.6
1328,10,0,10,10.5718,12945.1
1340,10,0,10,10.5532,12851.1
1348,10,0,10,10.5527,12848.5
1621,11,0,0,10.0007,1554.86,0.101167,441.259,0.13,1
2089,11,0,0,9.98711,1483.11
2124,11,0,0,9.98171,1456.25
1826,11,0,0,9.97653,1422.11
1450,11,0,0,9.97417,1406.64
1829,11,0,0,9.96947,1377.32
1832,11,0,0,9.95694,1292.4
1833,11,0,0,9.94841,1219.34
1835,11,0,0,9.93688,1156.01
2103,11,0,0,9.93148,1126.52
2177,11,0,0,9.93141,1126.16
1841,11,0,0,9.93127,1124.81
2060,11,0,0,9.89167,910.898
1551,11,0,0,9.89095,906.715
1550,11,0,0,9.89018,902.931
1196,11,0,0,9.88378,859.569
1194,11,0,0,9.88347,857.839
1190,11,0,0,9.87059,786.473
1186,11,0,0,9.85934,726.883
1183,11,0,0,9.83862,629.104
1103,11,0,0,9.82643,565.833
1084,11,0,0,9.81561,505.542
1062,11,0,0,9.79869,405.198
1063,11,0,0,9.79792,398.055
1061,11,0,0,9.79446,380.192
1060,11,0,0,9.78816,347.725
1073,11,0,0,9.76387,223.679
1075,11,0,0,9.75773,193.701
1072,11,0,0,9.7477,142.172
1071,11,0,0,9.74093,106.033
2160,11,0,0,9.73161,58.333
1087,11,0,0,9.72,0
1650,11,0,1,10.2355,2687.06,0.0471667,205.727,0.37,2
2085,11,0,1,10.2073,2538.66
1461,11,0,1,10.1505,2250.58
2087,11,0,1,10.141,2204.57
2088,11,0,1,10.1277,2136.68
1644,11,0,1,10.1224,2109.18
2089,11,0,1,10.1042,2007.99
2102,11,0,1,10.1038,2005.95
1497,11,0,1,10.1024,1998.82
1621,11,0,1,10.1019,1996.12
1348,11,0,2,10.3958,3479.65,0.0748333,326.4,0.08,3
1349,11,0,2,10.3948,3474.66
1357,11,0,2,10.3826,3412.06
1356,11,0,2,10.3819,3408.34
1365,11,0,2,10.3743,3369.27
1366,11,0,2,10.3604,3296.6
1374,11,0,2,10.3492,3235.49
1377,11,0,2,10.3484,3231.76
1397,11,0,2,10.3329,3151.9
1398,11,0,2,10.3214,3092.73
1399,11,0,2,10.3116,3044.47
1657,11,0,2,10.2892,2928.99
1650,11,0,2,10.2826,2892.79
1601,11,0,3,10.7007,5016.17,0.0673333,293.688,0.2,4
1599,11,0,3,10.6937,4978.17
1300,11,0,3,10.6893,4951.66
1299,11,0,3,10.6871,4937.07
1557,11,0,3,10.6691,4838.6
1301,11,0,3,10.6561,4772.6
1302,11,0,3,10.6321,4643.91
1307,11,0,3,10.6168,4559.66
1308,11,0,3,10.6054,4499.59
1309,11,0,3,10.5882,4410.52
1314,11,0,3,10.5876,4407.65
2165,11,0,3,10.5713,4320.46
2118,11,0,3,10.5696,4312.25
1353,11,0,3,10.5456,4185.35
1822,11,0,3,10.5357,4135.66
2075,11,0,3,10.5349,4131.66
2188,11,0,3,10.5107,4010.12
1354,11,0,3,10.5018,3966.29
1355,11,0,3,10.4939,3925.41
2076,11,0,3,10.492,3916.3
1356,11,0,3,10.4842,3876.05
1357,11,0,3,10.4834,3872.33
1349,11,0,3,10.4716,3811.03
1348,11,0,3,10.4706,3806.05
1275,11,0,4,10.9255,6154.32,0.057,248.617,0.01,5
1265,11,0,4,10.9132,6088.73
1258,11,0,4,10.9006,6021.83
1260,11,0,4,10.8818,5928.19
1259,11,0,4,10.8683,5857.06
868,11,0,4,10.8511,5761.96
869,11,0,4,10.8296,5646.86
2066,11,0,4,10.8076,5533.13
1297,11,0,4,10.7813,5393.47
1299,11,0,4,10.7757,5361.48
1600,11,0,4,10.7742,5348.03
1599,11,0,4,10.7737,5342.93
1601,11,0,4,10.768,5309.86
822,11,0,5,11.1605,7336.48,0.0705,307.5,0.34,6
2153,11,0,5,11.1394,7224.27
831,11,0,5,11.1394,7224.19
832,11,0,5,11.1342,7195.25
843,11,0,5,11.1179,7110.42
855,11,0,5,11.0905,6973.94
1856,11,0,5,11.0903,6973.23
869,11,0,5,11.0777,6907.45
868,11,0,5,11.057,6796.06
1259,11,0,5,11.0389,6696.75
1260,11,0,5,11.0215,6609.53
1258,11,0,5,11.0083,6539.57
1265,11,0,5,10.9944,6466.51
1275,11,0,5,10.9825,6402.94
953,11,0,6,11.4481,8796.36,0.102333,446.347,0.44,7
952,11,0,6,11.4372,8741.28
2022,11,0,6,11.4257,8683.05
2021,11,0,6,11.4138,8622.74
1791,11,0,6,11.406,8583.43
950,11,0,6,11.3871,8485.4
948,11,0,6,11.3705,8397.46
947,11,0,6,11.3561,8324.36
946,11,0,6,11.3477,8278.46
927,11,0,6,11.3397,8235.63
926,11,0,6,11.3159,8106
911,11,0,6,11.2879,7957.13
835,11,0,6,11.2669,7843.33
834,11,0,6,11.2586,7797.49
825,11,0,6,11.248,7740.67
822,11,0,6,11.231,7643.98
1087,11,0,7,11.7033,10027.5,0,0,0
1088,11,0,7,11.6965,9992.15
1117,11,0,7,11.687,9943.9
1119,11,0,7,11.6861,9939.91
1118,11,0,7,11.6798,9905.38
1116,11,0,7,11.6789,9901.39
1115,11,0,7,11.6666,9840.94
2041,11,0,7,11.6524,9770.97
1110,11,0,7,11.6453,9736.01
1111,11,0,7,11.6352,9688.94
1107,11,0,7,11.6307,9665.85
1106,11,0,7,11.6174,9595.89
2039,11,0,7,11.6109,9554.38
2106,11,0,7,11.5947,9466.87
2050,11,0,7,11.5861,9425.42
2108,11,0,7,11.5671,9329.35
2023,11,0,7,11.5512,9246.81
953,11,0,7,11.5504,9242.71
905,11,1,0,8.19157,829.666,0.061,266.064,0.44,1
906,11,1,0,8.17774,757.574
892,11,1,0,8.15882,661.974
896,11,1,0,8.15641,648.832
895,11,1,0,8.15369,634.662
907,11,1,0,8.14255,576.488
908,11,1,0,8.13507,537.87
2014,11,1,0,8.13448,535.191
2015,11,1,0,8.12637,494.476
2018,11,1,0,8.11717,447.026
920,11,1,0,8.11325,426.243
1793,11,1,0,8.09171,316.201
2034,11,1,0,8.08348,274.763
1850,11,1,0,8.07367,225.044
1849,11,1,0,8.05592,135.401
1848,11,1,0,8.05086,109.545
1847,11,1,0,8.04677,87.3505
1086,11,1,0,8.04314,67.3611
1087,11,1,0,8.03,0
2057,11,1,1,8.49255,2351.67,0.0981667,428.173,0.33,2
2122,11,1,1,8.48579,2316.96
1639,11,1,1,8.48045,2289.6
1190,11,1,1,8.47702,2270.82
1186,11,1,1,8.4671,2216.94
1183,11,1,1,8.45686,2162.55
1103,11,1,1,8.4462,2105.77
1084,11,1,1,8.43633,2048.8
1062,11,1,1,8.41984,1949.13
2159,11,1,1,8.41969,1948.36
1045,11,1,1,8.41901,1945.21
1043,11,1,1,8.41589,1929.29
2158,11,1,1,8.40814,1890.7
2030,11,1,1,8.4042,1870.86
1041,11,1,1,8.39901,1844.06
1039,11,1,1,8.39048,1800.47
1037,11,1,1,8.381,1753.41
1034,11,1,1,8.37249,1708.44
2032,11,1,1,8.35705,1630.85
1050,11,1,1,8.3295,1492.12
1804,11,1,1,8.31637,1426.11
2015,11,1,1,8.30517,1369.89
2014,11,1,1,8.29687,1328.34
2017,11,1,1,8.29571,1322.65
2170,11,1,1,8.29253,1306.78
917,11,1,1,8.28635,1275.8
916,11,1,1,8.28617,1274.89
906,11,1,1,8.26471,1160.62
905,11,1,1,8.25257,1095.73
1429,11,1,2,8.69853,3349.71,0.0685,298.776,0.22,3
2166,11,1,2,8.67848,3247.85
1427,11,1,2,8.66514,3178.36
1677,11,1,2,8.65483,3125.93
2103,11,1,2,8.65097,3106.58
2177,11,1,2,8.65089,3106.22
1841,11,1,2,8.65075,3104.88
2060,11,1,2,8.61495,2907.35
1551,11,1,2,8.61422,2903.15
1201,11,1,2,8.60856,2873.78
1821,11,1,2,8.60432,2849.44
1640,11,1,2,8.59559,2805.22
2057,11,1,2,8.59072,2779.84
1087,11,1,3,9.05456,5141.64,0,0,0
1090,11,1,3,9.04626,5098.17
1076,11,1,3,9.02747,5001.79
1074,11,1,3,9.02301,4979.24
1077,11,1,3,9.01322,4927.56
1080,11,1,3,8.99933,4858.52
1079,11,1,3,8.99236,4822.68
1061,11,1,3,8.98811,4801.39
1063,11,1,3,8.98508,4785.32
1083,11,1,3,8.97013,4704.52
1105,11,1,3,8.95813,4639.73
1104,11,1,3,8.94051,4546.93
1183,11,1,3,8.93809,4530.65
1184,11,1,3,8.9333,4504.55
1663,11,1,3,8.92329,4453.51
1189,11,1,3,8.91532,4412.21
1194,11,1,3,8.9033,4338.32
1196,11,1,3,8.90303,4336.73
1550,11,1,3,8.8966,4298.69
1552,11,1,3,8.89286,4279.13
2059,11,1,3,8.88702,4248.06
2063,11,1,3,8.87039,4158.16
2064,11,1,3,8.86684,4138.6
2080,11,1,3,8.85046,4052.77
2082,11,1,3,8.82341,3926.95
1419,11,1,3,8.80058,3813.67
1429,11,1,3,8.76703,3648.49
953,12,0,0,8.26022,727.708,0.0948333,413.634,0.45,1
1788,12,0,0,8.24926,674.518
943,12,0,0,8.2341,597.041
934,12,0,0,8.22552,550.017
933,12,0,0,8.21686,503.224
936,12,0,0,8.21627,500.284
937,12,0,0,8.20339,432.774
1085,12,0,0,8.18766,348.909
2035,12,0,0,8.17171,268.111
1850,12,0,0,8.16367,225.044
1849,12,0,0,8.14592,135.401
1848,12,0,0,8.14086,109.545
1847,12,0,0,8.13677,87.3505
1086,12,0,0,8.13314,67.3611
1087,12,0,0,8.12,0
905,12,0,1,8.48553,1831.06,0.061,266.064,0.44,2
906,12,0,1,8.4717,1758.97
1555,12,0,1,8.44578,1614.36
930,12,0,1,8.42535,1508.2
940,12,0,1,8.41383,1449.01
934,12,0,1,8.39394,1338.33
935,12,0,1,8.3934,1335.72
2020,12,0,1,8.38234,1278.75
1787,12,0,1,8.36529,1192.26
2023,12,0,1,8.35587,1145.44
953,12,0,1,8.35505,1141.34
2057,12,0,2,8.78651,3353.06,0.0981667,428.173,0.33,3
2122,12,0,2,8.77974,3318.35
1639,12,0,2,8.77441,3291
1190,12,0,2,8.77098,3272.22
1186,12,0,2,8.76106,3218.33
1183,12,0,2,8.75082,3163.94
1103,12,0,2,8.74016,3107.16
1084,12,0,2,8.73029,3050.2
1062,12,0,2,8.7138,2950.52
2159,12,0,2,8.71365,2949.76
1045,12,0,2,8.71297,2946.61
1043,12,0,2,8.70985,2930.68
2158,12,0,2,8.7021,2892.09
2030,12,0,2,8.69816,2872.25
1041,12,0,2,8.69297,2845.45
1039,12,0,2,8.68444,2801.87
1037,12,0,2,8.67496,2754.8
1034,12,0,2,8.66645,2709.84
2032,12,0,2,8.651,2632.24
1050,12,0,2,8.62346,2493.52
1804,12,0,2,8.61033,2427.5
2015,12,0,2,8.59913,2371.29
2014,12,0,2,8.59082,2329.73
2017,12,0,2,8.58966,2324.04
2170,12,0,2,8.58648,2308.18
917,12,0,2,8.58031,2277.19
916,12,0,2,8.58012,2276.28
906,12,0,2,8.55866,2162.01
905,12,0,2,8.54653,2097.12
1429,12,0,3,8.99249,4351.11,0.0685,298.776,0.22,4
2166,12,0,3,8.97243,4249.24
1427,12,0,3,8.95909,4179.76
1677,12,0,3,8.94879,4127.32
2103,12,0,3,8.94492,4107.98
2177,12,0,3,8.94485,4107.62
1841,12,0,3,8.94471,4106.27
2060,12,0,3,8.90891,3908.75
1551,12,0,3,8.90818,3904.54
1201,12,0,3,8.90252,3875.18
1821,12,0,3,8.89827,3850.83
1640,12,0,3,8.88954,3806.61
2057,12,0,3,8.88468,3781.24
822,12,0,4,9.59339,7422.23,0.0406667,177.376,0.33,5
2153,12,0,4,9.57128,7305.54
831,12,0,4,9.57127,7305.46
825,12,0,4,9.57086,7303.43
834,12,0,4,9.56173,7253.05
835,12,0,4,9.55495,7211.28
2154,12,0,4,9.52778,7068.63
857,12,0,4,9.51806,7018.65
926,12,0,4,9.51019,6976.82
927,12,0,4,9.48338,6834.12
946,12,0,4,9.47862,6801.67
947,12,0,4,9.47037,6756.38
948,12,0,4,9.45692,6687.3
1598,12,0,4,9.44509,6631.73
2025,12,0,4,9.44111,6610.13
949,12,0,4,9.43841,6595.95
1302,12,0,4,9.41372,6464.8
1307,12,0,4,9.39851,6380.78
1308,12,0,4,9.38765,6322.81
1309,12,0,4,9.36965,6230.5
1314,12,0,4,9.36907,6227.63
2165,12,0,4,9.34733,6117.71
2118,12,0,4,9.34569,6109.5
1353,12,0,4,9.32093,5979.39
1822,12,0,4,9.31208,5934.26
2075,12,0,4,9.31126,5930.27
2188,12,0,4,9.28835,5813.99
1354,12,0,4,9.28005,5772.44
1355,12,0,4,9.2723,5732.53
2076,12,0,4,9.27046,5723.42
1356,12,0,4,9.2632,5685.49
1357,12,0,4,9.26243,5681.77
1367,12,0,4,9.2497,5615.26
1375,12,0,4,9.23657,5545.55
1378,12,0,4,9.22711,5492.98
1380,12,0,4,9.21986,5455.3
1435,12,0,4,9.19164,5306.77
1434,12,0,4,9.18408,5268.05
2083,12,0,4,9.15607,5128.47
1430,12,0,4,9.14024,5048.69
1428,12,0,4,9.12861,4989.46
1426,12,0,4,9.12152,4953.17
2103,12,0,4,9.11572,4922.88
1677,12,0,4,9.11087,4899.45
1427,12,0,4,9.10117,4849.57
2166,12,0,4,9.08411,4764.49
1429,12,0,4,9.06099,4649.88
1601,12,0,5,9.75056,8254.58,0.0985,429.627,0.19,6
1599,12,0,5,9.74446,8220.35
1300,12,0,5,9.73897,8190.23
1298,12,0,5,9.73361,8160.9
2176,12,0,5,9.72691,8121.43
2066,12,0,5,9.71569,8053.05
869,12,0,5,9.70325,7976.22
1856,12,0,5,9.68238,7876.48
855,12,0,5,9.68223,7875.76
843,12,0,5,9.66987,7798.55
832,12,0,5,9.65899,7737.18
831,12,0,5,9.65255,7702.6
825,12,0,5,9.65214,7700.57
822,12,0,5,9.63406,7599.6
1275,12,0,6,10.0102,9545.9,0.057,248.617,0.01,7
1266,12,0,6,9.99914,9486.48
1267,12,0,6,9.98569,9414.25
1260,12,0,6,9.97079,9335.93
1259,12,0,6,9.95728,9264.95
868,12,0,6,9.93624,9152.99
869,12,0,6,9.91402,9034.86
2066,12,0,6,9.89292,8925.16
1297,12,0,6,9.864,8774.08
1299,12,0,6,9.8581,8741.17
1600,12,0,6,9.85666,8727.72
1599,12,0,6,9.85612,8722.65
1601,12,0,6,9.84906,8684.21
1621,12,0,7,10.5202,12347.9,0.101167,441.259,0.13,8
2089,12,0,7,10.5053,12270.4
2124,12,0,7,10.4975,12234
1826,12,0,7,10.4906,12195.8
1450,12,0,7,10.4884,12180.5
1829,12,0,7,10.4838,12151.2
1832,12,0,7,10.4712,12066.2
1833,12,0,7,10.4629,11992.8
1837,12,0,7,10.4532,11923.2
2177,12,0,7,10.4493,11902.8
1841,12,0,7,10.4492,11901.5
1554,12,0,7,10.4436,11871.1
1416,12,0,7,10.442,11863.2
1415,12,0,7,10.4278,11790.5
2097,12,0,7,10.4162,11729.9
2120,12,0,7,10.4073,11683.5
1414,12,0,7,10.3971,11630.3
1350,12,0,7,10.3855,11569.2
1351,12,0,7,10.377,11526.5
1352,12,0,7,10.3628,11456.6
1358,12,0,7,10.354,11409.8
1357,12,0,7,10.3413,11345.1
1356,12,0,7,10.3405,11341.4
2076,12,0,7,10.3339,11306.3
1355,12,0,7,10.3326,11299.3
1354,12,0,7,10.3262,11265.1
2188,12,0,7,10.3189,11228
2075,12,0,7,10.2978,11119.3
1822,12,0,7,10.297,11115.3
1353,12,0,7,10.2863,11062.4
2118,12,0,7,10.2627,10937.5
2117,12,0,7,10.2602,10912.9
2164,12,0,7,10.2415,10797.9
1306,12,0,7,10.218,10638.6
1599,12,0,7,10.2005,10542.1
1300,12,0,7,10.196,10515.6
1298,12,0,7,10.1893,10480.4
2176,12,0,7,10.183,10441.5
2066,12,0,7,10.1723,10373.9
869,12,0,7,10.1623,10299
868,12,0,7,10.1417,10187.6
1259,12,0,7,10.1236,10088.3
1260,12,0,7,10.1062,10001.1
1258,12,0,7,10.093,9931.15
1265,12,0,7,10.0791,9858.09
1275,12,0,7,10.0672,9794.52
1650,12,0,8,10.755,13480.1,0.0471667,205.727,0.37,9
2085,12,0,8,10.7268,13331.7
1461,12,0,8,10.67,13043.7
2087,12,0,8,10.6606,12997.7
2088,12,0,8,10.6472,12929.8
1644,12,0,8,10.6419,12902.3
2089,12,0,8,10.6237,12801.1
2102,12,0,8,10.6233,12799
1497,12,0,8,10.622,12791.9
1621,12,0,8,10.6214,12789.2
1348,12,0,9,10.9153,14272.7,0.0748333,326.4,0.08,10
1349,12,0,9,10.9143,14267.7
1357,12,0,9,10.9022,14205.1
1356,12,0,9,10.9014,14201.4
1365,12,0,9,10.8938,14162.3
1366,12,0,9,10.8799,14089.7
1374,12,0,9,10.8687,14028.6
1377,12,0,9,10.8679,14024.8
1397,12,0,9,10.8524,13945
1398,12,0,9,10.8409,13885.8
1399,12,0,9,10.8311,13837.5
1657,12,0,9,10.8087,13722.1
1650,12,0,9,10.8021,13685.9
1087,12,0,10,11.1267,15295.2,0,0,0
1088,12,0,10,11.118,15252.3
1117,12,0,10,11.1079,15201.4
1119,12,0,10,11.107,15197.4
1118,12,0,10,11.0958,15142.6
2044,12,0,10,11.082,15068.9
2169,12,0,10,11.0738,15027.1
2171,12,0,10,11.0692,15003.5
1549,12,0,10,11.0617,14964.3
1147,12,0,10,11.0556,14931.9
1796,12,0,10,11.0111,14705.2
1328,12,0,10,11.0093,14695.6
1340,12,0,10,10.9906,14601.7
1348,12,0,10,10.9901,14599.1
1621,13,0,0,10.1507,1554.86,0.101167,441.259,0.13,1
2089,13,0,0,10.1371,1483.11
2124,13,0,0,10.1317,1456.25
1826,13,0,0,10.1265,1422.11
1450,13,0,0,10.1242,1406.64
1829,13,0,0,10.1195,1377.32
1832,13,0,0,10.1069,1292.4
1833,13,0,0,10.0984,1219.34
1835,13,0,0,10.0869,1156.01
2103,13,0,0,10.0815,1126.52
2177,13,0,0,10.0814,1126.16
1841,13,0,0,10.0813,1124.81
2060,13,0,0,10.0417,910.898
1551,13,0,0,10.041,906.715
1550,13,0,0,10.0402,902.931
1196,13,0,0,10.0338,859.569
1194,13,0,0,10.0335,857.839
1190,13,0,0,10.0206,786.473
1186,13,0,0,10.0093,726.883
1183,13,0,0,9.98862,629.104
1103,13,0,0,9.97643,565.833
1084,13,0,0,9.96561,505.542
1062,13,0,0,9.94869,405.198
1063,13,0,0,9.94792,398.055
1061,13,0,0,9.94446,380.192
1060,13,0,0,9.93816,347.725
1073,13,0,0,9.91387,223.679
1075,13,0,0,9.90773,193.701
1072,13,0,0,9.8977,142.172
1071,13,0,0,9.89093,106.033
2160,13,0,0,9.88161,58.333
1087,13,0,0,9.87,0
1650,13,0,1,10.3855,2687.06,0.0471667,205.727,0.37,2
2085,13,0,1,10.3573,2538.66
1461,13,0,1,10.3005,2250.58
2087,13,0,1,10.291,2204.57
2088,13,0,1,10.2777,2136.68
1644,13,0,1,10.2724,2109.18
2089,13,0,1,10.2542,2007.99
2102,13,0,1,10.2538,2005.95
1497,13,0,1,10.2524,1998.82
1621,13,0,1,10.2519,1996.12
1348,13,0,2,10.5458,3479.65,0.0748333,326.4,0.08,3
1349,13,0,2,10.5448,3474.66
1357,13,0,2,10.5326,3412.06
1356,13,0,2,10.5319,3408.34
1365,13,0,2,10.5243,3369.27
1366,13,0,2,10.5104,3296.6
1374,13,0,2,10.4992,3235.49
1377,13,0,2,10.4984,3231.76
1397,13,0,2,10.4829,3151.9
1398,13,0,2,10.4714,3092.73
1399,13,0,2,10.4616,3044.47
1657,13,0,2,10.4392,2928.99
1650,13,0,2,10.4326,2892.79
1275,13,0,3,10.9902,5745.83,0.057,248.617,0.01,4
1266,13,0,3,10.9751,5669.23
1267,13,0,3,10.9595,5587.84
1260,13,0,3,10.9453,5512.51
1259,13,0,3,10.9318,5441.58
868,13,0,3,10.9106,5328.88
869,13,0,3,10.8906,5220.24
2066,13,0,3,10.869,5108.73
1297,13,0,3,10.8428,4969.06
1299,13,0,3,10.8371,4937.07
1557,13,0,3,10.8191,4838.6
1301,13,0,3,10.8061,4772.6
1302,13,0,3,10.7821,4643.91
1307,13,0,3,10.7668,4559.66
1308,13,0,3,10.7554,4499.59
1309,13,0,3,10.7382,4410.52
1314,13,0,3,10.7376,4407.65
2165,13,0,3,10.7213,4320.46
2118,13,0,3,10.7196,4312.25
1353,13,0,3,10.6956,4185.35
1822,13,0,3,10.6857,4135.66
2075,13,0,3,10.6849,4131.66
2188,13,0,3,10.6607,4010.12
1354,13,0,3,10.6518,3966.29
1355,13,0,3,10.6439,3925.41
2076,13,0,3,10.642,3916.3
1356,13,0,3,10.6342,3876.05
1357,13,0,3,10.6334,3872.33
1349,13,0,3,10.6216,3811.03
1348,13,0,3,10.6206,3806.05
953,13,0,4,11.3032,7350.2,0.102333,446.347,0.44,5
952,13,0,4,11.2913,7290.86
2022,13,0,4,11.2797,7232.63
2021,13,0,4,11.2679,7172.32
951,13,0,4,11.2479,7070.38
949,13,0,4,11.2364,7011.64
2025,13,0,4,11.2329,6994.18
2024,13,0,4,11.2198,6921.77
1557,13,0,4,11.2081,6857.95
1299,13,0,4,11.1834,6731.09
1300,13,0,4,11.1787,6707.54
1298,13,0,4,11.1725,6674.64
2176,13,0,4,11.1659,6635.27
2066,13,0,4,11.1557,6568.16
1262,13,0,4,11.1457,6513.09
1261,13,0,4,11.1359,6461.32
1846,13,0,4,11.1126,6336.26
1845,13,0,4,11.1052,6295.88
1270,13,0,4,11.1011,6274.84
1269,13,0,4,11.0869,6203.59
1267,13,0,4,11.0733,6133.21
1266,13,0,4,11.0599,6061
1275,13,0,4,11.0472,5994.44
1087,13,0,5,11.5584,8581.29,0,0,0
1088,13,0,5,11.5516,8545.98
1117,13,0,5,11.5421,8497.74
1119,13,0,5,11.5412,8493.74
1118,13,0,5,11.5348,8459.21
1116,13,0,5,11.534,8455.22
1115,13,0,5,11.5217,8394.78
2041,13,0,5,11.5075,8324.8
1110,13,0,5,11.5004,8289.85
1111,13,0,5,11.4903,8242.78
1107,13,0,5,11.4858,8219.68
1106,13,0,5,11.4725,8149.73
2039,13,0,5,11.466,8108.22
2106,13,0,5,11.4498,8020.7
2050,13,0,5,11.4412,7979.25
2108,13,0,5,11.4221,7883.19
2023,13,0,5,11.4063,7800.65
953,13,0,5,11.4055,7796.54
905,13,1,0,8.16157,829.666,0.061,266.064,0.44,1
906,13,1,0,8.14774,757.574
892,13,1,0,8.12882,661.974
896,13,1,0,8.12641,648.832
895,13,1,0,8.12369,634.662
907,13,1,0,8.11255,576.488
908,13,1,0,8.10507,537.87
2014,13,1,0,8.10448,535.191
2015,13,1,0,8.09637,494.476
2018,13,1,0,8.08717,447.026
920,13,1,0,8.08325,426.243
1793,13,1,0,8.06171,316.201
2034,13,1,0,8.05348,274.763
1850,13,1,0,8.04367,225.044
1849,13,1,0,8.02592,135.401
1848,13,1,0,8.02086,109.545
1847,13,1,0,8.01677,87.3505
1086,13,1,0,8.01314,67.3611
1087,13,1,0,8,0
822,13,1,1,8.35211,1793.64,0.0658333,287.145,0.32,2
2153,13,1,1,8.33382,1693.36
831,13,1,1,8.33381,1693.28
825,13,1,1,8.3334,1691.25
834,13,1,1,8.32692,1647.16
833,13,1,1,8.3245,1634.05
899,13,1,1,8.29847,1496.1
900,13,1,1,8.28116,1403.09
901,13,1,1,8.27532,1373.14
902,13,1,1,8.25937,1290.74
904,13,1,1,8.24476,1213.92
903,13,1,1,8.24116,1194.75
905,13,1,1,8.22257,1095.73
1601,13,1,2,8.53507,2748.05,0.0903333,394.007,0.18,3
1599,13,1,2,8.52682,2704.55
1300,13,1,2,8.52063,2671.42
1298,13,1,2,8.51305,2632.63
2176,13,1,2,8.50678,2593.79
2066,13,1,2,8.49546,2525.28
869,13,1,2,8.48534,2450.41
1856,13,1,2,8.47873,2405.42
855,13,1,2,8.47859,2404.7
843,13,1,2,8.45585,2287.95
832,13,1,2,8.44538,2227.28
831,13,1,2,8.43983,2196.54
2153,13,1,2,8.43982,2196.46
822,13,1,2,8.41794,2080.78
1429,13,1,3,8.9351,4811.26,0.0685,298.776,0.22,4
2166,13,1,3,8.91514,4709.81
1427,13,1,3,8.8983,4625.65
1677,13,1,3,8.88961,4580.02
2103,13,1,3,8.88575,4560.68
2177,13,1,3,8.88567,4560.32
1841,13,1,3,8.88553,4558.97
1554,13,1,3,8.87806,4520.59
1416,13,1,3,8.8765,4512.77
1415,13,1,3,8.86184,4438.38
2097,13,1,3,8.8488,4371.65
2120,13,1,3,8.84534,4339.77
1414,13,1,3,8.83457,4284
1350,13,1,3,8.82297,4222.83
1351,13,1,3,8.81658,4188.97
1352,13,1,3,8.80381,4124.9
1358,13,1,3,8.79183,4064.88
1357,13,1,3,8.78297,4016.6
1356,13,1,3,8.78219,4012.88
2076,13,1,3,8.77395,3970.83
1355,13,1,3,8.77216,3961.91
1354,13,1,3,8.76465,3922.99
2188,13,1,3,8.75416,3872.41
2075,13,1,3,8.73521,3772.86
1822,13,1,3,8.73439,3768.87
1353,13,1,3,8.72624,3726.68
2118,13,1,3,8.70279,3602.15
2117,13,1,3,8.70026,3577.52
2164,13,1,3,8.67905,3457.98
1306,13,1,3,8.65495,3298.13
1599,13,1,3,8.63489,3190.81
1601,13,1,3,8.6254,3142.06
2057,13,1,4,9.15671,5893.39,0.0776667,338.759,0.34,5
1640,13,1,4,9.14839,5853.72
1821,13,1,4,9.14137,5816.7
1196,13,1,4,9.13342,5772.84
1550,13,1,4,9.12637,5733.27
1552,13,1,4,9.12227,5712.17
2059,13,1,4,9.11507,5675.32
2063,13,1,4,9.09493,5570.44
2064,13,1,4,9.09076,5548.21
2080,13,1,4,9.07264,5455.03
2082,13,1,4,9.05166,5353.76
1419,13,1,4,9.03514,5266.93
1429,13,1,4,9.0036,5110.04
1087,13,1,5,9.39643,7072.31,0,0,0
1088,13,1,5,9.38943,7036.43
1117,13,1,5,9.37984,6987.86
1119,13,1,5,9.37902,6983.87
1094,13,1,5,9.35481,6855.94
1095,13,1,5,9.35072,6834.51
1099,13,1,5,9.3376,6767.01
1098,13,1,5,9.33065,6731.78
1101,13,1,5,9.31199,6636.9
1083,13,1,5,9.30219,6586.77
1105,13,1,5,9.28994,6520.91
1104,13,1,5,9.2725,6428.86
1187,13,1,5,9.26244,6374.37
1188,13,1,5,9.25673,6345.22
1192,13,1,5,9.25118,6318.74
1639,13,1,5,9.24572,6291.02
2122,13,1,5,9.2406,6264.56
2057,13,1,5,9.23438,6232.15
1621,14,0,0,10.1507,1554.86,0.101167,441.259,0.13,1
2089,14,0,0,10.1371,1483.11
2124,14,0,0,10.1317,1456.25
1826,14,0,0,10.1265,1422.11
1450,14,0,0,10.1242,1406.64
1829,14,0,0,10.1195,1377.32
1832,14,0,0,10.1069,1292.4
1833,14,0,0,10.0984,1219.34
1835,14,0,0,10.0869,1156.01
2103,14,0,0,10.0815,1126.52
2177,14,0,0,10.0814,1126.16
1841,14,0,0,10.0813,1124.81
2060,14,0,0,10.0417,910.898
1551,14,0,0,10.041,906.715
1550,14,0,0,10.0402,902.931
1196,14,0,0,10.0338,859.569
1194,14,0,0,10.0335,857.839
1190,14,0,0,10.0206,786.473
1186,14,0,0,10.0093,726.883
1183,14,0,0,9.98862,629.104
1103,14,0,0,9.97643,565.833
1084,14,0,0,9.96561,505.542
1062,14,0,0,9.94869,405.198
1063,14,0,0,9.94792,398.055
1061,14,0,0,9.94446,380.192
1060,14,0,0,9.93816,347.725
1073,14,0,0,9.91387,223.679
1075,14,0,0,9.90773,193.701
1072,14,0,0,9.8977,142.172
1071,14,0,0,9.89093,106.033
2160,14,0,0,9.88161,58.333
1087,14,0,0,9.87,0
1650,14,0,1,10.3855,2687.06,0.0471667,205.727,0.37,2
2085,14,0,1,10.3573,2538.66
1461,14,0,1,10.3005,2250.58
2087,14,0,1,10.291,2204.57
2088,14,0,1,10.2777,2136.68
1644,14,0,1,10.2724,2109.18
2089,14,0,1,10.2542,2007.99
2102,14,0,1,10.2538,2005.95
1497,14,0,1,10.2524,1998.82
1621,14,0,1,10.2519,1996.12
1348,14,0,2,10.5458,3479.65,0.0748333,326.4,0.08,3
1349,14,0,2,10.5448,3474.66
1357,14,0,2,10.5326,3412.06
1356,14,0,2,10.5319,3408.34
1365,14,0,2,10.5243,3369.27
1366,14,0,2,10.5104,3296.6
1374,14,0,2,10.4992,3235.49
1377,14,0,2,10.4984,3231.76
1397,14,0,2,10.4829,3151.9
1398,14,0,2,10.4714,3092.73
1399,14,0,2,10.4616,3044.47
1657,14,0,2,10.4392,2928.99
1650,14,0,2,10.4326,2892.79
1275,14,0,3,10.9902,5745.83,0.057,248.617,0.01,4
1266,14,0,3,10.9751,5669.23
1267,14,0,3,10.9595,5587.84
1260,14,0,3,10.9453,5512.51
1259,14,0,3,10.9318,5441.58
868,14,0,3,10.9106,5328.88
869,14,0,3,10.8906,5220.24
2066,14,0,3,10.869,5108.73
1297,14,0,3,10.8428,4969.06
1299,14,0,3,10.8371,4937.07
1557,14,0,3,10.8191,4838.6
1301,14,0,3,10.8061,4772.6
1302,14,0,3,10.7821,4643.91
1307,14,0,3,10.7668,4559.66
1308,14,0,3,10.7554,4499.59
1309,14,0,3,10.7382,4410.52
1314,14,0,3,10.7376,4407.65
2165,14,0,3,10.7213,4320.46
2118,14,0,3,10.7196,4312.25
1353,14,0,3,10.6956,4185.35
1822,14,0,3,10.6857,4135.66
2075,14,0,3,10.6849,4131.66
2188,14,0,3,10.6607,4010.12
1354,14,0,3,10.6518,3966.29
1355,14,0,3,10.6439,3925.41
2076,14,0,3,10.642,3916.3
1356,14,0,3,10.6342,3876.05
1357,14,0,3,10.6334,3872.33
1349,14,0,3,10.6216,3811.03
1348,14,0,3,10.6206,3806.05
953,14,0,4,11.3032,7350.2,0.102333,446.347,0.44,5
952,14,0,4,11.2913,7290.86
2022,14,0,4,11.2797,7232.63
2021,14,0,4,11.2679,7172.32
951,14,0,4,11.2479,7070.38
949,14,0,4,11.2364,7011.64
2025,14,0,4,11.2329,6994.18
2024,14,0,4,11.2198,6921.77
1557,14,0,4,11.2081,6857.95
1299,14,0,4,11.1834,6731.09
1300,14,0,4,11.1787,6707.54
1298,14,0,4,11.1725,6674.64
2176,14,0,4,11.1659,6635.27
2066,14,0,4,11.1557,6568.16
1262,14,0,4,11.1457,6513.09
1261,14,0,4,11.1359,6461.32
1846,14,0,4,11.1126,6336.26
1845,14,0,4,11.1052,6295.88
1270,14,0,4,11.1011,6274.84
1269,14,0,4,11.0869,6203.59
1267,14,0,4,11.0733,6133.21
1266,14,0,4,11.0599,6061
1275,14,0,4,11.0472,5994.44
1087,14,0,5,11.5584,8581.29,0,0,0
1088,14,0,5,11.5516,8545.98
1117,14,0,5,11.5421,8497.74
1119,14,0,5,11.5412,8493.74
1118,14,0,5,11.5348,8459.21
1116,14,0,5,11.534,8455.22
1115,14,0,5,11.5217,8394.78
2041,14,0,5,11.5075,8324.8
1110,14,0,5,11.5004,8289.85
1111,14,0,5,11.4903,8242.78
1107,14,0,5,11.4858,8219.68
1106,14,0,5,11.4725,8149.73
2039,14,0,5,11.466,8108.22
2106,14,0,5,11.4498,8020.7
2050,14,0,5,11.4412,7979.25
2108,14,0,5,11.4221,7883.19
2023,14,0,5,11.4063,7800.65
953,14,0,5,11.4055,7796.54
905,14,1,0,8.57157,829.666,0.061,266.064,0.44,1
906,14,1,0,8.55774,757.574
892,14,1,0,8.53882,661.974
896,14,1,0,8.53641,648.832
895,14,1,0,8.53369,634.662
907,14,1,0,8.52255,576.488
908,14,1,0,8.51507,537.87
2014,14,1,0,8.51448,535.191
2015,14,1,0,8.50637,494.476
2018,14,1,0,8.49717,447.026
920,14,1,0,8.49325,426.243
1793,14,1,0,8.47171,316.201
2034,14,1,0,8.46348,274.763
1850,14,1,0,8.45367,225.044
1849,14,1,0,8.43592,135.401
1848,14,1,0,8.43086,109.545
1847,14,1,0,8.42677,87.3505
1086,14,1,0,8.42314,67.3611
1087,14,1,0,8.41,0
822,14,1,1,8.76211,1793.64,0.0658333,287.145,0.32,2
2153,14,1,1,8.74382,1693.36
831,14,1,1,8.74381,1693.28
825,14,1,1,8.7434,1691.25
834,14,1,1,8.73692,1647.16
833,14,1,1,8.7345,1634.05
899,14,1,1,8.70847,1496.1
900,14,1,1,8.69116,1403.09
901,14,1,1,8.68532,1373.14
902,14,1,1,8.66937,1290.74
904,14,1,1,8.65476,1213.92
903,14,1,1,8.65116,1194.75
905,14,1,1,8.63257,1095.73
1601,14,1,2,8.94507,2748.05,0.0903333,394.007,0.18,3
1599,14,1,2,8.93682,2704.55
1300,14,1,2,8.93063,2671.42
1298,14,1,2,8.92305,2632.63
2176,14,1,2,8.91678,2593.79
2066,14,1,2,8.90546,2525.28
869,14,1,2,8.89534,2450.41
1856,14,1,2,8.88873,2405.42
855,14,1,2,8.88859,2404.7
843,14,1,2,8.86585,2287.95
832,14,1,2,8.85538,2227.28
831,14,1,2,8.84983,2196.54
2153,14,1,2,8.84982,2196.46
822,14,1,2,8.82794,2080.78
1087,14,1,3,9.28481,4499.22,0,0,0
1088,14,1,3,9.27781,4463.34
1117,14,1,3,9.26822,4414.78
1119,14,1,3,9.2674,4410.78
1118,14,1,3,9.26124,4377.26
2044,14,1,3,9.24629,4298.9
2169,14,1,3,9.2386,4259.2
2171,14,1,3,9.2338,4234.54
2046,14,1,3,9.22873,4207.97
1778,14,1,3,9.20598,4090.57
1327,14,1,3,9.19466,4029.62
1343,14,1,3,9.19407,4026.89
1344,14,1,3,9.18713,3991.36
2074,14,1,3,9.16702,3885.15
1342,14,1,3,9.14953,3796.02
1341,14,1,3,9.14184,3757.1
1315,14,1,3,9.12499,3663.76
2165,14,1,3,9.10961,3582.22
2117,14,1,3,9.10453,3554.3
2164,14,1,3,9.08285,3432.68
1306,14,1,3,9.05914,3273.2
1599,14,1,3,9.04247,3180.5
1601,14,1,3,9.0354,3142.06
2057,14,2,0,8.62738,790.795,0.0981667,428.173,0.33,1
2122,14,2,0,8.62061,756.084
1639,14,2,0,8.61528,728.728
1190,14,2,0,8.61185,709.948
1186,14,2,0,8.60193,656.065
1183,14,2,0,8.59169,601.675
1103,14,2,0,8.58103,544.89
1084,14,2,0,8.57116,487.929
1062,14,2,0,8.55467,388.255
1063,14,2,0,8.55389,381.112
1061,14,2,0,8.55047,363.372
1060,14,2,0,8.54397,330.074
1073,14,2,0,8.52254,218.101
1075,14,2,0,8.51724,191.567
1072,14,2,0,8.50669,137.848
1071,14,2,0,8.49891,97.4637
2160,14,2,0,8.49179,59.0712
1087,14,2,0,8.48,0
1429,14,2,1,8.83336,1788.84,0.0685,298.776,0.22,2
2166,14,2,1,8.8133,1686.97
1427,14,2,1,8.79996,1617.49
1677,14,2,1,8.78966,1565.05
2103,14,2,1,8.78579,1545.71
2177,14,2,1,8.78572,1545.35
1841,14,2,1,8.78558,1544
2060,14,2,1,8.74978,1346.48
1551,14,2,1,8.74905,1342.27
1201,14,2,1,8.74339,1312.91
1821,14,2,1,8.73914,1288.57
1640,14,2,1,8.73041,1244.34
2057,14,2,1,8.72555,1218.97
1087,14,2,2,9.18939,3580.77,0,0,0
1090,14,2,2,9.18109,3537.3
1076,14,2,2,9.1623,3440.91
1074,14,2,2,9.15784,3418.37
1077,14,2,2,9.14804,3366.69
1080,14,2,2,9.13416,3297.64
1079,14,2,2,9.12719,3261.8
1061,14,2,2,9.12294,3240.52
1063,14,2,2,9.11991,3224.44
1083,14,2,2,9.10496,3143.64
1105,14,2,2,9.09296,3078.85
1104,14,2,2,9.07534,2986.05
1183,14,2,2,9.07292,2969.77
1184,14,2,2,9.06813,2943.68
1663,14,2,2,9.05811,2892.63
1189,14,2,2,9.05015,2851.34
1194,14,2,2,9.03813,2777.45
1196,14,2,2,9.03785,2775.85
1550,14,2,2,9.03142,2737.82
1552,14,2,2,9.02769,2718.25
2059,14,2,2,9.02184,2687.18
2063,14,2,2,9.00522,2597.28
2064,14,2,2,9.00166,2577.72
2080,14,2,2,8.98529,2491.89
2082,14,2,2,8.95824,2366.07
1419,14,2,2,8.9354,2252.79
1429,14,2,2,8.90186,2087.61
