Node, Individual, Route,Segment, Travel time, Travel cost, Attention time, Attention cost, Failure rate, Demand
1970,0,0,0,10.6844,334.012,0.0656667,286.418,0.08,1
122,0,0,0,10.6718,270.034
117,0,0,0,10.6548,184.186
118,0,0,0,10.6464,143.105
1968,0,0,0,10.62,0
344,0,0,1,10.8935,1479.36,0.0413333,180.284,0.09,2
1819,0,0,1,10.8798,1385.64
335,0,0,1,10.8753,1357.47
2114,0,0,1,10.8604,1278.37
329,0,0,1,10.8578,1263.19
1979,0,0,1,10.852,1233.9
1978,0,0,1,10.8141,1016.01
107,0,0,1,10.8057,961.991
1967,0,0,1,10.8027,933.285
105,0,0,1,10.7775,784.321
124,0,0,1,10.7655,713.002
1970,0,0,1,10.75,620.43
819,0,0,2,10.9955,2018.37,0.0483333,210.815,0.55,3
811,0,0,2,10.9777,1907.33
805,0,0,2,10.9746,1889.37
358,0,0,2,10.9627,1824.25
349,0,0,2,10.9467,1739.96
344,0,0,2,10.9348,1659.64
849,0,0,3,11.0975,2535.85,0.0695,303.138,0.23,4
1774,0,0,3,11.0939,2515.85
837,0,0,3,11.0816,2445.4
2010,0,0,3,11.0731,2397.11
2009,0,0,3,11.051,2276.68
819,0,0,3,11.0439,2229.18
869,0,0,4,11.2038,3066.52,0.0495,215.904,0.11,5
865,0,0,4,11.1873,2973.42
852,0,0,4,11.1805,2931.44
850,0,0,4,11.1745,2888.46
849,0,0,4,11.167,2838.98
2176,0,0,5,11.2741,3424.55,0.0568333,247.89,0.16,6
2066,0,0,5,11.2639,3357.44
869,0,0,5,11.2533,3282.42
1306,0,0,6,11.3635,3859.87,0.0916667,399.822,0.11,7
1599,0,0,6,11.3475,3770.43
1300,0,0,6,11.3437,3744.71
1298,0,0,6,11.3375,3711.8
2176,0,0,6,11.3309,3672.44
850,0,0,7,11.5552,4825.14,0.0711667,310.408,0.1,8
852,0,0,7,11.549,4782.01
865,0,0,7,11.5411,4737.76
869,0,0,7,11.5252,4645.74
2066,0,0,7,11.5042,4536.18
1297,0,0,7,11.4772,4393.42
1299,0,0,7,11.4713,4360.48
1600,0,0,7,11.4698,4347.04
1306,0,0,7,11.4551,4259.7
320,0,0,8,11.8403,6427.03,0.0905,394.734,0.38,9
1978,0,0,8,11.8217,6306.83
1979,0,0,8,11.7871,6094.28
329,0,0,8,11.785,6076.85
2114,0,0,8,11.7801,6052.3
335,0,0,8,11.7696,5991.01
1819,0,0,8,11.7651,5962.83
344,0,0,8,11.7496,5867.12
349,0,0,8,11.7377,5786.88
358,0,0,8,11.7253,5717.8
805,0,0,8,11.7115,5644.69
811,0,0,8,11.7097,5626.95
819,0,0,8,11.6803,5472.76
2009,0,0,8,11.6731,5425.16
2010,0,0,8,11.6568,5323.66
837,0,0,8,11.6495,5277.49
1774,0,0,8,11.6362,5203.53
849,0,0,8,11.6329,5184.49
850,0,0,8,11.6264,5135.54
105,0,0,9,12.0006,7219.3,0.0435,189.734,0.48,10
1967,0,0,9,11.9645,7027.6
107,0,0,9,11.9592,6997.81
1978,0,0,9,11.95,6942.68
320,0,0,9,11.9308,6821.77
1968,0,0,10,12.1566,7989.26,0,0,0
118,0,0,10,12.1171,7790.83
117,0,0,10,12.1099,7754.86
122,0,0,10,12.0927,7667.94
1970,0,0,10,12.0795,7601.39
124,0,0,10,12.0586,7488.71
105,0,0,10,12.0441,7409.03
344,1,0,0,10.8378,1192.94,0.0413333,180.284,0.09,1
1819,1,0,0,10.8241,1099.23
335,1,0,0,10.8197,1071.05
2114,1,0,0,10.8048,991.95
329,1,0,0,10.8021,976.767
1979,1,0,0,10.7963,947.483
1978,1,0,0,10.7584,729.589
107,1,0,0,10.75,675.573
1967,1,0,0,10.747,646.867
105,1,0,0,10.7219,497.903
124,1,0,0,10.7098,426.583
1970,1,0,0,10.6944,334.012
122,1,0,0,10.6818,270.034
117,1,0,0,10.6648,184.186
118,1,0,0,10.6564,143.105
1968,1,0,0,10.63,0
819,1,0,1,10.9399,1731.95,0.0483333,210.815,0.55,2
811,1,0,1,10.922,1620.91
805,1,0,1,10.9189,1602.96
358,1,0,1,10.907,1537.83
349,1,0,1,10.891,1453.54
344,1,0,1,10.8791,1373.22
849,1,0,2,11.0389,2240.73,0.0695,303.138,0.23,3
1774,1,0,2,11.0352,2220.22
837,1,0,2,11.024,2151.53
2010,1,0,2,11.0162,2104.76
2009,1,0,2,10.9955,1990.47
819,1,0,2,10.9882,1942.77
850,1,0,3,11.1159,2593.34,0.0711667,310.408,0.1,4
849,1,0,3,11.1084,2543.87
2176,1,0,4,11.2371,3223.94,0.0568333,247.89,0.16,5
2066,1,0,4,11.2269,3156.83
869,1,0,4,11.2163,3081.81
865,1,0,4,11.1998,2988.71
852,1,0,4,11.193,2946.73
850,1,0,4,11.187,2903.75
1306,1,0,5,11.3265,3659.26,0.0916667,399.822,0.11,6
1599,1,0,5,11.3105,3569.81
1300,1,0,5,11.3067,3544.1
1298,1,0,5,11.3005,3511.19
2176,1,0,5,11.2939,3471.83
869,1,0,6,11.4882,4445.12,0.0495,215.904,0.11,7
2066,1,0,6,11.4672,4335.56
1297,1,0,6,11.4402,4192.81
1299,1,0,6,11.4343,4159.87
1600,1,0,6,11.4329,4146.42
1306,1,0,6,11.4181,4059.08
320,1,0,7,11.7767,6036.56,0.0905,394.734,0.38,8
1978,1,0,7,11.7581,5916.36
1979,1,0,7,11.7235,5703.81
329,1,0,7,11.7214,5686.38
2114,1,0,7,11.7165,5661.82
335,1,0,7,11.706,5600.54
1819,1,0,7,11.7015,5572.36
344,1,0,7,11.686,5476.65
349,1,0,7,11.6742,5396.41
355,1,0,7,11.6572,5311.19
356,1,0,7,11.6404,5212.66
807,1,0,7,11.6253,5132.28
812,1,0,7,11.6251,5131.49
2008,1,0,7,11.6124,5049.58
821,1,0,7,11.6075,5022.06
2153,1,0,7,11.5978,4970.41
831,1,0,7,11.5977,4970.33
832,1,0,7,11.589,4925.83
843,1,0,7,11.5775,4862.03
855,1,0,7,11.5501,4725.55
1856,1,0,7,11.5499,4724.84
869,1,0,7,11.5377,4661.03
105,1,0,8,11.937,6828.83,0.104333,455.071,0.4,9
1967,1,0,8,11.9009,6637.13
107,1,0,8,11.8956,6607.33
1978,1,0,8,11.8864,6552.21
320,1,0,8,11.8672,6431.29
1970,1,0,9,12.0767,7476.25,0.0341667,149.025,0.09,10
124,1,0,9,12.0558,7363.57
105,1,0,9,12.0413,7283.9
1968,1,0,10,12.188,8013.15,0,0,0
118,1,0,10,12.1485,7814.72
117,1,0,10,12.1413,7778.75
122,1,0,10,12.1241,7691.83
1970,1,0,10,12.1109,7625.28
320,2,0,0,10.6967,849.468,0.0988333,431.081,0.34,1
1978,2,0,0,10.6784,729.589
107,2,0,0,10.67,675.573
1967,2,0,0,10.667,646.867
105,2,0,0,10.6419,497.903
124,2,0,0,10.6298,426.583
1970,2,0,0,10.6144,334.012
122,2,0,0,10.6018,270.034
117,2,0,0,10.5848,184.186
118,2,0,0,10.5764,143.105
1968,2,0,0,10.55,0
344,2,0,1,10.8953,1857.8,0.0413333,180.284,0.09,2
1819,2,0,1,10.8817,1764.09
335,2,0,1,10.8772,1735.92
2114,2,0,1,10.8623,1656.82
329,2,0,1,10.8597,1641.63
2116,2,0,1,10.8548,1615.7
327,2,0,1,10.8408,1539.35
324,2,0,1,10.8373,1520.41
319,2,0,1,10.8081,1366.25
320,2,0,1,10.7955,1280.55
819,2,0,2,10.9974,2396.82,0.0483333,210.815,0.55,3
811,2,0,2,10.9795,2285.78
805,2,0,2,10.9765,2267.82
358,2,0,2,10.9646,2202.7
349,2,0,2,10.9486,2118.4
344,2,0,2,10.9367,2038.09
849,2,0,3,11.0994,2914.29,0.0695,303.138,0.23,4
1774,2,0,3,11.0958,2894.29
837,2,0,3,11.0835,2823.85
2010,2,0,3,11.075,2775.55
2009,2,0,3,11.0528,2655.13
819,2,0,3,11.0457,2607.63
850,2,0,4,11.1764,3266.91,0.0711667,310.408,0.1,5
849,2,0,4,11.1689,3217.43
2176,2,0,5,11.2976,3897.5,0.0568333,247.89,0.16,6
2066,2,0,5,11.2874,3830.39
869,2,0,5,11.2768,3755.37
865,2,0,5,11.2603,3662.27
852,2,0,5,11.2535,3620.3
850,2,0,5,11.2476,3577.32
1306,2,0,6,11.387,4332.82,0.0916667,399.822,0.11,7
1599,2,0,6,11.3711,4243.38
1300,2,0,6,11.3673,4217.66
1298,2,0,6,11.3611,4184.75
2176,2,0,6,11.3544,4145.39
869,2,0,7,11.5488,5118.69,0.0495,215.904,0.11,8
2066,2,0,7,11.5277,5009.13
1297,2,0,7,11.5007,4866.37
1299,2,0,7,11.4948,4833.43
1600,2,0,7,11.4934,4819.99
1306,2,0,7,11.4787,4732.65
105,2,0,8,11.869,6865.62,0.104333,455.071,0.4,9
1967,2,0,8,11.8331,6674.84
107,2,0,8,11.8278,6645.04
1978,2,0,8,11.8186,6589.92
1979,2,0,8,11.7841,6377.37
329,2,0,8,11.7819,6359.94
2114,2,0,8,11.777,6335.39
335,2,0,8,11.7665,6274.11
1819,2,0,8,11.762,6245.92
344,2,0,8,11.7465,6150.22
349,2,0,8,11.7347,6069.97
355,2,0,8,11.7178,5984.75
356,2,0,8,11.701,5886.23
807,2,0,8,11.6858,5805.84
812,2,0,8,11.6857,5805.06
2008,2,0,8,11.6729,5723.14
821,2,0,8,11.668,5695.63
2153,2,0,8,11.6583,5643.97
831,2,0,8,11.6583,5643.89
832,2,0,8,11.6495,5599.4
843,2,0,8,11.6381,5535.6
855,2,0,8,11.6106,5399.12
1856,2,0,8,11.6105,5398.4
869,2,0,8,11.5983,5334.59
1970,2,0,9,12.0058,7500.4,0.0341667,149.025,0.09,10
124,2,0,9,11.9866,7395.38
105,2,0,9,11.9733,7320.69
1968,2,0,10,12.117,8037.29,0,0,0
118,2,0,10,12.0775,7838.87
117,2,0,10,12.0704,7802.89
122,2,0,10,12.0531,7715.98
1970,2,0,10,12.0399,7649.42
105,3,0,0,10.6619,497.903,0.115333,503.049,0.34,1
124,3,0,0,10.6498,426.583
1970,3,0,0,10.6344,334.012
122,3,0,0,10.6218,270.034
117,3,0,0,10.6048,184.186
118,3,0,0,10.5964,143.105
1968,3,0,0,10.57,0
344,3,0,1,10.8931,1695.99,0.0413333,180.284,0.09,2
1819,3,0,1,10.8795,1602.27
335,3,0,1,10.875,1574.1
2114,3,0,1,10.8601,1495
329,3,0,1,10.8575,1479.82
1979,3,0,1,10.8517,1450.53
1978,3,0,1,10.8137,1232.64
107,3,0,1,10.8053,1178.62
1967,3,0,1,10.8023,1149.92
105,3,0,1,10.7772,1000.95
819,3,0,2,10.9952,2235,0.0483333,210.815,0.55,3
811,3,0,2,10.9773,2123.96
805,3,0,2,10.9743,2106
358,3,0,2,10.9623,2040.88
349,3,0,2,10.9464,1956.59
344,3,0,2,10.9345,1876.27
849,3,0,3,11.0972,2752.48,0.0695,303.138,0.23,4
1774,3,0,3,11.0936,2732.48
837,3,0,3,11.0813,2662.03
2010,3,0,3,11.0727,2613.74
2009,3,0,3,11.0506,2493.31
819,3,0,3,11.0435,2445.81
850,3,0,4,11.1742,3105.09,0.0711667,310.408,0.1,5
849,3,0,4,11.1667,3055.61
2176,3,0,5,11.2954,3735.68,0.0568333,247.89,0.16,6
2066,3,0,5,11.2852,3668.57
869,3,0,5,11.2746,3593.56
865,3,0,5,11.2581,3500.45
852,3,0,5,11.2513,3458.48
850,3,0,5,11.2453,3415.5
1306,3,0,6,11.3848,4171.01,0.0916667,399.822,0.11,7
1599,3,0,6,11.3689,4081.56
1300,3,0,6,11.3651,4055.84
1298,3,0,6,11.3589,4022.94
2176,3,0,6,11.3522,3983.57
869,3,0,7,11.5466,4956.87,0.0495,215.904,0.11,8
2066,3,0,7,11.5255,4847.31
1297,3,0,7,11.4985,4704.56
1299,3,0,7,11.4926,4671.62
1600,3,0,7,11.4912,4658.17
1306,3,0,7,11.4765,4570.83
320,3,0,8,11.835,6548.31,0.0905,394.734,0.38,9
1978,3,0,8,11.8164,6428.11
1979,3,0,8,11.7818,6215.56
329,3,0,8,11.7797,6198.12
2114,3,0,8,11.7748,6173.57
335,3,0,8,11.7643,6112.29
1819,3,0,8,11.7598,6084.1
344,3,0,8,11.7443,5988.4
349,3,0,8,11.7325,5908.16
355,3,0,8,11.7155,5822.94
356,3,0,8,11.6987,5724.41
807,3,0,8,11.6836,5644.03
812,3,0,8,11.6835,5643.24
2008,3,0,8,11.6707,5561.32
821,3,0,8,11.6658,5533.81
2153,3,0,8,11.6561,5482.15
831,3,0,8,11.6561,5482.07
832,3,0,8,11.6473,5437.58
843,3,0,8,11.6359,5373.78
855,3,0,8,11.6084,5237.3
1856,3,0,8,11.6083,5236.59
869,3,0,8,11.5961,5172.77
1970,3,0,9,12.0278,7520.29,0.0341667,149.025,0.09,10
124,3,0,9,12.0086,7415.27
105,3,0,9,11.9953,7340.58
1967,3,0,9,11.9592,7148.87
107,3,0,9,11.9539,7119.08
1978,3,0,9,11.9447,7063.96
320,3,0,9,11.9255,6943.04
1968,3,0,10,12.139,8057.18,0,0,0
118,3,0,10,12.0995,7858.76
117,3,0,10,12.0924,7822.78
122,3,0,10,12.0751,7735.87
1970,3,0,10,12.0619,7669.31
1970,4,0,0,9.25717,345.923,0.051,222.447,0.09,1
122,4,0,0,9.2444,281.164
117,4,0,0,9.22485,184.747
118,4,0,0,9.21805,150.127
1968,4,0,0,9.19,0
105,4,0,1,9.33926,745.348,0.1085,473.244,0.3,2
124,4,0,1,9.32372,661.043
1970,4,0,1,9.30817,568.37
320,4,0,2,9.50359,1571.29,0.084,366.383,0.32,3
1978,4,0,2,9.48464,1450.71
107,4,0,2,9.47592,1396.28
1967,4,0,2,9.47291,1367.57
105,4,0,2,9.44776,1218.59
849,4,0,3,9.81583,3220.28,0.089,388.191,0.2,4
1774,4,0,3,9.81248,3201.27
837,4,0,3,9.80106,3132.2
2010,4,0,3,9.78817,3065.31
2009,4,0,3,9.7647,2939.13
819,4,0,3,9.75638,2890.05
811,4,0,3,9.73503,2770.73
805,4,0,3,9.73148,2751.11
358,4,0,3,9.71682,2674.19
349,4,0,3,9.70012,2586.75
344,4,0,3,9.68631,2504.12
1819,4,0,3,9.67115,2408.89
335,4,0,3,9.66624,2380.05
2114,4,0,3,9.65258,2306.39
329,4,0,3,9.64998,2291.22
2116,4,0,3,9.64524,2266.12
327,4,0,3,9.63195,2192.56
324,4,0,3,9.62778,2170.84
319,4,0,3,9.60018,2023.38
320,4,0,3,9.58759,1937.68
850,4,0,4,9.91253,3658.16,0.0346667,151.206,0.14,5
849,4,0,4,9.90483,3608.47
869,4,0,5,9.97857,3993.81,0.0375,163.564,0.11,6
865,4,0,5,9.96077,3894.98
852,4,0,5,9.95385,3852.85
850,4,0,5,9.94719,3809.36
2176,4,0,6,10.0368,4299.89,0.0848333,370.017,0.18,7
2066,4,0,6,10.0261,4232.24
869,4,0,6,10.0161,4157.38
1306,4,0,7,10.1566,4866.99,0.078,340.212,0.16,8
1599,4,0,7,10.1391,4770.51
1300,4,0,7,10.1346,4744
1298,4,0,7,10.1279,4708.78
2176,4,0,7,10.1216,4669.91
819,4,0,8,10.3851,6107.11,0.0483333,210.815,0.55,9
2009,4,0,8,10.3792,6059.94
2010,4,0,8,10.3638,5959.42
837,4,0,8,10.3565,5913.3
1774,4,0,8,10.3453,5844.55
849,4,0,8,10.3411,5821.79
850,4,0,8,10.334,5772.63
852,4,0,8,10.3282,5729.69
865,4,0,8,10.3214,5687.73
869,4,0,8,10.3062,5596.9
2066,4,0,8,10.2842,5483.17
1297,4,0,8,10.2579,5343.51
1299,4,0,8,10.2522,5311.52
1600,4,0,8,10.2508,5298.07
1306,4,0,8,10.2346,5207.2
344,4,0,9,10.4965,6690.23,0.0413333,180.284,0.09,10
349,4,0,9,10.4859,6610.53
358,4,0,9,10.4693,6523.34
805,4,0,9,10.4585,6463.17
811,4,0,9,10.4567,6445.43
819,4,0,9,10.4335,6317.93
1968,4,0,10,10.7607,8120.45,0,0,0
118,4,0,10,10.7282,7951.37
117,4,0,10,10.7209,7914.73
122,4,0,10,10.7043,7830.36
1970,4,0,10,10.6923,7768.78
124,4,0,10,10.6731,7663.43
105,4,0,10,10.6603,7590.81
1967,4,0,10,10.6233,7395.53
107,4,0,10,10.6179,7364.88
1978,4,0,10,10.6088,7309.99
1979,4,0,10,10.5761,7099.81
329,4,0,10,10.574,7082.35
2114,4,0,10,10.5688,7056.43
335,4,0,10,10.5584,6995.28
1819,4,0,10,10.5534,6966.29
344,4,0,10,10.5378,6870.52
320,5,0,0,11.3977,851.082,0.0905,394.734,0.38,1
1978,5,0,0,11.3791,730.88
107,5,0,0,11.3706,676.772
1967,5,0,0,11.3676,648.066
105,5,0,0,11.343,499.965
124,5,0,0,11.3297,425.166
1970,5,0,0,11.3139,332.084
122,5,0,0,11.301,266.81
117,5,0,0,11.2856,187.792
118,5,0,0,11.2778,149.07
1968,5,0,0,11.25,0
344,5,0,1,11.5903,1832.98,0.0798333,348.209,0.09,2
1819,5,0,1,11.577,1739.46
335,5,0,1,11.572,1710.51
2114,5,0,1,11.5567,1629.71
329,5,0,1,11.5541,1614.66
2116,5,0,1,11.549,1587.79
327,5,0,1,11.5345,1509.12
324,5,0,1,11.5302,1486.61
319,5,0,1,11.5008,1331.52
320,5,0,1,11.4882,1245.82
850,5,0,2,11.7972,2907.1,0.0711667,310.408,0.1,3
849,5,0,2,11.7897,2857.62
1774,5,0,2,11.7861,2837.62
837,5,0,2,11.7738,2767.18
2010,5,0,2,11.7653,2718.88
2009,5,0,2,11.7431,2598.46
819,5,0,2,11.736,2550.96
811,5,0,2,11.7148,2432.35
805,5,0,2,11.7113,2412.91
358,5,0,2,11.7007,2353.4
349,5,0,2,11.6833,2262.79
344,5,0,2,11.6702,2181.19
2176,5,0,3,11.9184,3537.69,0.0568333,247.89,0.16,4
2066,5,0,3,11.9082,3470.58
869,5,0,3,11.8976,3395.57
865,5,0,3,11.8811,3302.46
852,5,0,3,11.8743,3260.49
850,5,0,3,11.8683,3217.51
1306,5,0,4,12.0078,3973.02,0.0833333,363.475,0.03,5
1599,5,0,4,11.9919,3883.57
1300,5,0,4,11.9881,3857.85
1298,5,0,4,11.9819,3824.94
2176,5,0,4,11.9752,3785.58
869,5,0,5,12.1704,4763.28,0.0443333,193.369,0.11,6
2066,5,0,5,12.1431,4627.33
1297,5,0,5,12.1126,4469.75
1299,5,0,5,12.1066,4436.2
1600,5,0,5,12.1051,4422.75
1306,5,0,5,12.0911,4336.49
849,5,0,6,12.2485,5181.63,0.0775,338.032,0.22,7
850,5,0,6,12.2429,5132.17
852,5,0,6,12.2353,5087.54
865,5,0,6,12.2286,5045.69
869,5,0,6,12.2148,4956.65
819,5,0,7,12.3731,5811.05,0.0838333,365.656,0.48,8
2009,5,0,7,12.3664,5763.84
2010,5,0,7,12.3507,5663
837,5,0,7,12.3435,5617.04
1774,5,0,7,12.3292,5538.27
849,5,0,7,12.326,5519.66
105,5,0,8,12.6406,7250.01,0.0435,189.734,0.48,9
1967,5,0,8,12.6033,7052.95
107,5,0,8,12.598,7023.33
1978,5,0,8,12.589,6968.43
1979,5,0,8,12.5572,6759.25
329,5,0,8,12.5551,6741.8
2114,5,0,8,12.5505,6718.6
335,5,0,8,12.5401,6657.46
1819,5,0,8,12.5351,6628.52
344,5,0,8,12.5186,6531.27
349,5,0,8,12.5045,6448.19
358,5,0,8,12.492,6378.89
805,5,0,8,12.4805,6315.6
811,5,0,8,12.4787,6297.87
819,5,0,8,12.4569,6176.7
1970,5,0,9,12.7195,7632.09,0.0341667,149.025,0.09,10
124,5,0,9,12.6986,7519.42
105,5,0,9,12.6841,7439.74
1968,5,0,10,12.8307,8168.99,0,0,0
118,5,0,10,12.7912,7970.57
117,5,0,10,12.7841,7934.59
122,5,0,10,12.7668,7847.67
1970,5,0,10,12.7536,7781.12
1970,6,0,0,10.3844,334.012,0.0656667,286.418,0.08,1
122,6,0,0,10.3718,270.034
117,6,0,0,10.3548,184.186
118,6,0,0,10.3464,143.105
1968,6,0,0,10.32,0
105,6,0,1,10.4775,784.321,0.115333,503.049,0.34,2
124,6,0,1,10.4655,713.002
1970,6,0,1,10.45,620.43
320,6,0,2,10.6477,1638.94,0.0988333,431.081,0.34,3
1978,6,0,2,10.6294,1519.06
107,6,0,2,10.621,1465.04
1967,6,0,2,10.618,1436.33
105,6,0,2,10.5929,1287.37
344,6,0,3,10.8463,2647.27,0.0413333,180.284,0.09,4
1819,6,0,3,10.8327,2553.56
335,6,0,3,10.8282,2525.38
2114,6,0,3,10.8133,2446.28
329,6,0,3,10.8107,2431.1
2116,6,0,3,10.8058,2405.17
327,6,0,3,10.7918,2328.82
324,6,0,3,10.7883,2309.88
319,6,0,3,10.7591,2155.72
320,6,0,3,10.7465,2070.02
819,6,0,4,10.9484,3186.28,0.0483333,210.815,0.55,5
811,6,0,4,10.9305,3075.25
805,6,0,4,10.9275,3057.29
358,6,0,4,10.9156,2992.16
349,6,0,4,10.8996,2907.87
344,6,0,4,10.8877,2827.56
849,6,0,5,11.0474,3695.06,0.0695,303.138,0.23,6
1774,6,0,5,11.0437,3674.56
837,6,0,5,11.0325,3605.86
2010,6,0,5,11.0248,3559.09
2009,6,0,5,11.0041,3444.81
819,6,0,5,10.9967,3397.1
850,6,0,6,11.1244,4047.68,0.0711667,310.408,0.1,7
849,6,0,6,11.1169,3998.2
869,6,0,7,11.2249,4536.14,0.0495,215.904,0.11,8
865,6,0,7,11.2083,4443.04
852,6,0,7,11.2015,4401.07
850,6,0,7,11.1956,4358.08
2176,6,0,8,11.2951,4894.17,0.0568333,247.89,0.16,9
2066,6,0,8,11.2849,4827.06
869,6,0,8,11.2744,4752.05
1306,6,0,9,11.3845,5329.5,0.0916667,399.822,0.11,10
1599,6,0,9,11.3686,5240.05
1300,6,0,9,11.3648,5214.33
1298,6,0,9,11.3586,5181.42
2176,6,0,9,11.352,5142.06
1968,6,0,10,11.9311,8190.2,0,0,0
1969,6,0,10,11.9188,8113.69
115,6,0,10,11.9162,8099.12
2113,6,0,10,11.9115,8073.3
2133,6,0,10,11.7895,7386.93
366,6,0,10,11.7852,7359.82
2134,6,0,10,11.7719,7288.14
2136,6,0,10,11.7591,7219.3
393,6,0,10,11.7274,7056.26
401,6,0,10,11.7096,6965.31
1739,6,0,10,11.6999,6912.31
1742,6,0,10,11.6929,6875.79
1741,6,0,10,11.6861,6839.66
418,6,0,10,11.6789,6801.19
417,6,0,10,11.6761,6785.37
1989,6,0,10,11.6591,6697.35
2011,6,0,10,11.6388,6593.51
2156,6,0,10,11.6322,6560.6
2013,6,0,10,11.6316,6557.45
886,6,0,10,11.6221,6509.27
888,6,0,10,11.6057,6417.8
903,6,0,10,11.5962,6366.29
904,6,0,10,11.5922,6345.26
925,6,0,10,11.571,6227.3
2019,6,0,10,11.5657,6200.44
929,6,0,10,11.5653,6198.46
938,6,0,10,11.5529,6131.14
950,6,0,10,11.5358,6045.2
951,6,0,10,11.5283,6007.44
949,6,0,10,11.5168,5948.69
2025,6,0,10,11.5133,5931.24
2024,6,0,10,11.5002,5858.83
1301,6,0,10,11.4894,5800.49
1306,6,0,10,11.4762,5729.32
1970,7,0,0,10.3544,334.012,0.0656667,286.418,0.08,1
122,7,0,0,10.3418,270.034
117,7,0,0,10.3248,184.186
118,7,0,0,10.3164,143.105
1968,7,0,0,10.29,0
105,7,0,1,10.4475,784.321,0.115333,503.049,0.34,2
124,7,0,1,10.4355,713.002
1970,7,0,1,10.42,620.43
320,7,0,2,10.6177,1638.94,0.0988333,431.081,0.34,3
1978,7,0,2,10.5994,1519.06
107,7,0,2,10.591,1465.04
1967,7,0,2,10.588,1436.33
105,7,0,2,10.5629,1287.37
344,7,0,3,10.8163,2647.27,0.0413333,180.284,0.09,4
1819,7,0,3,10.8027,2553.56
335,7,0,3,10.7982,2525.38
2114,7,0,3,10.7833,2446.28
329,7,0,3,10.7807,2431.1
2116,7,0,3,10.7758,2405.17
327,7,0,3,10.7618,2328.82
324,7,0,3,10.7583,2309.88
319,7,0,3,10.7291,2155.72
320,7,0,3,10.7165,2070.02
819,7,0,4,10.9184,3186.28,0.0483333,210.815,0.55,5
811,7,0,4,10.9005,3075.25
805,7,0,4,10.8975,3057.29
358,7,0,4,10.8856,2992.16
349,7,0,4,10.8696,2907.87
344,7,0,4,10.8577,2827.56
849,7,0,5,11.0174,3695.06,0.0695,303.138,0.23,6
1774,7,0,5,11.0137,3674.56
837,7,0,5,11.0025,3605.86
2010,7,0,5,10.9948,3559.09
2009,7,0,5,10.9741,3444.81
819,7,0,5,10.9667,3397.1
850,7,0,6,11.0944,4047.68,0.0711667,310.408,0.1,7
849,7,0,6,11.0869,3998.2
2176,7,0,7,11.2156,4678.27,0.0568333,247.89,0.16,8
2066,7,0,7,11.2054,4611.16
869,7,0,7,11.1949,4536.14
865,7,0,7,11.1783,4443.04
852,7,0,7,11.1715,4401.07
850,7,0,7,11.1656,4358.08
1306,7,0,8,11.305,5113.59,0.0916667,399.822,0.11,9
1599,7,0,8,11.2891,5024.15
1300,7,0,8,11.2853,4998.43
1298,7,0,8,11.2791,4965.52
2176,7,0,8,11.2725,4926.16
869,7,0,9,11.4668,5899.45,0.0495,215.904,0.11,10
2066,7,0,9,11.4457,5789.9
1297,7,0,9,11.4188,5647.14
1299,7,0,9,11.4129,5614.2
1600,7,0,9,11.4114,5600.75
1306,7,0,9,11.3967,5513.41
1968,7,0,10,11.8938,8203.98,0,0,0
118,7,0,10,11.8591,8025.67
117,7,0,10,11.8514,7987.16
122,7,0,10,11.834,7899.62
1970,7,0,10,11.8212,7834.88
124,7,0,10,11.7994,7718.32
105,7,0,10,11.787,7646.38
1967,7,0,10,11.7511,7455.6
107,7,0,10,11.7458,7425.81
1978,7,0,10,11.7366,7370.69
1979,7,0,10,11.7021,7158.14
329,7,0,10,11.6999,7140.71
2114,7,0,10,11.695,7116.16
335,7,0,10,11.6845,7054.88
1819,7,0,10,11.68,7026.69
344,7,0,10,11.6645,6930.99
349,7,0,10,11.6527,6850.74
355,7,0,10,11.6358,6765.52
356,7,0,10,11.619,6666.99
807,7,0,10,11.6039,6586.61
812,7,0,10,11.6037,6585.82
2008,7,0,10,11.591,6503.91
821,7,0,10,11.5861,6476.4
2153,7,0,10,11.5763,6424.74
831,7,0,10,11.5763,6424.66
832,7,0,10,11.5675,6380.16
843,7,0,10,11.5561,6316.36
855,7,0,10,11.5286,6179.88
1856,7,0,10,11.5285,6179.17
869,7,0,10,11.5163,6115.36
320,8,0,0,11.4177,851.082,0.0905,394.734,0.38,1
1978,8,0,0,11.3991,730.88
107,8,0,0,11.3906,676.772
1967,8,0,0,11.3876,648.066
105,8,0,0,11.363,499.965
124,8,0,0,11.3497,425.166
1970,8,0,0,11.3339,332.084
122,8,0,0,11.321,266.81
117,8,0,0,11.3056,187.792
118,8,0,0,11.2978,149.07
1968,8,0,0,11.27,0
344,8,0,1,11.6103,1832.98,0.0798333,348.209,0.09,2
1819,8,0,1,11.597,1739.46
335,8,0,1,11.592,1710.51
2114,8,0,1,11.5767,1629.71
329,8,0,1,11.5741,1614.66
2116,8,0,1,11.569,1587.79
327,8,0,1,11.5545,1509.12
324,8,0,1,11.5502,1486.61
319,8,0,1,11.5208,1331.52
320,8,0,1,11.5082,1245.82
849,8,0,2,11.8097,2857.62,0.0695,303.138,0.23,3
1774,8,0,2,11.8061,2837.62
837,8,0,2,11.7938,2767.18
2010,8,0,2,11.7853,2718.88
2009,8,0,2,11.7631,2598.46
819,8,0,2,11.756,2550.96
811,8,0,2,11.7348,2432.35
805,8,0,2,11.7313,2412.91
358,8,0,2,11.7207,2353.4
349,8,0,2,11.7033,2262.79
344,8,0,2,11.6902,2181.19
2176,8,0,3,11.9367,3530.42,0.0568333,247.89,0.16,4
2066,8,0,3,11.9265,3463.31
869,8,0,3,11.916,3388.3
865,8,0,3,11.8995,3295.19
852,8,0,3,11.8926,3253.22
850,8,0,3,11.8867,3210.24
849,8,0,3,11.8792,3160.76
1306,8,0,4,12.0261,3965.75,0.0833333,363.475,0.03,5
1599,8,0,4,12.0102,3876.3
1300,8,0,4,12.0064,3850.58
1298,8,0,4,12.0002,3817.68
2176,8,0,4,11.9936,3778.31
869,8,0,5,12.1888,4756.01,0.0443333,193.369,0.11,6
2066,8,0,5,12.1614,4620.06
1297,8,0,5,12.1309,4462.48
1299,8,0,5,12.1249,4428.93
1600,8,0,5,12.1235,4415.48
1306,8,0,5,12.1095,4329.22
850,8,0,6,12.2612,5124.9,0.1105,481.968,0.03,7
852,8,0,6,12.2537,5080.27
865,8,0,6,12.247,5038.43
869,8,0,6,12.2331,4949.38
819,8,0,7,12.4244,5947.72,0.0838333,365.656,0.48,8
2009,8,0,7,12.4177,5900.51
2010,8,0,7,12.402,5799.67
837,8,0,7,12.3948,5753.71
1774,8,0,7,12.3805,5674.93
849,8,0,7,12.3774,5656.33
850,8,0,7,12.3717,5606.87
105,8,0,8,12.6919,7386.67,0.0435,189.734,0.48,9
1967,8,0,8,12.6546,7189.61
107,8,0,8,12.6494,7159.99
1978,8,0,8,12.6403,7105.1
1979,8,0,8,12.6086,6895.91
329,8,0,8,12.6064,6878.47
2114,8,0,8,12.6019,6855.26
335,8,0,8,12.5914,6794.13
1819,8,0,8,12.5865,6765.19
344,8,0,8,12.5699,6667.94
349,8,0,8,12.5558,6584.86
358,8,0,8,12.5433,6515.55
805,8,0,8,12.5319,6452.27
811,8,0,8,12.53,6434.53
819,8,0,8,12.5083,6313.37
1970,8,0,9,12.7708,7768.76,0.0341667,149.025,0.09,10
124,8,0,9,12.7499,7656.08
105,8,0,9,12.7354,7576.41
1968,8,0,10,12.8821,8305.66,0,0,0
118,8,0,10,12.8426,8107.23
117,8,0,10,12.8354,8071.26
122,8,0,10,12.8182,7984.34
1970,8,0,10,12.805,7917.79
320,9,0,0,11.4877,851.082,0.0905,394.734,0.38,1
1978,9,0,0,11.4691,730.88
107,9,0,0,11.4606,676.772
1967,9,0,0,11.4576,648.066
105,9,0,0,11.433,499.965
124,9,0,0,11.4197,425.166
1970,9,0,0,11.4039,332.084
122,9,0,0,11.391,266.81
117,9,0,0,11.3756,187.792
118,9,0,0,11.3678,149.07
1968,9,0,0,11.34,0
344,9,0,1,11.6803,1832.98,0.0798333,348.209,0.09,2
1819,9,0,1,11.667,1739.46
335,9,0,1,11.662,1710.51
2114,9,0,1,11.6467,1629.71
329,9,0,1,11.6441,1614.66
2116,9,0,1,11.639,1587.79
327,9,0,1,11.6245,1509.12
324,9,0,1,11.6202,1486.61
319,9,0,1,11.5908,1331.52
320,9,0,1,11.5782,1245.82
2176,9,0,2,11.9372,3227.28,0.0568333,247.89,0.16,3
2066,9,0,2,11.927,3160.17
869,9,0,2,11.9165,3085.16
865,9,0,2,11.9,2992.05
852,9,0,2,11.8931,2950.08
850,9,0,2,11.8872,2907.1
849,9,0,2,11.8797,2857.62
1774,9,0,2,11.8761,2837.62
837,9,0,2,11.8638,2767.18
2010,9,0,2,11.8553,2718.88
2009,9,0,2,11.8331,2598.46
819,9,0,2,11.826,2550.96
811,9,0,2,11.8048,2432.35
805,9,0,2,11.8013,2412.91
358,9,0,2,11.7907,2353.4
349,9,0,2,11.7733,2262.79
344,9,0,2,11.7602,2181.19
1306,9,0,3,12.0266,3662.61,0.0833333,363.475,0.03,4
1599,9,0,3,12.0107,3573.16
1300,9,0,3,12.0069,3547.45
1298,9,0,3,12.0007,3514.54
2176,9,0,3,11.9941,3475.17
869,9,0,4,12.1893,4452.87,0.0443333,193.369,0.11,5
2066,9,0,4,12.1619,4316.92
1297,9,0,4,12.1314,4159.34
1299,9,0,4,12.1254,4125.79
1600,9,0,4,12.124,4112.35
1306,9,0,4,12.11,4026.08
850,9,0,5,12.2617,4821.76,0.1105,481.968,0.03,6
852,9,0,5,12.2542,4777.13
865,9,0,5,12.2475,4735.29
869,9,0,5,12.2336,4646.24
849,9,0,6,12.3779,5353.19,0.0775,338.032,0.22,7
850,9,0,6,12.3722,5303.73
819,9,0,7,12.5024,5982.61,0.0838333,365.656,0.48,8
2009,9,0,7,12.4957,5935.4
2010,9,0,7,12.48,5834.56
837,9,0,7,12.4728,5788.6
1774,9,0,7,12.4585,5709.83
849,9,0,7,12.4554,5691.23
105,9,0,8,12.7699,7421.57,0.0435,189.734,0.48,9
1967,9,0,8,12.7326,7224.51
107,9,0,8,12.7274,7194.89
1978,9,0,8,12.7183,7139.99
1979,9,0,8,12.6866,6930.81
329,9,0,8,12.6844,6913.36
2114,9,0,8,12.6799,6890.16
335,9,0,8,12.6694,6829.02
1819,9,0,8,12.6645,6800.08
344,9,0,8,12.6479,6702.83
349,9,0,8,12.6338,6619.75
358,9,0,8,12.6213,6550.45
805,9,0,8,12.6099,6487.16
811,9,0,8,12.608,6469.43
819,9,0,8,12.5863,6348.26
1970,9,0,9,12.8488,7803.66,0.0341667,149.025,0.09,10
124,9,0,9,12.8279,7690.98
105,9,0,9,12.8134,7611.3
1968,9,0,10,12.9601,8340.55,0,0,0
118,9,0,10,12.9206,8142.13
117,9,0,10,12.9134,8106.15
122,9,0,10,12.8962,8019.23
1970,9,0,10,12.883,7952.68
105,10,0,0,11.243,499.965,0.104333,455.071,0.4,1
124,10,0,0,11.2297,425.166
1970,10,0,0,11.2139,332.084
122,10,0,0,11.201,266.81
117,10,0,0,11.1856,187.792
118,10,0,0,11.1778,149.07
1968,10,0,0,11.15,0
320,10,0,1,11.402,1306.15,0.0905,394.734,0.38,2
1978,10,0,1,11.3834,1185.95
107,10,0,1,11.3749,1131.84
1967,10,0,1,11.3719,1103.14
105,10,0,1,11.3473,955.035
344,10,0,2,11.5947,2288.05,0.0798333,348.209,0.09,3
1819,10,0,2,11.5813,2194.53
335,10,0,2,11.5763,2165.58
2114,10,0,2,11.561,2084.78
329,10,0,2,11.5585,2069.73
2116,10,0,2,11.5533,2042.86
327,10,0,2,11.5388,1964.19
324,10,0,2,11.5345,1941.68
319,10,0,2,11.5051,1786.59
320,10,0,2,11.4925,1700.89
850,10,0,3,11.8015,3362.17,0.0711667,310.408,0.1,4
849,10,0,3,11.794,3312.69
1774,10,0,3,11.7904,3292.69
837,10,0,3,11.7782,3222.25
2010,10,0,3,11.7696,3173.95
2009,10,0,3,11.7475,3053.53
819,10,0,3,11.7404,3006.03
811,10,0,3,11.7192,2887.42
805,10,0,3,11.7157,2867.98
358,10,0,3,11.7051,2808.47
349,10,0,3,11.6876,2717.86
344,10,0,3,11.6745,2636.26
2176,10,0,4,11.9227,3992.76,0.0568333,247.89,0.16,5
2066,10,0,4,11.9125,3925.65
869,10,0,4,11.902,3850.64
865,10,0,4,11.8854,3757.53
852,10,0,4,11.8786,3715.56
850,10,0,4,11.8727,3672.58
1306,10,0,5,12.0121,4428.09,0.0833333,363.475,0.03,6
1599,10,0,5,11.9962,4338.64
1300,10,0,5,11.9924,4312.92
1298,10,0,5,11.9862,4280.02
2176,10,0,5,11.9796,4240.65
869,10,0,6,12.1748,5218.35,0.0443333,193.369,0.11,7
2066,10,0,6,12.1474,5082.4
1297,10,0,6,12.1169,4924.82
1299,10,0,6,12.1109,4891.27
1600,10,0,6,12.1095,4877.82
1306,10,0,6,12.0955,4791.56
849,10,0,7,12.2529,5636.7,0.0775,338.032,0.22,8
850,10,0,7,12.2472,5587.24
852,10,0,7,12.2397,5542.61
865,10,0,7,12.233,5500.77
869,10,0,7,12.2191,5411.72
819,10,0,8,12.3774,6266.12,0.0838333,365.656,0.48,9
2009,10,0,8,12.3707,6218.91
2010,10,0,8,12.355,6118.07
837,10,0,8,12.3478,6072.11
1774,10,0,8,12.3335,5993.34
849,10,0,8,12.3304,5974.74
1970,10,0,9,12.6803,7897.43,0.0341667,149.025,0.09,10
124,10,0,9,12.6594,7784.75
105,10,0,9,12.6449,7705.08
1967,10,0,9,12.6076,7508.02
107,10,0,9,12.6024,7478.4
1978,10,0,9,12.5933,7423.5
1979,10,0,9,12.5616,7214.32
329,10,0,9,12.5594,7196.87
2114,10,0,9,12.5549,7173.67
335,10,0,9,12.5444,7112.53
1819,10,0,9,12.5395,7083.6
344,10,0,9,12.5229,6986.34
349,10,0,9,12.5088,6903.26
358,10,0,9,12.4963,6833.96
805,10,0,9,12.4848,6770.67
811,10,0,9,12.483,6752.94
819,10,0,9,12.4613,6631.77
1968,10,0,10,12.7916,8434.33,0,0,0
118,10,0,10,12.7521,8235.9
117,10,0,10,12.7449,8199.93
122,10,0,10,12.7277,8113.01
1970,10,0,10,12.7145,8046.46
105,11,0,0,11.263,499.965,0.104333,455.071,0.4,1
124,11,0,0,11.2497,425.166
1970,11,0,0,11.2339,332.084
122,11,0,0,11.221,266.81
117,11,0,0,11.2056,187.792
118,11,0,0,11.1978,149.07
1968,11,0,0,11.17,0
320,11,0,1,11.422,1306.15,0.0905,394.734,0.38,2
1978,11,0,1,11.4034,1185.95
107,11,0,1,11.3949,1131.84
1967,11,0,1,11.3919,1103.14
105,11,0,1,11.3673,955.035
344,11,0,2,11.6147,2288.05,0.0798333,348.209,0.09,3
1819,11,0,2,11.6013,2194.53
335,11,0,2,11.5963,2165.58
2114,11,0,2,11.581,2084.78
329,11,0,2,11.5785,2069.73
2116,11,0,2,11.5733,2042.86
327,11,0,2,11.5589,1964.19
324,11,0,2,11.5545,1941.68
319,11,0,2,11.5251,1786.59
320,11,0,2,11.5125,1700.89
849,11,0,3,11.814,3312.69,0.0695,303.138,0.23,4
1774,11,0,3,11.8104,3292.69
837,11,0,3,11.7982,3222.25
2010,11,0,3,11.7896,3173.95
2009,11,0,3,11.7675,3053.53
819,11,0,3,11.7604,3006.03
811,11,0,3,11.7392,2887.42
805,11,0,3,11.7357,2867.98
358,11,0,3,11.7251,2808.47
349,11,0,3,11.7076,2717.86
344,11,0,3,11.6945,2636.26
2176,11,0,4,11.9411,3985.49,0.0568333,247.89,0.16,5
2066,11,0,4,11.9309,3918.38
869,11,0,4,11.9203,3843.37
865,11,0,4,11.9038,3750.26
852,11,0,4,11.897,3708.29
850,11,0,4,11.891,3665.31
849,11,0,4,11.8835,3615.83
1306,11,0,5,12.0305,4420.82,0.0833333,363.475,0.03,6
1599,11,0,5,12.0145,4331.37
1300,11,0,5,12.0107,4305.65
1298,11,0,5,12.0045,4272.75
2176,11,0,5,11.9979,4233.38
869,11,0,6,12.1931,5211.08,0.0443333,193.369,0.11,7
2066,11,0,6,12.1657,5075.13
1297,11,0,6,12.1353,4917.55
1299,11,0,6,12.1292,4884
1600,11,0,6,12.1278,4870.55
1306,11,0,6,12.1138,4784.29
850,11,0,7,12.2655,5579.97,0.1105,481.968,0.03,8
852,11,0,7,12.258,5535.34
865,11,0,7,12.2513,5493.5
869,11,0,7,12.2374,5404.45
819,11,0,8,12.4288,6402.79,0.0838333,365.656,0.48,9
2009,11,0,8,12.4221,6355.58
2010,11,0,8,12.4064,6254.74
837,11,0,8,12.3992,6208.78
1774,11,0,8,12.3848,6130
849,11,0,8,12.3817,6111.4
850,11,0,8,12.376,6061.94
1970,11,0,9,12.7316,8034.1,0.0341667,149.025,0.09,10
124,11,0,9,12.7107,7921.42
105,11,0,9,12.6963,7841.75
1967,11,0,9,12.6589,7644.68
107,11,0,9,12.6537,7615.06
1978,11,0,9,12.6447,7560.17
1979,11,0,9,12.6129,7350.98
329,11,0,9,12.6107,7333.54
2114,11,0,9,12.6062,7310.33
335,11,0,9,12.5958,7249.2
1819,11,0,9,12.5908,7220.26
344,11,0,9,12.5742,7123.01
349,11,0,9,12.5601,7039.93
358,11,0,9,12.5477,6970.62
805,11,0,9,12.5362,6907.34
811,11,0,9,12.5344,6889.6
819,11,0,9,12.5126,6768.44
1968,11,0,10,12.8429,8571,0,0,0
118,11,0,10,12.8034,8372.57
117,11,0,10,12.7963,8336.59
122,11,0,10,12.779,8249.68
1970,11,0,10,12.7658,8183.12
105,12,0,0,11.323,499.965,0.104333,455.071,0.4,1
124,12,0,0,11.3097,425.166
1970,12,0,0,11.2939,332.084
122,12,0,0,11.281,266.81
117,12,0,0,11.2656,187.792
118,12,0,0,11.2578,149.07
1968,12,0,0,11.23,0
320,12,0,1,11.482,1306.15,0.0905,394.734,0.38,2
1978,12,0,1,11.4634,1185.95
107,12,0,1,11.4549,1131.84
1967,12,0,1,11.4519,1103.14
105,12,0,1,11.4273,955.035
344,12,0,2,11.6747,2288.05,0.0798333,348.209,0.09,3
1819,12,0,2,11.6613,2194.53
335,12,0,2,11.6563,2165.58
2114,12,0,2,11.641,2084.78
329,12,0,2,11.6385,2069.73
2116,12,0,2,11.6333,2042.86
327,12,0,2,11.6188,1964.19
324,12,0,2,11.6145,1941.68
319,12,0,2,11.5851,1786.59
320,12,0,2,11.5725,1700.89
2176,12,0,3,11.9316,3682.36,0.0568333,247.89,0.16,4
2066,12,0,3,11.9214,3615.25
869,12,0,3,11.9108,3540.23
865,12,0,3,11.8943,3447.12
852,12,0,3,11.8875,3405.15
850,12,0,3,11.8815,3362.17
849,12,0,3,11.874,3312.69
1774,12,0,3,11.8704,3292.69
837,12,0,3,11.8582,3222.25
2010,12,0,3,11.8496,3173.95
2009,12,0,3,11.8275,3053.53
819,12,0,3,11.8204,3006.03
811,12,0,3,11.7992,2887.42
805,12,0,3,11.7957,2867.98
358,12,0,3,11.7851,2808.47
349,12,0,3,11.7676,2717.86
344,12,0,3,11.7545,2636.26
1306,12,0,4,12.021,4117.68,0.0833333,363.475,0.03,5
1599,12,0,4,12.005,4028.23
1300,12,0,4,12.0012,4002.52
1298,12,0,4,11.995,3969.61
2176,12,0,4,11.9884,3930.25
869,12,0,5,12.1836,4907.94,0.0443333,193.369,0.11,6
2066,12,0,5,12.1562,4771.99
1297,12,0,5,12.1258,4614.41
1299,12,0,5,12.1197,4580.86
1600,12,0,5,12.1183,4567.42
1306,12,0,5,12.1043,4481.15
850,12,0,6,12.256,5276.84,0.1105,481.968,0.03,7
852,12,0,6,12.2485,5232.2
865,12,0,6,12.2418,5190.36
869,12,0,6,12.2279,5101.31
849,12,0,7,12.3722,5808.26,0.0775,338.032,0.22,8
850,12,0,7,12.3665,5758.8
819,12,0,8,12.4968,6437.68,0.0838333,365.656,0.48,9
2009,12,0,8,12.4901,6390.47
2010,12,0,8,12.4744,6289.63
837,12,0,8,12.4672,6243.67
1774,12,0,8,12.4528,6164.9
849,12,0,8,12.4497,6146.3
1970,12,0,9,12.7996,8068.99,0.0341667,149.025,0.09,10
124,12,0,9,12.7787,7956.32
105,12,0,9,12.7643,7876.64
1967,12,0,9,12.7269,7679.58
107,12,0,9,12.7217,7649.96
1978,12,0,9,12.7127,7595.07
1979,12,0,9,12.6809,7385.88
329,12,0,9,12.6787,7368.43
2114,12,0,9,12.6742,7345.23
335,12,0,9,12.6638,7284.09
1819,12,0,9,12.6588,7255.16
344,12,0,9,12.6422,7157.9
349,12,0,9,12.6281,7074.82
358,12,0,9,12.6157,7005.52
805,12,0,9,12.6042,6942.24
811,12,0,9,12.6024,6924.5
819,12,0,9,12.5806,6803.34
1968,12,0,10,12.9109,8605.89,0,0,0
118,12,0,10,12.8714,8407.46
117,12,0,10,12.8643,8371.49
122,12,0,10,12.847,8284.57
1970,12,0,10,12.8338,8218.02
105,13,0,0,11.373,499.965,0.104333,455.071,0.4,1
124,13,0,0,11.3597,425.166
1970,13,0,0,11.3439,332.084
122,13,0,0,11.331,266.81
117,13,0,0,11.3156,187.792
118,13,0,0,11.3078,149.07
1968,13,0,0,11.28,0
320,13,0,1,11.532,1306.15,0.0905,394.734,0.38,2
1978,13,0,1,11.5134,1185.95
107,13,0,1,11.5049,1131.84
1967,13,0,1,11.5019,1103.14
105,13,0,1,11.4773,955.035
344,13,0,2,11.7247,2288.05,0.0798333,348.209,0.09,3
1819,13,0,2,11.7113,2194.53
335,13,0,2,11.7063,2165.58
2114,13,0,2,11.691,2084.78
329,13,0,2,11.6885,2069.73
2116,13,0,2,11.6833,2042.86
327,13,0,2,11.6688,1964.19
324,13,0,2,11.6645,1941.68
319,13,0,2,11.6351,1786.59
320,13,0,2,11.6225,1700.89
849,13,0,3,11.924,3312.69,0.0695,303.138,0.23,4
1774,13,0,3,11.9204,3292.69
837,13,0,3,11.9082,3222.25
2010,13,0,3,11.8996,3173.95
2009,13,0,3,11.8775,3053.53
819,13,0,3,11.8704,3006.03
811,13,0,3,11.8492,2887.42
805,13,0,3,11.8457,2867.98
358,13,0,3,11.8351,2808.47
349,13,0,3,11.8176,2717.86
344,13,0,3,11.8045,2636.26
850,13,0,4,12.001,3665.31,0.1105,481.968,0.03,5
849,13,0,4,11.9935,3615.83
2176,13,0,5,12.1595,4464.04,0.0963333,420.177,0.14,6
2066,13,0,5,12.1492,4396.88
869,13,0,5,12.1384,4321.73
865,13,0,5,12.1237,4231.52
852,13,0,5,12.1175,4190.26
850,13,0,5,12.1115,4147.28
1306,13,0,6,12.2896,5075.45,0.0833333,363.475,0.03,7
1599,13,0,6,12.2721,4979
1300,13,0,6,12.2677,4952.58
1298,13,0,6,12.2623,4923.4
2176,13,0,6,12.2558,4884.22
869,13,0,7,12.4522,5865.72,0.0443333,193.369,0.11,8
2066,13,0,7,12.4249,5729.77
1297,13,0,7,12.3944,5572.19
1299,13,0,7,12.3884,5538.64
1600,13,0,7,12.3869,5525.19
1306,13,0,7,12.3729,5438.93
819,13,0,8,12.5774,6575.46,0.0838333,365.656,0.48,9
2009,13,0,8,12.5707,6528.25
2010,13,0,8,12.555,6427.41
837,13,0,8,12.5478,6381.45
1774,13,0,8,12.5334,6302.67
849,13,0,8,12.5303,6284.07
850,13,0,8,12.5247,6234.61
852,13,0,8,12.5171,6189.98
865,13,0,8,12.5104,6148.13
869,13,0,8,12.4966,6059.08
1970,13,0,9,12.8803,8206.77,0.0341667,149.025,0.09,10
124,13,0,9,12.8594,8094.09
105,13,0,9,12.8449,8014.42
1967,13,0,9,12.8075,7817.35
107,13,0,9,12.8023,7787.73
1978,13,0,9,12.7933,7732.84
1979,13,0,9,12.7615,7523.65
329,13,0,9,12.7594,7506.21
2114,13,0,9,12.7548,7483
335,13,0,9,12.7444,7421.87
1819,13,0,9,12.7394,7392.93
344,13,0,9,12.7229,7295.68
349,13,0,9,12.7088,7212.6
358,13,0,9,12.6963,7143.29
805,13,0,9,12.6848,7080.01
811,13,0,9,12.683,7062.27
819,13,0,9,12.6612,6941.11
1968,13,0,10,12.9915,8743.67,0,0,0
118,13,0,10,12.952,8545.24
117,13,0,10,12.9449,8509.26
122,13,0,10,12.9276,8422.35
1970,13,0,10,12.9144,8355.79
1970,14,0,0,11.3039,332.084,0.0768333,335.124,0.08,1
122,14,0,0,11.291,266.81
117,14,0,0,11.2756,187.792
118,14,0,0,11.2678,149.07
1968,14,0,0,11.24,0
105,14,0,1,11.4098,835.089,0.104333,455.071,0.4,2
124,14,0,1,11.3965,760.29
1970,14,0,1,11.3807,667.208
320,14,0,2,11.5688,1641.28,0.0905,394.734,0.38,3
1978,14,0,2,11.5502,1521.07
107,14,0,2,11.5418,1466.97
1967,14,0,2,11.5388,1438.26
105,14,0,2,11.5142,1290.16
344,14,0,3,11.7615,2623.18,0.0798333,348.209,0.09,4
1819,14,0,3,11.7481,2529.65
335,14,0,3,11.7432,2500.7
2114,14,0,3,11.7278,2419.91
329,14,0,3,11.7253,2404.85
2116,14,0,3,11.7202,2377.98
327,14,0,3,11.7057,2299.31
324,14,0,3,11.7013,2276.8
319,14,0,3,11.6719,2121.71
320,14,0,3,11.6593,2036.01
849,14,0,4,11.9609,3647.82,0.0695,303.138,0.23,5
1774,14,0,4,11.9573,3627.82
837,14,0,4,11.945,3557.37
2010,14,0,4,11.9364,3509.08
2009,14,0,4,11.9143,3388.65
819,14,0,4,11.9072,3341.16
811,14,0,4,11.886,3222.54
805,14,0,4,11.8825,3203.11
358,14,0,4,11.8719,3143.6
349,14,0,4,11.8544,3052.98
344,14,0,4,11.8413,2971.38
850,14,0,5,12.0377,4000.27,0.1105,481.968,0.03,6
849,14,0,5,12.0304,3950.96
2176,14,0,6,12.1961,4799.01,0.0963333,420.177,0.14,7
2066,14,0,6,12.1859,4731.85
869,14,0,6,12.1751,4656.7
865,14,0,6,12.1603,4566.48
852,14,0,6,12.1541,4525.23
850,14,0,6,12.1482,4482.24
1306,14,0,7,12.3263,5410.42,0.0833333,363.475,0.03,8
1599,14,0,7,12.3087,5313.97
1300,14,0,7,12.3043,5287.55
1298,14,0,7,12.299,5258.37
2176,14,0,7,12.2925,5219.18
869,14,0,8,12.4889,6200.68,0.0443333,193.369,0.11,9
2066,14,0,8,12.4615,6064.73
1297,14,0,8,12.4311,5907.15
1299,14,0,8,12.425,5873.61
1600,14,0,8,12.4236,5860.16
1306,14,0,8,12.4096,5773.9
819,14,0,9,12.6141,6910.42,0.0838333,365.656,0.48,10
2009,14,0,9,12.6074,6863.22
2010,14,0,9,12.5917,6762.37
837,14,0,9,12.5845,6716.42
1774,14,0,9,12.5701,6637.64
849,14,0,9,12.567,6619.04
850,14,0,9,12.5613,6569.58
852,14,0,9,12.5538,6524.94
865,14,0,9,12.5471,6483.1
869,14,0,9,12.5332,6394.05
1968,14,0,10,12.9941,8929.88,0,0,0
118,14,0,10,12.9549,8732.6
117,14,0,10,12.9474,8695.21
122,14,0,10,12.9301,8608.29
1970,14,0,10,12.9169,8541.73
124,14,0,10,12.896,8429.06
105,14,0,10,12.8816,8349.38
1967,14,0,10,12.8442,8152.32
107,14,0,10,12.839,8122.7
1978,14,0,10,12.8299,8067.81
1979,14,0,10,12.7982,7858.62
329,14,0,10,12.796,7841.17
2114,14,0,10,12.7915,7817.97
335,14,0,10,12.781,7756.84
1819,14,0,10,12.7761,7727.9
344,14,0,10,12.7595,7630.65
349,14,0,10,12.7454,7547.56
358,14,0,10,12.733,7478.26
805,14,0,10,12.7215,7414.98
811,14,0,10,12.7197,7397.24
819,14,0,10,12.6979,7276.08
1970,15,0,0,11.2939,332.084,0.0768333,335.124,0.08,1
122,15,0,0,11.281,266.81
117,15,0,0,11.2656,187.792
118,15,0,0,11.2578,149.07
1968,15,0,0,11.23,0
105,15,0,1,11.3998,835.089,0.104333,455.071,0.4,2
124,15,0,1,11.3865,760.29
1970,15,0,1,11.3707,667.208
320,15,0,2,11.5588,1641.28,0.0905,394.734,0.38,3
1978,15,0,2,11.5402,1521.07
107,15,0,2,11.5318,1466.97
1967,15,0,2,11.5288,1438.26
105,15,0,2,11.5042,1290.16
344,15,0,3,11.7515,2623.18,0.0798333,348.209,0.09,4
1819,15,0,3,11.7381,2529.65
335,15,0,3,11.7332,2500.7
2114,15,0,3,11.7178,2419.91
329,15,0,3,11.7153,2404.85
2116,15,0,3,11.7102,2377.98
327,15,0,3,11.6957,2299.31
324,15,0,3,11.6913,2276.8
319,15,0,3,11.6619,2121.71
320,15,0,3,11.6493,2036.01
2176,15,0,4,12.0084,4017.48,0.0963333,420.177,0.14,5
2066,15,0,4,11.9982,3950.37
869,15,0,4,11.9876,3875.35
865,15,0,4,11.9711,3782.25
852,15,0,4,11.9643,3740.28
850,15,0,4,11.9583,3697.29
849,15,0,4,11.9509,3647.82
1774,15,0,4,11.9473,3627.82
837,15,0,4,11.935,3557.37
2010,15,0,4,11.9264,3509.08
2009,15,0,4,11.9043,3388.65
819,15,0,4,11.8972,3341.16
811,15,0,4,11.876,3222.54
805,15,0,4,11.8725,3203.11
358,15,0,4,11.8619,3143.6
349,15,0,4,11.8444,3052.98
344,15,0,4,11.8313,2971.38
1306,15,0,5,12.1385,4628.89,0.0833333,363.475,0.03,6
1599,15,0,5,12.121,4532.44
1300,15,0,5,12.1166,4506.02
1298,15,0,5,12.1113,4476.84
2176,15,0,5,12.1047,4437.66
869,15,0,6,12.3012,5419.15,0.0443333,193.369,0.11,7
2066,15,0,6,12.2738,5283.21
1297,15,0,6,12.2433,5125.62
1299,15,0,6,12.2373,5092.08
1600,15,0,6,12.2358,5078.63
1306,15,0,6,12.2218,4992.37
850,15,0,7,12.3736,5788.05,0.1105,481.968,0.03,8
852,15,0,7,12.3661,5743.41
865,15,0,7,12.3593,5701.57
869,15,0,7,12.3455,5612.52
849,15,0,8,12.4898,6319.48,0.0775,338.032,0.22,9
850,15,0,8,12.4841,6270.02
819,15,0,9,12.6143,6948.89,0.0838333,365.656,0.48,10
2009,15,0,9,12.6076,6901.69
2010,15,0,9,12.5919,6800.84
837,15,0,9,12.5847,6754.89
1774,15,0,9,12.5704,6676.11
849,15,0,9,12.5673,6657.51
1968,15,0,10,12.9943,8968.35,0,0,0
118,15,0,10,12.9551,8771.07
117,15,0,10,12.9477,8733.68
122,15,0,10,12.9304,8646.76
1970,15,0,10,12.9172,8580.21
124,15,0,10,12.8963,8467.53
105,15,0,10,12.8818,8387.85
1967,15,0,10,12.8445,8190.79
107,15,0,10,12.8392,8161.17
1978,15,0,10,12.8302,8106.28
1979,15,0,10,12.7984,7897.09
329,15,0,10,12.7963,7879.65
2114,15,0,10,12.7917,7856.44
335,15,0,10,12.7813,7795.31
1819,15,0,10,12.7763,7766.37
344,15,0,10,12.7598,7669.12
349,15,0,10,12.7457,7586.03
358,15,0,10,12.7332,7516.73
805,15,0,10,12.7217,7453.45
811,15,0,10,12.7199,7435.71
819,15,0,10,12.6982,7314.55
105,16,0,0,10.9619,497.903,0.115333,503.049,0.34,1
124,16,0,0,10.9498,426.583
1970,16,0,0,10.9344,334.012
122,16,0,0,10.9218,270.034
117,16,0,0,10.9048,184.186
118,16,0,0,10.8964,143.105
1968,16,0,0,10.87,0
1970,16,0,1,11.1096,1180.66,0.0768333,335.124,0.08,2
124,16,0,1,11.0905,1075.65
105,16,0,1,11.0772,1000.95
320,16,0,2,11.2703,2034.79,0.0905,394.734,0.38,3
1978,16,0,2,11.2517,1914.58
107,16,0,2,11.2432,1860.47
1967,16,0,2,11.2402,1831.77
105,16,0,2,11.2156,1683.67
124,16,0,2,11.2023,1608.87
1970,16,0,2,11.1865,1515.79
344,16,0,3,11.463,3016.68,0.0798333,348.209,0.09,4
1819,16,0,3,11.4496,2923.16
335,16,0,3,11.4446,2894.21
2114,16,0,3,11.4293,2813.42
329,16,0,3,11.4268,2798.36
2116,16,0,3,11.4216,2771.49
327,16,0,3,11.4071,2692.82
324,16,0,3,11.4028,2670.31
319,16,0,3,11.3734,2515.22
320,16,0,3,11.3608,2429.52
849,16,0,4,11.6623,4041.33,0.0695,303.138,0.23,5
1774,16,0,4,11.6587,4021.33
837,16,0,4,11.6465,3950.88
2010,16,0,4,11.6379,3902.59
2009,16,0,4,11.6158,3782.16
819,16,0,4,11.6087,3734.66
811,16,0,4,11.5875,3616.05
805,16,0,4,11.584,3596.61
358,16,0,4,11.5734,3537.1
349,16,0,4,11.5559,3446.49
344,16,0,4,11.5428,3364.89
2176,16,0,5,11.7894,4714.13,0.0568333,247.89,0.16,6
2066,16,0,5,11.7792,4647.02
869,16,0,5,11.7686,4572
865,16,0,5,11.7521,4478.9
852,16,0,5,11.7453,4436.92
850,16,0,5,11.7393,4393.94
849,16,0,5,11.7318,4344.46
869,16,0,6,11.9043,5271.13,0.0495,215.904,0.11,7
2066,16,0,6,11.8833,5161.57
1297,16,0,6,11.8563,5018.81
1298,16,0,6,11.8528,5001.38
2176,16,0,6,11.8462,4962.02
1306,16,0,7,12.0072,5816.59,0.0833333,363.475,0.03,8
1599,16,0,7,11.9912,5727.15
1300,16,0,7,11.9874,5701.43
1298,16,0,7,11.9812,5668.52
2176,16,0,7,11.9746,5629.16
2066,16,0,7,11.9644,5562.05
869,16,0,7,11.9538,5487.03
850,16,0,8,12.1979,6782.38,0.1105,481.968,0.03,9
852,16,0,8,12.1904,6737.74
865,16,0,8,12.1837,6695.9
869,16,0,8,12.1698,6606.85
2066,16,0,8,12.1424,6470.91
1297,16,0,8,12.112,6313.32
1299,16,0,8,12.106,6279.78
1600,16,0,8,12.1045,6266.33
1306,16,0,8,12.0905,6180.07
819,16,0,9,12.3612,7605.19,0.0838333,365.656,0.48,10
2009,16,0,9,12.3545,7557.99
2010,16,0,9,12.3387,7457.14
837,16,0,9,12.3316,7411.19
1774,16,0,9,12.3172,7332.41
849,16,0,9,12.3141,7313.81
850,16,0,9,12.3084,7264.35
1968,16,0,10,12.7412,9624.65,0,0,0
118,16,0,10,12.7019,9427.37
117,16,0,10,12.6945,9389.98
122,16,0,10,12.6772,9303.06
1970,16,0,10,12.664,9236.5
124,16,0,10,12.6431,9123.83
105,16,0,10,12.6286,9044.15
1967,16,0,10,12.5913,8847.09
107,16,0,10,12.5861,8817.47
1978,16,0,10,12.577,8762.58
1979,16,0,10,12.5453,8553.39
329,16,0,10,12.5431,8535.95
2114,16,0,10,12.5386,8512.74
335,16,0,10,12.5281,8451.61
1819,16,0,10,12.5232,8422.67
344,16,0,10,12.5066,8325.42
349,16,0,10,12.4925,8242.33
358,16,0,10,12.48,8173.03
805,16,0,10,12.4686,8109.75
811,16,0,10,12.4668,8092.01
819,16,0,10,12.445,7970.85
320,17,0,0,11.4177,851.082,0.0905,394.734,0.38,1
1978,17,0,0,11.3991,730.88
107,17,0,0,11.3906,676.772
1967,17,0,0,11.3876,648.066
105,17,0,0,11.363,499.965
124,17,0,0,11.3497,425.166
1970,17,0,0,11.3339,332.084
122,17,0,0,11.321,266.81
117,17,0,0,11.3056,187.792
118,17,0,0,11.2978,149.07
1968,17,0,0,11.27,0
344,17,0,1,11.6103,1832.98,0.0798333,348.209,0.09,2
1819,17,0,1,11.597,1739.46
335,17,0,1,11.592,1710.51
2114,17,0,1,11.5767,1629.71
329,17,0,1,11.5741,1614.66
2116,17,0,1,11.569,1587.79
327,17,0,1,11.5545,1509.12
324,17,0,1,11.5502,1486.61
319,17,0,1,11.5208,1331.52
320,17,0,1,11.5082,1245.82
849,17,0,2,11.8097,2857.62,0.0695,303.138,0.23,3
1774,17,0,2,11.8061,2837.62
837,17,0,2,11.7938,2767.18
2010,17,0,2,11.7853,2718.88
2009,17,0,2,11.7631,2598.46
819,17,0,2,11.756,2550.96
811,17,0,2,11.7348,2432.35
805,17,0,2,11.7313,2412.91
358,17,0,2,11.7207,2353.4
349,17,0,2,11.7033,2262.79
344,17,0,2,11.6902,2181.19
2176,17,0,3,11.9367,3530.42,0.0568333,247.89,0.16,4
2066,17,0,3,11.9265,3463.31
869,17,0,3,11.916,3388.3
865,17,0,3,11.8995,3295.19
852,17,0,3,11.8926,3253.22
850,17,0,3,11.8867,3210.24
849,17,0,3,11.8792,3160.76
1306,17,0,4,12.0261,3965.75,0.0833333,363.475,0.03,5
1599,17,0,4,12.0102,3876.3
1300,17,0,4,12.0064,3850.58
1298,17,0,4,12.0002,3817.68
2176,17,0,4,11.9936,3778.31
869,17,0,5,12.1888,4756.01,0.0443333,193.369,0.11,6
2066,17,0,5,12.1614,4620.06
1297,17,0,5,12.1309,4462.48
1299,17,0,5,12.1249,4428.93
1600,17,0,5,12.1235,4415.48
1306,17,0,5,12.1095,4329.22
850,17,0,6,12.2612,5124.9,0.1105,481.968,0.03,7
852,17,0,6,12.2537,5080.27
865,17,0,6,12.247,5038.43
869,17,0,6,12.2331,4949.38
819,17,0,7,12.4244,5947.72,0.0838333,365.656,0.48,8
2009,17,0,7,12.4177,5900.51
2010,17,0,7,12.402,5799.67
837,17,0,7,12.3948,5753.71
1774,17,0,7,12.3805,5674.93
849,17,0,7,12.3774,5656.33
850,17,0,7,12.3717,5606.87
1970,17,0,8,12.7273,7579.03,0.0341667,149.025,0.09,9
124,17,0,8,12.7064,7466.35
105,17,0,8,12.6919,7386.67
1967,17,0,8,12.6546,7189.61
107,17,0,8,12.6494,7159.99
1978,17,0,8,12.6403,7105.1
1979,17,0,8,12.6086,6895.91
329,17,0,8,12.6064,6878.47
2114,17,0,8,12.6019,6855.26
335,17,0,8,12.5914,6794.13
1819,17,0,8,12.5865,6765.19
344,17,0,8,12.5699,6667.94
349,17,0,8,12.5558,6584.86
358,17,0,8,12.5433,6515.55
805,17,0,8,12.5319,6452.27
811,17,0,8,12.53,6434.53
819,17,0,8,12.5083,6313.37
1968,17,0,9,12.8386,8115.93,0,0,0
118,17,0,9,12.7991,7917.5
117,17,0,9,12.7919,7881.52
122,17,0,9,12.7747,7794.61
1970,17,0,9,12.7615,7728.05
105,17,1,0,9.98826,522.901,0.1085,473.244,0.3,1
124,17,1,0,9.97272,438.596
1970,17,1,0,9.95717,345.923
122,17,1,0,9.9444,281.164
117,17,1,0,9.92485,184.747
118,17,1,0,9.91805,150.127
1968,17,1,0,9.89,0
1968,17,1,1,10.1972,1525.79,0,0,0
118,17,1,1,10.1647,1356.71
117,17,1,1,10.1574,1320.07
122,17,1,1,10.1408,1235.7
1970,17,1,1,10.1288,1174.12
124,17,1,1,10.1095,1068.77
105,17,1,1,10.0968,996.145
320,18,0,0,11.4677,851.082,0.0905,394.734,0.38,1
1978,18,0,0,11.4491,730.88
107,18,0,0,11.4406,676.772
1967,18,0,0,11.4376,648.066
105,18,0,0,11.413,499.965
124,18,0,0,11.3997,425.166
1970,18,0,0,11.3839,332.084
122,18,0,0,11.371,266.81
117,18,0,0,11.3556,187.792
118,18,0,0,11.3478,149.07
1968,18,0,0,11.32,0
344,18,0,1,11.6603,1832.98,0.0798333,348.209,0.09,2
1819,18,0,1,11.647,1739.46
335,18,0,1,11.642,1710.51
2114,18,0,1,11.6267,1629.71
329,18,0,1,11.6241,1614.66
2116,18,0,1,11.619,1587.79
327,18,0,1,11.6045,1509.12
324,18,0,1,11.6002,1486.61
319,18,0,1,11.5708,1331.52
320,18,0,1,11.5582,1245.82
2176,18,0,2,11.9172,3227.28,0.0568333,247.89,0.16,3
2066,18,0,2,11.907,3160.17
869,18,0,2,11.8965,3085.16
865,18,0,2,11.8799,2992.05
852,18,0,2,11.8731,2950.08
850,18,0,2,11.8672,2907.1
849,18,0,2,11.8597,2857.62
1774,18,0,2,11.8561,2837.62
837,18,0,2,11.8438,2767.18
2010,18,0,2,11.8353,2718.88
2009,18,0,2,11.8131,2598.46
819,18,0,2,11.806,2550.96
811,18,0,2,11.7848,2432.35
805,18,0,2,11.7813,2412.91
358,18,0,2,11.7707,2353.4
349,18,0,2,11.7533,2262.79
344,18,0,2,11.7402,2181.19
1306,18,0,3,12.0066,3662.61,0.0833333,363.475,0.03,4
1599,18,0,3,11.9907,3573.16
1300,18,0,3,11.9869,3547.45
1298,18,0,3,11.9807,3514.54
2176,18,0,3,11.9741,3475.17
869,18,0,4,12.1693,4452.87,0.0443333,193.369,0.11,5
2066,18,0,4,12.1419,4316.92
1297,18,0,4,12.1114,4159.34
1299,18,0,4,12.1054,4125.79
1600,18,0,4,12.104,4112.35
1306,18,0,4,12.09,4026.08
850,18,0,5,12.2417,4821.76,0.1105,481.968,0.03,6
852,18,0,5,12.2342,4777.13
865,18,0,5,12.2275,4735.29
869,18,0,5,12.2136,4646.24
849,18,0,6,12.3579,5353.19,0.0775,338.032,0.22,7
850,18,0,6,12.3522,5303.73
819,18,0,7,12.4824,5982.61,0.0838333,365.656,0.48,8
2009,18,0,7,12.4757,5935.4
2010,18,0,7,12.46,5834.56
837,18,0,7,12.4528,5788.6
1774,18,0,7,12.4385,5709.83
849,18,0,7,12.4354,5691.23
1970,18,0,8,12.7853,7613.92,0.0341667,149.025,0.09,9
124,18,0,8,12.7644,7501.24
105,18,0,8,12.7499,7421.57
1967,18,0,8,12.7126,7224.51
107,18,0,8,12.7074,7194.89
1978,18,0,8,12.6983,7139.99
1979,18,0,8,12.6666,6930.81
329,18,0,8,12.6644,6913.36
2114,18,0,8,12.6599,6890.16
335,18,0,8,12.6494,6829.02
1819,18,0,8,12.6445,6800.08
344,18,0,8,12.6279,6702.83
349,18,0,8,12.6138,6619.75
358,18,0,8,12.6013,6550.45
805,18,0,8,12.5899,6487.16
811,18,0,8,12.588,6469.43
819,18,0,8,12.5663,6348.26
1968,18,0,9,12.8966,8150.82,0,0,0
118,18,0,9,12.8571,7952.39
117,18,0,9,12.8499,7916.42
122,18,0,9,12.8327,7829.5
1970,18,0,9,12.8195,7762.95
105,18,1,0,9.90826,522.901,0.1085,473.244,0.3,1
124,18,1,0,9.89272,438.596
1970,18,1,0,9.87717,345.923
122,18,1,0,9.8644,281.164
117,18,1,0,9.84485,184.747
118,18,1,0,9.83805,150.127
1968,18,1,0,9.81,0
1968,18,1,1,10.1172,1525.79,0,0,0
118,18,1,1,10.0847,1356.71
117,18,1,1,10.0774,1320.07
122,18,1,1,10.0608,1235.7
1970,18,1,1,10.0488,1174.12
124,18,1,1,10.0295,1068.77
105,18,1,1,10.0168,996.145
320,19,0,0,11.4677,851.082,0.0905,394.734,0.38,1
1978,19,0,0,11.4491,730.88
107,19,0,0,11.4406,676.772
1967,19,0,0,11.4376,648.066
105,19,0,0,11.413,499.965
124,19,0,0,11.3997,425.166
1970,19,0,0,11.3839,332.084
122,19,0,0,11.371,266.81
117,19,0,0,11.3556,187.792
118,19,0,0,11.3478,149.07
1968,19,0,0,11.32,0
344,19,0,1,11.6603,1832.98,0.0798333,348.209,0.09,2
1819,19,0,1,11.647,1739.46
335,19,0,1,11.642,1710.51
2114,19,0,1,11.6267,1629.71
329,19,0,1,11.6241,1614.66
2116,19,0,1,11.619,1587.79
327,19,0,1,11.6045,1509.12
324,19,0,1,11.6002,1486.61
319,19,0,1,11.5708,1331.52
320,19,0,1,11.5582,1245.82
2176,19,0,2,11.9172,3227.28,0.0568333,247.89,0.16,3
2066,19,0,2,11.907,3160.17
869,19,0,2,11.8965,3085.16
865,19,0,2,11.8799,2992.05
852,19,0,2,11.8731,2950.08
850,19,0,2,11.8672,2907.1
849,19,0,2,11.8597,2857.62
1774,19,0,2,11.8561,2837.62
837,19,0,2,11.8438,2767.18
2010,19,0,2,11.8353,2718.88
2009,19,0,2,11.8131,2598.46
819,19,0,2,11.806,2550.96
811,19,0,2,11.7848,2432.35
805,19,0,2,11.7813,2412.91
358,19,0,2,11.7707,2353.4
349,19,0,2,11.7533,2262.79
344,19,0,2,11.7402,2181.19
1306,19,0,3,12.0066,3662.61,0.0833333,363.475,0.03,4
1599,19,0,3,11.9907,3573.16
1300,19,0,3,11.9869,3547.45
1298,19,0,3,11.9807,3514.54
2176,19,0,3,11.9741,3475.17
869,19,0,4,12.1693,4452.87,0.0443333,193.369,0.11,5
2066,19,0,4,12.1419,4316.92
1297,19,0,4,12.1114,4159.34
1299,19,0,4,12.1054,4125.79
1600,19,0,4,12.104,4112.35
1306,19,0,4,12.09,4026.08
850,19,0,5,12.2417,4821.76,0.1105,481.968,0.03,6
852,19,0,5,12.2342,4777.13
865,19,0,5,12.2275,4735.29
869,19,0,5,12.2136,4646.24
849,19,0,6,12.3579,5353.19,0.0775,338.032,0.22,7
850,19,0,6,12.3522,5303.73
819,19,0,7,12.4824,5982.61,0.0838333,365.656,0.48,8
2009,19,0,7,12.4757,5935.4
2010,19,0,7,12.46,5834.56
837,19,0,7,12.4528,5788.6
1774,19,0,7,12.4385,5709.83
849,19,0,7,12.4354,5691.23
1968,19,0,8,12.8625,8002.06,0,0,0
118,19,0,8,12.8232,7804.78
117,19,0,8,12.8158,7767.39
122,19,0,8,12.7985,7680.48
1970,19,0,8,12.7853,7613.92
124,19,0,8,12.7644,7501.24
105,19,0,8,12.7499,7421.57
1967,19,0,8,12.7126,7224.51
107,19,0,8,12.7074,7194.89
1978,19,0,8,12.6983,7139.99
1979,19,0,8,12.6666,6930.81
329,19,0,8,12.6644,6913.36
2114,19,0,8,12.6599,6890.16
335,19,0,8,12.6494,6829.02
1819,19,0,8,12.6445,6800.08
344,19,0,8,12.6279,6702.83
349,19,0,8,12.6138,6619.75
358,19,0,8,12.6013,6550.45
805,19,0,8,12.5899,6487.16
811,19,0,8,12.588,6469.43
819,19,0,8,12.5663,6348.26
105,19,1,0,9.98826,522.901,0.1085,473.244,0.3,1
124,19,1,0,9.97272,438.596
1970,19,1,0,9.95717,345.923
122,19,1,0,9.9444,281.164
117,19,1,0,9.92485,184.747
118,19,1,0,9.91805,150.127
1968,19,1,0,9.89,0
1970,19,1,1,10.1288,1174.12,0.0656667,286.418,0.08,2
124,19,1,1,10.1095,1068.77
105,19,1,1,10.0968,996.145
1968,19,1,2,10.2629,1812.21,0,0,0
118,19,1,2,10.2304,1643.13
117,19,1,2,10.2231,1606.49
122,19,1,2,10.2064,1522.12
1970,19,1,2,10.1944,1460.54
320,20,0,0,11.5177,851.082,0.0905,394.734,0.38,1
1978,20,0,0,11.4991,730.88
107,20,0,0,11.4906,676.772
1967,20,0,0,11.4876,648.066
105,20,0,0,11.463,499.965
124,20,0,0,11.4497,425.166
1970,20,0,0,11.4339,332.084
122,20,0,0,11.421,266.81
117,20,0,0,11.4056,187.792
118,20,0,0,11.3978,149.07
1968,20,0,0,11.37,0
344,20,0,1,11.7103,1832.98,0.0798333,348.209,0.09,2
1819,20,0,1,11.697,1739.46
335,20,0,1,11.692,1710.51
2114,20,0,1,11.6767,1629.71
329,20,0,1,11.6741,1614.66
2116,20,0,1,11.669,1587.79
327,20,0,1,11.6545,1509.12
324,20,0,1,11.6502,1486.61
319,20,0,1,11.6208,1331.52
320,20,0,1,11.6082,1245.82
869,20,0,2,11.9465,3085.16,0.0495,215.904,0.11,3
865,20,0,2,11.9299,2992.05
852,20,0,2,11.9231,2950.08
850,20,0,2,11.9172,2907.1
849,20,0,2,11.9097,2857.62
1774,20,0,2,11.9061,2837.62
837,20,0,2,11.8938,2767.18
2010,20,0,2,11.8853,2718.88
2009,20,0,2,11.8631,2598.46
819,20,0,2,11.856,2550.96
811,20,0,2,11.8348,2432.35
805,20,0,2,11.8313,2412.91
358,20,0,2,11.8207,2353.4
349,20,0,2,11.8033,2262.79
344,20,0,2,11.7902,2181.19
2176,20,0,3,12.0167,3443.19,0.0963333,420.177,0.14,4
2066,20,0,3,12.0065,3376.08
869,20,0,3,11.996,3301.06
1306,20,0,4,12.1468,4054.6,0.0833333,363.475,0.03,5
1599,20,0,4,12.1293,3958.15
1300,20,0,4,12.1249,3931.73
1298,20,0,4,12.1196,3902.55
2176,20,0,4,12.1131,3863.37
850,20,0,5,12.3376,5020.39,0.1105,481.968,0.03,6
852,20,0,5,12.3301,4975.75
865,20,0,5,12.3233,4933.91
869,20,0,5,12.3095,4844.86
2066,20,0,5,12.2821,4708.92
1297,20,0,5,12.2517,4551.33
1299,20,0,5,12.2456,4517.79
1600,20,0,5,12.2442,4504.34
1306,20,0,5,12.2302,4418.08
849,20,0,6,12.4538,5551.82,0.0775,338.032,0.22,7
850,20,0,6,12.4481,5502.36
819,20,0,7,12.5783,6181.23,0.0838333,365.656,0.48,8
2009,20,0,7,12.5716,6134.03
2010,20,0,7,12.5559,6033.18
837,20,0,7,12.5487,5987.23
1774,20,0,7,12.5344,5908.45
849,20,0,7,12.5313,5889.85
1970,20,0,8,12.8812,7812.54,0.0341667,149.025,0.09,9
124,20,0,8,12.8603,7699.87
105,20,0,8,12.8458,7620.19
1967,20,0,8,12.8085,7423.13
107,20,0,8,12.8032,7393.51
1978,20,0,8,12.7942,7338.62
1979,20,0,8,12.7624,7129.43
329,20,0,8,12.7603,7111.99
2114,20,0,8,12.7557,7088.78
335,20,0,8,12.7453,7027.65
1819,20,0,8,12.7403,6998.71
344,20,0,8,12.7238,6901.46
349,20,0,8,12.7097,6818.37
358,20,0,8,12.6972,6749.07
805,20,0,8,12.6857,6685.79
811,20,0,8,12.6839,6668.05
819,20,0,8,12.6622,6546.89
1968,20,0,9,12.9924,8349.44,0,0,0
118,20,0,9,12.9529,8151.02
117,20,0,9,12.9458,8115.04
122,20,0,9,12.9286,8028.12
1970,20,0,9,12.9154,7961.57
105,20,1,0,9.92826,522.901,0.1085,473.244,0.3,1
124,20,1,0,9.91272,438.596
1970,20,1,0,9.89717,345.923
122,20,1,0,9.8844,281.164
117,20,1,0,9.86485,184.747
118,20,1,0,9.85805,150.127
1968,20,1,0,9.83,0
1968,20,1,1,10.1372,1525.79,0,0,0
118,20,1,1,10.1047,1356.71
117,20,1,1,10.0974,1320.07
122,20,1,1,10.0808,1235.7
1970,20,1,1,10.0688,1174.12
124,20,1,1,10.0495,1068.77
105,20,1,1,10.0368,996.145
320,21,0,0,11.5577,851.082,0.0905,394.734,0.38,1
1978,21,0,0,11.5391,730.88
107,21,0,0,11.5306,676.772
1967,21,0,0,11.5276,648.066
105,21,0,0,11.503,499.965
124,21,0,0,11.4897,425.166
1970,21,0,0,11.4739,332.084
122,21,0,0,11.461,266.81
117,21,0,0,11.4456,187.792
118,21,0,0,11.4378,149.07
1968,21,0,0,11.41,0
344,21,0,1,11.7503,1832.98,0.0798333,348.209,0.09,2
1819,21,0,1,11.737,1739.46
335,21,0,1,11.732,1710.51
2114,21,0,1,11.7167,1629.71
329,21,0,1,11.7141,1614.66
2116,21,0,1,11.709,1587.79
327,21,0,1,11.6945,1509.12
324,21,0,1,11.6902,1486.61
319,21,0,1,11.6608,1331.52
320,21,0,1,11.6482,1245.82
2176,21,0,2,12.0072,3227.28,0.0963333,420.177,0.14,3
2066,21,0,2,11.997,3160.17
869,21,0,2,11.9865,3085.16
865,21,0,2,11.9699,2992.05
852,21,0,2,11.9631,2950.08
850,21,0,2,11.9572,2907.1
849,21,0,2,11.9497,2857.62
1774,21,0,2,11.9461,2837.62
837,21,0,2,11.9338,2767.18
2010,21,0,2,11.9253,2718.88
2009,21,0,2,11.9031,2598.46
819,21,0,2,11.896,2550.96
811,21,0,2,11.8748,2432.35
805,21,0,2,11.8713,2412.91
358,21,0,2,11.8607,2353.4
349,21,0,2,11.8433,2262.79
344,21,0,2,11.8302,2181.19
1306,21,0,3,12.1373,3838.7,0.0833333,363.475,0.03,4
1599,21,0,3,12.1198,3742.25
1300,21,0,3,12.1154,3715.82
1298,21,0,3,12.1101,3686.64
2176,21,0,3,12.1036,3647.46
869,21,0,4,12.3,4628.96,0.0443333,193.369,0.11,5
2066,21,0,4,12.2726,4493.01
1297,21,0,4,12.2422,4335.43
1299,21,0,4,12.2361,4301.88
1600,21,0,4,12.2347,4288.43
1306,21,0,4,12.2207,4202.17
850,21,0,5,12.3724,4997.85,0.1105,481.968,0.03,6
852,21,0,5,12.3649,4953.22
865,21,0,5,12.3582,4911.38
869,21,0,5,12.3443,4822.33
849,21,0,6,12.4886,5529.28,0.0775,338.032,0.22,7
850,21,0,6,12.4829,5479.82
819,21,0,7,12.6132,6158.7,0.0838333,365.656,0.48,8
2009,21,0,7,12.6065,6111.49
2010,21,0,7,12.5907,6010.65
837,21,0,7,12.5836,5964.69
1774,21,0,7,12.5692,5885.92
849,21,0,7,12.5661,5867.31
1968,21,0,8,12.9932,8178.15,0,0,0
118,21,0,8,12.9539,7980.87
117,21,0,8,12.9465,7943.48
122,21,0,8,12.9292,7856.56
1970,21,0,8,12.916,7790.01
124,21,0,8,12.8951,7677.33
105,21,0,8,12.8807,7597.66
1967,21,0,8,12.8433,7400.6
107,21,0,8,12.8381,7370.98
1978,21,0,8,12.829,7316.08
1979,21,0,8,12.7973,7106.9
329,21,0,8,12.7951,7089.45
2114,21,0,8,12.7906,7066.25
335,21,0,8,12.7801,7005.11
1819,21,0,8,12.7752,6976.17
344,21,0,8,12.7586,6878.92
349,21,0,8,12.7445,6795.84
358,21,0,8,12.732,6726.54
805,21,0,8,12.7206,6663.25
811,21,0,8,12.7188,6645.52
819,21,0,8,12.697,6524.35
105,21,1,0,9.90826,522.901,0.1085,473.244,0.3,1
124,21,1,0,9.89272,438.596
1970,21,1,0,9.87717,345.923
122,21,1,0,9.8644,281.164
117,21,1,0,9.84485,184.747
118,21,1,0,9.83805,150.127
1968,21,1,0,9.81,0
1970,21,1,1,10.0488,1174.12,0.0656667,286.418,0.08,2
124,21,1,1,10.0295,1068.77
105,21,1,1,10.0168,996.145
1968,21,1,2,10.1829,1812.21,0,0,0
118,21,1,2,10.1504,1643.13
117,21,1,2,10.1431,1606.49
122,21,1,2,10.1264,1522.12
1970,21,1,2,10.1144,1460.54
344,22,0,0,11.6036,1213.94,0.0798333,348.209,0.09,1
1819,22,0,0,11.5902,1120.41
335,22,0,0,11.5852,1091.46
2114,22,0,0,11.5699,1010.67
329,22,0,0,11.5674,995.611
1979,22,0,0,11.5615,965.863
1978,22,0,0,11.5191,730.88
107,22,0,0,11.5106,676.772
1967,22,0,0,11.5076,648.066
105,22,0,0,11.483,499.965
124,22,0,0,11.4697,425.166
1970,22,0,0,11.4539,332.084
122,22,0,0,11.441,266.81
117,22,0,0,11.4256,187.792
118,22,0,0,11.4178,149.07
1968,22,0,0,11.39,0
849,22,0,1,11.8029,2238.58,0.0695,303.138,0.23,2
1774,22,0,1,11.7993,2218.58
837,22,0,1,11.7871,2148.13
2010,22,0,1,11.7785,2099.84
2009,22,0,1,11.7564,1979.41
819,22,0,1,11.7493,1931.92
811,22,0,1,11.7281,1813.3
805,22,0,1,11.7246,1793.87
358,22,0,1,11.714,1734.36
349,22,0,1,11.6965,1643.75
344,22,0,1,11.6834,1562.15
2176,22,0,2,11.93,2911.38,0.0568333,247.89,0.16,3
2066,22,0,2,11.9198,2844.27
869,22,0,2,11.9092,2769.25
865,22,0,2,11.8927,2676.15
852,22,0,2,11.8859,2634.18
850,22,0,2,11.8799,2591.19
849,22,0,2,11.8724,2541.72
1306,22,0,3,12.0194,3346.7,0.0833333,363.475,0.03,4
1599,22,0,3,12.0034,3257.26
1300,22,0,3,11.9996,3231.54
1298,22,0,3,11.9935,3198.63
2176,22,0,3,11.9868,3159.27
869,22,0,4,12.182,4136.96,0.0443333,193.369,0.11,5
2066,22,0,4,12.1547,4001.02
1297,22,0,4,12.1242,3843.43
1299,22,0,4,12.1182,3809.89
1600,22,0,4,12.1167,3796.44
1306,22,0,4,12.1027,3710.18
850,22,0,5,12.2544,4505.86,0.1105,481.968,0.03,6
852,22,0,5,12.2469,4461.22
865,22,0,5,12.2402,4419.38
869,22,0,5,12.2264,4330.33
819,22,0,6,12.4177,5328.67,0.0838333,365.656,0.48,7
2009,22,0,6,12.411,5281.47
2010,22,0,6,12.3953,5180.62
837,22,0,6,12.3881,5134.67
1774,22,0,6,12.3737,5055.89
849,22,0,6,12.3706,5037.29
850,22,0,6,12.3649,4987.83
1970,22,0,7,12.7206,6959.98,0.0341667,149.025,0.09,8
124,22,0,7,12.6996,6847.31
105,22,0,7,12.6852,6767.63
1967,22,0,7,12.6478,6570.57
107,22,0,7,12.6426,6540.95
1978,22,0,7,12.6336,6486.06
1979,22,0,7,12.6018,6276.87
329,22,0,7,12.5997,6259.42
2114,22,0,7,12.5951,6236.22
335,22,0,7,12.5847,6175.08
1819,22,0,7,12.5797,6146.15
344,22,0,7,12.5632,6048.89
349,22,0,7,12.5491,5965.81
358,22,0,7,12.5366,5896.51
805,22,0,7,12.5251,5833.23
811,22,0,7,12.5233,5815.49
819,22,0,7,12.5015,5694.33
1968,22,0,8,12.8318,7496.88,0,0,0
118,22,0,8,12.7923,7298.46
117,22,0,8,12.7852,7262.48
122,22,0,8,12.7679,7175.56
1970,22,0,8,12.7547,7109.01
320,22,1,0,9.83409,875.602,0.084,366.383,0.32,1
1978,22,1,0,9.81514,755.022
107,22,1,0,9.80642,700.585
1967,22,1,0,9.80341,671.88
105,22,1,0,9.77826,522.901
124,22,1,0,9.76272,438.596
1970,22,1,0,9.74717,345.923
122,22,1,0,9.7344,281.164
117,22,1,0,9.71485,184.747
118,22,1,0,9.70805,150.127
1968,22,1,0,9.68,0
105,22,1,1,9.98898,1639.24,0.1085,473.244,0.3,2
1967,22,1,1,9.95377,1451.36
107,22,1,1,9.94828,1420.63
1978,22,1,1,9.93855,1364.65
320,22,1,1,9.91809,1241.98
1968,22,1,2,10.1979,2642.13,0,0,0
118,22,1,2,10.1654,2473.05
117,22,1,2,10.1581,2436.41
122,22,1,2,10.1415,2352.05
1970,22,1,2,10.1295,2290.47
124,22,1,2,10.1103,2185.11
105,22,1,2,10.0975,2112.49
2176,23,0,0,11.937,2151.6,0.0568333,247.89,0.16,1
2066,23,0,0,11.9266,2084.26
869,23,0,0,11.9152,2008.63
1856,23,0,0,11.8869,1878.96
855,23,0,0,11.8867,1878.25
843,23,0,0,11.8729,1798.75
832,23,0,0,11.8621,1737.49
831,23,0,0,11.8542,1696.96
2153,23,0,0,11.8542,1696.88
821,23,0,0,11.8413,1632.02
2008,23,0,0,11.8328,1589.23
812,23,0,0,11.8156,1494.65
807,23,0,0,11.8155,1493.87
356,23,0,0,11.8002,1412.75
1981,23,0,0,11.7879,1329.24
345,23,0,0,11.7662,1219.17
341,23,0,0,11.7568,1168.93
2132,23,0,0,11.7565,1166.89
328,23,0,0,11.7427,1075.3
2115,23,0,0,11.7313,1016.31
329,23,0,0,11.7274,995.611
1979,23,0,0,11.7215,965.863
1978,23,0,0,11.6791,730.88
107,23,0,0,11.6706,676.772
1967,23,0,0,11.6676,648.066
105,23,0,0,11.643,499.965
124,23,0,0,11.6297,425.166
1970,23,0,0,11.6139,332.084
122,23,0,0,11.601,266.81
117,23,0,0,11.5856,187.792
118,23,0,0,11.5778,149.07
1968,23,0,0,11.55,0
1306,23,0,1,12.0264,2586.93,0.0833333,363.475,0.03,2
1599,23,0,1,12.0105,2497.48
1300,23,0,1,12.0067,2471.76
1298,23,0,1,12.0005,2438.85
2176,23,0,1,11.9939,2399.49
869,23,0,2,12.1891,3377.19,0.0443333,193.369,0.11,3
2066,23,0,2,12.1617,3241.24
1297,23,0,2,12.1312,3083.66
1299,23,0,2,12.1252,3050.11
1600,23,0,2,12.1238,3036.66
1306,23,0,2,12.1098,2950.4
850,23,0,3,12.2615,3746.08,0.1105,481.968,0.03,4
852,23,0,3,12.254,3701.45
865,23,0,3,12.2473,3659.6
869,23,0,3,12.2334,3570.56
849,23,0,4,12.3777,4277.51,0.0775,338.032,0.22,5
850,23,0,4,12.372,4228.05
819,23,0,5,12.5022,4906.93,0.0838333,365.656,0.48,6
2009,23,0,5,12.4955,4859.72
2010,23,0,5,12.4798,4758.88
837,23,0,5,12.4726,4712.92
1774,23,0,5,12.4583,4634.14
849,23,0,5,12.4552,4615.54
344,23,0,6,12.6477,5627.15,0.0863333,376.56,0.09,7
349,23,0,6,12.6336,5544.07
358,23,0,6,12.6211,5474.76
805,23,0,6,12.6096,5411.48
811,23,0,6,12.6078,5393.74
819,23,0,6,12.5861,5272.58
1968,23,0,7,12.9685,7302.67,0,0,0
118,23,0,7,12.929,7104.25
117,23,0,7,12.9219,7068.27
122,23,0,7,12.9046,6981.35
1970,23,0,7,12.8914,6914.8
124,23,0,7,12.8705,6802.12
105,23,0,7,12.8561,6722.45
1967,23,0,7,12.8187,6525.38
107,23,0,7,12.8135,6495.76
1978,23,0,7,12.8045,6440.87
1979,23,0,7,12.7727,6231.68
329,23,0,7,12.7705,6214.24
2114,23,0,7,12.766,6191.03
335,23,0,7,12.7555,6129.9
1819,23,0,7,12.7506,6100.96
344,23,0,7,12.734,6003.71
1970,23,1,0,9.69717,345.923,0.051,222.447,0.09,1
122,23,1,0,9.6844,281.164
117,23,1,0,9.66485,184.747
118,23,1,0,9.65805,150.127
1968,23,1,0,9.63,0
320,23,1,1,9.83509,1098.05,0.084,366.383,0.32,2
1978,23,1,1,9.81614,977.469
107,23,1,1,9.80742,923.031
1967,23,1,1,9.80441,894.326
105,23,1,1,9.77926,745.348
124,23,1,1,9.76372,661.043
1970,23,1,1,9.74817,568.37
105,23,1,2,9.98998,1861.69,0.1085,473.244,0.3,3
1967,23,1,2,9.95477,1673.8
107,23,1,2,9.94928,1643.08
1978,23,1,2,9.93955,1587.09
320,23,1,2,9.91909,1464.43
1968,23,1,3,10.1989,2864.58,0,0,0
118,23,1,3,10.1664,2695.5
117,23,1,3,10.1591,2658.86
122,23,1,3,10.1425,2574.49
1970,23,1,3,10.1305,2512.91
124,23,1,3,10.1113,2407.56
105,23,1,3,10.0985,2334.93
2176,24,0,0,11.937,2151.6,0.0568333,247.89,0.16,1
2066,24,0,0,11.9266,2084.26
869,24,0,0,11.9152,2008.63
1856,24,0,0,11.8869,1878.96
855,24,0,0,11.8867,1878.25
843,24,0,0,11.8729,1798.75
832,24,0,0,11.8621,1737.49
831,24,0,0,11.8542,1696.96
2153,24,0,0,11.8542,1696.88
821,24,0,0,11.8413,1632.02
2008,24,0,0,11.8328,1589.23
812,24,0,0,11.8156,1494.65
807,24,0,0,11.8155,1493.87
356,24,0,0,11.8002,1412.75
1981,24,0,0,11.7879,1329.24
345,24,0,0,11.7662,1219.17
341,24,0,0,11.7568,1168.93
2132,24,0,0,11.7565,1166.89
328,24,0,0,11.7427,1075.3
2115,24,0,0,11.7313,1016.31
329,24,0,0,11.7274,995.611
1979,24,0,0,11.7215,965.863
1978,24,0,0,11.6791,730.88
107,24,0,0,11.6706,676.772
1967,24,0,0,11.6676,648.066
105,24,0,0,11.643,499.965
124,24,0,0,11.6297,425.166
1970,24,0,0,11.6139,332.084
122,24,0,0,11.601,266.81
117,24,0,0,11.5856,187.792
118,24,0,0,11.5778,149.07
1968,24,0,0,11.55,0
1306,24,0,1,12.0264,2586.93,0.0833333,363.475,0.03,2
1599,24,0,1,12.0105,2497.48
1300,24,0,1,12.0067,2471.76
1298,24,0,1,12.0005,2438.85
2176,24,0,1,11.9939,2399.49
869,24,0,2,12.1891,3377.19,0.0443333,193.369,0.11,3
2066,24,0,2,12.1617,3241.24
1297,24,0,2,12.1312,3083.66
1299,24,0,2,12.1252,3050.11
1600,24,0,2,12.1238,3036.66
1306,24,0,2,12.1098,2950.4
850,24,0,3,12.2615,3746.08,0.1105,481.968,0.03,4
852,24,0,3,12.254,3701.45
865,24,0,3,12.2473,3659.6
869,24,0,3,12.2334,3570.56
849,24,0,4,12.3777,4277.51,0.0775,338.032,0.22,5
850,24,0,4,12.372,4228.05
819,24,0,5,12.5022,4906.93,0.0838333,365.656,0.48,6
2009,24,0,5,12.4955,4859.72
2010,24,0,5,12.4798,4758.88
837,24,0,5,12.4726,4712.92
1774,24,0,5,12.4583,4634.14
849,24,0,5,12.4552,4615.54
344,24,0,6,12.6477,5627.15,0.0863333,376.56,0.09,7
349,24,0,6,12.6336,5544.07
358,24,0,6,12.6211,5474.76
805,24,0,6,12.6096,5411.48
811,24,0,6,12.6078,5393.74
819,24,0,6,12.5861,5272.58
1968,24,0,7,12.9685,7302.67,0,0,0
118,24,0,7,12.929,7104.25
117,24,0,7,12.9219,7068.27
122,24,0,7,12.9046,6981.35
1970,24,0,7,12.8914,6914.8
124,24,0,7,12.8705,6802.12
105,24,0,7,12.8561,6722.45
1967,24,0,7,12.8187,6525.38
107,24,0,7,12.8135,6495.76
1978,24,0,7,12.8045,6440.87
1979,24,0,7,12.7727,6231.68
329,24,0,7,12.7705,6214.24
2114,24,0,7,12.766,6191.03
335,24,0,7,12.7555,6129.9
1819,24,0,7,12.7506,6100.96
344,24,0,7,12.734,6003.71
320,24,1,0,9.78409,875.602,0.084,366.383,0.32,1
1978,24,1,0,9.76514,755.022
107,24,1,0,9.75642,700.585
1967,24,1,0,9.75341,671.88
105,24,1,0,9.72826,522.901
124,24,1,0,9.71272,438.596
1970,24,1,0,9.69717,345.923
122,24,1,0,9.6844,281.164
117,24,1,0,9.66485,184.747
118,24,1,0,9.65805,150.127
1968,24,1,0,9.63,0
105,24,1,1,9.93898,1639.24,0.1085,473.244,0.3,2
1967,24,1,1,9.90377,1451.36
107,24,1,1,9.89828,1420.63
1978,24,1,1,9.88855,1364.65
320,24,1,1,9.86809,1241.98
1970,24,1,2,10.0795,2290.47,0.0656667,286.418,0.08,3
124,24,1,2,10.0603,2185.11
105,24,1,2,10.0475,2112.49
1968,24,1,3,10.2136,2928.55,0,0,0
118,24,1,3,10.1811,2759.47
117,24,1,3,10.1738,2722.83
122,24,1,3,10.1572,2638.47
1970,24,1,3,10.1451,2576.89
344,25,0,0,11.6736,1213.94,0.0798333,348.209,0.09,1
1819,25,0,0,11.6602,1120.41
335,25,0,0,11.6552,1091.46
2114,25,0,0,11.6399,1010.67
329,25,0,0,11.6374,995.611
1979,25,0,0,11.6315,965.863
1978,25,0,0,11.5891,730.88
107,25,0,0,11.5806,676.772
1967,25,0,0,11.5776,648.066
105,25,0,0,11.553,499.965
124,25,0,0,11.5397,425.166
1970,25,0,0,11.5239,332.084
122,25,0,0,11.511,266.81
117,25,0,0,11.4956,187.792
118,25,0,0,11.4878,149.07
1968,25,0,0,11.46,0
2176,25,0,1,11.9305,2608.24,0.0568333,247.89,0.16,2
2066,25,0,1,11.9203,2541.13
869,25,0,1,11.9097,2466.11
865,25,0,1,11.8932,2373.01
852,25,0,1,11.8864,2331.04
850,25,0,1,11.8804,2288.05
849,25,0,1,11.8729,2238.58
1774,25,0,1,11.8693,2218.58
837,25,0,1,11.8571,2148.13
2010,25,0,1,11.8485,2099.84
2009,25,0,1,11.8264,1979.41
819,25,0,1,11.8193,1931.92
811,25,0,1,11.7981,1813.3
805,25,0,1,11.7946,1793.87
358,25,0,1,11.784,1734.36
349,25,0,1,11.7665,1643.75
344,25,0,1,11.7534,1562.15
1306,25,0,2,12.0199,3043.56,0.0833333,363.475,0.03,3
1599,25,0,2,12.0039,2954.12
1300,25,0,2,12.0001,2928.4
1298,25,0,2,11.9939,2895.49
2176,25,0,2,11.9873,2856.13
869,25,0,3,12.1825,3833.82,0.0443333,193.369,0.11,4
2066,25,0,3,12.1552,3697.88
1297,25,0,3,12.1247,3540.3
1299,25,0,3,12.1187,3506.75
1600,25,0,3,12.1172,3493.3
1306,25,0,3,12.1032,3407.04
850,25,0,4,12.2549,4202.72,0.1105,481.968,0.03,5
852,25,0,4,12.2474,4158.08
865,25,0,4,12.2407,4116.24
869,25,0,4,12.2269,4027.19
849,25,0,5,12.3711,4734.15,0.0775,338.032,0.22,6
850,25,0,5,12.3654,4684.69
819,25,0,6,12.4957,5363.56,0.0838333,365.656,0.48,7
2009,25,0,6,12.489,5316.36
2010,25,0,6,12.4733,5215.52
837,25,0,6,12.4661,5169.56
1774,25,0,6,12.4517,5090.78
849,25,0,6,12.4486,5072.18
1968,25,0,7,12.8757,7383.02,0,0,0
118,25,0,7,12.8365,7185.74
117,25,0,7,12.829,7148.35
122,25,0,7,12.8118,7061.43
1970,25,0,7,12.7986,6994.88
124,25,0,7,12.7776,6882.2
105,25,0,7,12.7632,6802.52
1967,25,0,7,12.7258,6605.46
107,25,0,7,12.7206,6575.84
1978,25,0,7,12.7116,6520.95
1979,25,0,7,12.6798,6311.76
329,25,0,7,12.6777,6294.32
2114,25,0,7,12.6731,6271.11
335,25,0,7,12.6627,6209.98
1819,25,0,7,12.6577,6181.04
344,25,0,7,12.6412,6083.79
349,25,0,7,12.6271,6000.71
358,25,0,7,12.6146,5931.4
805,25,0,7,12.6031,5868.12
811,25,0,7,12.6013,5850.38
819,25,0,7,12.5795,5729.22
320,25,1,0,9.83409,875.602,0.084,366.383,0.32,1
1978,25,1,0,9.81514,755.022
107,25,1,0,9.80642,700.585
1967,25,1,0,9.80341,671.88
105,25,1,0,9.77826,522.901
124,25,1,0,9.76272,438.596
1970,25,1,0,9.74717,345.923
122,25,1,0,9.7344,281.164
117,25,1,0,9.71485,184.747
118,25,1,0,9.70805,150.127
1968,25,1,0,9.68,0
105,25,1,1,9.98898,1639.24,0.1085,473.244,0.3,2
1967,25,1,1,9.95377,1451.36
107,25,1,1,9.94828,1420.63
1978,25,1,1,9.93855,1364.65
320,25,1,1,9.91809,1241.98
1970,25,1,2,10.1295,2290.47,0.0656667,286.418,0.08,3
124,25,1,2,10.1103,2185.11
105,25,1,2,10.0975,2112.49
1968,25,1,3,10.2636,2928.55,0,0,0
118,25,1,3,10.2311,2759.47
117,25,1,3,10.2238,2722.83
122,25,1,3,10.2072,2638.47
1970,25,1,3,10.1951,2576.89
344,26,0,0,11.7536,1213.94,0.0798333,348.209,0.09,1
1819,26,0,0,11.7402,1120.41
335,26,0,0,11.7352,1091.46
2114,26,0,0,11.7199,1010.67
329,26,0,0,11.7174,995.611
1979,26,0,0,11.7115,965.863
1978,26,0,0,11.6691,730.88
107,26,0,0,11.6606,676.772
1967,26,0,0,11.6576,648.066
105,26,0,0,11.633,499.965
124,26,0,0,11.6197,425.166
1970,26,0,0,11.6039,332.084
122,26,0,0,11.591,266.81
117,26,0,0,11.5756,187.792
118,26,0,0,11.5678,149.07
1968,26,0,0,11.54,0
849,26,0,1,11.9529,2238.58,0.0695,303.138,0.23,2
1774,26,0,1,11.9493,2218.58
837,26,0,1,11.9371,2148.13
2010,26,0,1,11.9285,2099.84
2009,26,0,1,11.9064,1979.41
819,26,0,1,11.8993,1931.92
811,26,0,1,11.8781,1813.3
805,26,0,1,11.8746,1793.87
358,26,0,1,11.864,1734.36
349,26,0,1,11.8465,1643.75
344,26,0,1,11.8334,1562.15
850,26,0,2,12.0298,2591.04,0.1105,481.968,0.03,3
849,26,0,2,12.0224,2541.72
869,26,0,3,12.1672,3247.46,0.0443333,193.369,0.11,4
865,26,0,3,12.1524,3157.24
852,26,0,3,12.1462,3115.99
850,26,0,3,12.1403,3073
2176,26,0,4,12.2326,3583.14,0.0963333,420.177,0.14,5
2066,26,0,4,12.2223,3515.98
869,26,0,4,12.2115,3440.83
1306,26,0,5,12.3627,4194.55,0.0833333,363.475,0.03,6
1599,26,0,5,12.3451,4098.1
1300,26,0,5,12.3407,4071.68
1298,26,0,5,12.3354,4042.5
2176,26,0,5,12.3289,4003.31
819,26,0,6,12.6061,5501.18,0.0838333,365.656,0.48,7
2009,26,0,6,12.5994,5453.98
2010,26,0,6,12.5837,5353.13
837,26,0,6,12.5765,5307.18
1774,26,0,6,12.5622,5228.4
849,26,0,6,12.5591,5209.8
850,26,0,6,12.5534,5160.34
852,26,0,6,12.5459,5115.7
865,26,0,6,12.5392,5073.86
869,26,0,6,12.5253,4984.81
2066,26,0,6,12.4979,4848.86
1297,26,0,6,12.4675,4691.28
1299,26,0,6,12.4614,4657.74
1600,26,0,6,12.46,4644.29
1306,26,0,6,12.446,4558.02
1968,26,0,7,12.9862,7520.64,0,0,0
118,26,0,7,12.9469,7323.36
117,26,0,7,12.9395,7285.97
122,26,0,7,12.9222,7199.05
1970,26,0,7,12.909,7132.5
124,26,0,7,12.8881,7019.82
105,26,0,7,12.8736,6940.14
1967,26,0,7,12.8363,6743.08
107,26,0,7,12.8311,6713.46
1978,26,0,7,12.822,6658.57
1979,26,0,7,12.7903,6449.38
329,26,0,7,12.7881,6431.94
2114,26,0,7,12.7836,6408.73
335,26,0,7,12.7731,6347.6
1819,26,0,7,12.7681,6318.66
344,26,0,7,12.7516,6221.41
349,26,0,7,12.7375,6138.32
358,26,0,7,12.725,6069.02
805,26,0,7,12.7135,6005.74
811,26,0,7,12.7117,5988
819,26,0,7,12.69,5866.84
320,26,1,0,9.83409,875.602,0.084,366.383,0.32,1
1978,26,1,0,9.81514,755.022
107,26,1,0,9.80642,700.585
1967,26,1,0,9.80341,671.88
105,26,1,0,9.77826,522.901
124,26,1,0,9.76272,438.596
1970,26,1,0,9.74717,345.923
122,26,1,0,9.7344,281.164
117,26,1,0,9.71485,184.747
118,26,1,0,9.70805,150.127
1968,26,1,0,9.68,0
105,26,1,1,9.98898,1639.24,0.1085,473.244,0.3,2
1967,26,1,1,9.95377,1451.36
107,26,1,1,9.94828,1420.63
1978,26,1,1,9.93855,1364.65
320,26,1,1,9.91809,1241.98
1970,26,1,2,10.1295,2290.47,0.0656667,286.418,0.08,3
124,26,1,2,10.1103,2185.11
105,26,1,2,10.0975,2112.49
1968,26,1,3,10.2636,2928.55,0,0,0
118,26,1,3,10.2311,2759.47
117,26,1,3,10.2238,2722.83
122,26,1,3,10.2072,2638.47
1970,26,1,3,10.1951,2576.89
344,27,0,0,11.7436,1213.94,0.0798333,348.209,0.09,1
1819,27,0,0,11.7302,1120.41
335,27,0,0,11.7252,1091.46
2114,27,0,0,11.7099,1010.67
329,27,0,0,11.7074,995.611
1979,27,0,0,11.7015,965.863
1978,27,0,0,11.6591,730.88
107,27,0,0,11.6506,676.772
1967,27,0,0,11.6476,648.066
105,27,0,0,11.623,499.965
124,27,0,0,11.6097,425.166
1970,27,0,0,11.5939,332.084
122,27,0,0,11.581,266.81
117,27,0,0,11.5656,187.792
118,27,0,0,11.5578,149.07
1968,27,0,0,11.53,0
2176,27,0,1,12.0005,2608.24,0.0963333,420.177,0.14,2
2066,27,0,1,11.9903,2541.13
869,27,0,1,11.9797,2466.11
865,27,0,1,11.9632,2373.01
852,27,0,1,11.9564,2331.04
850,27,0,1,11.9504,2288.05
849,27,0,1,11.9429,2238.58
1774,27,0,1,11.9393,2218.58
837,27,0,1,11.9271,2148.13
2010,27,0,1,11.9185,2099.84
2009,27,0,1,11.8964,1979.41
819,27,0,1,11.8893,1931.92
811,27,0,1,11.8681,1813.3
805,27,0,1,11.8646,1793.87
358,27,0,1,11.854,1734.36
349,27,0,1,11.8365,1643.75
344,27,0,1,11.8234,1562.15
1306,27,0,2,12.1306,3219.65,0.0833333,363.475,0.03,3
1599,27,0,2,12.1131,3123.2
1300,27,0,2,12.1087,3096.78
1298,27,0,2,12.1033,3067.6
2176,27,0,2,12.0968,3028.42
869,27,0,3,12.2932,4009.91,0.0443333,193.369,0.11,4
2066,27,0,3,12.2659,3873.97
1297,27,0,3,12.2354,3716.38
1299,27,0,3,12.2294,3682.84
1600,27,0,3,12.2279,3669.39
1306,27,0,3,12.2139,3583.13
850,27,0,4,12.3657,4378.81,0.1105,481.968,0.03,5
852,27,0,4,12.3581,4334.17
865,27,0,4,12.3514,4292.33
869,27,0,4,12.3376,4203.28
849,27,0,5,12.4818,4910.24,0.0775,338.032,0.22,6
850,27,0,5,12.4762,4860.78
819,27,0,6,12.6064,5539.65,0.0838333,365.656,0.48,7
2009,27,0,6,12.5997,5492.45
2010,27,0,6,12.584,5391.6
837,27,0,6,12.5768,5345.65
1774,27,0,6,12.5624,5266.87
849,27,0,6,12.5593,5248.27
1968,27,0,7,12.9864,7559.11,0,0,0
118,27,0,7,12.9472,7361.83
117,27,0,7,12.9397,7324.44
122,27,0,7,12.9225,7237.52
1970,27,0,7,12.9093,7170.97
124,27,0,7,12.8884,7058.29
105,27,0,7,12.8739,6978.61
1967,27,0,7,12.8365,6781.55
107,27,0,7,12.8313,6751.93
1978,27,0,7,12.8223,6697.04
1979,27,0,7,12.7905,6487.85
329,27,0,7,12.7884,6470.41
2114,27,0,7,12.7838,6447.2
335,27,0,7,12.7734,6386.07
1819,27,0,7,12.7684,6357.13
344,27,0,7,12.7519,6259.88
349,27,0,7,12.7378,6176.79
358,27,0,7,12.7253,6107.49
805,27,0,7,12.7138,6044.21
811,27,0,7,12.712,6026.47
819,27,0,7,12.6902,5905.31
320,27,1,0,9.83409,875.602,0.084,366.383,0.32,1
1978,27,1,0,9.81514,755.022
107,27,1,0,9.80642,700.585
1967,27,1,0,9.80341,671.88
105,27,1,0,9.77826,522.901
124,27,1,0,9.76272,438.596
1970,27,1,0,9.74717,345.923
122,27,1,0,9.7344,281.164
117,27,1,0,9.71485,184.747
118,27,1,0,9.70805,150.127
1968,27,1,0,9.68,0
105,27,1,1,9.98898,1639.24,0.1085,473.244,0.3,2
1967,27,1,1,9.95377,1451.36
107,27,1,1,9.94828,1420.63
1978,27,1,1,9.93855,1364.65
320,27,1,1,9.91809,1241.98
1970,27,1,2,10.1295,2290.47,0.0656667,286.418,0.08,3
124,27,1,2,10.1103,2185.11
105,27,1,2,10.0975,2112.49
1968,27,1,3,10.2636,2928.55,0,0,0
118,27,1,3,10.2311,2759.47
117,27,1,3,10.2238,2722.83
122,27,1,3,10.2072,2638.47
1970,27,1,3,10.1951,2576.89
869,28,0,0,12.0352,2008.63,0.0443333,193.369,0.11,1
1856,28,0,0,12.0069,1878.96
855,28,0,0,12.0067,1878.25
843,28,0,0,11.9929,1798.75
832,28,0,0,11.9821,1737.49
831,28,0,0,11.9742,1696.96
2153,28,0,0,11.9742,1696.88
821,28,0,0,11.9613,1632.02
2008,28,0,0,11.9528,1589.23
812,28,0,0,11.9356,1494.65
807,28,0,0,11.9355,1493.87
356,28,0,0,11.9202,1412.75
1981,28,0,0,11.9079,1329.24
345,28,0,0,11.8862,1219.17
341,28,0,0,11.8768,1168.93
2132,28,0,0,11.8765,1166.89
328,28,0,0,11.8627,1075.3
2115,28,0,0,11.8513,1016.31
329,28,0,0,11.8474,995.611
1979,28,0,0,11.8415,965.863
1978,28,0,0,11.7991,730.88
107,28,0,0,11.7906,676.772
1967,28,0,0,11.7876,648.066
105,28,0,0,11.763,499.965
124,28,0,0,11.7497,425.166
1970,28,0,0,11.7339,332.084
122,28,0,0,11.721,266.81
117,28,0,0,11.7056,187.792
118,28,0,0,11.6978,149.07
1968,28,0,0,11.67,0
2176,28,0,1,12.1006,2344.32,0.0963333,420.177,0.14,2
2066,28,0,1,12.0904,2277.15
869,28,0,1,12.0795,2202
1306,28,0,2,12.2307,2955.73,0.0833333,363.475,0.03,3
1599,28,0,2,12.2132,2859.28
1300,28,0,2,12.2088,2832.85
1298,28,0,2,12.2035,2803.67
2176,28,0,2,12.1969,2764.49
850,28,0,3,12.4214,3921.52,0.1105,481.968,0.03,4
852,28,0,3,12.4139,3876.88
865,28,0,3,12.4072,3835.04
869,28,0,3,12.3934,3745.99
2066,28,0,3,12.366,3610.04
1297,28,0,3,12.3355,3452.46
1299,28,0,3,12.3295,3418.91
1600,28,0,3,12.328,3405.46
1306,28,0,3,12.314,3319.2
819,28,0,4,12.5847,4744.33,0.0838333,365.656,0.48,5
2009,28,0,4,12.578,4697.12
2010,28,0,4,12.5623,4596.28
837,28,0,4,12.5551,4550.32
1774,28,0,4,12.5407,4471.55
849,28,0,4,12.5376,4452.94
850,28,0,4,12.5319,4403.48
1968,28,0,5,12.9647,6763.78,0,0,0
118,28,0,5,12.9255,6566.5
117,28,0,5,12.918,6529.11
122,28,0,5,12.9008,6442.19
1970,28,0,5,12.8876,6375.64
124,28,0,5,12.8666,6262.96
105,28,0,5,12.8522,6183.29
1967,28,0,5,12.8148,5986.23
107,28,0,5,12.8096,5956.61
1978,28,0,5,12.8006,5901.71
1979,28,0,5,12.7688,5692.53
329,28,0,5,12.7667,5675.08
2114,28,0,5,12.7621,5651.88
335,28,0,5,12.7517,5590.74
1819,28,0,5,12.7467,5561.8
344,28,0,5,12.7302,5464.55
349,28,0,5,12.7161,5381.47
358,28,0,5,12.7036,5312.17
805,28,0,5,12.6921,5248.88
811,28,0,5,12.6903,5231.15
819,28,0,5,12.6685,5109.98
105,28,1,0,9.50826,522.901,0.1085,473.244,0.3,1
124,28,1,0,9.49272,438.596
1970,28,1,0,9.47717,345.923
122,28,1,0,9.4644,281.164
117,28,1,0,9.44485,184.747
118,28,1,0,9.43805,150.127
1968,28,1,0,9.41,0
320,28,1,1,9.67259,1348.85,0.084,366.383,0.32,2
1978,28,1,1,9.65364,1228.27
107,28,1,1,9.64492,1173.83
1967,28,1,1,9.64191,1145.12
105,28,1,1,9.61676,996.145
849,28,1,2,9.98483,2997.83,0.089,388.191,0.2,3
1774,28,1,2,9.98148,2978.83
837,28,1,2,9.97006,2909.76
2010,28,1,2,9.95717,2842.87
2009,28,1,2,9.93371,2716.69
819,28,1,2,9.92538,2667.61
811,28,1,2,9.90403,2548.28
805,28,1,2,9.90049,2528.67
358,28,1,2,9.88583,2451.74
349,28,1,2,9.86912,2364.31
344,28,1,2,9.85531,2281.68
1819,28,1,2,9.84015,2186.44
335,28,1,2,9.83524,2157.6
2114,28,1,2,9.82158,2083.94
329,28,1,2,9.81898,2068.77
2116,28,1,2,9.81424,2043.68
327,28,1,2,9.80095,1970.11
324,28,1,2,9.79678,1948.4
319,28,1,2,9.76918,1800.93
320,28,1,2,9.75659,1715.23
344,28,1,3,10.1809,4043.65,0.0413333,180.284,0.09,4
349,28,1,3,10.1703,3963.95
358,28,1,3,10.1537,3876.76
805,28,1,3,10.1429,3816.59
811,28,1,3,10.1411,3798.85
819,28,1,3,10.1179,3671.35
2009,28,1,3,10.112,3624.17
2010,28,1,3,10.0966,3523.65
837,28,1,3,10.0893,3477.53
1774,28,1,3,10.0781,3408.79
849,28,1,3,10.0738,3386.02
1970,28,1,4,10.3767,5122.2,0.0656667,286.418,0.08,5
124,28,1,4,10.3575,5016.85
105,28,1,4,10.3447,4944.23
1967,28,1,4,10.3078,4748.95
107,28,1,4,10.3023,4718.29
1978,28,1,4,10.2932,4663.41
1979,28,1,4,10.2606,4453.23
329,28,1,4,10.2584,4435.77
2114,28,1,4,10.2532,4409.85
335,28,1,4,10.2428,4348.7
1819,28,1,4,10.2378,4319.71
344,28,1,4,10.2222,4223.94
1968,28,1,5,10.5108,5760.29,0,0,0
118,28,1,5,10.4783,5591.21
117,28,1,5,10.471,5554.57
122,28,1,5,10.4544,5470.2
1970,28,1,5,10.4424,5408.62
344,29,0,0,11.8036,1213.94,0.0798333,348.209,0.09,1
1819,29,0,0,11.7902,1120.41
335,29,0,0,11.7852,1091.46
2114,29,0,0,11.7699,1010.67
329,29,0,0,11.7674,995.611
1979,29,0,0,11.7615,965.863
1978,29,0,0,11.7191,730.88
107,29,0,0,11.7106,676.772
1967,29,0,0,11.7076,648.066
105,29,0,0,11.683,499.965
124,29,0,0,11.6697,425.166
1970,29,0,0,11.6539,332.084
122,29,0,0,11.641,266.81
117,29,0,0,11.6256,187.792
118,29,0,0,11.6178,149.07
1968,29,0,0,11.59,0
850,29,0,1,12.0104,2288.05,0.1105,481.968,0.03,2
849,29,0,1,12.0029,2238.58
1774,29,0,1,11.9993,2218.58
837,29,0,1,11.9871,2148.13
2010,29,0,1,11.9785,2099.84
2009,29,0,1,11.9564,1979.41
819,29,0,1,11.9493,1931.92
811,29,0,1,11.9281,1813.3
805,29,0,1,11.9246,1793.87
358,29,0,1,11.914,1734.36
349,29,0,1,11.8965,1643.75
344,29,0,1,11.8834,1562.15
2176,29,0,2,12.1689,3086.79,0.0963333,420.177,0.14,3
2066,29,0,2,12.1587,3019.63
869,29,0,2,12.1478,2944.48
865,29,0,2,12.1331,2854.26
852,29,0,2,12.1269,2813.01
850,29,0,2,12.1209,2770.02
1306,29,0,3,12.299,3698.2,0.0833333,363.475,0.03,4
1599,29,0,3,12.2815,3601.75
1300,29,0,3,12.2771,3575.33
1298,29,0,3,12.2717,3546.15
2176,29,0,3,12.2652,3506.97
869,29,0,4,12.4617,4488.46,0.0443333,193.369,0.11,5
2066,29,0,4,12.4343,4352.51
1297,29,0,4,12.4038,4194.93
1299,29,0,4,12.3978,4161.39
1600,29,0,4,12.3963,4147.94
1306,29,0,4,12.3823,4061.68
819,29,0,5,12.5868,5198.2,0.0838333,365.656,0.48,6
2009,29,0,5,12.5801,5151
2010,29,0,5,12.5644,5050.15
837,29,0,5,12.5572,5004.2
1774,29,0,5,12.5429,4925.42
849,29,0,5,12.5398,4906.82
850,29,0,5,12.5341,4857.36
852,29,0,5,12.5265,4812.72
865,29,0,5,12.5198,4770.88
869,29,0,5,12.506,4681.83
1968,29,0,6,12.9668,7217.66,0,0,0
118,29,0,6,12.9276,7020.38
117,29,0,6,12.9201,6982.99
122,29,0,6,12.9029,6896.07
1970,29,0,6,12.8897,6829.51
124,29,0,6,12.8688,6716.84
105,29,0,6,12.8543,6637.16
1967,29,0,6,12.817,6440.1
107,29,0,6,12.8117,6410.48
1978,29,0,6,12.8027,6355.59
1979,29,0,6,12.7709,6146.4
329,29,0,6,12.7688,6128.95
2114,29,0,6,12.7642,6105.75
335,29,0,6,12.7538,6044.62
1819,29,0,6,12.7488,6015.68
344,29,0,6,12.7323,5918.43
349,29,0,6,12.7182,5835.34
358,29,0,6,12.7057,5766.04
805,29,0,6,12.6942,5702.76
811,29,0,6,12.6924,5685.02
819,29,0,6,12.6706,5563.86
849,29,1,0,9.46869,1909.45,0.089,388.191,0.2,1
1774,29,1,0,9.46456,1887.1
837,29,1,0,9.45316,1818.07
2010,29,1,0,9.44454,1769.56
2009,29,1,0,9.42178,1646.39
819,29,1,0,9.4147,1598.91
811,29,1,0,9.39408,1482.76
805,29,1,0,9.39166,1465.56
358,29,1,0,9.37983,1400.77
349,29,1,0,9.36313,1313.34
344,29,1,0,9.34932,1230.71
1819,29,1,0,9.33416,1135.47
335,29,1,0,9.32925,1106.63
2114,29,1,0,9.31559,1032.97
329,29,1,0,9.31299,1017.8
1979,29,1,0,9.30782,991.208
1978,29,1,0,9.26514,755.022
107,29,1,0,9.25642,700.585
1967,29,1,0,9.25341,671.88
105,29,1,0,9.22826,522.901
124,29,1,0,9.21272,438.596
1970,29,1,0,9.19717,345.923
122,29,1,0,9.1844,281.164
117,29,1,0,9.16485,184.747
118,29,1,0,9.15805,150.127
1968,29,1,0,9.13,0
320,29,1,1,9.77574,3544.87,0.084,366.383,0.32,2
1978,29,1,1,9.75679,3424.29
1979,29,1,1,9.72237,3211.94
329,29,1,1,9.72013,3194.53
2114,29,1,1,9.71496,3168.73
335,29,1,1,9.70458,3107.69
1819,29,1,1,9.6994,3078.39
344,29,1,1,9.68322,2981.71
349,29,1,1,9.66955,2899.3
358,29,1,1,9.65286,2811.9
359,29,1,1,9.6354,2725.42
806,29,1,1,9.63519,2724.41
820,29,1,1,9.61458,2607.5
839,29,1,1,9.58239,2432.11
838,29,1,1,9.57224,2377.36
849,29,1,1,9.55769,2297.64
105,29,1,2,9.93062,4308.51,0.1085,473.244,0.3,3
1967,29,1,2,9.89542,4120.63
107,29,1,2,9.88993,4089.9
1978,29,1,2,9.8802,4033.92
320,29,1,2,9.85974,3911.25
1970,29,1,3,10.0711,4959.74,0.0656667,286.418,0.08,4
124,29,1,3,10.0519,4854.38
105,29,1,3,10.0391,4781.76
1968,29,1,4,10.2052,5597.82,0,0,0
118,29,1,4,10.1727,5428.74
117,29,1,4,10.1654,5392.1
122,29,1,4,10.1488,5307.73
1970,29,1,4,10.1368,5246.15
