Node, Individual, Route,Segment, Travel time, Travel cost, Attention time, Attention cost, Failure rate, Demand
344,0,0,0,10.8978,1192.94,0.0413333,180.284,0.09,1
1819,0,0,0,10.8841,1099.23
335,0,0,0,10.8797,1071.05
2114,0,0,0,10.8647,991.95
329,0,0,0,10.8621,976.767
1979,0,0,0,10.8563,947.483
1978,0,0,0,10.8184,729.589
107,0,0,0,10.81,675.573
1967,0,0,0,10.807,646.867
105,0,0,0,10.7819,497.903
124,0,0,0,10.7698,426.583
1970,0,0,0,10.7544,334.012
122,0,0,0,10.7418,270.034
117,0,0,0,10.7248,184.186
118,0,0,0,10.7164,143.105
1968,0,0,0,10.69,0
819,0,0,1,10.9999,1731.95,0.0483333,210.815,0.55,2
811,0,0,1,10.982,1620.91
805,0,0,1,10.9789,1602.96
358,0,0,1,10.967,1537.83
349,0,0,1,10.951,1453.54
344,0,0,1,10.9391,1373.22
849,0,0,2,11.1018,2249.43,0.0695,303.138,0.23,3
1774,0,0,2,11.0983,2229.43
837,0,0,2,11.086,2158.98
2010,0,0,2,11.0774,2110.69
2009,0,0,2,11.0553,1990.26
819,0,0,2,11.0482,1942.77
850,0,0,3,11.1788,2602.04,0.0711667,310.408,0.1,4
849,0,0,3,11.1713,2552.57
869,0,0,4,11.2793,3090.51,0.0495,215.904,0.11,5
865,0,0,4,11.2628,2997.41
852,0,0,4,11.256,2955.43
850,0,0,4,11.25,2912.45
2176,0,0,5,11.3496,3448.54,0.0568333,247.89,0.16,6
2066,0,0,5,11.3394,3381.43
869,0,0,5,11.3288,3306.41
1306,0,0,6,11.439,3883.86,0.0916667,399.822,0.11,7
1599,0,0,6,11.423,3794.42
1300,0,0,6,11.4192,3768.7
1298,0,0,6,11.413,3735.79
2176,0,0,6,11.4064,3696.43
320,0,0,7,11.8405,6047.84,0.0905,394.734,0.38,8
1978,0,0,7,11.8205,5925.81
1979,0,0,7,11.787,5714.67
329,0,0,7,11.7849,5697.23
2114,0,0,7,11.7795,5670.52
335,0,0,7,11.7689,5609.24
1819,0,0,7,11.7645,5581.06
344,0,0,7,11.749,5485.35
349,0,0,7,11.7371,5405.11
355,0,0,7,11.7202,5319.89
356,0,0,7,11.7034,5221.36
807,0,0,7,11.6883,5140.98
812,0,0,7,11.6881,5140.19
2008,0,0,7,11.6754,5058.27
821,0,0,7,11.6705,5030.76
2153,0,0,7,11.6607,4979.11
831,0,0,7,11.6607,4979.02
832,0,0,7,11.6519,4934.53
843,0,0,7,11.6405,4870.73
855,0,0,7,11.6131,4734.25
1856,0,0,7,11.6129,4733.54
869,0,0,7,11.6007,4669.73
2066,0,0,7,11.5797,4560.17
1297,0,0,7,11.5527,4417.41
1299,0,0,7,11.5468,4384.47
1600,0,0,7,11.5453,4371.02
1306,0,0,7,11.5306,4283.69
105,0,0,8,12.0008,6840.11,0.0435,189.734,0.48,9
1967,0,0,8,11.9647,6648.41
107,0,0,8,11.9595,6618.62
1978,0,0,8,11.9503,6563.5
320,0,0,8,11.931,6442.58
1970,0,0,9,12.0797,7222.2,0.0341667,149.025,0.09,10
124,0,0,9,12.0588,7109.52
105,0,0,9,12.0443,7029.85
1968,0,0,10,12.191,7759.1,0,0,0
118,0,0,10,12.1515,7560.67
117,0,0,10,12.1443,7524.7
122,0,0,10,12.1271,7437.78
1970,0,0,10,12.1139,7371.22
1970,1,0,0,10.6844,334.012,0.0656667,286.418,0.08,1
122,1,0,0,10.6718,270.034
117,1,0,0,10.6548,184.186
118,1,0,0,10.6464,143.105
1968,1,0,0,10.62,0
344,1,0,1,10.8935,1479.36,0.0413333,180.284,0.09,2
1819,1,0,1,10.8798,1385.64
335,1,0,1,10.8753,1357.47
2114,1,0,1,10.8604,1278.37
329,1,0,1,10.8578,1263.19
1979,1,0,1,10.852,1233.9
1978,1,0,1,10.8141,1016.01
107,1,0,1,10.8057,961.991
1967,1,0,1,10.8027,933.285
105,1,0,1,10.7775,784.321
124,1,0,1,10.7655,713.002
1970,1,0,1,10.75,620.43
819,1,0,2,10.9955,2018.37,0.0483333,210.815,0.55,3
811,1,0,2,10.9777,1907.33
805,1,0,2,10.9746,1889.37
358,1,0,2,10.9627,1824.25
349,1,0,2,10.9467,1739.96
344,1,0,2,10.9348,1659.64
849,1,0,3,11.0975,2535.85,0.0695,303.138,0.23,4
1774,1,0,3,11.0939,2515.85
837,1,0,3,11.0816,2445.4
2010,1,0,3,11.0731,2397.11
2009,1,0,3,11.051,2276.68
819,1,0,3,11.0439,2229.18
869,1,0,4,11.2038,3066.52,0.0495,215.904,0.11,5
865,1,0,4,11.1873,2973.42
852,1,0,4,11.1805,2931.44
850,1,0,4,11.1745,2888.46
849,1,0,4,11.167,2838.98
2176,1,0,5,11.2741,3424.55,0.0568333,247.89,0.16,6
2066,1,0,5,11.2639,3357.44
869,1,0,5,11.2533,3282.42
1306,1,0,6,11.3635,3859.87,0.0916667,399.822,0.11,7
1599,1,0,6,11.3475,3770.43
1300,1,0,6,11.3437,3744.71
1298,1,0,6,11.3375,3711.8
2176,1,0,6,11.3309,3672.44
850,1,0,7,11.5552,4825.14,0.0711667,310.408,0.1,8
852,1,0,7,11.549,4782.01
865,1,0,7,11.5411,4737.76
869,1,0,7,11.5252,4645.74
2066,1,0,7,11.5042,4536.18
1297,1,0,7,11.4772,4393.42
1299,1,0,7,11.4713,4360.48
1600,1,0,7,11.4698,4347.04
1306,1,0,7,11.4551,4259.7
320,1,0,8,11.8403,6427.03,0.0905,394.734,0.38,9
1978,1,0,8,11.8217,6306.83
1979,1,0,8,11.7871,6094.28
329,1,0,8,11.785,6076.85
2114,1,0,8,11.7801,6052.3
335,1,0,8,11.7696,5991.01
1819,1,0,8,11.7651,5962.83
344,1,0,8,11.7496,5867.12
349,1,0,8,11.7377,5786.88
358,1,0,8,11.7253,5717.8
805,1,0,8,11.7115,5644.69
811,1,0,8,11.7097,5626.95
819,1,0,8,11.6803,5472.76
2009,1,0,8,11.6731,5425.16
2010,1,0,8,11.6568,5323.66
837,1,0,8,11.6495,5277.49
1774,1,0,8,11.6362,5203.53
849,1,0,8,11.6329,5184.49
850,1,0,8,11.6264,5135.54
105,1,0,9,12.0006,7219.3,0.0435,189.734,0.48,10
1967,1,0,9,11.9645,7027.6
107,1,0,9,11.9592,6997.81
1978,1,0,9,11.95,6942.68
320,1,0,9,11.9308,6821.77
1968,1,0,10,12.1566,7989.26,0,0,0
118,1,0,10,12.1171,7790.83
117,1,0,10,12.1099,7754.86
122,1,0,10,12.0927,7667.94
1970,1,0,10,12.0795,7601.39
124,1,0,10,12.0586,7488.71
105,1,0,10,12.0441,7409.03
344,2,0,0,10.8378,1192.94,0.0413333,180.284,0.09,1
1819,2,0,0,10.8241,1099.23
335,2,0,0,10.8197,1071.05
2114,2,0,0,10.8048,991.95
329,2,0,0,10.8021,976.767
1979,2,0,0,10.7963,947.483
1978,2,0,0,10.7584,729.589
107,2,0,0,10.75,675.573
1967,2,0,0,10.747,646.867
105,2,0,0,10.7219,497.903
124,2,0,0,10.7098,426.583
1970,2,0,0,10.6944,334.012
122,2,0,0,10.6818,270.034
117,2,0,0,10.6648,184.186
118,2,0,0,10.6564,143.105
1968,2,0,0,10.63,0
819,2,0,1,10.9399,1731.95,0.0483333,210.815,0.55,2
811,2,0,1,10.922,1620.91
805,2,0,1,10.9189,1602.96
358,2,0,1,10.907,1537.83
349,2,0,1,10.891,1453.54
344,2,0,1,10.8791,1373.22
849,2,0,2,11.0389,2240.73,0.0695,303.138,0.23,3
1774,2,0,2,11.0352,2220.22
837,2,0,2,11.024,2151.53
2010,2,0,2,11.0162,2104.76
2009,2,0,2,10.9955,1990.47
819,2,0,2,10.9882,1942.77
850,2,0,3,11.1159,2593.34,0.0711667,310.408,0.1,4
849,2,0,3,11.1084,2543.87
2176,2,0,4,11.2371,3223.94,0.0568333,247.89,0.16,5
2066,2,0,4,11.2269,3156.83
869,2,0,4,11.2163,3081.81
865,2,0,4,11.1998,2988.71
852,2,0,4,11.193,2946.73
850,2,0,4,11.187,2903.75
1306,2,0,5,11.3265,3659.26,0.0916667,399.822,0.11,6
1599,2,0,5,11.3105,3569.81
1300,2,0,5,11.3067,3544.1
1298,2,0,5,11.3005,3511.19
2176,2,0,5,11.2939,3471.83
869,2,0,6,11.4882,4445.12,0.0495,215.904,0.11,7
2066,2,0,6,11.4672,4335.56
1297,2,0,6,11.4402,4192.81
1299,2,0,6,11.4343,4159.87
1600,2,0,6,11.4329,4146.42
1306,2,0,6,11.4181,4059.08
320,2,0,7,11.7767,6036.56,0.0905,394.734,0.38,8
1978,2,0,7,11.7581,5916.36
1979,2,0,7,11.7235,5703.81
329,2,0,7,11.7214,5686.38
2114,2,0,7,11.7165,5661.82
335,2,0,7,11.706,5600.54
1819,2,0,7,11.7015,5572.36
344,2,0,7,11.686,5476.65
349,2,0,7,11.6742,5396.41
355,2,0,7,11.6572,5311.19
356,2,0,7,11.6404,5212.66
807,2,0,7,11.6253,5132.28
812,2,0,7,11.6251,5131.49
2008,2,0,7,11.6124,5049.58
821,2,0,7,11.6075,5022.06
2153,2,0,7,11.5978,4970.41
831,2,0,7,11.5977,4970.33
832,2,0,7,11.589,4925.83
843,2,0,7,11.5775,4862.03
855,2,0,7,11.5501,4725.55
1856,2,0,7,11.5499,4724.84
869,2,0,7,11.5377,4661.03
105,2,0,8,11.937,6828.83,0.104333,455.071,0.4,9
1967,2,0,8,11.9009,6637.13
107,2,0,8,11.8956,6607.33
1978,2,0,8,11.8864,6552.21
320,2,0,8,11.8672,6431.29
1970,2,0,9,12.0767,7476.25,0.0341667,149.025,0.09,10
124,2,0,9,12.0558,7363.57
105,2,0,9,12.0413,7283.9
1968,2,0,10,12.188,8013.15,0,0,0
118,2,0,10,12.1485,7814.72
117,2,0,10,12.1413,7778.75
122,2,0,10,12.1241,7691.83
1970,2,0,10,12.1109,7625.28
320,3,0,0,10.6967,849.468,0.0988333,431.081,0.34,1
1978,3,0,0,10.6784,729.589
107,3,0,0,10.67,675.573
1967,3,0,0,10.667,646.867
105,3,0,0,10.6419,497.903
124,3,0,0,10.6298,426.583
1970,3,0,0,10.6144,334.012
122,3,0,0,10.6018,270.034
117,3,0,0,10.5848,184.186
118,3,0,0,10.5764,143.105
1968,3,0,0,10.55,0
344,3,0,1,10.8953,1857.8,0.0413333,180.284,0.09,2
1819,3,0,1,10.8817,1764.09
335,3,0,1,10.8772,1735.92
2114,3,0,1,10.8623,1656.82
329,3,0,1,10.8597,1641.63
2116,3,0,1,10.8548,1615.7
327,3,0,1,10.8408,1539.35
324,3,0,1,10.8373,1520.41
319,3,0,1,10.8081,1366.25
320,3,0,1,10.7955,1280.55
819,3,0,2,10.9974,2396.82,0.0483333,210.815,0.55,3
811,3,0,2,10.9795,2285.78
805,3,0,2,10.9765,2267.82
358,3,0,2,10.9646,2202.7
349,3,0,2,10.9486,2118.4
344,3,0,2,10.9367,2038.09
849,3,0,3,11.0994,2914.29,0.0695,303.138,0.23,4
1774,3,0,3,11.0958,2894.29
837,3,0,3,11.0835,2823.85
2010,3,0,3,11.075,2775.55
2009,3,0,3,11.0528,2655.13
819,3,0,3,11.0457,2607.63
850,3,0,4,11.1764,3266.91,0.0711667,310.408,0.1,5
849,3,0,4,11.1689,3217.43
2176,3,0,5,11.2976,3897.5,0.0568333,247.89,0.16,6
2066,3,0,5,11.2874,3830.39
869,3,0,5,11.2768,3755.37
865,3,0,5,11.2603,3662.27
852,3,0,5,11.2535,3620.3
850,3,0,5,11.2476,3577.32
1306,3,0,6,11.387,4332.82,0.0916667,399.822,0.11,7
1599,3,0,6,11.3711,4243.38
1300,3,0,6,11.3673,4217.66
1298,3,0,6,11.3611,4184.75
2176,3,0,6,11.3544,4145.39
869,3,0,7,11.5488,5118.69,0.0495,215.904,0.11,8
2066,3,0,7,11.5277,5009.13
1297,3,0,7,11.5007,4866.37
1299,3,0,7,11.4948,4833.43
1600,3,0,7,11.4934,4819.99
1306,3,0,7,11.4787,4732.65
105,3,0,8,11.869,6865.62,0.104333,455.071,0.4,9
1967,3,0,8,11.8331,6674.84
107,3,0,8,11.8278,6645.04
1978,3,0,8,11.8186,6589.92
1979,3,0,8,11.7841,6377.37
329,3,0,8,11.7819,6359.94
2114,3,0,8,11.777,6335.39
335,3,0,8,11.7665,6274.11
1819,3,0,8,11.762,6245.92
344,3,0,8,11.7465,6150.22
349,3,0,8,11.7347,6069.97
355,3,0,8,11.7178,5984.75
356,3,0,8,11.701,5886.23
807,3,0,8,11.6858,5805.84
812,3,0,8,11.6857,5805.06
2008,3,0,8,11.6729,5723.14
821,3,0,8,11.668,5695.63
2153,3,0,8,11.6583,5643.97
831,3,0,8,11.6583,5643.89
832,3,0,8,11.6495,5599.4
843,3,0,8,11.6381,5535.6
855,3,0,8,11.6106,5399.12
1856,3,0,8,11.6105,5398.4
869,3,0,8,11.5983,5334.59
1970,3,0,9,12.0058,7500.4,0.0341667,149.025,0.09,10
124,3,0,9,11.9866,7395.38
105,3,0,9,11.9733,7320.69
1968,3,0,10,12.117,8037.29,0,0,0
118,3,0,10,12.0775,7838.87
117,3,0,10,12.0704,7802.89
122,3,0,10,12.0531,7715.98
1970,3,0,10,12.0399,7649.42
105,4,0,0,10.6419,497.903,0.115333,503.049,0.34,1
124,4,0,0,10.6298,426.583
1970,4,0,0,10.6144,334.012
122,4,0,0,10.6018,270.034
117,4,0,0,10.5848,184.186
118,4,0,0,10.5764,143.105
1968,4,0,0,10.55,0
344,4,0,1,10.8731,1695.99,0.0413333,180.284,0.09,2
1819,4,0,1,10.8595,1602.27
335,4,0,1,10.855,1574.1
2114,4,0,1,10.8401,1495
329,4,0,1,10.8375,1479.82
1979,4,0,1,10.8317,1450.53
1978,4,0,1,10.7937,1232.64
107,4,0,1,10.7853,1178.62
1967,4,0,1,10.7823,1149.92
105,4,0,1,10.7572,1000.95
819,4,0,2,10.9752,2235,0.0483333,210.815,0.55,3
811,4,0,2,10.9573,2123.96
805,4,0,2,10.9543,2106
358,4,0,2,10.9423,2040.88
349,4,0,2,10.9264,1956.59
344,4,0,2,10.9145,1876.27
849,4,0,3,11.0772,2752.48,0.0695,303.138,0.23,4
1774,4,0,3,11.0736,2732.48
837,4,0,3,11.0613,2662.03
2010,4,0,3,11.0527,2613.74
2009,4,0,3,11.0306,2493.31
819,4,0,3,11.0235,2445.81
850,4,0,4,11.1542,3105.09,0.0711667,310.408,0.1,5
849,4,0,4,11.1467,3055.61
2176,4,0,5,11.2754,3735.68,0.0568333,247.89,0.16,6
2066,4,0,5,11.2652,3668.57
869,4,0,5,11.2546,3593.56
865,4,0,5,11.2381,3500.45
852,4,0,5,11.2313,3458.48
850,4,0,5,11.2253,3415.5
1306,4,0,6,11.3648,4171.01,0.0916667,399.822,0.11,7
1599,4,0,6,11.3489,4081.56
1300,4,0,6,11.3451,4055.84
1298,4,0,6,11.3389,4022.94
2176,4,0,6,11.3322,3983.57
869,4,0,7,11.5266,4956.87,0.0495,215.904,0.11,8
2066,4,0,7,11.5055,4847.31
1297,4,0,7,11.4785,4704.56
1299,4,0,7,11.4726,4671.62
1600,4,0,7,11.4712,4658.17
1306,4,0,7,11.4565,4570.83
320,4,0,8,11.815,6548.31,0.0905,394.734,0.38,9
1978,4,0,8,11.7964,6428.11
1979,4,0,8,11.7618,6215.56
329,4,0,8,11.7597,6198.12
2114,4,0,8,11.7548,6173.57
335,4,0,8,11.7443,6112.29
1819,4,0,8,11.7398,6084.1
344,4,0,8,11.7243,5988.4
349,4,0,8,11.7125,5908.16
355,4,0,8,11.6955,5822.94
356,4,0,8,11.6787,5724.41
807,4,0,8,11.6636,5644.03
812,4,0,8,11.6635,5643.24
2008,4,0,8,11.6507,5561.32
821,4,0,8,11.6458,5533.81
2153,4,0,8,11.6361,5482.15
831,4,0,8,11.6361,5482.07
832,4,0,8,11.6273,5437.58
843,4,0,8,11.6159,5373.78
855,4,0,8,11.5884,5237.3
1856,4,0,8,11.5883,5236.59
869,4,0,8,11.5761,5172.77
1970,4,0,9,12.0078,7520.29,0.0341667,149.025,0.09,10
124,4,0,9,11.9886,7415.27
105,4,0,9,11.9753,7340.58
1967,4,0,9,11.9392,7148.87
107,4,0,9,11.9339,7119.08
1978,4,0,9,11.9247,7063.96
320,4,0,9,11.9055,6943.04
1968,4,0,10,12.119,8057.18,0,0,0
118,4,0,10,12.0795,7858.76
117,4,0,10,12.0724,7822.78
122,4,0,10,12.0551,7735.87
1970,4,0,10,12.0419,7669.31
320,5,0,0,11.3277,851.082,0.0905,394.734,0.38,1
1978,5,0,0,11.3091,730.88
107,5,0,0,11.3006,676.772
1967,5,0,0,11.2976,648.066
105,5,0,0,11.273,499.965
124,5,0,0,11.2597,425.166
1970,5,0,0,11.2439,332.084
122,5,0,0,11.231,266.81
117,5,0,0,11.2156,187.792
118,5,0,0,11.2078,149.07
1968,5,0,0,11.18,0
344,5,0,1,11.5203,1832.98,0.0798333,348.209,0.09,2
1819,5,0,1,11.507,1739.46
335,5,0,1,11.502,1710.51
2114,5,0,1,11.4867,1629.71
329,5,0,1,11.4841,1614.66
2116,5,0,1,11.479,1587.79
327,5,0,1,11.4645,1509.12
324,5,0,1,11.4602,1486.61
319,5,0,1,11.4308,1331.52
320,5,0,1,11.4182,1245.82
849,5,0,2,11.7197,2857.62,0.0695,303.138,0.23,3
1774,5,0,2,11.7161,2837.62
837,5,0,2,11.7038,2767.18
2010,5,0,2,11.6953,2718.88
2009,5,0,2,11.6731,2598.46
819,5,0,2,11.666,2550.96
811,5,0,2,11.6448,2432.35
805,5,0,2,11.6413,2412.91
358,5,0,2,11.6307,2353.4
349,5,0,2,11.6133,2262.79
344,5,0,2,11.6002,2181.19
850,5,0,3,11.7967,3210.24,0.0711667,310.408,0.1,4
849,5,0,3,11.7892,3160.76
2176,5,0,4,11.9179,3840.83,0.0568333,247.89,0.16,5
2066,5,0,4,11.9077,3773.72
869,5,0,4,11.8971,3698.7
865,5,0,4,11.8806,3605.6
852,5,0,4,11.8738,3563.63
850,5,0,4,11.8678,3520.64
1306,5,0,5,12.0073,4276.15,0.0833333,363.475,0.03,6
1599,5,0,5,11.9914,4186.71
1300,5,0,5,11.9876,4160.99
1298,5,0,5,11.9814,4128.08
2176,5,0,5,11.9747,4088.72
869,5,0,6,12.1699,5066.41,0.0443333,193.369,0.11,7
2066,5,0,6,12.1426,4930.47
1297,5,0,6,12.1121,4772.89
1299,5,0,6,12.1061,4739.34
1600,5,0,6,12.1046,4725.89
1306,5,0,6,12.0906,4639.63
819,5,0,7,12.2951,5776.15,0.0838333,365.656,0.48,8
2009,5,0,7,12.2884,5728.95
2010,5,0,7,12.2727,5628.11
837,5,0,7,12.2655,5582.15
1774,5,0,7,12.2512,5503.37
849,5,0,7,12.248,5484.77
850,5,0,7,12.2424,5435.31
852,5,0,7,12.2348,5390.67
865,5,0,7,12.2281,5348.83
869,5,0,7,12.2143,5259.78
105,5,0,8,12.5626,7215.11,0.0435,189.734,0.48,9
1967,5,0,8,12.5253,7018.05
107,5,0,8,12.52,6988.43
1978,5,0,8,12.511,6933.54
1979,5,0,8,12.4792,6724.35
329,5,0,8,12.4771,6706.91
2114,5,0,8,12.4725,6683.7
335,5,0,8,12.4621,6622.57
1819,5,0,8,12.4571,6593.63
344,5,0,8,12.4406,6496.38
349,5,0,8,12.4265,6413.3
358,5,0,8,12.414,6343.99
805,5,0,8,12.4025,6280.71
811,5,0,8,12.4007,6262.97
819,5,0,8,12.3789,6141.81
1970,5,0,9,12.6415,7597.2,0.0341667,149.025,0.09,10
124,5,0,9,12.6206,7484.52
105,5,0,9,12.6061,7404.85
1968,5,0,10,12.7527,8134.1,0,0,0
118,5,0,10,12.7132,7935.67
117,5,0,10,12.7061,7899.7
122,5,0,10,12.6888,7812.78
1970,5,0,10,12.6756,7746.23
320,6,0,0,11.3977,851.082,0.0905,394.734,0.38,1
1978,6,0,0,11.3791,730.88
107,6,0,0,11.3706,676.772
1967,6,0,0,11.3676,648.066
105,6,0,0,11.343,499.965
124,6,0,0,11.3297,425.166
1970,6,0,0,11.3139,332.084
122,6,0,0,11.301,266.81
117,6,0,0,11.2856,187.792
118,6,0,0,11.2778,149.07
1968,6,0,0,11.25,0
344,6,0,1,11.5903,1832.98,0.0798333,348.209,0.09,2
1819,6,0,1,11.577,1739.46
335,6,0,1,11.572,1710.51
2114,6,0,1,11.5567,1629.71
329,6,0,1,11.5541,1614.66
2116,6,0,1,11.549,1587.79
327,6,0,1,11.5345,1509.12
324,6,0,1,11.5302,1486.61
319,6,0,1,11.5008,1331.52
320,6,0,1,11.4882,1245.82
850,6,0,2,11.7972,2907.1,0.0711667,310.408,0.1,3
849,6,0,2,11.7897,2857.62
1774,6,0,2,11.7861,2837.62
837,6,0,2,11.7738,2767.18
2010,6,0,2,11.7653,2718.88
2009,6,0,2,11.7431,2598.46
819,6,0,2,11.736,2550.96
811,6,0,2,11.7148,2432.35
805,6,0,2,11.7113,2412.91
358,6,0,2,11.7007,2353.4
349,6,0,2,11.6833,2262.79
344,6,0,2,11.6702,2181.19
2176,6,0,3,11.9184,3537.69,0.0568333,247.89,0.16,4
2066,6,0,3,11.9082,3470.58
869,6,0,3,11.8976,3395.57
865,6,0,3,11.8811,3302.46
852,6,0,3,11.8743,3260.49
850,6,0,3,11.8683,3217.51
1306,6,0,4,12.0078,3973.02,0.0833333,363.475,0.03,5
1599,6,0,4,11.9919,3883.57
1300,6,0,4,11.9881,3857.85
1298,6,0,4,11.9819,3824.94
2176,6,0,4,11.9752,3785.58
869,6,0,5,12.1704,4763.28,0.0443333,193.369,0.11,6
2066,6,0,5,12.1431,4627.33
1297,6,0,5,12.1126,4469.75
1299,6,0,5,12.1066,4436.2
1600,6,0,5,12.1051,4422.75
1306,6,0,5,12.0911,4336.49
849,6,0,6,12.2485,5181.63,0.0775,338.032,0.22,7
850,6,0,6,12.2429,5132.17
852,6,0,6,12.2353,5087.54
865,6,0,6,12.2286,5045.69
869,6,0,6,12.2148,4956.65
819,6,0,7,12.3731,5811.05,0.0838333,365.656,0.48,8
2009,6,0,7,12.3664,5763.84
2010,6,0,7,12.3507,5663
837,6,0,7,12.3435,5617.04
1774,6,0,7,12.3292,5538.27
849,6,0,7,12.326,5519.66
105,6,0,8,12.6406,7250.01,0.0435,189.734,0.48,9
1967,6,0,8,12.6033,7052.95
107,6,0,8,12.598,7023.33
1978,6,0,8,12.589,6968.43
1979,6,0,8,12.5572,6759.25
329,6,0,8,12.5551,6741.8
2114,6,0,8,12.5505,6718.6
335,6,0,8,12.5401,6657.46
1819,6,0,8,12.5351,6628.52
344,6,0,8,12.5186,6531.27
349,6,0,8,12.5045,6448.19
358,6,0,8,12.492,6378.89
805,6,0,8,12.4805,6315.6
811,6,0,8,12.4787,6297.87
819,6,0,8,12.4569,6176.7
1970,6,0,9,12.7195,7632.09,0.0341667,149.025,0.09,10
124,6,0,9,12.6986,7519.42
105,6,0,9,12.6841,7439.74
1968,6,0,10,12.8307,8168.99,0,0,0
118,6,0,10,12.7912,7970.57
117,6,0,10,12.7841,7934.59
122,6,0,10,12.7668,7847.67
1970,6,0,10,12.7536,7781.12
1970,7,0,0,10.3644,334.012,0.0656667,286.418,0.08,1
122,7,0,0,10.3518,270.034
117,7,0,0,10.3348,184.186
118,7,0,0,10.3264,143.105
1968,7,0,0,10.3,0
105,7,0,1,10.4575,784.321,0.115333,503.049,0.34,2
124,7,0,1,10.4455,713.002
1970,7,0,1,10.43,620.43
320,7,0,2,10.6277,1638.94,0.0988333,431.081,0.34,3
1978,7,0,2,10.6094,1519.06
107,7,0,2,10.601,1465.04
1967,7,0,2,10.598,1436.33
105,7,0,2,10.5729,1287.37
344,7,0,3,10.8263,2647.27,0.0413333,180.284,0.09,4
1819,7,0,3,10.8127,2553.56
335,7,0,3,10.8082,2525.38
2114,7,0,3,10.7933,2446.28
329,7,0,3,10.7907,2431.1
2116,7,0,3,10.7858,2405.17
327,7,0,3,10.7718,2328.82
324,7,0,3,10.7683,2309.88
319,7,0,3,10.7391,2155.72
320,7,0,3,10.7265,2070.02
819,7,0,4,10.9284,3186.28,0.0483333,210.815,0.55,5
811,7,0,4,10.9105,3075.25
805,7,0,4,10.9075,3057.29
358,7,0,4,10.8956,2992.16
349,7,0,4,10.8796,2907.87
344,7,0,4,10.8677,2827.56
849,7,0,5,11.0274,3695.06,0.0695,303.138,0.23,6
1774,7,0,5,11.0237,3674.56
837,7,0,5,11.0125,3605.86
2010,7,0,5,11.0048,3559.09
2009,7,0,5,10.9841,3444.81
819,7,0,5,10.9767,3397.1
850,7,0,6,11.1044,4047.68,0.0711667,310.408,0.1,7
849,7,0,6,11.0969,3998.2
869,7,0,7,11.2049,4536.14,0.0495,215.904,0.11,8
865,7,0,7,11.1883,4443.04
852,7,0,7,11.1815,4401.07
850,7,0,7,11.1756,4358.08
2176,7,0,8,11.2751,4894.17,0.0568333,247.89,0.16,9
2066,7,0,8,11.2649,4827.06
869,7,0,8,11.2544,4752.05
1306,7,0,9,11.3645,5329.5,0.0916667,399.822,0.11,10
1599,7,0,9,11.3486,5240.05
1300,7,0,9,11.3448,5214.33
1298,7,0,9,11.3386,5181.42
2176,7,0,9,11.332,5142.06
1968,7,0,10,11.9111,8190.2,0,0,0
1969,7,0,10,11.8988,8113.69
115,7,0,10,11.8962,8099.12
2113,7,0,10,11.8915,8073.3
2133,7,0,10,11.7695,7386.93
366,7,0,10,11.7652,7359.82
2134,7,0,10,11.7519,7288.14
2136,7,0,10,11.7391,7219.3
393,7,0,10,11.7074,7056.26
401,7,0,10,11.6896,6965.31
1739,7,0,10,11.6799,6912.31
1742,7,0,10,11.6729,6875.79
1741,7,0,10,11.6661,6839.66
418,7,0,10,11.6589,6801.19
417,7,0,10,11.6561,6785.37
1989,7,0,10,11.6391,6697.35
2011,7,0,10,11.6188,6593.51
2156,7,0,10,11.6122,6560.6
2013,7,0,10,11.6116,6557.45
886,7,0,10,11.6021,6509.27
888,7,0,10,11.5857,6417.8
903,7,0,10,11.5762,6366.29
904,7,0,10,11.5722,6345.26
925,7,0,10,11.551,6227.3
2019,7,0,10,11.5457,6200.44
929,7,0,10,11.5453,6198.46
938,7,0,10,11.5329,6131.14
950,7,0,10,11.5158,6045.2
951,7,0,10,11.5083,6007.44
949,7,0,10,11.4968,5948.69
2025,7,0,10,11.4933,5931.24
2024,7,0,10,11.4802,5858.83
1301,7,0,10,11.4694,5800.49
1306,7,0,10,11.4562,5729.32
1970,8,0,0,10.3644,334.012,0.0656667,286.418,0.08,1
122,8,0,0,10.3518,270.034
117,8,0,0,10.3348,184.186
118,8,0,0,10.3264,143.105
1968,8,0,0,10.3,0
105,8,0,1,10.4575,784.321,0.115333,503.049,0.34,2
124,8,0,1,10.4455,713.002
1970,8,0,1,10.43,620.43
320,8,0,2,10.6277,1638.94,0.0988333,431.081,0.34,3
1978,8,0,2,10.6094,1519.06
107,8,0,2,10.601,1465.04
1967,8,0,2,10.598,1436.33
105,8,0,2,10.5729,1287.37
344,8,0,3,10.8263,2647.27,0.0413333,180.284,0.09,4
1819,8,0,3,10.8127,2553.56
335,8,0,3,10.8082,2525.38
2114,8,0,3,10.7933,2446.28
329,8,0,3,10.7907,2431.1
2116,8,0,3,10.7858,2405.17
327,8,0,3,10.7718,2328.82
324,8,0,3,10.7683,2309.88
319,8,0,3,10.7391,2155.72
320,8,0,3,10.7265,2070.02
819,8,0,4,10.9284,3186.28,0.0483333,210.815,0.55,5
811,8,0,4,10.9105,3075.25
805,8,0,4,10.9075,3057.29
358,8,0,4,10.8956,2992.16
349,8,0,4,10.8796,2907.87
344,8,0,4,10.8677,2827.56
849,8,0,5,11.0274,3695.06,0.0695,303.138,0.23,6
1774,8,0,5,11.0237,3674.56
837,8,0,5,11.0125,3605.86
2010,8,0,5,11.0048,3559.09
2009,8,0,5,10.9841,3444.81
819,8,0,5,10.9767,3397.1
850,8,0,6,11.1044,4047.68,0.0711667,310.408,0.1,7
849,8,0,6,11.0969,3998.2
2176,8,0,7,11.2256,4678.27,0.0568333,247.89,0.16,8
2066,8,0,7,11.2154,4611.16
869,8,0,7,11.2049,4536.14
865,8,0,7,11.1883,4443.04
852,8,0,7,11.1815,4401.07
850,8,0,7,11.1756,4358.08
1306,8,0,8,11.315,5113.59,0.0916667,399.822,0.11,9
1599,8,0,8,11.2991,5024.15
1300,8,0,8,11.2953,4998.43
1298,8,0,8,11.2891,4965.52
2176,8,0,8,11.2825,4926.16
869,8,0,9,11.4768,5899.45,0.0495,215.904,0.11,10
2066,8,0,9,11.4557,5789.9
1297,8,0,9,11.4288,5647.14
1299,8,0,9,11.4229,5614.2
1600,8,0,9,11.4214,5600.75
1306,8,0,9,11.4067,5513.41
1968,8,0,10,11.9038,8203.98,0,0,0
118,8,0,10,11.8691,8025.67
117,8,0,10,11.8614,7987.16
122,8,0,10,11.844,7899.62
1970,8,0,10,11.8312,7834.88
124,8,0,10,11.8094,7718.32
105,8,0,10,11.797,7646.38
1967,8,0,10,11.7611,7455.6
107,8,0,10,11.7558,7425.81
1978,8,0,10,11.7466,7370.69
1979,8,0,10,11.7121,7158.14
329,8,0,10,11.7099,7140.71
2114,8,0,10,11.705,7116.16
335,8,0,10,11.6945,7054.88
1819,8,0,10,11.6901,7026.69
344,8,0,10,11.6745,6930.99
349,8,0,10,11.6627,6850.74
355,8,0,10,11.6458,6765.52
356,8,0,10,11.629,6666.99
807,8,0,10,11.6139,6586.61
812,8,0,10,11.6137,6585.82
2008,8,0,10,11.601,6503.91
821,8,0,10,11.5961,6476.4
2153,8,0,10,11.5863,6424.74
831,8,0,10,11.5863,6424.66
832,8,0,10,11.5775,6380.16
843,8,0,10,11.5661,6316.36
855,8,0,10,11.5386,6179.88
1856,8,0,10,11.5385,6179.17
869,8,0,10,11.5263,6115.36
320,9,0,0,11.3977,851.082,0.0905,394.734,0.38,1
1978,9,0,0,11.3791,730.88
107,9,0,0,11.3706,676.772
1967,9,0,0,11.3676,648.066
105,9,0,0,11.343,499.965
124,9,0,0,11.3297,425.166
1970,9,0,0,11.3139,332.084
122,9,0,0,11.301,266.81
117,9,0,0,11.2856,187.792
118,9,0,0,11.2778,149.07
1968,9,0,0,11.25,0
344,9,0,1,11.5903,1832.98,0.0798333,348.209,0.09,2
1819,9,0,1,11.577,1739.46
335,9,0,1,11.572,1710.51
2114,9,0,1,11.5567,1629.71
329,9,0,1,11.5541,1614.66
2116,9,0,1,11.549,1587.79
327,9,0,1,11.5345,1509.12
324,9,0,1,11.5302,1486.61
319,9,0,1,11.5008,1331.52
320,9,0,1,11.4882,1245.82
849,9,0,2,11.7897,2857.62,0.0695,303.138,0.23,3
1774,9,0,2,11.7861,2837.62
837,9,0,2,11.7738,2767.18
2010,9,0,2,11.7653,2718.88
2009,9,0,2,11.7431,2598.46
819,9,0,2,11.736,2550.96
811,9,0,2,11.7148,2432.35
805,9,0,2,11.7113,2412.91
358,9,0,2,11.7007,2353.4
349,9,0,2,11.6833,2262.79
344,9,0,2,11.6702,2181.19
2176,9,0,3,11.9167,3530.42,0.0568333,247.89,0.16,4
2066,9,0,3,11.9065,3463.31
869,9,0,3,11.896,3388.3
865,9,0,3,11.8794,3295.19
852,9,0,3,11.8726,3253.22
850,9,0,3,11.8667,3210.24
849,9,0,3,11.8592,3160.76
1306,9,0,4,12.0061,3965.75,0.0833333,363.475,0.03,5
1599,9,0,4,11.9902,3876.3
1300,9,0,4,11.9864,3850.58
1298,9,0,4,11.9802,3817.68
2176,9,0,4,11.9736,3778.31
869,9,0,5,12.1688,4756.01,0.0443333,193.369,0.11,6
2066,9,0,5,12.1414,4620.06
1297,9,0,5,12.1109,4462.48
1299,9,0,5,12.1049,4428.93
1600,9,0,5,12.1035,4415.48
1306,9,0,5,12.0895,4329.22
850,9,0,6,12.2412,5124.9,0.1105,481.968,0.03,7
852,9,0,6,12.2337,5080.27
865,9,0,6,12.227,5038.43
869,9,0,6,12.2131,4949.38
819,9,0,7,12.4044,5947.72,0.0838333,365.656,0.48,8
2009,9,0,7,12.3977,5900.51
2010,9,0,7,12.382,5799.67
837,9,0,7,12.3748,5753.71
1774,9,0,7,12.3605,5674.93
849,9,0,7,12.3574,5656.33
850,9,0,7,12.3517,5606.87
105,9,0,8,12.6719,7386.67,0.0435,189.734,0.48,9
1967,9,0,8,12.6346,7189.61
107,9,0,8,12.6294,7159.99
1978,9,0,8,12.6203,7105.1
1979,9,0,8,12.5886,6895.91
329,9,0,8,12.5864,6878.47
2114,9,0,8,12.5819,6855.26
335,9,0,8,12.5714,6794.13
1819,9,0,8,12.5665,6765.19
344,9,0,8,12.5499,6667.94
349,9,0,8,12.5358,6584.86
358,9,0,8,12.5233,6515.55
805,9,0,8,12.5119,6452.27
811,9,0,8,12.51,6434.53
819,9,0,8,12.4883,6313.37
1970,9,0,9,12.7508,7768.76,0.0341667,149.025,0.09,10
124,9,0,9,12.7299,7656.08
105,9,0,9,12.7154,7576.41
1968,9,0,10,12.8621,8305.66,0,0,0
118,9,0,10,12.8226,8107.23
117,9,0,10,12.8154,8071.26
122,9,0,10,12.7982,7984.34
1970,9,0,10,12.785,7917.79
320,10,0,0,11.4077,851.082,0.0905,394.734,0.38,1
1978,10,0,0,11.3891,730.88
107,10,0,0,11.3806,676.772
1967,10,0,0,11.3776,648.066
105,10,0,0,11.353,499.965
124,10,0,0,11.3397,425.166
1970,10,0,0,11.3239,332.084
122,10,0,0,11.311,266.81
117,10,0,0,11.2956,187.792
118,10,0,0,11.2878,149.07
1968,10,0,0,11.26,0
344,10,0,1,11.6003,1832.98,0.0798333,348.209,0.09,2
1819,10,0,1,11.587,1739.46
335,10,0,1,11.582,1710.51
2114,10,0,1,11.5667,1629.71
329,10,0,1,11.5641,1614.66
2116,10,0,1,11.559,1587.79
327,10,0,1,11.5445,1509.12
324,10,0,1,11.5402,1486.61
319,10,0,1,11.5108,1331.52
320,10,0,1,11.4982,1245.82
849,10,0,2,11.7997,2857.62,0.0695,303.138,0.23,3
1774,10,0,2,11.7961,2837.62
837,10,0,2,11.7838,2767.18
2010,10,0,2,11.7753,2718.88
2009,10,0,2,11.7531,2598.46
819,10,0,2,11.746,2550.96
811,10,0,2,11.7248,2432.35
805,10,0,2,11.7213,2412.91
358,10,0,2,11.7107,2353.4
349,10,0,2,11.6933,2262.79
344,10,0,2,11.6802,2181.19
2176,10,0,3,11.9267,3530.42,0.0568333,247.89,0.16,4
2066,10,0,3,11.9165,3463.31
869,10,0,3,11.906,3388.3
865,10,0,3,11.8895,3295.19
852,10,0,3,11.8826,3253.22
850,10,0,3,11.8767,3210.24
849,10,0,3,11.8692,3160.76
1306,10,0,4,12.0161,3965.75,0.0833333,363.475,0.03,5
1599,10,0,4,12.0002,3876.3
1300,10,0,4,11.9964,3850.58
1298,10,0,4,11.9902,3817.68
2176,10,0,4,11.9836,3778.31
869,10,0,5,12.1788,4756.01,0.0443333,193.369,0.11,6
2066,10,0,5,12.1514,4620.06
1297,10,0,5,12.1209,4462.48
1299,10,0,5,12.1149,4428.93
1600,10,0,5,12.1135,4415.48
1306,10,0,5,12.0995,4329.22
850,10,0,6,12.2512,5124.9,0.1105,481.968,0.03,7
852,10,0,6,12.2437,5080.27
865,10,0,6,12.237,5038.43
869,10,0,6,12.2231,4949.38
819,10,0,7,12.4144,5947.72,0.0838333,365.656,0.48,8
2009,10,0,7,12.4077,5900.51
2010,10,0,7,12.392,5799.67
837,10,0,7,12.3848,5753.71
1774,10,0,7,12.3705,5674.93
849,10,0,7,12.3674,5656.33
850,10,0,7,12.3617,5606.87
105,10,0,8,12.6819,7386.67,0.0435,189.734,0.48,9
1967,10,0,8,12.6446,7189.61
107,10,0,8,12.6394,7159.99
1978,10,0,8,12.6303,7105.1
1979,10,0,8,12.5986,6895.91
329,10,0,8,12.5964,6878.47
2114,10,0,8,12.5919,6855.26
335,10,0,8,12.5814,6794.13
1819,10,0,8,12.5765,6765.19
344,10,0,8,12.5599,6667.94
349,10,0,8,12.5458,6584.86
358,10,0,8,12.5333,6515.55
805,10,0,8,12.5219,6452.27
811,10,0,8,12.52,6434.53
819,10,0,8,12.4983,6313.37
1970,10,0,9,12.7608,7768.76,0.0341667,149.025,0.09,10
124,10,0,9,12.7399,7656.08
105,10,0,9,12.7254,7576.41
1968,10,0,10,12.8721,8305.66,0,0,0
118,10,0,10,12.8326,8107.23
117,10,0,10,12.8254,8071.26
122,10,0,10,12.8082,7984.34
1970,10,0,10,12.795,7917.79
320,11,0,0,11.4777,851.082,0.0905,394.734,0.38,1
1978,11,0,0,11.4591,730.88
107,11,0,0,11.4506,676.772
1967,11,0,0,11.4476,648.066
105,11,0,0,11.423,499.965
124,11,0,0,11.4097,425.166
1970,11,0,0,11.3939,332.084
122,11,0,0,11.381,266.81
117,11,0,0,11.3656,187.792
118,11,0,0,11.3578,149.07
1968,11,0,0,11.33,0
344,11,0,1,11.6703,1832.98,0.0798333,348.209,0.09,2
1819,11,0,1,11.657,1739.46
335,11,0,1,11.652,1710.51
2114,11,0,1,11.6367,1629.71
329,11,0,1,11.6341,1614.66
2116,11,0,1,11.629,1587.79
327,11,0,1,11.6145,1509.12
324,11,0,1,11.6102,1486.61
319,11,0,1,11.5808,1331.52
320,11,0,1,11.5682,1245.82
2176,11,0,2,11.9272,3227.28,0.0568333,247.89,0.16,3
2066,11,0,2,11.917,3160.17
869,11,0,2,11.9065,3085.16
865,11,0,2,11.8899,2992.05
852,11,0,2,11.8831,2950.08
850,11,0,2,11.8772,2907.1
849,11,0,2,11.8697,2857.62
1774,11,0,2,11.8661,2837.62
837,11,0,2,11.8538,2767.18
2010,11,0,2,11.8453,2718.88
2009,11,0,2,11.8231,2598.46
819,11,0,2,11.816,2550.96
811,11,0,2,11.7948,2432.35
805,11,0,2,11.7913,2412.91
358,11,0,2,11.7807,2353.4
349,11,0,2,11.7633,2262.79
344,11,0,2,11.7502,2181.19
1306,11,0,3,12.0166,3662.61,0.0833333,363.475,0.03,4
1599,11,0,3,12.0007,3573.16
1300,11,0,3,11.9969,3547.45
1298,11,0,3,11.9907,3514.54
2176,11,0,3,11.9841,3475.17
869,11,0,4,12.1793,4452.87,0.0443333,193.369,0.11,5
2066,11,0,4,12.1519,4316.92
1297,11,0,4,12.1214,4159.34
1299,11,0,4,12.1154,4125.79
1600,11,0,4,12.114,4112.35
1306,11,0,4,12.1,4026.08
850,11,0,5,12.2517,4821.76,0.1105,481.968,0.03,6
852,11,0,5,12.2442,4777.13
865,11,0,5,12.2375,4735.29
869,11,0,5,12.2236,4646.24
849,11,0,6,12.3679,5353.19,0.0775,338.032,0.22,7
850,11,0,6,12.3622,5303.73
819,11,0,7,12.4924,5982.61,0.0838333,365.656,0.48,8
2009,11,0,7,12.4857,5935.4
2010,11,0,7,12.47,5834.56
837,11,0,7,12.4628,5788.6
1774,11,0,7,12.4485,5709.83
849,11,0,7,12.4454,5691.23
105,11,0,8,12.7599,7421.57,0.0435,189.734,0.48,9
1967,11,0,8,12.7226,7224.51
107,11,0,8,12.7174,7194.89
1978,11,0,8,12.7083,7139.99
1979,11,0,8,12.6766,6930.81
329,11,0,8,12.6744,6913.36
2114,11,0,8,12.6699,6890.16
335,11,0,8,12.6594,6829.02
1819,11,0,8,12.6545,6800.08
344,11,0,8,12.6379,6702.83
349,11,0,8,12.6238,6619.75
358,11,0,8,12.6113,6550.45
805,11,0,8,12.5999,6487.16
811,11,0,8,12.598,6469.43
819,11,0,8,12.5763,6348.26
1970,11,0,9,12.8388,7803.66,0.0341667,149.025,0.09,10
124,11,0,9,12.8179,7690.98
105,11,0,9,12.8034,7611.3
1968,11,0,10,12.9501,8340.55,0,0,0
118,11,0,10,12.9106,8142.13
117,11,0,10,12.9034,8106.15
122,11,0,10,12.8862,8019.23
1970,11,0,10,12.873,7952.68
105,12,0,0,11.233,499.965,0.104333,455.071,0.4,1
124,12,0,0,11.2197,425.166
1970,12,0,0,11.2039,332.084
122,12,0,0,11.191,266.81
117,12,0,0,11.1756,187.792
118,12,0,0,11.1678,149.07
1968,12,0,0,11.14,0
320,12,0,1,11.392,1306.15,0.0905,394.734,0.38,2
1978,12,0,1,11.3734,1185.95
107,12,0,1,11.3649,1131.84
1967,12,0,1,11.3619,1103.14
105,12,0,1,11.3373,955.035
344,12,0,2,11.5847,2288.05,0.0798333,348.209,0.09,3
1819,12,0,2,11.5713,2194.53
335,12,0,2,11.5663,2165.58
2114,12,0,2,11.551,2084.78
329,12,0,2,11.5485,2069.73
2116,12,0,2,11.5433,2042.86
327,12,0,2,11.5289,1964.19
324,12,0,2,11.5245,1941.68
319,12,0,2,11.4951,1786.59
320,12,0,2,11.4825,1700.89
850,12,0,3,11.7915,3362.17,0.0711667,310.408,0.1,4
849,12,0,3,11.784,3312.69
1774,12,0,3,11.7804,3292.69
837,12,0,3,11.7682,3222.25
2010,12,0,3,11.7596,3173.95
2009,12,0,3,11.7375,3053.53
819,12,0,3,11.7304,3006.03
811,12,0,3,11.7092,2887.42
805,12,0,3,11.7057,2867.98
358,12,0,3,11.6951,2808.47
349,12,0,3,11.6776,2717.86
344,12,0,3,11.6645,2636.26
2176,12,0,4,11.9127,3992.76,0.0568333,247.89,0.16,5
2066,12,0,4,11.9025,3925.65
869,12,0,4,11.892,3850.64
865,12,0,4,11.8755,3757.53
852,12,0,4,11.8686,3715.56
850,12,0,4,11.8627,3672.58
1306,12,0,5,12.0021,4428.09,0.0833333,363.475,0.03,6
1599,12,0,5,11.9862,4338.64
1300,12,0,5,11.9824,4312.92
1298,12,0,5,11.9762,4280.02
2176,12,0,5,11.9696,4240.65
869,12,0,6,12.1648,5218.35,0.0443333,193.369,0.11,7
2066,12,0,6,12.1374,5082.4
1297,12,0,6,12.1069,4924.82
1299,12,0,6,12.1009,4891.27
1600,12,0,6,12.0995,4877.82
1306,12,0,6,12.0855,4791.56
849,12,0,7,12.2429,5636.7,0.0775,338.032,0.22,8
850,12,0,7,12.2372,5587.24
852,12,0,7,12.2297,5542.61
865,12,0,7,12.223,5500.77
869,12,0,7,12.2091,5411.72
819,12,0,8,12.3674,6266.12,0.0838333,365.656,0.48,9
2009,12,0,8,12.3607,6218.91
2010,12,0,8,12.345,6118.07
837,12,0,8,12.3378,6072.11
1774,12,0,8,12.3235,5993.34
849,12,0,8,12.3204,5974.74
1970,12,0,9,12.6703,7897.43,0.0341667,149.025,0.09,10
124,12,0,9,12.6494,7784.75
105,12,0,9,12.6349,7705.08
1967,12,0,9,12.5976,7508.02
107,12,0,9,12.5924,7478.4
1978,12,0,9,12.5833,7423.5
1979,12,0,9,12.5516,7214.32
329,12,0,9,12.5494,7196.87
2114,12,0,9,12.5449,7173.67
335,12,0,9,12.5344,7112.53
1819,12,0,9,12.5295,7083.6
344,12,0,9,12.5129,6986.34
349,12,0,9,12.4988,6903.26
358,12,0,9,12.4863,6833.96
805,12,0,9,12.4749,6770.67
811,12,0,9,12.473,6752.94
819,12,0,9,12.4513,6631.77
1968,12,0,10,12.7816,8434.33,0,0,0
118,12,0,10,12.7421,8235.9
117,12,0,10,12.7349,8199.93
122,12,0,10,12.7177,8113.01
1970,12,0,10,12.7045,8046.46
105,13,0,0,11.233,499.965,0.104333,455.071,0.4,1
124,13,0,0,11.2197,425.166
1970,13,0,0,11.2039,332.084
122,13,0,0,11.191,266.81
117,13,0,0,11.1756,187.792
118,13,0,0,11.1678,149.07
1968,13,0,0,11.14,0
320,13,0,1,11.392,1306.15,0.0905,394.734,0.38,2
1978,13,0,1,11.3734,1185.95
107,13,0,1,11.3649,1131.84
1967,13,0,1,11.3619,1103.14
105,13,0,1,11.3373,955.035
344,13,0,2,11.5847,2288.05,0.0798333,348.209,0.09,3
1819,13,0,2,11.5713,2194.53
335,13,0,2,11.5663,2165.58
2114,13,0,2,11.551,2084.78
329,13,0,2,11.5485,2069.73
2116,13,0,2,11.5433,2042.86
327,13,0,2,11.5289,1964.19
324,13,0,2,11.5245,1941.68
319,13,0,2,11.4951,1786.59
320,13,0,2,11.4825,1700.89
849,13,0,3,11.784,3312.69,0.0695,303.138,0.23,4
1774,13,0,3,11.7804,3292.69
837,13,0,3,11.7682,3222.25
2010,13,0,3,11.7596,3173.95
2009,13,0,3,11.7375,3053.53
819,13,0,3,11.7304,3006.03
811,13,0,3,11.7092,2887.42
805,13,0,3,11.7057,2867.98
358,13,0,3,11.6951,2808.47
349,13,0,3,11.6776,2717.86
344,13,0,3,11.6645,2636.26
2176,13,0,4,11.9111,3985.49,0.0568333,247.89,0.16,5
2066,13,0,4,11.9009,3918.38
869,13,0,4,11.8903,3843.37
865,13,0,4,11.8738,3750.26
852,13,0,4,11.867,3708.29
850,13,0,4,11.861,3665.31
849,13,0,4,11.8535,3615.83
1306,13,0,5,12.0005,4420.82,0.0833333,363.475,0.03,6
1599,13,0,5,11.9845,4331.37
1300,13,0,5,11.9807,4305.65
1298,13,0,5,11.9745,4272.75
2176,13,0,5,11.9679,4233.38
869,13,0,6,12.1631,5211.08,0.0443333,193.369,0.11,7
2066,13,0,6,12.1357,5075.13
1297,13,0,6,12.1053,4917.55
1299,13,0,6,12.0992,4884
1600,13,0,6,12.0978,4870.55
1306,13,0,6,12.0838,4784.29
850,13,0,7,12.2355,5579.97,0.1105,481.968,0.03,8
852,13,0,7,12.228,5535.34
865,13,0,7,12.2213,5493.5
869,13,0,7,12.2074,5404.45
819,13,0,8,12.3988,6402.79,0.0838333,365.656,0.48,9
2009,13,0,8,12.3921,6355.58
2010,13,0,8,12.3764,6254.74
837,13,0,8,12.3692,6208.78
1774,13,0,8,12.3548,6130
849,13,0,8,12.3517,6111.4
850,13,0,8,12.346,6061.94
1970,13,0,9,12.7016,8034.1,0.0341667,149.025,0.09,10
124,13,0,9,12.6807,7921.42
105,13,0,9,12.6663,7841.75
1967,13,0,9,12.6289,7644.68
107,13,0,9,12.6237,7615.06
1978,13,0,9,12.6147,7560.17
1979,13,0,9,12.5829,7350.98
329,13,0,9,12.5807,7333.54
2114,13,0,9,12.5762,7310.33
335,13,0,9,12.5658,7249.2
1819,13,0,9,12.5608,7220.26
344,13,0,9,12.5442,7123.01
349,13,0,9,12.5301,7039.93
358,13,0,9,12.5177,6970.62
805,13,0,9,12.5062,6907.34
811,13,0,9,12.5044,6889.6
819,13,0,9,12.4826,6768.44
1968,13,0,10,12.8129,8571,0,0,0
118,13,0,10,12.7734,8372.57
117,13,0,10,12.7663,8336.59
122,13,0,10,12.749,8249.68
1970,13,0,10,12.7358,8183.12
105,14,0,0,11.393,499.965,0.104333,455.071,0.4,1
124,14,0,0,11.3797,425.166
1970,14,0,0,11.3639,332.084
122,14,0,0,11.351,266.81
117,14,0,0,11.3356,187.792
118,14,0,0,11.3278,149.07
1968,14,0,0,11.3,0
320,14,0,1,11.552,1306.15,0.0905,394.734,0.38,2
1978,14,0,1,11.5334,1185.95
107,14,0,1,11.5249,1131.84
1967,14,0,1,11.5219,1103.14
105,14,0,1,11.4973,955.035
2176,14,0,2,11.9311,3293.35,0.0568333,247.89,0.16,3
2066,14,0,2,11.9207,3226.01
869,14,0,2,11.9093,3150.38
1856,14,0,2,11.8815,3022.9
855,14,0,2,11.8814,3022.19
854,14,0,2,11.8791,3008.6
841,14,0,2,11.8606,2909.55
829,14,0,2,11.846,2827.2
831,14,0,2,11.8332,2761.62
2153,14,0,2,11.8332,2761.54
821,14,0,2,11.8192,2692.19
2008,14,0,2,11.8107,2649.4
812,14,0,2,11.7942,2558.08
807,14,0,2,11.7941,2557.29
356,14,0,2,11.7813,2486.87
1981,14,0,2,11.769,2403.36
345,14,0,2,11.7473,2293.29
341,14,0,2,11.7379,2243.04
2132,14,0,2,11.7376,2241
328,14,0,2,11.7238,2149.42
2115,14,0,2,11.7124,2090.43
329,14,0,2,11.7085,2069.73
2116,14,0,2,11.7033,2042.86
327,14,0,2,11.6889,1964.19
324,14,0,2,11.6845,1941.68
319,14,0,2,11.6551,1786.59
320,14,0,2,11.6425,1700.89
1306,14,0,3,12.0205,3728.67,0.0833333,363.475,0.03,4
1599,14,0,3,12.0046,3639.23
1300,14,0,3,12.0008,3613.51
1298,14,0,3,11.9946,3580.6
2176,14,0,3,11.988,3541.24
869,14,0,4,12.1832,4518.93,0.0443333,193.369,0.11,5
2066,14,0,4,12.1558,4382.99
1297,14,0,4,12.1253,4225.41
1299,14,0,4,12.1193,4191.86
1600,14,0,4,12.1178,4178.41
1306,14,0,4,12.1038,4092.15
850,14,0,5,12.2556,4887.83,0.1105,481.968,0.03,6
852,14,0,5,12.2481,4843.19
865,14,0,5,12.2413,4801.35
869,14,0,5,12.2275,4712.3
849,14,0,6,12.3718,5419.26,0.0775,338.032,0.22,7
850,14,0,6,12.3661,5369.8
819,14,0,7,12.4963,6048.67,0.0838333,365.656,0.48,8
2009,14,0,7,12.4896,6001.47
2010,14,0,7,12.4739,5900.62
837,14,0,7,12.4667,5854.67
1774,14,0,7,12.4524,5775.89
849,14,0,7,12.4493,5757.29
344,14,0,8,12.6418,6768.9,0.0863333,376.56,0.09,9
349,14,0,8,12.6277,6685.81
358,14,0,8,12.6152,6616.51
805,14,0,8,12.6037,6553.23
811,14,0,8,12.6019,6535.49
819,14,0,8,12.5802,6414.33
1970,14,0,9,12.8855,8056.55,0.0341667,149.025,0.09,10
124,14,0,9,12.8646,7943.87
105,14,0,9,12.8502,7864.19
1967,14,0,9,12.8128,7667.13
107,14,0,9,12.8076,7637.51
1978,14,0,9,12.7985,7582.62
1979,14,0,9,12.7668,7373.43
329,14,0,9,12.7646,7355.99
2114,14,0,9,12.7601,7332.78
335,14,0,9,12.7496,7271.65
1819,14,0,9,12.7447,7242.71
344,14,0,9,12.7281,7145.46
1968,14,0,10,12.9968,8593.44,0,0,0
118,14,0,10,12.9573,8395.02
117,14,0,10,12.9502,8359.04
122,14,0,10,12.9329,8272.12
1970,14,0,10,12.9197,8205.57
105,15,0,0,11.373,499.965,0.104333,455.071,0.4,1
124,15,0,0,11.3597,425.166
1970,15,0,0,11.3439,332.084
122,15,0,0,11.331,266.81
117,15,0,0,11.3156,187.792
118,15,0,0,11.3078,149.07
1968,15,0,0,11.28,0
320,15,0,1,11.532,1306.15,0.0905,394.734,0.38,2
1978,15,0,1,11.5134,1185.95
107,15,0,1,11.5049,1131.84
1967,15,0,1,11.5019,1103.14
105,15,0,1,11.4773,955.035
344,15,0,2,11.7247,2288.05,0.0798333,348.209,0.09,3
1819,15,0,2,11.7113,2194.53
335,15,0,2,11.7063,2165.58
2114,15,0,2,11.691,2084.78
329,15,0,2,11.6885,2069.73
2116,15,0,2,11.6833,2042.86
327,15,0,2,11.6688,1964.19
324,15,0,2,11.6645,1941.68
319,15,0,2,11.6351,1786.59
320,15,0,2,11.6225,1700.89
849,15,0,3,11.924,3312.69,0.0695,303.138,0.23,4
1774,15,0,3,11.9204,3292.69
837,15,0,3,11.9082,3222.25
2010,15,0,3,11.8996,3173.95
2009,15,0,3,11.8775,3053.53
819,15,0,3,11.8704,3006.03
811,15,0,3,11.8492,2887.42
805,15,0,3,11.8457,2867.98
358,15,0,3,11.8351,2808.47
349,15,0,3,11.8176,2717.86
344,15,0,3,11.8045,2636.26
850,15,0,4,12.001,3665.31,0.1105,481.968,0.03,5
849,15,0,4,11.9935,3615.83
869,15,0,5,12.1384,4321.73,0.0443333,193.369,0.11,6
865,15,0,5,12.1237,4231.52
852,15,0,5,12.1175,4190.26
850,15,0,5,12.1115,4147.28
2176,15,0,6,12.2038,4657.41,0.0963333,420.177,0.14,7
2066,15,0,6,12.1936,4590.25
869,15,0,6,12.1828,4515.1
1306,15,0,7,12.3339,5268.82,0.0833333,363.475,0.03,8
1599,15,0,7,12.3164,5172.37
1300,15,0,7,12.312,5145.95
1298,15,0,7,12.3067,5116.77
2176,15,0,7,12.3002,5077.59
819,15,0,8,12.5774,6575.46,0.0838333,365.656,0.48,9
2009,15,0,8,12.5707,6528.25
2010,15,0,8,12.555,6427.41
837,15,0,8,12.5478,6381.45
1774,15,0,8,12.5334,6302.67
849,15,0,8,12.5303,6284.07
850,15,0,8,12.5247,6234.61
852,15,0,8,12.5171,6189.98
865,15,0,8,12.5104,6148.13
869,15,0,8,12.4966,6059.08
2066,15,0,8,12.4692,5923.14
1297,15,0,8,12.4387,5765.55
1299,15,0,8,12.4327,5732.01
1600,15,0,8,12.4313,5718.56
1306,15,0,8,12.4173,5632.3
1970,15,0,9,12.8803,8206.77,0.0341667,149.025,0.09,10
124,15,0,9,12.8594,8094.09
105,15,0,9,12.8449,8014.41
1967,15,0,9,12.8075,7817.35
107,15,0,9,12.8023,7787.73
1978,15,0,9,12.7933,7732.84
1979,15,0,9,12.7615,7523.65
329,15,0,9,12.7594,7506.21
2114,15,0,9,12.7548,7483
335,15,0,9,12.7444,7421.87
1819,15,0,9,12.7394,7392.93
344,15,0,9,12.7229,7295.68
349,15,0,9,12.7088,7212.6
358,15,0,9,12.6963,7143.29
805,15,0,9,12.6848,7080.01
811,15,0,9,12.683,7062.27
819,15,0,9,12.6612,6941.11
1968,15,0,10,12.9915,8743.67,0,0,0
118,15,0,10,12.952,8545.24
117,15,0,10,12.9449,8509.26
122,15,0,10,12.9276,8422.35
1970,15,0,10,12.9144,8355.79
105,16,0,0,11.343,499.965,0.104333,455.071,0.4,1
124,16,0,0,11.3297,425.166
1970,16,0,0,11.3139,332.084
122,16,0,0,11.301,266.81
117,16,0,0,11.2856,187.792
118,16,0,0,11.2778,149.07
1968,16,0,0,11.25,0
320,16,0,1,11.502,1306.15,0.0905,394.734,0.38,2
1978,16,0,1,11.4834,1185.95
107,16,0,1,11.4749,1131.84
1967,16,0,1,11.4719,1103.14
105,16,0,1,11.4473,955.035
344,16,0,2,11.6947,2288.05,0.0798333,348.209,0.09,3
1819,16,0,2,11.6813,2194.53
335,16,0,2,11.6763,2165.58
2114,16,0,2,11.661,2084.78
329,16,0,2,11.6585,2069.73
2116,16,0,2,11.6533,2042.86
327,16,0,2,11.6389,1964.19
324,16,0,2,11.6345,1941.68
319,16,0,2,11.6051,1786.59
320,16,0,2,11.5925,1700.89
869,16,0,3,11.9308,3540.23,0.0495,215.904,0.11,4
865,16,0,3,11.9143,3447.12
852,16,0,3,11.9075,3405.15
850,16,0,3,11.9015,3362.17
849,16,0,3,11.894,3312.69
1774,16,0,3,11.8904,3292.69
837,16,0,3,11.8782,3222.25
2010,16,0,3,11.8696,3173.95
2009,16,0,3,11.8475,3053.53
819,16,0,3,11.8404,3006.03
811,16,0,3,11.8192,2887.42
805,16,0,3,11.8157,2867.98
358,16,0,3,11.8051,2808.47
349,16,0,3,11.7876,2717.86
344,16,0,3,11.7745,2636.26
2176,16,0,4,12.0011,3898.26,0.0963333,420.177,0.14,5
2066,16,0,4,11.9909,3831.15
869,16,0,4,11.9803,3756.13
1306,16,0,5,12.1312,4509.67,0.0833333,363.475,0.03,6
1599,16,0,5,12.1136,4413.22
1300,16,0,5,12.1093,4386.8
1298,16,0,5,12.1039,4357.62
2176,16,0,5,12.0974,4318.44
850,16,0,6,12.3219,5475.46,0.1105,481.968,0.03,7
852,16,0,6,12.3144,5430.82
865,16,0,6,12.3077,5388.98
869,16,0,6,12.2938,5299.93
2066,16,0,6,12.2665,5163.99
1297,16,0,6,12.236,5006.4
1299,16,0,6,12.23,4972.86
1600,16,0,6,12.2285,4959.41
1306,16,0,6,12.2145,4873.15
849,16,0,7,12.4381,6006.89,0.0775,338.032,0.22,8
850,16,0,7,12.4324,5957.43
819,16,0,8,12.5627,6636.3,0.0838333,365.656,0.48,9
2009,16,0,8,12.556,6589.1
2010,16,0,8,12.5402,6488.25
837,16,0,8,12.5331,6442.3
1774,16,0,8,12.5187,6363.52
849,16,0,8,12.5156,6344.92
1970,16,0,9,12.8655,8267.62,0.0341667,149.025,0.09,10
124,16,0,9,12.8446,8154.94
105,16,0,9,12.8302,8075.26
1967,16,0,9,12.7928,7878.2
107,16,0,9,12.7876,7848.58
1978,16,0,9,12.7785,7793.69
1979,16,0,9,12.7468,7584.5
329,16,0,9,12.7446,7567.06
2114,16,0,9,12.7401,7543.85
335,16,0,9,12.7296,7482.72
1819,16,0,9,12.7247,7453.78
344,16,0,9,12.7081,7356.53
349,16,0,9,12.694,7273.45
358,16,0,9,12.6815,7204.14
805,16,0,9,12.6701,7140.86
811,16,0,9,12.6683,7123.12
819,16,0,9,12.6465,7001.96
1968,16,0,10,12.9768,8804.51,0,0,0
118,16,0,10,12.9373,8606.09
117,16,0,10,12.9302,8570.11
122,16,0,10,12.9129,8483.2
1970,16,0,10,12.8997,8416.64
1970,17,0,0,11.2539,332.084,0.0768333,335.124,0.08,1
122,17,0,0,11.241,266.81
117,17,0,0,11.2256,187.792
118,17,0,0,11.2178,149.07
1968,17,0,0,11.19,0
105,17,0,1,11.3598,835.089,0.104333,455.071,0.4,2
124,17,0,1,11.3465,760.29
1970,17,0,1,11.3307,667.208
320,17,0,2,11.5188,1641.28,0.0905,394.734,0.38,3
1978,17,0,2,11.5002,1521.07
107,17,0,2,11.4918,1466.97
1967,17,0,2,11.4888,1438.26
105,17,0,2,11.4642,1290.16
344,17,0,3,11.7115,2623.18,0.0798333,348.209,0.09,4
1819,17,0,3,11.6981,2529.65
335,17,0,3,11.6932,2500.7
2114,17,0,3,11.6778,2419.91
329,17,0,3,11.6753,2404.85
2116,17,0,3,11.6702,2377.98
327,17,0,3,11.6557,2299.31
324,17,0,3,11.6513,2276.8
319,17,0,3,11.6219,2121.71
320,17,0,3,11.6093,2036.01
869,17,0,4,11.9476,3875.35,0.0495,215.904,0.11,5
865,17,0,4,11.9311,3782.25
852,17,0,4,11.9243,3740.28
850,17,0,4,11.9183,3697.29
849,17,0,4,11.9109,3647.82
1774,17,0,4,11.9073,3627.82
837,17,0,4,11.895,3557.37
2010,17,0,4,11.8864,3509.08
2009,17,0,4,11.8643,3388.65
819,17,0,4,11.8572,3341.16
811,17,0,4,11.836,3222.54
805,17,0,4,11.8325,3203.11
358,17,0,4,11.8219,3143.6
349,17,0,4,11.8044,3052.98
344,17,0,4,11.7913,2971.38
2176,17,0,5,12.0179,4233.38,0.0963333,420.177,0.14,6
2066,17,0,5,12.0077,4166.27
869,17,0,5,11.9971,4091.26
1306,17,0,6,12.148,4844.8,0.0833333,363.475,0.03,7
1599,17,0,6,12.1305,4748.35
1300,17,0,6,12.1261,4721.92
1298,17,0,6,12.1208,4692.74
2176,17,0,6,12.1142,4653.56
850,17,0,7,12.3387,5810.58,0.1105,481.968,0.03,8
852,17,0,7,12.3312,5765.95
865,17,0,7,12.3245,5724.11
869,17,0,7,12.3107,5635.06
2066,17,0,7,12.2833,5499.11
1297,17,0,7,12.2528,5341.53
1299,17,0,7,12.2468,5307.98
1600,17,0,7,12.2453,5294.53
1306,17,0,7,12.2313,5208.27
849,17,0,8,12.4549,6342.01,0.0775,338.032,0.22,9
850,17,0,8,12.4492,6292.55
819,17,0,9,12.5795,6971.43,0.0838333,365.656,0.48,10
2009,17,0,9,12.5728,6924.22
2010,17,0,9,12.5571,6823.38
837,17,0,9,12.5499,6777.42
1774,17,0,9,12.5355,6698.65
849,17,0,9,12.5324,6680.04
1968,17,0,10,12.9595,8990.88,0,0,0
118,17,0,10,12.9203,8793.6
117,17,0,10,12.9128,8756.21
122,17,0,10,12.8956,8669.29
1970,17,0,10,12.8824,8602.74
124,17,0,10,12.8615,8490.06
105,17,0,10,12.847,8410.39
1967,17,0,10,12.8096,8213.33
107,17,0,10,12.8044,8183.71
1978,17,0,10,12.7954,8128.81
1979,17,0,10,12.7636,7919.63
329,17,0,10,12.7615,7902.18
2114,17,0,10,12.7569,7878.98
335,17,0,10,12.7465,7817.84
1819,17,0,10,12.7415,7788.9
344,17,0,10,12.725,7691.65
349,17,0,10,12.7109,7608.57
358,17,0,10,12.6984,7539.27
805,17,0,10,12.6869,7475.98
811,17,0,10,12.6851,7458.25
819,17,0,10,12.6633,7337.08
320,18,0,0,11.4177,851.082,0.0905,394.734,0.38,1
1978,18,0,0,11.3991,730.88
107,18,0,0,11.3906,676.772
1967,18,0,0,11.3876,648.066
105,18,0,0,11.363,499.965
124,18,0,0,11.3497,425.166
1970,18,0,0,11.3339,332.084
122,18,0,0,11.321,266.81
117,18,0,0,11.3056,187.792
118,18,0,0,11.2978,149.07
1968,18,0,0,11.27,0
344,18,0,1,11.6103,1832.98,0.0798333,348.209,0.09,2
1819,18,0,1,11.597,1739.46
335,18,0,1,11.592,1710.51
2114,18,0,1,11.5767,1629.71
329,18,0,1,11.5741,1614.66
2116,18,0,1,11.569,1587.79
327,18,0,1,11.5545,1509.12
324,18,0,1,11.5502,1486.61
319,18,0,1,11.5208,1331.52
320,18,0,1,11.5082,1245.82
849,18,0,2,11.8097,2857.62,0.0695,303.138,0.23,3
1774,18,0,2,11.8061,2837.62
837,18,0,2,11.7938,2767.18
2010,18,0,2,11.7853,2718.88
2009,18,0,2,11.7631,2598.46
819,18,0,2,11.756,2550.96
811,18,0,2,11.7348,2432.35
805,18,0,2,11.7313,2412.91
358,18,0,2,11.7207,2353.4
349,18,0,2,11.7033,2262.79
344,18,0,2,11.6902,2181.19
2176,18,0,3,11.9367,3530.42,0.0568333,247.89,0.16,4
2066,18,0,3,11.9265,3463.31
869,18,0,3,11.916,3388.3
865,18,0,3,11.8995,3295.19
852,18,0,3,11.8926,3253.22
850,18,0,3,11.8867,3210.24
849,18,0,3,11.8792,3160.76
1306,18,0,4,12.0261,3965.75,0.0833333,363.475,0.03,5
1599,18,0,4,12.0102,3876.3
1300,18,0,4,12.0064,3850.58
1298,18,0,4,12.0002,3817.68
2176,18,0,4,11.9936,3778.31
869,18,0,5,12.1888,4756.01,0.0443333,193.369,0.11,6
2066,18,0,5,12.1614,4620.06
1297,18,0,5,12.1309,4462.48
1299,18,0,5,12.1249,4428.93
1600,18,0,5,12.1235,4415.48
1306,18,0,5,12.1095,4329.22
850,18,0,6,12.2612,5124.9,0.1105,481.968,0.03,7
852,18,0,6,12.2537,5080.27
865,18,0,6,12.247,5038.43
869,18,0,6,12.2331,4949.38
819,18,0,7,12.4244,5947.72,0.0838333,365.656,0.48,8
2009,18,0,7,12.4177,5900.51
2010,18,0,7,12.402,5799.67
837,18,0,7,12.3948,5753.71
1774,18,0,7,12.3805,5674.93
849,18,0,7,12.3774,5656.33
850,18,0,7,12.3717,5606.87
1970,18,0,8,12.7273,7579.03,0.0341667,149.025,0.09,9
124,18,0,8,12.7064,7466.35
105,18,0,8,12.6919,7386.67
1967,18,0,8,12.6546,7189.61
107,18,0,8,12.6494,7159.99
1978,18,0,8,12.6403,7105.1
1979,18,0,8,12.6086,6895.91
329,18,0,8,12.6064,6878.47
2114,18,0,8,12.6019,6855.26
335,18,0,8,12.5914,6794.13
1819,18,0,8,12.5865,6765.19
344,18,0,8,12.5699,6667.94
349,18,0,8,12.5558,6584.86
358,18,0,8,12.5433,6515.55
805,18,0,8,12.5319,6452.27
811,18,0,8,12.53,6434.53
819,18,0,8,12.5083,6313.37
1968,18,0,9,12.8386,8115.93,0,0,0
118,18,0,9,12.7991,7917.5
117,18,0,9,12.7919,7881.52
122,18,0,9,12.7747,7794.61
1970,18,0,9,12.7615,7728.05
105,18,1,0,9.99826,522.901,0.1085,473.244,0.3,1
124,18,1,0,9.98272,438.596
1970,18,1,0,9.96717,345.923
122,18,1,0,9.9544,281.164
117,18,1,0,9.93485,184.747
118,18,1,0,9.92805,150.127
1968,18,1,0,9.9,0
1968,18,1,1,10.2072,1525.79,0,0,0
118,18,1,1,10.1747,1356.71
117,18,1,1,10.1674,1320.07
122,18,1,1,10.1508,1235.7
1970,18,1,1,10.1388,1174.12
124,18,1,1,10.1195,1068.77
105,18,1,1,10.1068,996.145
320,19,0,0,11.4777,851.082,0.0905,394.734,0.38,1
1978,19,0,0,11.4591,730.88
107,19,0,0,11.4506,676.772
1967,19,0,0,11.4476,648.066
105,19,0,0,11.423,499.965
124,19,0,0,11.4097,425.166
1970,19,0,0,11.3939,332.084
122,19,0,0,11.381,266.81
117,19,0,0,11.3656,187.792
118,19,0,0,11.3578,149.07
1968,19,0,0,11.33,0
344,19,0,1,11.6703,1832.98,0.0798333,348.209,0.09,2
1819,19,0,1,11.657,1739.46
335,19,0,1,11.652,1710.51
2114,19,0,1,11.6367,1629.71
329,19,0,1,11.6341,1614.66
2116,19,0,1,11.629,1587.79
327,19,0,1,11.6145,1509.12
324,19,0,1,11.6102,1486.61
319,19,0,1,11.5808,1331.52
320,19,0,1,11.5682,1245.82
2176,19,0,2,11.9272,3227.28,0.0568333,247.89,0.16,3
2066,19,0,2,11.917,3160.17
869,19,0,2,11.9065,3085.16
865,19,0,2,11.8899,2992.05
852,19,0,2,11.8831,2950.08
850,19,0,2,11.8772,2907.1
849,19,0,2,11.8697,2857.62
1774,19,0,2,11.8661,2837.62
837,19,0,2,11.8538,2767.18
2010,19,0,2,11.8453,2718.88
2009,19,0,2,11.8231,2598.46
819,19,0,2,11.816,2550.96
811,19,0,2,11.7948,2432.35
805,19,0,2,11.7913,2412.91
358,19,0,2,11.7807,2353.4
349,19,0,2,11.7633,2262.79
344,19,0,2,11.7502,2181.19
1306,19,0,3,12.0166,3662.61,0.0833333,363.475,0.03,4
1599,19,0,3,12.0007,3573.16
1300,19,0,3,11.9969,3547.45
1298,19,0,3,11.9907,3514.54
2176,19,0,3,11.9841,3475.17
869,19,0,4,12.1793,4452.87,0.0443333,193.369,0.11,5
2066,19,0,4,12.1519,4316.92
1297,19,0,4,12.1214,4159.34
1299,19,0,4,12.1154,4125.79
1600,19,0,4,12.114,4112.35
1306,19,0,4,12.1,4026.08
850,19,0,5,12.2517,4821.76,0.1105,481.968,0.03,6
852,19,0,5,12.2442,4777.13
865,19,0,5,12.2375,4735.29
869,19,0,5,12.2236,4646.24
849,19,0,6,12.3679,5353.19,0.0775,338.032,0.22,7
850,19,0,6,12.3622,5303.73
819,19,0,7,12.4924,5982.61,0.0838333,365.656,0.48,8
2009,19,0,7,12.4857,5935.4
2010,19,0,7,12.47,5834.56
837,19,0,7,12.4628,5788.6
1774,19,0,7,12.4485,5709.83
849,19,0,7,12.4454,5691.23
1970,19,0,8,12.7953,7613.92,0.0341667,149.025,0.09,9
124,19,0,8,12.7744,7501.24
105,19,0,8,12.7599,7421.57
1967,19,0,8,12.7226,7224.51
107,19,0,8,12.7174,7194.89
1978,19,0,8,12.7083,7139.99
1979,19,0,8,12.6766,6930.81
329,19,0,8,12.6744,6913.36
2114,19,0,8,12.6699,6890.16
335,19,0,8,12.6594,6829.02
1819,19,0,8,12.6545,6800.08
344,19,0,8,12.6379,6702.83
349,19,0,8,12.6238,6619.75
358,19,0,8,12.6113,6550.45
805,19,0,8,12.5999,6487.16
811,19,0,8,12.598,6469.43
819,19,0,8,12.5763,6348.26
1968,19,0,9,12.9066,8150.82,0,0,0
118,19,0,9,12.8671,7952.39
117,19,0,9,12.8599,7916.42
122,19,0,9,12.8427,7829.5
1970,19,0,9,12.8295,7762.95
105,19,1,0,9.89826,522.901,0.1085,473.244,0.3,1
124,19,1,0,9.88272,438.596
1970,19,1,0,9.86717,345.923
122,19,1,0,9.8544,281.164
117,19,1,0,9.83485,184.747
118,19,1,0,9.82805,150.127
1968,19,1,0,9.8,0
1968,19,1,1,10.1072,1525.79,0,0,0
118,19,1,1,10.0747,1356.71
117,19,1,1,10.0674,1320.07
122,19,1,1,10.0508,1235.7
1970,19,1,1,10.0388,1174.12
124,19,1,1,10.0195,1068.77
105,19,1,1,10.0068,996.145
320,20,0,0,11.4677,851.082,0.0905,394.734,0.38,1
1978,20,0,0,11.4491,730.88
107,20,0,0,11.4406,676.772
1967,20,0,0,11.4376,648.066
105,20,0,0,11.413,499.965
124,20,0,0,11.3997,425.166
1970,20,0,0,11.3839,332.084
122,20,0,0,11.371,266.81
117,20,0,0,11.3556,187.792
118,20,0,0,11.3478,149.07
1968,20,0,0,11.32,0
344,20,0,1,11.6603,1832.98,0.0798333,348.209,0.09,2
1819,20,0,1,11.647,1739.46
335,20,0,1,11.642,1710.51
2114,20,0,1,11.6267,1629.71
329,20,0,1,11.6241,1614.66
2116,20,0,1,11.619,1587.79
327,20,0,1,11.6045,1509.12
324,20,0,1,11.6002,1486.61
319,20,0,1,11.5708,1331.52
320,20,0,1,11.5582,1245.82
2176,20,0,2,11.9172,3227.28,0.0568333,247.89,0.16,3
2066,20,0,2,11.907,3160.17
869,20,0,2,11.8965,3085.16
865,20,0,2,11.8799,2992.05
852,20,0,2,11.8731,2950.08
850,20,0,2,11.8672,2907.1
849,20,0,2,11.8597,2857.62
1774,20,0,2,11.8561,2837.62
837,20,0,2,11.8438,2767.18
2010,20,0,2,11.8353,2718.88
2009,20,0,2,11.8131,2598.46
819,20,0,2,11.806,2550.96
811,20,0,2,11.7848,2432.35
805,20,0,2,11.7813,2412.91
358,20,0,2,11.7707,2353.4
349,20,0,2,11.7533,2262.79
344,20,0,2,11.7402,2181.19
1306,20,0,3,12.0066,3662.61,0.0833333,363.475,0.03,4
1599,20,0,3,11.9907,3573.16
1300,20,0,3,11.9869,3547.45
1298,20,0,3,11.9807,3514.54
2176,20,0,3,11.9741,3475.17
869,20,0,4,12.1693,4452.87,0.0443333,193.369,0.11,5
2066,20,0,4,12.1419,4316.92
1297,20,0,4,12.1114,4159.34
1299,20,0,4,12.1054,4125.79
1600,20,0,4,12.104,4112.35
1306,20,0,4,12.09,4026.08
850,20,0,5,12.2417,4821.76,0.1105,481.968,0.03,6
852,20,0,5,12.2342,4777.13
865,20,0,5,12.2275,4735.29
869,20,0,5,12.2136,4646.24
849,20,0,6,12.3579,5353.19,0.0775,338.032,0.22,7
850,20,0,6,12.3522,5303.73
819,20,0,7,12.4824,5982.61,0.0838333,365.656,0.48,8
2009,20,0,7,12.4757,5935.4
2010,20,0,7,12.46,5834.56
837,20,0,7,12.4528,5788.6
1774,20,0,7,12.4385,5709.83
849,20,0,7,12.4354,5691.23
1968,20,0,8,12.8625,8002.06,0,0,0
118,20,0,8,12.8232,7804.78
117,20,0,8,12.8158,7767.39
122,20,0,8,12.7985,7680.48
1970,20,0,8,12.7853,7613.92
124,20,0,8,12.7644,7501.24
105,20,0,8,12.7499,7421.57
1967,20,0,8,12.7126,7224.51
107,20,0,8,12.7074,7194.89
1978,20,0,8,12.6983,7139.99
1979,20,0,8,12.6666,6930.81
329,20,0,8,12.6644,6913.36
2114,20,0,8,12.6599,6890.16
335,20,0,8,12.6494,6829.02
1819,20,0,8,12.6445,6800.08
344,20,0,8,12.6279,6702.83
349,20,0,8,12.6138,6619.75
358,20,0,8,12.6013,6550.45
805,20,0,8,12.5899,6487.16
811,20,0,8,12.588,6469.43
819,20,0,8,12.5663,6348.26
105,20,1,0,9.89826,522.901,0.1085,473.244,0.3,1
124,20,1,0,9.88272,438.596
1970,20,1,0,9.86717,345.923
122,20,1,0,9.8544,281.164
117,20,1,0,9.83485,184.747
118,20,1,0,9.82805,150.127
1968,20,1,0,9.8,0
1970,20,1,1,10.0388,1174.12,0.0656667,286.418,0.08,2
124,20,1,1,10.0195,1068.77
105,20,1,1,10.0068,996.145
1968,20,1,2,10.1729,1812.21,0,0,0
118,20,1,2,10.1404,1643.13
117,20,1,2,10.1331,1606.49
122,20,1,2,10.1164,1522.12
1970,20,1,2,10.1044,1460.54
320,21,0,0,11.5177,851.082,0.0905,394.734,0.38,1
1978,21,0,0,11.4991,730.88
107,21,0,0,11.4906,676.772
1967,21,0,0,11.4876,648.066
105,21,0,0,11.463,499.965
124,21,0,0,11.4497,425.166
1970,21,0,0,11.4339,332.084
122,21,0,0,11.421,266.81
117,21,0,0,11.4056,187.792
118,21,0,0,11.3978,149.07
1968,21,0,0,11.37,0
344,21,0,1,11.7103,1832.98,0.0798333,348.209,0.09,2
1819,21,0,1,11.697,1739.46
335,21,0,1,11.692,1710.51
2114,21,0,1,11.6767,1629.71
329,21,0,1,11.6741,1614.66
2116,21,0,1,11.669,1587.79
327,21,0,1,11.6545,1509.12
324,21,0,1,11.6502,1486.61
319,21,0,1,11.6208,1331.52
320,21,0,1,11.6082,1245.82
869,21,0,2,11.9465,3085.16,0.0495,215.904,0.11,3
865,21,0,2,11.9299,2992.05
852,21,0,2,11.9231,2950.08
850,21,0,2,11.9172,2907.1
849,21,0,2,11.9097,2857.62
1774,21,0,2,11.9061,2837.62
837,21,0,2,11.8938,2767.18
2010,21,0,2,11.8853,2718.88
2009,21,0,2,11.8631,2598.46
819,21,0,2,11.856,2550.96
811,21,0,2,11.8348,2432.35
805,21,0,2,11.8313,2412.91
358,21,0,2,11.8207,2353.4
349,21,0,2,11.8033,2262.79
344,21,0,2,11.7902,2181.19
2176,21,0,3,12.0167,3443.19,0.0963333,420.177,0.14,4
2066,21,0,3,12.0065,3376.08
869,21,0,3,11.996,3301.06
1306,21,0,4,12.1468,4054.6,0.0833333,363.475,0.03,5
1599,21,0,4,12.1293,3958.15
1300,21,0,4,12.1249,3931.73
1298,21,0,4,12.1196,3902.55
2176,21,0,4,12.1131,3863.37
850,21,0,5,12.3376,5020.39,0.1105,481.968,0.03,6
852,21,0,5,12.3301,4975.75
865,21,0,5,12.3233,4933.91
869,21,0,5,12.3095,4844.86
2066,21,0,5,12.2821,4708.92
1297,21,0,5,12.2517,4551.33
1299,21,0,5,12.2456,4517.79
1600,21,0,5,12.2442,4504.34
1306,21,0,5,12.2302,4418.08
849,21,0,6,12.4538,5551.82,0.0775,338.032,0.22,7
850,21,0,6,12.4481,5502.36
819,21,0,7,12.5783,6181.23,0.0838333,365.656,0.48,8
2009,21,0,7,12.5716,6134.03
2010,21,0,7,12.5559,6033.18
837,21,0,7,12.5487,5987.23
1774,21,0,7,12.5344,5908.45
849,21,0,7,12.5313,5889.85
1970,21,0,8,12.8812,7812.54,0.0341667,149.025,0.09,9
124,21,0,8,12.8603,7699.87
105,21,0,8,12.8458,7620.19
1967,21,0,8,12.8085,7423.13
107,21,0,8,12.8032,7393.51
1978,21,0,8,12.7942,7338.62
1979,21,0,8,12.7624,7129.43
329,21,0,8,12.7603,7111.99
2114,21,0,8,12.7557,7088.78
335,21,0,8,12.7453,7027.65
1819,21,0,8,12.7403,6998.71
344,21,0,8,12.7238,6901.46
349,21,0,8,12.7097,6818.37
358,21,0,8,12.6972,6749.07
805,21,0,8,12.6857,6685.79
811,21,0,8,12.6839,6668.05
819,21,0,8,12.6622,6546.89
1968,21,0,9,12.9924,8349.44,0,0,0
118,21,0,9,12.9529,8151.02
117,21,0,9,12.9458,8115.04
122,21,0,9,12.9286,8028.12
1970,21,0,9,12.9154,7961.57
105,21,1,0,9.96826,522.901,0.1085,473.244,0.3,1
124,21,1,0,9.95272,438.596
1970,21,1,0,9.93717,345.923
122,21,1,0,9.9244,281.164
117,21,1,0,9.90485,184.747
118,21,1,0,9.89805,150.127
1968,21,1,0,9.87,0
1968,21,1,1,10.1772,1525.79,0,0,0
118,21,1,1,10.1447,1356.71
117,21,1,1,10.1374,1320.07
122,21,1,1,10.1208,1235.7
1970,21,1,1,10.1088,1174.12
124,21,1,1,10.0895,1068.77
105,21,1,1,10.0768,996.145
320,22,0,0,11.5577,851.082,0.0905,394.734,0.38,1
1978,22,0,0,11.5391,730.88
107,22,0,0,11.5306,676.772
1967,22,0,0,11.5276,648.066
105,22,0,0,11.503,499.965
124,22,0,0,11.4897,425.166
1970,22,0,0,11.4739,332.084
122,22,0,0,11.461,266.81
117,22,0,0,11.4456,187.792
118,22,0,0,11.4378,149.07
1968,22,0,0,11.41,0
344,22,0,1,11.7503,1832.98,0.0798333,348.209,0.09,2
1819,22,0,1,11.737,1739.46
335,22,0,1,11.732,1710.51
2114,22,0,1,11.7167,1629.71
329,22,0,1,11.7141,1614.66
2116,22,0,1,11.709,1587.79
327,22,0,1,11.6945,1509.12
324,22,0,1,11.6902,1486.61
319,22,0,1,11.6608,1331.52
320,22,0,1,11.6482,1245.82
2176,22,0,2,12.0072,3227.28,0.0963333,420.177,0.14,3
2066,22,0,2,11.997,3160.17
869,22,0,2,11.9865,3085.16
865,22,0,2,11.9699,2992.05
852,22,0,2,11.9631,2950.08
850,22,0,2,11.9572,2907.1
849,22,0,2,11.9497,2857.62
1774,22,0,2,11.9461,2837.62
837,22,0,2,11.9338,2767.18
2010,22,0,2,11.9253,2718.88
2009,22,0,2,11.9031,2598.46
819,22,0,2,11.896,2550.96
811,22,0,2,11.8748,2432.35
805,22,0,2,11.8713,2412.91
358,22,0,2,11.8607,2353.4
349,22,0,2,11.8433,2262.79
344,22,0,2,11.8302,2181.19
1306,22,0,3,12.1373,3838.7,0.0833333,363.475,0.03,4
1599,22,0,3,12.1198,3742.25
1300,22,0,3,12.1154,3715.82
1298,22,0,3,12.1101,3686.64
2176,22,0,3,12.1036,3647.46
869,22,0,4,12.3,4628.96,0.0443333,193.369,0.11,5
2066,22,0,4,12.2726,4493.01
1297,22,0,4,12.2422,4335.43
1299,22,0,4,12.2361,4301.88
1600,22,0,4,12.2347,4288.43
1306,22,0,4,12.2207,4202.17
850,22,0,5,12.3724,4997.85,0.1105,481.968,0.03,6
852,22,0,5,12.3649,4953.22
865,22,0,5,12.3582,4911.38
869,22,0,5,12.3443,4822.33
849,22,0,6,12.4886,5529.28,0.0775,338.032,0.22,7
850,22,0,6,12.4829,5479.82
819,22,0,7,12.6132,6158.7,0.0838333,365.656,0.48,8
2009,22,0,7,12.6065,6111.49
2010,22,0,7,12.5907,6010.65
837,22,0,7,12.5836,5964.69
1774,22,0,7,12.5692,5885.92
849,22,0,7,12.5661,5867.31
1968,22,0,8,12.9932,8178.15,0,0,0
118,22,0,8,12.9539,7980.87
117,22,0,8,12.9465,7943.48
122,22,0,8,12.9292,7856.56
1970,22,0,8,12.916,7790.01
124,22,0,8,12.8951,7677.33
105,22,0,8,12.8807,7597.66
1967,22,0,8,12.8433,7400.6
107,22,0,8,12.8381,7370.98
1978,22,0,8,12.829,7316.08
1979,22,0,8,12.7973,7106.9
329,22,0,8,12.7951,7089.45
2114,22,0,8,12.7906,7066.25
335,22,0,8,12.7801,7005.11
1819,22,0,8,12.7752,6976.17
344,22,0,8,12.7586,6878.92
349,22,0,8,12.7445,6795.84
358,22,0,8,12.732,6726.54
805,22,0,8,12.7206,6663.25
811,22,0,8,12.7188,6645.52
819,22,0,8,12.697,6524.35
105,22,1,0,9.94826,522.901,0.1085,473.244,0.3,1
124,22,1,0,9.93272,438.596
1970,22,1,0,9.91717,345.923
122,22,1,0,9.9044,281.164
117,22,1,0,9.88485,184.747
118,22,1,0,9.87805,150.127
1968,22,1,0,9.85,0
1970,22,1,1,10.0888,1174.12,0.0656667,286.418,0.08,2
124,22,1,1,10.0695,1068.77
105,22,1,1,10.0568,996.145
1968,22,1,2,10.2229,1812.21,0,0,0
118,22,1,2,10.1904,1643.13
117,22,1,2,10.1831,1606.49
122,22,1,2,10.1664,1522.12
1970,22,1,2,10.1544,1460.54
2176,23,0,0,11.917,2151.6,0.0568333,247.89,0.16,1
2066,23,0,0,11.9066,2084.26
869,23,0,0,11.8952,2008.63
1856,23,0,0,11.8669,1878.96
855,23,0,0,11.8667,1878.25
843,23,0,0,11.8529,1798.75
832,23,0,0,11.8421,1737.49
831,23,0,0,11.8342,1696.96
2153,23,0,0,11.8342,1696.88
821,23,0,0,11.8213,1632.02
2008,23,0,0,11.8128,1589.23
812,23,0,0,11.7956,1494.65
807,23,0,0,11.7955,1493.87
356,23,0,0,11.7802,1412.75
1981,23,0,0,11.7679,1329.24
345,23,0,0,11.7462,1219.17
341,23,0,0,11.7368,1168.93
2132,23,0,0,11.7365,1166.89
328,23,0,0,11.7227,1075.3
2115,23,0,0,11.7113,1016.31
329,23,0,0,11.7074,995.611
1979,23,0,0,11.7015,965.863
1978,23,0,0,11.6591,730.88
107,23,0,0,11.6506,676.772
1967,23,0,0,11.6476,648.066
105,23,0,0,11.623,499.965
124,23,0,0,11.6097,425.166
1970,23,0,0,11.5939,332.084
122,23,0,0,11.581,266.81
117,23,0,0,11.5656,187.792
118,23,0,0,11.5578,149.07
1968,23,0,0,11.53,0
1306,23,0,1,12.0064,2586.93,0.0833333,363.475,0.03,2
1599,23,0,1,11.9905,2497.48
1300,23,0,1,11.9867,2471.76
1298,23,0,1,11.9805,2438.85
2176,23,0,1,11.9739,2399.49
869,23,0,2,12.1691,3377.19,0.0443333,193.369,0.11,3
2066,23,0,2,12.1417,3241.24
1297,23,0,2,12.1112,3083.66
1299,23,0,2,12.1052,3050.11
1600,23,0,2,12.1038,3036.66
1306,23,0,2,12.0898,2950.4
850,23,0,3,12.2415,3746.08,0.1105,481.968,0.03,4
852,23,0,3,12.234,3701.45
865,23,0,3,12.2273,3659.6
869,23,0,3,12.2134,3570.56
849,23,0,4,12.3577,4277.51,0.0775,338.032,0.22,5
850,23,0,4,12.352,4228.05
819,23,0,5,12.4822,4906.93,0.0838333,365.656,0.48,6
2009,23,0,5,12.4755,4859.72
2010,23,0,5,12.4598,4758.88
837,23,0,5,12.4526,4712.92
1774,23,0,5,12.4383,4634.14
849,23,0,5,12.4352,4615.54
344,23,0,6,12.6277,5627.15,0.0863333,376.56,0.09,7
349,23,0,6,12.6136,5544.07
358,23,0,6,12.6011,5474.76
805,23,0,6,12.5896,5411.48
811,23,0,6,12.5878,5393.74
819,23,0,6,12.5661,5272.58
1970,23,0,7,12.8714,6914.8,0.0341667,149.025,0.09,8
124,23,0,7,12.8505,6802.12
105,23,0,7,12.8361,6722.45
1967,23,0,7,12.7987,6525.38
107,23,0,7,12.7935,6495.76
1978,23,0,7,12.7844,6440.87
1979,23,0,7,12.7527,6231.68
329,23,0,7,12.7505,6214.24
2114,23,0,7,12.746,6191.03
335,23,0,7,12.7355,6129.9
1819,23,0,7,12.7306,6100.96
344,23,0,7,12.714,6003.71
1968,23,0,8,12.9827,7451.7,0,0,0
118,23,0,8,12.9432,7253.27
117,23,0,8,12.9361,7217.3
122,23,0,8,12.9188,7130.38
1970,23,0,8,12.9056,7063.82
320,23,1,0,9.84409,875.602,0.084,366.383,0.32,1
1978,23,1,0,9.82514,755.022
107,23,1,0,9.81642,700.585
1967,23,1,0,9.81341,671.88
105,23,1,0,9.78826,522.901
124,23,1,0,9.77272,438.596
1970,23,1,0,9.75717,345.923
122,23,1,0,9.7444,281.164
117,23,1,0,9.72485,184.747
118,23,1,0,9.71805,150.127
1968,23,1,0,9.69,0
105,23,1,1,9.99898,1639.24,0.1085,473.244,0.3,2
1967,23,1,1,9.96377,1451.36
107,23,1,1,9.95828,1420.63
1978,23,1,1,9.94855,1364.65
320,23,1,1,9.92809,1241.98
1968,23,1,2,10.2079,2642.13,0,0,0
118,23,1,2,10.1754,2473.05
117,23,1,2,10.1681,2436.41
122,23,1,2,10.1515,2352.05
1970,23,1,2,10.1395,2290.47
124,23,1,2,10.1203,2185.11
105,23,1,2,10.1075,2112.49
344,24,0,0,11.6736,1213.94,0.0798333,348.209,0.09,1
1819,24,0,0,11.6602,1120.41
335,24,0,0,11.6552,1091.46
2114,24,0,0,11.6399,1010.67
329,24,0,0,11.6374,995.611
1979,24,0,0,11.6315,965.863
1978,24,0,0,11.5891,730.88
107,24,0,0,11.5806,676.772
1967,24,0,0,11.5776,648.066
105,24,0,0,11.553,499.965
124,24,0,0,11.5397,425.166
1970,24,0,0,11.5239,332.084
122,24,0,0,11.511,266.81
117,24,0,0,11.4956,187.792
118,24,0,0,11.4878,149.07
1968,24,0,0,11.46,0
2176,24,0,1,11.9305,2608.24,0.0568333,247.89,0.16,2
2066,24,0,1,11.9203,2541.13
869,24,0,1,11.9097,2466.11
865,24,0,1,11.8932,2373.01
852,24,0,1,11.8864,2331.04
850,24,0,1,11.8804,2288.05
849,24,0,1,11.8729,2238.58
1774,24,0,1,11.8693,2218.58
837,24,0,1,11.8571,2148.13
2010,24,0,1,11.8485,2099.84
2009,24,0,1,11.8264,1979.41
819,24,0,1,11.8193,1931.92
811,24,0,1,11.7981,1813.3
805,24,0,1,11.7946,1793.87
358,24,0,1,11.784,1734.36
349,24,0,1,11.7665,1643.75
344,24,0,1,11.7534,1562.15
1306,24,0,2,12.0199,3043.56,0.0833333,363.475,0.03,3
1599,24,0,2,12.0039,2954.12
1300,24,0,2,12.0001,2928.4
1298,24,0,2,11.9939,2895.49
2176,24,0,2,11.9873,2856.13
869,24,0,3,12.1825,3833.82,0.0443333,193.369,0.11,4
2066,24,0,3,12.1552,3697.88
1297,24,0,3,12.1247,3540.3
1299,24,0,3,12.1187,3506.75
1600,24,0,3,12.1172,3493.3
1306,24,0,3,12.1032,3407.04
850,24,0,4,12.2549,4202.72,0.1105,481.968,0.03,5
852,24,0,4,12.2474,4158.08
865,24,0,4,12.2407,4116.24
869,24,0,4,12.2269,4027.19
849,24,0,5,12.3711,4734.15,0.0775,338.032,0.22,6
850,24,0,5,12.3654,4684.69
819,24,0,6,12.4957,5363.56,0.0838333,365.656,0.48,7
2009,24,0,6,12.489,5316.36
2010,24,0,6,12.4733,5215.52
837,24,0,6,12.4661,5169.56
1774,24,0,6,12.4517,5090.78
849,24,0,6,12.4486,5072.18
1968,24,0,7,12.8757,7383.02,0,0,0
118,24,0,7,12.8365,7185.74
117,24,0,7,12.829,7148.35
122,24,0,7,12.8118,7061.43
1970,24,0,7,12.7986,6994.88
124,24,0,7,12.7776,6882.2
105,24,0,7,12.7632,6802.52
1967,24,0,7,12.7258,6605.46
107,24,0,7,12.7206,6575.84
1978,24,0,7,12.7116,6520.95
1979,24,0,7,12.6798,6311.76
329,24,0,7,12.6777,6294.32
2114,24,0,7,12.6731,6271.11
335,24,0,7,12.6627,6209.98
1819,24,0,7,12.6577,6181.04
344,24,0,7,12.6412,6083.79
349,24,0,7,12.6271,6000.71
358,24,0,7,12.6146,5931.4
805,24,0,7,12.6031,5868.12
811,24,0,7,12.6013,5850.38
819,24,0,7,12.5795,5729.22
1970,24,1,0,9.60717,345.923,0.051,222.447,0.09,1
122,24,1,0,9.5944,281.164
117,24,1,0,9.57485,184.747
118,24,1,0,9.56805,150.127
1968,24,1,0,9.54,0
320,24,1,1,9.74509,1098.05,0.084,366.383,0.32,2
1978,24,1,1,9.72614,977.469
107,24,1,1,9.71742,923.031
1967,24,1,1,9.71441,894.326
105,24,1,1,9.68926,745.348
124,24,1,1,9.67372,661.043
1970,24,1,1,9.65817,568.37
105,24,1,2,9.89998,1861.69,0.1085,473.244,0.3,3
1967,24,1,2,9.86477,1673.8
107,24,1,2,9.85928,1643.08
1978,24,1,2,9.84955,1587.09
320,24,1,2,9.82909,1464.43
1968,24,1,3,10.1089,2864.58,0,0,0
118,24,1,3,10.0764,2695.5
117,24,1,3,10.0691,2658.86
122,24,1,3,10.0525,2574.49
1970,24,1,3,10.0405,2512.91
124,24,1,3,10.0213,2407.56
105,24,1,3,10.0085,2334.93
344,25,0,0,11.7236,1213.94,0.0798333,348.209,0.09,1
1819,25,0,0,11.7102,1120.41
335,25,0,0,11.7052,1091.46
2114,25,0,0,11.6899,1010.67
329,25,0,0,11.6874,995.611
1979,25,0,0,11.6815,965.863
1978,25,0,0,11.6391,730.88
107,25,0,0,11.6306,676.772
1967,25,0,0,11.6276,648.066
105,25,0,0,11.603,499.965
124,25,0,0,11.5897,425.166
1970,25,0,0,11.5739,332.084
122,25,0,0,11.561,266.81
117,25,0,0,11.5456,187.792
118,25,0,0,11.5378,149.07
1968,25,0,0,11.51,0
849,25,0,1,11.9229,2238.58,0.0695,303.138,0.23,2
1774,25,0,1,11.9193,2218.58
837,25,0,1,11.9071,2148.13
2010,25,0,1,11.8985,2099.84
2009,25,0,1,11.8764,1979.41
819,25,0,1,11.8693,1931.92
811,25,0,1,11.8481,1813.3
805,25,0,1,11.8446,1793.87
358,25,0,1,11.834,1734.36
349,25,0,1,11.8165,1643.75
344,25,0,1,11.8034,1562.15
869,25,0,2,12.0292,2769.25,0.0443333,193.369,0.11,3
865,25,0,2,12.0127,2676.15
852,25,0,2,12.0059,2634.18
850,25,0,2,11.9999,2591.19
849,25,0,2,11.9924,2541.72
2176,25,0,3,12.0946,3104.93,0.0963333,420.177,0.14,4
2066,25,0,3,12.0844,3037.77
869,25,0,3,12.0735,2962.62
1306,25,0,4,12.2247,3716.35,0.0833333,363.475,0.03,5
1599,25,0,4,12.2072,3619.9
1300,25,0,4,12.2028,3593.47
1298,25,0,4,12.1975,3564.29
2176,25,0,4,12.1909,3525.11
850,25,0,5,12.4154,4682.13,0.1105,481.968,0.03,6
852,25,0,5,12.4079,4637.5
865,25,0,5,12.4012,4595.66
869,25,0,5,12.3874,4506.61
2066,25,0,5,12.36,4370.66
1297,25,0,5,12.3295,4213.08
1299,25,0,5,12.3235,4179.53
1600,25,0,5,12.322,4166.08
1306,25,0,5,12.3081,4079.82
819,25,0,6,12.5787,5504.95,0.0838333,365.656,0.48,7
2009,25,0,6,12.572,5457.74
2010,25,0,6,12.5563,5356.9
837,25,0,6,12.5491,5310.94
1774,25,0,6,12.5347,5232.16
849,25,0,6,12.5316,5213.56
850,25,0,6,12.5259,5164.1
1970,25,0,7,12.8816,7136.26,0.0341667,149.025,0.09,8
124,25,0,7,12.8607,7023.58
105,25,0,7,12.8462,6943.91
1967,25,0,7,12.8088,6746.84
107,25,0,7,12.8036,6717.22
1978,25,0,7,12.7946,6662.33
1979,25,0,7,12.7628,6453.14
329,25,0,7,12.7607,6435.7
2114,25,0,7,12.7561,6412.49
335,25,0,7,12.7457,6351.36
1819,25,0,7,12.7407,6322.42
344,25,0,7,12.7242,6225.17
349,25,0,7,12.7101,6142.09
358,25,0,7,12.6976,6072.78
805,25,0,7,12.6861,6009.5
811,25,0,7,12.6843,5991.76
819,25,0,7,12.6625,5870.6
1968,25,0,8,12.9928,7673.16,0,0,0
118,25,0,8,12.9533,7474.73
117,25,0,8,12.9462,7438.75
122,25,0,8,12.9289,7351.84
1970,25,0,8,12.9157,7285.28
320,25,1,0,9.76409,875.602,0.084,366.383,0.32,1
1978,25,1,0,9.74514,755.022
107,25,1,0,9.73642,700.585
1967,25,1,0,9.73341,671.88
105,25,1,0,9.70826,522.901
124,25,1,0,9.69272,438.596
1970,25,1,0,9.67717,345.923
122,25,1,0,9.6644,281.164
117,25,1,0,9.64485,184.747
118,25,1,0,9.63805,150.127
1968,25,1,0,9.61,0
105,25,1,1,9.91898,1639.24,0.1085,473.244,0.3,2
1967,25,1,1,9.88377,1451.36
107,25,1,1,9.87828,1420.63
1978,25,1,1,9.86855,1364.65
320,25,1,1,9.84809,1241.98
1968,25,1,2,10.1279,2642.13,0,0,0
118,25,1,2,10.0954,2473.05
117,25,1,2,10.0881,2436.41
122,25,1,2,10.0715,2352.05
1970,25,1,2,10.0595,2290.47
124,25,1,2,10.0403,2185.11
105,25,1,2,10.0275,2112.49
344,26,0,0,11.7536,1213.94,0.0798333,348.209,0.09,1
1819,26,0,0,11.7402,1120.41
335,26,0,0,11.7352,1091.46
2114,26,0,0,11.7199,1010.67
329,26,0,0,11.7174,995.611
1979,26,0,0,11.7115,965.863
1978,26,0,0,11.6691,730.88
107,26,0,0,11.6606,676.772
1967,26,0,0,11.6576,648.066
105,26,0,0,11.633,499.965
124,26,0,0,11.6197,425.166
1970,26,0,0,11.6039,332.084
122,26,0,0,11.591,266.81
117,26,0,0,11.5756,187.792
118,26,0,0,11.5678,149.07
1968,26,0,0,11.54,0
2176,26,0,1,12.0105,2608.24,0.0963333,420.177,0.14,2
2066,26,0,1,12.0003,2541.13
869,26,0,1,11.9897,2466.11
865,26,0,1,11.9732,2373.01
852,26,0,1,11.9664,2331.04
850,26,0,1,11.9604,2288.05
849,26,0,1,11.9529,2238.58
1774,26,0,1,11.9493,2218.58
837,26,0,1,11.9371,2148.13
2010,26,0,1,11.9285,2099.84
2009,26,0,1,11.9064,1979.41
819,26,0,1,11.8993,1931.92
811,26,0,1,11.8781,1813.3
805,26,0,1,11.8746,1793.87
358,26,0,1,11.864,1734.36
349,26,0,1,11.8465,1643.75
344,26,0,1,11.8334,1562.15
1306,26,0,2,12.1406,3219.65,0.0833333,363.475,0.03,3
1599,26,0,2,12.1231,3123.2
1300,26,0,2,12.1187,3096.78
1298,26,0,2,12.1133,3067.6
2176,26,0,2,12.1068,3028.42
869,26,0,3,12.3032,4009.91,0.0443333,193.369,0.11,4
2066,26,0,3,12.2759,3873.97
1297,26,0,3,12.2454,3716.38
1299,26,0,3,12.2394,3682.84
1600,26,0,3,12.2379,3669.39
1306,26,0,3,12.2239,3583.13
850,26,0,4,12.3757,4378.81,0.1105,481.968,0.03,5
852,26,0,4,12.3681,4334.17
865,26,0,4,12.3614,4292.33
869,26,0,4,12.3476,4203.28
849,26,0,5,12.4918,4910.24,0.0775,338.032,0.22,6
850,26,0,5,12.4862,4860.78
819,26,0,6,12.6164,5539.65,0.0838333,365.656,0.48,7
2009,26,0,6,12.6097,5492.45
2010,26,0,6,12.594,5391.6
837,26,0,6,12.5868,5345.65
1774,26,0,6,12.5724,5266.87
849,26,0,6,12.5693,5248.27
1968,26,0,7,12.9964,7559.11,0,0,0
118,26,0,7,12.9572,7361.83
117,26,0,7,12.9497,7324.44
122,26,0,7,12.9325,7237.52
1970,26,0,7,12.9193,7170.97
124,26,0,7,12.8984,7058.29
105,26,0,7,12.8839,6978.61
1967,26,0,7,12.8465,6781.55
107,26,0,7,12.8413,6751.93
1978,26,0,7,12.8323,6697.04
1979,26,0,7,12.8005,6487.85
329,26,0,7,12.7984,6470.41
2114,26,0,7,12.7938,6447.2
335,26,0,7,12.7834,6386.07
1819,26,0,7,12.7784,6357.13
344,26,0,7,12.7619,6259.88
349,26,0,7,12.7478,6176.79
358,26,0,7,12.7353,6107.49
805,26,0,7,12.7238,6044.21
811,26,0,7,12.722,6026.47
819,26,0,7,12.7002,5905.31
1970,26,1,0,9.61717,345.923,0.051,222.447,0.09,1
122,26,1,0,9.6044,281.164
117,26,1,0,9.58485,184.747
118,26,1,0,9.57805,150.127
1968,26,1,0,9.55,0
320,26,1,1,9.75509,1098.05,0.084,366.383,0.32,2
1978,26,1,1,9.73614,977.469
107,26,1,1,9.72742,923.031
1967,26,1,1,9.72441,894.326
105,26,1,1,9.69926,745.348
124,26,1,1,9.68372,661.043
1970,26,1,1,9.66817,568.37
105,26,1,2,9.90998,1861.69,0.1085,473.244,0.3,3
1967,26,1,2,9.87477,1673.8
107,26,1,2,9.86928,1643.08
1978,26,1,2,9.85955,1587.09
320,26,1,2,9.83909,1464.43
1968,26,1,3,10.1189,2864.58,0,0,0
118,26,1,3,10.0864,2695.5
117,26,1,3,10.0791,2658.86
122,26,1,3,10.0625,2574.49
1970,26,1,3,10.0505,2512.91
124,26,1,3,10.0313,2407.56
105,26,1,3,10.0185,2334.93
1970,27,0,0,11.5239,332.084,0.0768333,335.124,0.08,1
122,27,0,0,11.511,266.81
117,27,0,0,11.4956,187.792
118,27,0,0,11.4878,149.07
1968,27,0,0,11.46,0
344,27,0,1,11.7504,1549.06,0.0798333,348.209,0.09,2
1819,27,0,1,11.7371,1455.54
335,27,0,1,11.7321,1426.59
2114,27,0,1,11.7168,1345.79
329,27,0,1,11.7142,1330.74
1979,27,0,1,11.7083,1300.99
1978,27,0,1,11.6659,1066
107,27,0,1,11.6574,1011.9
1967,27,0,1,11.6544,983.19
105,27,0,1,11.6298,835.089
124,27,0,1,11.6165,760.29
1970,27,0,1,11.6007,667.208
2176,27,0,2,12.0073,2943.36,0.0963333,420.177,0.14,3
2066,27,0,2,11.9971,2876.25
869,27,0,2,11.9865,2801.24
865,27,0,2,11.97,2708.13
852,27,0,2,11.9632,2666.16
850,27,0,2,11.9573,2623.18
849,27,0,2,11.9498,2573.7
1774,27,0,2,11.9462,2553.7
837,27,0,2,11.9339,2483.26
2010,27,0,2,11.9253,2434.96
2009,27,0,2,11.9032,2314.54
819,27,0,2,11.8961,2267.04
811,27,0,2,11.8749,2148.43
805,27,0,2,11.8714,2128.99
358,27,0,2,11.8608,2069.48
349,27,0,2,11.8434,1978.87
344,27,0,2,11.8303,1897.27
1306,27,0,3,12.1374,3554.78,0.0833333,363.475,0.03,4
1599,27,0,3,12.1199,3458.33
1300,27,0,3,12.1155,3431.9
1298,27,0,3,12.1102,3402.72
2176,27,0,3,12.1037,3363.54
869,27,0,4,12.3001,4345.04,0.0443333,193.369,0.11,5
2066,27,0,4,12.2727,4209.09
1297,27,0,4,12.2422,4051.51
1299,27,0,4,12.2362,4017.96
1600,27,0,4,12.2348,4004.51
1306,27,0,4,12.2208,3918.25
850,27,0,5,12.3725,4713.93,0.1105,481.968,0.03,6
852,27,0,5,12.365,4669.3
865,27,0,5,12.3583,4627.46
869,27,0,5,12.3444,4538.41
849,27,0,6,12.4887,5245.36,0.0775,338.032,0.22,7
850,27,0,6,12.483,5195.9
819,27,0,7,12.6132,5874.78,0.0838333,365.656,0.48,8
2009,27,0,7,12.6065,5827.57
2010,27,0,7,12.5908,5726.73
837,27,0,7,12.5836,5680.77
1774,27,0,7,12.5693,5602
849,27,0,7,12.5662,5583.39
1968,27,0,8,12.9932,7894.23,0,0,0
118,27,0,8,12.954,7696.95
117,27,0,8,12.9466,7659.56
122,27,0,8,12.9293,7572.64
1970,27,0,8,12.9161,7506.09
124,27,0,8,12.8952,7393.41
105,27,0,8,12.8807,7313.74
1967,27,0,8,12.8434,7116.68
107,27,0,8,12.8382,7087.06
1978,27,0,8,12.8291,7032.16
1979,27,0,8,12.7974,6822.98
329,27,0,8,12.7952,6805.53
2114,27,0,8,12.7907,6782.33
335,27,0,8,12.7802,6721.19
1819,27,0,8,12.7752,6692.25
344,27,0,8,12.7587,6595
349,27,0,8,12.7446,6511.92
358,27,0,8,12.7321,6442.62
805,27,0,8,12.7206,6379.33
811,27,0,8,12.7188,6361.6
819,27,0,8,12.6971,6240.43
320,27,1,0,9.77409,875.602,0.084,366.383,0.32,1
1978,27,1,0,9.75514,755.022
107,27,1,0,9.74642,700.585
1967,27,1,0,9.74341,671.88
105,27,1,0,9.71826,522.901
124,27,1,0,9.70272,438.596
1970,27,1,0,9.68717,345.923
122,27,1,0,9.6744,281.164
117,27,1,0,9.65485,184.747
118,27,1,0,9.64805,150.127
1968,27,1,0,9.62,0
105,27,1,1,9.92898,1639.24,0.1085,473.244,0.3,2
1967,27,1,1,9.89377,1451.36
107,27,1,1,9.88828,1420.63
1978,27,1,1,9.87855,1364.65
320,27,1,1,9.85809,1241.98
1968,27,1,2,10.1379,2642.13,0,0,0
118,27,1,2,10.1054,2473.05
117,27,1,2,10.0981,2436.41
122,27,1,2,10.0815,2352.05
1970,27,1,2,10.0695,2290.47
124,27,1,2,10.0503,2185.11
105,27,1,2,10.0375,2112.49
869,28,0,0,12.0452,2008.63,0.0443333,193.369,0.11,1
1856,28,0,0,12.0169,1878.96
855,28,0,0,12.0167,1878.25
843,28,0,0,12.0029,1798.75
832,28,0,0,11.9921,1737.49
831,28,0,0,11.9842,1696.96
2153,28,0,0,11.9842,1696.88
821,28,0,0,11.9713,1632.02
2008,28,0,0,11.9628,1589.23
812,28,0,0,11.9456,1494.65
807,28,0,0,11.9455,1493.87
356,28,0,0,11.9302,1412.75
1981,28,0,0,11.9179,1329.24
345,28,0,0,11.8962,1219.17
341,28,0,0,11.8868,1168.93
2132,28,0,0,11.8865,1166.89
328,28,0,0,11.8727,1075.3
2115,28,0,0,11.8613,1016.31
329,28,0,0,11.8574,995.611
1979,28,0,0,11.8515,965.863
1978,28,0,0,11.8091,730.88
107,28,0,0,11.8006,676.772
1967,28,0,0,11.7976,648.066
105,28,0,0,11.773,499.965
124,28,0,0,11.7597,425.166
1970,28,0,0,11.7439,332.084
122,28,0,0,11.731,266.81
117,28,0,0,11.7156,187.792
118,28,0,0,11.7078,149.07
1968,28,0,0,11.68,0
2176,28,0,1,12.1106,2344.32,0.0963333,420.177,0.14,2
2066,28,0,1,12.1004,2277.15
869,28,0,1,12.0895,2202
1306,28,0,2,12.2407,2955.73,0.0833333,363.475,0.03,3
1599,28,0,2,12.2232,2859.28
1300,28,0,2,12.2188,2832.85
1298,28,0,2,12.2135,2803.67
2176,28,0,2,12.2069,2764.49
850,28,0,3,12.4314,3921.52,0.1105,481.968,0.03,4
852,28,0,3,12.4239,3876.88
865,28,0,3,12.4172,3835.04
869,28,0,3,12.4034,3745.99
2066,28,0,3,12.376,3610.04
1297,28,0,3,12.3455,3452.46
1299,28,0,3,12.3395,3418.91
1600,28,0,3,12.338,3405.46
1306,28,0,3,12.324,3319.2
819,28,0,4,12.5947,4744.33,0.0838333,365.656,0.48,5
2009,28,0,4,12.588,4697.12
2010,28,0,4,12.5723,4596.28
837,28,0,4,12.5651,4550.32
1774,28,0,4,12.5507,4471.55
849,28,0,4,12.5476,4452.94
850,28,0,4,12.5419,4403.48
1968,28,0,5,12.9747,6763.78,0,0,0
118,28,0,5,12.9355,6566.5
117,28,0,5,12.928,6529.11
122,28,0,5,12.9108,6442.19
1970,28,0,5,12.8976,6375.64
124,28,0,5,12.8766,6262.96
105,28,0,5,12.8622,6183.29
1967,28,0,5,12.8248,5986.23
107,28,0,5,12.8196,5956.61
1978,28,0,5,12.8106,5901.71
1979,28,0,5,12.7788,5692.53
329,28,0,5,12.7767,5675.08
2114,28,0,5,12.7721,5651.88
335,28,0,5,12.7617,5590.74
1819,28,0,5,12.7567,5561.8
344,28,0,5,12.7402,5464.55
349,28,0,5,12.7261,5381.47
358,28,0,5,12.7136,5312.17
805,28,0,5,12.7021,5248.88
811,28,0,5,12.7003,5231.15
819,28,0,5,12.6785,5109.98
1970,28,1,0,9.37717,345.923,0.051,222.447,0.09,1
122,28,1,0,9.3644,281.164
117,28,1,0,9.34485,184.747
118,28,1,0,9.33805,150.127
1968,28,1,0,9.31,0
105,28,1,1,9.45926,745.348,0.1085,473.244,0.3,2
124,28,1,1,9.44372,661.043
1970,28,1,1,9.42817,568.37
320,28,1,2,9.62359,1571.29,0.084,366.383,0.32,3
1978,28,1,2,9.60464,1450.71
107,28,1,2,9.59592,1396.28
1967,28,1,2,9.59291,1367.57
105,28,1,2,9.56776,1218.59
849,28,1,3,9.93583,3220.28,0.089,388.191,0.2,4
1774,28,1,3,9.93248,3201.27
837,28,1,3,9.92106,3132.2
2010,28,1,3,9.90817,3065.31
2009,28,1,3,9.88471,2939.13
819,28,1,3,9.87638,2890.05
811,28,1,3,9.85503,2770.73
805,28,1,3,9.85149,2751.11
358,28,1,3,9.83683,2674.19
349,28,1,3,9.82012,2586.75
344,28,1,3,9.80631,2504.12
1819,28,1,3,9.79115,2408.89
335,28,1,3,9.78624,2380.05
2114,28,1,3,9.77258,2306.39
329,28,1,3,9.76998,2291.22
2116,28,1,3,9.76524,2266.12
327,28,1,3,9.75195,2192.56
324,28,1,3,9.74778,2170.84
319,28,1,3,9.72018,2023.38
320,28,1,3,9.70759,1937.68
344,28,1,4,10.1319,4266.1,0.0413333,180.284,0.09,5
349,28,1,4,10.1213,4186.4
358,28,1,4,10.1047,4099.21
805,28,1,4,10.0939,4039.03
811,28,1,4,10.0921,4021.3
819,28,1,4,10.0689,3893.79
2009,28,1,4,10.063,3846.62
2010,28,1,4,10.0476,3746.1
837,28,1,4,10.0403,3699.98
1774,28,1,4,10.0291,3631.24
849,28,1,4,10.0248,3608.47
1968,28,1,5,10.3961,5696.32,0,0,0
118,28,1,5,10.3636,5527.24
117,28,1,5,10.3564,5490.59
122,28,1,5,10.3397,5406.23
1970,28,1,5,10.3277,5344.65
124,28,1,5,10.3085,5239.3
105,28,1,5,10.2957,5166.67
1967,28,1,5,10.2588,4971.4
107,28,1,5,10.2533,4940.74
1978,28,1,5,10.2442,4885.86
1979,28,1,5,10.2116,4675.68
329,28,1,5,10.2094,4658.22
2114,28,1,5,10.2042,4632.29
335,28,1,5,10.1938,4571.14
1819,28,1,5,10.1888,4542.16
344,28,1,5,10.1732,4446.38
869,29,0,0,12.0352,2008.63,0.0443333,193.369,0.11,1
1856,29,0,0,12.0069,1878.96
855,29,0,0,12.0067,1878.25
843,29,0,0,11.9929,1798.75
832,29,0,0,11.9821,1737.49
831,29,0,0,11.9742,1696.96
2153,29,0,0,11.9742,1696.88
821,29,0,0,11.9613,1632.02
2008,29,0,0,11.9528,1589.23
812,29,0,0,11.9356,1494.65
807,29,0,0,11.9355,1493.87
356,29,0,0,11.9202,1412.75
1981,29,0,0,11.9079,1329.24
345,29,0,0,11.8862,1219.17
341,29,0,0,11.8768,1168.93
2132,29,0,0,11.8765,1166.89
328,29,0,0,11.8627,1075.3
2115,29,0,0,11.8513,1016.31
329,29,0,0,11.8474,995.611
1979,29,0,0,11.8415,965.863
1978,29,0,0,11.7991,730.88
107,29,0,0,11.7906,676.772
1967,29,0,0,11.7876,648.066
105,29,0,0,11.763,499.965
124,29,0,0,11.7497,425.166
1970,29,0,0,11.7339,332.084
122,29,0,0,11.721,266.81
117,29,0,0,11.7056,187.792
118,29,0,0,11.6978,149.07
1968,29,0,0,11.67,0
2176,29,0,1,12.1006,2344.32,0.0963333,420.177,0.14,2
2066,29,0,1,12.0904,2277.15
869,29,0,1,12.0795,2202
1306,29,0,2,12.2307,2955.73,0.0833333,363.475,0.03,3
1599,29,0,2,12.2132,2859.28
1300,29,0,2,12.2088,2832.85
1298,29,0,2,12.2035,2803.67
2176,29,0,2,12.1969,2764.49
850,29,0,3,12.4214,3921.52,0.1105,481.968,0.03,4
852,29,0,3,12.4139,3876.88
865,29,0,3,12.4072,3835.04
869,29,0,3,12.3934,3745.99
2066,29,0,3,12.366,3610.04
1297,29,0,3,12.3355,3452.46
1299,29,0,3,12.3295,3418.91
1600,29,0,3,12.328,3405.46
1306,29,0,3,12.314,3319.2
819,29,0,4,12.5847,4744.33,0.0838333,365.656,0.48,5
2009,29,0,4,12.578,4697.12
2010,29,0,4,12.5623,4596.28
837,29,0,4,12.5551,4550.32
1774,29,0,4,12.5407,4471.55
849,29,0,4,12.5376,4452.94
850,29,0,4,12.5319,4403.48
1968,29,0,5,12.9647,6763.78,0,0,0
118,29,0,5,12.9255,6566.5
117,29,0,5,12.918,6529.11
122,29,0,5,12.9008,6442.19
1970,29,0,5,12.8876,6375.64
124,29,0,5,12.8666,6262.96
105,29,0,5,12.8522,6183.29
1967,29,0,5,12.8148,5986.23
107,29,0,5,12.8096,5956.61
1978,29,0,5,12.8006,5901.71
1979,29,0,5,12.7688,5692.53
329,29,0,5,12.7667,5675.08
2114,29,0,5,12.7621,5651.88
335,29,0,5,12.7517,5590.74
1819,29,0,5,12.7467,5561.8
344,29,0,5,12.7302,5464.55
349,29,0,5,12.7161,5381.47
358,29,0,5,12.7036,5312.17
805,29,0,5,12.6921,5248.88
811,29,0,5,12.6903,5231.15
819,29,0,5,12.6685,5109.98
105,29,1,0,9.43826,522.901,0.1085,473.244,0.3,1
124,29,1,0,9.42272,438.596
1970,29,1,0,9.40717,345.923
122,29,1,0,9.3944,281.164
117,29,1,0,9.37485,184.747
118,29,1,0,9.36805,150.127
1968,29,1,0,9.34,0
320,29,1,1,9.60259,1348.85,0.084,366.383,0.32,2
1978,29,1,1,9.58364,1228.27
107,29,1,1,9.57492,1173.83
1967,29,1,1,9.57191,1145.12
105,29,1,1,9.54676,996.145
849,29,1,2,9.91483,2997.83,0.089,388.191,0.2,3
1774,29,1,2,9.91148,2978.83
837,29,1,2,9.90006,2909.76
2010,29,1,2,9.88717,2842.87
2009,29,1,2,9.86371,2716.69
819,29,1,2,9.85538,2667.61
811,29,1,2,9.83403,2548.28
805,29,1,2,9.83049,2528.67
358,29,1,2,9.81583,2451.74
349,29,1,2,9.79912,2364.31
344,29,1,2,9.78531,2281.68
1819,29,1,2,9.77015,2186.44
335,29,1,2,9.76524,2157.6
2114,29,1,2,9.75158,2083.94
329,29,1,2,9.74898,2068.77
2116,29,1,2,9.74424,2043.68
327,29,1,2,9.73095,1970.11
324,29,1,2,9.72678,1948.4
319,29,1,2,9.69918,1800.93
320,29,1,2,9.68659,1715.23
344,29,1,3,10.1109,4043.65,0.0413333,180.284,0.09,4
349,29,1,3,10.1003,3963.95
358,29,1,3,10.0837,3876.76
805,29,1,3,10.0729,3816.59
811,29,1,3,10.0711,3798.85
819,29,1,3,10.0479,3671.35
2009,29,1,3,10.042,3624.17
2010,29,1,3,10.0266,3523.65
837,29,1,3,10.0193,3477.53
1774,29,1,3,10.0081,3408.79
849,29,1,3,10.0038,3386.02
1970,29,1,4,10.3067,5122.2,0.0656667,286.418,0.08,5
124,29,1,4,10.2875,5016.85
105,29,1,4,10.2747,4944.23
1967,29,1,4,10.2378,4748.95
107,29,1,4,10.2323,4718.29
1978,29,1,4,10.2232,4663.41
1979,29,1,4,10.1906,4453.23
329,29,1,4,10.1884,4435.77
2114,29,1,4,10.1832,4409.85
335,29,1,4,10.1728,4348.7
1819,29,1,4,10.1678,4319.71
344,29,1,4,10.1522,4223.94
1968,29,1,5,10.4408,5760.29,0,0,0
118,29,1,5,10.4083,5591.21
117,29,1,5,10.401,5554.57
122,29,1,5,10.3844,5470.2
1970,29,1,5,10.3724,5408.62
