Node, Individual, Route,Segment, Travel time, Travel cost, Attention time, Attention cost, Failure rate, Demand
344,0,0,0,10.8978,1192.94,0.0413333,180.284,0.09,1
1819,0,0,0,10.8841,1099.23
335,0,0,0,10.8797,1071.05
2114,0,0,0,10.8647,991.95
329,0,0,0,10.8621,976.767
1979,0,0,0,10.8563,947.483
1978,0,0,0,10.8184,729.589
107,0,0,0,10.81,675.573
1967,0,0,0,10.807,646.867
105,0,0,0,10.7819,497.903
124,0,0,0,10.7698,426.583
1970,0,0,0,10.7544,334.012
122,0,0,0,10.7418,270.034
117,0,0,0,10.7248,184.186
118,0,0,0,10.7164,143.105
1968,0,0,0,10.69,0
819,0,0,1,10.9999,1731.95,0.0483333,210.815,0.55,2
811,0,0,1,10.982,1620.91
805,0,0,1,10.9789,1602.96
358,0,0,1,10.967,1537.83
349,0,0,1,10.951,1453.54
344,0,0,1,10.9391,1373.22
849,0,0,2,11.1018,2249.43,0.0695,303.138,0.23,3
1774,0,0,2,11.0983,2229.43
837,0,0,2,11.086,2158.98
2010,0,0,2,11.0774,2110.69
2009,0,0,2,11.0553,1990.26
819,0,0,2,11.0482,1942.77
850,0,0,3,11.1788,2602.04,0.0711667,310.408,0.1,4
849,0,0,3,11.1713,2552.57
869,0,0,4,11.2793,3090.51,0.0495,215.904,0.11,5
865,0,0,4,11.2628,2997.41
852,0,0,4,11.256,2955.43
850,0,0,4,11.25,2912.45
2176,0,0,5,11.3496,3448.54,0.0568333,247.89,0.16,6
2066,0,0,5,11.3394,3381.43
869,0,0,5,11.3288,3306.41
1306,0,0,6,11.439,3883.86,0.0916667,399.822,0.11,7
1599,0,0,6,11.423,3794.42
1300,0,0,6,11.4192,3768.7
1298,0,0,6,11.413,3735.79
2176,0,0,6,11.4064,3696.43
320,0,0,7,11.8405,6047.84,0.0905,394.734,0.38,8
1978,0,0,7,11.8205,5925.81
1979,0,0,7,11.787,5714.67
329,0,0,7,11.7849,5697.23
2114,0,0,7,11.7795,5670.52
335,0,0,7,11.7689,5609.24
1819,0,0,7,11.7645,5581.06
344,0,0,7,11.749,5485.35
349,0,0,7,11.7371,5405.11
355,0,0,7,11.7202,5319.89
356,0,0,7,11.7034,5221.36
807,0,0,7,11.6883,5140.98
812,0,0,7,11.6881,5140.19
2008,0,0,7,11.6754,5058.27
821,0,0,7,11.6705,5030.76
2153,0,0,7,11.6607,4979.11
831,0,0,7,11.6607,4979.02
832,0,0,7,11.6519,4934.53
843,0,0,7,11.6405,4870.73
855,0,0,7,11.6131,4734.25
1856,0,0,7,11.6129,4733.54
869,0,0,7,11.6007,4669.73
2066,0,0,7,11.5797,4560.17
1297,0,0,7,11.5527,4417.41
1299,0,0,7,11.5468,4384.47
1600,0,0,7,11.5453,4371.02
1306,0,0,7,11.5306,4283.69
105,0,0,8,12.0008,6840.11,0.0435,189.734,0.48,9
1967,0,0,8,11.9647,6648.41
107,0,0,8,11.9595,6618.62
1978,0,0,8,11.9503,6563.5
320,0,0,8,11.931,6442.58
1970,0,0,9,12.0797,7222.2,0.0341667,149.025,0.09,10
124,0,0,9,12.0588,7109.52
105,0,0,9,12.0443,7029.85
1968,0,0,10,12.191,7759.1,0,0,0
118,0,0,10,12.1515,7560.67
117,0,0,10,12.1443,7524.7
122,0,0,10,12.1271,7437.78
1970,0,0,10,12.1139,7371.22
344,1,0,0,10.8078,1192.94,0.0413333,180.284,0.09,1
1819,1,0,0,10.7941,1099.23
335,1,0,0,10.7897,1071.05
2114,1,0,0,10.7748,991.95
329,1,0,0,10.7721,976.767
1979,1,0,0,10.7663,947.483
1978,1,0,0,10.7284,729.589
107,1,0,0,10.72,675.573
1967,1,0,0,10.717,646.867
105,1,0,0,10.6919,497.903
124,1,0,0,10.6798,426.583
1970,1,0,0,10.6644,334.012
122,1,0,0,10.6518,270.034
117,1,0,0,10.6348,184.186
118,1,0,0,10.6264,143.105
1968,1,0,0,10.6,0
819,1,0,1,10.9099,1731.95,0.0483333,210.815,0.55,2
811,1,0,1,10.892,1620.91
805,1,0,1,10.8889,1602.96
358,1,0,1,10.877,1537.83
349,1,0,1,10.861,1453.54
344,1,0,1,10.8491,1373.22
849,1,0,2,11.0089,2240.73,0.0695,303.138,0.23,3
1774,1,0,2,11.0052,2220.22
837,1,0,2,10.994,2151.53
2010,1,0,2,10.9862,2104.76
2009,1,0,2,10.9655,1990.47
819,1,0,2,10.9582,1942.77
850,1,0,3,11.0859,2593.34,0.0711667,310.408,0.1,4
849,1,0,3,11.0784,2543.87
2176,1,0,4,11.2071,3223.94,0.0568333,247.89,0.16,5
2066,1,0,4,11.1969,3156.83
869,1,0,4,11.1863,3081.81
865,1,0,4,11.1698,2988.71
852,1,0,4,11.163,2946.73
850,1,0,4,11.157,2903.75
1306,1,0,5,11.2965,3659.26,0.0916667,399.822,0.11,6
1599,1,0,5,11.2805,3569.81
1300,1,0,5,11.2767,3544.1
1298,1,0,5,11.2705,3511.19
2176,1,0,5,11.2639,3471.83
869,1,0,6,11.4582,4445.12,0.0495,215.904,0.11,7
2066,1,0,6,11.4372,4335.56
1297,1,0,6,11.4102,4192.81
1299,1,0,6,11.4043,4159.87
1600,1,0,6,11.4029,4146.42
1306,1,0,6,11.3881,4059.08
320,1,0,7,11.7467,6036.56,0.0905,394.734,0.38,8
1978,1,0,7,11.7281,5916.36
1979,1,0,7,11.6935,5703.81
329,1,0,7,11.6914,5686.38
2114,1,0,7,11.6865,5661.82
335,1,0,7,11.676,5600.54
1819,1,0,7,11.6715,5572.36
344,1,0,7,11.656,5476.65
349,1,0,7,11.6442,5396.41
355,1,0,7,11.6272,5311.19
356,1,0,7,11.6104,5212.66
807,1,0,7,11.5953,5132.28
812,1,0,7,11.5951,5131.49
2008,1,0,7,11.5824,5049.58
821,1,0,7,11.5775,5022.06
2153,1,0,7,11.5678,4970.41
831,1,0,7,11.5677,4970.33
832,1,0,7,11.559,4925.83
843,1,0,7,11.5475,4862.03
855,1,0,7,11.5201,4725.55
1856,1,0,7,11.5199,4724.84
869,1,0,7,11.5077,4661.03
105,1,0,8,11.907,6828.83,0.104333,455.071,0.4,9
1967,1,0,8,11.8709,6637.13
107,1,0,8,11.8656,6607.33
1978,1,0,8,11.8564,6552.21
320,1,0,8,11.8372,6431.29
1970,1,0,9,12.0467,7476.25,0.0341667,149.025,0.09,10
124,1,0,9,12.0258,7363.57
105,1,0,9,12.0113,7283.9
1968,1,0,10,12.158,8013.15,0,0,0
118,1,0,10,12.1185,7814.72
117,1,0,10,12.1113,7778.75
122,1,0,10,12.0941,7691.83
1970,1,0,10,12.0809,7625.28
320,2,0,0,11.3377,851.082,0.0905,394.734,0.38,1
1978,2,0,0,11.3191,730.88
107,2,0,0,11.3106,676.772
1967,2,0,0,11.3076,648.066
105,2,0,0,11.283,499.965
124,2,0,0,11.2697,425.166
1970,2,0,0,11.2539,332.084
122,2,0,0,11.241,266.81
117,2,0,0,11.2256,187.792
118,2,0,0,11.2178,149.07
1968,2,0,0,11.19,0
344,2,0,1,11.5303,1832.98,0.0798333,348.209,0.09,2
1819,2,0,1,11.517,1739.46
335,2,0,1,11.512,1710.51
2114,2,0,1,11.4967,1629.71
329,2,0,1,11.4941,1614.66
2116,2,0,1,11.489,1587.79
327,2,0,1,11.4745,1509.12
324,2,0,1,11.4702,1486.61
319,2,0,1,11.4408,1331.52
320,2,0,1,11.4282,1245.82
849,2,0,2,11.7297,2857.62,0.0695,303.138,0.23,3
1774,2,0,2,11.7261,2837.62
837,2,0,2,11.7138,2767.18
2010,2,0,2,11.7053,2718.88
2009,2,0,2,11.6831,2598.46
819,2,0,2,11.676,2550.96
811,2,0,2,11.6548,2432.35
805,2,0,2,11.6513,2412.91
358,2,0,2,11.6407,2353.4
349,2,0,2,11.6233,2262.79
344,2,0,2,11.6102,2181.19
850,2,0,3,11.8067,3210.24,0.0711667,310.408,0.1,4
849,2,0,3,11.7992,3160.76
2176,2,0,4,11.9279,3840.83,0.0568333,247.89,0.16,5
2066,2,0,4,11.9177,3773.72
869,2,0,4,11.9071,3698.7
865,2,0,4,11.8906,3605.6
852,2,0,4,11.8838,3563.63
850,2,0,4,11.8778,3520.64
1306,2,0,5,12.0173,4276.15,0.0833333,363.475,0.03,6
1599,2,0,5,12.0014,4186.71
1300,2,0,5,11.9976,4160.99
1298,2,0,5,11.9914,4128.08
2176,2,0,5,11.9847,4088.72
869,2,0,6,12.1799,5066.41,0.0443333,193.369,0.11,7
2066,2,0,6,12.1526,4930.47
1297,2,0,6,12.1221,4772.89
1299,2,0,6,12.1161,4739.34
1600,2,0,6,12.1146,4725.89
1306,2,0,6,12.1006,4639.63
819,2,0,7,12.3051,5776.15,0.0838333,365.656,0.48,8
2009,2,0,7,12.2984,5728.95
2010,2,0,7,12.2827,5628.11
837,2,0,7,12.2755,5582.15
1774,2,0,7,12.2612,5503.37
849,2,0,7,12.258,5484.77
850,2,0,7,12.2524,5435.31
852,2,0,7,12.2448,5390.67
865,2,0,7,12.2381,5348.83
869,2,0,7,12.2243,5259.78
105,2,0,8,12.5726,7215.11,0.0435,189.734,0.48,9
1967,2,0,8,12.5353,7018.05
107,2,0,8,12.53,6988.43
1978,2,0,8,12.521,6933.54
1979,2,0,8,12.4892,6724.35
329,2,0,8,12.4871,6706.91
2114,2,0,8,12.4825,6683.7
335,2,0,8,12.4721,6622.57
1819,2,0,8,12.4671,6593.63
344,2,0,8,12.4506,6496.38
349,2,0,8,12.4365,6413.3
358,2,0,8,12.424,6343.99
805,2,0,8,12.4125,6280.71
811,2,0,8,12.4107,6262.97
819,2,0,8,12.3889,6141.81
1970,2,0,9,12.6515,7597.2,0.0341667,149.025,0.09,10
124,2,0,9,12.6306,7484.52
105,2,0,9,12.6161,7404.85
1968,2,0,10,12.7627,8134.1,0,0,0
118,2,0,10,12.7232,7935.67
117,2,0,10,12.7161,7899.7
122,2,0,10,12.6988,7812.78
1970,2,0,10,12.6856,7746.23
320,3,0,0,11.3977,851.082,0.0905,394.734,0.38,1
1978,3,0,0,11.3791,730.88
107,3,0,0,11.3706,676.772
1967,3,0,0,11.3676,648.066
105,3,0,0,11.343,499.965
124,3,0,0,11.3297,425.166
1970,3,0,0,11.3139,332.084
122,3,0,0,11.301,266.81
117,3,0,0,11.2856,187.792
118,3,0,0,11.2778,149.07
1968,3,0,0,11.25,0
344,3,0,1,11.5903,1832.98,0.0798333,348.209,0.09,2
1819,3,0,1,11.577,1739.46
335,3,0,1,11.572,1710.51
2114,3,0,1,11.5567,1629.71
329,3,0,1,11.5541,1614.66
2116,3,0,1,11.549,1587.79
327,3,0,1,11.5345,1509.12
324,3,0,1,11.5302,1486.61
319,3,0,1,11.5008,1331.52
320,3,0,1,11.4882,1245.82
850,3,0,2,11.7972,2907.1,0.0711667,310.408,0.1,3
849,3,0,2,11.7897,2857.62
1774,3,0,2,11.7861,2837.62
837,3,0,2,11.7738,2767.18
2010,3,0,2,11.7653,2718.88
2009,3,0,2,11.7431,2598.46
819,3,0,2,11.736,2550.96
811,3,0,2,11.7148,2432.35
805,3,0,2,11.7113,2412.91
358,3,0,2,11.7007,2353.4
349,3,0,2,11.6833,2262.79
344,3,0,2,11.6702,2181.19
2176,3,0,3,11.9184,3537.69,0.0568333,247.89,0.16,4
2066,3,0,3,11.9082,3470.58
869,3,0,3,11.8976,3395.57
865,3,0,3,11.8811,3302.46
852,3,0,3,11.8743,3260.49
850,3,0,3,11.8683,3217.51
1306,3,0,4,12.0078,3973.02,0.0833333,363.475,0.03,5
1599,3,0,4,11.9919,3883.57
1300,3,0,4,11.9881,3857.85
1298,3,0,4,11.9819,3824.94
2176,3,0,4,11.9752,3785.58
869,3,0,5,12.1704,4763.28,0.0443333,193.369,0.11,6
2066,3,0,5,12.1431,4627.33
1297,3,0,5,12.1126,4469.75
1299,3,0,5,12.1066,4436.2
1600,3,0,5,12.1051,4422.75
1306,3,0,5,12.0911,4336.49
849,3,0,6,12.2485,5181.63,0.0775,338.032,0.22,7
850,3,0,6,12.2429,5132.17
852,3,0,6,12.2353,5087.54
865,3,0,6,12.2286,5045.69
869,3,0,6,12.2148,4956.65
819,3,0,7,12.3731,5811.05,0.0838333,365.656,0.48,8
2009,3,0,7,12.3664,5763.84
2010,3,0,7,12.3507,5663
837,3,0,7,12.3435,5617.04
1774,3,0,7,12.3292,5538.27
849,3,0,7,12.326,5519.66
105,3,0,8,12.6406,7250.01,0.0435,189.734,0.48,9
1967,3,0,8,12.6033,7052.95
107,3,0,8,12.598,7023.33
1978,3,0,8,12.589,6968.43
1979,3,0,8,12.5572,6759.25
329,3,0,8,12.5551,6741.8
2114,3,0,8,12.5505,6718.6
335,3,0,8,12.5401,6657.46
1819,3,0,8,12.5351,6628.52
344,3,0,8,12.5186,6531.27
349,3,0,8,12.5045,6448.19
358,3,0,8,12.492,6378.89
805,3,0,8,12.4805,6315.6
811,3,0,8,12.4787,6297.87
819,3,0,8,12.4569,6176.7
1970,3,0,9,12.7195,7632.09,0.0341667,149.025,0.09,10
124,3,0,9,12.6986,7519.42
105,3,0,9,12.6841,7439.74
1968,3,0,10,12.8307,8168.99,0,0,0
118,3,0,10,12.7912,7970.57
117,3,0,10,12.7841,7934.59
122,3,0,10,12.7668,7847.67
1970,3,0,10,12.7536,7781.12
1970,4,0,0,10.3844,334.012,0.0656667,286.418,0.08,1
122,4,0,0,10.3718,270.034
117,4,0,0,10.3548,184.186
118,4,0,0,10.3464,143.105
1968,4,0,0,10.32,0
105,4,0,1,10.4775,784.321,0.115333,503.049,0.34,2
124,4,0,1,10.4655,713.002
1970,4,0,1,10.45,620.43
320,4,0,2,10.6477,1638.94,0.0988333,431.081,0.34,3
1978,4,0,2,10.6294,1519.06
107,4,0,2,10.621,1465.04
1967,4,0,2,10.618,1436.33
105,4,0,2,10.5929,1287.37
344,4,0,3,10.8463,2647.27,0.0413333,180.284,0.09,4
1819,4,0,3,10.8327,2553.56
335,4,0,3,10.8282,2525.38
2114,4,0,3,10.8133,2446.28
329,4,0,3,10.8107,2431.1
2116,4,0,3,10.8058,2405.17
327,4,0,3,10.7918,2328.82
324,4,0,3,10.7883,2309.88
319,4,0,3,10.7591,2155.72
320,4,0,3,10.7465,2070.02
819,4,0,4,10.9484,3186.28,0.0483333,210.815,0.55,5
811,4,0,4,10.9305,3075.25
805,4,0,4,10.9275,3057.29
358,4,0,4,10.9156,2992.16
349,4,0,4,10.8996,2907.87
344,4,0,4,10.8877,2827.56
849,4,0,5,11.0474,3695.06,0.0695,303.138,0.23,6
1774,4,0,5,11.0437,3674.56
837,4,0,5,11.0325,3605.86
2010,4,0,5,11.0248,3559.09
2009,4,0,5,11.0041,3444.81
819,4,0,5,10.9967,3397.1
850,4,0,6,11.1244,4047.68,0.0711667,310.408,0.1,7
849,4,0,6,11.1169,3998.2
869,4,0,7,11.2249,4536.14,0.0495,215.904,0.11,8
865,4,0,7,11.2083,4443.04
852,4,0,7,11.2015,4401.07
850,4,0,7,11.1956,4358.08
2176,4,0,8,11.2951,4894.17,0.0568333,247.89,0.16,9
2066,4,0,8,11.2849,4827.06
869,4,0,8,11.2744,4752.05
1306,4,0,9,11.3845,5329.5,0.0916667,399.822,0.11,10
1599,4,0,9,11.3686,5240.05
1300,4,0,9,11.3648,5214.33
1298,4,0,9,11.3586,5181.42
2176,4,0,9,11.352,5142.06
1968,4,0,10,11.9311,8190.2,0,0,0
1969,4,0,10,11.9188,8113.69
115,4,0,10,11.9162,8099.12
2113,4,0,10,11.9115,8073.3
2133,4,0,10,11.7895,7386.93
366,4,0,10,11.7852,7359.82
2134,4,0,10,11.7719,7288.14
2136,4,0,10,11.7591,7219.3
393,4,0,10,11.7274,7056.26
401,4,0,10,11.7096,6965.31
1739,4,0,10,11.6999,6912.31
1742,4,0,10,11.6929,6875.79
1741,4,0,10,11.6861,6839.66
418,4,0,10,11.6789,6801.19
417,4,0,10,11.6761,6785.37
1989,4,0,10,11.6591,6697.35
2011,4,0,10,11.6388,6593.51
2156,4,0,10,11.6322,6560.6
2013,4,0,10,11.6316,6557.45
886,4,0,10,11.6221,6509.27
888,4,0,10,11.6057,6417.8
903,4,0,10,11.5962,6366.29
904,4,0,10,11.5922,6345.26
925,4,0,10,11.571,6227.3
2019,4,0,10,11.5657,6200.44
929,4,0,10,11.5653,6198.46
938,4,0,10,11.5529,6131.14
950,4,0,10,11.5358,6045.2
951,4,0,10,11.5283,6007.44
949,4,0,10,11.5168,5948.69
2025,4,0,10,11.5133,5931.24
2024,4,0,10,11.5002,5858.83
1301,4,0,10,11.4894,5800.49
1306,4,0,10,11.4762,5729.32
1970,5,0,0,10.3444,334.012,0.0656667,286.418,0.08,1
122,5,0,0,10.3318,270.034
117,5,0,0,10.3148,184.186
118,5,0,0,10.3064,143.105
1968,5,0,0,10.28,0
105,5,0,1,10.4375,784.321,0.115333,503.049,0.34,2
124,5,0,1,10.4255,713.002
1970,5,0,1,10.41,620.43
320,5,0,2,10.6077,1638.94,0.0988333,431.081,0.34,3
1978,5,0,2,10.5894,1519.06
107,5,0,2,10.581,1465.04
1967,5,0,2,10.578,1436.33
105,5,0,2,10.5529,1287.37
344,5,0,3,10.8063,2647.27,0.0413333,180.284,0.09,4
1819,5,0,3,10.7927,2553.56
335,5,0,3,10.7882,2525.38
2114,5,0,3,10.7733,2446.28
329,5,0,3,10.7707,2431.1
2116,5,0,3,10.7658,2405.17
327,5,0,3,10.7518,2328.82
324,5,0,3,10.7483,2309.88
319,5,0,3,10.7191,2155.72
320,5,0,3,10.7065,2070.02
819,5,0,4,10.9084,3186.28,0.0483333,210.815,0.55,5
811,5,0,4,10.8905,3075.25
805,5,0,4,10.8875,3057.29
358,5,0,4,10.8756,2992.16
349,5,0,4,10.8596,2907.87
344,5,0,4,10.8477,2827.56
849,5,0,5,11.0074,3695.06,0.0695,303.138,0.23,6
1774,5,0,5,11.0037,3674.56
837,5,0,5,10.9925,3605.86
2010,5,0,5,10.9848,3559.09
2009,5,0,5,10.9641,3444.81
819,5,0,5,10.9567,3397.1
850,5,0,6,11.0844,4047.68,0.0711667,310.408,0.1,7
849,5,0,6,11.0769,3998.2
2176,5,0,7,11.2056,4678.27,0.0568333,247.89,0.16,8
2066,5,0,7,11.1954,4611.16
869,5,0,7,11.1849,4536.14
865,5,0,7,11.1683,4443.04
852,5,0,7,11.1615,4401.07
850,5,0,7,11.1556,4358.08
1306,5,0,8,11.295,5113.59,0.0916667,399.822,0.11,9
1599,5,0,8,11.2791,5024.15
1300,5,0,8,11.2753,4998.43
1298,5,0,8,11.2691,4965.52
2176,5,0,8,11.2625,4926.16
869,5,0,9,11.4568,5899.45,0.0495,215.904,0.11,10
2066,5,0,9,11.4357,5789.9
1297,5,0,9,11.4088,5647.14
1299,5,0,9,11.4029,5614.2
1600,5,0,9,11.4014,5600.75
1306,5,0,9,11.3867,5513.41
1968,5,0,10,11.8838,8203.98,0,0,0
118,5,0,10,11.8491,8025.67
117,5,0,10,11.8414,7987.16
122,5,0,10,11.824,7899.62
1970,5,0,10,11.8112,7834.88
124,5,0,10,11.7894,7718.32
105,5,0,10,11.777,7646.38
1967,5,0,10,11.7411,7455.6
107,5,0,10,11.7358,7425.81
1978,5,0,10,11.7266,7370.69
1979,5,0,10,11.6921,7158.14
329,5,0,10,11.6899,7140.71
2114,5,0,10,11.685,7116.16
335,5,0,10,11.6745,7054.88
1819,5,0,10,11.67,7026.69
344,5,0,10,11.6545,6930.99
349,5,0,10,11.6427,6850.74
355,5,0,10,11.6258,6765.52
356,5,0,10,11.609,6666.99
807,5,0,10,11.5939,6586.61
812,5,0,10,11.5937,6585.82
2008,5,0,10,11.581,6503.91
821,5,0,10,11.5761,6476.4
2153,5,0,10,11.5663,6424.74
831,5,0,10,11.5663,6424.66
832,5,0,10,11.5575,6380.16
843,5,0,10,11.5461,6316.36
855,5,0,10,11.5186,6179.88
1856,5,0,10,11.5185,6179.17
869,5,0,10,11.5063,6115.36
320,6,0,0,11.4177,851.082,0.0905,394.734,0.38,1
1978,6,0,0,11.3991,730.88
107,6,0,0,11.3906,676.772
1967,6,0,0,11.3876,648.066
105,6,0,0,11.363,499.965
124,6,0,0,11.3497,425.166
1970,6,0,0,11.3339,332.084
122,6,0,0,11.321,266.81
117,6,0,0,11.3056,187.792
118,6,0,0,11.2978,149.07
1968,6,0,0,11.27,0
344,6,0,1,11.6103,1832.98,0.0798333,348.209,0.09,2
1819,6,0,1,11.597,1739.46
335,6,0,1,11.592,1710.51
2114,6,0,1,11.5767,1629.71
329,6,0,1,11.5741,1614.66
2116,6,0,1,11.569,1587.79
327,6,0,1,11.5545,1509.12
324,6,0,1,11.5502,1486.61
319,6,0,1,11.5208,1331.52
320,6,0,1,11.5082,1245.82
849,6,0,2,11.8097,2857.62,0.0695,303.138,0.23,3
1774,6,0,2,11.8061,2837.62
837,6,0,2,11.7938,2767.18
2010,6,0,2,11.7853,2718.88
2009,6,0,2,11.7631,2598.46
819,6,0,2,11.756,2550.96
811,6,0,2,11.7348,2432.35
805,6,0,2,11.7313,2412.91
358,6,0,2,11.7207,2353.4
349,6,0,2,11.7033,2262.79
344,6,0,2,11.6902,2181.19
2176,6,0,3,11.9367,3530.42,0.0568333,247.89,0.16,4
2066,6,0,3,11.9265,3463.31
869,6,0,3,11.916,3388.3
865,6,0,3,11.8995,3295.19
852,6,0,3,11.8926,3253.22
850,6,0,3,11.8867,3210.24
849,6,0,3,11.8792,3160.76
1306,6,0,4,12.0261,3965.75,0.0833333,363.475,0.03,5
1599,6,0,4,12.0102,3876.3
1300,6,0,4,12.0064,3850.58
1298,6,0,4,12.0002,3817.68
2176,6,0,4,11.9936,3778.31
869,6,0,5,12.1888,4756.01,0.0443333,193.369,0.11,6
2066,6,0,5,12.1614,4620.06
1297,6,0,5,12.1309,4462.48
1299,6,0,5,12.1249,4428.93
1600,6,0,5,12.1235,4415.48
1306,6,0,5,12.1095,4329.22
850,6,0,6,12.2612,5124.9,0.1105,481.968,0.03,7
852,6,0,6,12.2537,5080.27
865,6,0,6,12.247,5038.43
869,6,0,6,12.2331,4949.38
819,6,0,7,12.4244,5947.72,0.0838333,365.656,0.48,8
2009,6,0,7,12.4177,5900.51
2010,6,0,7,12.402,5799.67
837,6,0,7,12.3948,5753.71
1774,6,0,7,12.3805,5674.93
849,6,0,7,12.3774,5656.33
850,6,0,7,12.3717,5606.87
105,6,0,8,12.6919,7386.67,0.0435,189.734,0.48,9
1967,6,0,8,12.6546,7189.61
107,6,0,8,12.6494,7159.99
1978,6,0,8,12.6403,7105.1
1979,6,0,8,12.6086,6895.91
329,6,0,8,12.6064,6878.47
2114,6,0,8,12.6019,6855.26
335,6,0,8,12.5914,6794.13
1819,6,0,8,12.5865,6765.19
344,6,0,8,12.5699,6667.94
349,6,0,8,12.5558,6584.86
358,6,0,8,12.5433,6515.55
805,6,0,8,12.5319,6452.27
811,6,0,8,12.53,6434.53
819,6,0,8,12.5083,6313.37
1970,6,0,9,12.7708,7768.76,0.0341667,149.025,0.09,10
124,6,0,9,12.7499,7656.08
105,6,0,9,12.7354,7576.41
1968,6,0,10,12.8821,8305.66,0,0,0
118,6,0,10,12.8426,8107.23
117,6,0,10,12.8354,8071.26
122,6,0,10,12.8182,7984.34
1970,6,0,10,12.805,7917.79
320,7,0,0,11.4877,851.082,0.0905,394.734,0.38,1
1978,7,0,0,11.4691,730.88
107,7,0,0,11.4606,676.772
1967,7,0,0,11.4576,648.066
105,7,0,0,11.433,499.965
124,7,0,0,11.4197,425.166
1970,7,0,0,11.4039,332.084
122,7,0,0,11.391,266.81
117,7,0,0,11.3756,187.792
118,7,0,0,11.3678,149.07
1968,7,0,0,11.34,0
344,7,0,1,11.6803,1832.98,0.0798333,348.209,0.09,2
1819,7,0,1,11.667,1739.46
335,7,0,1,11.662,1710.51
2114,7,0,1,11.6467,1629.71
329,7,0,1,11.6441,1614.66
2116,7,0,1,11.639,1587.79
327,7,0,1,11.6245,1509.12
324,7,0,1,11.6202,1486.61
319,7,0,1,11.5908,1331.52
320,7,0,1,11.5782,1245.82
2176,7,0,2,11.9372,3227.28,0.0568333,247.89,0.16,3
2066,7,0,2,11.927,3160.17
869,7,0,2,11.9165,3085.16
865,7,0,2,11.9,2992.05
852,7,0,2,11.8931,2950.08
850,7,0,2,11.8872,2907.1
849,7,0,2,11.8797,2857.62
1774,7,0,2,11.8761,2837.62
837,7,0,2,11.8638,2767.18
2010,7,0,2,11.8553,2718.88
2009,7,0,2,11.8331,2598.46
819,7,0,2,11.826,2550.96
811,7,0,2,11.8048,2432.35
805,7,0,2,11.8013,2412.91
358,7,0,2,11.7907,2353.4
349,7,0,2,11.7733,2262.79
344,7,0,2,11.7602,2181.19
1306,7,0,3,12.0266,3662.61,0.0833333,363.475,0.03,4
1599,7,0,3,12.0107,3573.16
1300,7,0,3,12.0069,3547.45
1298,7,0,3,12.0007,3514.54
2176,7,0,3,11.9941,3475.17
869,7,0,4,12.1893,4452.87,0.0443333,193.369,0.11,5
2066,7,0,4,12.1619,4316.92
1297,7,0,4,12.1314,4159.34
1299,7,0,4,12.1254,4125.79
1600,7,0,4,12.124,4112.35
1306,7,0,4,12.11,4026.08
850,7,0,5,12.2617,4821.76,0.1105,481.968,0.03,6
852,7,0,5,12.2542,4777.13
865,7,0,5,12.2475,4735.29
869,7,0,5,12.2336,4646.24
849,7,0,6,12.3779,5353.19,0.0775,338.032,0.22,7
850,7,0,6,12.3722,5303.73
819,7,0,7,12.5024,5982.61,0.0838333,365.656,0.48,8
2009,7,0,7,12.4957,5935.4
2010,7,0,7,12.48,5834.56
837,7,0,7,12.4728,5788.6
1774,7,0,7,12.4585,5709.83
849,7,0,7,12.4554,5691.23
105,7,0,8,12.7699,7421.57,0.0435,189.734,0.48,9
1967,7,0,8,12.7326,7224.51
107,7,0,8,12.7274,7194.89
1978,7,0,8,12.7183,7139.99
1979,7,0,8,12.6866,6930.81
329,7,0,8,12.6844,6913.36
2114,7,0,8,12.6799,6890.16
335,7,0,8,12.6694,6829.02
1819,7,0,8,12.6645,6800.08
344,7,0,8,12.6479,6702.83
349,7,0,8,12.6338,6619.75
358,7,0,8,12.6213,6550.45
805,7,0,8,12.6099,6487.16
811,7,0,8,12.608,6469.43
819,7,0,8,12.5863,6348.26
1970,7,0,9,12.8488,7803.66,0.0341667,149.025,0.09,10
124,7,0,9,12.8279,7690.98
105,7,0,9,12.8134,7611.3
1968,7,0,10,12.9601,8340.55,0,0,0
118,7,0,10,12.9206,8142.13
117,7,0,10,12.9134,8106.15
122,7,0,10,12.8962,8019.23
1970,7,0,10,12.883,7952.68
105,8,0,0,11.253,499.965,0.104333,455.071,0.4,1
124,8,0,0,11.2397,425.166
1970,8,0,0,11.2239,332.084
122,8,0,0,11.211,266.81
117,8,0,0,11.1956,187.792
118,8,0,0,11.1878,149.07
1968,8,0,0,11.16,0
320,8,0,1,11.412,1306.15,0.0905,394.734,0.38,2
1978,8,0,1,11.3934,1185.95
107,8,0,1,11.3849,1131.84
1967,8,0,1,11.3819,1103.14
105,8,0,1,11.3573,955.035
344,8,0,2,11.6047,2288.05,0.0798333,348.209,0.09,3
1819,8,0,2,11.5913,2194.53
335,8,0,2,11.5863,2165.58
2114,8,0,2,11.571,2084.78
329,8,0,2,11.5685,2069.73
2116,8,0,2,11.5633,2042.86
327,8,0,2,11.5489,1964.19
324,8,0,2,11.5445,1941.68
319,8,0,2,11.5151,1786.59
320,8,0,2,11.5025,1700.89
850,8,0,3,11.8115,3362.17,0.0711667,310.408,0.1,4
849,8,0,3,11.804,3312.69
1774,8,0,3,11.8004,3292.69
837,8,0,3,11.7882,3222.25
2010,8,0,3,11.7796,3173.95
2009,8,0,3,11.7575,3053.53
819,8,0,3,11.7504,3006.03
811,8,0,3,11.7292,2887.42
805,8,0,3,11.7257,2867.98
358,8,0,3,11.7151,2808.47
349,8,0,3,11.6976,2717.86
344,8,0,3,11.6845,2636.26
2176,8,0,4,11.9327,3992.76,0.0568333,247.89,0.16,5
2066,8,0,4,11.9225,3925.65
869,8,0,4,11.912,3850.64
865,8,0,4,11.8954,3757.53
852,8,0,4,11.8886,3715.56
850,8,0,4,11.8827,3672.58
1306,8,0,5,12.0221,4428.09,0.0833333,363.475,0.03,6
1599,8,0,5,12.0062,4338.64
1300,8,0,5,12.0024,4312.92
1298,8,0,5,11.9962,4280.02
2176,8,0,5,11.9896,4240.65
869,8,0,6,12.1848,5218.35,0.0443333,193.369,0.11,7
2066,8,0,6,12.1574,5082.4
1297,8,0,6,12.1269,4924.82
1299,8,0,6,12.1209,4891.27
1600,8,0,6,12.1195,4877.82
1306,8,0,6,12.1055,4791.56
849,8,0,7,12.2629,5636.7,0.0775,338.032,0.22,8
850,8,0,7,12.2572,5587.24
852,8,0,7,12.2497,5542.61
865,8,0,7,12.243,5500.77
869,8,0,7,12.2291,5411.72
819,8,0,8,12.3874,6266.12,0.0838333,365.656,0.48,9
2009,8,0,8,12.3807,6218.91
2010,8,0,8,12.365,6118.07
837,8,0,8,12.3578,6072.11
1774,8,0,8,12.3435,5993.34
849,8,0,8,12.3404,5974.74
1970,8,0,9,12.6903,7897.43,0.0341667,149.025,0.09,10
124,8,0,9,12.6694,7784.75
105,8,0,9,12.6549,7705.08
1967,8,0,9,12.6176,7508.02
107,8,0,9,12.6124,7478.4
1978,8,0,9,12.6033,7423.5
1979,8,0,9,12.5716,7214.32
329,8,0,9,12.5694,7196.87
2114,8,0,9,12.5649,7173.67
335,8,0,9,12.5544,7112.53
1819,8,0,9,12.5495,7083.6
344,8,0,9,12.5329,6986.34
349,8,0,9,12.5188,6903.26
358,8,0,9,12.5063,6833.96
805,8,0,9,12.4949,6770.67
811,8,0,9,12.493,6752.94
819,8,0,9,12.4713,6631.77
1968,8,0,10,12.8016,8434.33,0,0,0
118,8,0,10,12.7621,8235.9
117,8,0,10,12.7549,8199.93
122,8,0,10,12.7377,8113.01
1970,8,0,10,12.7245,8046.46
105,9,0,0,11.253,499.965,0.104333,455.071,0.4,1
124,9,0,0,11.2397,425.166
1970,9,0,0,11.2239,332.084
122,9,0,0,11.211,266.81
117,9,0,0,11.1956,187.792
118,9,0,0,11.1878,149.07
1968,9,0,0,11.16,0
320,9,0,1,11.412,1306.15,0.0905,394.734,0.38,2
1978,9,0,1,11.3934,1185.95
107,9,0,1,11.3849,1131.84
1967,9,0,1,11.3819,1103.14
105,9,0,1,11.3573,955.035
344,9,0,2,11.6047,2288.05,0.0798333,348.209,0.09,3
1819,9,0,2,11.5913,2194.53
335,9,0,2,11.5863,2165.58
2114,9,0,2,11.571,2084.78
329,9,0,2,11.5685,2069.73
2116,9,0,2,11.5633,2042.86
327,9,0,2,11.5489,1964.19
324,9,0,2,11.5445,1941.68
319,9,0,2,11.5151,1786.59
320,9,0,2,11.5025,1700.89
849,9,0,3,11.804,3312.69,0.0695,303.138,0.23,4
1774,9,0,3,11.8004,3292.69
837,9,0,3,11.7882,3222.25
2010,9,0,3,11.7796,3173.95
2009,9,0,3,11.7575,3053.53
819,9,0,3,11.7504,3006.03
811,9,0,3,11.7292,2887.42
805,9,0,3,11.7257,2867.98
358,9,0,3,11.7151,2808.47
349,9,0,3,11.6976,2717.86
344,9,0,3,11.6845,2636.26
2176,9,0,4,11.9311,3985.49,0.0568333,247.89,0.16,5
2066,9,0,4,11.9209,3918.38
869,9,0,4,11.9103,3843.37
865,9,0,4,11.8938,3750.26
852,9,0,4,11.887,3708.29
850,9,0,4,11.881,3665.31
849,9,0,4,11.8735,3615.83
1306,9,0,5,12.0205,4420.82,0.0833333,363.475,0.03,6
1599,9,0,5,12.0045,4331.37
1300,9,0,5,12.0007,4305.65
1298,9,0,5,11.9945,4272.75
2176,9,0,5,11.9879,4233.38
869,9,0,6,12.1831,5211.08,0.0443333,193.369,0.11,7
2066,9,0,6,12.1557,5075.13
1297,9,0,6,12.1253,4917.55
1299,9,0,6,12.1192,4884
1600,9,0,6,12.1178,4870.55
1306,9,0,6,12.1038,4784.29
850,9,0,7,12.2555,5579.97,0.1105,481.968,0.03,8
852,9,0,7,12.248,5535.34
865,9,0,7,12.2413,5493.5
869,9,0,7,12.2274,5404.45
819,9,0,8,12.4188,6402.79,0.0838333,365.656,0.48,9
2009,9,0,8,12.4121,6355.58
2010,9,0,8,12.3964,6254.74
837,9,0,8,12.3892,6208.78
1774,9,0,8,12.3748,6130
849,9,0,8,12.3717,6111.4
850,9,0,8,12.366,6061.94
1970,9,0,9,12.7216,8034.1,0.0341667,149.025,0.09,10
124,9,0,9,12.7007,7921.42
105,9,0,9,12.6863,7841.75
1967,9,0,9,12.6489,7644.68
107,9,0,9,12.6437,7615.06
1978,9,0,9,12.6347,7560.17
1979,9,0,9,12.6029,7350.98
329,9,0,9,12.6007,7333.54
2114,9,0,9,12.5962,7310.33
335,9,0,9,12.5858,7249.2
1819,9,0,9,12.5808,7220.26
344,9,0,9,12.5642,7123.01
349,9,0,9,12.5501,7039.93
358,9,0,9,12.5377,6970.62
805,9,0,9,12.5262,6907.34
811,9,0,9,12.5244,6889.6
819,9,0,9,12.5026,6768.44
1968,9,0,10,12.8329,8571,0,0,0
118,9,0,10,12.7934,8372.57
117,9,0,10,12.7863,8336.59
122,9,0,10,12.769,8249.68
1970,9,0,10,12.7558,8183.12
105,10,0,0,11.383,499.965,0.104333,455.071,0.4,1
124,10,0,0,11.3697,425.166
1970,10,0,0,11.3539,332.084
122,10,0,0,11.341,266.81
117,10,0,0,11.3256,187.792
118,10,0,0,11.3178,149.07
1968,10,0,0,11.29,0
320,10,0,1,11.542,1306.15,0.0905,394.734,0.38,2
1978,10,0,1,11.5234,1185.95
107,10,0,1,11.5149,1131.84
1967,10,0,1,11.5119,1103.14
105,10,0,1,11.4873,955.035
2176,10,0,2,11.9211,3293.35,0.0568333,247.89,0.16,3
2066,10,0,2,11.9107,3226.01
869,10,0,2,11.8993,3150.38
1856,10,0,2,11.8715,3022.9
855,10,0,2,11.8714,3022.19
854,10,0,2,11.8691,3008.6
841,10,0,2,11.8506,2909.55
829,10,0,2,11.836,2827.2
831,10,0,2,11.8232,2761.62
2153,10,0,2,11.8232,2761.54
821,10,0,2,11.8092,2692.19
2008,10,0,2,11.8007,2649.4
812,10,0,2,11.7842,2558.08
807,10,0,2,11.7841,2557.29
356,10,0,2,11.7713,2486.87
1981,10,0,2,11.759,2403.36
345,10,0,2,11.7373,2293.29
341,10,0,2,11.7279,2243.04
2132,10,0,2,11.7276,2241
328,10,0,2,11.7138,2149.42
2115,10,0,2,11.7024,2090.43
329,10,0,2,11.6985,2069.73
2116,10,0,2,11.6933,2042.86
327,10,0,2,11.6789,1964.19
324,10,0,2,11.6745,1941.68
319,10,0,2,11.6451,1786.59
320,10,0,2,11.6325,1700.89
1306,10,0,3,12.0105,3728.67,0.0833333,363.475,0.03,4
1599,10,0,3,11.9946,3639.23
1300,10,0,3,11.9908,3613.51
1298,10,0,3,11.9846,3580.6
2176,10,0,3,11.978,3541.24
869,10,0,4,12.1732,4518.93,0.0443333,193.369,0.11,5
2066,10,0,4,12.1458,4382.99
1297,10,0,4,12.1153,4225.41
1299,10,0,4,12.1093,4191.86
1600,10,0,4,12.1078,4178.41
1306,10,0,4,12.0938,4092.15
850,10,0,5,12.2456,4887.83,0.1105,481.968,0.03,6
852,10,0,5,12.2381,4843.19
865,10,0,5,12.2313,4801.35
869,10,0,5,12.2175,4712.3
849,10,0,6,12.3618,5419.26,0.0775,338.032,0.22,7
850,10,0,6,12.3561,5369.8
819,10,0,7,12.4863,6048.67,0.0838333,365.656,0.48,8
2009,10,0,7,12.4796,6001.47
2010,10,0,7,12.4639,5900.62
837,10,0,7,12.4567,5854.67
1774,10,0,7,12.4424,5775.89
849,10,0,7,12.4393,5757.29
344,10,0,8,12.6318,6768.9,0.0863333,376.56,0.09,9
349,10,0,8,12.6177,6685.81
358,10,0,8,12.6052,6616.51
805,10,0,8,12.5937,6553.23
811,10,0,8,12.5919,6535.49
819,10,0,8,12.5702,6414.33
1970,10,0,9,12.8755,8056.55,0.0341667,149.025,0.09,10
124,10,0,9,12.8546,7943.87
105,10,0,9,12.8402,7864.19
1967,10,0,9,12.8028,7667.13
107,10,0,9,12.7976,7637.51
1978,10,0,9,12.7885,7582.62
1979,10,0,9,12.7568,7373.43
329,10,0,9,12.7546,7355.99
2114,10,0,9,12.7501,7332.78
335,10,0,9,12.7396,7271.65
1819,10,0,9,12.7347,7242.71
344,10,0,9,12.7181,7145.46
1968,10,0,10,12.9868,8593.44,0,0,0
118,10,0,10,12.9473,8395.02
117,10,0,10,12.9402,8359.04
122,10,0,10,12.9229,8272.12
1970,10,0,10,12.9097,8205.57
105,11,0,0,11.373,499.965,0.104333,455.071,0.4,1
124,11,0,0,11.3597,425.166
1970,11,0,0,11.3439,332.084
122,11,0,0,11.331,266.81
117,11,0,0,11.3156,187.792
118,11,0,0,11.3078,149.07
1968,11,0,0,11.28,0
320,11,0,1,11.532,1306.15,0.0905,394.734,0.38,2
1978,11,0,1,11.5134,1185.95
107,11,0,1,11.5049,1131.84
1967,11,0,1,11.5019,1103.14
105,11,0,1,11.4773,955.035
344,11,0,2,11.7247,2288.05,0.0798333,348.209,0.09,3
1819,11,0,2,11.7113,2194.53
335,11,0,2,11.7063,2165.58
2114,11,0,2,11.691,2084.78
329,11,0,2,11.6885,2069.73
2116,11,0,2,11.6833,2042.86
327,11,0,2,11.6688,1964.19
324,11,0,2,11.6645,1941.68
319,11,0,2,11.6351,1786.59
320,11,0,2,11.6225,1700.89
849,11,0,3,11.924,3312.69,0.0695,303.138,0.23,4
1774,11,0,3,11.9204,3292.69
837,11,0,3,11.9082,3222.25
2010,11,0,3,11.8996,3173.95
2009,11,0,3,11.8775,3053.53
819,11,0,3,11.8704,3006.03
811,11,0,3,11.8492,2887.42
805,11,0,3,11.8457,2867.98
358,11,0,3,11.8351,2808.47
349,11,0,3,11.8176,2717.86
344,11,0,3,11.8045,2636.26
850,11,0,4,12.001,3665.31,0.1105,481.968,0.03,5
849,11,0,4,11.9935,3615.83
2176,11,0,5,12.1595,4464.04,0.0963333,420.177,0.14,6
2066,11,0,5,12.1492,4396.88
869,11,0,5,12.1384,4321.73
865,11,0,5,12.1237,4231.52
852,11,0,5,12.1175,4190.26
850,11,0,5,12.1115,4147.28
1306,11,0,6,12.2896,5075.45,0.0833333,363.475,0.03,7
1599,11,0,6,12.2721,4979
1300,11,0,6,12.2677,4952.58
1298,11,0,6,12.2623,4923.4
2176,11,0,6,12.2558,4884.22
869,11,0,7,12.4522,5865.72,0.0443333,193.369,0.11,8
2066,11,0,7,12.4249,5729.77
1297,11,0,7,12.3944,5572.19
1299,11,0,7,12.3884,5538.64
1600,11,0,7,12.3869,5525.19
1306,11,0,7,12.3729,5438.93
819,11,0,8,12.5774,6575.46,0.0838333,365.656,0.48,9
2009,11,0,8,12.5707,6528.25
2010,11,0,8,12.555,6427.41
837,11,0,8,12.5478,6381.45
1774,11,0,8,12.5334,6302.67
849,11,0,8,12.5303,6284.07
850,11,0,8,12.5247,6234.61
852,11,0,8,12.5171,6189.98
865,11,0,8,12.5104,6148.13
869,11,0,8,12.4966,6059.08
1970,11,0,9,12.8803,8206.77,0.0341667,149.025,0.09,10
124,11,0,9,12.8594,8094.09
105,11,0,9,12.8449,8014.42
1967,11,0,9,12.8075,7817.35
107,11,0,9,12.8023,7787.73
1978,11,0,9,12.7933,7732.84
1979,11,0,9,12.7615,7523.65
329,11,0,9,12.7594,7506.21
2114,11,0,9,12.7548,7483
335,11,0,9,12.7444,7421.87
1819,11,0,9,12.7394,7392.93
344,11,0,9,12.7229,7295.68
349,11,0,9,12.7088,7212.6
358,11,0,9,12.6963,7143.29
805,11,0,9,12.6848,7080.01
811,11,0,9,12.683,7062.27
819,11,0,9,12.6612,6941.11
1968,11,0,10,12.9915,8743.67,0,0,0
118,11,0,10,12.952,8545.24
117,11,0,10,12.9449,8509.26
122,11,0,10,12.9276,8422.35
1970,11,0,10,12.9144,8355.79
105,12,0,0,11.343,499.965,0.104333,455.071,0.4,1
124,12,0,0,11.3297,425.166
1970,12,0,0,11.3139,332.084
122,12,0,0,11.301,266.81
117,12,0,0,11.2856,187.792
118,12,0,0,11.2778,149.07
1968,12,0,0,11.25,0
320,12,0,1,11.502,1306.15,0.0905,394.734,0.38,2
1978,12,0,1,11.4834,1185.95
107,12,0,1,11.4749,1131.84
1967,12,0,1,11.4719,1103.14
105,12,0,1,11.4473,955.035
344,12,0,2,11.6947,2288.05,0.0798333,348.209,0.09,3
1819,12,0,2,11.6813,2194.53
335,12,0,2,11.6763,2165.58
2114,12,0,2,11.661,2084.78
329,12,0,2,11.6585,2069.73
2116,12,0,2,11.6533,2042.86
327,12,0,2,11.6389,1964.19
324,12,0,2,11.6345,1941.68
319,12,0,2,11.6051,1786.59
320,12,0,2,11.5925,1700.89
869,12,0,3,11.9308,3540.23,0.0495,215.904,0.11,4
865,12,0,3,11.9143,3447.12
852,12,0,3,11.9075,3405.15
850,12,0,3,11.9015,3362.17
849,12,0,3,11.894,3312.69
1774,12,0,3,11.8904,3292.69
837,12,0,3,11.8782,3222.25
2010,12,0,3,11.8696,3173.95
2009,12,0,3,11.8475,3053.53
819,12,0,3,11.8404,3006.03
811,12,0,3,11.8192,2887.42
805,12,0,3,11.8157,2867.98
358,12,0,3,11.8051,2808.47
349,12,0,3,11.7876,2717.86
344,12,0,3,11.7745,2636.26
2176,12,0,4,12.0011,3898.26,0.0963333,420.177,0.14,5
2066,12,0,4,11.9909,3831.15
869,12,0,4,11.9803,3756.13
1306,12,0,5,12.1312,4509.67,0.0833333,363.475,0.03,6
1599,12,0,5,12.1136,4413.22
1300,12,0,5,12.1093,4386.8
1298,12,0,5,12.1039,4357.62
2176,12,0,5,12.0974,4318.44
850,12,0,6,12.3219,5475.46,0.1105,481.968,0.03,7
852,12,0,6,12.3144,5430.82
865,12,0,6,12.3077,5388.98
869,12,0,6,12.2938,5299.93
2066,12,0,6,12.2665,5163.99
1297,12,0,6,12.236,5006.4
1299,12,0,6,12.23,4972.86
1600,12,0,6,12.2285,4959.41
1306,12,0,6,12.2145,4873.15
849,12,0,7,12.4381,6006.89,0.0775,338.032,0.22,8
850,12,0,7,12.4324,5957.43
819,12,0,8,12.5627,6636.3,0.0838333,365.656,0.48,9
2009,12,0,8,12.556,6589.1
2010,12,0,8,12.5402,6488.25
837,12,0,8,12.5331,6442.3
1774,12,0,8,12.5187,6363.52
849,12,0,8,12.5156,6344.92
1970,12,0,9,12.8655,8267.62,0.0341667,149.025,0.09,10
124,12,0,9,12.8446,8154.94
105,12,0,9,12.8302,8075.26
1967,12,0,9,12.7928,7878.2
107,12,0,9,12.7876,7848.58
1978,12,0,9,12.7785,7793.69
1979,12,0,9,12.7468,7584.5
329,12,0,9,12.7446,7567.06
2114,12,0,9,12.7401,7543.85
335,12,0,9,12.7296,7482.72
1819,12,0,9,12.7247,7453.78
344,12,0,9,12.7081,7356.53
349,12,0,9,12.694,7273.45
358,12,0,9,12.6815,7204.14
805,12,0,9,12.6701,7140.86
811,12,0,9,12.6683,7123.12
819,12,0,9,12.6465,7001.96
1968,12,0,10,12.9768,8804.51,0,0,0
118,12,0,10,12.9373,8606.09
117,12,0,10,12.9302,8570.11
122,12,0,10,12.9129,8483.2
1970,12,0,10,12.8997,8416.64
1970,13,0,0,11.2939,332.084,0.0768333,335.124,0.08,1
122,13,0,0,11.281,266.81
117,13,0,0,11.2656,187.792
118,13,0,0,11.2578,149.07
1968,13,0,0,11.23,0
105,13,0,1,11.3998,835.089,0.104333,455.071,0.4,2
124,13,0,1,11.3865,760.29
1970,13,0,1,11.3707,667.208
320,13,0,2,11.5588,1641.28,0.0905,394.734,0.38,3
1978,13,0,2,11.5402,1521.07
107,13,0,2,11.5318,1466.97
1967,13,0,2,11.5288,1438.26
105,13,0,2,11.5042,1290.16
344,13,0,3,11.7515,2623.18,0.0798333,348.209,0.09,4
1819,13,0,3,11.7381,2529.65
335,13,0,3,11.7332,2500.7
2114,13,0,3,11.7178,2419.91
329,13,0,3,11.7153,2404.85
2116,13,0,3,11.7102,2377.98
327,13,0,3,11.6957,2299.31
324,13,0,3,11.6913,2276.8
319,13,0,3,11.6619,2121.71
320,13,0,3,11.6493,2036.01
2176,13,0,4,12.0084,4017.48,0.0963333,420.177,0.14,5
2066,13,0,4,11.9982,3950.37
869,13,0,4,11.9876,3875.35
865,13,0,4,11.9711,3782.25
852,13,0,4,11.9643,3740.28
850,13,0,4,11.9583,3697.29
849,13,0,4,11.9509,3647.82
1774,13,0,4,11.9473,3627.82
837,13,0,4,11.935,3557.37
2010,13,0,4,11.9264,3509.08
2009,13,0,4,11.9043,3388.65
819,13,0,4,11.8972,3341.16
811,13,0,4,11.876,3222.54
805,13,0,4,11.8725,3203.11
358,13,0,4,11.8619,3143.6
349,13,0,4,11.8444,3052.98
344,13,0,4,11.8313,2971.38
1306,13,0,5,12.1385,4628.89,0.0833333,363.475,0.03,6
1599,13,0,5,12.121,4532.44
1300,13,0,5,12.1166,4506.02
1298,13,0,5,12.1113,4476.84
2176,13,0,5,12.1047,4437.66
869,13,0,6,12.3012,5419.15,0.0443333,193.369,0.11,7
2066,13,0,6,12.2738,5283.21
1297,13,0,6,12.2433,5125.62
1299,13,0,6,12.2373,5092.08
1600,13,0,6,12.2358,5078.63
1306,13,0,6,12.2218,4992.37
850,13,0,7,12.3736,5788.05,0.1105,481.968,0.03,8
852,13,0,7,12.3661,5743.41
865,13,0,7,12.3593,5701.57
869,13,0,7,12.3455,5612.52
849,13,0,8,12.4898,6319.48,0.0775,338.032,0.22,9
850,13,0,8,12.4841,6270.02
819,13,0,9,12.6143,6948.89,0.0838333,365.656,0.48,10
2009,13,0,9,12.6076,6901.69
2010,13,0,9,12.5919,6800.84
837,13,0,9,12.5847,6754.89
1774,13,0,9,12.5704,6676.11
849,13,0,9,12.5673,6657.51
1968,13,0,10,12.9943,8968.35,0,0,0
118,13,0,10,12.9551,8771.07
117,13,0,10,12.9477,8733.68
122,13,0,10,12.9304,8646.76
1970,13,0,10,12.9172,8580.21
124,13,0,10,12.8963,8467.53
105,13,0,10,12.8818,8387.85
1967,13,0,10,12.8445,8190.79
107,13,0,10,12.8392,8161.17
1978,13,0,10,12.8302,8106.28
1979,13,0,10,12.7984,7897.09
329,13,0,10,12.7963,7879.65
2114,13,0,10,12.7917,7856.44
335,13,0,10,12.7813,7795.31
1819,13,0,10,12.7763,7766.37
344,13,0,10,12.7598,7669.12
349,13,0,10,12.7457,7586.03
358,13,0,10,12.7332,7516.73
805,13,0,10,12.7217,7453.45
811,13,0,10,12.7199,7435.71
819,13,0,10,12.6982,7314.55
105,14,0,0,10.9919,497.903,0.115333,503.049,0.34,1
124,14,0,0,10.9798,426.583
1970,14,0,0,10.9644,334.012
122,14,0,0,10.9518,270.034
117,14,0,0,10.9348,184.186
118,14,0,0,10.9264,143.105
1968,14,0,0,10.9,0
1970,14,0,1,11.1396,1180.66,0.0768333,335.124,0.08,2
124,14,0,1,11.1205,1075.65
105,14,0,1,11.1072,1000.95
320,14,0,2,11.3003,2034.79,0.0905,394.734,0.38,3
1978,14,0,2,11.2817,1914.58
107,14,0,2,11.2732,1860.47
1967,14,0,2,11.2702,1831.77
105,14,0,2,11.2456,1683.67
124,14,0,2,11.2323,1608.87
1970,14,0,2,11.2165,1515.79
344,14,0,3,11.493,3016.68,0.0798333,348.209,0.09,4
1819,14,0,3,11.4796,2923.16
335,14,0,3,11.4746,2894.21
2114,14,0,3,11.4593,2813.42
329,14,0,3,11.4568,2798.36
2116,14,0,3,11.4516,2771.49
327,14,0,3,11.4371,2692.82
324,14,0,3,11.4328,2670.31
319,14,0,3,11.4034,2515.22
320,14,0,3,11.3908,2429.52
849,14,0,4,11.6923,4041.33,0.0695,303.138,0.23,5
1774,14,0,4,11.6887,4021.33
837,14,0,4,11.6765,3950.88
2010,14,0,4,11.6679,3902.59
2009,14,0,4,11.6458,3782.16
819,14,0,4,11.6387,3734.66
811,14,0,4,11.6175,3616.05
805,14,0,4,11.614,3596.61
358,14,0,4,11.6034,3537.1
349,14,0,4,11.5859,3446.49
344,14,0,4,11.5728,3364.89
2176,14,0,5,11.8194,4714.13,0.0568333,247.89,0.16,6
2066,14,0,5,11.8092,4647.02
869,14,0,5,11.7986,4572
865,14,0,5,11.7821,4478.9
852,14,0,5,11.7753,4436.92
850,14,0,5,11.7693,4393.94
849,14,0,5,11.7618,4344.46
869,14,0,6,11.9343,5271.13,0.0495,215.904,0.11,7
2066,14,0,6,11.9133,5161.57
1297,14,0,6,11.8863,5018.81
1298,14,0,6,11.8828,5001.38
2176,14,0,6,11.8762,4962.02
1306,14,0,7,12.0372,5816.59,0.0833333,363.475,0.03,8
1599,14,0,7,12.0212,5727.15
1300,14,0,7,12.0174,5701.43
1298,14,0,7,12.0112,5668.52
2176,14,0,7,12.0046,5629.16
2066,14,0,7,11.9944,5562.05
869,14,0,7,11.9838,5487.03
850,14,0,8,12.2279,6782.38,0.1105,481.968,0.03,9
852,14,0,8,12.2204,6737.74
865,14,0,8,12.2137,6695.9
869,14,0,8,12.1998,6606.85
2066,14,0,8,12.1724,6470.91
1297,14,0,8,12.142,6313.32
1299,14,0,8,12.136,6279.78
1600,14,0,8,12.1345,6266.33
1306,14,0,8,12.1205,6180.07
819,14,0,9,12.3912,7605.19,0.0838333,365.656,0.48,10
2009,14,0,9,12.3845,7557.99
2010,14,0,9,12.3687,7457.14
837,14,0,9,12.3616,7411.19
1774,14,0,9,12.3472,7332.41
849,14,0,9,12.3441,7313.81
850,14,0,9,12.3384,7264.35
1968,14,0,10,12.7712,9624.65,0,0,0
118,14,0,10,12.7319,9427.37
117,14,0,10,12.7245,9389.98
122,14,0,10,12.7072,9303.06
1970,14,0,10,12.694,9236.5
124,14,0,10,12.6731,9123.83
105,14,0,10,12.6586,9044.15
1967,14,0,10,12.6213,8847.09
107,14,0,10,12.6161,8817.47
1978,14,0,10,12.607,8762.58
1979,14,0,10,12.5753,8553.39
329,14,0,10,12.5731,8535.95
2114,14,0,10,12.5686,8512.74
335,14,0,10,12.5581,8451.61
1819,14,0,10,12.5532,8422.67
344,14,0,10,12.5366,8325.42
349,14,0,10,12.5225,8242.33
358,14,0,10,12.51,8173.03
805,14,0,10,12.4986,8109.75
811,14,0,10,12.4968,8092.01
819,14,0,10,12.475,7970.85
320,15,0,0,11.4177,851.082,0.0905,394.734,0.38,1
1978,15,0,0,11.3991,730.88
107,15,0,0,11.3906,676.772
1967,15,0,0,11.3876,648.066
105,15,0,0,11.363,499.965
124,15,0,0,11.3497,425.166
1970,15,0,0,11.3339,332.084
122,15,0,0,11.321,266.81
117,15,0,0,11.3056,187.792
118,15,0,0,11.2978,149.07
1968,15,0,0,11.27,0
344,15,0,1,11.6103,1832.98,0.0798333,348.209,0.09,2
1819,15,0,1,11.597,1739.46
335,15,0,1,11.592,1710.51
2114,15,0,1,11.5767,1629.71
329,15,0,1,11.5741,1614.66
2116,15,0,1,11.569,1587.79
327,15,0,1,11.5545,1509.12
324,15,0,1,11.5502,1486.61
319,15,0,1,11.5208,1331.52
320,15,0,1,11.5082,1245.82
849,15,0,2,11.8097,2857.62,0.0695,303.138,0.23,3
1774,15,0,2,11.8061,2837.62
837,15,0,2,11.7938,2767.18
2010,15,0,2,11.7853,2718.88
2009,15,0,2,11.7631,2598.46
819,15,0,2,11.756,2550.96
811,15,0,2,11.7348,2432.35
805,15,0,2,11.7313,2412.91
358,15,0,2,11.7207,2353.4
349,15,0,2,11.7033,2262.79
344,15,0,2,11.6902,2181.19
2176,15,0,3,11.9367,3530.42,0.0568333,247.89,0.16,4
2066,15,0,3,11.9265,3463.31
869,15,0,3,11.916,3388.3
865,15,0,3,11.8995,3295.19
852,15,0,3,11.8926,3253.22
850,15,0,3,11.8867,3210.24
849,15,0,3,11.8792,3160.76
1306,15,0,4,12.0261,3965.75,0.0833333,363.475,0.03,5
1599,15,0,4,12.0102,3876.3
1300,15,0,4,12.0064,3850.58
1298,15,0,4,12.0002,3817.68
2176,15,0,4,11.9936,3778.31
869,15,0,5,12.1888,4756.01,0.0443333,193.369,0.11,6
2066,15,0,5,12.1614,4620.06
1297,15,0,5,12.1309,4462.48
1299,15,0,5,12.1249,4428.93
1600,15,0,5,12.1235,4415.48
1306,15,0,5,12.1095,4329.22
850,15,0,6,12.2612,5124.9,0.1105,481.968,0.03,7
852,15,0,6,12.2537,5080.27
865,15,0,6,12.247,5038.43
869,15,0,6,12.2331,4949.38
819,15,0,7,12.4244,5947.72,0.0838333,365.656,0.48,8
2009,15,0,7,12.4177,5900.51
2010,15,0,7,12.402,5799.67
837,15,0,7,12.3948,5753.71
1774,15,0,7,12.3805,5674.93
849,15,0,7,12.3774,5656.33
850,15,0,7,12.3717,5606.87
1970,15,0,8,12.7273,7579.03,0.0341667,149.025,0.09,9
124,15,0,8,12.7064,7466.35
105,15,0,8,12.6919,7386.67
1967,15,0,8,12.6546,7189.61
107,15,0,8,12.6494,7159.99
1978,15,0,8,12.6403,7105.1
1979,15,0,8,12.6086,6895.91
329,15,0,8,12.6064,6878.47
2114,15,0,8,12.6019,6855.26
335,15,0,8,12.5914,6794.13
1819,15,0,8,12.5865,6765.19
344,15,0,8,12.5699,6667.94
349,15,0,8,12.5558,6584.86
358,15,0,8,12.5433,6515.55
805,15,0,8,12.5319,6452.27
811,15,0,8,12.53,6434.53
819,15,0,8,12.5083,6313.37
1968,15,0,9,12.8386,8115.93,0,0,0
118,15,0,9,12.7991,7917.5
117,15,0,9,12.7919,7881.52
122,15,0,9,12.7747,7794.61
1970,15,0,9,12.7615,7728.05
105,15,1,0,9.92826,522.901,0.1085,473.244,0.3,1
124,15,1,0,9.91272,438.596
1970,15,1,0,9.89717,345.923
122,15,1,0,9.8844,281.164
117,15,1,0,9.86485,184.747
118,15,1,0,9.85805,150.127
1968,15,1,0,9.83,0
1968,15,1,1,10.1372,1525.79,0,0,0
118,15,1,1,10.1047,1356.71
117,15,1,1,10.0974,1320.07
122,15,1,1,10.0808,1235.7
1970,15,1,1,10.0688,1174.12
124,15,1,1,10.0495,1068.77
105,15,1,1,10.0368,996.145
320,16,0,0,11.5477,851.082,0.0905,394.734,0.38,1
1978,16,0,0,11.5291,730.88
107,16,0,0,11.5206,676.772
1967,16,0,0,11.5176,648.066
105,16,0,0,11.493,499.965
124,16,0,0,11.4797,425.166
1970,16,0,0,11.4639,332.084
122,16,0,0,11.451,266.81
117,16,0,0,11.4356,187.792
118,16,0,0,11.4278,149.07
1968,16,0,0,11.4,0
2176,16,0,1,11.9268,2838.28,0.0568333,247.89,0.16,2
2066,16,0,1,11.9164,2770.94
869,16,0,1,11.905,2695.31
1856,16,0,1,11.8772,2567.83
855,16,0,1,11.877,2567.12
854,16,0,1,11.8748,2553.53
841,16,0,1,11.8563,2454.48
829,16,0,1,11.8416,2372.13
831,16,0,1,11.8288,2306.55
2153,16,0,1,11.8288,2306.47
821,16,0,1,11.8149,2237.12
2008,16,0,1,11.8064,2194.33
812,16,0,1,11.7899,2103.01
807,16,0,1,11.7897,2102.22
356,16,0,1,11.7769,2031.8
1981,16,0,1,11.7647,1948.29
345,16,0,1,11.743,1838.22
341,16,0,1,11.7335,1787.97
2132,16,0,1,11.7333,1785.93
328,16,0,1,11.7194,1694.35
2115,16,0,1,11.708,1635.36
329,16,0,1,11.7041,1614.66
2116,16,0,1,11.699,1587.79
327,16,0,1,11.6845,1509.12
324,16,0,1,11.6802,1486.61
319,16,0,1,11.6508,1331.52
320,16,0,1,11.6382,1245.82
1306,16,0,2,12.0162,3273.6,0.0833333,363.475,0.03,3
1599,16,0,2,12.0003,3184.16
1300,16,0,2,11.9964,3158.44
1298,16,0,2,11.9903,3125.53
2176,16,0,2,11.9836,3086.17
869,16,0,3,12.1788,4063.86,0.0443333,193.369,0.11,4
2066,16,0,3,12.1515,3927.92
1297,16,0,3,12.121,3770.33
1299,16,0,3,12.115,3736.79
1600,16,0,3,12.1135,3723.34
1306,16,0,3,12.0995,3637.08
850,16,0,4,12.2512,4432.76,0.1105,481.968,0.03,5
852,16,0,4,12.2437,4388.12
865,16,0,4,12.237,4346.28
869,16,0,4,12.2232,4257.23
849,16,0,5,12.3674,4964.19,0.0775,338.032,0.22,6
850,16,0,5,12.3617,4914.73
819,16,0,6,12.492,5593.6,0.0838333,365.656,0.48,7
2009,16,0,6,12.4853,5546.4
2010,16,0,6,12.4696,5445.55
837,16,0,6,12.4624,5399.6
1774,16,0,6,12.448,5320.82
849,16,0,6,12.4449,5302.22
344,16,0,7,12.6375,6313.83,0.0863333,376.56,0.09,8
349,16,0,7,12.6234,6230.74
358,16,0,7,12.6109,6161.44
805,16,0,7,12.5994,6098.16
811,16,0,7,12.5976,6080.42
819,16,0,7,12.5758,5959.26
1970,16,0,8,12.8812,7601.48,0.0341667,149.025,0.09,9
124,16,0,8,12.8603,7488.8
105,16,0,8,12.8458,7409.12
1967,16,0,8,12.8085,7212.06
107,16,0,8,12.8032,7182.44
1978,16,0,8,12.7942,7127.55
1979,16,0,8,12.7624,6918.36
329,16,0,8,12.7603,6900.92
2114,16,0,8,12.7557,6877.71
335,16,0,8,12.7453,6816.58
1819,16,0,8,12.7403,6787.64
344,16,0,8,12.7238,6690.39
1968,16,0,9,12.9924,8138.37,0,0,0
118,16,0,9,12.9529,7939.95
117,16,0,9,12.9458,7903.97
122,16,0,9,12.9286,7817.05
1970,16,0,9,12.9154,7750.5
105,16,1,0,9.98826,522.901,0.1085,473.244,0.3,1
124,16,1,0,9.97272,438.596
1970,16,1,0,9.95717,345.923
122,16,1,0,9.9444,281.164
117,16,1,0,9.92485,184.747
118,16,1,0,9.91805,150.127
1968,16,1,0,9.89,0
1968,16,1,1,10.1972,1525.79,0,0,0
118,16,1,1,10.1647,1356.71
117,16,1,1,10.1574,1320.07
122,16,1,1,10.1408,1235.7
1970,16,1,1,10.1288,1174.12
124,16,1,1,10.1095,1068.77
105,16,1,1,10.0968,996.145
320,17,0,0,11.5577,851.082,0.0905,394.734,0.38,1
1978,17,0,0,11.5391,730.88
107,17,0,0,11.5306,676.772
1967,17,0,0,11.5276,648.066
105,17,0,0,11.503,499.965
124,17,0,0,11.4897,425.166
1970,17,0,0,11.4739,332.084
122,17,0,0,11.461,266.81
117,17,0,0,11.4456,187.792
118,17,0,0,11.4378,149.07
1968,17,0,0,11.41,0
2176,17,0,1,11.9368,2838.28,0.0568333,247.89,0.16,2
2066,17,0,1,11.9264,2770.94
869,17,0,1,11.915,2695.31
1856,17,0,1,11.8872,2567.83
855,17,0,1,11.887,2567.12
854,17,0,1,11.8848,2553.53
841,17,0,1,11.8663,2454.48
829,17,0,1,11.8516,2372.13
831,17,0,1,11.8388,2306.55
2153,17,0,1,11.8388,2306.47
821,17,0,1,11.8249,2237.12
2008,17,0,1,11.8164,2194.33
812,17,0,1,11.7999,2103.01
807,17,0,1,11.7997,2102.22
356,17,0,1,11.7869,2031.8
1981,17,0,1,11.7747,1948.29
345,17,0,1,11.753,1838.22
341,17,0,1,11.7435,1787.97
2132,17,0,1,11.7433,1785.93
328,17,0,1,11.7294,1694.35
2115,17,0,1,11.718,1635.36
329,17,0,1,11.7141,1614.66
2116,17,0,1,11.709,1587.79
327,17,0,1,11.6945,1509.12
324,17,0,1,11.6902,1486.61
319,17,0,1,11.6608,1331.52
320,17,0,1,11.6482,1245.82
1306,17,0,2,12.0262,3273.6,0.0833333,363.475,0.03,3
1599,17,0,2,12.0103,3184.16
1300,17,0,2,12.0064,3158.44
1298,17,0,2,12.0003,3125.53
2176,17,0,2,11.9936,3086.17
869,17,0,3,12.1888,4063.86,0.0443333,193.369,0.11,4
2066,17,0,3,12.1615,3927.92
1297,17,0,3,12.131,3770.33
1299,17,0,3,12.125,3736.79
1600,17,0,3,12.1235,3723.34
1306,17,0,3,12.1095,3637.08
850,17,0,4,12.2612,4432.76,0.1105,481.968,0.03,5
852,17,0,4,12.2537,4388.12
865,17,0,4,12.247,4346.28
869,17,0,4,12.2332,4257.23
849,17,0,5,12.3774,4964.19,0.0775,338.032,0.22,6
850,17,0,5,12.3717,4914.73
819,17,0,6,12.502,5593.6,0.0838333,365.656,0.48,7
2009,17,0,6,12.4953,5546.4
2010,17,0,6,12.4796,5445.55
837,17,0,6,12.4724,5399.6
1774,17,0,6,12.458,5320.82
849,17,0,6,12.4549,5302.22
344,17,0,7,12.6475,6313.83,0.0863333,376.56,0.09,8
349,17,0,7,12.6334,6230.74
358,17,0,7,12.6209,6161.44
805,17,0,7,12.6094,6098.16
811,17,0,7,12.6076,6080.42
819,17,0,7,12.5858,5959.26
1968,17,0,8,12.9683,7989.35,0,0,0
118,17,0,8,12.9288,7790.92
117,17,0,8,12.9217,7754.95
122,17,0,8,12.9044,7668.03
1970,17,0,8,12.8912,7601.48
124,17,0,8,12.8703,7488.8
105,17,0,8,12.8558,7409.12
1967,17,0,8,12.8185,7212.06
107,17,0,8,12.8132,7182.44
1978,17,0,8,12.8042,7127.55
1979,17,0,8,12.7724,6918.36
329,17,0,8,12.7703,6900.92
2114,17,0,8,12.7657,6877.71
335,17,0,8,12.7553,6816.58
1819,17,0,8,12.7503,6787.64
344,17,0,8,12.7338,6690.39
105,17,1,0,9.98826,522.901,0.1085,473.244,0.3,1
124,17,1,0,9.97272,438.596
1970,17,1,0,9.95717,345.923
122,17,1,0,9.9444,281.164
117,17,1,0,9.92485,184.747
118,17,1,0,9.91805,150.127
1968,17,1,0,9.89,0
1970,17,1,1,10.1288,1174.12,0.0656667,286.418,0.08,2
124,17,1,1,10.1095,1068.77
105,17,1,1,10.0968,996.145
1968,17,1,2,10.2629,1812.21,0,0,0
118,17,1,2,10.2304,1643.13
117,17,1,2,10.2231,1606.49
122,17,1,2,10.2064,1522.12
1970,17,1,2,10.1944,1460.54
320,18,0,0,11.5177,851.082,0.0905,394.734,0.38,1
1978,18,0,0,11.4991,730.88
107,18,0,0,11.4906,676.772
1967,18,0,0,11.4876,648.066
105,18,0,0,11.463,499.965
124,18,0,0,11.4497,425.166
1970,18,0,0,11.4339,332.084
122,18,0,0,11.421,266.81
117,18,0,0,11.4056,187.792
118,18,0,0,11.3978,149.07
1968,18,0,0,11.37,0
344,18,0,1,11.7103,1832.98,0.0798333,348.209,0.09,2
1819,18,0,1,11.697,1739.46
335,18,0,1,11.692,1710.51
2114,18,0,1,11.6767,1629.71
329,18,0,1,11.6741,1614.66
2116,18,0,1,11.669,1587.79
327,18,0,1,11.6545,1509.12
324,18,0,1,11.6502,1486.61
319,18,0,1,11.6208,1331.52
320,18,0,1,11.6082,1245.82
869,18,0,2,11.9465,3085.16,0.0495,215.904,0.11,3
865,18,0,2,11.9299,2992.05
852,18,0,2,11.9231,2950.08
850,18,0,2,11.9172,2907.1
849,18,0,2,11.9097,2857.62
1774,18,0,2,11.9061,2837.62
837,18,0,2,11.8938,2767.18
2010,18,0,2,11.8853,2718.88
2009,18,0,2,11.8631,2598.46
819,18,0,2,11.856,2550.96
811,18,0,2,11.8348,2432.35
805,18,0,2,11.8313,2412.91
358,18,0,2,11.8207,2353.4
349,18,0,2,11.8033,2262.79
344,18,0,2,11.7902,2181.19
2176,18,0,3,12.0167,3443.19,0.0963333,420.177,0.14,4
2066,18,0,3,12.0065,3376.08
869,18,0,3,11.996,3301.06
1306,18,0,4,12.1468,4054.6,0.0833333,363.475,0.03,5
1599,18,0,4,12.1293,3958.15
1300,18,0,4,12.1249,3931.73
1298,18,0,4,12.1196,3902.55
2176,18,0,4,12.1131,3863.37
850,18,0,5,12.3376,5020.39,0.1105,481.968,0.03,6
852,18,0,5,12.3301,4975.75
865,18,0,5,12.3233,4933.91
869,18,0,5,12.3095,4844.86
2066,18,0,5,12.2821,4708.92
1297,18,0,5,12.2517,4551.33
1299,18,0,5,12.2456,4517.79
1600,18,0,5,12.2442,4504.34
1306,18,0,5,12.2302,4418.08
849,18,0,6,12.4538,5551.82,0.0775,338.032,0.22,7
850,18,0,6,12.4481,5502.36
819,18,0,7,12.5783,6181.23,0.0838333,365.656,0.48,8
2009,18,0,7,12.5716,6134.03
2010,18,0,7,12.5559,6033.18
837,18,0,7,12.5487,5987.23
1774,18,0,7,12.5344,5908.45
849,18,0,7,12.5313,5889.85
1970,18,0,8,12.8812,7812.54,0.0341667,149.025,0.09,9
124,18,0,8,12.8603,7699.87
105,18,0,8,12.8458,7620.19
1967,18,0,8,12.8085,7423.13
107,18,0,8,12.8032,7393.51
1978,18,0,8,12.7942,7338.62
1979,18,0,8,12.7624,7129.43
329,18,0,8,12.7603,7111.99
2114,18,0,8,12.7557,7088.78
335,18,0,8,12.7453,7027.65
1819,18,0,8,12.7403,6998.71
344,18,0,8,12.7238,6901.46
349,18,0,8,12.7097,6818.37
358,18,0,8,12.6972,6749.07
805,18,0,8,12.6857,6685.79
811,18,0,8,12.6839,6668.05
819,18,0,8,12.6622,6546.89
1968,18,0,9,12.9924,8349.44,0,0,0
118,18,0,9,12.9529,8151.02
117,18,0,9,12.9458,8115.04
122,18,0,9,12.9286,8028.12
1970,18,0,9,12.9154,7961.57
105,18,1,0,9.98826,522.901,0.1085,473.244,0.3,1
124,18,1,0,9.97272,438.596
1970,18,1,0,9.95717,345.923
122,18,1,0,9.9444,281.164
117,18,1,0,9.92485,184.747
118,18,1,0,9.91805,150.127
1968,18,1,0,9.89,0
1968,18,1,1,10.1972,1525.79,0,0,0
118,18,1,1,10.1647,1356.71
117,18,1,1,10.1574,1320.07
122,18,1,1,10.1408,1235.7
1970,18,1,1,10.1288,1174.12
124,18,1,1,10.1095,1068.77
105,18,1,1,10.0968,996.145
320,19,0,0,11.5577,851.082,0.0905,394.734,0.38,1
1978,19,0,0,11.5391,730.88
107,19,0,0,11.5306,676.772
1967,19,0,0,11.5276,648.066
105,19,0,0,11.503,499.965
124,19,0,0,11.4897,425.166
1970,19,0,0,11.4739,332.084
122,19,0,0,11.461,266.81
117,19,0,0,11.4456,187.792
118,19,0,0,11.4378,149.07
1968,19,0,0,11.41,0
344,19,0,1,11.7503,1832.98,0.0798333,348.209,0.09,2
1819,19,0,1,11.737,1739.46
335,19,0,1,11.732,1710.51
2114,19,0,1,11.7167,1629.71
329,19,0,1,11.7141,1614.66
2116,19,0,1,11.709,1587.79
327,19,0,1,11.6945,1509.12
324,19,0,1,11.6902,1486.61
319,19,0,1,11.6608,1331.52
320,19,0,1,11.6482,1245.82
2176,19,0,2,12.0072,3227.28,0.0963333,420.177,0.14,3
2066,19,0,2,11.997,3160.17
869,19,0,2,11.9865,3085.16
865,19,0,2,11.9699,2992.05
852,19,0,2,11.9631,2950.08
850,19,0,2,11.9572,2907.1
849,19,0,2,11.9497,2857.62
1774,19,0,2,11.9461,2837.62
837,19,0,2,11.9338,2767.18
2010,19,0,2,11.9253,2718.88
2009,19,0,2,11.9031,2598.46
819,19,0,2,11.896,2550.96
811,19,0,2,11.8748,2432.35
805,19,0,2,11.8713,2412.91
358,19,0,2,11.8607,2353.4
349,19,0,2,11.8433,2262.79
344,19,0,2,11.8302,2181.19
1306,19,0,3,12.1373,3838.7,0.0833333,363.475,0.03,4
1599,19,0,3,12.1198,3742.25
1300,19,0,3,12.1154,3715.82
1298,19,0,3,12.1101,3686.64
2176,19,0,3,12.1036,3647.46
869,19,0,4,12.3,4628.96,0.0443333,193.369,0.11,5
2066,19,0,4,12.2726,4493.01
1297,19,0,4,12.2422,4335.43
1299,19,0,4,12.2361,4301.88
1600,19,0,4,12.2347,4288.43
1306,19,0,4,12.2207,4202.17
850,19,0,5,12.3724,4997.85,0.1105,481.968,0.03,6
852,19,0,5,12.3649,4953.22
865,19,0,5,12.3582,4911.38
869,19,0,5,12.3443,4822.33
849,19,0,6,12.4886,5529.28,0.0775,338.032,0.22,7
850,19,0,6,12.4829,5479.82
819,19,0,7,12.6132,6158.7,0.0838333,365.656,0.48,8
2009,19,0,7,12.6065,6111.49
2010,19,0,7,12.5907,6010.65
837,19,0,7,12.5836,5964.69
1774,19,0,7,12.5692,5885.92
849,19,0,7,12.5661,5867.31
1968,19,0,8,12.9932,8178.15,0,0,0
118,19,0,8,12.9539,7980.87
117,19,0,8,12.9465,7943.48
122,19,0,8,12.9292,7856.56
1970,19,0,8,12.916,7790.01
124,19,0,8,12.8951,7677.33
105,19,0,8,12.8807,7597.66
1967,19,0,8,12.8433,7400.6
107,19,0,8,12.8381,7370.98
1978,19,0,8,12.829,7316.08
1979,19,0,8,12.7973,7106.9
329,19,0,8,12.7951,7089.45
2114,19,0,8,12.7906,7066.25
335,19,0,8,12.7801,7005.11
1819,19,0,8,12.7752,6976.17
344,19,0,8,12.7586,6878.92
349,19,0,8,12.7445,6795.84
358,19,0,8,12.732,6726.54
805,19,0,8,12.7206,6663.25
811,19,0,8,12.7188,6645.52
819,19,0,8,12.697,6524.35
105,19,1,0,9.90826,522.901,0.1085,473.244,0.3,1
124,19,1,0,9.89272,438.596
1970,19,1,0,9.87717,345.923
122,19,1,0,9.8644,281.164
117,19,1,0,9.84485,184.747
118,19,1,0,9.83805,150.127
1968,19,1,0,9.81,0
1970,19,1,1,10.0488,1174.12,0.0656667,286.418,0.08,2
124,19,1,1,10.0295,1068.77
105,19,1,1,10.0168,996.145
1968,19,1,2,10.1829,1812.21,0,0,0
118,19,1,2,10.1504,1643.13
117,19,1,2,10.1431,1606.49
122,19,1,2,10.1264,1522.12
1970,19,1,2,10.1144,1460.54
2176,20,0,0,11.917,2151.6,0.0568333,247.89,0.16,1
2066,20,0,0,11.9066,2084.26
869,20,0,0,11.8952,2008.63
1856,20,0,0,11.8669,1878.96
855,20,0,0,11.8667,1878.25
843,20,0,0,11.8529,1798.75
832,20,0,0,11.8421,1737.49
831,20,0,0,11.8342,1696.96
2153,20,0,0,11.8342,1696.88
821,20,0,0,11.8213,1632.02
2008,20,0,0,11.8128,1589.23
812,20,0,0,11.7956,1494.65
807,20,0,0,11.7955,1493.87
356,20,0,0,11.7802,1412.75
1981,20,0,0,11.7679,1329.24
345,20,0,0,11.7462,1219.17
341,20,0,0,11.7368,1168.93
2132,20,0,0,11.7365,1166.89
328,20,0,0,11.7227,1075.3
2115,20,0,0,11.7113,1016.31
329,20,0,0,11.7074,995.611
1979,20,0,0,11.7015,965.863
1978,20,0,0,11.6591,730.88
107,20,0,0,11.6506,676.772
1967,20,0,0,11.6476,648.066
105,20,0,0,11.623,499.965
124,20,0,0,11.6097,425.166
1970,20,0,0,11.5939,332.084
122,20,0,0,11.581,266.81
117,20,0,0,11.5656,187.792
118,20,0,0,11.5578,149.07
1968,20,0,0,11.53,0
1306,20,0,1,12.0064,2586.93,0.0833333,363.475,0.03,2
1599,20,0,1,11.9905,2497.48
1300,20,0,1,11.9867,2471.76
1298,20,0,1,11.9805,2438.85
2176,20,0,1,11.9739,2399.49
869,20,0,2,12.1691,3377.19,0.0443333,193.369,0.11,3
2066,20,0,2,12.1417,3241.24
1297,20,0,2,12.1112,3083.66
1299,20,0,2,12.1052,3050.11
1600,20,0,2,12.1038,3036.66
1306,20,0,2,12.0898,2950.4
850,20,0,3,12.2415,3746.08,0.1105,481.968,0.03,4
852,20,0,3,12.234,3701.45
865,20,0,3,12.2273,3659.6
869,20,0,3,12.2134,3570.56
849,20,0,4,12.3577,4277.51,0.0775,338.032,0.22,5
850,20,0,4,12.352,4228.05
819,20,0,5,12.4822,4906.93,0.0838333,365.656,0.48,6
2009,20,0,5,12.4755,4859.72
2010,20,0,5,12.4598,4758.88
837,20,0,5,12.4526,4712.92
1774,20,0,5,12.4383,4634.14
849,20,0,5,12.4352,4615.54
344,20,0,6,12.6277,5627.15,0.0863333,376.56,0.09,7
349,20,0,6,12.6136,5544.07
358,20,0,6,12.6011,5474.76
805,20,0,6,12.5896,5411.48
811,20,0,6,12.5878,5393.74
819,20,0,6,12.5661,5272.58
1970,20,0,7,12.8714,6914.8,0.0341667,149.025,0.09,8
124,20,0,7,12.8505,6802.12
105,20,0,7,12.8361,6722.45
1967,20,0,7,12.7987,6525.38
107,20,0,7,12.7935,6495.76
1978,20,0,7,12.7844,6440.87
1979,20,0,7,12.7527,6231.68
329,20,0,7,12.7505,6214.24
2114,20,0,7,12.746,6191.03
335,20,0,7,12.7355,6129.9
1819,20,0,7,12.7306,6100.96
344,20,0,7,12.714,6003.71
1968,20,0,8,12.9827,7451.7,0,0,0
118,20,0,8,12.9432,7253.27
117,20,0,8,12.9361,7217.3
122,20,0,8,12.9188,7130.38
1970,20,0,8,12.9056,7063.82
320,20,1,0,9.76409,875.602,0.084,366.383,0.32,1
1978,20,1,0,9.74514,755.022
107,20,1,0,9.73642,700.585
1967,20,1,0,9.73341,671.88
105,20,1,0,9.70826,522.901
124,20,1,0,9.69272,438.596
1970,20,1,0,9.67717,345.923
122,20,1,0,9.6644,281.164
117,20,1,0,9.64485,184.747
118,20,1,0,9.63805,150.127
1968,20,1,0,9.61,0
105,20,1,1,9.91898,1639.24,0.1085,473.244,0.3,2
1967,20,1,1,9.88377,1451.36
107,20,1,1,9.87828,1420.63
1978,20,1,1,9.86855,1364.65
320,20,1,1,9.84809,1241.98
1968,20,1,2,10.1279,2642.13,0,0,0
118,20,1,2,10.0954,2473.05
117,20,1,2,10.0881,2436.41
122,20,1,2,10.0715,2352.05
1970,20,1,2,10.0595,2290.47
124,20,1,2,10.0403,2185.11
105,20,1,2,10.0275,2112.49
2176,21,0,0,11.917,2151.6,0.0568333,247.89,0.16,1
2066,21,0,0,11.9066,2084.26
869,21,0,0,11.8952,2008.63
1856,21,0,0,11.8669,1878.96
855,21,0,0,11.8667,1878.25
843,21,0,0,11.8529,1798.75
832,21,0,0,11.8421,1737.49
831,21,0,0,11.8342,1696.96
2153,21,0,0,11.8342,1696.88
821,21,0,0,11.8213,1632.02
2008,21,0,0,11.8128,1589.23
812,21,0,0,11.7956,1494.65
807,21,0,0,11.7955,1493.87
356,21,0,0,11.7802,1412.75
1981,21,0,0,11.7679,1329.24
345,21,0,0,11.7462,1219.17
341,21,0,0,11.7368,1168.93
2132,21,0,0,11.7365,1166.89
328,21,0,0,11.7227,1075.3
2115,21,0,0,11.7113,1016.31
329,21,0,0,11.7074,995.611
1979,21,0,0,11.7015,965.863
1978,21,0,0,11.6591,730.88
107,21,0,0,11.6506,676.772
1967,21,0,0,11.6476,648.066
105,21,0,0,11.623,499.965
124,21,0,0,11.6097,425.166
1970,21,0,0,11.5939,332.084
122,21,0,0,11.581,266.81
117,21,0,0,11.5656,187.792
118,21,0,0,11.5578,149.07
1968,21,0,0,11.53,0
1306,21,0,1,12.0064,2586.93,0.0833333,363.475,0.03,2
1599,21,0,1,11.9905,2497.48
1300,21,0,1,11.9867,2471.76
1298,21,0,1,11.9805,2438.85
2176,21,0,1,11.9739,2399.49
869,21,0,2,12.1691,3377.19,0.0443333,193.369,0.11,3
2066,21,0,2,12.1417,3241.24
1297,21,0,2,12.1112,3083.66
1299,21,0,2,12.1052,3050.11
1600,21,0,2,12.1038,3036.66
1306,21,0,2,12.0898,2950.4
850,21,0,3,12.2415,3746.08,0.1105,481.968,0.03,4
852,21,0,3,12.234,3701.45
865,21,0,3,12.2273,3659.6
869,21,0,3,12.2134,3570.56
849,21,0,4,12.3577,4277.51,0.0775,338.032,0.22,5
850,21,0,4,12.352,4228.05
819,21,0,5,12.4822,4906.93,0.0838333,365.656,0.48,6
2009,21,0,5,12.4755,4859.72
2010,21,0,5,12.4598,4758.88
837,21,0,5,12.4526,4712.92
1774,21,0,5,12.4383,4634.14
849,21,0,5,12.4352,4615.54
344,21,0,6,12.6277,5627.15,0.0863333,376.56,0.09,7
349,21,0,6,12.6136,5544.07
358,21,0,6,12.6011,5474.76
805,21,0,6,12.5896,5411.48
811,21,0,6,12.5878,5393.74
819,21,0,6,12.5661,5272.58
1968,21,0,7,12.9485,7302.67,0,0,0
118,21,0,7,12.909,7104.25
117,21,0,7,12.9019,7068.27
122,21,0,7,12.8846,6981.35
1970,21,0,7,12.8714,6914.8
124,21,0,7,12.8505,6802.12
105,21,0,7,12.8361,6722.45
1967,21,0,7,12.7987,6525.38
107,21,0,7,12.7935,6495.76
1978,21,0,7,12.7844,6440.87
1979,21,0,7,12.7527,6231.68
329,21,0,7,12.7505,6214.24
2114,21,0,7,12.746,6191.03
335,21,0,7,12.7355,6129.9
1819,21,0,7,12.7306,6100.96
344,21,0,7,12.714,6003.71
320,21,1,0,9.81409,875.602,0.084,366.383,0.32,1
1978,21,1,0,9.79514,755.022
107,21,1,0,9.78642,700.585
1967,21,1,0,9.78341,671.88
105,21,1,0,9.75826,522.901
124,21,1,0,9.74272,438.596
1970,21,1,0,9.72717,345.923
122,21,1,0,9.7144,281.164
117,21,1,0,9.69485,184.747
118,21,1,0,9.68805,150.127
1968,21,1,0,9.66,0
105,21,1,1,9.96898,1639.24,0.1085,473.244,0.3,2
1967,21,1,1,9.93377,1451.36
107,21,1,1,9.92828,1420.63
1978,21,1,1,9.91855,1364.65
320,21,1,1,9.89809,1241.98
1970,21,1,2,10.1095,2290.47,0.0656667,286.418,0.08,3
124,21,1,2,10.0903,2185.11
105,21,1,2,10.0775,2112.49
1968,21,1,3,10.2436,2928.55,0,0,0
118,21,1,3,10.2111,2759.47
117,21,1,3,10.2038,2722.83
122,21,1,3,10.1872,2638.47
1970,21,1,3,10.1751,2576.89
344,22,0,0,11.6736,1213.94,0.0798333,348.209,0.09,1
1819,22,0,0,11.6602,1120.41
335,22,0,0,11.6552,1091.46
2114,22,0,0,11.6399,1010.67
329,22,0,0,11.6374,995.611
1979,22,0,0,11.6315,965.863
1978,22,0,0,11.5891,730.88
107,22,0,0,11.5806,676.772
1967,22,0,0,11.5776,648.066
105,22,0,0,11.553,499.965
124,22,0,0,11.5397,425.166
1970,22,0,0,11.5239,332.084
122,22,0,0,11.511,266.81
117,22,0,0,11.4956,187.792
118,22,0,0,11.4878,149.07
1968,22,0,0,11.46,0
2176,22,0,1,11.9305,2608.24,0.0568333,247.89,0.16,2
2066,22,0,1,11.9203,2541.13
869,22,0,1,11.9097,2466.11
865,22,0,1,11.8932,2373.01
852,22,0,1,11.8864,2331.04
850,22,0,1,11.8804,2288.05
849,22,0,1,11.8729,2238.58
1774,22,0,1,11.8693,2218.58
837,22,0,1,11.8571,2148.13
2010,22,0,1,11.8485,2099.84
2009,22,0,1,11.8264,1979.41
819,22,0,1,11.8193,1931.92
811,22,0,1,11.7981,1813.3
805,22,0,1,11.7946,1793.87
358,22,0,1,11.784,1734.36
349,22,0,1,11.7665,1643.75
344,22,0,1,11.7534,1562.15
1306,22,0,2,12.0199,3043.56,0.0833333,363.475,0.03,3
1599,22,0,2,12.0039,2954.12
1300,22,0,2,12.0001,2928.4
1298,22,0,2,11.9939,2895.49
2176,22,0,2,11.9873,2856.13
869,22,0,3,12.1825,3833.82,0.0443333,193.369,0.11,4
2066,22,0,3,12.1552,3697.88
1297,22,0,3,12.1247,3540.3
1299,22,0,3,12.1187,3506.75
1600,22,0,3,12.1172,3493.3
1306,22,0,3,12.1032,3407.04
850,22,0,4,12.2549,4202.72,0.1105,481.968,0.03,5
852,22,0,4,12.2474,4158.08
865,22,0,4,12.2407,4116.24
869,22,0,4,12.2269,4027.19
849,22,0,5,12.3711,4734.15,0.0775,338.032,0.22,6
850,22,0,5,12.3654,4684.69
819,22,0,6,12.4957,5363.56,0.0838333,365.656,0.48,7
2009,22,0,6,12.489,5316.36
2010,22,0,6,12.4733,5215.52
837,22,0,6,12.4661,5169.56
1774,22,0,6,12.4517,5090.78
849,22,0,6,12.4486,5072.18
1968,22,0,7,12.8757,7383.02,0,0,0
118,22,0,7,12.8365,7185.74
117,22,0,7,12.829,7148.35
122,22,0,7,12.8118,7061.43
1970,22,0,7,12.7986,6994.88
124,22,0,7,12.7776,6882.2
105,22,0,7,12.7632,6802.52
1967,22,0,7,12.7258,6605.46
107,22,0,7,12.7206,6575.84
1978,22,0,7,12.7116,6520.95
1979,22,0,7,12.6798,6311.76
329,22,0,7,12.6777,6294.32
2114,22,0,7,12.6731,6271.11
335,22,0,7,12.6627,6209.98
1819,22,0,7,12.6577,6181.04
344,22,0,7,12.6412,6083.79
349,22,0,7,12.6271,6000.71
358,22,0,7,12.6146,5931.4
805,22,0,7,12.6031,5868.12
811,22,0,7,12.6013,5850.38
819,22,0,7,12.5795,5729.22
320,22,1,0,9.78409,875.602,0.084,366.383,0.32,1
1978,22,1,0,9.76514,755.022
107,22,1,0,9.75642,700.585
1967,22,1,0,9.75341,671.88
105,22,1,0,9.72826,522.901
124,22,1,0,9.71272,438.596
1970,22,1,0,9.69717,345.923
122,22,1,0,9.6844,281.164
117,22,1,0,9.66485,184.747
118,22,1,0,9.65805,150.127
1968,22,1,0,9.63,0
105,22,1,1,9.93898,1639.24,0.1085,473.244,0.3,2
1967,22,1,1,9.90377,1451.36
107,22,1,1,9.89828,1420.63
1978,22,1,1,9.88855,1364.65
320,22,1,1,9.86809,1241.98
1970,22,1,2,10.0795,2290.47,0.0656667,286.418,0.08,3
124,22,1,2,10.0603,2185.11
105,22,1,2,10.0475,2112.49
1968,22,1,3,10.2136,2928.55,0,0,0
118,22,1,3,10.1811,2759.47
117,22,1,3,10.1738,2722.83
122,22,1,3,10.1572,2638.47
1970,22,1,3,10.1451,2576.89
344,23,0,0,11.7536,1213.94,0.0798333,348.209,0.09,1
1819,23,0,0,11.7402,1120.41
335,23,0,0,11.7352,1091.46
2114,23,0,0,11.7199,1010.67
329,23,0,0,11.7174,995.611
1979,23,0,0,11.7115,965.863
1978,23,0,0,11.6691,730.88
107,23,0,0,11.6606,676.772
1967,23,0,0,11.6576,648.066
105,23,0,0,11.633,499.965
124,23,0,0,11.6197,425.166
1970,23,0,0,11.6039,332.084
122,23,0,0,11.591,266.81
117,23,0,0,11.5756,187.792
118,23,0,0,11.5678,149.07
1968,23,0,0,11.54,0
849,23,0,1,11.9529,2238.58,0.0695,303.138,0.23,2
1774,23,0,1,11.9493,2218.58
837,23,0,1,11.9371,2148.13
2010,23,0,1,11.9285,2099.84
2009,23,0,1,11.9064,1979.41
819,23,0,1,11.8993,1931.92
811,23,0,1,11.8781,1813.3
805,23,0,1,11.8746,1793.87
358,23,0,1,11.864,1734.36
349,23,0,1,11.8465,1643.75
344,23,0,1,11.8334,1562.15
850,23,0,2,12.0298,2591.04,0.1105,481.968,0.03,3
849,23,0,2,12.0224,2541.72
869,23,0,3,12.1672,3247.46,0.0443333,193.369,0.11,4
865,23,0,3,12.1524,3157.24
852,23,0,3,12.1462,3115.99
850,23,0,3,12.1403,3073
2176,23,0,4,12.2326,3583.14,0.0963333,420.177,0.14,5
2066,23,0,4,12.2223,3515.98
869,23,0,4,12.2115,3440.83
1306,23,0,5,12.3627,4194.55,0.0833333,363.475,0.03,6
1599,23,0,5,12.3451,4098.1
1300,23,0,5,12.3407,4071.68
1298,23,0,5,12.3354,4042.5
2176,23,0,5,12.3289,4003.31
819,23,0,6,12.6061,5501.18,0.0838333,365.656,0.48,7
2009,23,0,6,12.5994,5453.98
2010,23,0,6,12.5837,5353.13
837,23,0,6,12.5765,5307.18
1774,23,0,6,12.5622,5228.4
849,23,0,6,12.5591,5209.8
850,23,0,6,12.5534,5160.34
852,23,0,6,12.5459,5115.7
865,23,0,6,12.5392,5073.86
869,23,0,6,12.5253,4984.81
2066,23,0,6,12.4979,4848.86
1297,23,0,6,12.4675,4691.28
1299,23,0,6,12.4614,4657.74
1600,23,0,6,12.46,4644.29
1306,23,0,6,12.446,4558.02
1968,23,0,7,12.9862,7520.64,0,0,0
118,23,0,7,12.9469,7323.36
117,23,0,7,12.9395,7285.97
122,23,0,7,12.9222,7199.05
1970,23,0,7,12.909,7132.5
124,23,0,7,12.8881,7019.82
105,23,0,7,12.8736,6940.14
1967,23,0,7,12.8363,6743.08
107,23,0,7,12.8311,6713.46
1978,23,0,7,12.822,6658.57
1979,23,0,7,12.7903,6449.38
329,23,0,7,12.7881,6431.94
2114,23,0,7,12.7836,6408.73
335,23,0,7,12.7731,6347.6
1819,23,0,7,12.7681,6318.66
344,23,0,7,12.7516,6221.41
349,23,0,7,12.7375,6138.32
358,23,0,7,12.725,6069.02
805,23,0,7,12.7135,6005.74
811,23,0,7,12.7117,5988
819,23,0,7,12.69,5866.84
320,23,1,0,9.76409,875.602,0.084,366.383,0.32,1
1978,23,1,0,9.74514,755.022
107,23,1,0,9.73642,700.585
1967,23,1,0,9.73341,671.88
105,23,1,0,9.70826,522.901
124,23,1,0,9.69272,438.596
1970,23,1,0,9.67717,345.923
122,23,1,0,9.6644,281.164
117,23,1,0,9.64485,184.747
118,23,1,0,9.63805,150.127
1968,23,1,0,9.61,0
105,23,1,1,9.91898,1639.24,0.1085,473.244,0.3,2
1967,23,1,1,9.88377,1451.36
107,23,1,1,9.87828,1420.63
1978,23,1,1,9.86855,1364.65
320,23,1,1,9.84809,1241.98
1970,23,1,2,10.0595,2290.47,0.0656667,286.418,0.08,3
124,23,1,2,10.0403,2185.11
105,23,1,2,10.0275,2112.49
1968,23,1,3,10.1936,2928.55,0,0,0
118,23,1,3,10.1611,2759.47
117,23,1,3,10.1538,2722.83
122,23,1,3,10.1372,2638.47
1970,23,1,3,10.1251,2576.89
344,24,0,0,11.7436,1213.94,0.0798333,348.209,0.09,1
1819,24,0,0,11.7302,1120.41
335,24,0,0,11.7252,1091.46
2114,24,0,0,11.7099,1010.67
329,24,0,0,11.7074,995.611
1979,24,0,0,11.7015,965.863
1978,24,0,0,11.6591,730.88
107,24,0,0,11.6506,676.772
1967,24,0,0,11.6476,648.066
105,24,0,0,11.623,499.965
124,24,0,0,11.6097,425.166
1970,24,0,0,11.5939,332.084
122,24,0,0,11.581,266.81
117,24,0,0,11.5656,187.792
118,24,0,0,11.5578,149.07
1968,24,0,0,11.53,0
2176,24,0,1,12.0005,2608.24,0.0963333,420.177,0.14,2
2066,24,0,1,11.9903,2541.13
869,24,0,1,11.9797,2466.11
865,24,0,1,11.9632,2373.01
852,24,0,1,11.9564,2331.04
850,24,0,1,11.9504,2288.05
849,24,0,1,11.9429,2238.58
1774,24,0,1,11.9393,2218.58
837,24,0,1,11.9271,2148.13
2010,24,0,1,11.9185,2099.84
2009,24,0,1,11.8964,1979.41
819,24,0,1,11.8893,1931.92
811,24,0,1,11.8681,1813.3
805,24,0,1,11.8646,1793.87
358,24,0,1,11.854,1734.36
349,24,0,1,11.8365,1643.75
344,24,0,1,11.8234,1562.15
1306,24,0,2,12.1306,3219.65,0.0833333,363.475,0.03,3
1599,24,0,2,12.1131,3123.2
1300,24,0,2,12.1087,3096.78
1298,24,0,2,12.1033,3067.6
2176,24,0,2,12.0968,3028.42
869,24,0,3,12.2932,4009.91,0.0443333,193.369,0.11,4
2066,24,0,3,12.2659,3873.97
1297,24,0,3,12.2354,3716.38
1299,24,0,3,12.2294,3682.84
1600,24,0,3,12.2279,3669.39
1306,24,0,3,12.2139,3583.13
850,24,0,4,12.3657,4378.81,0.1105,481.968,0.03,5
852,24,0,4,12.3581,4334.17
865,24,0,4,12.3514,4292.33
869,24,0,4,12.3376,4203.28
849,24,0,5,12.4818,4910.24,0.0775,338.032,0.22,6
850,24,0,5,12.4762,4860.78
819,24,0,6,12.6064,5539.65,0.0838333,365.656,0.48,7
2009,24,0,6,12.5997,5492.45
2010,24,0,6,12.584,5391.6
837,24,0,6,12.5768,5345.65
1774,24,0,6,12.5624,5266.87
849,24,0,6,12.5593,5248.27
1968,24,0,7,12.9864,7559.11,0,0,0
118,24,0,7,12.9472,7361.83
117,24,0,7,12.9397,7324.44
122,24,0,7,12.9225,7237.52
1970,24,0,7,12.9093,7170.97
124,24,0,7,12.8884,7058.29
105,24,0,7,12.8739,6978.61
1967,24,0,7,12.8365,6781.55
107,24,0,7,12.8313,6751.93
1978,24,0,7,12.8223,6697.04
1979,24,0,7,12.7905,6487.85
329,24,0,7,12.7884,6470.41
2114,24,0,7,12.7838,6447.2
335,24,0,7,12.7734,6386.07
1819,24,0,7,12.7684,6357.13
344,24,0,7,12.7519,6259.88
349,24,0,7,12.7378,6176.79
358,24,0,7,12.7253,6107.49
805,24,0,7,12.7138,6044.21
811,24,0,7,12.712,6026.47
819,24,0,7,12.6902,5905.31
320,24,1,0,9.78409,875.602,0.084,366.383,0.32,1
1978,24,1,0,9.76514,755.022
107,24,1,0,9.75642,700.585
1967,24,1,0,9.75341,671.88
105,24,1,0,9.72826,522.901
124,24,1,0,9.71272,438.596
1970,24,1,0,9.69717,345.923
122,24,1,0,9.6844,281.164
117,24,1,0,9.66485,184.747
118,24,1,0,9.65805,150.127
1968,24,1,0,9.63,0
105,24,1,1,9.93898,1639.24,0.1085,473.244,0.3,2
1967,24,1,1,9.90377,1451.36
107,24,1,1,9.89828,1420.63
1978,24,1,1,9.88855,1364.65
320,24,1,1,9.86809,1241.98
1970,24,1,2,10.0795,2290.47,0.0656667,286.418,0.08,3
124,24,1,2,10.0603,2185.11
105,24,1,2,10.0475,2112.49
1968,24,1,3,10.2136,2928.55,0,0,0
118,24,1,3,10.1811,2759.47
117,24,1,3,10.1738,2722.83
122,24,1,3,10.1572,2638.47
1970,24,1,3,10.1451,2576.89
869,25,0,0,12.0652,2008.63,0.0443333,193.369,0.11,1
1856,25,0,0,12.0369,1878.96
855,25,0,0,12.0367,1878.25
843,25,0,0,12.0229,1798.75
832,25,0,0,12.0121,1737.49
831,25,0,0,12.0042,1696.96
2153,25,0,0,12.0042,1696.88
821,25,0,0,11.9913,1632.02
2008,25,0,0,11.9828,1589.23
812,25,0,0,11.9656,1494.65
807,25,0,0,11.9655,1493.87
356,25,0,0,11.9502,1412.75
1981,25,0,0,11.9379,1329.24
345,25,0,0,11.9162,1219.17
341,25,0,0,11.9068,1168.93
2132,25,0,0,11.9065,1166.89
328,25,0,0,11.8927,1075.3
2115,25,0,0,11.8813,1016.31
329,25,0,0,11.8774,995.611
1979,25,0,0,11.8715,965.863
1978,25,0,0,11.8291,730.88
107,25,0,0,11.8206,676.772
1967,25,0,0,11.8176,648.066
105,25,0,0,11.793,499.965
124,25,0,0,11.7797,425.166
1970,25,0,0,11.7639,332.084
122,25,0,0,11.751,266.81
117,25,0,0,11.7356,187.792
118,25,0,0,11.7278,149.07
1968,25,0,0,11.7,0
2176,25,0,1,12.1306,2344.32,0.0963333,420.177,0.14,2
2066,25,0,1,12.1204,2277.15
869,25,0,1,12.1095,2202
1306,25,0,2,12.2607,2955.73,0.0833333,363.475,0.03,3
1599,25,0,2,12.2432,2859.28
1300,25,0,2,12.2388,2832.85
1298,25,0,2,12.2335,2803.67
2176,25,0,2,12.2269,2764.49
850,25,0,3,12.4514,3921.52,0.1105,481.968,0.03,4
852,25,0,3,12.4439,3876.88
865,25,0,3,12.4372,3835.04
869,25,0,3,12.4234,3745.99
2066,25,0,3,12.396,3610.04
1297,25,0,3,12.3655,3452.46
1299,25,0,3,12.3595,3418.91
1600,25,0,3,12.358,3405.46
1306,25,0,3,12.344,3319.2
819,25,0,4,12.6147,4744.33,0.0838333,365.656,0.48,5
2009,25,0,4,12.608,4697.12
2010,25,0,4,12.5923,4596.28
837,25,0,4,12.5851,4550.32
1774,25,0,4,12.5707,4471.55
849,25,0,4,12.5676,4452.94
850,25,0,4,12.5619,4403.48
1968,25,0,5,12.9947,6763.78,0,0,0
118,25,0,5,12.9555,6566.5
117,25,0,5,12.948,6529.11
122,25,0,5,12.9308,6442.19
1970,25,0,5,12.9176,6375.64
124,25,0,5,12.8966,6262.96
105,25,0,5,12.8822,6183.29
1967,25,0,5,12.8448,5986.23
107,25,0,5,12.8396,5956.61
1978,25,0,5,12.8306,5901.71
1979,25,0,5,12.7988,5692.53
329,25,0,5,12.7967,5675.08
2114,25,0,5,12.7921,5651.88
335,25,0,5,12.7817,5590.74
1819,25,0,5,12.7767,5561.8
344,25,0,5,12.7602,5464.55
349,25,0,5,12.7461,5381.47
358,25,0,5,12.7336,5312.17
805,25,0,5,12.7221,5248.88
811,25,0,5,12.7203,5231.15
819,25,0,5,12.6985,5109.98
105,25,1,0,9.47826,522.901,0.1085,473.244,0.3,1
124,25,1,0,9.46272,438.596
1970,25,1,0,9.44717,345.923
122,25,1,0,9.4344,281.164
117,25,1,0,9.41485,184.747
118,25,1,0,9.40805,150.127
1968,25,1,0,9.38,0
320,25,1,1,9.64259,1348.85,0.084,366.383,0.32,2
1978,25,1,1,9.62364,1228.27
107,25,1,1,9.61492,1173.83
1967,25,1,1,9.61191,1145.12
105,25,1,1,9.58676,996.145
849,25,1,2,9.95483,2997.83,0.089,388.191,0.2,3
1774,25,1,2,9.95148,2978.83
837,25,1,2,9.94006,2909.76
2010,25,1,2,9.92717,2842.87
2009,25,1,2,9.9037,2716.69
819,25,1,2,9.89538,2667.61
811,25,1,2,9.87403,2548.28
805,25,1,2,9.87048,2528.67
358,25,1,2,9.85582,2451.74
349,25,1,2,9.83912,2364.31
344,25,1,2,9.82531,2281.68
1819,25,1,2,9.81015,2186.44
335,25,1,2,9.80524,2157.6
2114,25,1,2,9.79158,2083.94
329,25,1,2,9.78898,2068.77
2116,25,1,2,9.78424,2043.68
327,25,1,2,9.77095,1970.11
324,25,1,2,9.76678,1948.4
319,25,1,2,9.73918,1800.93
320,25,1,2,9.72659,1715.23
344,25,1,3,10.1509,4043.65,0.0413333,180.284,0.09,4
349,25,1,3,10.1403,3963.95
358,25,1,3,10.1237,3876.76
805,25,1,3,10.1129,3816.59
811,25,1,3,10.1111,3798.85
819,25,1,3,10.0879,3671.35
2009,25,1,3,10.082,3624.17
2010,25,1,3,10.0666,3523.65
837,25,1,3,10.0593,3477.53
1774,25,1,3,10.0481,3408.79
849,25,1,3,10.0438,3386.02
1970,25,1,4,10.3467,5122.2,0.0656667,286.418,0.08,5
124,25,1,4,10.3275,5016.85
105,25,1,4,10.3147,4944.23
1967,25,1,4,10.2778,4748.95
107,25,1,4,10.2723,4718.29
1978,25,1,4,10.2632,4663.41
1979,25,1,4,10.2306,4453.23
329,25,1,4,10.2284,4435.77
2114,25,1,4,10.2232,4409.85
335,25,1,4,10.2128,4348.7
1819,25,1,4,10.2078,4319.71
344,25,1,4,10.1922,4223.94
1968,25,1,5,10.4808,5760.29,0,0,0
118,25,1,5,10.4483,5591.21
117,25,1,5,10.441,5554.57
122,25,1,5,10.4244,5470.2
1970,25,1,5,10.4124,5408.62
344,26,0,0,11.8036,1213.94,0.0798333,348.209,0.09,1
1819,26,0,0,11.7902,1120.41
335,26,0,0,11.7852,1091.46
2114,26,0,0,11.7699,1010.67
329,26,0,0,11.7674,995.611
1979,26,0,0,11.7615,965.863
1978,26,0,0,11.7191,730.88
107,26,0,0,11.7106,676.772
1967,26,0,0,11.7076,648.066
105,26,0,0,11.683,499.965
124,26,0,0,11.6697,425.166
1970,26,0,0,11.6539,332.084
122,26,0,0,11.641,266.81
117,26,0,0,11.6256,187.792
118,26,0,0,11.6178,149.07
1968,26,0,0,11.59,0
850,26,0,1,12.0104,2288.05,0.1105,481.968,0.03,2
849,26,0,1,12.0029,2238.58
1774,26,0,1,11.9993,2218.58
837,26,0,1,11.9871,2148.13
2010,26,0,1,11.9785,2099.84
2009,26,0,1,11.9564,1979.41
819,26,0,1,11.9493,1931.92
811,26,0,1,11.9281,1813.3
805,26,0,1,11.9246,1793.87
358,26,0,1,11.914,1734.36
349,26,0,1,11.8965,1643.75
344,26,0,1,11.8834,1562.15
869,26,0,2,12.1478,2944.48,0.0443333,193.369,0.11,3
865,26,0,2,12.1331,2854.26
852,26,0,2,12.1269,2813.01
850,26,0,2,12.1209,2770.02
2176,26,0,3,12.2132,3280.16,0.0963333,420.177,0.14,4
2066,26,0,3,12.203,3212.99
869,26,0,3,12.1922,3137.84
1306,26,0,4,12.3433,3891.57,0.0833333,363.475,0.03,5
1599,26,0,4,12.3258,3795.12
1300,26,0,4,12.3214,3768.7
1298,26,0,4,12.3161,3739.52
2176,26,0,4,12.3096,3700.33
819,26,0,5,12.5868,5198.2,0.0838333,365.656,0.48,6
2009,26,0,5,12.5801,5151
2010,26,0,5,12.5644,5050.15
837,26,0,5,12.5572,5004.2
1774,26,0,5,12.5429,4925.42
849,26,0,5,12.5398,4906.82
850,26,0,5,12.5341,4857.36
852,26,0,5,12.5265,4812.72
865,26,0,5,12.5198,4770.88
869,26,0,5,12.506,4681.83
2066,26,0,5,12.4786,4545.88
1297,26,0,5,12.4482,4388.3
1299,26,0,5,12.4421,4354.75
1600,26,0,5,12.4407,4341.31
1306,26,0,5,12.4267,4255.04
1968,26,0,6,12.9668,7217.66,0,0,0
118,26,0,6,12.9276,7020.38
117,26,0,6,12.9201,6982.99
122,26,0,6,12.9029,6896.07
1970,26,0,6,12.8897,6829.51
124,26,0,6,12.8688,6716.84
105,26,0,6,12.8543,6637.16
1967,26,0,6,12.817,6440.1
107,26,0,6,12.8117,6410.48
1978,26,0,6,12.8027,6355.59
1979,26,0,6,12.7709,6146.4
329,26,0,6,12.7688,6128.95
2114,26,0,6,12.7642,6105.75
335,26,0,6,12.7538,6044.62
1819,26,0,6,12.7488,6015.68
344,26,0,6,12.7323,5918.43
349,26,0,6,12.7182,5835.34
358,26,0,6,12.7057,5766.04
805,26,0,6,12.6942,5702.76
811,26,0,6,12.6924,5685.02
819,26,0,6,12.6706,5563.86
320,26,1,0,9.80409,875.602,0.084,366.383,0.32,1
1978,26,1,0,9.78514,755.022
107,26,1,0,9.77642,700.585
1967,26,1,0,9.77341,671.88
105,26,1,0,9.74826,522.901
124,26,1,0,9.73272,438.596
1970,26,1,0,9.71717,345.923
122,26,1,0,9.7044,281.164
117,26,1,0,9.68485,184.747
118,26,1,0,9.67805,150.127
1968,26,1,0,9.65,0
105,26,1,1,9.95898,1639.24,0.1085,473.244,0.3,2
1967,26,1,1,9.92377,1451.36
107,26,1,1,9.91828,1420.63
1978,26,1,1,9.90855,1364.65
320,26,1,1,9.88809,1241.98
1970,26,1,2,10.0995,2290.47,0.0656667,286.418,0.08,3
124,26,1,2,10.0803,2185.11
105,26,1,2,10.0675,2112.49
1968,26,1,3,10.2336,2928.55,0,0,0
118,26,1,3,10.2011,2759.47
117,26,1,3,10.1938,2722.83
122,26,1,3,10.1772,2638.47
1970,26,1,3,10.1651,2576.89
849,26,2,0,9.71869,1909.45,0.089,388.191,0.2,1
1774,26,2,0,9.71456,1887.1
837,26,2,0,9.70316,1818.07
2010,26,2,0,9.69454,1769.56
2009,26,2,0,9.67178,1646.39
819,26,2,0,9.6647,1598.91
811,26,2,0,9.64408,1482.76
805,26,2,0,9.64166,1465.56
358,26,2,0,9.62983,1400.77
349,26,2,0,9.61313,1313.34
344,26,2,0,9.59932,1230.71
1819,26,2,0,9.58416,1135.47
335,26,2,0,9.57925,1106.63
2114,26,2,0,9.56559,1032.97
329,26,2,0,9.56299,1017.8
1979,26,2,0,9.55782,991.208
1978,26,2,0,9.51514,755.022
107,26,2,0,9.50642,700.585
1967,26,2,0,9.50341,671.88
105,26,2,0,9.47826,522.901
124,26,2,0,9.46272,438.596
1970,26,2,0,9.44717,345.923
122,26,2,0,9.4344,281.164
117,26,2,0,9.41485,184.747
118,26,2,0,9.40805,150.127
1968,26,2,0,9.38,0
1968,26,2,1,10.1517,4208.02,0,0,0
118,26,2,1,10.1272,4073.07
117,26,2,1,10.12,4036.62
122,26,2,1,10.1029,3950.58
1970,26,2,1,10.0896,3883.64
124,26,2,1,10.0683,3769.09
105,26,2,1,10.0572,3698.89
1967,26,2,1,10.022,3511
107,26,2,1,10.0165,3480.27
1978,26,2,1,10.0068,3424.29
1979,26,2,1,9.97237,3211.94
329,26,2,1,9.97013,3194.53
2114,26,2,1,9.96496,3168.73
335,26,2,1,9.95458,3107.69
1819,26,2,1,9.9494,3078.39
344,26,2,1,9.93322,2981.71
349,26,2,1,9.91955,2899.3
358,26,2,1,9.90286,2811.9
359,26,2,1,9.8854,2725.42
806,26,2,1,9.88519,2724.41
820,26,2,1,9.86458,2607.5
839,26,2,1,9.83239,2432.11
838,26,2,1,9.82224,2377.36
849,26,2,1,9.80769,2297.64
