Node, Individual, Route,Segment, Travel time, Travel cost, Attention time, Attention cost, Failure rate, Demand
1858,0,0,0,11.0543,1912.73,0.036,157.021,0.21,1
1859,0,0,0,11.0219,1744.72
1861,0,0,0,10.9992,1621.32
1863,0,0,0,10.9264,1243.23
1865,0,0,0,10.9233,1225.48
1868,0,0,0,10.899,1078.54
1870,0,0,0,10.819,638.671
1874,0,0,0,10.807,574.398
1876,0,0,0,10.7692,366.988
1878,0,0,0,10.7341,168.626
1882,0,0,0,10.7241,111.587
1884,0,0,0,10.71,0
559,0,0,1,11.3086,3504.88,0.043,187.553,0.36,2
554,0,0,1,11.3055,3485
565,0,0,1,11.2979,3442.07
573,0,0,1,11.2926,3415.48
574,0,0,1,11.2836,3363.68
580,0,0,1,11.2652,3265.41
596,0,0,1,11.2591,3205.55
595,0,0,1,11.2536,3175.14
605,0,0,1,11.2524,3167.15
529,0,0,1,11.2352,3067.12
726,0,0,1,11.2193,2965.93
714,0,0,1,11.2191,2964.04
715,0,0,1,11.2158,2940.56
2190,0,0,1,11.2033,2820.61
2191,0,0,1,11.1958,2748.88
713,0,0,1,11.1722,2520.94
242,0,0,1,11.1367,2325.34
243,0,0,1,11.1025,2140.81
1858,0,0,1,11.0903,2069.75
1537,0,0,2,11.4351,4141.95,0.0933333,407.092,0.11,3
418,0,0,2,11.4298,4113.49
419,0,0,2,11.4135,4024.36
424,0,0,2,11.41,4004.44
613,0,0,2,11.4055,3978.27
611,0,0,2,11.4005,3946.07
619,0,0,2,11.38,3843.19
618,0,0,2,11.3785,3834.95
560,0,0,2,11.3605,3743.9
555,0,0,2,11.3575,3727.94
559,0,0,2,11.3516,3692.43
596,0,0,3,11.6917,5512.1,0.0505,220.266,0.03,4
580,0,0,3,11.6833,5453.83
574,0,0,3,11.6661,5360.58
573,0,0,3,11.656,5304.68
564,0,0,3,11.6483,5263.53
557,0,0,3,11.6422,5229.54
561,0,0,3,11.6355,5183.02
628,0,0,3,11.6311,5157.37
609,0,0,3,11.6183,5080.72
423,0,0,3,11.6124,5024.4
419,0,0,3,11.6078,4989.95
418,0,0,3,11.5924,4905.03
2139,0,0,3,11.5886,4883.6
2138,0,0,3,11.5701,4782.16
411,0,0,3,11.5565,4707.35
1537,0,0,3,11.5285,4549.04
725,0,0,4,11.8245,6230.64,0.0406667,177.376,0.13,5
724,0,0,4,11.816,6187.34
717,0,0,4,11.8158,6185.87
716,0,0,4,11.7927,6059.87
722,0,0,4,11.7921,6057.05
726,0,0,4,11.7803,5980.56
529,0,0,4,11.7665,5881.07
605,0,0,4,11.7517,5784.46
603,0,0,4,11.7466,5756.48
604,0,0,4,11.7423,5733.34
596,0,0,4,11.7422,5732.37
1884,0,0,5,12.3444,9106.49,0,0,0
1883,0,0,5,12.2928,8802.41
1879,0,0,5,12.2817,8741.36
1877,0,0,5,12.2511,8547.44
1875,0,0,5,12.2271,8394.62
1871,0,0,5,12.2134,8313.89
1869,0,0,5,12.1285,7857.81
1867,0,0,5,12.1215,7819.26
1866,0,0,5,12.0949,7674.51
1864,0,0,5,12.0876,7633.31
2180,0,0,5,12.0704,7536.05
1860,0,0,5,12.0595,7482.01
243,0,0,5,11.9923,7124.69
242,0,0,5,11.9575,6937.8
713,0,0,5,11.9275,6761.67
718,0,0,5,11.903,6610.66
725,0,0,5,11.8651,6408.02
1858,1,0,0,10.7443,1912.73,0.104667,456.524,0.2,1
1859,1,0,0,10.7119,1744.72
1861,1,0,0,10.6892,1621.32
1863,1,0,0,10.6164,1243.23
1865,1,0,0,10.6133,1225.48
1868,1,0,0,10.589,1078.54
1870,1,0,0,10.509,638.671
1874,1,0,0,10.497,574.398
1876,1,0,0,10.4592,366.988
1878,1,0,0,10.4241,168.626
1882,1,0,0,10.4141,111.587
1884,1,0,0,10.4,0
559,1,0,1,11.0647,3803.44,0.043,187.553,0.36,2
557,1,0,1,11.0629,3790.44
564,1,0,1,11.0549,3748.12
573,1,0,1,11.0501,3716.07
574,1,0,1,11.0419,3665.58
580,1,0,1,11.0231,3565.51
596,1,0,1,11.017,3505.65
595,1,0,1,11.0125,3478.18
605,1,0,1,11.0113,3470.1
529,1,0,1,10.9927,3366.05
726,1,0,1,10.9781,3266.09
714,1,0,1,10.9779,3264.21
715,1,0,1,10.9744,3240.56
2190,1,0,1,10.9618,3120.62
2191,1,0,1,10.9544,3048.89
713,1,0,1,10.9308,2820.95
242,1,0,1,10.8974,2634.63
243,1,0,1,10.8608,2439.69
1858,1,0,1,10.8489,2369.26
1537,1,0,2,11.1912,4440.52,0.0933333,407.092,0.11,3
418,1,0,2,11.1859,4412.06
419,1,0,2,11.1696,4322.93
424,1,0,2,11.1661,4303
613,1,0,2,11.1615,4276.83
611,1,0,2,11.1566,4244.63
619,1,0,2,11.1361,4141.76
618,1,0,2,11.1346,4133.52
560,1,0,2,11.1166,4042.46
555,1,0,2,11.1135,4026.51
559,1,0,2,11.1077,3990.99
596,1,0,3,11.4478,5810.67,0.0505,220.266,0.03,4
580,1,0,3,11.4394,5752.39
574,1,0,3,11.4222,5659.15
573,1,0,3,11.4121,5603.25
564,1,0,3,11.4044,5562.09
557,1,0,3,11.3983,5528.11
561,1,0,3,11.3916,5481.59
628,1,0,3,11.3872,5455.94
609,1,0,3,11.3744,5379.28
423,1,0,3,11.3685,5322.96
419,1,0,3,11.3638,5288.52
418,1,0,3,11.3485,5203.6
2139,1,0,3,11.3446,5182.17
2138,1,0,3,11.3262,5080.73
411,1,0,3,11.3126,5005.91
1537,1,0,3,11.2845,4847.61
725,1,0,4,11.5805,6529.21,0.0406667,177.376,0.13,5
724,1,0,4,11.5721,6485.9
717,1,0,4,11.5719,6484.44
716,1,0,4,11.5487,6358.43
722,1,0,4,11.5482,6355.62
726,1,0,4,11.5363,6279.13
529,1,0,4,11.5226,6179.63
605,1,0,4,11.5078,6083.02
603,1,0,4,11.5027,6055.05
604,1,0,4,11.4984,6031.9
596,1,0,4,11.4983,6030.93
1884,1,0,5,12.1005,9405.06,0,0,0
1883,1,0,5,12.0489,9100.98
1879,1,0,5,12.0378,9039.93
1877,1,0,5,12.0071,8846.01
1875,1,0,5,11.9831,8693.19
1871,1,0,5,11.9695,8612.46
1869,1,0,5,11.8845,8156.38
1867,1,0,5,11.8775,8117.82
1866,1,0,5,11.851,7973.07
1864,1,0,5,11.8437,7931.88
2180,1,0,5,11.8264,7834.62
1860,1,0,5,11.8155,7780.57
243,1,0,5,11.7484,7423.25
242,1,0,5,11.7136,7236.36
713,1,0,5,11.6836,7060.23
718,1,0,5,11.659,6909.23
725,1,0,5,11.6212,6706.58
1858,2,0,0,10.5143,1912.73,0.104667,456.524,0.2,1
1859,2,0,0,10.4819,1744.72
1861,2,0,0,10.4592,1621.32
1863,2,0,0,10.3864,1243.23
1865,2,0,0,10.3833,1225.48
1868,2,0,0,10.359,1078.54
1870,2,0,0,10.279,638.671
1874,2,0,0,10.267,574.398
1876,2,0,0,10.2292,366.988
1878,2,0,0,10.1941,168.626
1882,2,0,0,10.1841,111.587
1884,2,0,0,10.17,0
559,2,0,1,10.8347,3803.44,0.0766667,334.397,0.32,2
557,2,0,1,10.8329,3790.44
564,2,0,1,10.8249,3748.12
573,2,0,1,10.8201,3716.07
574,2,0,1,10.8119,3665.58
580,2,0,1,10.7931,3565.51
596,2,0,1,10.787,3505.65
595,2,0,1,10.7825,3478.18
605,2,0,1,10.7813,3470.1
529,2,0,1,10.7627,3366.05
726,2,0,1,10.7481,3266.09
714,2,0,1,10.7479,3264.21
715,2,0,1,10.7444,3240.56
2190,2,0,1,10.7318,3120.62
2191,2,0,1,10.7244,3048.89
713,2,0,1,10.7008,2820.95
242,2,0,1,10.6674,2634.63
243,2,0,1,10.6308,2439.69
1858,2,0,1,10.6189,2369.26
1537,2,0,2,10.9928,4577.93,0.072,314.042,0.12,3
418,2,0,2,10.9881,4552.38
419,2,0,2,10.972,4464.17
424,2,0,2,10.9686,4444.36
613,2,0,2,10.9643,4418.65
611,2,0,2,10.9593,4386.35
619,2,0,2,10.9414,4294.18
618,2,0,2,10.9389,4281.88
560,2,0,2,10.9211,4191.83
555,2,0,2,10.9176,4174.02
559,2,0,2,10.9114,4137.84
596,2,0,3,11.228,5855.03,0.0505,220.266,0.03,4
580,2,0,3,11.2196,5796.76
574,2,0,3,11.2024,5703.52
573,2,0,3,11.1923,5647.62
564,2,0,3,11.1846,5606.46
557,2,0,3,11.1785,5572.47
561,2,0,3,11.1718,5525.95
628,2,0,3,11.1674,5500.31
609,2,0,3,11.1546,5423.65
423,2,0,3,11.1487,5367.33
419,2,0,3,11.1441,5332.89
418,2,0,3,11.1287,5247.96
2139,2,0,3,11.1249,5226.54
2138,2,0,3,11.1064,5125.1
411,2,0,3,11.0928,5050.28
1537,2,0,3,11.0648,4891.97
725,2,0,4,11.3608,6573.57,0.0406667,177.376,0.13,5
724,2,0,4,11.3523,6530.27
717,2,0,4,11.3521,6528.81
716,2,0,4,11.329,6402.8
722,2,0,4,11.3284,6399.98
726,2,0,4,11.3166,6323.5
529,2,0,4,11.3028,6224
605,2,0,4,11.288,6127.39
603,2,0,4,11.2829,6099.41
604,2,0,4,11.2786,6076.27
596,2,0,4,11.2785,6075.3
1884,2,0,5,11.8807,9449.43,0,0,0
1883,2,0,5,11.8291,9145.34
1879,2,0,5,11.818,9084.29
1877,2,0,5,11.7874,8890.37
1875,2,0,5,11.7634,8737.55
1871,2,0,5,11.7497,8656.83
1869,2,0,5,11.6648,8200.74
1867,2,0,5,11.6578,8162.19
1866,2,0,5,11.6312,8017.44
1864,2,0,5,11.6239,7976.24
2180,2,0,5,11.6067,7878.98
1860,2,0,5,11.5958,7824.94
243,2,0,5,11.5286,7467.62
242,2,0,5,11.4938,7280.73
713,2,0,5,11.4638,7104.6
718,2,0,5,11.4393,6953.59
725,2,0,5,11.4014,6750.95
1858,3,0,0,10.4643,1912.73,0.104667,456.524,0.2,1
1859,3,0,0,10.4319,1744.72
1861,3,0,0,10.4092,1621.32
1863,3,0,0,10.3364,1243.23
1865,3,0,0,10.3333,1225.48
1868,3,0,0,10.309,1078.54
1870,3,0,0,10.229,638.671
1874,3,0,0,10.217,574.398
1876,3,0,0,10.1792,366.988
1878,3,0,0,10.1441,168.626
1882,3,0,0,10.1341,111.587
1884,3,0,0,10.12,0
596,3,0,1,10.737,3505.65,0.116167,506.684,0.02,2
595,3,0,1,10.7325,3478.18
605,3,0,1,10.7313,3470.1
529,3,0,1,10.7127,3366.05
726,3,0,1,10.6981,3266.09
714,3,0,1,10.6979,3264.21
715,3,0,1,10.6944,3240.56
2190,3,0,1,10.6818,3120.62
2191,3,0,1,10.6744,3048.89
713,3,0,1,10.6508,2820.95
242,3,0,1,10.6174,2634.63
243,3,0,1,10.5808,2439.69
1858,3,0,1,10.5689,2369.26
559,3,0,2,10.9009,4310.12,0.0766667,334.397,0.32,3
557,3,0,2,10.8991,4297.13
564,3,0,2,10.891,4254.81
573,3,0,2,10.8863,4222.75
574,3,0,2,10.8781,4172.27
580,3,0,2,10.8593,4072.19
596,3,0,2,10.8531,4012.34
1537,3,0,3,11.0589,5084.62,0.0933333,407.092,0.11,4
418,3,0,3,11.0543,5059.06
419,3,0,3,11.0382,4970.86
424,3,0,3,11.0348,4951.05
613,3,0,3,11.0305,4925.33
611,3,0,3,11.0254,4893.03
619,3,0,3,11.0075,4800.86
618,3,0,3,11.0051,4788.56
560,3,0,3,10.9873,4698.52
555,3,0,3,10.9838,4680.7
559,3,0,3,10.9776,4644.52
725,3,0,4,11.3978,6953.04,0.0406667,177.376,0.13,5
724,3,0,4,11.3893,6909.74
717,3,0,4,11.3891,6908.27
716,3,0,4,11.366,6782.27
722,3,0,4,11.3654,6779.45
726,3,0,4,11.3536,6702.96
529,3,0,4,11.3398,6603.47
605,3,0,4,11.325,6506.86
603,3,0,4,11.3199,6478.88
604,3,0,4,11.3156,6455.74
596,3,0,4,11.3155,6454.77
580,3,0,4,11.3071,6396.49
574,3,0,4,11.2899,6303.25
573,3,0,4,11.2798,6247.35
564,3,0,4,11.2721,6206.19
557,3,0,4,11.266,6172.21
561,3,0,4,11.2593,6125.69
628,3,0,4,11.2549,6100.04
609,3,0,4,11.2421,6023.38
423,3,0,4,11.2362,5967.06
419,3,0,4,11.2316,5932.62
418,3,0,4,11.2162,5847.7
2139,3,0,4,11.2124,5826.27
2138,3,0,4,11.1939,5724.83
411,3,0,4,11.1803,5650.01
1537,3,0,4,11.1523,5491.71
1884,3,0,5,11.9177,9828.89,0,0,0
1883,3,0,5,11.8661,9524.81
1879,3,0,5,11.855,9463.76
1877,3,0,5,11.8244,9269.84
1875,3,0,5,11.8004,9117.02
1871,3,0,5,11.7867,9036.29
1869,3,0,5,11.7018,8580.21
1867,3,0,5,11.6948,8541.66
1866,3,0,5,11.6682,8396.91
1864,3,0,5,11.6609,8355.71
2180,3,0,5,11.6437,8258.45
1860,3,0,5,11.6328,8204.41
243,3,0,5,11.5656,7847.09
242,3,0,5,11.5308,7660.2
713,3,0,5,11.5008,7484.07
718,3,0,5,11.4763,7333.06
725,3,0,5,11.4384,7130.42
1858,4,0,0,10.3843,1912.73,0.104667,456.524,0.2,1
1859,4,0,0,10.3519,1744.72
1861,4,0,0,10.3292,1621.32
1863,4,0,0,10.2564,1243.23
1865,4,0,0,10.2533,1225.48
1868,4,0,0,10.229,1078.54
1870,4,0,0,10.149,638.671
1874,4,0,0,10.137,574.398
1876,4,0,0,10.0992,366.988
1878,4,0,0,10.0641,168.626
1882,4,0,0,10.0541,111.587
1884,4,0,0,10.04,0
725,4,0,1,10.632,3204.02,0.107833,470.336,0.12,2
724,4,0,1,10.6227,3157.19
718,4,0,1,10.5954,2972.06
713,4,0,1,10.5708,2820.95
242,4,0,1,10.5374,2634.63
243,4,0,1,10.5008,2439.69
1858,4,0,1,10.4889,2369.26
596,4,0,2,10.8356,4254.45,0.116167,506.684,0.02,3
595,4,0,2,10.8312,4226.98
605,4,0,2,10.8299,4218.9
529,4,0,2,10.8114,4114.85
726,4,0,2,10.7967,4014.89
722,4,0,2,10.7835,3936.53
716,4,0,2,10.7834,3934.91
717,4,0,2,10.7658,3828.12
724,4,0,2,10.7653,3825.65
728,4,0,2,10.7564,3760.84
725,4,0,2,10.7399,3674.36
559,4,0,3,10.9995,5058.92,0.0766667,334.397,0.32,4
557,4,0,3,10.9977,5045.93
564,4,0,3,10.9896,5003.6
573,4,0,3,10.9849,4971.55
574,4,0,3,10.9767,4921.06
580,4,0,3,10.9579,4820.99
596,4,0,3,10.9517,4761.13
1537,4,0,4,11.1597,5842.84,0.0933333,407.092,0.11,5
418,4,0,4,11.1543,5814.38
419,4,0,4,11.138,5725.25
424,4,0,4,11.1346,5705.33
613,4,0,4,11.13,5679.16
611,4,0,4,11.125,5646.96
619,4,0,4,11.1046,5544.08
618,4,0,4,11.1031,5535.84
560,4,0,4,11.0851,5444.79
555,4,0,4,11.082,5428.83
559,4,0,4,11.0762,5393.32
1884,4,0,5,11.938,10264.9,0,0,0
1883,4,0,5,11.8865,9961.01
1879,4,0,5,11.8731,9889.61
1877,4,0,5,11.8488,9699.34
1875,4,0,5,11.8264,9548.13
1871,4,0,5,11.814,9469.18
1869,4,0,5,11.7267,9003.24
1867,4,0,5,11.7197,8964.68
1866,4,0,5,11.693,8819.28
1864,4,0,5,11.6837,8769.15
2180,4,0,5,11.6663,8671.4
1860,4,0,5,11.6573,8625.29
243,4,0,5,11.593,8280.14
242,4,0,5,11.5557,8082.67
713,4,0,5,11.5239,7902.94
2191,4,0,5,11.4876,7676.38
2190,4,0,5,11.4762,7605
715,4,0,5,11.4584,7487.07
714,4,0,5,11.4545,7463.07
726,4,0,5,11.4543,7461.19
529,4,0,5,11.4405,7361.69
605,4,0,5,11.4257,7265.08
603,4,0,5,11.4206,7237.1
604,4,0,5,11.4164,7213.96
596,4,0,5,11.4162,7212.99
580,4,0,5,11.4078,7154.72
574,4,0,5,11.3906,7061.47
573,4,0,5,11.3805,7005.57
564,4,0,5,11.3728,6964.42
557,4,0,5,11.3667,6930.43
561,4,0,5,11.3601,6883.91
628,4,0,5,11.3556,6858.26
609,4,0,5,11.3428,6781.61
423,4,0,5,11.3369,6725.29
419,4,0,5,11.3323,6690.84
418,4,0,5,11.317,6605.92
2139,4,0,5,11.3131,6584.5
2138,4,0,5,11.2947,6483.05
411,4,0,5,11.2811,6408.24
1537,4,0,5,11.253,6249.93
