Node, Individual, Route,Segment, Travel time, Travel cost, Attention time, Attention cost, Failure rate, Demand
1858,0,0,0,11.0843,1912.73,0.036,157.021,0.21,1
1859,0,0,0,11.0519,1744.72
1861,0,0,0,11.0292,1621.32
1863,0,0,0,10.9564,1243.23
1865,0,0,0,10.9533,1225.48
1868,0,0,0,10.929,1078.54
1870,0,0,0,10.849,638.671
1874,0,0,0,10.837,574.398
1876,0,0,0,10.7992,366.988
1878,0,0,0,10.7641,168.626
1882,0,0,0,10.7541,111.587
1884,0,0,0,10.74,0
559,0,0,1,11.3386,3504.88,0.043,187.553,0.36,2
554,0,0,1,11.3355,3485
565,0,0,1,11.3279,3442.07
573,0,0,1,11.3226,3415.48
574,0,0,1,11.3136,3363.68
580,0,0,1,11.2952,3265.41
596,0,0,1,11.2891,3205.55
595,0,0,1,11.2836,3175.14
605,0,0,1,11.2824,3167.15
529,0,0,1,11.2652,3067.12
726,0,0,1,11.2493,2965.93
714,0,0,1,11.2491,2964.04
715,0,0,1,11.2458,2940.56
2190,0,0,1,11.2333,2820.61
2191,0,0,1,11.2258,2748.88
713,0,0,1,11.2022,2520.94
242,0,0,1,11.1667,2325.34
243,0,0,1,11.1325,2140.81
1858,0,0,1,11.1203,2069.75
1537,0,0,2,11.4651,4141.95,0.0933333,407.092,0.11,3
418,0,0,2,11.4598,4113.49
419,0,0,2,11.4435,4024.36
424,0,0,2,11.44,4004.44
613,0,0,2,11.4355,3978.27
611,0,0,2,11.4305,3946.07
619,0,0,2,11.41,3843.19
618,0,0,2,11.4085,3834.95
560,0,0,2,11.3905,3743.9
555,0,0,2,11.3875,3727.94
559,0,0,2,11.3816,3692.43
596,0,0,3,11.7217,5512.1,0.0505,220.266,0.03,4
580,0,0,3,11.7133,5453.83
574,0,0,3,11.6961,5360.58
573,0,0,3,11.686,5304.68
564,0,0,3,11.6783,5263.53
557,0,0,3,11.6722,5229.54
561,0,0,3,11.6655,5183.02
628,0,0,3,11.6611,5157.37
609,0,0,3,11.6483,5080.72
423,0,0,3,11.6424,5024.4
419,0,0,3,11.6378,4989.95
418,0,0,3,11.6224,4905.03
2139,0,0,3,11.6186,4883.6
2138,0,0,3,11.6001,4782.16
411,0,0,3,11.5865,4707.35
1537,0,0,3,11.5585,4549.04
725,0,0,4,11.8545,6230.64,0.0406667,177.376,0.13,5
724,0,0,4,11.846,6187.34
717,0,0,4,11.8458,6185.87
716,0,0,4,11.8227,6059.87
722,0,0,4,11.8221,6057.05
726,0,0,4,11.8103,5980.56
529,0,0,4,11.7965,5881.07
605,0,0,4,11.7817,5784.46
603,0,0,4,11.7766,5756.48
604,0,0,4,11.7723,5733.34
596,0,0,4,11.7722,5732.37
1884,0,0,5,12.3744,9106.49,0,0,0
1883,0,0,5,12.3228,8802.41
1879,0,0,5,12.3117,8741.36
1877,0,0,5,12.2811,8547.44
1875,0,0,5,12.2571,8394.62
1871,0,0,5,12.2434,8313.89
1869,0,0,5,12.1585,7857.81
1867,0,0,5,12.1515,7819.26
1866,0,0,5,12.1249,7674.51
1864,0,0,5,12.1176,7633.31
2180,0,0,5,12.1004,7536.05
1860,0,0,5,12.0895,7482.01
243,0,0,5,12.0223,7124.69
242,0,0,5,11.9875,6937.8
713,0,0,5,11.9575,6761.67
718,0,0,5,11.933,6610.66
725,0,0,5,11.8951,6408.02
1858,1,0,0,10.7943,1912.73,0.104667,456.524,0.2,1
1859,1,0,0,10.7619,1744.72
1861,1,0,0,10.7392,1621.32
1863,1,0,0,10.6664,1243.23
1865,1,0,0,10.6633,1225.48
1868,1,0,0,10.639,1078.54
1870,1,0,0,10.559,638.671
1874,1,0,0,10.547,574.398
1876,1,0,0,10.5092,366.988
1878,1,0,0,10.4741,168.626
1882,1,0,0,10.4641,111.587
1884,1,0,0,10.45,0
559,1,0,1,11.1147,3803.44,0.043,187.553,0.36,2
557,1,0,1,11.1129,3790.44
564,1,0,1,11.1049,3748.12
573,1,0,1,11.1001,3716.07
574,1,0,1,11.0919,3665.58
580,1,0,1,11.0731,3565.51
596,1,0,1,11.067,3505.65
595,1,0,1,11.0625,3478.18
605,1,0,1,11.0613,3470.1
529,1,0,1,11.0427,3366.05
726,1,0,1,11.0281,3266.09
714,1,0,1,11.0279,3264.21
715,1,0,1,11.0244,3240.56
2190,1,0,1,11.0118,3120.62
2191,1,0,1,11.0044,3048.89
713,1,0,1,10.9808,2820.95
242,1,0,1,10.9474,2634.63
243,1,0,1,10.9108,2439.69
1858,1,0,1,10.8989,2369.26
1537,1,0,2,11.2412,4440.52,0.0933333,407.092,0.11,3
418,1,0,2,11.2359,4412.06
419,1,0,2,11.2196,4322.93
424,1,0,2,11.2161,4303
613,1,0,2,11.2115,4276.83
611,1,0,2,11.2066,4244.63
619,1,0,2,11.1861,4141.76
618,1,0,2,11.1846,4133.52
560,1,0,2,11.1666,4042.46
555,1,0,2,11.1635,4026.51
559,1,0,2,11.1577,3990.99
596,1,0,3,11.4978,5810.67,0.0505,220.266,0.03,4
580,1,0,3,11.4894,5752.39
574,1,0,3,11.4722,5659.15
573,1,0,3,11.4621,5603.25
564,1,0,3,11.4544,5562.09
557,1,0,3,11.4483,5528.11
561,1,0,3,11.4416,5481.59
628,1,0,3,11.4372,5455.94
609,1,0,3,11.4244,5379.28
423,1,0,3,11.4185,5322.96
419,1,0,3,11.4138,5288.52
418,1,0,3,11.3985,5203.6
2139,1,0,3,11.3946,5182.17
2138,1,0,3,11.3762,5080.73
411,1,0,3,11.3626,5005.91
1537,1,0,3,11.3345,4847.61
725,1,0,4,11.6305,6529.21,0.0406667,177.376,0.13,5
724,1,0,4,11.6221,6485.9
717,1,0,4,11.6219,6484.44
716,1,0,4,11.5987,6358.43
722,1,0,4,11.5982,6355.62
726,1,0,4,11.5863,6279.13
529,1,0,4,11.5726,6179.63
605,1,0,4,11.5578,6083.02
603,1,0,4,11.5527,6055.05
604,1,0,4,11.5484,6031.9
596,1,0,4,11.5483,6030.93
1884,1,0,5,12.1505,9405.06,0,0,0
1883,1,0,5,12.0989,9100.98
1879,1,0,5,12.0878,9039.93
1877,1,0,5,12.0571,8846.01
1875,1,0,5,12.0331,8693.19
1871,1,0,5,12.0195,8612.46
1869,1,0,5,11.9345,8156.38
1867,1,0,5,11.9275,8117.82
1866,1,0,5,11.901,7973.07
1864,1,0,5,11.8937,7931.88
2180,1,0,5,11.8764,7834.62
1860,1,0,5,11.8655,7780.57
243,1,0,5,11.7984,7423.25
242,1,0,5,11.7636,7236.36
713,1,0,5,11.7336,7060.23
718,1,0,5,11.709,6909.23
725,1,0,5,11.6712,6706.58
1858,2,0,0,10.4843,1912.73,0.104667,456.524,0.2,1
1859,2,0,0,10.4519,1744.72
1861,2,0,0,10.4292,1621.32
1863,2,0,0,10.3564,1243.23
1865,2,0,0,10.3533,1225.48
1868,2,0,0,10.329,1078.54
1870,2,0,0,10.249,638.671
1874,2,0,0,10.237,574.398
1876,2,0,0,10.1992,366.988
1878,2,0,0,10.1641,168.626
1882,2,0,0,10.1541,111.587
1884,2,0,0,10.14,0
559,2,0,1,10.8047,3803.44,0.0766667,334.397,0.32,2
557,2,0,1,10.8029,3790.44
564,2,0,1,10.7949,3748.12
573,2,0,1,10.7901,3716.07
574,2,0,1,10.7819,3665.58
580,2,0,1,10.7631,3565.51
596,2,0,1,10.757,3505.65
595,2,0,1,10.7525,3478.18
605,2,0,1,10.7513,3470.1
529,2,0,1,10.7327,3366.05
726,2,0,1,10.7181,3266.09
714,2,0,1,10.7179,3264.21
715,2,0,1,10.7144,3240.56
2190,2,0,1,10.7018,3120.62
2191,2,0,1,10.6944,3048.89
713,2,0,1,10.6708,2820.95
242,2,0,1,10.6374,2634.63
243,2,0,1,10.6008,2439.69
1858,2,0,1,10.5889,2369.26
1537,2,0,2,10.9628,4577.93,0.072,314.042,0.12,3
418,2,0,2,10.9581,4552.38
419,2,0,2,10.942,4464.17
424,2,0,2,10.9386,4444.36
613,2,0,2,10.9343,4418.65
611,2,0,2,10.9293,4386.35
619,2,0,2,10.9114,4294.18
618,2,0,2,10.9089,4281.88
560,2,0,2,10.8911,4191.83
555,2,0,2,10.8876,4174.02
559,2,0,2,10.8814,4137.84
596,2,0,3,11.198,5855.03,0.0505,220.266,0.03,4
580,2,0,3,11.1896,5796.76
574,2,0,3,11.1724,5703.52
573,2,0,3,11.1623,5647.62
564,2,0,3,11.1546,5606.46
557,2,0,3,11.1485,5572.47
561,2,0,3,11.1418,5525.95
628,2,0,3,11.1374,5500.31
609,2,0,3,11.1246,5423.65
423,2,0,3,11.1187,5367.33
419,2,0,3,11.1141,5332.89
418,2,0,3,11.0987,5247.96
2139,2,0,3,11.0949,5226.54
2138,2,0,3,11.0764,5125.1
411,2,0,3,11.0628,5050.28
1537,2,0,3,11.0348,4891.97
725,2,0,4,11.3308,6573.57,0.0406667,177.376,0.13,5
724,2,0,4,11.3223,6530.27
717,2,0,4,11.3221,6528.81
716,2,0,4,11.299,6402.8
722,2,0,4,11.2984,6399.98
726,2,0,4,11.2866,6323.5
529,2,0,4,11.2728,6224
605,2,0,4,11.258,6127.39
603,2,0,4,11.2529,6099.41
604,2,0,4,11.2486,6076.27
596,2,0,4,11.2485,6075.3
1884,2,0,5,11.8507,9449.43,0,0,0
1883,2,0,5,11.7991,9145.34
1879,2,0,5,11.788,9084.29
1877,2,0,5,11.7574,8890.37
1875,2,0,5,11.7334,8737.55
1871,2,0,5,11.7197,8656.83
1869,2,0,5,11.6348,8200.74
1867,2,0,5,11.6278,8162.19
1866,2,0,5,11.6012,8017.44
1864,2,0,5,11.5939,7976.24
2180,2,0,5,11.5767,7878.98
1860,2,0,5,11.5658,7824.94
243,2,0,5,11.4986,7467.62
242,2,0,5,11.4638,7280.73
713,2,0,5,11.4338,7104.6
718,2,0,5,11.4093,6953.59
725,2,0,5,11.3714,6750.95
1858,3,0,0,10.4843,1912.73,0.104667,456.524,0.2,1
1859,3,0,0,10.4519,1744.72
1861,3,0,0,10.4292,1621.32
1863,3,0,0,10.3564,1243.23
1865,3,0,0,10.3533,1225.48
1868,3,0,0,10.329,1078.54
1870,3,0,0,10.249,638.671
1874,3,0,0,10.237,574.398
1876,3,0,0,10.1992,366.988
1878,3,0,0,10.1641,168.626
1882,3,0,0,10.1541,111.587
1884,3,0,0,10.14,0
596,3,0,1,10.757,3505.65,0.116167,506.684,0.02,2
595,3,0,1,10.7525,3478.18
605,3,0,1,10.7513,3470.1
529,3,0,1,10.7327,3366.05
726,3,0,1,10.7181,3266.09
714,3,0,1,10.7179,3264.21
715,3,0,1,10.7144,3240.56
2190,3,0,1,10.7018,3120.62
2191,3,0,1,10.6944,3048.89
713,3,0,1,10.6708,2820.95
242,3,0,1,10.6374,2634.63
243,3,0,1,10.6008,2439.69
1858,3,0,1,10.5889,2369.26
559,3,0,2,10.9209,4310.12,0.0766667,334.397,0.32,3
557,3,0,2,10.9191,4297.13
564,3,0,2,10.911,4254.81
573,3,0,2,10.9063,4222.75
574,3,0,2,10.8981,4172.27
580,3,0,2,10.8793,4072.19
596,3,0,2,10.8731,4012.34
1537,3,0,3,11.0789,5084.62,0.0933333,407.092,0.11,4
418,3,0,3,11.0743,5059.06
419,3,0,3,11.0582,4970.86
424,3,0,3,11.0548,4951.05
613,3,0,3,11.0505,4925.33
611,3,0,3,11.0454,4893.03
619,3,0,3,11.0275,4800.86
618,3,0,3,11.0251,4788.56
560,3,0,3,11.0073,4698.52
555,3,0,3,11.0038,4680.7
559,3,0,3,10.9976,4644.52
725,3,0,4,11.4178,6953.04,0.0406667,177.376,0.13,5
724,3,0,4,11.4093,6909.74
717,3,0,4,11.4091,6908.27
716,3,0,4,11.386,6782.27
722,3,0,4,11.3854,6779.45
726,3,0,4,11.3736,6702.96
529,3,0,4,11.3598,6603.47
605,3,0,4,11.345,6506.86
603,3,0,4,11.3399,6478.88
604,3,0,4,11.3356,6455.74
596,3,0,4,11.3355,6454.77
580,3,0,4,11.3271,6396.49
574,3,0,4,11.3099,6303.25
573,3,0,4,11.2998,6247.35
564,3,0,4,11.2921,6206.19
557,3,0,4,11.286,6172.21
561,3,0,4,11.2793,6125.69
628,3,0,4,11.2749,6100.04
609,3,0,4,11.2621,6023.38
423,3,0,4,11.2562,5967.06
419,3,0,4,11.2516,5932.62
418,3,0,4,11.2362,5847.7
2139,3,0,4,11.2324,5826.27
2138,3,0,4,11.2139,5724.83
411,3,0,4,11.2003,5650.01
1537,3,0,4,11.1723,5491.71
1884,3,0,5,11.9377,9828.89,0,0,0
1883,3,0,5,11.8861,9524.81
1879,3,0,5,11.875,9463.76
1877,3,0,5,11.8444,9269.84
1875,3,0,5,11.8204,9117.02
1871,3,0,5,11.8067,9036.29
1869,3,0,5,11.7218,8580.21
1867,3,0,5,11.7148,8541.66
1866,3,0,5,11.6882,8396.91
1864,3,0,5,11.6809,8355.71
2180,3,0,5,11.6637,8258.45
1860,3,0,5,11.6528,8204.41
243,3,0,5,11.5856,7847.09
242,3,0,5,11.5508,7660.2
713,3,0,5,11.5208,7484.07
718,3,0,5,11.4963,7333.06
725,3,0,5,11.4584,7130.42
1858,4,0,0,10.3843,1912.73,0.104667,456.524,0.2,1
1859,4,0,0,10.3519,1744.72
1861,4,0,0,10.3292,1621.32
1863,4,0,0,10.2564,1243.23
1865,4,0,0,10.2533,1225.48
1868,4,0,0,10.229,1078.54
1870,4,0,0,10.149,638.671
1874,4,0,0,10.137,574.398
1876,4,0,0,10.0992,366.988
1878,4,0,0,10.0641,168.626
1882,4,0,0,10.0541,111.587
1884,4,0,0,10.04,0
725,4,0,1,10.632,3204.02,0.107833,470.336,0.12,2
724,4,0,1,10.6227,3157.19
718,4,0,1,10.5954,2972.06
713,4,0,1,10.5708,2820.95
242,4,0,1,10.5374,2634.63
243,4,0,1,10.5008,2439.69
1858,4,0,1,10.4889,2369.26
596,4,0,2,10.8356,4254.45,0.116167,506.684,0.02,3
595,4,0,2,10.8312,4226.98
605,4,0,2,10.8299,4218.9
529,4,0,2,10.8114,4114.85
726,4,0,2,10.7967,4014.89
722,4,0,2,10.7835,3936.53
716,4,0,2,10.7834,3934.91
717,4,0,2,10.7658,3828.12
724,4,0,2,10.7653,3825.65
728,4,0,2,10.7564,3760.84
725,4,0,2,10.7399,3674.36
559,4,0,3,10.9995,5058.92,0.0766667,334.397,0.32,4
557,4,0,3,10.9977,5045.93
564,4,0,3,10.9896,5003.6
573,4,0,3,10.9849,4971.55
574,4,0,3,10.9767,4921.06
580,4,0,3,10.9579,4820.99
596,4,0,3,10.9517,4761.13
1537,4,0,4,11.1597,5842.84,0.0933333,407.092,0.11,5
418,4,0,4,11.1543,5814.38
419,4,0,4,11.138,5725.25
424,4,0,4,11.1346,5705.33
613,4,0,4,11.13,5679.16
611,4,0,4,11.125,5646.96
619,4,0,4,11.1046,5544.08
618,4,0,4,11.1031,5535.84
560,4,0,4,11.0851,5444.79
555,4,0,4,11.082,5428.83
559,4,0,4,11.0762,5393.32
1884,4,0,5,11.938,10264.9,0,0,0
1883,4,0,5,11.8865,9961.01
1879,4,0,5,11.8731,9889.61
1877,4,0,5,11.8488,9699.34
1875,4,0,5,11.8264,9548.13
1871,4,0,5,11.814,9469.18
1869,4,0,5,11.7267,9003.24
1867,4,0,5,11.7197,8964.68
1866,4,0,5,11.693,8819.28
1864,4,0,5,11.6837,8769.15
2180,4,0,5,11.6663,8671.4
1860,4,0,5,11.6573,8625.29
243,4,0,5,11.593,8280.14
242,4,0,5,11.5557,8082.67
713,4,0,5,11.5239,7902.94
2191,4,0,5,11.4876,7676.38
2190,4,0,5,11.4762,7605
715,4,0,5,11.4584,7487.07
714,4,0,5,11.4545,7463.07
726,4,0,5,11.4543,7461.19
529,4,0,5,11.4405,7361.69
605,4,0,5,11.4257,7265.08
603,4,0,5,11.4206,7237.1
604,4,0,5,11.4164,7213.96
596,4,0,5,11.4162,7212.99
580,4,0,5,11.4078,7154.72
574,4,0,5,11.3906,7061.47
573,4,0,5,11.3805,7005.57
564,4,0,5,11.3728,6964.42
557,4,0,5,11.3667,6930.43
561,4,0,5,11.3601,6883.91
628,4,0,5,11.3556,6858.26
609,4,0,5,11.3428,6781.61
423,4,0,5,11.3369,6725.29
419,4,0,5,11.3323,6690.84
418,4,0,5,11.317,6605.92
2139,4,0,5,11.3131,6584.5
2138,4,0,5,11.2947,6483.05
411,4,0,5,11.2811,6408.24
1537,4,0,5,11.253,6249.93
