Node, Individual, Route,Segment, Travel time, Travel cost, Attention time, Attention cost, Failure rate, Demand
1858,0,0,0,11.0243,1912.73,0.036,157.021,0.21,1
1859,0,0,0,10.9919,1744.72
1861,0,0,0,10.9692,1621.32
1863,0,0,0,10.8964,1243.23
1865,0,0,0,10.8933,1225.48
1868,0,0,0,10.869,1078.54
1870,0,0,0,10.789,638.671
1874,0,0,0,10.777,574.398
1876,0,0,0,10.7392,366.988
1878,0,0,0,10.7041,168.626
1882,0,0,0,10.6941,111.587
1884,0,0,0,10.68,0
559,0,0,1,11.2786,3504.88,0.043,187.553,0.36,2
554,0,0,1,11.2755,3485
565,0,0,1,11.2679,3442.07
573,0,0,1,11.2626,3415.48
574,0,0,1,11.2536,3363.68
580,0,0,1,11.2352,3265.41
596,0,0,1,11.2291,3205.55
595,0,0,1,11.2236,3175.14
605,0,0,1,11.2224,3167.15
529,0,0,1,11.2052,3067.12
726,0,0,1,11.1893,2965.93
714,0,0,1,11.1891,2964.04
715,0,0,1,11.1858,2940.56
2190,0,0,1,11.1733,2820.61
2191,0,0,1,11.1658,2748.88
713,0,0,1,11.1422,2520.94
242,0,0,1,11.1067,2325.34
243,0,0,1,11.0725,2140.81
1858,0,0,1,11.0603,2069.75
1537,0,0,2,11.4051,4141.95,0.0933333,407.092,0.11,3
418,0,0,2,11.3998,4113.49
419,0,0,2,11.3835,4024.36
424,0,0,2,11.38,4004.44
613,0,0,2,11.3755,3978.27
611,0,0,2,11.3705,3946.07
619,0,0,2,11.35,3843.19
618,0,0,2,11.3485,3834.95
560,0,0,2,11.3305,3743.9
555,0,0,2,11.3275,3727.94
559,0,0,2,11.3216,3692.43
596,0,0,3,11.6617,5512.1,0.0505,220.266,0.03,4
580,0,0,3,11.6533,5453.83
574,0,0,3,11.6361,5360.58
573,0,0,3,11.626,5304.68
564,0,0,3,11.6183,5263.53
557,0,0,3,11.6122,5229.54
561,0,0,3,11.6055,5183.02
628,0,0,3,11.6011,5157.37
609,0,0,3,11.5883,5080.72
423,0,0,3,11.5824,5024.4
419,0,0,3,11.5778,4989.95
418,0,0,3,11.5624,4905.03
2139,0,0,3,11.5586,4883.6
2138,0,0,3,11.5401,4782.16
411,0,0,3,11.5265,4707.35
1537,0,0,3,11.4985,4549.04
725,0,0,4,11.7945,6230.64,0.0406667,177.376,0.13,5
724,0,0,4,11.786,6187.34
717,0,0,4,11.7858,6185.87
716,0,0,4,11.7627,6059.87
722,0,0,4,11.7621,6057.05
726,0,0,4,11.7503,5980.56
529,0,0,4,11.7365,5881.07
605,0,0,4,11.7217,5784.46
603,0,0,4,11.7166,5756.48
604,0,0,4,11.7123,5733.34
596,0,0,4,11.7122,5732.37
1884,0,0,5,12.3144,9106.49,0,0,0
1883,0,0,5,12.2628,8802.41
1879,0,0,5,12.2517,8741.36
1877,0,0,5,12.2211,8547.44
1875,0,0,5,12.1971,8394.62
1871,0,0,5,12.1834,8313.89
1869,0,0,5,12.0985,7857.81
1867,0,0,5,12.0915,7819.26
1866,0,0,5,12.0649,7674.51
1864,0,0,5,12.0576,7633.31
2180,0,0,5,12.0404,7536.05
1860,0,0,5,12.0295,7482.01
243,0,0,5,11.9623,7124.69
242,0,0,5,11.9275,6937.8
713,0,0,5,11.8975,6761.67
718,0,0,5,11.873,6610.66
725,0,0,5,11.8351,6408.02
1858,1,0,0,10.8743,1912.73,0.104667,456.524,0.2,1
1859,1,0,0,10.8419,1744.72
1861,1,0,0,10.8192,1621.32
1863,1,0,0,10.7464,1243.23
1865,1,0,0,10.7433,1225.48
1868,1,0,0,10.719,1078.54
1870,1,0,0,10.639,638.671
1874,1,0,0,10.627,574.398
1876,1,0,0,10.5892,366.988
1878,1,0,0,10.5541,168.626
1882,1,0,0,10.5441,111.587
1884,1,0,0,10.53,0
559,1,0,1,11.1947,3803.44,0.043,187.553,0.36,2
557,1,0,1,11.1929,3790.44
564,1,0,1,11.1849,3748.12
573,1,0,1,11.1801,3716.07
574,1,0,1,11.1719,3665.58
580,1,0,1,11.1531,3565.51
596,1,0,1,11.147,3505.65
595,1,0,1,11.1425,3478.18
605,1,0,1,11.1413,3470.1
529,1,0,1,11.1227,3366.05
726,1,0,1,11.1081,3266.09
714,1,0,1,11.1079,3264.21
715,1,0,1,11.1044,3240.56
2190,1,0,1,11.0918,3120.62
2191,1,0,1,11.0844,3048.89
713,1,0,1,11.0608,2820.95
242,1,0,1,11.0274,2634.63
243,1,0,1,10.9908,2439.69
1858,1,0,1,10.9789,2369.26
1537,1,0,2,11.3212,4440.52,0.0933333,407.092,0.11,3
418,1,0,2,11.3159,4412.06
419,1,0,2,11.2996,4322.93
424,1,0,2,11.2961,4303
613,1,0,2,11.2915,4276.83
611,1,0,2,11.2866,4244.63
619,1,0,2,11.2661,4141.76
618,1,0,2,11.2646,4133.52
560,1,0,2,11.2466,4042.46
555,1,0,2,11.2435,4026.51
559,1,0,2,11.2377,3990.99
596,1,0,3,11.5778,5810.67,0.0505,220.266,0.03,4
580,1,0,3,11.5694,5752.39
574,1,0,3,11.5522,5659.15
573,1,0,3,11.5421,5603.25
564,1,0,3,11.5344,5562.09
557,1,0,3,11.5283,5528.11
561,1,0,3,11.5216,5481.59
628,1,0,3,11.5172,5455.94
609,1,0,3,11.5044,5379.28
423,1,0,3,11.4985,5322.96
419,1,0,3,11.4938,5288.52
418,1,0,3,11.4785,5203.6
2139,1,0,3,11.4746,5182.17
2138,1,0,3,11.4562,5080.73
411,1,0,3,11.4426,5005.91
1537,1,0,3,11.4145,4847.61
725,1,0,4,11.7105,6529.21,0.0406667,177.376,0.13,5
724,1,0,4,11.7021,6485.9
717,1,0,4,11.7019,6484.44
716,1,0,4,11.6787,6358.43
722,1,0,4,11.6782,6355.62
726,1,0,4,11.6663,6279.13
529,1,0,4,11.6526,6179.63
605,1,0,4,11.6378,6083.02
603,1,0,4,11.6327,6055.05
604,1,0,4,11.6284,6031.9
596,1,0,4,11.6283,6030.93
1884,1,0,5,12.2305,9405.06,0,0,0
1883,1,0,5,12.1789,9100.98
1879,1,0,5,12.1678,9039.93
1877,1,0,5,12.1371,8846.01
1875,1,0,5,12.1131,8693.19
1871,1,0,5,12.0995,8612.46
1869,1,0,5,12.0145,8156.38
1867,1,0,5,12.0075,8117.82
1866,1,0,5,11.981,7973.07
1864,1,0,5,11.9737,7931.88
2180,1,0,5,11.9564,7834.62
1860,1,0,5,11.9455,7780.57
243,1,0,5,11.8784,7423.25
242,1,0,5,11.8436,7236.36
713,1,0,5,11.8136,7060.23
718,1,0,5,11.789,6909.23
725,1,0,5,11.7512,6706.58
1858,2,0,0,10.4743,1912.73,0.104667,456.524,0.2,1
1859,2,0,0,10.4419,1744.72
1861,2,0,0,10.4192,1621.32
1863,2,0,0,10.3464,1243.23
1865,2,0,0,10.3433,1225.48
1868,2,0,0,10.319,1078.54
1870,2,0,0,10.239,638.671
1874,2,0,0,10.227,574.398
1876,2,0,0,10.1892,366.988
1878,2,0,0,10.1541,168.626
1882,2,0,0,10.1441,111.587
1884,2,0,0,10.13,0
559,2,0,1,10.7947,3803.44,0.0766667,334.397,0.32,2
557,2,0,1,10.7929,3790.44
564,2,0,1,10.7849,3748.12
573,2,0,1,10.7801,3716.07
574,2,0,1,10.7719,3665.58
580,2,0,1,10.7531,3565.51
596,2,0,1,10.747,3505.65
595,2,0,1,10.7425,3478.18
605,2,0,1,10.7413,3470.1
529,2,0,1,10.7227,3366.05
726,2,0,1,10.7081,3266.09
714,2,0,1,10.7079,3264.21
715,2,0,1,10.7044,3240.56
2190,2,0,1,10.6918,3120.62
2191,2,0,1,10.6844,3048.89
713,2,0,1,10.6608,2820.95
242,2,0,1,10.6274,2634.63
243,2,0,1,10.5908,2439.69
1858,2,0,1,10.5789,2369.26
1537,2,0,2,10.9528,4577.93,0.072,314.042,0.12,3
418,2,0,2,10.9481,4552.38
419,2,0,2,10.932,4464.17
424,2,0,2,10.9286,4444.36
613,2,0,2,10.9243,4418.65
611,2,0,2,10.9193,4386.35
619,2,0,2,10.9014,4294.18
618,2,0,2,10.8989,4281.88
560,2,0,2,10.8811,4191.83
555,2,0,2,10.8776,4174.02
559,2,0,2,10.8714,4137.84
596,2,0,3,11.188,5855.03,0.0505,220.266,0.03,4
580,2,0,3,11.1796,5796.76
574,2,0,3,11.1624,5703.52
573,2,0,3,11.1523,5647.62
564,2,0,3,11.1446,5606.46
557,2,0,3,11.1385,5572.47
561,2,0,3,11.1318,5525.95
628,2,0,3,11.1274,5500.31
609,2,0,3,11.1146,5423.65
423,2,0,3,11.1087,5367.33
419,2,0,3,11.1041,5332.89
418,2,0,3,11.0887,5247.96
2139,2,0,3,11.0849,5226.54
2138,2,0,3,11.0664,5125.1
411,2,0,3,11.0528,5050.28
1537,2,0,3,11.0248,4891.97
725,2,0,4,11.3208,6573.57,0.0406667,177.376,0.13,5
724,2,0,4,11.3123,6530.27
717,2,0,4,11.3121,6528.81
716,2,0,4,11.289,6402.8
722,2,0,4,11.2884,6399.98
726,2,0,4,11.2766,6323.5
529,2,0,4,11.2628,6224
605,2,0,4,11.248,6127.39
603,2,0,4,11.2429,6099.41
604,2,0,4,11.2386,6076.27
596,2,0,4,11.2385,6075.3
1884,2,0,5,11.8407,9449.43,0,0,0
1883,2,0,5,11.7891,9145.34
1879,2,0,5,11.778,9084.29
1877,2,0,5,11.7474,8890.37
1875,2,0,5,11.7234,8737.55
1871,2,0,5,11.7097,8656.83
1869,2,0,5,11.6248,8200.74
1867,2,0,5,11.6178,8162.19
1866,2,0,5,11.5912,8017.44
1864,2,0,5,11.5839,7976.24
2180,2,0,5,11.5667,7878.98
1860,2,0,5,11.5558,7824.94
243,2,0,5,11.4886,7467.62
242,2,0,5,11.4538,7280.73
713,2,0,5,11.4238,7104.6
718,2,0,5,11.3993,6953.59
725,2,0,5,11.3614,6750.95
1858,3,0,0,10.4443,1912.73,0.104667,456.524,0.2,1
1859,3,0,0,10.4119,1744.72
1861,3,0,0,10.3892,1621.32
1863,3,0,0,10.3164,1243.23
1865,3,0,0,10.3133,1225.48
1868,3,0,0,10.289,1078.54
1870,3,0,0,10.209,638.671
1874,3,0,0,10.197,574.398
1876,3,0,0,10.1592,366.988
1878,3,0,0,10.1241,168.626
1882,3,0,0,10.1141,111.587
1884,3,0,0,10.1,0
596,3,0,1,10.717,3505.65,0.116167,506.684,0.02,2
595,3,0,1,10.7125,3478.18
605,3,0,1,10.7113,3470.1
529,3,0,1,10.6927,3366.05
726,3,0,1,10.6781,3266.09
714,3,0,1,10.6779,3264.21
715,3,0,1,10.6744,3240.56
2190,3,0,1,10.6618,3120.62
2191,3,0,1,10.6544,3048.89
713,3,0,1,10.6308,2820.95
242,3,0,1,10.5974,2634.63
243,3,0,1,10.5608,2439.69
1858,3,0,1,10.5489,2369.26
559,3,0,2,10.8809,4310.12,0.0766667,334.397,0.32,3
557,3,0,2,10.8791,4297.13
564,3,0,2,10.871,4254.81
573,3,0,2,10.8663,4222.75
574,3,0,2,10.8581,4172.27
580,3,0,2,10.8393,4072.19
596,3,0,2,10.8331,4012.34
1537,3,0,3,11.0389,5084.62,0.0933333,407.092,0.11,4
418,3,0,3,11.0343,5059.06
419,3,0,3,11.0182,4970.86
424,3,0,3,11.0148,4951.05
613,3,0,3,11.0105,4925.33
611,3,0,3,11.0054,4893.03
619,3,0,3,10.9875,4800.86
618,3,0,3,10.9851,4788.56
560,3,0,3,10.9673,4698.52
555,3,0,3,10.9638,4680.7
559,3,0,3,10.9576,4644.52
725,3,0,4,11.3778,6953.04,0.0406667,177.376,0.13,5
724,3,0,4,11.3693,6909.74
717,3,0,4,11.3691,6908.27
716,3,0,4,11.346,6782.27
722,3,0,4,11.3454,6779.45
726,3,0,4,11.3336,6702.96
529,3,0,4,11.3198,6603.47
605,3,0,4,11.305,6506.86
603,3,0,4,11.2999,6478.88
604,3,0,4,11.2956,6455.74
596,3,0,4,11.2955,6454.77
580,3,0,4,11.2871,6396.49
574,3,0,4,11.2699,6303.25
573,3,0,4,11.2598,6247.35
564,3,0,4,11.2521,6206.19
557,3,0,4,11.246,6172.21
561,3,0,4,11.2393,6125.69
628,3,0,4,11.2349,6100.04
609,3,0,4,11.2221,6023.38
423,3,0,4,11.2162,5967.06
419,3,0,4,11.2116,5932.62
418,3,0,4,11.1962,5847.7
2139,3,0,4,11.1924,5826.27
2138,3,0,4,11.1739,5724.83
411,3,0,4,11.1603,5650.01
1537,3,0,4,11.1323,5491.71
1884,3,0,5,11.8977,9828.89,0,0,0
1883,3,0,5,11.8461,9524.81
1879,3,0,5,11.835,9463.76
1877,3,0,5,11.8044,9269.84
1875,3,0,5,11.7804,9117.02
1871,3,0,5,11.7667,9036.29
1869,3,0,5,11.6818,8580.21
1867,3,0,5,11.6748,8541.66
1866,3,0,5,11.6482,8396.91
1864,3,0,5,11.6409,8355.71
2180,3,0,5,11.6237,8258.45
1860,3,0,5,11.6128,8204.41
243,3,0,5,11.5456,7847.09
242,3,0,5,11.5108,7660.2
713,3,0,5,11.4808,7484.07
718,3,0,5,11.4563,7333.06
725,3,0,5,11.4184,7130.42
1858,4,0,0,10.3743,1912.73,0.104667,456.524,0.2,1
1859,4,0,0,10.3419,1744.72
1861,4,0,0,10.3192,1621.32
1863,4,0,0,10.2464,1243.23
1865,4,0,0,10.2433,1225.48
1868,4,0,0,10.219,1078.54
1870,4,0,0,10.139,638.671
1874,4,0,0,10.127,574.398
1876,4,0,0,10.0892,366.988
1878,4,0,0,10.0541,168.626
1882,4,0,0,10.0441,111.587
1884,4,0,0,10.03,0
725,4,0,1,10.622,3204.02,0.107833,470.336,0.12,2
724,4,0,1,10.6127,3157.19
718,4,0,1,10.5854,2972.06
713,4,0,1,10.5608,2820.95
242,4,0,1,10.5274,2634.63
243,4,0,1,10.4908,2439.69
1858,4,0,1,10.4789,2369.26
596,4,0,2,10.8256,4254.45,0.116167,506.684,0.02,3
595,4,0,2,10.8212,4226.98
605,4,0,2,10.8199,4218.9
529,4,0,2,10.8014,4114.85
726,4,0,2,10.7867,4014.89
722,4,0,2,10.7735,3936.53
716,4,0,2,10.7734,3934.91
717,4,0,2,10.7558,3828.12
724,4,0,2,10.7553,3825.65
728,4,0,2,10.7464,3760.84
725,4,0,2,10.7299,3674.36
559,4,0,3,10.9895,5058.92,0.0766667,334.397,0.32,4
557,4,0,3,10.9877,5045.93
564,4,0,3,10.9796,5003.6
573,4,0,3,10.9749,4971.55
574,4,0,3,10.9667,4921.06
580,4,0,3,10.9479,4820.99
596,4,0,3,10.9417,4761.13
1537,4,0,4,11.1497,5842.84,0.0933333,407.092,0.11,5
418,4,0,4,11.1443,5814.38
419,4,0,4,11.128,5725.25
424,4,0,4,11.1245,5705.33
613,4,0,4,11.12,5679.16
611,4,0,4,11.115,5646.96
619,4,0,4,11.0946,5544.08
618,4,0,4,11.0931,5535.84
560,4,0,4,11.0751,5444.79
555,4,0,4,11.072,5428.83
559,4,0,4,11.0662,5393.32
1884,4,0,5,11.928,10264.9,0,0,0
1883,4,0,5,11.8765,9961.01
1879,4,0,5,11.8631,9889.61
1877,4,0,5,11.8388,9699.34
1875,4,0,5,11.8164,9548.13
1871,4,0,5,11.804,9469.18
1869,4,0,5,11.7167,9003.24
1867,4,0,5,11.7097,8964.68
1866,4,0,5,11.683,8819.28
1864,4,0,5,11.6737,8769.15
2180,4,0,5,11.6563,8671.4
1860,4,0,5,11.6473,8625.29
243,4,0,5,11.583,8280.14
242,4,0,5,11.5457,8082.67
713,4,0,5,11.5139,7902.94
2191,4,0,5,11.4776,7676.38
2190,4,0,5,11.4662,7605
715,4,0,5,11.4484,7487.07
714,4,0,5,11.4445,7463.07
726,4,0,5,11.4443,7461.19
529,4,0,5,11.4305,7361.69
605,4,0,5,11.4157,7265.08
603,4,0,5,11.4106,7237.1
604,4,0,5,11.4064,7213.96
596,4,0,5,11.4062,7212.99
580,4,0,5,11.3978,7154.72
574,4,0,5,11.3806,7061.47
573,4,0,5,11.3705,7005.57
564,4,0,5,11.3628,6964.42
557,4,0,5,11.3567,6930.43
561,4,0,5,11.3501,6883.91
628,4,0,5,11.3456,6858.26
609,4,0,5,11.3328,6781.61
423,4,0,5,11.3269,6725.29
419,4,0,5,11.3223,6690.84
418,4,0,5,11.307,6605.92
2139,4,0,5,11.3031,6584.5
2138,4,0,5,11.2847,6483.05
411,4,0,5,11.2711,6408.24
1537,4,0,5,11.243,6249.93
