Node, Individual, Route,Segment, Travel time, Travel cost, Attention time, Attention cost, Failure rate, Demand
1974,0,0,0,13.798,756.423,0.0581667,253.705,0.32,1
1973,0,0,0,13.7729,628.512
1972,0,0,0,13.7488,499.436
152,0,0,0,13.728,399.95
1971,0,0,0,13.6947,233.815
57,0,0,0,13.6635,71.2703
54,0,0,0,13.65,0
503,0,0,1,13.9979,1744.18,0.0483333,210.815,0,2
504,0,0,1,13.9875,1694.71
477,0,0,1,13.9834,1674.22
453,0,0,1,13.9529,1509.92
446,0,0,1,13.9445,1462.49
445,0,0,1,13.9404,1441.26
444,0,0,1,13.9301,1388.9
187,0,0,1,13.9216,1346.2
2129,0,0,1,13.9021,1250.81
1974,0,0,1,13.8562,1010.13
552,0,0,2,14.1807,2634.17,0.0406667,177.376,0.01,3
603,0,0,2,14.1491,2477.62
604,0,0,2,14.1443,2452.21
596,0,0,2,14.1442,2451.23
580,0,0,2,14.1299,2375.03
583,0,0,2,14.1237,2345.21
587,0,0,2,14.1214,2330.78
578,0,0,2,14.1184,2313.97
575,0,0,2,14.1128,2282.86
542,0,0,2,14.0924,2182.26
520,0,0,2,14.0792,2118.31
505,0,0,2,14.0503,1974.98
503,0,0,2,14.0462,1955
456,0,0,3,14.3272,3417.99,0.0536667,234.078,0.12,4
458,0,0,3,14.315,3350.09
459,0,0,3,14.3094,3304.87
1543,0,0,3,14.3004,3242.87
715,0,0,3,14.2957,3198.39
716,0,0,3,14.2806,3115.78
722,0,0,3,14.28,3112.96
552,0,0,3,14.2214,2811.54
145,0,0,4,14.5603,4628.91,0.0706667,308.227,0.29,5
153,0,0,4,14.5462,4557.57
155,0,0,4,14.5275,4461.31
156,0,0,4,14.5125,4392.3
159,0,0,4,14.503,4335.21
160,0,0,4,14.4861,4243.37
169,0,0,4,14.4527,4062.25
170,0,0,4,14.4407,3997.91
176,0,0,4,14.4406,3997.59
183,0,0,4,14.4259,3909.05
192,0,0,4,14.4213,3877.94
458,0,0,4,14.3903,3713.15
456,0,0,4,14.3808,3652.07
54,0,0,5,14.7089,5367.85,0,0,0
57,0,0,5,14.7004,5315.18
58,0,0,5,14.6794,5200.17
143,0,0,5,14.6582,5077.69
144,0,0,5,14.644,5002.38
145,0,0,5,14.631,4937.14
1974,1,0,0,13.0348,659.058,0.0581667,253.705,0.32,1
1973,1,0,0,13.0111,537.329
1972,1,0,0,12.9854,400.964
152,1,0,0,12.9742,341.597
1971,1,0,0,12.9508,217.03
57,1,0,0,12.9218,64.0092
54,1,0,0,12.91,0
456,1,0,1,13.1912,1454.41,0.0818333,356.932,0.12,2
457,1,0,1,13.1851,1421.37
454,1,0,1,13.1775,1367.39
448,1,0,1,13.1711,1323.44
447,1,0,1,13.1596,1263.44
1976,1,0,1,13.1544,1234.45
1975,1,0,1,13.1391,1154.75
1974,1,0,1,13.093,912.763
503,1,0,2,13.3474,2194.89,0.0483333,210.815,0,3
504,1,0,2,13.3371,2145.41
477,1,0,2,13.333,2124.92
478,1,0,2,13.3246,2081.82
480,1,0,2,13.3208,2061.25
2143,1,0,2,13.3204,2059.35
2142,1,0,2,13.32,2057.59
482,1,0,2,13.3131,2022.76
486,1,0,2,13.3042,1978.19
2144,1,0,2,13.303,1972.06
1679,1,0,2,13.2972,1941.63
456,1,0,2,13.273,1811.35
552,1,0,3,13.5346,3102.37,0.0611667,266.791,0,4
603,1,0,3,13.5009,2937.41
604,1,0,3,13.4959,2911.02
596,1,0,3,13.4958,2910.05
580,1,0,3,13.4843,2845.73
583,1,0,3,13.478,2815.91
587,1,0,3,13.4759,2801.53
578,1,0,3,13.4729,2785.43
575,1,0,3,13.4671,2752.99
542,1,0,3,13.446,2649.36
520,1,0,3,13.432,2582.36
505,1,0,3,13.4001,2426.68
503,1,0,3,13.3958,2405.7
145,1,0,4,13.8347,4715.53,0.0741667,323.493,0.29,5
1682,1,0,4,13.8234,4659.19
146,1,0,4,13.8118,4595.45
63,1,0,4,13.7955,4506.66
64,1,0,4,13.7914,4478.92
195,1,0,4,13.7671,4351.25
196,1,0,4,13.7644,4331.66
205,1,0,4,13.7494,4244.54
215,1,0,4,13.7179,4070.23
225,1,0,4,13.692,3866.99
231,1,0,4,13.6859,3836.78
716,1,0,4,13.6574,3683.86
722,1,0,4,13.6569,3681.05
552,1,0,4,13.5957,3369.16
54,1,0,5,13.9861,5468.83,0,0,0
57,1,0,5,13.9785,5417.16
58,1,0,5,13.9575,5301.47
143,1,0,5,13.9343,5172.13
144,1,0,5,13.9193,5093.65
145,1,0,5,13.9089,5039.02
145,2,0,0,13.652,453.357,0.0741667,323.493,0.29,1
144,2,0,0,13.6422,401.519
143,2,0,0,13.6288,329.425
1971,2,0,0,13.6147,233.815
57,2,0,0,13.5835,71.2703
54,2,0,0,13.57,0
503,2,0,1,13.9578,2029.45,0.0483333,210.815,0,2
504,2,0,1,13.9475,1979.98
477,2,0,1,13.9434,1959.49
453,2,0,1,13.9128,1795.19
455,2,0,1,13.9015,1727.38
454,2,0,1,13.8983,1710
448,2,0,1,13.8919,1666.05
447,2,0,1,13.8804,1606.05
1976,2,0,1,13.8753,1577.06
188,2,0,1,13.8679,1536.33
180,2,0,1,13.8583,1486.01
2128,2,0,1,13.8197,1279.86
163,2,0,1,13.7989,1166.11
164,2,0,1,13.781,1066.39
159,2,0,1,13.7738,1028.46
156,2,0,1,13.7602,956.015
155,2,0,1,13.7539,922.799
153,2,0,1,13.7365,831.974
145,2,0,1,13.7262,776.85
552,2,0,2,14.1406,2919.44,0.0406667,177.376,0.01,3
603,2,0,2,14.109,2762.89
604,2,0,2,14.1042,2737.48
596,2,0,2,14.1041,2736.5
580,2,0,2,14.0898,2660.3
583,2,0,2,14.0836,2630.48
587,2,0,2,14.0814,2616.06
578,2,0,2,14.0783,2599.24
575,2,0,2,14.0728,2568.13
542,2,0,2,14.0524,2467.54
520,2,0,2,14.0391,2403.58
505,2,0,2,14.0102,2260.25
503,2,0,2,14.0062,2240.27
456,2,0,3,14.2871,3703.26,0.0536667,234.078,0.12,4
458,2,0,3,14.2749,3635.36
459,2,0,3,14.2693,3590.15
1543,2,0,3,14.2603,3528.14
715,2,0,3,14.2556,3483.66
716,2,0,3,14.2405,3401.05
722,2,0,3,14.2399,3398.23
552,2,0,3,14.1813,3096.82
1974,2,0,4,14.4482,4520.52,0.0756667,330.035,0.29,5
1975,2,0,4,14.401,4273.88
1976,2,0,4,14.3804,4172.1
447,2,0,4,14.3746,4140.56
448,2,0,4,14.365,4088.55
455,2,0,4,14.3557,4036.24
454,2,0,4,14.3531,4021.6
457,2,0,4,14.3462,3967.72
456,2,0,4,14.3408,3937.34
54,2,0,5,14.6451,5496.63,0,0,0
57,2,0,5,14.6366,5443.95
1971,2,0,5,14.6112,5306.15
152,2,0,5,14.5858,5173.27
1972,2,0,5,14.5725,5104.63
1973,2,0,5,14.551,4986.47
1974,2,0,5,14.5239,4850.55
145,3,0,0,13.352,453.357,0.0741667,323.493,0.29,1
144,3,0,0,13.3422,401.519
143,3,0,0,13.3288,329.425
1971,3,0,0,13.3147,233.815
57,3,0,0,13.2835,71.2703
54,3,0,0,13.27,0
503,3,0,1,13.6578,2029.45,0.0483333,210.815,0,2
504,3,0,1,13.6475,1979.98
477,3,0,1,13.6434,1959.49
453,3,0,1,13.6128,1795.19
455,3,0,1,13.6015,1727.38
454,3,0,1,13.5983,1710
448,3,0,1,13.5919,1666.05
447,3,0,1,13.5804,1606.05
1976,3,0,1,13.5753,1577.06
188,3,0,1,13.5679,1536.33
180,3,0,1,13.5583,1486.01
2128,3,0,1,13.5197,1279.86
163,3,0,1,13.4989,1166.11
164,3,0,1,13.481,1066.39
159,3,0,1,13.4738,1028.46
156,3,0,1,13.4602,956.015
155,3,0,1,13.4539,922.799
153,3,0,1,13.4365,831.974
145,3,0,1,13.4262,776.85
552,3,0,2,13.845,2936.94,0.0611667,266.791,0,3
603,3,0,2,13.8113,2771.98
604,3,0,2,13.8063,2745.59
596,3,0,2,13.8062,2744.62
580,3,0,2,13.7946,2680.29
583,3,0,2,13.7884,2650.48
587,3,0,2,13.7862,2636.09
578,3,0,2,13.7833,2619.99
575,3,0,2,13.7775,2587.56
542,3,0,2,13.7563,2483.93
520,3,0,2,13.7423,2416.93
505,3,0,2,13.7105,2261.25
503,3,0,2,13.7062,2240.27
456,3,0,3,14.0106,3804.7,0.0536667,234.078,0.12,4
458,3,0,3,14.0013,3743.79
459,3,0,3,13.9947,3698.44
1543,3,0,3,13.9861,3636.63
715,3,0,3,13.981,3592.79
716,3,0,3,13.9678,3518.43
722,3,0,3,13.9672,3515.62
552,3,0,3,13.9061,3203.73
1974,3,0,4,14.1717,4621.96,0.0756667,330.035,0.29,5
1975,3,0,4,14.1245,4375.32
1976,3,0,4,14.1038,4273.54
447,3,0,4,14.0981,4242
448,3,0,4,14.0884,4190
455,3,0,4,14.0791,4137.68
454,3,0,4,14.0766,4123.04
457,3,0,4,14.0697,4069.16
456,3,0,4,14.0642,4038.78
54,3,0,5,14.3686,5598.07,0,0,0
57,3,0,5,14.36,5545.39
1971,3,0,5,14.3346,5407.6
152,3,0,5,14.3093,5274.71
1972,3,0,5,14.2959,5206.08
1973,3,0,5,14.2744,5087.91
1974,3,0,5,14.2473,4951.99
1974,4,0,0,13.778,756.423,0.0581667,253.705,0.32,1
1973,4,0,0,13.7529,628.512
1972,4,0,0,13.7288,499.436
152,4,0,0,13.708,399.95
1971,4,0,0,13.6747,233.815
57,4,0,0,13.6435,71.2703
54,4,0,0,13.63,0
503,4,0,1,13.9779,1744.18,0.0483333,210.815,0,2
504,4,0,1,13.9675,1694.71
477,4,0,1,13.9635,1674.22
453,4,0,1,13.9329,1509.92
446,4,0,1,13.9245,1462.49
445,4,0,1,13.9204,1441.26
444,4,0,1,13.9101,1388.9
187,4,0,1,13.9016,1346.2
2129,4,0,1,13.8821,1250.81
1974,4,0,1,13.8362,1010.13
552,4,0,2,14.1607,2634.17,0.0406667,177.376,0.01,3
603,4,0,2,14.1291,2477.62
604,4,0,2,14.1243,2452.21
596,4,0,2,14.1242,2451.23
580,4,0,2,14.1099,2375.03
583,4,0,2,14.1037,2345.21
587,4,0,2,14.1014,2330.78
578,4,0,2,14.0984,2313.97
575,4,0,2,14.0928,2282.86
542,4,0,2,14.0724,2182.26
520,4,0,2,14.0592,2118.31
505,4,0,2,14.0303,1974.98
503,4,0,2,14.0262,1955
456,4,0,3,14.3072,3417.99,0.0536667,234.078,0.12,4
458,4,0,3,14.295,3350.09
459,4,0,3,14.2894,3304.87
1543,4,0,3,14.2804,3242.87
715,4,0,3,14.2757,3198.39
716,4,0,3,14.2606,3115.78
722,4,0,3,14.26,3112.96
552,4,0,3,14.2014,2811.54
54,4,0,4,14.5895,4881.32,0,0,0
57,4,0,4,14.581,4828.64
1971,4,0,4,14.5556,4690.85
152,4,0,4,14.5302,4557.96
1972,4,0,4,14.5169,4489.33
1973,4,0,4,14.4954,4371.17
1974,4,0,4,14.4683,4235.25
1975,4,0,4,14.4211,3988.61
1976,4,0,4,14.4004,3886.83
447,4,0,4,14.3947,3855.28
448,4,0,4,14.385,3803.28
455,4,0,4,14.3758,3750.97
454,4,0,4,14.3732,3736.33
457,4,0,4,14.3663,3682.45
456,4,0,4,14.3608,3652.07
145,4,1,0,11.3926,448.675,0.0513333,223.901,0.23,1
144,4,1,0,11.3845,404.304
59,4,1,0,11.3614,273.815
56,4,1,0,11.3553,238.947
55,4,1,0,11.3423,171.26
54,4,1,0,11.31,0
54,4,1,1,11.5157,1083.49,0,0,0
57,4,1,1,11.5081,1031.82
58,4,1,1,11.4873,917.466
143,4,1,1,11.4674,797.052
144,4,1,1,11.4555,731.854
145,4,1,1,11.444,672.576
503,5,0,0,13.9939,1465.5,0.0483333,210.815,0,1
504,5,0,0,13.9847,1420.88
477,5,0,0,13.9809,1401.63
453,5,0,0,13.9547,1256.22
446,5,0,0,13.9463,1208.78
445,5,0,0,13.9423,1187.55
444,5,0,0,13.9319,1135.2
187,5,0,0,13.9234,1092.49
2129,5,0,0,13.9039,997.109
1974,5,0,0,13.858,756.423
1973,5,0,0,13.8329,628.512
1972,5,0,0,13.8088,499.436
152,5,0,0,13.788,399.95
1971,5,0,0,13.7547,233.815
57,5,0,0,13.7235,71.2703
54,5,0,0,13.71,0
552,5,0,1,14.1767,2355.48,0.0406667,177.376,0.01,2
603,5,0,1,14.1451,2198.93
604,5,0,1,14.1403,2173.52
596,5,0,1,14.1401,2172.55
580,5,0,1,14.1259,2096.34
583,5,0,1,14.1196,2066.53
587,5,0,1,14.1174,2052.1
578,5,0,1,14.1143,2035.28
575,5,0,1,14.1088,2004.18
542,5,0,1,14.0884,1903.58
520,5,0,1,14.0752,1839.62
505,5,0,1,14.0463,1696.3
503,5,0,1,14.0422,1676.31
456,5,0,2,14.3232,3139.31,0.0536667,234.078,0.12,3
458,5,0,2,14.3109,3071.41
459,5,0,2,14.3053,3026.19
1543,5,0,2,14.2964,2964.18
715,5,0,2,14.2917,2919.7
716,5,0,2,14.2765,2837.09
722,5,0,2,14.276,2834.28
552,5,0,2,14.2173,2532.86
1974,5,0,3,14.4843,3956.56,0.0756667,330.035,0.29,4
1975,5,0,3,14.4371,3709.92
1976,5,0,3,14.4164,3608.14
447,5,0,3,14.4107,3576.6
448,5,0,3,14.401,3524.6
455,5,0,3,14.3917,3472.29
454,5,0,3,14.3892,3457.64
457,5,0,3,14.3823,3403.76
456,5,0,3,14.3768,3373.38
54,5,0,4,14.6812,4932.67,0,0,0
57,5,0,4,14.6726,4879.99
1971,5,0,4,14.6472,4742.2
152,5,0,4,14.6219,4609.31
1972,5,0,4,14.6085,4540.68
1973,5,0,4,14.587,4422.51
1974,5,0,4,14.5599,4286.59
145,5,1,0,11.7826,448.675,0.0513333,223.901,0.23,1
144,5,1,0,11.7745,404.304
59,5,1,0,11.7514,273.815
56,5,1,0,11.7453,238.947
55,5,1,0,11.7323,171.26
54,5,1,0,11.7,0
54,5,1,1,11.9057,1083.49,0,0,0
57,5,1,1,11.8981,1031.82
58,5,1,1,11.8773,917.466
143,5,1,1,11.8574,797.052
144,5,1,1,11.8455,731.854
145,5,1,1,11.834,672.576
503,6,0,0,13.6739,1465.5,0.0483333,210.815,0,1
504,6,0,0,13.6647,1420.88
477,6,0,0,13.6609,1401.63
453,6,0,0,13.6347,1256.22
446,6,0,0,13.6263,1208.78
445,6,0,0,13.6223,1187.55
444,6,0,0,13.6119,1135.2
187,6,0,0,13.6034,1092.49
2129,6,0,0,13.5839,997.109
1974,6,0,0,13.538,756.423
1973,6,0,0,13.5129,628.512
1972,6,0,0,13.4888,499.436
152,6,0,0,13.468,399.95
1971,6,0,0,13.4347,233.815
57,6,0,0,13.4035,71.2703
54,6,0,0,13.39,0
552,6,0,1,13.861,2372.98,0.0611667,266.791,0,2
603,6,0,1,13.8274,2208.02
604,6,0,1,13.8223,2181.63
596,6,0,1,13.8222,2180.66
580,6,0,1,13.8107,2116.34
583,6,0,1,13.8045,2086.52
587,6,0,1,13.8023,2072.14
578,6,0,1,13.7994,2056.04
575,6,0,1,13.7936,2023.6
542,6,0,1,13.7724,1919.97
520,6,0,1,13.7584,1852.97
505,6,0,1,13.7265,1697.29
503,6,0,1,13.7222,1676.31
456,6,0,2,14.0266,3240.75,0.0536667,234.078,0.12,3
458,6,0,2,14.0174,3179.83
459,6,0,2,14.0107,3134.48
1543,6,0,2,14.0022,3072.68
715,6,0,2,13.9971,3028.84
716,6,0,2,13.9839,2954.47
722,6,0,2,13.9833,2951.66
552,6,0,2,13.9222,2639.77
1974,6,0,3,14.1877,4058,0.0756667,330.035,0.29,4
1975,6,0,3,14.1405,3811.36
1976,6,0,3,14.1198,3709.58
447,6,0,3,14.1141,3678.04
448,6,0,3,14.1045,3626.04
455,6,0,3,14.0952,3573.73
454,6,0,3,14.0926,3559.08
457,6,0,3,14.0857,3505.2
456,6,0,3,14.0803,3474.83
54,6,0,4,14.3846,5034.11,0,0,0
57,6,0,4,14.3761,4981.44
1971,6,0,4,14.3507,4843.64
152,6,0,4,14.3253,4710.75
1972,6,0,4,14.312,4642.12
1973,6,0,4,14.2905,4523.96
1974,6,0,4,14.2634,4388.04
145,6,1,0,11.4626,448.675,0.0513333,223.901,0.23,1
144,6,1,0,11.4545,404.304
59,6,1,0,11.4314,273.815
56,6,1,0,11.4253,238.947
55,6,1,0,11.4123,171.26
54,6,1,0,11.38,0
54,6,1,1,11.5857,1083.49,0,0,0
57,6,1,1,11.5781,1031.82
58,6,1,1,11.5573,917.466
143,6,1,1,11.5374,797.052
144,6,1,1,11.5255,731.854
145,6,1,1,11.514,672.576
