Node, Individual, Route,Segment, Travel time, Travel cost, Attention time, Attention cost, Failure rate, Demand
1974,0,0,0,13.788,756.423,0.0581667,253.705,0.32,1
1973,0,0,0,13.7629,628.512
1972,0,0,0,13.7388,499.436
152,0,0,0,13.718,399.95
1971,0,0,0,13.6847,233.815
57,0,0,0,13.6535,71.2703
54,0,0,0,13.64,0
503,0,0,1,13.9879,1744.18,0.0483333,210.815,0,2
504,0,0,1,13.9775,1694.71
477,0,0,1,13.9735,1674.22
453,0,0,1,13.9429,1509.92
446,0,0,1,13.9345,1462.49
445,0,0,1,13.9304,1441.26
444,0,0,1,13.9201,1388.9
187,0,0,1,13.9116,1346.2
2129,0,0,1,13.8921,1250.81
1974,0,0,1,13.8462,1010.13
552,0,0,2,14.1707,2634.17,0.0406667,177.376,0.01,3
603,0,0,2,14.1391,2477.62
604,0,0,2,14.1343,2452.21
596,0,0,2,14.1342,2451.23
580,0,0,2,14.1199,2375.03
583,0,0,2,14.1137,2345.21
587,0,0,2,14.1114,2330.78
578,0,0,2,14.1084,2313.97
575,0,0,2,14.1028,2282.86
542,0,0,2,14.0824,2182.26
520,0,0,2,14.0692,2118.31
505,0,0,2,14.0403,1974.98
503,0,0,2,14.0362,1955
456,0,0,3,14.3172,3417.99,0.0536667,234.078,0.12,4
458,0,0,3,14.305,3350.09
459,0,0,3,14.2994,3304.87
1543,0,0,3,14.2904,3242.87
715,0,0,3,14.2857,3198.39
716,0,0,3,14.2706,3115.78
722,0,0,3,14.27,3112.96
552,0,0,3,14.2114,2811.54
145,0,0,4,14.5503,4628.91,0.0706667,308.227,0.29,5
153,0,0,4,14.5362,4557.57
155,0,0,4,14.5175,4461.31
156,0,0,4,14.5025,4392.3
159,0,0,4,14.493,4335.21
160,0,0,4,14.4761,4243.37
169,0,0,4,14.4427,4062.25
170,0,0,4,14.4307,3997.91
176,0,0,4,14.4306,3997.59
183,0,0,4,14.4159,3909.05
192,0,0,4,14.4113,3877.94
458,0,0,4,14.3803,3713.15
456,0,0,4,14.3708,3652.07
54,0,0,5,14.6989,5367.85,0,0,0
57,0,0,5,14.6904,5315.18
58,0,0,5,14.6694,5200.17
143,0,0,5,14.6482,5077.69
144,0,0,5,14.634,5002.38
145,0,0,5,14.621,4937.14
1974,1,0,0,13.548,756.423,0.0581667,253.705,0.32,1
1973,1,0,0,13.5229,628.512
1972,1,0,0,13.4988,499.436
152,1,0,0,13.478,399.95
1971,1,0,0,13.4447,233.815
57,1,0,0,13.4135,71.2703
54,1,0,0,13.4,0
503,1,0,1,13.7479,1744.18,0.0483333,210.815,0,2
504,1,0,1,13.7375,1694.71
477,1,0,1,13.7334,1674.22
453,1,0,1,13.7029,1509.92
446,1,0,1,13.6945,1462.49
445,1,0,1,13.6904,1441.26
444,1,0,1,13.6801,1388.9
187,1,0,1,13.6716,1346.2
2129,1,0,1,13.6521,1250.81
1974,1,0,1,13.6062,1010.13
552,1,0,2,13.935,2651.67,0.0611667,266.791,0,3
603,1,0,2,13.9014,2486.71
604,1,0,2,13.8963,2460.32
596,1,0,2,13.8962,2459.35
580,1,0,2,13.8847,2395.02
583,1,0,2,13.8785,2365.21
587,1,0,2,13.8763,2350.82
578,1,0,2,13.8734,2334.72
575,1,0,2,13.8676,2302.29
542,1,0,2,13.8464,2198.66
520,1,0,2,13.8324,2131.66
505,1,0,2,13.8005,1975.98
503,1,0,2,13.7962,1955
456,1,0,3,14.1006,3519.43,0.0536667,234.078,0.12,4
458,1,0,3,14.0914,3458.52
459,1,0,3,14.0847,3413.17
1543,1,0,3,14.0762,3351.36
715,1,0,3,14.0711,3307.52
716,1,0,3,14.0579,3233.16
722,1,0,3,14.0573,3230.35
552,1,0,3,13.9962,2918.46
145,1,0,4,14.3338,4730.36,0.0706667,308.227,0.29,5
153,1,0,4,14.3196,4659.01
155,1,0,4,14.3009,4562.75
156,1,0,4,14.2859,4493.75
159,1,0,4,14.2764,4436.65
160,1,0,4,14.2595,4344.81
169,1,0,4,14.2262,4163.69
170,1,0,4,14.2141,4099.35
176,1,0,4,14.214,4099.03
183,1,0,4,14.1994,4010.49
192,1,0,4,14.1948,3979.38
458,1,0,4,14.1637,3814.6
456,1,0,4,14.1543,3753.51
54,1,0,5,14.4823,5469.3,0,0,0
57,1,0,5,14.4738,5416.62
58,1,0,5,14.4529,5301.61
143,1,0,5,14.4316,5179.13
144,1,0,5,14.4175,5103.82
145,1,0,5,14.4045,5038.58
145,2,0,0,13.652,453.357,0.0741667,323.493,0.29,1
144,2,0,0,13.6422,401.519
143,2,0,0,13.6288,329.425
1971,2,0,0,13.6147,233.815
57,2,0,0,13.5835,71.2703
54,2,0,0,13.57,0
503,2,0,1,13.9578,2029.45,0.0483333,210.815,0,2
504,2,0,1,13.9475,1979.98
477,2,0,1,13.9434,1959.49
453,2,0,1,13.9128,1795.19
455,2,0,1,13.9015,1727.38
454,2,0,1,13.8983,1710
448,2,0,1,13.8919,1666.05
447,2,0,1,13.8804,1606.05
1976,2,0,1,13.8753,1577.06
188,2,0,1,13.8679,1536.33
180,2,0,1,13.8583,1486.01
2128,2,0,1,13.8197,1279.86
163,2,0,1,13.7989,1166.11
164,2,0,1,13.781,1066.39
159,2,0,1,13.7738,1028.46
156,2,0,1,13.7602,956.015
155,2,0,1,13.7539,922.799
153,2,0,1,13.7365,831.974
145,2,0,1,13.7262,776.85
552,2,0,2,14.1406,2919.44,0.0406667,177.376,0.01,3
603,2,0,2,14.109,2762.89
604,2,0,2,14.1042,2737.48
596,2,0,2,14.1041,2736.5
580,2,0,2,14.0898,2660.3
583,2,0,2,14.0836,2630.48
587,2,0,2,14.0814,2616.06
578,2,0,2,14.0783,2599.24
575,2,0,2,14.0728,2568.13
542,2,0,2,14.0524,2467.54
520,2,0,2,14.0391,2403.58
505,2,0,2,14.0102,2260.25
503,2,0,2,14.0062,2240.27
456,2,0,3,14.2871,3703.26,0.0536667,234.078,0.12,4
458,2,0,3,14.2749,3635.36
459,2,0,3,14.2693,3590.15
1543,2,0,3,14.2603,3528.14
715,2,0,3,14.2556,3483.66
716,2,0,3,14.2405,3401.05
722,2,0,3,14.2399,3398.23
552,2,0,3,14.1813,3096.82
1974,2,0,4,14.4482,4520.52,0.0756667,330.035,0.29,5
1975,2,0,4,14.401,4273.88
1976,2,0,4,14.3804,4172.1
447,2,0,4,14.3746,4140.56
448,2,0,4,14.365,4088.55
455,2,0,4,14.3557,4036.24
454,2,0,4,14.3531,4021.6
457,2,0,4,14.3462,3967.72
456,2,0,4,14.3408,3937.34
54,2,0,5,14.6451,5496.63,0,0,0
57,2,0,5,14.6366,5443.95
1971,2,0,5,14.6112,5306.15
152,2,0,5,14.5858,5173.27
1972,2,0,5,14.5725,5104.63
1973,2,0,5,14.551,4986.47
1974,2,0,5,14.5239,4850.55
145,3,0,0,13.412,453.357,0.0741667,323.493,0.29,1
144,3,0,0,13.4022,401.519
143,3,0,0,13.3888,329.425
1971,3,0,0,13.3747,233.815
57,3,0,0,13.3435,71.2703
54,3,0,0,13.33,0
503,3,0,1,13.7178,2029.45,0.0483333,210.815,0,2
504,3,0,1,13.7075,1979.98
477,3,0,1,13.7034,1959.49
453,3,0,1,13.6728,1795.19
455,3,0,1,13.6615,1727.38
454,3,0,1,13.6583,1710
448,3,0,1,13.6519,1666.05
447,3,0,1,13.6404,1606.05
1976,3,0,1,13.6353,1577.06
188,3,0,1,13.6279,1536.33
180,3,0,1,13.6183,1486.01
2128,3,0,1,13.5797,1279.86
163,3,0,1,13.5589,1166.11
164,3,0,1,13.541,1066.39
159,3,0,1,13.5338,1028.46
156,3,0,1,13.5202,956.015
155,3,0,1,13.5139,922.799
153,3,0,1,13.4965,831.974
145,3,0,1,13.4862,776.85
552,3,0,2,13.905,2936.94,0.0611667,266.791,0,3
603,3,0,2,13.8713,2771.98
604,3,0,2,13.8663,2745.59
596,3,0,2,13.8662,2744.62
580,3,0,2,13.8546,2680.29
583,3,0,2,13.8484,2650.48
587,3,0,2,13.8462,2636.09
578,3,0,2,13.8433,2619.99
575,3,0,2,13.8375,2587.56
542,3,0,2,13.8163,2483.93
520,3,0,2,13.8023,2416.93
505,3,0,2,13.7705,2261.25
503,3,0,2,13.7662,2240.27
456,3,0,3,14.0706,3804.7,0.0536667,234.078,0.12,4
458,3,0,3,14.0613,3743.79
459,3,0,3,14.0547,3698.44
1543,3,0,3,14.0461,3636.63
715,3,0,3,14.041,3592.79
716,3,0,3,14.0278,3518.43
722,3,0,3,14.0272,3515.62
552,3,0,3,13.9661,3203.73
1974,3,0,4,14.2317,4621.96,0.0756667,330.035,0.29,5
1975,3,0,4,14.1845,4375.32
1976,3,0,4,14.1638,4273.54
447,3,0,4,14.1581,4242
448,3,0,4,14.1484,4190
455,3,0,4,14.1391,4137.68
454,3,0,4,14.1366,4123.04
457,3,0,4,14.1297,4069.16
456,3,0,4,14.1242,4038.78
54,3,0,5,14.4286,5598.07,0,0,0
57,3,0,5,14.42,5545.39
1971,3,0,5,14.3946,5407.6
152,3,0,5,14.3693,5274.71
1972,3,0,5,14.3559,5206.08
1973,3,0,5,14.3344,5087.91
1974,3,0,5,14.3073,4951.99
1974,4,0,0,13.798,756.423,0.0581667,253.705,0.32,1
1973,4,0,0,13.7729,628.512
1972,4,0,0,13.7488,499.436
152,4,0,0,13.728,399.95
1971,4,0,0,13.6947,233.815
57,4,0,0,13.6635,71.2703
54,4,0,0,13.65,0
503,4,0,1,13.9979,1744.18,0.0483333,210.815,0,2
504,4,0,1,13.9875,1694.71
477,4,0,1,13.9834,1674.22
453,4,0,1,13.9529,1509.92
446,4,0,1,13.9445,1462.49
445,4,0,1,13.9404,1441.26
444,4,0,1,13.9301,1388.9
187,4,0,1,13.9216,1346.2
2129,4,0,1,13.9021,1250.81
1974,4,0,1,13.8562,1010.13
552,4,0,2,14.1807,2634.17,0.0406667,177.376,0.01,3
603,4,0,2,14.1491,2477.62
604,4,0,2,14.1443,2452.21
596,4,0,2,14.1442,2451.23
580,4,0,2,14.1299,2375.03
583,4,0,2,14.1237,2345.21
587,4,0,2,14.1214,2330.78
578,4,0,2,14.1184,2313.97
575,4,0,2,14.1128,2282.86
542,4,0,2,14.0924,2182.26
520,4,0,2,14.0792,2118.31
505,4,0,2,14.0503,1974.98
503,4,0,2,14.0462,1955
456,4,0,3,14.3272,3417.99,0.0536667,234.078,0.12,4
458,4,0,3,14.315,3350.09
459,4,0,3,14.3094,3304.87
1543,4,0,3,14.3004,3242.87
715,4,0,3,14.2957,3198.39
716,4,0,3,14.2806,3115.78
722,4,0,3,14.28,3112.96
552,4,0,3,14.2214,2811.54
54,4,0,4,14.6095,4881.32,0,0,0
57,4,0,4,14.601,4828.64
1971,4,0,4,14.5756,4690.85
152,4,0,4,14.5502,4557.96
1972,4,0,4,14.5369,4489.33
1973,4,0,4,14.5154,4371.17
1974,4,0,4,14.4883,4235.25
1975,4,0,4,14.4411,3988.61
1976,4,0,4,14.4204,3886.83
447,4,0,4,14.4147,3855.28
448,4,0,4,14.405,3803.28
455,4,0,4,14.3958,3750.97
454,4,0,4,14.3932,3736.33
457,4,0,4,14.3863,3682.45
456,4,0,4,14.3808,3652.07
145,4,1,0,11.7726,448.675,0.0513333,223.901,0.23,1
144,4,1,0,11.7645,404.304
59,4,1,0,11.7414,273.815
56,4,1,0,11.7353,238.947
55,4,1,0,11.7223,171.26
54,4,1,0,11.69,0
54,4,1,1,11.8957,1083.49,0,0,0
57,4,1,1,11.8881,1031.82
58,4,1,1,11.8673,917.466
143,4,1,1,11.8474,797.052
144,4,1,1,11.8355,731.854
145,4,1,1,11.824,672.576
503,5,0,0,13.9839,1465.5,0.0483333,210.815,0,1
504,5,0,0,13.9747,1420.88
477,5,0,0,13.9709,1401.63
453,5,0,0,13.9447,1256.22
446,5,0,0,13.9363,1208.78
445,5,0,0,13.9323,1187.55
444,5,0,0,13.9219,1135.2
187,5,0,0,13.9134,1092.49
2129,5,0,0,13.8939,997.109
1974,5,0,0,13.848,756.423
1973,5,0,0,13.8229,628.512
1972,5,0,0,13.7988,499.436
152,5,0,0,13.778,399.95
1971,5,0,0,13.7447,233.815
57,5,0,0,13.7135,71.2703
54,5,0,0,13.7,0
552,5,0,1,14.1667,2355.48,0.0406667,177.376,0.01,2
603,5,0,1,14.1351,2198.93
604,5,0,1,14.1303,2173.52
596,5,0,1,14.1301,2172.55
580,5,0,1,14.1159,2096.34
583,5,0,1,14.1096,2066.53
587,5,0,1,14.1074,2052.1
578,5,0,1,14.1043,2035.28
575,5,0,1,14.0988,2004.18
542,5,0,1,14.0784,1903.58
520,5,0,1,14.0652,1839.62
505,5,0,1,14.0363,1696.3
503,5,0,1,14.0322,1676.31
456,5,0,2,14.3132,3139.31,0.0536667,234.078,0.12,3
458,5,0,2,14.3009,3071.41
459,5,0,2,14.2953,3026.19
1543,5,0,2,14.2864,2964.18
715,5,0,2,14.2817,2919.7
716,5,0,2,14.2665,2837.09
722,5,0,2,14.266,2834.28
552,5,0,2,14.2073,2532.86
1974,5,0,3,14.4743,3956.56,0.0756667,330.035,0.29,4
1975,5,0,3,14.4271,3709.92
1976,5,0,3,14.4064,3608.14
447,5,0,3,14.4007,3576.6
448,5,0,3,14.391,3524.6
455,5,0,3,14.3817,3472.29
454,5,0,3,14.3792,3457.64
457,5,0,3,14.3723,3403.76
456,5,0,3,14.3668,3373.38
54,5,0,4,14.6712,4932.67,0,0,0
57,5,0,4,14.6626,4879.99
1971,5,0,4,14.6372,4742.2
152,5,0,4,14.6119,4609.31
1972,5,0,4,14.5985,4540.68
1973,5,0,4,14.577,4422.51
1974,5,0,4,14.5499,4286.59
145,5,1,0,11.6826,448.675,0.0513333,223.901,0.23,1
144,5,1,0,11.6745,404.304
59,5,1,0,11.6514,273.815
56,5,1,0,11.6453,238.947
55,5,1,0,11.6323,171.26
54,5,1,0,11.6,0
54,5,1,1,11.8057,1083.49,0,0,0
57,5,1,1,11.7981,1031.82
58,5,1,1,11.7773,917.466
143,5,1,1,11.7574,797.052
144,5,1,1,11.7455,731.854
145,5,1,1,11.734,672.576
503,6,0,0,13.6839,1465.5,0.0483333,210.815,0,1
504,6,0,0,13.6747,1420.88
477,6,0,0,13.6709,1401.63
453,6,0,0,13.6447,1256.22
446,6,0,0,13.6363,1208.78
445,6,0,0,13.6323,1187.55
444,6,0,0,13.6219,1135.2
187,6,0,0,13.6134,1092.49
2129,6,0,0,13.5939,997.109
1974,6,0,0,13.548,756.423
1973,6,0,0,13.5229,628.512
1972,6,0,0,13.4988,499.436
152,6,0,0,13.478,399.95
1971,6,0,0,13.4447,233.815
57,6,0,0,13.4135,71.2703
54,6,0,0,13.4,0
552,6,0,1,13.871,2372.98,0.0611667,266.791,0,2
603,6,0,1,13.8374,2208.02
604,6,0,1,13.8323,2181.63
596,6,0,1,13.8322,2180.66
580,6,0,1,13.8207,2116.34
583,6,0,1,13.8145,2086.52
587,6,0,1,13.8123,2072.14
578,6,0,1,13.8094,2056.04
575,6,0,1,13.8035,2023.6
542,6,0,1,13.7824,1919.97
520,6,0,1,13.7684,1852.97
505,6,0,1,13.7365,1697.29
503,6,0,1,13.7322,1676.31
456,6,0,2,14.0366,3240.75,0.0536667,234.078,0.12,3
458,6,0,2,14.0274,3179.83
459,6,0,2,14.0207,3134.48
1543,6,0,2,14.0122,3072.68
715,6,0,2,14.0071,3028.84
716,6,0,2,13.9939,2954.47
722,6,0,2,13.9933,2951.66
552,6,0,2,13.9322,2639.77
1974,6,0,3,14.1977,4058,0.0756667,330.035,0.29,4
1975,6,0,3,14.1505,3811.36
1976,6,0,3,14.1298,3709.58
447,6,0,3,14.1241,3678.04
448,6,0,3,14.1145,3626.04
455,6,0,3,14.1052,3573.73
454,6,0,3,14.1026,3559.08
457,6,0,3,14.0957,3505.2
456,6,0,3,14.0903,3474.83
54,6,0,4,14.3946,5034.11,0,0,0
57,6,0,4,14.3861,4981.44
1971,6,0,4,14.3607,4843.64
152,6,0,4,14.3353,4710.75
1972,6,0,4,14.322,4642.12
1973,6,0,4,14.3005,4523.96
1974,6,0,4,14.2734,4388.04
145,6,1,0,11.7426,448.675,0.0513333,223.901,0.23,1
144,6,1,0,11.7345,404.304
59,6,1,0,11.7114,273.815
56,6,1,0,11.7053,238.947
55,6,1,0,11.6923,171.26
54,6,1,0,11.66,0
54,6,1,1,11.8657,1083.49,0,0,0
57,6,1,1,11.8581,1031.82
58,6,1,1,11.8373,917.466
143,6,1,1,11.8174,797.052
144,6,1,1,11.8055,731.854
145,6,1,1,11.794,672.576
