Node, Individual, Route,Segment, Travel time, Travel cost, Attention time, Attention cost, Failure rate, Demand
1576,0,0,0,14.9119,1266.53,0.0376667,164.291,0.24,1
1251,0,0,0,14.838,860.887
1246,0,0,0,14.8282,806.218
1273,0,0,0,14.8191,758.106
1274,0,0,0,14.8129,715.339
1275,0,0,0,14.8044,670.271
1265,0,0,0,14.7921,604.908
1258,0,0,0,14.7797,538.528
1260,0,0,0,14.772,486.206
1259,0,0,0,14.7605,423.769
1773,0,0,0,14.7455,344.042
862,0,0,0,14.7336,280.077
864,0,0,0,14.7228,223.833
852,0,0,0,14.7175,194.263
853,0,0,0,14.7026,115.571
842,0,0,0,14.68,0
1233,0,0,1,15.1616,2581.11,0.0345,150.479,0.35,2
1252,0,0,1,15.1221,2358.64
1253,0,0,1,15.106,2271.91
1567,0,0,1,15.0968,2221.01
1596,0,0,1,15.066,2060.74
1248,0,0,1,15.0526,1988.3
1249,0,0,1,15.044,1945.43
1250,0,0,1,15.0334,1888.48
1251,0,0,1,15.0203,1822.43
1576,0,0,1,14.9496,1430.82
769,0,0,2,15.4221,3972.26,0.0581667,253.705,0.23,3
772,0,0,2,15.3711,3724.94
770,0,0,2,15.363,3679.62
1212,0,0,2,15.2874,3290.77
1213,0,0,2,15.2658,3163.7
1218,0,0,2,15.2595,3121.07
1221,0,0,2,15.2435,3023.22
1226,0,0,2,15.2363,2956.35
1572,0,0,2,15.2348,2946.37
1230,0,0,2,15.223,2883.18
1234,0,0,2,15.2021,2769.54
1233,0,0,2,15.1961,2731.59
261,0,0,3,15.7284,5582.49,0.0815,355.478,0.26,4
267,0,0,3,15.7155,5515.29
272,0,0,3,15.7021,5436.84
281,0,0,3,15.6918,5379.88
286,0,0,3,15.6808,5318.22
255,0,0,3,15.6433,5120.75
773,0,0,3,15.522,4448.75
772,0,0,3,15.5083,4377.15
769,0,0,3,15.4803,4225.96
842,0,0,4,16.117,7584.71,0,0,0
840,0,0,4,16.1086,7540.79
838,0,0,4,16.0905,7443.7
839,0,0,4,16.0806,7390.08
2010,0,0,4,16.0702,7333.02
2009,0,0,4,16.0481,7212.9
819,0,0,4,16.0403,7164.54
818,0,0,4,16.0236,7076.76
804,0,0,4,16.0029,6964.39
803,0,0,4,15.9939,6915.04
354,0,0,4,15.9938,6914.67
353,0,0,4,15.9914,6903.57
314,0,0,4,15.9828,6854.93
312,0,0,4,15.9788,6832.71
313,0,0,4,15.972,6794.96
306,0,0,4,15.957,6715.83
297,0,0,4,15.9495,6675.42
295,0,0,4,15.9377,6610.15
289,0,0,4,15.9135,6483.63
285,0,0,4,15.8935,6378.63
284,0,0,4,15.8818,6315.03
283,0,0,4,15.8768,6289.87
277,0,0,4,15.8661,6232.78
270,0,0,4,15.8466,6130.72
269,0,0,4,15.8367,6077.93
262,0,0,4,15.8242,6010.96
261,0,0,4,15.8099,5937.97
1296,0,1,0,13.841,1110.81,0.0958333,417.996,0,1
1294,0,1,0,13.8169,980.492
1290,0,1,0,13.7913,845.048
1558,0,1,0,13.7806,792.147
1288,0,1,0,13.7548,653.889
2067,0,1,0,13.7312,527.764
1272,0,1,0,13.7112,421.571
1261,0,1,0,13.7016,370.372
869,0,1,0,13.6842,272.857
1856,0,1,0,13.6615,165.867
855,0,1,0,13.6614,165.154
854,0,1,0,13.659,151.318
841,0,1,0,13.6369,36.854
842,0,1,0,13.63,0
1590,0,1,1,14.1223,2521.99,0.0736667,321.312,0.04,2
1589,0,1,1,14.0949,2383.63
1560,0,1,1,14.0611,2202.38
1591,0,1,1,14.0435,2102.5
1559,0,1,1,14.0258,2007.51
1319,0,1,1,14.0189,1971.27
1318,0,1,1,14.0104,1924.94
1292,0,1,1,14.0096,1921.22
1291,0,1,1,13.9977,1860.89
1290,0,1,1,13.9796,1768.79
1294,0,1,1,13.9548,1636.7
1296,0,1,1,13.9368,1528.81
1336,0,1,2,14.3782,3804.95,0.0633333,276.241,0.28,3
1792,0,1,2,14.3699,3764.12
1334,0,1,2,14.3601,3716.24
1335,0,1,2,14.3494,3666.01
1341,0,1,2,14.3409,3619.04
1315,0,1,2,14.3235,3523.27
2165,0,1,2,14.3045,3426.71
2071,0,1,2,14.2837,3315.56
1317,0,1,2,14.2717,3248.15
2072,0,1,2,14.2527,3145.45
1588,0,1,2,14.2187,2965.47
1590,0,1,2,14.196,2843.3
637,0,1,3,14.7066,5410.94,0.0685,298.776,0.14,4
685,0,1,3,14.6955,5357.16
687,0,1,3,14.6904,5331.47
971,0,1,3,14.6772,5268.34
972,0,1,3,14.67,5232.75
973,0,1,3,14.6603,5183.97
1008,0,1,3,14.6497,5132.24
1009,0,1,3,14.6375,5070.66
1038,0,1,3,14.6293,5030.07
1039,0,1,3,14.6288,5027.39
1037,0,1,3,14.6189,4978.83
1034,0,1,3,14.6107,4934.99
2033,0,1,3,14.6044,4902.7
1803,0,1,3,14.5985,4872.55
1785,0,1,3,14.5828,4791.05
1067,0,1,3,14.5764,4759.31
1086,0,1,3,14.5656,4704.97
2036,0,1,3,14.5513,4633.21
1112,0,1,3,14.5476,4614.37
2041,0,1,3,14.5339,4546.1
2042,0,1,3,14.5205,4478.01
1564,0,1,3,14.5091,4422.39
2107,0,1,3,14.499,4372.48
1145,0,1,3,14.4923,4339.81
2053,0,1,3,14.4792,4272.82
2073,0,1,3,14.4717,4234.68
1336,0,1,3,14.4415,4081.19
2135,0,1,4,14.9897,6873.49,0.0471667,205.727,0.03,5
2133,0,1,4,14.9627,6693.38
366,0,1,4,14.9583,6666.12
371,0,1,4,14.948,6607.15
377,0,1,4,14.9274,6496.1
386,0,1,4,14.9128,6420.22
489,0,1,4,14.9039,6373.28
490,0,1,4,14.8877,6285
492,0,1,4,14.8821,6255.06
491,0,1,4,14.8792,6238.98
1991,0,1,4,14.8745,6215.81
513,0,1,4,14.8683,6185.46
1753,0,1,4,14.8434,6070.97
1751,0,1,4,14.8375,6040.35
530,0,1,4,14.8331,6017.42
1992,0,1,4,14.8296,6000.03
560,0,1,4,14.8195,5947.57
555,0,1,4,14.8152,5926.32
559,0,1,4,14.8092,5890.52
554,0,1,4,14.8061,5870.77
565,0,1,4,14.7979,5825.14
562,0,1,4,14.7912,5790.15
639,0,1,4,14.7877,5772.71
638,0,1,4,14.781,5738.68
637,0,1,4,14.7751,5709.72
321,0,1,5,15.3425,8836,0.0535,233.351,0.52,6
108,0,1,5,15.342,8833.77
107,0,1,5,15.3344,8785.46
1967,0,1,5,15.3314,8756.76
105,0,1,5,15.3057,8606.9
124,0,1,5,15.2916,8528.73
1970,0,1,5,15.2759,8435.86
122,0,1,5,15.2618,8365.48
117,0,1,5,15.2434,8273.93
118,0,1,5,15.2339,8228.21
1968,0,1,5,15.203,8065.81
1969,0,1,5,15.1914,7990.12
115,0,1,5,15.1889,7975.61
2113,0,1,5,15.1837,7947.89
2133,0,1,5,15.0608,7257.7
2135,0,1,5,15.0369,7079.22
842,0,1,6,15.6065,10227.3,0,0,0
830,0,1,6,15.5864,10122.3
2008,0,1,6,15.5619,9986.59
812,0,1,6,15.5443,9890.54
807,0,1,6,15.5442,9889.75
356,0,1,6,15.5286,9807.31
1981,0,1,6,15.5163,9723.8
345,0,1,6,15.498,9628.19
341,0,1,6,15.4874,9572.73
2132,0,1,6,15.4871,9570.69
328,0,1,6,15.4712,9476.34
2115,0,1,6,15.46,9418.24
329,0,1,6,15.4559,9396.42
1979,0,1,6,15.4494,9364.37
1978,0,1,6,15.4102,9143.48
321,0,1,6,15.396,9069.35
1576,1,0,0,14.9119,1266.53,0.0376667,164.291,0.24,1
1251,1,0,0,14.838,860.887
1246,1,0,0,14.8282,806.218
1273,1,0,0,14.8191,758.106
1274,1,0,0,14.8129,715.339
1275,1,0,0,14.8044,670.271
1265,1,0,0,14.7921,604.908
1258,1,0,0,14.7797,538.528
1260,1,0,0,14.772,486.206
1259,1,0,0,14.7605,423.769
1773,1,0,0,14.7455,344.042
862,1,0,0,14.7336,280.077
864,1,0,0,14.7228,223.833
852,1,0,0,14.7175,194.263
853,1,0,0,14.7026,115.571
842,1,0,0,14.68,0
1233,1,0,1,15.1616,2581.11,0.0345,150.479,0.35,2
1252,1,0,1,15.1221,2358.64
1253,1,0,1,15.106,2271.91
1567,1,0,1,15.0968,2221.01
1596,1,0,1,15.066,2060.74
1248,1,0,1,15.0526,1988.3
1249,1,0,1,15.044,1945.43
1250,1,0,1,15.0334,1888.48
1251,1,0,1,15.0203,1822.43
1576,1,0,1,14.9496,1430.82
769,1,0,2,15.4221,3972.26,0.0581667,253.705,0.23,3
772,1,0,2,15.3711,3724.94
770,1,0,2,15.363,3679.62
1212,1,0,2,15.2874,3290.77
1213,1,0,2,15.2658,3163.7
1218,1,0,2,15.2595,3121.07
1221,1,0,2,15.2435,3023.22
1226,1,0,2,15.2363,2956.35
1572,1,0,2,15.2348,2946.37
1230,1,0,2,15.223,2883.18
1234,1,0,2,15.2021,2769.54
1233,1,0,2,15.1961,2731.59
261,1,0,3,15.7284,5582.49,0.0815,355.478,0.26,4
267,1,0,3,15.7155,5515.29
272,1,0,3,15.7021,5436.84
281,1,0,3,15.6918,5379.88
286,1,0,3,15.6808,5318.22
255,1,0,3,15.6433,5120.75
773,1,0,3,15.522,4448.75
772,1,0,3,15.5083,4377.15
769,1,0,3,15.4803,4225.96
842,1,0,4,16.117,7584.71,0,0,0
840,1,0,4,16.1086,7540.79
838,1,0,4,16.0905,7443.7
839,1,0,4,16.0806,7390.08
2010,1,0,4,16.0702,7333.02
2009,1,0,4,16.0481,7212.9
819,1,0,4,16.0403,7164.54
818,1,0,4,16.0236,7076.76
804,1,0,4,16.0029,6964.39
803,1,0,4,15.9939,6915.04
354,1,0,4,15.9938,6914.67
353,1,0,4,15.9914,6903.57
314,1,0,4,15.9828,6854.93
312,1,0,4,15.9788,6832.71
313,1,0,4,15.972,6794.96
306,1,0,4,15.957,6715.83
297,1,0,4,15.9495,6675.42
295,1,0,4,15.9377,6610.15
289,1,0,4,15.9135,6483.63
285,1,0,4,15.8935,6378.63
284,1,0,4,15.8818,6315.03
283,1,0,4,15.8768,6289.87
277,1,0,4,15.8661,6232.78
270,1,0,4,15.8466,6130.72
269,1,0,4,15.8367,6077.93
262,1,0,4,15.8242,6010.96
261,1,0,4,15.8099,5937.97
1296,1,1,0,13.421,1110.81,0.0958333,417.996,0,1
1294,1,1,0,13.3969,980.492
1290,1,1,0,13.3713,845.048
1558,1,1,0,13.3606,792.147
1288,1,1,0,13.3348,653.889
2067,1,1,0,13.3112,527.764
1272,1,1,0,13.2912,421.571
1261,1,1,0,13.2816,370.372
869,1,1,0,13.2642,272.857
1856,1,1,0,13.2415,165.867
855,1,1,0,13.2414,165.154
854,1,1,0,13.239,151.318
841,1,1,0,13.2169,36.854
842,1,1,0,13.21,0
1590,1,1,1,13.7023,2521.99,0.0913333,398.368,0.04,2
1589,1,1,1,13.6749,2383.63
1560,1,1,1,13.6411,2202.38
1591,1,1,1,13.6235,2102.5
1559,1,1,1,13.6058,2007.51
1319,1,1,1,13.5989,1971.27
1318,1,1,1,13.5904,1924.94
1292,1,1,1,13.5896,1921.22
1291,1,1,1,13.5777,1860.89
1290,1,1,1,13.5596,1768.79
1294,1,1,1,13.5348,1636.7
1296,1,1,1,13.5168,1528.81
1336,1,1,2,13.9715,3854.13,0.0515,224.627,0.24,3
2074,1,1,2,13.9566,3783.52
2075,1,1,2,13.922,3610.51
1370,1,1,2,13.8947,3472.92
1359,1,1,2,13.8938,3468.47
2071,1,1,2,13.8773,3376.35
1317,1,1,2,13.8662,3311.54
2072,1,1,2,13.8481,3212.81
1588,1,1,2,13.815,3036.61
1590,1,1,2,13.7937,2920.36
637,1,1,3,14.2881,5408.51,0.0685,298.776,0.14,4
685,1,1,3,14.277,5354.73
687,1,1,3,14.2719,5329.04
971,1,1,3,14.2587,5265.91
972,1,1,3,14.2515,5230.33
973,1,1,3,14.2418,5181.55
1008,1,1,3,14.2312,5129.82
1009,1,1,3,14.219,5068.24
1038,1,1,3,14.2108,5027.64
1039,1,1,3,14.2103,5024.96
1037,1,1,3,14.2004,4976.4
1034,1,1,3,14.1922,4932.56
2033,1,1,3,14.1859,4900.27
1803,1,1,3,14.18,4870.12
1785,1,1,3,14.1643,4788.62
1067,1,1,3,14.1579,4756.88
1086,1,1,3,14.1471,4702.55
2036,1,1,3,14.1328,4630.78
1112,1,1,3,14.1291,4611.94
2041,1,1,3,14.1154,4543.68
2042,1,1,3,14.102,4475.59
1564,1,1,3,14.0906,4419.96
2107,1,1,3,14.0805,4370.05
1145,1,1,3,14.0738,4337.38
2053,1,1,3,14.0607,4270.39
2073,1,1,3,14.0532,4232.25
1336,1,1,3,14.023,4078.76
2135,1,1,4,14.5712,6871.06,0.0471667,205.727,0.03,5
2133,1,1,4,14.5442,6690.95
366,1,1,4,14.5398,6663.7
371,1,1,4,14.5295,6604.72
377,1,1,4,14.5089,6493.67
386,1,1,4,14.4943,6417.79
489,1,1,4,14.4854,6370.85
490,1,1,4,14.4691,6282.57
492,1,1,4,14.4636,6252.64
491,1,1,4,14.4606,6236.56
1991,1,1,4,14.456,6213.38
513,1,1,4,14.4498,6183.04
1753,1,1,4,14.4249,6068.55
1751,1,1,4,14.419,6037.92
530,1,1,4,14.4146,6014.99
1992,1,1,4,14.4111,5997.61
560,1,1,4,14.401,5945.15
555,1,1,4,14.3967,5923.89
559,1,1,4,14.3907,5888.09
554,1,1,4,14.3876,5868.34
565,1,1,4,14.3794,5822.71
562,1,1,4,14.3727,5787.72
639,1,1,4,14.3692,5770.28
638,1,1,4,14.3625,5736.25
637,1,1,4,14.3566,5707.29
321,1,1,5,14.9324,8870.28,0.0678333,295.869,0.55,6
108,1,1,5,14.9319,8868.05
107,1,1,5,14.9246,8820.1
1967,1,1,5,14.9216,8791.39
105,1,1,5,14.8966,8642.56
124,1,1,5,14.885,8571.88
1970,1,1,5,14.8691,8478.76
122,1,1,5,14.8577,8419.34
117,1,1,5,14.8393,8327.83
118,1,1,5,14.8312,8287.81
1968,1,1,5,14.7997,8123.09
1969,1,1,5,14.7878,8047.04
115,1,1,5,14.7852,8032.45
2113,1,1,5,14.7805,8006.87
2133,1,1,5,14.6436,7255.66
2135,1,1,5,14.6184,7076.79
842,1,1,6,15.2107,10324.1,0,0,0
830,1,1,6,15.1906,10219.1
2008,1,1,6,15.1662,10083.4
812,1,1,6,15.1486,9987.33
807,1,1,6,15.1484,9986.54
356,1,1,6,15.1328,9904.1
1981,1,1,6,15.1206,9820.59
345,1,1,6,15.1023,9724.99
341,1,1,6,15.0916,9669.53
2132,1,1,6,15.0914,9667.48
328,1,1,6,15.0754,9573.13
2115,1,1,6,15.0642,9515.03
329,1,1,6,15.0601,9493.21
1979,1,1,6,15.0536,9461.16
1978,1,1,6,15.0145,9240.27
321,1,1,6,15.0002,9166.15
261,2,0,0,15.4689,1661.66,0.0815,355.478,0.26,1
262,2,0,0,15.4511,1573.69
269,2,0,0,15.4387,1507.18
270,2,0,0,15.4279,1451.01
277,2,0,0,15.408,1346.78
283,2,0,0,15.3989,1296.43
284,2,0,0,15.3938,1271.28
285,2,0,0,15.3769,1185.29
289,2,0,0,15.3607,1096.75
331,2,0,0,15.3323,954.304
332,2,0,0,15.3232,906.366
339,2,0,0,15.3108,840.906
346,2,0,0,15.295,752.534
347,2,0,0,15.2944,749.516
354,2,0,0,15.2834,685.875
803,2,0,0,15.2834,685.503
804,2,0,0,15.271,621.793
818,2,0,0,15.2448,486.133
819,2,0,0,15.2354,422.153
2009,2,0,0,15.2283,374.646
2010,2,0,0,15.2119,272.968
839,2,0,0,15.201,213.908
838,2,0,0,15.1918,163.086
840,2,0,0,15.1733,64.8138
842,2,0,0,15.16,0
769,2,0,1,15.8306,3506.48,0.0581667,253.705,0.23,2
772,2,0,1,15.7796,3259.17
773,2,0,1,15.7685,3198.52
255,2,0,1,15.6422,2504.91
286,2,0,1,15.595,2266.63
281,2,0,1,15.584,2205.14
272,2,0,1,15.5739,2149.19
267,2,0,1,15.56,2069.64
261,2,0,1,15.5504,2017.14
1233,2,0,2,16.0941,4937.58,0.0526667,229.716,0.28,3
1227,2,0,2,16.0616,4758.34
1226,2,0,2,16.0538,4715.2
1221,2,0,2,16.0387,4633.32
1218,2,0,2,16.0198,4527.92
1213,2,0,2,16.0101,4475.74
1212,2,0,2,15.9993,4340.86
770,2,0,2,15.9255,3958.96
772,2,0,2,15.9168,3911.38
769,2,0,2,15.8888,3760.19
1576,2,0,3,16.3575,6312.41,0.0355,154.84,0.24,4
1251,2,0,3,16.2854,5914.76
1250,2,0,3,16.2765,5866.84
1249,2,0,3,16.2637,5800.04
1248,2,0,3,16.2562,5762.03
1596,2,0,3,16.2448,5697.95
1567,2,0,3,16.2175,5552.71
1253,2,0,3,16.2048,5487.13
1252,2,0,3,16.1889,5401.12
1233,2,0,3,16.1468,5167.3
842,2,0,4,16.6202,7698.68,0,0,0
853,2,0,4,16.6024,7603.72
852,2,0,4,16.5909,7539.43
864,2,0,4,16.5841,7503.33
862,2,0,4,16.5748,7453.91
1773,2,0,4,16.5628,7389.17
1259,2,0,4,16.5481,7310.61
1260,2,0,4,16.5307,7223.39
1258,2,0,4,16.5192,7160.8
1265,2,0,4,16.5088,7102.89
1264,2,0,4,16.5,7055.42
1274,2,0,4,16.4895,6999.01
1273,2,0,4,16.4786,6941.65
1282,2,0,4,16.4681,6885.68
1251,2,0,4,16.4616,6849.76
1576,2,0,4,16.393,6467.25
1296,2,1,0,13.811,1110.81,0.0958333,417.996,0,1
1294,2,1,0,13.7869,980.492
1290,2,1,0,13.7613,845.048
1558,2,1,0,13.7506,792.147
1288,2,1,0,13.7248,653.889
2067,2,1,0,13.7012,527.764
1272,2,1,0,13.6812,421.571
1261,2,1,0,13.6716,370.372
869,2,1,0,13.6542,272.857
1856,2,1,0,13.6315,165.867
855,2,1,0,13.6314,165.154
854,2,1,0,13.629,151.318
841,2,1,0,13.6069,36.854
842,2,1,0,13.6,0
1590,2,1,1,14.0923,2521.99,0.0736667,321.312,0.04,2
1589,2,1,1,14.0649,2383.63
1560,2,1,1,14.0311,2202.38
1591,2,1,1,14.0135,2102.5
1559,2,1,1,13.9958,2007.51
1319,2,1,1,13.9889,1971.27
1318,2,1,1,13.9804,1924.94
1292,2,1,1,13.9796,1921.22
1291,2,1,1,13.9677,1860.89
1290,2,1,1,13.9496,1768.79
1294,2,1,1,13.9248,1636.7
1296,2,1,1,13.9068,1528.81
1336,2,1,2,14.3482,3804.95,0.0633333,276.241,0.28,3
1792,2,1,2,14.3399,3764.12
1334,2,1,2,14.3301,3716.24
1335,2,1,2,14.3194,3666.01
1341,2,1,2,14.3109,3619.04
1315,2,1,2,14.2935,3523.27
2165,2,1,2,14.2745,3426.71
2071,2,1,2,14.2537,3315.56
1317,2,1,2,14.2417,3248.15
2072,2,1,2,14.2227,3145.45
1588,2,1,2,14.1887,2965.47
1590,2,1,2,14.166,2843.3
637,2,1,3,14.6766,5410.94,0.0685,298.776,0.14,4
685,2,1,3,14.6655,5357.16
687,2,1,3,14.6604,5331.47
971,2,1,3,14.6472,5268.34
972,2,1,3,14.64,5232.75
973,2,1,3,14.6303,5183.97
1008,2,1,3,14.6197,5132.24
1009,2,1,3,14.6075,5070.66
1038,2,1,3,14.5993,5030.07
1039,2,1,3,14.5988,5027.39
1037,2,1,3,14.5889,4978.83
1034,2,1,3,14.5807,4934.99
2033,2,1,3,14.5744,4902.7
1803,2,1,3,14.5685,4872.55
1785,2,1,3,14.5528,4791.05
1067,2,1,3,14.5464,4759.31
1086,2,1,3,14.5356,4704.97
2036,2,1,3,14.5213,4633.21
1112,2,1,3,14.5176,4614.37
2041,2,1,3,14.5039,4546.1
2042,2,1,3,14.4905,4478.01
1564,2,1,3,14.4791,4422.39
2107,2,1,3,14.469,4372.48
1145,2,1,3,14.4623,4339.81
2053,2,1,3,14.4492,4272.82
2073,2,1,3,14.4417,4234.68
1336,2,1,3,14.4115,4081.19
2135,2,1,4,14.9597,6873.49,0.0471667,205.727,0.03,5
2133,2,1,4,14.9327,6693.38
366,2,1,4,14.9283,6666.12
371,2,1,4,14.918,6607.15
377,2,1,4,14.8974,6496.1
386,2,1,4,14.8828,6420.22
489,2,1,4,14.8739,6373.28
490,2,1,4,14.8577,6285
492,2,1,4,14.8521,6255.06
491,2,1,4,14.8492,6238.98
1991,2,1,4,14.8445,6215.81
513,2,1,4,14.8383,6185.46
1753,2,1,4,14.8134,6070.97
1751,2,1,4,14.8075,6040.35
530,2,1,4,14.8031,6017.42
1992,2,1,4,14.7996,6000.03
560,2,1,4,14.7895,5947.57
555,2,1,4,14.7852,5926.32
559,2,1,4,14.7792,5890.52
554,2,1,4,14.7761,5870.77
565,2,1,4,14.7679,5825.14
562,2,1,4,14.7612,5790.15
639,2,1,4,14.7577,5772.71
638,2,1,4,14.751,5738.68
637,2,1,4,14.7451,5709.72
321,2,1,5,15.3125,8836,0.0535,233.351,0.52,6
108,2,1,5,15.312,8833.77
107,2,1,5,15.3044,8785.46
1967,2,1,5,15.3014,8756.76
105,2,1,5,15.2757,8606.9
124,2,1,5,15.2616,8528.73
1970,2,1,5,15.2459,8435.86
122,2,1,5,15.2318,8365.48
117,2,1,5,15.2134,8273.93
118,2,1,5,15.2039,8228.21
1968,2,1,5,15.173,8065.81
1969,2,1,5,15.1614,7990.12
115,2,1,5,15.1589,7975.61
2113,2,1,5,15.1537,7947.89
2133,2,1,5,15.0308,7257.7
2135,2,1,5,15.0069,7079.22
842,2,1,6,15.5765,10227.3,0,0,0
830,2,1,6,15.5564,10122.3
2008,2,1,6,15.5319,9986.59
812,2,1,6,15.5143,9890.54
807,2,1,6,15.5142,9889.75
356,2,1,6,15.4986,9807.31
1981,2,1,6,15.4863,9723.8
345,2,1,6,15.468,9628.19
341,2,1,6,15.4574,9572.73
2132,2,1,6,15.4571,9570.69
328,2,1,6,15.4412,9476.34
2115,2,1,6,15.43,9418.24
329,2,1,6,15.4259,9396.42
1979,2,1,6,15.4194,9364.37
1978,2,1,6,15.3802,9143.48
321,2,1,6,15.366,9069.35
261,3,0,0,15.5789,1661.66,0.0815,355.478,0.26,1
262,3,0,0,15.5611,1573.69
269,3,0,0,15.5487,1507.18
270,3,0,0,15.5379,1451.01
277,3,0,0,15.518,1346.78
283,3,0,0,15.5089,1296.43
284,3,0,0,15.5038,1271.28
285,3,0,0,15.4869,1185.29
289,3,0,0,15.4707,1096.75
331,3,0,0,15.4423,954.304
332,3,0,0,15.4333,906.366
339,3,0,0,15.4208,840.906
346,3,0,0,15.405,752.534
347,3,0,0,15.4044,749.516
354,3,0,0,15.3934,685.875
803,3,0,0,15.3934,685.503
804,3,0,0,15.381,621.793
818,3,0,0,15.3548,486.133
819,3,0,0,15.3454,422.153
2009,3,0,0,15.3383,374.646
2010,3,0,0,15.3219,272.968
839,3,0,0,15.311,213.908
838,3,0,0,15.3018,163.086
840,3,0,0,15.2833,64.8138
842,3,0,0,15.27,0
769,3,0,1,15.9406,3506.48,0.0581667,253.705,0.23,2
772,3,0,1,15.8897,3259.17
773,3,0,1,15.8785,3198.52
255,3,0,1,15.7522,2504.91
286,3,0,1,15.705,2266.63
281,3,0,1,15.694,2205.14
272,3,0,1,15.6839,2149.19
267,3,0,1,15.67,2069.64
261,3,0,1,15.6604,2017.14
1233,3,0,2,16.2041,4937.58,0.0526667,229.716,0.28,3
1227,3,0,2,16.1716,4758.34
1226,3,0,2,16.1638,4715.2
1221,3,0,2,16.1487,4633.32
1218,3,0,2,16.1298,4527.92
1213,3,0,2,16.1201,4475.74
1212,3,0,2,16.1093,4340.86
770,3,0,2,16.0355,3958.96
772,3,0,2,16.0268,3911.38
769,3,0,2,15.9988,3760.19
1576,3,0,3,16.4675,6312.41,0.0355,154.84,0.24,4
1251,3,0,3,16.3954,5914.76
1250,3,0,3,16.3865,5866.84
1249,3,0,3,16.3737,5800.04
1248,3,0,3,16.3662,5762.03
1596,3,0,3,16.3548,5697.95
1567,3,0,3,16.3275,5552.71
1253,3,0,3,16.3148,5487.13
1252,3,0,3,16.2989,5401.12
1233,3,0,3,16.2568,5167.3
842,3,0,4,16.7302,7698.68,0,0,0
853,3,0,4,16.7124,7603.72
852,3,0,4,16.7009,7539.43
864,3,0,4,16.6941,7503.33
862,3,0,4,16.6848,7453.91
1773,3,0,4,16.6728,7389.17
1259,3,0,4,16.6581,7310.61
1260,3,0,4,16.6407,7223.39
1258,3,0,4,16.6292,7160.8
1265,3,0,4,16.6188,7102.89
1264,3,0,4,16.61,7055.42
1274,3,0,4,16.5995,6999.01
1273,3,0,4,16.5886,6941.65
1282,3,0,4,16.5781,6885.68
1251,3,0,4,16.5716,6849.76
1576,3,0,4,16.503,6467.25
1296,3,1,0,13.431,1110.81,0.0958333,417.996,0,1
1294,3,1,0,13.4069,980.492
1290,3,1,0,13.3813,845.048
1558,3,1,0,13.3706,792.147
1288,3,1,0,13.3448,653.889
2067,3,1,0,13.3212,527.764
1272,3,1,0,13.3012,421.571
1261,3,1,0,13.2916,370.372
869,3,1,0,13.2742,272.857
1856,3,1,0,13.2515,165.867
855,3,1,0,13.2514,165.154
854,3,1,0,13.249,151.318
841,3,1,0,13.2269,36.854
842,3,1,0,13.22,0
1590,3,1,1,13.7123,2521.99,0.0913333,398.368,0.04,2
1589,3,1,1,13.6849,2383.63
1560,3,1,1,13.6511,2202.38
1591,3,1,1,13.6335,2102.5
1559,3,1,1,13.6158,2007.51
1319,3,1,1,13.6089,1971.27
1318,3,1,1,13.6004,1924.94
1292,3,1,1,13.5996,1921.22
1291,3,1,1,13.5877,1860.89
1290,3,1,1,13.5696,1768.79
1294,3,1,1,13.5448,1636.7
1296,3,1,1,13.5268,1528.81
1336,3,1,2,13.9815,3854.13,0.0515,224.627,0.24,3
2074,3,1,2,13.9666,3783.52
2075,3,1,2,13.932,3610.51
1370,3,1,2,13.9047,3472.92
1359,3,1,2,13.9038,3468.47
2071,3,1,2,13.8873,3376.35
1317,3,1,2,13.8762,3311.54
2072,3,1,2,13.8581,3212.81
1588,3,1,2,13.825,3036.61
1590,3,1,2,13.8037,2920.36
637,3,1,3,14.2981,5408.51,0.0685,298.776,0.14,4
685,3,1,3,14.287,5354.73
687,3,1,3,14.2819,5329.04
971,3,1,3,14.2687,5265.91
972,3,1,3,14.2615,5230.33
973,3,1,3,14.2518,5181.55
1008,3,1,3,14.2412,5129.82
1009,3,1,3,14.229,5068.24
1038,3,1,3,14.2208,5027.64
1039,3,1,3,14.2203,5024.96
1037,3,1,3,14.2104,4976.4
1034,3,1,3,14.2022,4932.56
2033,3,1,3,14.1959,4900.27
1803,3,1,3,14.19,4870.12
1785,3,1,3,14.1743,4788.62
1067,3,1,3,14.1679,4756.88
1086,3,1,3,14.1571,4702.55
2036,3,1,3,14.1428,4630.78
1112,3,1,3,14.1391,4611.94
2041,3,1,3,14.1254,4543.68
2042,3,1,3,14.112,4475.59
1564,3,1,3,14.1006,4419.96
2107,3,1,3,14.0905,4370.05
1145,3,1,3,14.0838,4337.38
2053,3,1,3,14.0707,4270.39
2073,3,1,3,14.0632,4232.25
1336,3,1,3,14.033,4078.76
2135,3,1,4,14.5812,6871.06,0.0471667,205.727,0.03,5
2133,3,1,4,14.5542,6690.95
366,3,1,4,14.5498,6663.7
371,3,1,4,14.5395,6604.72
377,3,1,4,14.5189,6493.67
386,3,1,4,14.5043,6417.79
489,3,1,4,14.4954,6370.85
490,3,1,4,14.4791,6282.57
492,3,1,4,14.4736,6252.64
491,3,1,4,14.4706,6236.56
1991,3,1,4,14.466,6213.38
513,3,1,4,14.4598,6183.04
1753,3,1,4,14.4349,6068.55
1751,3,1,4,14.429,6037.92
530,3,1,4,14.4246,6014.99
1992,3,1,4,14.4211,5997.61
560,3,1,4,14.411,5945.15
555,3,1,4,14.4067,5923.89
559,3,1,4,14.4007,5888.09
554,3,1,4,14.3976,5868.34
565,3,1,4,14.3894,5822.71
562,3,1,4,14.3827,5787.72
639,3,1,4,14.3792,5770.28
638,3,1,4,14.3725,5736.25
637,3,1,4,14.3666,5707.29
321,3,1,5,14.9424,8870.28,0.0678333,295.869,0.55,6
108,3,1,5,14.9419,8868.05
107,3,1,5,14.9346,8820.1
1967,3,1,5,14.9316,8791.39
105,3,1,5,14.9066,8642.56
124,3,1,5,14.895,8571.88
1970,3,1,5,14.8791,8478.76
122,3,1,5,14.8677,8419.34
117,3,1,5,14.8493,8327.83
118,3,1,5,14.8412,8287.81
1968,3,1,5,14.8097,8123.09
1969,3,1,5,14.7978,8047.04
115,3,1,5,14.7952,8032.45
2113,3,1,5,14.7905,8006.87
2133,3,1,5,14.6536,7255.66
2135,3,1,5,14.6284,7076.79
842,3,1,6,15.2207,10324.1,0,0,0
830,3,1,6,15.2006,10219.1
2008,3,1,6,15.1762,10083.4
812,3,1,6,15.1586,9987.33
807,3,1,6,15.1584,9986.54
356,3,1,6,15.1428,9904.1
1981,3,1,6,15.1306,9820.59
345,3,1,6,15.1123,9724.99
341,3,1,6,15.1016,9669.53
2132,3,1,6,15.1014,9667.48
328,3,1,6,15.0854,9573.13
2115,3,1,6,15.0742,9515.03
329,3,1,6,15.0701,9493.21
1979,3,1,6,15.0636,9461.16
1978,3,1,6,15.0245,9240.27
321,3,1,6,15.0102,9166.15
261,4,0,0,15.6489,1661.66,0.0815,355.478,0.26,1
262,4,0,0,15.6311,1573.69
269,4,0,0,15.6187,1507.18
270,4,0,0,15.6079,1451.01
277,4,0,0,15.588,1346.78
283,4,0,0,15.5789,1296.43
284,4,0,0,15.5738,1271.28
285,4,0,0,15.5569,1185.29
289,4,0,0,15.5407,1096.75
331,4,0,0,15.5123,954.304
332,4,0,0,15.5033,906.366
339,4,0,0,15.4908,840.906
346,4,0,0,15.475,752.534
347,4,0,0,15.4744,749.516
354,4,0,0,15.4634,685.875
803,4,0,0,15.4634,685.503
804,4,0,0,15.451,621.793
818,4,0,0,15.4248,486.133
819,4,0,0,15.4154,422.153
2009,4,0,0,15.4083,374.646
2010,4,0,0,15.3919,272.968
839,4,0,0,15.381,213.908
838,4,0,0,15.3718,163.086
840,4,0,0,15.3533,64.8138
842,4,0,0,15.34,0
769,4,0,1,16.0106,3506.48,0.101167,441.259,0.18,2
772,4,0,1,15.9597,3259.17
773,4,0,1,15.9485,3198.52
255,4,0,1,15.8222,2504.91
286,4,0,1,15.775,2266.63
281,4,0,1,15.764,2205.14
272,4,0,1,15.7539,2149.19
267,4,0,1,15.74,2069.64
261,4,0,1,15.7304,2017.14
1233,4,0,2,16.3426,5235.52,0.0526667,229.716,0.28,3
1227,4,0,2,16.3093,5052.71
1222,4,0,2,16.2909,4957.51
1221,4,0,2,16.2801,4899.17
1218,4,0,2,16.2626,4799
1213,4,0,2,16.2523,4743.84
1212,4,0,2,16.2415,4608.97
770,4,0,2,16.1525,4163.85
772,4,0,2,16.1444,4118.92
769,4,0,2,16.1118,3947.74
1576,4,0,3,16.606,6610.36,0.0355,154.84,0.24,4
1251,4,0,3,16.5338,6212.7
1250,4,0,3,16.525,6164.78
1249,4,0,3,16.5122,6097.99
1248,4,0,3,16.5047,6059.97
1596,4,0,3,16.4933,5995.89
1567,4,0,3,16.466,5850.65
1253,4,0,3,16.4533,5785.07
1252,4,0,3,16.4374,5699.06
1233,4,0,3,16.3953,5465.24
842,4,0,4,16.8686,7996.62,0,0,0
853,4,0,4,16.8509,7901.66
852,4,0,4,16.8394,7837.38
864,4,0,4,16.8326,7801.28
862,4,0,4,16.8233,7751.85
1773,4,0,4,16.8113,7687.11
1259,4,0,4,16.7965,7608.55
1260,4,0,4,16.7792,7521.34
1258,4,0,4,16.7677,7458.74
1265,4,0,4,16.7573,7400.83
1264,4,0,4,16.7485,7353.36
1274,4,0,4,16.7379,7296.95
1273,4,0,4,16.7271,7239.59
1282,4,0,4,16.7166,7183.62
1251,4,0,4,16.7101,7147.7
1576,4,0,4,16.6415,6765.2
1296,4,1,0,13.821,1110.81,0.0958333,417.996,0,1
1294,4,1,0,13.7969,980.492
1290,4,1,0,13.7713,845.048
1558,4,1,0,13.7606,792.147
1288,4,1,0,13.7348,653.889
2067,4,1,0,13.7112,527.764
1272,4,1,0,13.6912,421.571
1261,4,1,0,13.6816,370.372
869,4,1,0,13.6642,272.857
1856,4,1,0,13.6415,165.867
855,4,1,0,13.6414,165.154
854,4,1,0,13.639,151.318
841,4,1,0,13.6169,36.854
842,4,1,0,13.61,0
1590,4,1,1,14.1023,2521.99,0.0736667,321.312,0.04,2
1589,4,1,1,14.0749,2383.63
1560,4,1,1,14.0411,2202.38
1591,4,1,1,14.0235,2102.5
1559,4,1,1,14.0058,2007.51
1319,4,1,1,13.9989,1971.27
1318,4,1,1,13.9904,1924.94
1292,4,1,1,13.9896,1921.22
1291,4,1,1,13.9777,1860.89
1290,4,1,1,13.9596,1768.79
1294,4,1,1,13.9348,1636.7
1296,4,1,1,13.9168,1528.81
1336,4,1,2,14.3582,3804.95,0.0633333,276.241,0.28,3
1792,4,1,2,14.3499,3764.12
1334,4,1,2,14.3401,3716.24
1335,4,1,2,14.3294,3666.01
1341,4,1,2,14.3209,3619.04
1315,4,1,2,14.3035,3523.27
2165,4,1,2,14.2845,3426.71
2071,4,1,2,14.2637,3315.56
1317,4,1,2,14.2517,3248.15
2072,4,1,2,14.2327,3145.45
1588,4,1,2,14.1987,2965.47
1590,4,1,2,14.176,2843.3
637,4,1,3,14.6866,5410.94,0.0685,298.776,0.14,4
685,4,1,3,14.6755,5357.16
687,4,1,3,14.6704,5331.47
971,4,1,3,14.6572,5268.34
972,4,1,3,14.65,5232.75
973,4,1,3,14.6403,5183.97
1008,4,1,3,14.6297,5132.24
1009,4,1,3,14.6175,5070.66
1038,4,1,3,14.6093,5030.07
1039,4,1,3,14.6088,5027.39
1037,4,1,3,14.5989,4978.83
1034,4,1,3,14.5907,4934.99
2033,4,1,3,14.5844,4902.7
1803,4,1,3,14.5785,4872.55
1785,4,1,3,14.5628,4791.05
1067,4,1,3,14.5564,4759.31
1086,4,1,3,14.5456,4704.97
2036,4,1,3,14.5313,4633.21
1112,4,1,3,14.5276,4614.37
2041,4,1,3,14.5139,4546.1
2042,4,1,3,14.5005,4478.01
1564,4,1,3,14.4891,4422.39
2107,4,1,3,14.479,4372.48
1145,4,1,3,14.4723,4339.81
2053,4,1,3,14.4592,4272.82
2073,4,1,3,14.4517,4234.68
1336,4,1,3,14.4215,4081.19
2135,4,1,4,14.9697,6873.49,0.0471667,205.727,0.03,5
2133,4,1,4,14.9427,6693.38
366,4,1,4,14.9383,6666.12
371,4,1,4,14.928,6607.15
377,4,1,4,14.9074,6496.1
386,4,1,4,14.8928,6420.22
489,4,1,4,14.8839,6373.28
490,4,1,4,14.8677,6285
492,4,1,4,14.8621,6255.06
491,4,1,4,14.8592,6238.98
1991,4,1,4,14.8545,6215.81
513,4,1,4,14.8483,6185.46
1753,4,1,4,14.8234,6070.97
1751,4,1,4,14.8175,6040.35
530,4,1,4,14.8131,6017.42
1992,4,1,4,14.8096,6000.03
560,4,1,4,14.7995,5947.57
555,4,1,4,14.7952,5926.32
559,4,1,4,14.7892,5890.52
554,4,1,4,14.7861,5870.77
565,4,1,4,14.7779,5825.14
562,4,1,4,14.7712,5790.15
639,4,1,4,14.7677,5772.71
638,4,1,4,14.761,5738.68
637,4,1,4,14.7551,5709.72
321,4,1,5,15.3225,8836,0.0535,233.351,0.52,6
108,4,1,5,15.322,8833.77
107,4,1,5,15.3144,8785.46
1967,4,1,5,15.3114,8756.76
105,4,1,5,15.2857,8606.9
124,4,1,5,15.2716,8528.73
1970,4,1,5,15.2559,8435.86
122,4,1,5,15.2418,8365.48
117,4,1,5,15.2234,8273.93
118,4,1,5,15.2139,8228.21
1968,4,1,5,15.183,8065.81
1969,4,1,5,15.1714,7990.12
115,4,1,5,15.1689,7975.61
2113,4,1,5,15.1637,7947.89
2133,4,1,5,15.0408,7257.7
2135,4,1,5,15.0169,7079.22
842,4,1,6,15.5865,10227.3,0,0,0
830,4,1,6,15.5664,10122.3
2008,4,1,6,15.5419,9986.59
812,4,1,6,15.5243,9890.54
807,4,1,6,15.5242,9889.75
356,4,1,6,15.5086,9807.31
1981,4,1,6,15.4963,9723.8
345,4,1,6,15.478,9628.19
341,4,1,6,15.4674,9572.73
2132,4,1,6,15.4671,9570.69
328,4,1,6,15.4512,9476.34
2115,4,1,6,15.44,9418.24
329,4,1,6,15.4359,9396.42
1979,4,1,6,15.4294,9364.37
1978,4,1,6,15.3902,9143.48
321,4,1,6,15.376,9069.35
261,5,0,0,15.7589,1661.66,0.0815,355.478,0.26,1
262,5,0,0,15.7411,1573.69
269,5,0,0,15.7287,1507.18
270,5,0,0,15.7179,1451.01
277,5,0,0,15.698,1346.78
283,5,0,0,15.6889,1296.43
284,5,0,0,15.6838,1271.28
285,5,0,0,15.6669,1185.29
289,5,0,0,15.6507,1096.75
331,5,0,0,15.6223,954.304
332,5,0,0,15.6132,906.366
339,5,0,0,15.6008,840.906
346,5,0,0,15.585,752.534
347,5,0,0,15.5844,749.516
354,5,0,0,15.5734,685.875
803,5,0,0,15.5734,685.503
804,5,0,0,15.561,621.793
818,5,0,0,15.5348,486.133
819,5,0,0,15.5254,422.153
2009,5,0,0,15.5183,374.646
2010,5,0,0,15.5019,272.968
839,5,0,0,15.491,213.908
838,5,0,0,15.4818,163.086
840,5,0,0,15.4633,64.8138
842,5,0,0,15.45,0
769,5,0,1,16.1206,3506.48,0.101167,441.259,0.18,2
772,5,0,1,16.0696,3259.17
773,5,0,1,16.0585,3198.52
255,5,0,1,15.9322,2504.91
286,5,0,1,15.885,2266.63
281,5,0,1,15.874,2205.14
272,5,0,1,15.8639,2149.19
267,5,0,1,15.85,2069.64
261,5,0,1,15.8404,2017.14
1233,5,0,2,16.4526,5235.52,0.0526667,229.716,0.28,3
1227,5,0,2,16.4193,5052.71
1222,5,0,2,16.4009,4957.51
1221,5,0,2,16.3901,4899.17
1218,5,0,2,16.3726,4799
1213,5,0,2,16.3623,4743.84
1212,5,0,2,16.3515,4608.97
770,5,0,2,16.2625,4163.85
772,5,0,2,16.2544,4118.92
769,5,0,2,16.2218,3947.74
1576,5,0,3,16.716,6610.36,0.0355,154.84,0.24,4
1251,5,0,3,16.6438,6212.7
1250,5,0,3,16.635,6164.78
1249,5,0,3,16.6222,6097.99
1248,5,0,3,16.6147,6059.97
1596,5,0,3,16.6033,5995.89
1567,5,0,3,16.576,5850.65
1253,5,0,3,16.5633,5785.07
1252,5,0,3,16.5474,5699.06
1233,5,0,3,16.5053,5465.24
842,5,0,4,16.9786,7996.62,0,0,0
853,5,0,4,16.9609,7901.66
852,5,0,4,16.9494,7837.38
864,5,0,4,16.9426,7801.28
862,5,0,4,16.9333,7751.85
1773,5,0,4,16.9213,7687.11
1259,5,0,4,16.9065,7608.55
1260,5,0,4,16.8892,7521.34
1258,5,0,4,16.8777,7458.74
1265,5,0,4,16.8673,7400.83
1264,5,0,4,16.8585,7353.36
1274,5,0,4,16.8479,7296.95
1273,5,0,4,16.8371,7239.59
1282,5,0,4,16.8266,7183.62
1251,5,0,4,16.8201,7147.7
1576,5,0,4,16.7515,6765.2
1296,5,1,0,13.421,1110.81,0.0958333,417.996,0,1
1294,5,1,0,13.3969,980.492
1290,5,1,0,13.3713,845.048
1558,5,1,0,13.3606,792.147
1288,5,1,0,13.3348,653.889
2067,5,1,0,13.3112,527.764
1272,5,1,0,13.2912,421.571
1261,5,1,0,13.2816,370.372
869,5,1,0,13.2642,272.857
1856,5,1,0,13.2415,165.867
855,5,1,0,13.2414,165.154
854,5,1,0,13.239,151.318
841,5,1,0,13.2169,36.854
842,5,1,0,13.21,0
1590,5,1,1,13.7023,2521.99,0.0913333,398.368,0.04,2
1589,5,1,1,13.6749,2383.63
1560,5,1,1,13.6411,2202.38
1591,5,1,1,13.6235,2102.5
1559,5,1,1,13.6058,2007.51
1319,5,1,1,13.5989,1971.27
1318,5,1,1,13.5904,1924.94
1292,5,1,1,13.5896,1921.22
1291,5,1,1,13.5777,1860.89
1290,5,1,1,13.5596,1768.79
1294,5,1,1,13.5348,1636.7
1296,5,1,1,13.5168,1528.81
1336,5,1,2,13.9715,3854.13,0.0515,224.627,0.24,3
2074,5,1,2,13.9566,3783.52
2075,5,1,2,13.922,3610.51
1370,5,1,2,13.8947,3472.92
1359,5,1,2,13.8938,3468.47
2071,5,1,2,13.8773,3376.35
1317,5,1,2,13.8662,3311.54
2072,5,1,2,13.8481,3212.81
1588,5,1,2,13.815,3036.61
1590,5,1,2,13.7937,2920.36
637,5,1,3,14.2881,5408.51,0.0685,298.776,0.14,4
685,5,1,3,14.277,5354.73
687,5,1,3,14.2719,5329.04
971,5,1,3,14.2587,5265.91
972,5,1,3,14.2515,5230.33
973,5,1,3,14.2418,5181.55
1008,5,1,3,14.2312,5129.82
1009,5,1,3,14.219,5068.24
1038,5,1,3,14.2108,5027.64
1039,5,1,3,14.2103,5024.96
1037,5,1,3,14.2004,4976.4
1034,5,1,3,14.1922,4932.56
2033,5,1,3,14.1859,4900.27
1803,5,1,3,14.18,4870.12
1785,5,1,3,14.1643,4788.62
1067,5,1,3,14.1579,4756.88
1086,5,1,3,14.1471,4702.55
2036,5,1,3,14.1328,4630.78
1112,5,1,3,14.1291,4611.94
2041,5,1,3,14.1154,4543.68
2042,5,1,3,14.102,4475.59
1564,5,1,3,14.0906,4419.96
2107,5,1,3,14.0805,4370.05
1145,5,1,3,14.0738,4337.38
2053,5,1,3,14.0607,4270.39
2073,5,1,3,14.0532,4232.25
1336,5,1,3,14.023,4078.76
2135,5,1,4,14.5712,6871.06,0.0471667,205.727,0.03,5
2133,5,1,4,14.5442,6690.95
366,5,1,4,14.5398,6663.7
371,5,1,4,14.5295,6604.72
377,5,1,4,14.5089,6493.67
386,5,1,4,14.4943,6417.79
489,5,1,4,14.4854,6370.85
490,5,1,4,14.4691,6282.57
492,5,1,4,14.4636,6252.64
491,5,1,4,14.4606,6236.56
1991,5,1,4,14.456,6213.38
513,5,1,4,14.4498,6183.04
1753,5,1,4,14.4249,6068.55
1751,5,1,4,14.419,6037.92
530,5,1,4,14.4146,6014.99
1992,5,1,4,14.4111,5997.61
560,5,1,4,14.401,5945.15
555,5,1,4,14.3967,5923.89
559,5,1,4,14.3907,5888.09
554,5,1,4,14.3876,5868.34
565,5,1,4,14.3794,5822.71
562,5,1,4,14.3727,5787.72
639,5,1,4,14.3692,5770.28
638,5,1,4,14.3625,5736.25
637,5,1,4,14.3566,5707.29
321,5,1,5,14.9324,8870.28,0.0678333,295.869,0.55,6
108,5,1,5,14.9319,8868.05
107,5,1,5,14.9246,8820.1
1967,5,1,5,14.9216,8791.39
105,5,1,5,14.8966,8642.56
124,5,1,5,14.885,8571.88
1970,5,1,5,14.8691,8478.76
122,5,1,5,14.8577,8419.34
117,5,1,5,14.8393,8327.83
118,5,1,5,14.8312,8287.81
1968,5,1,5,14.7997,8123.09
1969,5,1,5,14.7878,8047.04
115,5,1,5,14.7852,8032.45
2113,5,1,5,14.7805,8006.87
2133,5,1,5,14.6436,7255.66
2135,5,1,5,14.6184,7076.79
842,5,1,6,15.2107,10324.1,0,0,0
830,5,1,6,15.1906,10219.1
2008,5,1,6,15.1662,10083.4
812,5,1,6,15.1486,9987.33
807,5,1,6,15.1484,9986.54
356,5,1,6,15.1328,9904.1
1981,5,1,6,15.1206,9820.59
345,5,1,6,15.1023,9724.99
341,5,1,6,15.0916,9669.53
2132,5,1,6,15.0914,9667.48
328,5,1,6,15.0754,9573.13
2115,5,1,6,15.0642,9515.03
329,5,1,6,15.0601,9493.21
1979,5,1,6,15.0536,9461.16
1978,5,1,6,15.0145,9240.27
321,5,1,6,15.0002,9166.15
261,6,0,0,15.7589,1661.66,0.0815,355.478,0.26,1
262,6,0,0,15.7411,1573.69
269,6,0,0,15.7287,1507.18
270,6,0,0,15.7179,1451.01
277,6,0,0,15.698,1346.78
283,6,0,0,15.6889,1296.43
284,6,0,0,15.6838,1271.28
285,6,0,0,15.6669,1185.29
289,6,0,0,15.6507,1096.75
331,6,0,0,15.6223,954.304
332,6,0,0,15.6132,906.366
339,6,0,0,15.6008,840.906
346,6,0,0,15.585,752.534
347,6,0,0,15.5844,749.516
354,6,0,0,15.5734,685.875
803,6,0,0,15.5734,685.503
804,6,0,0,15.561,621.793
818,6,0,0,15.5348,486.133
819,6,0,0,15.5254,422.153
2009,6,0,0,15.5183,374.646
2010,6,0,0,15.5019,272.968
839,6,0,0,15.491,213.908
838,6,0,0,15.4818,163.086
840,6,0,0,15.4633,64.8138
842,6,0,0,15.45,0
769,6,0,1,16.1206,3506.48,0.101167,441.259,0.18,2
772,6,0,1,16.0696,3259.17
773,6,0,1,16.0585,3198.52
255,6,0,1,15.9322,2504.91
286,6,0,1,15.885,2266.63
281,6,0,1,15.874,2205.14
272,6,0,1,15.8639,2149.19
267,6,0,1,15.85,2069.64
261,6,0,1,15.8404,2017.14
1233,6,0,2,16.4526,5235.52,0.0526667,229.716,0.28,3
1227,6,0,2,16.4193,5052.71
1222,6,0,2,16.4009,4957.51
1221,6,0,2,16.3901,4899.17
1218,6,0,2,16.3726,4799
1213,6,0,2,16.3623,4743.84
1212,6,0,2,16.3515,4608.97
770,6,0,2,16.2625,4163.85
772,6,0,2,16.2544,4118.92
769,6,0,2,16.2218,3947.74
1576,6,0,3,16.716,6610.36,0.0355,154.84,0.24,4
1251,6,0,3,16.6438,6212.7
1250,6,0,3,16.635,6164.78
1249,6,0,3,16.6222,6097.99
1248,6,0,3,16.6147,6059.97
1596,6,0,3,16.6033,5995.89
1567,6,0,3,16.576,5850.65
1253,6,0,3,16.5633,5785.07
1252,6,0,3,16.5474,5699.06
1233,6,0,3,16.5053,5465.24
842,6,0,4,16.9786,7996.62,0,0,0
853,6,0,4,16.9609,7901.66
852,6,0,4,16.9494,7837.38
864,6,0,4,16.9426,7801.28
862,6,0,4,16.9333,7751.85
1773,6,0,4,16.9213,7687.11
1259,6,0,4,16.9065,7608.55
1260,6,0,4,16.8892,7521.34
1258,6,0,4,16.8777,7458.74
1265,6,0,4,16.8673,7400.83
1264,6,0,4,16.8585,7353.36
1274,6,0,4,16.8479,7296.95
1273,6,0,4,16.8371,7239.59
1282,6,0,4,16.8266,7183.62
1251,6,0,4,16.8201,7147.7
1576,6,0,4,16.7515,6765.2
1296,6,1,0,14.9297,1188.03,0.1155,503.776,0.01,1
1294,6,1,0,14.9048,1054.7
1290,6,1,0,14.8798,921.353
1558,6,1,0,14.8648,850.822
1288,6,1,0,14.8339,691.018
2067,6,1,0,14.8078,553.801
1272,6,1,0,14.7825,425.467
1261,6,1,0,14.7745,381.114
869,6,1,0,14.7542,271.175
1856,6,1,0,14.7309,161.497
855,6,1,0,14.7307,160.784
854,6,1,0,14.7283,146.853
853,6,1,0,14.7226,115.571
842,6,1,0,14.7,0
1590,6,1,1,15.2333,2692.61,0.0708333,308.954,0.03,2
1589,6,1,1,15.2104,2573.11
1560,6,1,1,15.179,2402.21
1591,6,1,1,15.159,2292.07
1559,6,1,1,15.143,2204.54
1319,6,1,1,15.1361,2168.33
1318,6,1,1,15.127,2119.11
1292,6,1,1,15.1262,2115.39
1291,6,1,1,15.1146,2056.29
1290,6,1,1,15.1003,1980.48
1294,6,1,1,15.075,1846.58
1296,6,1,1,15.0452,1691.8
1336,6,1,2,15.4768,3912.88,0.0595,259.521,0.34,3
2074,6,1,2,15.4627,3845.34
2075,6,1,2,15.4329,3692.39
1370,6,1,2,15.4054,3553.84
1359,6,1,2,15.4044,3549.38
2071,6,1,2,15.3872,3453.98
1317,6,1,2,15.3752,3386.38
2072,6,1,2,15.3571,3287.6
1588,6,1,2,15.327,3124.44
1590,6,1,2,15.3041,3001.57
637,6,1,3,15.7941,5483.21,0.0886667,386.737,0.11,4
685,6,1,3,15.783,5429.68
687,6,1,3,15.778,5404.53
971,6,1,3,15.7677,5353.35
972,6,1,3,15.7613,5320.7
973,6,1,3,15.7512,5270.48
1008,6,1,3,15.7421,5224.9
1009,6,1,3,15.7301,5164.26
1041,6,1,3,15.73,5163.57
1059,6,1,3,15.7221,5122.83
1058,6,1,3,15.7144,5086.49
1056,6,1,3,15.708,5052.32
1072,6,1,3,15.691,4963.7
1071,6,1,3,15.6824,4920.14
1090,6,1,3,15.6746,4877.24
1089,6,1,3,15.6683,4842.98
1119,6,1,3,15.6597,4797.34
1118,6,1,3,15.6535,4763.31
1116,6,1,3,15.6526,4759.32
1127,6,1,3,15.6377,4681.99
1126,6,1,3,15.6298,4643.08
2042,6,1,3,15.6148,4566.89
1564,6,1,3,15.6055,4519.8
2107,6,1,3,15.596,4472.59
1145,6,1,3,15.5899,4442.43
2053,6,1,3,15.5728,4358.42
2073,6,1,3,15.5636,4313.49
1336,6,1,3,15.5363,4172.41
2135,6,1,4,16.0816,6985.13,0.0968333,422.358,0.05,5
2133,6,1,4,16.0577,6806.65
366,6,1,4,16.0537,6779.86
371,6,1,4,16.0427,6718.52
377,6,1,4,16.0233,6612.54
386,6,1,4,16.0082,6534.17
489,6,1,4,15.9963,6474.95
490,6,1,4,15.9802,6387.36
492,6,1,4,15.9742,6355.28
491,6,1,4,15.971,6338.41
1991,6,1,4,15.9664,6315.23
513,6,1,4,15.961,6288.21
1753,6,1,4,15.9498,6229.47
1751,6,1,4,15.9437,6198.52
530,6,1,4,15.9388,6173.38
1992,6,1,4,15.9353,6155.99
560,6,1,4,15.925,6102.48
555,6,1,4,15.921,6082.47
559,6,1,4,15.9157,6047.62
554,6,1,4,15.9128,6027.98
565,6,1,4,15.9057,5985.77
562,6,1,4,15.8996,5953.73
639,6,1,4,15.8961,5936.29
638,6,1,4,15.8889,5900.11
637,6,1,4,15.8827,5869.94
321,6,1,5,16.491,9187.61,0.052,226.808,0.44,6
108,6,1,5,16.4905,9185.37
107,6,1,5,16.4828,9136.96
1967,6,1,5,16.4798,9108.25
105,6,1,5,16.4539,8958.1
124,6,1,5,16.4394,8878
1970,6,1,5,16.4231,8784.07
122,6,1,5,16.4104,8719.65
117,6,1,5,16.3936,8634.84
118,6,1,5,16.3854,8594.1
1968,6,1,5,16.3565,8440.57
1969,6,1,5,16.3452,8365.17
115,6,1,5,16.3425,8350.15
2113,6,1,5,16.3364,8318.31
2133,6,1,5,16.204,7586.5
2135,6,1,5,16.1784,7407.49
842,6,1,6,16.7667,10629.6,0,0,0
830,6,1,6,16.7466,10524.9
2008,6,1,6,16.7165,10364.5
812,6,1,6,16.699,10269
807,6,1,6,16.6989,10268.2
356,6,1,6,16.6819,10180
1981,6,1,6,16.6696,10096.5
345,6,1,6,16.6481,9987.18
341,6,1,6,16.6397,9941.25
2132,6,1,6,16.6395,9939.2
328,6,1,6,16.6237,9845.19
2115,6,1,6,16.6132,9789.8
329,6,1,6,16.6089,9767.35
1979,6,1,6,16.6021,9734.29
1978,6,1,6,16.5588,9495.39
321,6,1,6,16.543,9414.42
261,7,0,0,15.7589,1661.66,0.0815,355.478,0.26,1
262,7,0,0,15.7411,1573.69
269,7,0,0,15.7287,1507.18
270,7,0,0,15.7179,1451.01
277,7,0,0,15.698,1346.78
283,7,0,0,15.6889,1296.43
284,7,0,0,15.6838,1271.28
285,7,0,0,15.6669,1185.29
289,7,0,0,15.6507,1096.75
331,7,0,0,15.6223,954.304
332,7,0,0,15.6132,906.366
339,7,0,0,15.6008,840.906
346,7,0,0,15.585,752.534
347,7,0,0,15.5844,749.516
354,7,0,0,15.5734,685.875
803,7,0,0,15.5734,685.503
804,7,0,0,15.561,621.793
818,7,0,0,15.5348,486.133
819,7,0,0,15.5254,422.153
2009,7,0,0,15.5183,374.646
2010,7,0,0,15.5019,272.968
839,7,0,0,15.491,213.908
838,7,0,0,15.4818,163.086
840,7,0,0,15.4633,64.8138
842,7,0,0,15.45,0
769,7,0,1,16.1206,3506.48,0.101167,441.259,0.18,2
772,7,0,1,16.0696,3259.17
773,7,0,1,16.0585,3198.52
255,7,0,1,15.9322,2504.91
286,7,0,1,15.885,2266.63
281,7,0,1,15.874,2205.14
272,7,0,1,15.8639,2149.19
267,7,0,1,15.85,2069.64
261,7,0,1,15.8404,2017.14
1233,7,0,2,16.4526,5235.52,0.0526667,229.716,0.28,3
1227,7,0,2,16.4193,5052.71
1222,7,0,2,16.4009,4957.51
1221,7,0,2,16.3901,4899.17
1218,7,0,2,16.3726,4799
1213,7,0,2,16.3623,4743.84
1212,7,0,2,16.3515,4608.97
770,7,0,2,16.2625,4163.85
772,7,0,2,16.2544,4118.92
769,7,0,2,16.2218,3947.74
1576,7,0,3,16.716,6610.36,0.0355,154.84,0.24,4
1251,7,0,3,16.6438,6212.7
1250,7,0,3,16.635,6164.78
1249,7,0,3,16.6222,6097.99
1248,7,0,3,16.6147,6059.97
1596,7,0,3,16.6033,5995.89
1567,7,0,3,16.576,5850.65
1253,7,0,3,16.5633,5785.07
1252,7,0,3,16.5474,5699.06
1233,7,0,3,16.5053,5465.24
842,7,0,4,16.9786,7996.62,0,0,0
853,7,0,4,16.9609,7901.66
852,7,0,4,16.9494,7837.38
864,7,0,4,16.9426,7801.28
862,7,0,4,16.9333,7751.85
1773,7,0,4,16.9213,7687.11
1259,7,0,4,16.9065,7608.55
1260,7,0,4,16.8892,7521.34
1258,7,0,4,16.8777,7458.74
1265,7,0,4,16.8673,7400.83
1264,7,0,4,16.8585,7353.36
1274,7,0,4,16.8479,7296.95
1273,7,0,4,16.8371,7239.59
1282,7,0,4,16.8266,7183.62
1251,7,0,4,16.8201,7147.7
1576,7,0,4,16.7515,6765.2
1296,7,1,0,14.7197,1188.03,0.1155,503.776,0.01,1
1294,7,1,0,14.6948,1054.7
1290,7,1,0,14.6698,921.353
1558,7,1,0,14.6548,850.822
1288,7,1,0,14.6239,691.018
2067,7,1,0,14.5978,553.801
1272,7,1,0,14.5725,425.467
1261,7,1,0,14.5645,381.114
869,7,1,0,14.5442,271.175
1856,7,1,0,14.5209,161.497
855,7,1,0,14.5207,160.784
854,7,1,0,14.5183,146.853
853,7,1,0,14.5126,115.571
842,7,1,0,14.49,0
1590,7,1,1,15.0345,2741.45,0.0708333,308.954,0.03,2
1589,7,1,1,15.0073,2604.19
1560,7,1,1,14.9724,2417.89
1591,7,1,1,14.9442,2272.72
1559,7,1,1,14.9191,2146.42
1319,7,1,1,14.9126,2112.29
1318,7,1,1,14.9029,2060.7
1292,7,1,1,14.9022,2056.97
1291,7,1,1,14.8937,2011.33
1290,7,1,1,14.8783,1930.76
1294,7,1,1,14.8541,1801.28
1296,7,1,1,14.8352,1691.8
1336,7,1,2,15.2781,3961.72,0.0595,259.521,0.34,3
2074,7,1,2,15.2639,3894.18
2075,7,1,2,15.2341,3741.23
1370,7,1,2,15.2066,3602.68
1359,7,1,2,15.2057,3598.22
2071,7,1,2,15.1884,3502.82
1317,7,1,2,15.1764,3435.22
2072,7,1,2,15.1583,3336.44
1588,7,1,2,15.1282,3173.28
1590,7,1,2,15.1054,3050.41
637,7,1,3,15.5953,5532.04,0.0886667,386.737,0.11,4
685,7,1,3,15.5842,5478.52
687,7,1,3,15.5793,5453.37
971,7,1,3,15.5689,5402.19
972,7,1,3,15.5625,5369.54
973,7,1,3,15.5524,5319.32
1008,7,1,3,15.5433,5273.74
1009,7,1,3,15.5314,5213.1
1041,7,1,3,15.5312,5212.41
1059,7,1,3,15.5233,5171.67
1058,7,1,3,15.5156,5135.33
1056,7,1,3,15.5092,5101.16
1072,7,1,3,15.4922,5012.54
1071,7,1,3,15.4836,4968.98
1090,7,1,3,15.4758,4926.08
1089,7,1,3,15.4695,4891.81
1119,7,1,3,15.461,4846.18
1118,7,1,3,15.4547,4812.15
1116,7,1,3,15.4538,4808.16
1127,7,1,3,15.4389,4730.83
1126,7,1,3,15.431,4691.92
2042,7,1,3,15.416,4615.73
1564,7,1,3,15.4067,4568.64
2107,7,1,3,15.3973,4521.43
1145,7,1,3,15.3911,4491.27
2053,7,1,3,15.374,4407.26
2073,7,1,3,15.3648,4362.33
1336,7,1,3,15.3376,4221.24
2135,7,1,4,15.8828,7033.97,0.0925,403.457,0.04,5
2133,7,1,4,15.8589,6855.49
366,7,1,4,15.8549,6828.7
371,7,1,4,15.8439,6767.36
377,7,1,4,15.8245,6661.38
386,7,1,4,15.8094,6583.01
489,7,1,4,15.7975,6523.79
490,7,1,4,15.7814,6436.2
492,7,1,4,15.7754,6404.12
491,7,1,4,15.7723,6387.25
1991,7,1,4,15.7676,6364.07
513,7,1,4,15.7622,6337.05
1753,7,1,4,15.751,6278.31
1751,7,1,4,15.7449,6247.36
530,7,1,4,15.74,6222.22
1992,7,1,4,15.7365,6204.83
560,7,1,4,15.7262,6151.32
555,7,1,4,15.7222,6131.31
559,7,1,4,15.7169,6096.46
554,7,1,4,15.714,6076.82
565,7,1,4,15.7069,6034.61
562,7,1,4,15.7008,6002.57
639,7,1,4,15.6973,5985.12
638,7,1,4,15.6901,5948.95
637,7,1,4,15.6839,5918.78
321,7,1,5,16.2809,9194.21,0.052,226.808,0.44,6
108,7,1,5,16.2804,9191.98
107,7,1,5,16.2728,9143.67
1967,7,1,5,16.2698,9114.97
105,7,1,5,16.2441,8965.11
124,7,1,5,16.23,8886.94
1970,7,1,5,16.2143,8794.07
122,7,1,5,16.2002,8723.69
117,7,1,5,16.1818,8632.14
118,7,1,5,16.1723,8586.42
1968,7,1,5,16.1414,8424.02
1969,7,1,5,16.1298,8348.33
115,7,1,5,16.1273,8333.82
2113,7,1,5,16.1221,8306.1
2133,7,1,5,15.9992,7615.91
2135,7,1,5,15.9753,7437.43
842,7,1,6,16.5566,10636.2,0,0,0
830,7,1,6,16.5365,10531.5
2008,7,1,6,16.5063,10371.1
812,7,1,6,16.4889,10275.6
807,7,1,6,16.4888,10274.8
356,7,1,6,16.4718,10186.6
1981,7,1,6,16.4595,10103.1
345,7,1,6,16.438,9993.79
341,7,1,6,16.4296,9947.86
2132,7,1,6,16.4293,9945.8
328,7,1,6,16.4136,9851.79
2115,7,1,6,16.4031,9796.41
329,7,1,6,16.3988,9773.96
1979,7,1,6,16.392,9740.9
1978,7,1,6,16.3487,9502
321,7,1,6,16.3329,9421.02
1576,8,0,0,15.4717,1267.6,0.094,410,0.23,1
1251,8,0,0,15.3963,855.984
1246,8,0,0,15.3869,802.709
1273,8,0,0,15.3774,752.764
1263,8,0,0,15.3637,679.841
1264,8,0,0,15.3553,633.87
1265,8,0,0,15.3478,591.857
1258,8,0,0,15.3352,524.761
1260,8,0,0,15.3279,472.665
863,8,0,0,15.2984,312.687
862,8,0,0,15.289,260.727
864,8,0,0,15.2786,206.338
852,8,0,0,15.2735,177.503
853,8,0,0,15.2594,101.937
842,8,0,0,15.24,0
1233,8,0,1,15.7857,2866.22,0.0345,150.479,0.35,2
1252,8,0,1,15.7459,2642.63
1253,8,0,1,15.7228,2526.08
1567,8,0,1,15.7089,2455.68
1596,8,0,1,15.6784,2296.5
1248,8,0,1,15.6667,2231.32
1249,8,0,1,15.6589,2192
1250,8,0,1,15.6438,2115.4
1251,8,0,1,15.638,2076.01
1576,8,0,1,15.5657,1677.6
769,8,0,2,16.0462,4257.36,0.101167,441.259,0.18,3
772,8,0,2,15.9952,4010.05
770,8,0,2,15.987,3964.72
1212,8,0,2,15.9115,3575.87
1213,8,0,2,15.8898,3448.8
1218,8,0,2,15.8836,3406.17
1221,8,0,2,15.8676,3308.32
1226,8,0,2,15.8603,3241.46
1572,8,0,2,15.8589,3231.47
1230,8,0,2,15.8471,3168.29
1234,8,0,2,15.8262,3054.65
1233,8,0,2,15.8202,3016.7
261,8,0,3,16.4196,6153.4,0.067,292.234,0.26,4
260,8,0,3,16.4001,6052.64
259,8,0,3,16.3942,6021.29
256,8,0,3,16.3805,5954.33
258,8,0,3,16.3777,5934.87
257,8,0,3,16.3707,5898.67
265,8,0,3,16.3644,5864.38
251,8,0,3,16.3488,5779.61
252,8,0,3,16.3334,5702.86
255,8,0,3,16.3196,5633.39
773,8,0,3,16.1915,4931.77
772,8,0,3,16.18,4869.8
769,8,0,3,16.1473,4698.62
321,8,0,4,16.6903,7642.2,0.052,226.808,0.44,5
108,8,0,4,16.6898,7639.97
107,8,0,4,16.6821,7591.52
1978,8,0,4,16.6732,7536.86
1979,8,0,4,16.6397,7325.7
329,8,0,4,16.6375,7308.28
2116,8,0,4,16.6319,7279.72
327,8,0,4,16.6174,7200.98
324,8,0,4,16.6143,7183.83
83,8,0,4,16.6141,7181.83
82,8,0,4,16.5932,7032.04
76,8,0,4,16.5772,6940.14
75,8,0,4,16.5491,6762.37
81,8,0,4,16.5358,6687.44
92,8,0,4,16.5159,6589.12
93,8,0,4,16.5073,6542.94
261,8,0,4,16.4866,6445.64
842,8,0,5,16.966,9084.21,0,0,0
830,8,0,5,16.9459,8979.54
2008,8,0,5,16.9157,8819.09
812,8,0,5,16.8983,8723.61
807,8,0,5,16.8981,8722.82
356,8,0,5,16.8812,8634.63
1981,8,0,5,16.8689,8551.12
345,8,0,5,16.8474,8441.78
341,8,0,5,16.8389,8395.84
2132,8,0,5,16.8387,8393.79
328,8,0,5,16.823,8299.78
2115,8,0,5,16.8124,8244.4
329,8,0,5,16.8081,8221.94
1979,8,0,5,16.8014,8188.89
1978,8,0,5,16.7581,7949.98
321,8,0,5,16.7423,7869.01
1296,8,1,0,13.421,1110.81,0.0958333,417.996,0,1
1294,8,1,0,13.3969,980.492
1290,8,1,0,13.3713,845.048
1558,8,1,0,13.3606,792.147
1288,8,1,0,13.3348,653.889
2067,8,1,0,13.3112,527.764
1272,8,1,0,13.2912,421.571
1261,8,1,0,13.2816,370.372
869,8,1,0,13.2642,272.857
1856,8,1,0,13.2415,165.867
855,8,1,0,13.2414,165.154
854,8,1,0,13.239,151.318
841,8,1,0,13.2169,36.854
842,8,1,0,13.21,0
1590,8,1,1,13.7023,2521.99,0.0913333,398.368,0.04,2
1589,8,1,1,13.6749,2383.63
1560,8,1,1,13.6411,2202.38
1591,8,1,1,13.6235,2102.5
1559,8,1,1,13.6058,2007.51
1319,8,1,1,13.5989,1971.27
1318,8,1,1,13.5904,1924.94
1292,8,1,1,13.5896,1921.22
1291,8,1,1,13.5777,1860.89
1290,8,1,1,13.5596,1768.79
1294,8,1,1,13.5348,1636.7
1296,8,1,1,13.5168,1528.81
1336,8,1,2,13.9715,3854.13,0.0515,224.627,0.24,3
2074,8,1,2,13.9566,3783.52
2075,8,1,2,13.922,3610.51
1370,8,1,2,13.8947,3472.92
1359,8,1,2,13.8938,3468.47
2071,8,1,2,13.8773,3376.35
1317,8,1,2,13.8662,3311.54
2072,8,1,2,13.8481,3212.81
1588,8,1,2,13.815,3036.61
1590,8,1,2,13.7937,2920.36
637,8,1,3,14.2881,5408.51,0.0685,298.776,0.14,4
685,8,1,3,14.277,5354.73
687,8,1,3,14.2719,5329.04
971,8,1,3,14.2587,5265.91
972,8,1,3,14.2515,5230.33
973,8,1,3,14.2418,5181.55
1008,8,1,3,14.2312,5129.82
1009,8,1,3,14.219,5068.24
1038,8,1,3,14.2108,5027.64
1039,8,1,3,14.2103,5024.96
1037,8,1,3,14.2004,4976.4
1034,8,1,3,14.1922,4932.56
2033,8,1,3,14.1859,4900.27
1803,8,1,3,14.18,4870.12
1785,8,1,3,14.1643,4788.62
1067,8,1,3,14.1579,4756.88
1086,8,1,3,14.1471,4702.55
2036,8,1,3,14.1328,4630.78
1112,8,1,3,14.1291,4611.94
2041,8,1,3,14.1154,4543.68
2042,8,1,3,14.102,4475.59
1564,8,1,3,14.0906,4419.96
2107,8,1,3,14.0805,4370.05
1145,8,1,3,14.0738,4337.38
2053,8,1,3,14.0607,4270.39
2073,8,1,3,14.0532,4232.25
1336,8,1,3,14.023,4078.76
2135,8,1,4,14.5712,6871.06,0.0471667,205.727,0.03,5
2133,8,1,4,14.5442,6690.95
366,8,1,4,14.5398,6663.7
371,8,1,4,14.5295,6604.72
377,8,1,4,14.5089,6493.67
386,8,1,4,14.4943,6417.79
489,8,1,4,14.4854,6370.85
490,8,1,4,14.4691,6282.57
492,8,1,4,14.4636,6252.64
491,8,1,4,14.4606,6236.56
1991,8,1,4,14.456,6213.38
513,8,1,4,14.4498,6183.04
1753,8,1,4,14.4249,6068.55
1751,8,1,4,14.419,6037.92
530,8,1,4,14.4146,6014.99
1992,8,1,4,14.4111,5997.61
560,8,1,4,14.401,5945.15
555,8,1,4,14.3967,5923.89
559,8,1,4,14.3907,5888.09
554,8,1,4,14.3876,5868.34
565,8,1,4,14.3794,5822.71
562,8,1,4,14.3727,5787.72
639,8,1,4,14.3692,5770.28
638,8,1,4,14.3625,5736.25
637,8,1,4,14.3566,5707.29
842,8,1,5,15.1462,10030.1,0,0,0
830,8,1,5,15.1208,9903.19
2008,8,1,5,15.0828,9709.65
812,8,1,5,15.0664,9618.91
807,8,1,5,15.0663,9618.12
356,8,1,5,15.0522,9542.09
1981,8,1,5,15.0399,9458.58
345,8,1,5,15.0246,9375.68
341,8,1,5,15.013,9316.24
2132,8,1,5,15.0128,9314.2
328,8,1,5,14.9971,9220.26
2115,8,1,5,14.9854,9160
329,8,1,5,14.9814,9138.96
1979,8,1,5,14.9734,9100.56
1978,8,1,5,14.9329,8873.98
107,8,1,5,14.9246,8820.1
1967,8,1,5,14.9216,8791.39
105,8,1,5,14.8966,8642.56
124,8,1,5,14.885,8571.88
1970,8,1,5,14.8691,8478.76
122,8,1,5,14.8577,8419.34
117,8,1,5,14.8393,8327.83
118,8,1,5,14.8312,8287.81
1968,8,1,5,14.7997,8123.09
1969,8,1,5,14.7878,8047.04
115,8,1,5,14.7852,8032.45
2113,8,1,5,14.7805,8006.87
2133,8,1,5,14.6436,7255.66
2135,8,1,5,14.6184,7076.79
261,9,0,0,15.6889,1661.66,0.0815,355.478,0.26,1
262,9,0,0,15.6711,1573.69
269,9,0,0,15.6587,1507.18
270,9,0,0,15.6479,1451.01
277,9,0,0,15.628,1346.78
283,9,0,0,15.6189,1296.43
284,9,0,0,15.6138,1271.28
285,9,0,0,15.5969,1185.29
289,9,0,0,15.5807,1096.75
331,9,0,0,15.5523,954.304
332,9,0,0,15.5433,906.366
339,9,0,0,15.5308,840.906
346,9,0,0,15.515,752.534
347,9,0,0,15.5144,749.516
354,9,0,0,15.5034,685.875
803,9,0,0,15.5034,685.503
804,9,0,0,15.491,621.793
818,9,0,0,15.4648,486.133
819,9,0,0,15.4554,422.153
2009,9,0,0,15.4483,374.646
2010,9,0,0,15.4319,272.968
839,9,0,0,15.421,213.908
838,9,0,0,15.4118,163.086
840,9,0,0,15.3933,64.8138
842,9,0,0,15.38,0
769,9,0,1,16.0506,3506.48,0.101167,441.259,0.18,2
772,9,0,1,15.9997,3259.17
773,9,0,1,15.9885,3198.52
255,9,0,1,15.8622,2504.91
286,9,0,1,15.815,2266.63
281,9,0,1,15.804,2205.14
272,9,0,1,15.7939,2149.19
267,9,0,1,15.78,2069.64
261,9,0,1,15.7704,2017.14
1233,9,0,2,16.3826,5235.52,0.0526667,229.716,0.28,3
1227,9,0,2,16.3493,5052.71
1222,9,0,2,16.3309,4957.51
1221,9,0,2,16.3201,4899.17
1218,9,0,2,16.3026,4799
1213,9,0,2,16.2923,4743.84
1212,9,0,2,16.2815,4608.97
770,9,0,2,16.1925,4163.85
772,9,0,2,16.1844,4118.92
769,9,0,2,16.1518,3947.74
1576,9,0,3,16.646,6610.36,0.0355,154.84,0.24,4
1251,9,0,3,16.5738,6212.7
1250,9,0,3,16.565,6164.78
1249,9,0,3,16.5522,6097.99
1248,9,0,3,16.5447,6059.97
1596,9,0,3,16.5333,5995.89
1567,9,0,3,16.506,5850.65
1253,9,0,3,16.4933,5785.07
1252,9,0,3,16.4774,5699.06
1233,9,0,3,16.4353,5465.24
842,9,0,4,16.9086,7996.62,0,0,0
853,9,0,4,16.8909,7901.66
852,9,0,4,16.8794,7837.38
864,9,0,4,16.8726,7801.28
862,9,0,4,16.8633,7751.85
1773,9,0,4,16.8513,7687.11
1259,9,0,4,16.8365,7608.55
1260,9,0,4,16.8192,7521.34
1258,9,0,4,16.8077,7458.74
1265,9,0,4,16.7973,7400.83
1264,9,0,4,16.7885,7353.36
1274,9,0,4,16.7779,7296.95
1273,9,0,4,16.7671,7239.59
1282,9,0,4,16.7566,7183.62
1251,9,0,4,16.7501,7147.7
1576,9,0,4,16.6815,6765.2
1296,9,1,0,14.6197,1188.03,0.1155,503.776,0.01,1
1294,9,1,0,14.5948,1054.7
1290,9,1,0,14.5698,921.353
1558,9,1,0,14.5548,850.822
1288,9,1,0,14.5239,691.018
2067,9,1,0,14.4978,553.801
1272,9,1,0,14.4725,425.467
1261,9,1,0,14.4645,381.114
869,9,1,0,14.4442,271.175
1856,9,1,0,14.4209,161.497
855,9,1,0,14.4207,160.784
854,9,1,0,14.4183,146.853
853,9,1,0,14.4126,115.571
842,9,1,0,14.39,0
1336,9,1,1,14.9807,3058.48,0.0633333,276.241,0.28,2
1792,9,1,1,14.9724,3017.66
1334,9,1,1,14.9626,2969.77
1335,9,1,1,14.952,2919.54
1341,9,1,1,14.9434,2872.58
1315,9,1,1,14.926,2776.8
2165,9,1,1,14.9071,2680.24
2117,9,1,1,14.9025,2654.61
2164,9,1,1,14.8842,2540.17
1306,9,1,1,14.8614,2381.34
1312,9,1,1,14.8613,2380.98
1311,9,1,1,14.8503,2320.5
1319,9,1,1,14.8126,2112.29
1318,9,1,1,14.8029,2060.7
1292,9,1,1,14.8022,2056.97
1291,9,1,1,14.7937,2011.33
1290,9,1,1,14.7783,1930.76
1294,9,1,1,14.7541,1801.28
1296,9,1,1,14.7352,1691.8
1590,9,1,2,15.2177,4260.97,0.0708333,308.954,0.03,3
1588,9,1,2,15.1981,4152.09
2072,9,1,2,15.1654,3977.61
1317,9,1,2,15.1476,3880.24
2071,9,1,2,15.135,3810.04
1359,9,1,2,15.1137,3697.34
1370,9,1,2,15.1128,3692.88
2075,9,1,2,15.0942,3592.03
1822,9,1,2,15.0934,3588.04
1342,9,1,2,15.0732,3480.17
1334,9,1,2,15.0622,3423.44
1792,9,1,2,15.0498,3364.91
1336,9,1,2,15.044,3334.72
637,9,1,3,15.6729,6566.8,0.0886667,386.737,0.11,4
685,9,1,3,15.6616,6512.46
687,9,1,3,15.6563,6485.88
971,9,1,3,15.6459,6434.22
972,9,1,3,15.6397,6402.95
973,9,1,3,15.6298,6353.09
1008,9,1,3,15.6186,6298.99
1009,9,1,3,15.6073,6241.1
1038,9,1,3,15.5997,6202.99
1039,9,1,3,15.5991,6200.31
1040,9,1,3,15.5934,6170.88
1056,9,1,3,15.5862,6134.94
1072,9,1,3,15.5689,6045.25
1071,9,1,3,15.5617,6007.22
1090,9,1,3,15.5539,5964.31
1089,9,1,3,15.5478,5931.23
1119,9,1,3,15.5401,5888.98
1118,9,1,3,15.5341,5856.33
2044,9,1,3,15.5187,5776.18
2169,9,1,3,15.5105,5734.13
2171,9,1,3,15.5058,5710.09
1549,9,1,3,15.4995,5675.94
1147,9,1,3,15.4936,5644.42
1327,9,1,3,15.4646,5493.45
1343,9,1,3,15.464,5490.72
1355,9,1,3,15.4373,5351.79
1364,9,1,3,15.4373,5351.59
1362,9,1,3,15.4278,5301.04
1382,9,1,3,15.3994,5157.98
1389,9,1,3,15.3718,5011.25
1388,9,1,3,15.3635,4965.15
1323,9,1,3,15.3627,4961.36
2072,9,1,3,15.3415,4855.96
1588,9,1,3,15.3114,4692.79
1590,9,1,3,15.2886,4569.92
2135,9,1,4,15.9604,8068.72,0.0925,403.457,0.04,5
2133,9,1,4,15.9365,7890.24
366,9,1,4,15.9325,7863.45
371,9,1,4,15.9215,7802.11
377,9,1,4,15.9021,7696.13
386,9,1,4,15.8869,7617.76
489,9,1,4,15.8751,7558.54
490,9,1,4,15.859,7470.95
492,9,1,4,15.853,7438.87
491,9,1,4,15.8498,7422
1991,9,1,4,15.8452,7398.82
513,9,1,4,15.8398,7371.8
1753,9,1,4,15.8285,7313.06
1751,9,1,4,15.8225,7282.12
530,9,1,4,15.8176,7256.97
1992,9,1,4,15.8141,7239.58
560,9,1,4,15.8038,7186.08
555,9,1,4,15.7998,7166.06
559,9,1,4,15.7945,7131.21
554,9,1,4,15.7916,7111.57
565,9,1,4,15.7844,7069.36
562,9,1,4,15.7784,7037.32
639,9,1,4,15.7749,7019.88
638,9,1,4,15.7677,6983.7
637,9,1,4,15.7615,6953.53
321,9,1,5,16.3655,10252.3,0.052,226.808,0.44,6
108,9,1,5,16.365,10250.1
107,9,1,5,16.3573,10201.6
1967,9,1,5,16.3543,10172.9
105,9,1,5,16.3284,10022.8
124,9,1,5,16.3138,9942.69
1970,9,1,5,16.2975,9848.76
122,9,1,5,16.2848,9784.34
117,9,1,5,16.2681,9699.53
118,9,1,5,16.2598,9658.79
1968,9,1,5,16.231,9505.26
1969,9,1,5,16.2197,9429.86
115,9,1,5,16.217,9414.84
2113,9,1,5,16.2108,9383
2133,9,1,5,16.0784,8651.19
2135,9,1,5,16.0529,8472.18
842,9,1,6,16.6411,11694.3,0,0,0
830,9,1,6,16.6211,11589.6
2008,9,1,6,16.5909,11429.2
812,9,1,6,16.5735,11333.7
807,9,1,6,16.5733,11332.9
356,9,1,6,16.5564,11244.7
1981,9,1,6,16.5441,11161.2
345,9,1,6,16.5226,11051.9
341,9,1,6,16.5141,11005.9
2132,9,1,6,16.5139,11003.9
328,9,1,6,16.4982,10909.9
2115,9,1,6,16.4876,10854.5
329,9,1,6,16.4833,10832
1979,9,1,6,16.4766,10799
1978,9,1,6,16.4333,10560.1
321,9,1,6,16.4175,10479.1
261,10,0,0,15.6389,1661.66,0.0815,355.478,0.26,1
262,10,0,0,15.6211,1573.69
269,10,0,0,15.6087,1507.18
270,10,0,0,15.5979,1451.01
277,10,0,0,15.578,1346.78
283,10,0,0,15.5689,1296.43
284,10,0,0,15.5638,1271.28
285,10,0,0,15.5469,1185.29
289,10,0,0,15.5307,1096.75
331,10,0,0,15.5023,954.304
332,10,0,0,15.4932,906.366
339,10,0,0,15.4808,840.906
346,10,0,0,15.465,752.534
347,10,0,0,15.4644,749.516
354,10,0,0,15.4534,685.875
803,10,0,0,15.4534,685.503
804,10,0,0,15.441,621.793
818,10,0,0,15.4148,486.133
819,10,0,0,15.4054,422.153
2009,10,0,0,15.3983,374.646
2010,10,0,0,15.3819,272.968
839,10,0,0,15.371,213.908
838,10,0,0,15.3618,163.086
840,10,0,0,15.3433,64.8138
842,10,0,0,15.33,0
769,10,0,1,16.0006,3506.48,0.101167,441.259,0.18,2
772,10,0,1,15.9496,3259.17
773,10,0,1,15.9385,3198.52
255,10,0,1,15.8122,2504.91
286,10,0,1,15.765,2266.63
281,10,0,1,15.754,2205.14
272,10,0,1,15.7439,2149.19
267,10,0,1,15.73,2069.64
261,10,0,1,15.7204,2017.14
1233,10,0,2,16.3326,5235.52,0.0526667,229.716,0.28,3
1227,10,0,2,16.2993,5052.71
1222,10,0,2,16.2809,4957.51
1221,10,0,2,16.2701,4899.17
1218,10,0,2,16.2526,4799
1213,10,0,2,16.2423,4743.84
1212,10,0,2,16.2315,4608.97
770,10,0,2,16.1425,4163.85
772,10,0,2,16.1344,4118.92
769,10,0,2,16.1018,3947.74
1576,10,0,3,16.596,6610.36,0.0355,154.84,0.24,4
1251,10,0,3,16.5238,6212.7
1250,10,0,3,16.515,6164.78
1249,10,0,3,16.5022,6097.99
1248,10,0,3,16.4947,6059.97
1596,10,0,3,16.4833,5995.89
1567,10,0,3,16.456,5850.65
1253,10,0,3,16.4433,5785.07
1252,10,0,3,16.4274,5699.06
1233,10,0,3,16.3853,5465.24
842,10,0,4,16.8586,7996.62,0,0,0
853,10,0,4,16.8409,7901.66
852,10,0,4,16.8294,7837.38
864,10,0,4,16.8226,7801.28
862,10,0,4,16.8133,7751.85
1773,10,0,4,16.8013,7687.11
1259,10,0,4,16.7866,7608.55
1260,10,0,4,16.7692,7521.34
1258,10,0,4,16.7577,7458.74
1265,10,0,4,16.7473,7400.83
1264,10,0,4,16.7385,7353.36
1274,10,0,4,16.7279,7296.95
1273,10,0,4,16.7171,7239.59
1282,10,0,4,16.7066,7183.62
1251,10,0,4,16.7001,7147.7
1576,10,0,4,16.6315,6765.2
1336,10,1,0,13.365,1265.12,0.0515,224.627,0.24,1
1792,10,1,0,13.3587,1232.71
1334,10,1,0,13.3507,1192.27
1335,10,1,0,13.34,1142.04
1341,10,1,0,13.3325,1099.34
1315,10,1,0,13.3123,991.581
2165,10,1,0,13.2945,899.682
2117,10,1,0,13.2897,872.891
2164,10,1,0,13.2703,756.918
1306,10,1,0,13.2466,597.478
1599,10,1,0,13.2306,507.414
1300,10,1,0,13.2268,481.712
1298,10,1,0,13.2219,454.453
2176,10,1,0,13.2156,415.575
2066,10,1,0,13.2049,347.941
869,10,1,0,13.1942,272.857
1856,10,1,0,13.1715,165.867
855,10,1,0,13.1714,165.154
854,10,1,0,13.169,151.318
841,10,1,0,13.1469,36.854
842,10,1,0,13.14,0
1590,10,1,1,13.5984,2454.38,0.0913333,398.368,0.04,2
1588,10,1,1,13.5807,2352.56
2072,10,1,1,13.5411,2149.45
1317,10,1,1,13.5234,2051.87
2071,10,1,1,13.5129,1988.07
1359,10,1,1,13.4921,1877.39
1370,10,1,1,13.4912,1872.93
2075,10,1,1,13.4711,1765.85
1822,10,1,1,13.4703,1761.85
1342,10,1,1,13.4494,1651.06
1334,10,1,1,13.4353,1581.01
1792,10,1,1,13.4228,1522.47
1336,10,1,1,13.4165,1489.75
1296,10,1,2,13.8737,3850.14,0.0958333,417.996,0,3
1294,10,1,2,13.8496,3719.82
1290,10,1,2,13.824,3584.38
1291,10,1,2,13.8129,3522.35
1292,10,1,2,13.8049,3478.46
1318,10,1,2,13.8041,3474.73
1319,10,1,2,13.7983,3435.22
1559,10,1,2,13.7946,3410.05
1591,10,1,2,13.7836,3335.2
1560,10,1,2,13.7611,3214.54
1589,10,1,2,13.7261,3028.06
1590,10,1,2,13.6897,2852.75
842,10,1,3,14.1814,5389.53,0,0,0
841,10,1,3,14.1745,5352.68
854,10,1,3,14.1561,5253.72
855,10,1,3,14.1542,5240.62
1856,10,1,3,14.1541,5239.91
869,10,1,3,14.1442,5186.16
1261,10,1,3,14.1191,5055.81
1272,10,1,3,14.1078,4997.13
2067,10,1,3,14.0858,4882.3
1288,10,1,3,14.0576,4736.65
1558,10,1,3,14.0226,4559.78
1290,10,1,3,14.0123,4508.12
1294,10,1,3,13.9875,4376.03
1296,10,1,3,13.9696,4268.14
637,10,2,0,15.3753,1688.01,0.0886667,386.737,0.11,1
685,10,2,0,15.3641,1633.68
681,10,2,0,15.355,1588.72
682,10,2,0,15.3426,1527.74
677,10,2,0,15.3327,1478.38
678,10,2,0,15.326,1445.4
674,10,2,0,15.3048,1341.69
669,10,2,0,15.2885,1258.82
670,10,2,0,15.2824,1228.07
960,10,2,0,15.2752,1190.5
957,10,2,0,15.2685,1156.3
959,10,2,0,15.2528,1078.14
877,10,2,0,15.2444,1033.97
870,10,2,0,15.2296,958.433
876,10,2,0,15.2257,938.686
875,10,2,0,15.2206,912.471
2011,10,2,0,15.213,873.129
2156,10,2,0,15.2083,848.125
2013,10,2,0,15.2076,844.971
886,10,2,0,15.197,791.926
888,10,2,0,15.1789,693.101
903,10,2,0,15.1698,643.254
904,10,2,0,15.1657,622.017
902,10,2,0,15.1541,558.196
914,10,2,0,15.1484,524.413
913,10,2,0,15.1348,452.966
912,10,2,0,15.1313,434.173
911,10,2,0,15.1145,341.806
835,10,2,0,15.0957,237.512
848,10,2,0,15.0947,233.029
843,10,2,0,15.0719,111.987
841,10,2,0,15.0592,46.8524
842,10,2,0,15.05,0
2135,10,2,1,15.6629,3189.94,0.0925,403.457,0.04,2
2133,10,2,1,15.6389,3011.46
366,10,2,1,15.635,2984.67
371,10,2,1,15.624,2923.33
377,10,2,1,15.6046,2817.35
386,10,2,1,15.5894,2738.98
489,10,2,1,15.5776,2679.76
490,10,2,1,15.5615,2592.17
492,10,2,1,15.5554,2560.09
491,10,2,1,15.5523,2543.22
1991,10,2,1,15.5477,2520.04
513,10,2,1,15.5423,2493.02
1753,10,2,1,15.531,2434.28
1751,10,2,1,15.525,2403.33
530,10,2,1,15.5201,2378.19
1992,10,2,1,15.5166,2360.8
560,10,2,1,15.5063,2307.29
555,10,2,1,15.5022,2287.28
559,10,2,1,15.497,2252.43
554,10,2,1,15.494,2232.79
565,10,2,1,15.4869,2190.58
562,10,2,1,15.4809,2158.54
639,10,2,1,15.4774,2141.09
638,10,2,1,15.4702,2104.92
637,10,2,1,15.464,2074.75
321,10,2,2,16.061,5350.18,0.052,226.808,0.44,3
108,10,2,2,16.0605,5347.95
107,10,2,2,16.0529,5299.64
1967,10,2,2,16.0499,5270.94
105,10,2,2,16.0242,5121.08
124,10,2,2,16.01,5042.91
1970,10,2,2,15.9944,4950.04
122,10,2,2,15.9803,4879.66
117,10,2,2,15.9619,4788.11
118,10,2,2,15.9524,4742.39
1968,10,2,2,15.9215,4579.99
1969,10,2,2,15.9099,4504.3
115,10,2,2,15.9074,4489.79
2113,10,2,2,15.9022,4462.07
2133,10,2,2,15.7793,3771.88
2135,10,2,2,15.7554,3593.4
842,10,2,3,16.3367,6792.2,0,0,0
830,10,2,3,16.3166,6687.52
2008,10,2,3,16.2864,6527.07
812,10,2,3,16.269,6431.59
807,10,2,3,16.2688,6430.8
356,10,2,3,16.2519,6342.62
1981,10,2,3,16.2396,6259.11
345,10,2,3,16.2181,6149.76
341,10,2,3,16.2096,6103.83
2132,10,2,3,16.2094,6101.77
328,10,2,3,16.1937,6007.76
2115,10,2,3,16.1831,5952.38
329,10,2,3,16.1788,5929.93
1979,10,2,3,16.1721,5896.87
1978,10,2,3,16.1288,5657.97
321,10,2,3,16.113,5576.99
261,11,0,0,15.7389,1661.66,0.0815,355.478,0.26,1
262,11,0,0,15.7211,1573.69
269,11,0,0,15.7087,1507.18
270,11,0,0,15.6979,1451.01
277,11,0,0,15.678,1346.78
283,11,0,0,15.6689,1296.43
284,11,0,0,15.6638,1271.28
285,11,0,0,15.6469,1185.29
289,11,0,0,15.6307,1096.75
331,11,0,0,15.6023,954.304
332,11,0,0,15.5933,906.366
339,11,0,0,15.5808,840.906
346,11,0,0,15.565,752.534
347,11,0,0,15.5644,749.516
354,11,0,0,15.5534,685.875
803,11,0,0,15.5534,685.503
804,11,0,0,15.541,621.793
818,11,0,0,15.5148,486.133
819,11,0,0,15.5054,422.153
2009,11,0,0,15.4983,374.646
2010,11,0,0,15.4819,272.968
839,11,0,0,15.471,213.908
838,11,0,0,15.4618,163.086
840,11,0,0,15.4433,64.8138
842,11,0,0,15.43,0
769,11,0,1,16.1006,3506.48,0.101167,441.259,0.18,2
772,11,0,1,16.0497,3259.17
773,11,0,1,16.0385,3198.52
255,11,0,1,15.9122,2504.91
286,11,0,1,15.865,2266.63
281,11,0,1,15.854,2205.14
272,11,0,1,15.8439,2149.19
267,11,0,1,15.83,2069.64
261,11,0,1,15.8204,2017.14
1233,11,0,2,16.4326,5235.52,0.0526667,229.716,0.28,3
1227,11,0,2,16.3993,5052.71
1222,11,0,2,16.3809,4957.51
1221,11,0,2,16.3701,4899.17
1218,11,0,2,16.3526,4799
1213,11,0,2,16.3423,4743.84
1212,11,0,2,16.3315,4608.97
770,11,0,2,16.2425,4163.85
772,11,0,2,16.2344,4118.92
769,11,0,2,16.2018,3947.74
1576,11,0,3,16.696,6610.36,0.0355,154.84,0.24,4
1251,11,0,3,16.6238,6212.7
1250,11,0,3,16.615,6164.78
1249,11,0,3,16.6022,6097.99
1248,11,0,3,16.5947,6059.97
1596,11,0,3,16.5833,5995.89
1567,11,0,3,16.556,5850.65
1253,11,0,3,16.5433,5785.07
1252,11,0,3,16.5274,5699.06
1233,11,0,3,16.4853,5465.24
842,11,0,4,16.9586,7996.62,0,0,0
853,11,0,4,16.9409,7901.66
852,11,0,4,16.9294,7837.38
864,11,0,4,16.9226,7801.28
862,11,0,4,16.9133,7751.85
1773,11,0,4,16.9013,7687.11
1259,11,0,4,16.8865,7608.55
1260,11,0,4,16.8692,7521.34
1258,11,0,4,16.8577,7458.74
1265,11,0,4,16.8473,7400.83
1264,11,0,4,16.8385,7353.36
1274,11,0,4,16.8279,7296.95
1273,11,0,4,16.8171,7239.59
1282,11,0,4,16.8066,7183.62
1251,11,0,4,16.8001,7147.7
1576,11,0,4,16.7315,6765.2
1336,11,1,0,13.325,1265.12,0.0515,224.627,0.24,1
1792,11,1,0,13.3187,1232.71
1334,11,1,0,13.3107,1192.27
1335,11,1,0,13.3,1142.04
1341,11,1,0,13.2925,1099.34
1315,11,1,0,13.2723,991.581
2165,11,1,0,13.2545,899.682
2117,11,1,0,13.2497,872.891
2164,11,1,0,13.2303,756.918
1306,11,1,0,13.2066,597.478
1599,11,1,0,13.1906,507.414
1300,11,1,0,13.1868,481.712
1298,11,1,0,13.1819,454.453
2176,11,1,0,13.1756,415.575
2066,11,1,0,13.1649,347.941
869,11,1,0,13.1542,272.857
1856,11,1,0,13.1315,165.867
855,11,1,0,13.1314,165.154
854,11,1,0,13.129,151.318
841,11,1,0,13.1069,36.854
842,11,1,0,13.1,0
1590,11,1,1,13.5584,2454.38,0.0913333,398.368,0.04,2
1588,11,1,1,13.5407,2352.56
2072,11,1,1,13.5011,2149.45
1317,11,1,1,13.4834,2051.87
2071,11,1,1,13.4729,1988.07
1359,11,1,1,13.4521,1877.39
1370,11,1,1,13.4512,1872.93
2075,11,1,1,13.4311,1765.85
1822,11,1,1,13.4303,1761.85
1342,11,1,1,13.4094,1651.06
1334,11,1,1,13.3953,1581.01
1792,11,1,1,13.3828,1522.47
1336,11,1,1,13.3765,1489.75
1296,11,1,2,13.8337,3850.14,0.0958333,417.996,0,3
1294,11,1,2,13.8096,3719.82
1290,11,1,2,13.784,3584.38
1291,11,1,2,13.7729,3522.35
1292,11,1,2,13.7649,3478.46
1318,11,1,2,13.7641,3474.73
1319,11,1,2,13.7583,3435.22
1559,11,1,2,13.7546,3410.05
1591,11,1,2,13.7436,3335.2
1560,11,1,2,13.7211,3214.54
1589,11,1,2,13.6861,3028.06
1590,11,1,2,13.6497,2852.75
842,11,1,3,14.1414,5389.53,0,0,0
841,11,1,3,14.1345,5352.68
854,11,1,3,14.1161,5253.72
855,11,1,3,14.1142,5240.62
1856,11,1,3,14.1141,5239.91
869,11,1,3,14.1042,5186.16
1261,11,1,3,14.0791,5055.81
1272,11,1,3,14.0678,4997.13
2067,11,1,3,14.0458,4882.3
1288,11,1,3,14.0176,4736.65
1558,11,1,3,13.9826,4559.78
1290,11,1,3,13.9723,4508.12
1294,11,1,3,13.9475,4376.03
1296,11,1,3,13.9296,4268.14
2135,11,2,0,15.7675,1669.09,0.0925,403.457,0.04,1
2133,11,2,0,15.7438,1490.62
366,11,2,0,15.7396,1463.66
2134,11,2,0,15.728,1399.41
369,11,2,0,15.7125,1304.52
376,11,2,0,15.699,1219.84
382,11,2,0,15.6831,1132.42
390,11,2,0,15.6659,1041.38
397,11,2,0,15.6493,952.092
409,11,2,0,15.6321,861.98
1985,11,2,0,15.6167,780.992
881,11,2,0,15.5886,631.492
880,11,2,0,15.5732,548.529
899,11,2,0,15.5395,370.185
911,11,2,0,15.5345,341.806
835,11,2,0,15.5157,237.512
848,11,2,0,15.5147,233.029
843,11,2,0,15.4919,111.987
841,11,2,0,15.4792,46.8524
842,11,2,0,15.47,0
321,11,2,1,16.1656,3829.34,0.052,226.808,0.44,2
108,11,2,1,16.1652,3827.1
107,11,2,1,16.1576,3778.79
1967,11,2,1,16.1545,3750.09
105,11,2,1,16.1289,3600.24
124,11,2,1,16.1147,3522.06
1970,11,2,1,16.0991,3429.19
122,11,2,1,16.0849,3358.81
117,11,2,1,16.0666,3267.26
118,11,2,1,16.0571,3221.54
1968,11,2,1,16.0262,3059.14
1969,11,2,1,16.0146,2983.45
115,11,2,1,16.0121,2968.95
2113,11,2,1,16.0068,2941.22
2133,11,2,1,15.884,2251.03
2135,11,2,1,15.86,2072.55
637,11,2,2,16.4694,5502.9,0.109,475.425,0.07,3
1996,11,2,2,16.4565,5437.43
1995,11,2,2,16.4517,5412.93
1993,11,2,2,16.4466,5386.06
1994,11,2,2,16.4424,5364.58
562,11,2,2,16.4348,5323.82
563,11,2,2,16.431,5304.64
564,11,2,2,16.4259,5276.71
557,11,2,2,16.4212,5245.79
561,11,2,2,16.4147,5199.35
628,11,2,2,16.4107,5174.37
615,11,2,2,16.4064,5147.25
608,11,2,2,16.3952,5085.89
612,11,2,2,16.3906,5056.47
426,11,2,2,16.3833,5014.13
424,11,2,2,16.3811,5000.98
407,11,2,2,16.3602,4895.15
406,11,2,2,16.3563,4874.11
403,11,2,2,16.3442,4815.48
394,11,2,2,16.3332,4757.33
384,11,2,2,16.3287,4734.71
385,11,2,2,16.324,4711.21
377,11,2,2,16.3209,4694.17
2134,11,2,2,16.3006,4586.15
369,11,2,2,16.2845,4490.52
370,11,2,2,16.2796,4453.33
365,11,2,2,16.2426,4245.13
323,11,2,2,16.2275,4122.86
108,11,2,2,16.2181,4058.38
321,11,2,2,16.2176,4056.14
842,11,2,3,16.8884,7656.65,0,0,0
841,11,2,3,16.8809,7617.15
829,11,2,3,16.8593,7504.99
831,11,2,3,16.8461,7437.65
825,11,2,3,16.8457,7435.62
822,11,2,3,16.825,7323.51
823,11,2,3,16.819,7292.06
824,11,2,3,16.8032,7211.92
880,11,2,3,16.7832,7106.45
882,11,2,3,16.7629,7004.95
2155,11,2,3,16.7594,6987.44
2012,11,2,3,16.7425,6896.45
885,11,2,3,16.7376,6872.41
886,11,2,3,16.7162,6760.14
2013,11,2,3,16.7069,6712.73
1988,11,2,3,16.6853,6602.04
417,11,2,3,16.6644,6495.67
418,11,2,3,16.6613,6478.87
419,11,2,3,16.6461,6394.37
423,11,2,3,16.6398,6358.15
609,11,2,3,16.6339,6301.83
628,11,2,3,16.6245,6227.74
561,11,2,3,16.6208,6203.16
557,11,2,3,16.6127,6155.04
554,11,2,3,16.6111,6146.48
565,11,2,3,16.6023,6098.01
562,11,2,3,16.5961,6065.47
639,11,2,3,16.5926,6048.02
638,11,2,3,16.5839,6005.81
637,11,2,3,16.5784,5978.33
1576,12,0,0,15.1319,1266.53,0.094,410,0.23,1
1251,12,0,0,15.058,860.887
1246,12,0,0,15.0482,806.218
1273,12,0,0,15.0391,758.106
1274,12,0,0,15.0329,715.339
1275,12,0,0,15.0244,670.271
1265,12,0,0,15.0121,604.908
1258,12,0,0,14.9997,538.528
1260,12,0,0,14.992,486.206
1259,12,0,0,14.9805,423.769
1773,12,0,0,14.9655,344.042
862,12,0,0,14.9536,280.077
864,12,0,0,14.9428,223.833
852,12,0,0,14.9375,194.263
853,12,0,0,14.9226,115.571
842,12,0,0,14.9,0
261,12,0,1,15.663,4067.46,0.0815,355.478,0.26,2
262,12,0,1,15.6451,3979.49
269,12,0,1,15.6327,3912.98
275,12,0,1,15.6141,3799.48
276,12,0,1,15.6077,3760.5
288,12,0,1,15.5949,3684.21
291,12,0,1,15.5878,3642.48
290,12,0,1,15.5802,3601.08
293,12,0,1,15.5671,3530.24
292,12,0,1,15.5638,3512.66
294,12,0,1,15.5496,3434.97
295,12,0,1,15.5294,3328.62
297,12,0,1,15.5191,3269.37
306,12,0,1,15.5123,3232.09
313,12,0,1,15.5001,3164.91
777,12,0,1,15.5,3164.66
786,12,0,1,15.4652,2970.2
788,12,0,1,15.4469,2872.48
792,12,0,1,15.4327,2791.43
795,12,0,1,15.4082,2654.88
845,12,0,1,15.4031,2627.82
844,12,0,1,15.3967,2595.51
859,12,0,1,15.3805,2512.24
867,12,0,1,15.3698,2456.33
1263,12,0,1,15.3302,2245.03
1273,12,0,1,15.3144,2163.31
1282,12,0,1,15.3053,2113.26
1251,12,0,1,15.2982,2074.95
1576,12,0,1,15.2259,1676.53
769,12,0,2,16.0247,5912.28,0.101167,441.259,0.18,3
772,12,0,2,15.9737,5664.97
773,12,0,2,15.9625,5604.33
255,12,0,2,15.8362,4910.71
286,12,0,2,15.7891,4672.44
281,12,0,2,15.7781,4610.94
272,12,0,2,15.768,4554.99
267,12,0,2,15.754,4475.45
261,12,0,2,15.7445,4422.94
1233,12,0,3,16.3566,7641.33,0.0526667,229.716,0.28,4
1227,12,0,3,16.3234,7458.51
1222,12,0,3,16.305,7363.31
1221,12,0,3,16.2941,7304.98
1218,12,0,3,16.2767,7204.8
1213,12,0,3,16.2664,7149.65
1212,12,0,3,16.2556,7014.77
770,12,0,3,16.1666,6569.66
772,12,0,3,16.1585,6524.72
769,12,0,3,16.1258,6353.54
842,12,0,4,16.7135,9503.15,0,0,0
841,12,0,4,16.706,9463.65
854,12,0,4,16.6859,9357.6
855,12,0,4,16.681,9333.42
1856,12,0,4,16.6809,9332.71
869,12,0,4,16.6697,9273.44
868,12,0,4,16.6504,9167.75
1271,12,0,4,16.6365,9089.45
1270,12,0,4,16.6287,9046.69
1269,12,0,4,16.6182,8991.32
1268,12,0,4,16.6139,8969.19
1277,12,0,4,16.5987,8890.48
1276,12,0,4,16.5878,8829.83
1594,12,0,4,16.575,8762.01
1283,12,0,4,16.5644,8708.1
1282,12,0,4,16.5544,8654.43
1251,12,0,4,16.5479,8618.51
1250,12,0,4,16.5391,8570.59
1249,12,0,4,16.5262,8503.79
1248,12,0,4,16.5188,8465.78
1596,12,0,4,16.5073,8401.7
1567,12,0,4,16.4801,8256.45
1253,12,0,4,16.4674,8190.88
1252,12,0,4,16.4514,8104.86
1233,12,0,4,16.4093,7871.04
1336,12,1,0,13.335,1265.12,0.0515,224.627,0.24,1
1792,12,1,0,13.3287,1232.71
1334,12,1,0,13.3207,1192.27
1335,12,1,0,13.31,1142.04
1341,12,1,0,13.3025,1099.34
1315,12,1,0,13.2823,991.581
2165,12,1,0,13.2645,899.682
2117,12,1,0,13.2597,872.891
2164,12,1,0,13.2403,756.918
1306,12,1,0,13.2166,597.478
1599,12,1,0,13.2006,507.414
1300,12,1,0,13.1968,481.712
1298,12,1,0,13.1919,454.453
2176,12,1,0,13.1856,415.575
2066,12,1,0,13.1749,347.941
869,12,1,0,13.1642,272.857
1856,12,1,0,13.1415,165.867
855,12,1,0,13.1414,165.154
854,12,1,0,13.139,151.318
841,12,1,0,13.1169,36.854
842,12,1,0,13.11,0
1590,12,1,1,13.5684,2454.38,0.0913333,398.368,0.04,2
1588,12,1,1,13.5507,2352.56
2072,12,1,1,13.5111,2149.45
1317,12,1,1,13.4934,2051.87
2071,12,1,1,13.4829,1988.07
1359,12,1,1,13.4621,1877.39
1370,12,1,1,13.4612,1872.93
2075,12,1,1,13.4411,1765.85
1822,12,1,1,13.4403,1761.85
1342,12,1,1,13.4194,1651.06
1334,12,1,1,13.4053,1581.01
1792,12,1,1,13.3928,1522.47
1336,12,1,1,13.3865,1489.75
1296,12,1,2,13.8437,3850.14,0.0958333,417.996,0,3
1294,12,1,2,13.8196,3719.82
1290,12,1,2,13.794,3584.38
1291,12,1,2,13.7829,3522.35
1292,12,1,2,13.7749,3478.46
1318,12,1,2,13.7741,3474.73
1319,12,1,2,13.7683,3435.22
1559,12,1,2,13.7646,3410.05
1591,12,1,2,13.7536,3335.2
1560,12,1,2,13.7311,3214.54
1589,12,1,2,13.6961,3028.06
1590,12,1,2,13.6597,2852.75
842,12,1,3,14.1514,5389.53,0,0,0
841,12,1,3,14.1445,5352.68
854,12,1,3,14.1261,5253.72
855,12,1,3,14.1242,5240.62
1856,12,1,3,14.1241,5239.91
869,12,1,3,14.1142,5186.16
1261,12,1,3,14.0891,5055.81
1272,12,1,3,14.0778,4997.13
2067,12,1,3,14.0558,4882.3
1288,12,1,3,14.0276,4736.65
1558,12,1,3,13.9926,4559.78
1290,12,1,3,13.9823,4508.12
1294,12,1,3,13.9575,4376.03
1296,12,1,3,13.9396,4268.14
2135,12,2,0,15.7075,1669.09,0.0925,403.457,0.04,1
2133,12,2,0,15.6838,1490.62
366,12,2,0,15.6796,1463.66
2134,12,2,0,15.668,1399.41
369,12,2,0,15.6525,1304.52
376,12,2,0,15.639,1219.84
382,12,2,0,15.6231,1132.42
390,12,2,0,15.6059,1041.38
397,12,2,0,15.5893,952.092
409,12,2,0,15.5721,861.98
1985,12,2,0,15.5567,780.992
881,12,2,0,15.5286,631.492
880,12,2,0,15.5132,548.529
899,12,2,0,15.4795,370.185
911,12,2,0,15.4745,341.806
835,12,2,0,15.4557,237.512
848,12,2,0,15.4547,233.029
843,12,2,0,15.4319,111.987
841,12,2,0,15.4192,46.8524
842,12,2,0,15.41,0
321,12,2,1,16.1056,3829.34,0.052,226.808,0.44,2
108,12,2,1,16.1052,3827.1
107,12,2,1,16.0976,3778.79
1967,12,2,1,16.0945,3750.09
105,12,2,1,16.0689,3600.24
124,12,2,1,16.0547,3522.06
1970,12,2,1,16.0391,3429.19
122,12,2,1,16.0249,3358.81
117,12,2,1,16.0066,3267.26
118,12,2,1,15.9971,3221.54
1968,12,2,1,15.9662,3059.14
1969,12,2,1,15.9546,2983.45
115,12,2,1,15.9521,2968.95
2113,12,2,1,15.9468,2941.22
2133,12,2,1,15.824,2251.03
2135,12,2,1,15.8,2072.55
637,12,2,2,16.4094,5502.9,0.109,475.425,0.07,3
1996,12,2,2,16.3965,5437.43
1995,12,2,2,16.3917,5412.93
1993,12,2,2,16.3866,5386.06
1994,12,2,2,16.3823,5364.58
562,12,2,2,16.3748,5323.82
563,12,2,2,16.371,5304.64
564,12,2,2,16.3659,5276.71
557,12,2,2,16.3612,5245.79
561,12,2,2,16.3547,5199.35
628,12,2,2,16.3507,5174.37
615,12,2,2,16.3464,5147.25
608,12,2,2,16.3352,5085.89
612,12,2,2,16.3306,5056.47
426,12,2,2,16.3233,5014.13
424,12,2,2,16.3211,5000.98
407,12,2,2,16.3002,4895.15
406,12,2,2,16.2963,4874.11
403,12,2,2,16.2842,4815.48
394,12,2,2,16.2732,4757.33
384,12,2,2,16.2687,4734.71
385,12,2,2,16.264,4711.21
377,12,2,2,16.2609,4694.17
2134,12,2,2,16.2406,4586.15
369,12,2,2,16.2245,4490.52
370,12,2,2,16.2196,4453.33
365,12,2,2,16.1826,4245.13
323,12,2,2,16.1675,4122.86
108,12,2,2,16.1581,4058.38
321,12,2,2,16.1576,4056.14
842,12,2,3,16.8284,7656.65,0,0,0
841,12,2,3,16.8209,7617.15
829,12,2,3,16.7993,7504.99
831,12,2,3,16.7861,7437.65
825,12,2,3,16.7857,7435.62
822,12,2,3,16.765,7323.51
823,12,2,3,16.759,7292.06
824,12,2,3,16.7432,7211.92
880,12,2,3,16.7232,7106.45
882,12,2,3,16.7029,7004.95
2155,12,2,3,16.6994,6987.44
2012,12,2,3,16.6825,6896.45
885,12,2,3,16.6776,6872.41
886,12,2,3,16.6562,6760.14
2013,12,2,3,16.6469,6712.73
1988,12,2,3,16.6253,6602.04
417,12,2,3,16.6044,6495.67
418,12,2,3,16.6013,6478.87
419,12,2,3,16.5861,6394.37
423,12,2,3,16.5798,6358.15
609,12,2,3,16.5739,6301.83
628,12,2,3,16.5645,6227.74
561,12,2,3,16.5608,6203.16
557,12,2,3,16.5527,6155.04
554,12,2,3,16.5511,6146.48
565,12,2,3,16.5423,6098.01
562,12,2,3,16.5361,6065.47
639,12,2,3,16.5326,6048.02
638,12,2,3,16.5239,6005.81
637,12,2,3,16.5184,5978.33
261,13,0,0,15.3689,1661.66,0.0815,355.478,0.26,1
262,13,0,0,15.3511,1573.69
269,13,0,0,15.3387,1507.18
270,13,0,0,15.3279,1451.01
277,13,0,0,15.308,1346.78
283,13,0,0,15.2989,1296.43
284,13,0,0,15.2938,1271.28
285,13,0,0,15.2769,1185.29
289,13,0,0,15.2607,1096.75
331,13,0,0,15.2323,954.304
332,13,0,0,15.2233,906.366
339,13,0,0,15.2108,840.906
346,13,0,0,15.195,752.534
347,13,0,0,15.1944,749.516
354,13,0,0,15.1834,685.875
803,13,0,0,15.1834,685.503
804,13,0,0,15.171,621.793
818,13,0,0,15.1448,486.133
819,13,0,0,15.1354,422.153
2009,13,0,0,15.1283,374.646
2010,13,0,0,15.1119,272.968
839,13,0,0,15.101,213.908
838,13,0,0,15.0918,163.086
840,13,0,0,15.0733,64.8138
842,13,0,0,15.06,0
1576,13,0,1,15.8866,4360.59,0.094,410,0.23,2
1251,13,0,1,15.8032,3914.17
1246,13,0,1,15.7937,3860.94
1240,13,0,1,15.7826,3799.88
1263,13,0,1,15.7721,3743.23
867,13,0,1,15.7337,3537
859,13,0,1,15.7234,3482.7
844,13,0,1,15.7063,3395.78
845,13,0,1,15.7023,3373.76
791,13,0,1,15.6756,3228
792,13,0,1,15.6713,3202.42
788,13,0,1,15.6565,3119.53
787,13,0,1,15.6509,3089.77
780,13,0,1,15.6379,3016.13
778,13,0,1,15.6199,2915.12
2148,13,0,1,15.6193,2912.26
312,13,0,1,15.6193,2911.87
313,13,0,1,15.6125,2874.13
306,13,0,1,15.5975,2795
297,13,0,1,15.59,2754.59
295,13,0,1,15.5782,2689.32
289,13,0,1,15.554,2562.8
285,13,0,1,15.534,2457.8
284,13,0,1,15.5223,2394.19
283,13,0,1,15.5173,2369.04
277,13,0,1,15.5065,2311.95
270,13,0,1,15.4871,2209.89
269,13,0,1,15.4772,2157.09
262,13,0,1,15.4647,2090.13
261,13,0,1,15.4504,2017.14
1233,13,0,2,16.2006,5959.21,0.0526667,229.716,0.28,3
1252,13,0,2,16.1609,5735.63
1253,13,0,2,16.1377,5619.08
1567,13,0,2,16.1239,5548.67
1596,13,0,2,16.0934,5389.5
1248,13,0,2,16.0817,5324.32
1249,13,0,2,16.0739,5285
1250,13,0,2,16.0587,5208.4
1251,13,0,2,16.0529,5169.01
1576,13,0,2,15.9806,4770.59
769,13,0,3,16.5069,7521.89,0.101167,441.259,0.18,4
772,13,0,3,16.4559,7274.57
770,13,0,3,16.4446,7215.89
1212,13,0,3,16.3741,6848.3
1213,13,0,3,16.3466,6698.73
1218,13,0,3,16.3403,6656.1
1221,13,0,3,16.3244,6558.29
1226,13,0,3,16.2941,6413.6
1572,13,0,3,16.2927,6403.62
1230,13,0,3,16.2793,6333.66
1234,13,0,3,16.2603,6228.54
1233,13,0,3,16.2533,6188.93
842,13,0,4,16.9526,9887.54,0,0,0
840,13,0,4,16.9408,9829.26
838,13,0,4,16.9216,9727.74
837,13,0,4,16.9113,9671.53
2010,13,0,4,16.9041,9625.56
2149,13,0,4,16.8214,9089.44
1212,13,0,4,16.7378,8624.37
770,13,0,4,16.6488,8179.26
772,13,0,4,16.6407,8134.32
769,13,0,4,16.6081,7963.15
1336,13,1,0,13.385,1265.12,0.0515,224.627,0.24,1
1792,13,1,0,13.3787,1232.71
1334,13,1,0,13.3707,1192.27
1335,13,1,0,13.36,1142.04
1341,13,1,0,13.3525,1099.34
1315,13,1,0,13.3323,991.581
2165,13,1,0,13.3145,899.682
2117,13,1,0,13.3097,872.891
2164,13,1,0,13.2903,756.918
1306,13,1,0,13.2666,597.478
1599,13,1,0,13.2506,507.414
1300,13,1,0,13.2468,481.712
1298,13,1,0,13.2419,454.453
2176,13,1,0,13.2356,415.575
2066,13,1,0,13.2249,347.941
869,13,1,0,13.2142,272.857
1856,13,1,0,13.1915,165.867
855,13,1,0,13.1914,165.154
854,13,1,0,13.189,151.318
841,13,1,0,13.1669,36.854
842,13,1,0,13.16,0
1590,13,1,1,13.6184,2454.38,0.0913333,398.368,0.04,2
1588,13,1,1,13.6007,2352.56
2072,13,1,1,13.5611,2149.45
1317,13,1,1,13.5434,2051.87
2071,13,1,1,13.5329,1988.07
1359,13,1,1,13.5121,1877.39
1370,13,1,1,13.5112,1872.93
2075,13,1,1,13.4911,1765.85
1822,13,1,1,13.4903,1761.85
1342,13,1,1,13.4694,1651.06
1334,13,1,1,13.4553,1581.01
1792,13,1,1,13.4428,1522.47
1336,13,1,1,13.4365,1489.75
1296,13,1,2,13.8937,3850.14,0.0958333,417.996,0,3
1294,13,1,2,13.8696,3719.82
1290,13,1,2,13.844,3584.38
1291,13,1,2,13.8329,3522.35
1292,13,1,2,13.8249,3478.46
1318,13,1,2,13.8241,3474.73
1319,13,1,2,13.8183,3435.22
1559,13,1,2,13.8146,3410.05
1591,13,1,2,13.8036,3335.2
1560,13,1,2,13.7811,3214.54
1589,13,1,2,13.7461,3028.06
1590,13,1,2,13.7097,2852.75
842,13,1,3,14.2014,5389.53,0,0,0
841,13,1,3,14.1945,5352.68
854,13,1,3,14.1761,5253.72
855,13,1,3,14.1742,5240.62
1856,13,1,3,14.1741,5239.91
869,13,1,3,14.1642,5186.16
1261,13,1,3,14.1391,5055.81
1272,13,1,3,14.1278,4997.13
2067,13,1,3,14.1058,4882.3
1288,13,1,3,14.0776,4736.65
1558,13,1,3,14.0426,4559.78
1290,13,1,3,14.0323,4508.12
1294,13,1,3,14.0075,4376.03
1296,13,1,3,13.9896,4268.14
2135,13,2,0,15.6875,1669.09,0.0925,403.457,0.04,1
2133,13,2,0,15.6638,1490.62
366,13,2,0,15.6596,1463.66
2134,13,2,0,15.648,1399.41
369,13,2,0,15.6325,1304.52
376,13,2,0,15.619,1219.84
382,13,2,0,15.6031,1132.42
390,13,2,0,15.5859,1041.38
397,13,2,0,15.5693,952.092
409,13,2,0,15.5521,861.98
1985,13,2,0,15.5367,780.992
881,13,2,0,15.5086,631.492
880,13,2,0,15.4932,548.529
899,13,2,0,15.4595,370.185
911,13,2,0,15.4545,341.806
835,13,2,0,15.4357,237.512
848,13,2,0,15.4347,233.029
843,13,2,0,15.4119,111.987
841,13,2,0,15.3992,46.8524
842,13,2,0,15.39,0
321,13,2,1,16.0856,3829.34,0.052,226.808,0.44,2
108,13,2,1,16.0852,3827.1
107,13,2,1,16.0776,3778.79
1967,13,2,1,16.0745,3750.09
105,13,2,1,16.0489,3600.24
124,13,2,1,16.0347,3522.06
1970,13,2,1,16.0191,3429.19
122,13,2,1,16.0049,3358.81
117,13,2,1,15.9866,3267.26
118,13,2,1,15.9771,3221.54
1968,13,2,1,15.9462,3059.14
1969,13,2,1,15.9346,2983.45
115,13,2,1,15.9321,2968.95
2113,13,2,1,15.9268,2941.22
2133,13,2,1,15.804,2251.03
2135,13,2,1,15.78,2072.55
637,13,2,2,16.3894,5502.9,0.109,475.425,0.07,3
1996,13,2,2,16.3765,5437.43
1995,13,2,2,16.3717,5412.93
1993,13,2,2,16.3666,5386.06
1994,13,2,2,16.3623,5364.58
562,13,2,2,16.3548,5323.82
563,13,2,2,16.351,5304.64
564,13,2,2,16.3459,5276.71
557,13,2,2,16.3412,5245.79
561,13,2,2,16.3347,5199.35
628,13,2,2,16.3307,5174.37
615,13,2,2,16.3264,5147.25
608,13,2,2,16.3152,5085.89
612,13,2,2,16.3106,5056.47
426,13,2,2,16.3033,5014.13
424,13,2,2,16.3011,5000.98
407,13,2,2,16.2802,4895.15
406,13,2,2,16.2763,4874.11
403,13,2,2,16.2642,4815.48
394,13,2,2,16.2532,4757.33
384,13,2,2,16.2487,4734.71
385,13,2,2,16.244,4711.21
377,13,2,2,16.2409,4694.17
2134,13,2,2,16.2206,4586.15
369,13,2,2,16.2045,4490.52
370,13,2,2,16.1996,4453.33
365,13,2,2,16.1626,4245.13
323,13,2,2,16.1475,4122.86
108,13,2,2,16.1381,4058.38
321,13,2,2,16.1376,4056.14
842,13,2,3,16.8084,7656.65,0,0,0
841,13,2,3,16.8009,7617.15
829,13,2,3,16.7793,7504.99
831,13,2,3,16.7661,7437.65
825,13,2,3,16.7657,7435.62
822,13,2,3,16.745,7323.51
823,13,2,3,16.739,7292.06
824,13,2,3,16.7232,7211.92
880,13,2,3,16.7032,7106.45
882,13,2,3,16.6828,7004.95
2155,13,2,3,16.6794,6987.44
2012,13,2,3,16.6625,6896.45
885,13,2,3,16.6576,6872.41
886,13,2,3,16.6362,6760.14
2013,13,2,3,16.6269,6712.73
1988,13,2,3,16.6053,6602.04
417,13,2,3,16.5844,6495.67
418,13,2,3,16.5813,6478.87
419,13,2,3,16.5661,6394.37
423,13,2,3,16.5598,6358.15
609,13,2,3,16.5539,6301.83
628,13,2,3,16.5445,6227.74
561,13,2,3,16.5408,6203.16
557,13,2,3,16.5327,6155.04
554,13,2,3,16.5311,6146.48
565,13,2,3,16.5223,6098.01
562,13,2,3,16.5161,6065.47
639,13,2,3,16.5126,6048.02
638,13,2,3,16.5039,6005.81
637,13,2,3,16.4984,5978.33
1590,14,0,0,15.4007,1416.22,0.0708333,308.954,0.03,1
1589,14,0,0,15.3779,1297.15
1560,14,0,0,15.3465,1126.24
1591,14,0,0,15.3265,1016.11
1559,14,0,0,15.3105,928.573
1319,14,0,0,15.3036,892.364
1311,14,0,0,15.2641,676.359
1601,14,0,0,15.2467,578.143
1599,14,0,0,15.2407,544.382
1300,14,0,0,15.2361,517.694
1298,14,0,0,15.2313,490.94
2176,14,0,0,15.2248,451.74
2066,14,0,0,15.2145,384.544
869,14,0,0,15.205,309.621
865,14,0,0,15.19,219.013
852,14,0,0,15.1835,177.503
853,14,0,0,15.1694,101.937
842,14,0,0,15.15,0
1576,14,0,1,15.8825,3911.72,0.094,410,0.23,2
1251,14,0,1,15.7991,3465.29
1282,14,0,1,15.7862,3402.87
1283,14,0,1,15.7763,3349.53
1594,14,0,1,15.7694,3311.34
1286,14,0,1,15.7386,3150.17
1287,14,0,1,15.7217,3064.75
1577,14,0,1,15.7102,3001.88
1284,14,0,1,15.6969,2930.66
2069,14,0,1,15.6846,2865.99
2067,14,0,1,15.6575,2717.41
1288,14,0,1,15.6276,2563.95
1289,14,0,1,15.6066,2456.28
1291,14,0,1,15.5873,2355.85
1292,14,0,1,15.5784,2308.63
1318,14,0,1,15.5777,2304.91
1319,14,0,1,15.5719,2265.39
1559,14,0,1,15.5682,2240.23
1591,14,0,1,15.5519,2151.21
1560,14,0,1,15.5315,2039.48
1589,14,0,1,15.4966,1853.63
1590,14,0,1,15.4716,1725.18
1233,14,0,2,16.1965,5510.34,0.0526667,229.716,0.28,3
1252,14,0,2,16.1568,5286.75
1253,14,0,2,16.1336,5170.2
1567,14,0,2,16.1197,5099.8
1596,14,0,2,16.0892,4940.63
1248,14,0,2,16.0775,4875.44
1249,14,0,2,16.0697,4836.12
1250,14,0,2,16.0546,4759.52
1251,14,0,2,16.0488,4720.13
1576,14,0,2,15.9765,4321.72
769,14,0,3,16.5028,7073.01,0.101167,441.259,0.18,4
772,14,0,3,16.4518,6825.7
770,14,0,3,16.4405,6767.01
1212,14,0,3,16.37,6399.42
1213,14,0,3,16.3424,6249.85
1218,14,0,3,16.3362,6207.22
1221,14,0,3,16.3202,6109.42
1226,14,0,3,16.29,5964.73
1572,14,0,3,16.2885,5954.74
1230,14,0,3,16.2752,5884.79
1234,14,0,3,16.2562,5779.67
1233,14,0,3,16.2492,5740.06
842,14,0,4,16.9484,9438.66,0,0,0
840,14,0,4,16.9367,9380.39
838,14,0,4,16.9175,9278.86
837,14,0,4,16.9072,9222.66
2010,14,0,4,16.9,9176.69
2149,14,0,4,16.8173,8640.56
1212,14,0,4,16.7337,8175.5
770,14,0,4,16.6447,7730.38
772,14,0,4,16.6366,7685.45
769,14,0,4,16.6039,7514.27
1296,14,1,0,13.471,1110.81,0.0958333,417.996,0,1
1294,14,1,0,13.4469,980.492
1290,14,1,0,13.4213,845.048
1558,14,1,0,13.4106,792.147
1288,14,1,0,13.3848,653.889
2067,14,1,0,13.3612,527.764
1272,14,1,0,13.3412,421.571
1261,14,1,0,13.3316,370.372
869,14,1,0,13.3142,272.857
1856,14,1,0,13.2915,165.867
855,14,1,0,13.2914,165.154
854,14,1,0,13.289,151.318
841,14,1,0,13.2669,36.854
842,14,1,0,13.26,0
1336,14,1,1,13.8088,2888.08,0.0515,224.627,0.24,2
1792,14,1,1,13.8026,2855.66
1334,14,1,1,13.7946,2815.22
1335,14,1,1,13.7839,2764.99
1341,14,1,1,13.7764,2722.29
1315,14,1,1,13.7562,2614.53
2165,14,1,1,13.7384,2522.64
2117,14,1,1,13.7336,2495.84
2164,14,1,1,13.7141,2379.87
1306,14,1,1,13.6905,2220.43
1312,14,1,1,13.6904,2220.07
1311,14,1,1,13.6789,2157.31
1319,14,1,1,13.6489,1971.27
1318,14,1,1,13.6404,1924.94
1292,14,1,1,13.6396,1921.22
1291,14,1,1,13.6277,1860.89
1290,14,1,1,13.6096,1768.79
1294,14,1,1,13.5848,1636.7
1296,14,1,1,13.5668,1528.81
2135,14,1,2,14.2628,5276.12,0.0471667,205.727,0.03,3
2133,14,1,2,14.2364,5096.55
366,14,1,2,14.2325,5069.81
2134,14,1,2,14.2205,5003.54
2136,14,1,2,14.2088,4939.82
393,14,1,2,14.1775,4778.28
401,14,1,2,14.1643,4707.19
1739,14,1,2,14.1537,4649.91
1742,14,1,2,14.1465,4612.51
1741,14,1,2,14.1406,4580.29
418,14,1,2,14.1329,4539.93
417,14,1,2,14.1297,4522.33
1989,14,1,2,14.1133,4436.79
2011,14,1,2,14.0954,4342.87
891,14,1,2,14.0754,4236.98
892,14,1,2,14.065,4185.34
916,14,1,2,14.0458,4086.19
919,14,1,2,14.0401,4047.11
2017,14,1,2,14.04,4046.93
1786,14,1,2,14.0354,4023.39
918,14,1,2,14.0322,4006.7
920,14,1,2,14.0196,3937.71
1085,14,1,2,14.0032,3847.61
2035,14,1,2,13.9883,3771.18
1106,14,1,2,13.9757,3704.31
2039,14,1,2,13.9691,3662.66
2040,14,1,2,13.9589,3605.67
1783,14,1,2,13.9333,3482.49
1153,14,1,2,13.9255,3443.61
1154,14,1,2,13.912,3374.68
1324,14,1,2,13.9057,3343.88
1325,14,1,2,13.8972,3299.63
2073,14,1,2,13.8892,3260.46
1336,14,1,2,13.8603,3112.7
842,14,1,3,14.8377,8435.12,0,0,0
830,14,1,3,14.8124,8308.25
2008,14,1,3,14.7743,8114.71
812,14,1,3,14.758,8023.97
807,14,1,3,14.7579,8023.18
356,14,1,3,14.7437,7947.15
1981,14,1,3,14.7315,7863.64
345,14,1,3,14.7162,7780.74
341,14,1,3,14.7046,7721.3
2132,14,1,3,14.7043,7719.26
328,14,1,3,14.6886,7625.32
2115,14,1,3,14.6769,7565.06
329,14,1,3,14.673,7544.02
1979,14,1,3,14.665,7505.62
1978,14,1,3,14.6245,7279.04
107,14,1,3,14.6162,7225.16
1967,14,1,3,14.6132,7196.46
105,14,1,3,14.5882,7047.62
124,14,1,3,14.5766,6976.94
1970,14,1,3,14.5607,6883.82
122,14,1,3,14.5492,6824.4
117,14,1,3,14.5309,6732.89
118,14,1,3,14.5228,6692.87
1968,14,1,3,14.4913,6528.15
1969,14,1,3,14.4794,6452.1
115,14,1,3,14.4768,6437.51
2113,14,1,3,14.4721,6411.93
2133,14,1,3,14.3352,5660.73
2135,14,1,3,14.31,5481.85
261,14,2,0,15.7489,1661.66,0.0815,355.478,0.26,1
262,14,2,0,15.7311,1573.69
269,14,2,0,15.7187,1507.18
270,14,2,0,15.7079,1451.01
277,14,2,0,15.688,1346.78
283,14,2,0,15.6789,1296.43
284,14,2,0,15.6738,1271.28
285,14,2,0,15.6569,1185.29
289,14,2,0,15.6407,1096.75
331,14,2,0,15.6123,954.304
332,14,2,0,15.6032,906.366
339,14,2,0,15.5908,840.906
346,14,2,0,15.575,752.534
347,14,2,0,15.5744,749.516
354,14,2,0,15.5634,685.875
803,14,2,0,15.5634,685.503
804,14,2,0,15.551,621.793
818,14,2,0,15.5248,486.133
819,14,2,0,15.5154,422.153
2009,14,2,0,15.5083,374.646
2010,14,2,0,15.4919,272.968
839,14,2,0,15.481,213.908
838,14,2,0,15.4718,163.086
840,14,2,0,15.4533,64.8138
842,14,2,0,15.44,0
321,14,2,1,16.0402,3185.38,0.052,226.808,0.44,2
1978,14,2,1,16.0194,3083.71
1979,14,2,1,15.9864,2873.22
329,14,2,1,15.9843,2855.78
2116,14,2,1,15.9792,2829.36
327,14,2,1,15.9653,2753.33
324,14,2,1,15.9614,2732.42
83,14,2,1,15.9611,2730.43
82,14,2,1,15.9399,2580.46
264,14,2,1,15.8923,2340.22
263,14,2,1,15.8677,2212.66
270,14,2,1,15.8671,2209.89
269,14,2,1,15.8572,2157.09
262,14,2,1,15.8447,2090.13
261,14,2,1,15.8304,2017.14
637,14,2,2,16.344,4858.95,0.109,475.425,0.07,3
1996,14,2,2,16.331,4793.47
1995,14,2,2,16.3262,4768.98
1993,14,2,2,16.3212,4742.1
1994,14,2,2,16.3169,4720.62
562,14,2,2,16.3093,4679.86
563,14,2,2,16.3056,4660.68
564,14,2,2,16.3005,4632.75
557,14,2,2,16.2958,4601.83
561,14,2,2,16.2893,4555.39
628,14,2,2,16.2852,4530.41
615,14,2,2,16.281,4503.3
608,14,2,2,16.2698,4441.94
612,14,2,2,16.2652,4412.51
426,14,2,2,16.2578,4370.18
424,14,2,2,16.2557,4357.02
407,14,2,2,16.2348,4251.2
406,14,2,2,16.2309,4230.15
403,14,2,2,16.2188,4171.52
394,14,2,2,16.2078,4113.37
384,14,2,2,16.2033,4090.75
385,14,2,2,16.1986,4067.25
377,14,2,2,16.1954,4050.21
2134,14,2,2,16.1751,3942.2
369,14,2,2,16.1591,3846.57
370,14,2,2,16.1542,3809.38
365,14,2,2,16.1172,3601.17
323,14,2,2,16.102,3478.9
108,14,2,2,16.0927,3414.42
321,14,2,2,16.0922,3412.19
842,14,2,3,16.7629,7012.69,0,0,0
841,14,2,3,16.7555,6973.19
829,14,2,3,16.7339,6861.03
831,14,2,3,16.7207,6793.69
825,14,2,3,16.7203,6791.66
822,14,2,3,16.6996,6679.55
823,14,2,3,16.6936,6648.1
824,14,2,3,16.6778,6567.96
880,14,2,3,16.6577,6462.5
882,14,2,3,16.6374,6361
2155,14,2,3,16.634,6343.48
2012,14,2,3,16.6171,6252.5
885,14,2,3,16.6122,6228.45
886,14,2,3,16.5907,6116.18
2013,14,2,3,16.5814,6068.77
1988,14,2,3,16.5598,5958.08
417,14,2,3,16.5389,5851.72
418,14,2,3,16.5359,5834.91
419,14,2,3,16.5206,5750.41
423,14,2,3,16.5144,5714.19
609,14,2,3,16.5085,5657.87
628,14,2,3,16.499,5583.79
561,14,2,3,16.4954,5559.21
557,14,2,3,16.4873,5511.08
554,14,2,3,16.4857,5502.53
565,14,2,3,16.4768,5454.05
562,14,2,3,16.4707,5421.51
639,14,2,3,16.4672,5404.07
638,14,2,3,16.4585,5361.85
637,14,2,3,16.453,5334.37
1590,15,0,0,15.3507,1416.22,0.0708333,308.954,0.03,1
1589,15,0,0,15.3279,1297.15
1560,15,0,0,15.2965,1126.24
1591,15,0,0,15.2765,1016.11
1559,15,0,0,15.2605,928.573
1319,15,0,0,15.2536,892.364
1311,15,0,0,15.2141,676.359
1601,15,0,0,15.1967,578.143
1599,15,0,0,15.1907,544.382
1300,15,0,0,15.1861,517.694
1298,15,0,0,15.1814,490.94
2176,15,0,0,15.1748,451.74
2066,15,0,0,15.1645,384.544
869,15,0,0,15.155,309.621
865,15,0,0,15.14,219.013
852,15,0,0,15.1335,177.503
853,15,0,0,15.1194,101.937
842,15,0,0,15.1,0
1576,15,0,1,15.8325,3911.72,0.094,410,0.23,2
1251,15,0,1,15.7491,3465.29
1282,15,0,1,15.7362,3402.87
1283,15,0,1,15.7263,3349.53
1594,15,0,1,15.7194,3311.34
1286,15,0,1,15.6886,3150.17
1287,15,0,1,15.6717,3064.75
1577,15,0,1,15.6602,3001.88
1284,15,0,1,15.6469,2930.66
2069,15,0,1,15.6346,2865.99
2067,15,0,1,15.6075,2717.41
1288,15,0,1,15.5776,2563.95
1289,15,0,1,15.5566,2456.28
1291,15,0,1,15.5373,2355.85
1292,15,0,1,15.5284,2308.63
1318,15,0,1,15.5277,2304.91
1319,15,0,1,15.5219,2265.39
1559,15,0,1,15.5182,2240.23
1591,15,0,1,15.5019,2151.21
1560,15,0,1,15.4815,2039.48
1589,15,0,1,15.4466,1853.63
1590,15,0,1,15.4216,1725.18
1233,15,0,2,16.1465,5510.34,0.0526667,229.716,0.28,3
1252,15,0,2,16.1068,5286.75
1253,15,0,2,16.0836,5170.2
1567,15,0,2,16.0697,5099.8
1596,15,0,2,16.0392,4940.63
1248,15,0,2,16.0275,4875.44
1249,15,0,2,16.0197,4836.12
1250,15,0,2,16.0046,4759.52
1251,15,0,2,15.9988,4720.13
1576,15,0,2,15.9265,4321.72
769,15,0,3,16.4528,7073.01,0.101167,441.259,0.18,4
772,15,0,3,16.4018,6825.7
770,15,0,3,16.3905,6767.01
1212,15,0,3,16.32,6399.42
1213,15,0,3,16.2924,6249.85
1218,15,0,3,16.2862,6207.22
1221,15,0,3,16.2702,6109.42
1226,15,0,3,16.24,5964.73
1572,15,0,3,16.2385,5954.74
1230,15,0,3,16.2252,5884.79
1234,15,0,3,16.2062,5779.67
1233,15,0,3,16.1992,5740.06
842,15,0,4,16.8984,9438.66,0,0,0
840,15,0,4,16.8867,9380.39
838,15,0,4,16.8675,9278.86
837,15,0,4,16.8572,9222.66
2010,15,0,4,16.85,9176.69
2149,15,0,4,16.7673,8640.56
1212,15,0,4,16.6837,8175.5
770,15,0,4,16.5947,7730.38
772,15,0,4,16.5866,7685.45
769,15,0,4,16.5539,7514.27
1296,15,1,0,13.551,1110.81,0.0958333,417.996,0,1
1294,15,1,0,13.5269,980.492
1290,15,1,0,13.5013,845.048
1558,15,1,0,13.4906,792.147
1288,15,1,0,13.4648,653.889
2067,15,1,0,13.4412,527.764
1272,15,1,0,13.4212,421.571
1261,15,1,0,13.4116,370.372
869,15,1,0,13.3942,272.857
1856,15,1,0,13.3715,165.867
855,15,1,0,13.3714,165.154
854,15,1,0,13.369,151.318
841,15,1,0,13.3469,36.854
842,15,1,0,13.34,0
1336,15,1,1,13.8888,2888.08,0.0515,224.627,0.24,2
1792,15,1,1,13.8826,2855.66
1334,15,1,1,13.8746,2815.22
1335,15,1,1,13.8639,2764.99
1341,15,1,1,13.8564,2722.29
1315,15,1,1,13.8362,2614.53
2165,15,1,1,13.8184,2522.64
2117,15,1,1,13.8136,2495.84
2164,15,1,1,13.7941,2379.87
1306,15,1,1,13.7705,2220.43
1312,15,1,1,13.7704,2220.07
1311,15,1,1,13.7589,2157.31
1319,15,1,1,13.7289,1971.27
1318,15,1,1,13.7204,1924.94
1292,15,1,1,13.7196,1921.22
1291,15,1,1,13.7077,1860.89
1290,15,1,1,13.6896,1768.79
1294,15,1,1,13.6648,1636.7
1296,15,1,1,13.6468,1528.81
2135,15,1,2,14.3428,5276.12,0.0471667,205.727,0.03,3
2133,15,1,2,14.3164,5096.55
366,15,1,2,14.3125,5069.81
2134,15,1,2,14.3005,5003.54
2136,15,1,2,14.2888,4939.82
393,15,1,2,14.2575,4778.28
401,15,1,2,14.2443,4707.19
1739,15,1,2,14.2337,4649.91
1742,15,1,2,14.2265,4612.51
1741,15,1,2,14.2206,4580.29
418,15,1,2,14.2129,4539.93
417,15,1,2,14.2097,4522.33
1989,15,1,2,14.1933,4436.79
2011,15,1,2,14.1754,4342.87
891,15,1,2,14.1554,4236.98
892,15,1,2,14.145,4185.34
916,15,1,2,14.1258,4086.19
919,15,1,2,14.1201,4047.11
2017,15,1,2,14.12,4046.93
1786,15,1,2,14.1154,4023.39
918,15,1,2,14.1122,4006.7
920,15,1,2,14.0996,3937.71
1085,15,1,2,14.0832,3847.61
2035,15,1,2,14.0683,3771.18
1106,15,1,2,14.0557,3704.31
2039,15,1,2,14.0491,3662.66
2040,15,1,2,14.0389,3605.67
1783,15,1,2,14.0133,3482.49
1153,15,1,2,14.0055,3443.61
1154,15,1,2,13.992,3374.68
1324,15,1,2,13.9857,3343.88
1325,15,1,2,13.9772,3299.63
2073,15,1,2,13.9692,3260.46
1336,15,1,2,13.9403,3112.7
842,15,1,3,14.9177,8435.12,0,0,0
830,15,1,3,14.8924,8308.25
2008,15,1,3,14.8543,8114.71
812,15,1,3,14.838,8023.97
807,15,1,3,14.8379,8023.18
356,15,1,3,14.8237,7947.15
1981,15,1,3,14.8115,7863.64
345,15,1,3,14.7962,7780.74
341,15,1,3,14.7846,7721.3
2132,15,1,3,14.7843,7719.26
328,15,1,3,14.7686,7625.32
2115,15,1,3,14.7569,7565.06
329,15,1,3,14.753,7544.02
1979,15,1,3,14.745,7505.62
1978,15,1,3,14.7045,7279.04
107,15,1,3,14.6962,7225.16
1967,15,1,3,14.6932,7196.46
105,15,1,3,14.6682,7047.62
124,15,1,3,14.6566,6976.94
1970,15,1,3,14.6407,6883.82
122,15,1,3,14.6292,6824.4
117,15,1,3,14.6109,6732.89
118,15,1,3,14.6028,6692.87
1968,15,1,3,14.5713,6528.15
1969,15,1,3,14.5594,6452.1
115,15,1,3,14.5568,6437.51
2113,15,1,3,14.5521,6411.93
2133,15,1,3,14.4152,5660.73
2135,15,1,3,14.39,5481.85
261,15,2,0,15.7689,1661.66,0.0815,355.478,0.26,1
262,15,2,0,15.7511,1573.69
269,15,2,0,15.7387,1507.18
270,15,2,0,15.7279,1451.01
277,15,2,0,15.708,1346.78
283,15,2,0,15.6989,1296.43
284,15,2,0,15.6938,1271.28
285,15,2,0,15.6769,1185.29
289,15,2,0,15.6607,1096.75
331,15,2,0,15.6323,954.304
332,15,2,0,15.6233,906.366
339,15,2,0,15.6108,840.906
346,15,2,0,15.595,752.534
347,15,2,0,15.5944,749.516
354,15,2,0,15.5834,685.875
803,15,2,0,15.5834,685.503
804,15,2,0,15.571,621.793
818,15,2,0,15.5448,486.133
819,15,2,0,15.5354,422.153
2009,15,2,0,15.5283,374.646
2010,15,2,0,15.5119,272.968
839,15,2,0,15.501,213.908
838,15,2,0,15.4918,163.086
840,15,2,0,15.4733,64.8138
842,15,2,0,15.46,0
321,15,2,1,16.0602,3185.38,0.052,226.808,0.44,2
1978,15,2,1,16.0394,3083.71
1979,15,2,1,16.0064,2873.22
329,15,2,1,16.0043,2855.78
2116,15,2,1,15.9992,2829.36
327,15,2,1,15.9853,2753.33
324,15,2,1,15.9814,2732.42
83,15,2,1,15.9811,2730.43
82,15,2,1,15.9599,2580.46
264,15,2,1,15.9123,2340.22
263,15,2,1,15.8877,2212.66
270,15,2,1,15.8871,2209.89
269,15,2,1,15.8772,2157.09
262,15,2,1,15.8647,2090.13
261,15,2,1,15.8504,2017.14
637,15,2,2,16.364,4858.95,0.109,475.425,0.07,3
1996,15,2,2,16.351,4793.47
1995,15,2,2,16.3462,4768.98
1993,15,2,2,16.3412,4742.1
1994,15,2,2,16.3369,4720.62
562,15,2,2,16.3293,4679.86
563,15,2,2,16.3256,4660.68
564,15,2,2,16.3205,4632.75
557,15,2,2,16.3158,4601.83
561,15,2,2,16.3093,4555.39
628,15,2,2,16.3052,4530.41
615,15,2,2,16.301,4503.3
608,15,2,2,16.2898,4441.94
612,15,2,2,16.2852,4412.51
426,15,2,2,16.2778,4370.18
424,15,2,2,16.2757,4357.02
407,15,2,2,16.2548,4251.2
406,15,2,2,16.2509,4230.15
403,15,2,2,16.2388,4171.52
394,15,2,2,16.2278,4113.37
384,15,2,2,16.2233,4090.75
385,15,2,2,16.2186,4067.25
377,15,2,2,16.2154,4050.21
2134,15,2,2,16.1951,3942.2
369,15,2,2,16.1791,3846.57
370,15,2,2,16.1742,3809.38
365,15,2,2,16.1372,3601.17
323,15,2,2,16.122,3478.9
108,15,2,2,16.1127,3414.42
321,15,2,2,16.1122,3412.19
842,15,2,3,16.7829,7012.69,0,0,0
841,15,2,3,16.7755,6973.19
829,15,2,3,16.7539,6861.03
831,15,2,3,16.7407,6793.69
825,15,2,3,16.7403,6791.66
822,15,2,3,16.7196,6679.55
823,15,2,3,16.7136,6648.1
824,15,2,3,16.6978,6567.96
880,15,2,3,16.6777,6462.5
882,15,2,3,16.6574,6361
2155,15,2,3,16.654,6343.48
2012,15,2,3,16.6371,6252.5
885,15,2,3,16.6322,6228.45
886,15,2,3,16.6107,6116.18
2013,15,2,3,16.6014,6068.77
1988,15,2,3,16.5798,5958.08
417,15,2,3,16.5589,5851.72
418,15,2,3,16.5559,5834.91
419,15,2,3,16.5406,5750.41
423,15,2,3,16.5344,5714.19
609,15,2,3,16.5285,5657.87
628,15,2,3,16.519,5583.79
561,15,2,3,16.5154,5559.21
557,15,2,3,16.5073,5511.08
554,15,2,3,16.5057,5502.53
565,15,2,3,16.4968,5454.05
562,15,2,3,16.4907,5421.51
639,15,2,3,16.4872,5404.07
638,15,2,3,16.4785,5361.85
637,15,2,3,16.473,5334.37
