Node, Individual, Route,Segment, Travel time, Travel cost, Attention time, Attention cost, Failure rate, Demand
1800,0,0,0,13.7116,951.622,0.0345,150.479,0.15,1
552,0,0,0,13.7025,905.718
603,0,0,0,13.6689,740.761
604,0,0,0,13.6639,714.369
596,0,0,0,13.6637,713.397
580,0,0,0,13.6522,649.074
574,0,0,0,13.6316,541.537
573,0,0,0,13.6225,489.448
564,0,0,0,13.6152,450.205
557,0,0,0,13.6093,417.124
561,0,0,0,13.6026,370.589
628,0,0,0,13.5983,345.216
615,0,0,0,13.5935,317.236
617,0,0,0,13.59,299.689
616,0,0,0,13.5824,261.472
676,0,0,0,13.5762,230.409
674,0,0,0,13.5658,178.918
675,0,0,0,13.5592,145.841
962,0,0,0,13.5488,96.4787
961,0,0,0,13.5433,67.3447
999,0,0,0,13.53,0
449,0,0,1,13.8752,1836.91,0.0431667,188.28,0.11,2
457,0,0,1,13.8637,1774.85
456,0,0,1,13.8588,1745.81
458,0,0,1,13.8496,1684.9
459,0,0,1,13.8429,1639.55
1543,0,0,1,13.8344,1577.74
715,0,0,1,13.8293,1533.9
716,0,0,1,13.8161,1459.54
722,0,0,1,13.8155,1456.73
552,0,0,1,13.7544,1144.84
1800,0,0,1,13.7461,1102.1
362,0,0,2,14.0428,2765.87,0.0438333,191.188,0.02,3
363,0,0,2,14.0278,2683.42
367,0,0,2,14.0152,2614.55
368,0,0,2,14.0078,2579.99
451,0,0,2,13.9864,2462.69
1716,0,0,2,13.9839,2446.26
462,0,0,2,13.9767,2407.44
1990,0,0,2,13.9689,2354.4
452,0,0,2,13.965,2322.33
453,0,0,2,13.9542,2234.91
455,0,0,2,13.9429,2167.09
454,0,0,2,13.9397,2149.71
448,0,0,2,13.9333,2105.76
449,0,0,2,13.9184,2025.19
104,0,0,3,14.2921,4056.37,0.0708333,308.954,0.11,4
124,0,0,3,14.2777,3981.51
1715,0,0,3,14.2418,3800.2
136,0,0,3,14.2366,3772.52
139,0,0,3,14.2235,3702.9
140,0,0,3,14.2027,3589.25
360,0,0,3,14.164,3379.64
361,0,0,3,14.1515,3310.77
367,0,0,3,14.1177,3122.97
363,0,0,3,14.1024,3042.74
362,0,0,3,14.0867,2957.06
815,0,0,4,14.609,5768.53,0.0983333,428.9,0.22,5
816,0,0,4,14.6011,5729.39
2151,0,0,4,14.5892,5665.72
819,0,0,4,14.5744,5585.62
811,0,0,4,14.5538,5469.88
805,0,0,4,14.55,5449.05
358,0,0,4,14.5369,5378.85
349,0,0,4,14.5207,5293.25
344,0,0,4,14.5073,5211.22
1819,0,0,4,14.494,5117.76
335,0,0,4,14.4895,5089.47
2114,0,0,4,14.476,5016.87
329,0,0,4,14.4735,5001.84
1979,0,0,4,14.467,4969.49
1978,0,0,4,14.4258,4740.04
107,0,0,4,14.4177,4686.29
1967,0,0,4,14.4147,4657.59
105,0,0,4,14.389,4507.7
124,0,0,4,14.3761,4434.82
104,0,0,4,14.3629,4365.33
1280,0,0,5,14.8765,7139.59,0.0575,250.798,0.05,6
1845,0,0,5,14.8613,7063.03
1270,0,0,5,14.8577,7044.48
1269,0,0,5,14.8439,6975.04
1259,0,0,5,14.8255,6878.54
1773,0,0,5,14.8106,6798.81
862,0,0,5,14.7987,6734.85
850,0,0,5,14.7914,6688.34
849,0,0,5,14.7833,6638.15
1774,0,0,5,14.7801,6619.33
837,0,0,5,14.7694,6551.24
2010,0,0,5,14.7605,6501.79
836,0,0,5,14.7536,6454.03
827,0,0,5,14.7437,6397.3
826,0,0,5,14.7231,6284.92
815,0,0,5,14.7074,6197.43
2021,0,0,6,15.113,8346.56,0.076,331.489,0.27,7
951,0,0,6,15.0902,8233.1
949,0,0,6,15.0779,8170.85
2025,0,0,6,15.0744,8153.4
2024,0,0,6,15.0597,8074.06
1557,0,0,6,15.0451,7997.99
1299,0,0,6,15.026,7895.12
1300,0,0,6,15.0214,7871.58
1298,0,0,6,15.015,7837.88
2176,0,0,6,15.0085,7798.65
2066,0,0,6,14.9977,7730.83
1262,0,0,6,14.986,7668.45
1261,0,0,6,14.9765,7618.4
1846,0,0,6,14.9541,7496.97
1845,0,0,6,14.9471,7458.43
1280,0,0,6,14.934,7390.39
1317,0,0,7,15.3012,9275.63,0.0693333,302.411,0.21,8
2071,0,0,7,15.2885,9205.43
2165,0,0,7,15.2673,9092.61
1314,0,0,7,15.2492,8998.05
1309,0,0,7,15.2486,8995.18
1304,0,0,7,15.237,8930.54
952,0,0,7,15.2108,8789.96
2022,0,0,7,15.1992,8731.74
2021,0,0,7,15.189,8678.05
1414,0,0,8,15.5224,10375,0.0926667,404.184,0.21,9
1350,0,0,8,15.5079,10301.9
1351,0,0,8,15.5001,10261.8
1352,0,0,8,15.4839,10183.9
1358,0,0,8,15.4738,10131.7
1357,0,0,8,15.4627,10073.5
1356,0,0,8,15.4619,10069.8
2076,0,0,8,15.4559,10037.5
1355,0,0,8,15.4547,10030.8
1364,0,0,8,15.4546,10030.6
1361,0,0,8,15.4485,9996.18
1360,0,0,8,15.4299,9898.13
1370,0,0,8,15.4007,9745.5
1359,0,0,8,15.3998,9741.04
2071,0,0,8,15.3826,9645.64
1317,0,0,8,15.3705,9578.04
1206,0,0,9,15.7106,11291,0.0928333,404.911,0.1,10
2081,0,0,9,15.6948,11203.5
2080,0,0,9,15.681,11128.5
2079,0,0,9,15.6662,11054.4
1554,0,0,9,15.6582,11014.3
1416,0,0,9,15.6566,11006.4
1415,0,0,9,15.6423,10933.5
2097,0,0,9,15.6306,10872.3
2120,0,0,9,15.6271,10840.4
1414,0,0,9,15.615,10779.2
999,0,0,10,16.0956,13236.7,0,0,0
1002,0,0,10,16.0915,13208.6
1031,0,0,10,16.0769,13136.4
2031,0,0,10,16.0696,13099.4
2032,0,0,10,16.0692,13097.6
1034,0,0,10,16.0545,13023.4
1037,0,0,10,16.0464,12980.2
1039,0,0,10,16.0383,12938.6
1041,0,0,10,16.0292,12892.7
2030,0,0,10,16.023,12861.8
2158,0,0,10,16.0202,12846.7
2029,0,0,10,16.009,12788.9
1043,0,0,10,16.0089,12788.5
1044,0,0,10,16.0037,12762.1
1046,0,0,10,15.9975,12727.6
1060,0,0,10,15.9806,12640.5
1061,0,0,10,15.9735,12605
1063,0,0,10,15.9705,12588.9
1083,0,0,10,15.9578,12517.8
1105,0,0,10,15.945,12449.6
1104,0,0,10,15.9272,12356.3
1183,0,0,10,15.9247,12339.8
1184,0,0,10,15.9193,12311.1
1663,0,0,10,15.9092,12259.7
1189,0,0,10,15.9028,12225.1
1194,0,0,10,15.889,12147.6
1196,0,0,10,15.8887,12146
1550,0,0,10,15.882,12107.6
1552,0,0,10,15.8778,12085.9
2059,0,0,10,15.8699,12046.3
1202,0,0,10,15.8526,11955
2096,0,0,10,15.8204,11789.6
1654,0,0,10,15.8087,11725.8
1653,0,0,10,15.8066,11713.5
1206,0,0,10,15.8034,11695.9
1800,1,0,0,13.3616,951.622,0.0345,150.479,0.15,1
552,1,0,0,13.3525,905.718
603,1,0,0,13.3189,740.761
604,1,0,0,13.3139,714.369
596,1,0,0,13.3137,713.397
580,1,0,0,13.3022,649.074
574,1,0,0,13.2816,541.537
573,1,0,0,13.2725,489.448
564,1,0,0,13.2652,450.205
557,1,0,0,13.2593,417.124
561,1,0,0,13.2526,370.589
628,1,0,0,13.2483,345.216
615,1,0,0,13.2435,317.236
617,1,0,0,13.24,299.689
616,1,0,0,13.2324,261.472
676,1,0,0,13.2262,230.409
674,1,0,0,13.2158,178.918
675,1,0,0,13.2092,145.841
962,1,0,0,13.1988,96.4787
961,1,0,0,13.1933,67.3447
999,1,0,0,13.18,0
449,1,0,1,13.5252,1836.91,0.0431667,188.28,0.11,2
457,1,0,1,13.5138,1774.85
456,1,0,1,13.5088,1745.81
458,1,0,1,13.4996,1684.9
459,1,0,1,13.4929,1639.55
1543,1,0,1,13.4844,1577.74
715,1,0,1,13.4793,1533.9
716,1,0,1,13.4661,1459.54
722,1,0,1,13.4655,1456.73
552,1,0,1,13.4044,1144.84
1800,1,0,1,13.3961,1102.1
362,1,0,2,13.6928,2765.87,0.0871667,380.195,0.02,3
363,1,0,2,13.6778,2683.42
367,1,0,2,13.6652,2614.55
368,1,0,2,13.6578,2579.99
451,1,0,2,13.6364,2462.69
1716,1,0,2,13.6339,2446.26
462,1,0,2,13.6267,2407.44
1990,1,0,2,13.6189,2354.4
452,1,0,2,13.615,2322.33
453,1,0,2,13.6042,2234.91
455,1,0,2,13.5929,2167.09
454,1,0,2,13.5897,2149.71
448,1,0,2,13.5833,2105.76
449,1,0,2,13.5684,2025.19
104,1,0,3,13.9879,4256.66,0.05,218.085,0.11,4
124,1,0,3,13.974,4184.1
1715,1,0,3,13.9448,4030.74
136,1,0,3,13.939,4000.98
139,1,0,3,13.9257,3929.79
140,1,0,3,13.9015,3801.85
360,1,0,3,13.8619,3588.7
361,1,0,3,13.8475,3511.32
367,1,0,3,13.8107,3310.48
363,1,0,3,13.7972,3238.05
362,1,0,3,13.78,3146.07
815,1,0,4,14.284,5877.95,0.0983333,428.9,0.22,5
816,1,0,4,14.276,5838.81
2151,1,0,4,14.2642,5775.14
819,1,0,4,14.2493,5695.04
811,1,0,4,14.2288,5579.3
805,1,0,4,14.225,5558.47
358,1,0,4,14.2119,5488.27
349,1,0,4,14.1956,5402.67
344,1,0,4,14.1822,5320.64
1819,1,0,4,14.1689,5227.18
335,1,0,4,14.1644,5198.89
2114,1,0,4,14.151,5126.29
329,1,0,4,14.1485,5111.26
1979,1,0,4,14.1419,5078.91
1978,1,0,4,14.1008,4849.46
107,1,0,4,14.0927,4795.71
1967,1,0,4,14.0897,4767.01
105,1,0,4,14.064,4617.12
124,1,0,4,14.051,4544.24
104,1,0,4,14.0379,4474.75
1280,1,0,5,14.5514,7249.01,0.0575,250.798,0.05,6
1845,1,0,5,14.5362,7172.45
1270,1,0,5,14.5327,7153.9
1269,1,0,5,14.5189,7084.46
1259,1,0,5,14.5005,6987.96
1773,1,0,5,14.4855,6908.23
862,1,0,5,14.4736,6844.27
850,1,0,5,14.4664,6797.76
849,1,0,5,14.4583,6747.58
1774,1,0,5,14.455,6728.75
837,1,0,5,14.4443,6660.66
2010,1,0,5,14.4355,6611.21
836,1,0,5,14.4285,6563.45
827,1,0,5,14.4186,6506.72
826,1,0,5,14.398,6394.34
815,1,0,5,14.3823,6306.85
2021,1,0,6,14.7879,8455.98,0.0923333,402.73,0.26,7
951,1,0,6,14.7652,8342.52
949,1,0,6,14.7528,8280.27
2025,1,0,6,14.7494,8262.82
2024,1,0,6,14.7346,8183.48
1557,1,0,6,14.7201,8107.41
1299,1,0,6,14.701,8004.54
1300,1,0,6,14.6964,7981
1298,1,0,6,14.69,7947.3
2176,1,0,6,14.6834,7908.07
2066,1,0,6,14.6726,7840.25
1262,1,0,6,14.6609,7777.87
1261,1,0,6,14.6515,7727.82
1846,1,0,6,14.629,7606.39
1845,1,0,6,14.6221,7567.85
1280,1,0,6,14.6089,7499.81
1317,1,0,7,15.0067,9516.53,0.0693333,302.411,0.21,8
2071,1,0,7,14.9941,9446.63
2165,1,0,7,14.9716,9328.52
1314,1,0,7,14.9526,9230
1309,1,0,7,14.952,9227.12
1304,1,0,7,14.9377,9150.99
952,1,0,7,14.9064,8988.36
2022,1,0,7,14.8948,8930.14
2021,1,0,7,14.8803,8858.71
1414,1,0,8,15.2279,10615.9,0.0926667,404.184,0.21,9
1350,1,0,8,15.2134,10542.8
1351,1,0,8,15.2056,10502.7
1352,1,0,8,15.1894,10424.8
1358,1,0,8,15.1793,10372.6
1357,1,0,8,15.1681,10314.4
1356,1,0,8,15.1674,10310.7
2076,1,0,8,15.1614,10278.4
1355,1,0,8,15.1602,10271.7
1364,1,0,8,15.1601,10271.5
1361,1,0,8,15.154,10237.1
1360,1,0,8,15.1354,10139
1370,1,0,8,15.1062,9986.4
1359,1,0,8,15.1053,9981.94
2071,1,0,8,15.0881,9886.54
1317,1,0,8,15.076,9818.94
1206,1,0,9,15.416,11531.9,0.0928333,404.911,0.1,10
2081,1,0,9,15.4003,11444.4
2080,1,0,9,15.3865,11369.4
2079,1,0,9,15.3717,11295.3
1554,1,0,9,15.3636,11255.2
1416,1,0,9,15.3621,11247.3
1415,1,0,9,15.3478,11174.4
2097,1,0,9,15.3361,11113.2
2120,1,0,9,15.3326,11081.3
1414,1,0,9,15.3205,11020.1
999,1,0,10,15.8011,13477.6,0,0,0
1002,1,0,10,15.797,13449.5
1031,1,0,10,15.7824,13377.3
2031,1,0,10,15.7751,13340.3
2032,1,0,10,15.7747,13338.5
1034,1,0,10,15.76,13264.3
1037,1,0,10,15.7519,13221.1
1039,1,0,10,15.7438,13179.5
1041,1,0,10,15.7347,13133.6
2030,1,0,10,15.7285,13102.7
2158,1,0,10,15.7257,13087.6
2029,1,0,10,15.7145,13029.8
1043,1,0,10,15.7144,13029.3
1044,1,0,10,15.7092,13003
1046,1,0,10,15.7029,12968.5
1060,1,0,10,15.6861,12881.4
1061,1,0,10,15.679,12845.9
1063,1,0,10,15.676,12829.8
1083,1,0,10,15.6633,12758.7
1105,1,0,10,15.6505,12690.5
1104,1,0,10,15.6327,12597.2
1183,1,0,10,15.6302,12580.7
1184,1,0,10,15.6247,12552
1663,1,0,10,15.6147,12500.6
1189,1,0,10,15.6083,12466
1194,1,0,10,15.5945,12388.5
1196,1,0,10,15.5942,12386.9
1550,1,0,10,15.5875,12348.5
1552,1,0,10,15.5833,12326.8
2059,1,0,10,15.5754,12287.2
1202,1,0,10,15.5581,12195.9
2096,1,0,10,15.5259,12030.5
1654,1,0,10,15.5142,11966.7
1653,1,0,10,15.5121,11954.4
1206,1,0,10,15.5089,11936.8
1800,2,0,0,14.3035,1007.05,0.0793333,346.028,0.17,1
552,2,0,0,14.2892,939.646
603,2,0,0,14.2576,783.092
604,2,0,0,14.2528,757.682
596,2,0,0,14.2527,756.71
580,2,0,0,14.2384,680.504
574,2,0,0,14.217,569.599
573,2,0,0,14.2073,515.193
564,2,0,0,14.2005,477.803
557,2,0,0,14.1945,444.257
561,2,0,0,14.1884,397.895
628,2,0,0,14.1848,373.421
615,2,0,0,14.1805,346.226
617,2,0,0,14.1771,328.679
616,2,0,0,14.1704,294.749
676,2,0,0,14.1643,263.686
674,2,0,0,14.1493,194.033
675,2,0,0,14.1428,160.956
962,2,0,0,14.1341,118.866
961,2,0,0,14.1268,81.8149
999,2,0,0,14.11,0
449,2,0,1,14.5166,2106.84,0.0403333,175.922,0.13,2
457,2,0,1,14.5024,2032.64
456,2,0,1,14.4969,2002.26
458,2,0,1,14.4847,1934.36
459,2,0,1,14.4791,1889.14
1543,2,0,1,14.4701,1827.13
715,2,0,1,14.4654,1782.65
716,2,0,1,14.4503,1700.04
722,2,0,1,14.4497,1697.23
552,2,0,1,14.3911,1395.81
1800,2,0,1,14.3828,1353.07
362,2,0,2,14.6814,3025.49,0.0438333,191.188,0.02,3
363,2,0,2,14.6651,2937.28
440,2,0,2,14.6373,2796.51
451,2,0,2,14.6208,2710.31
1716,2,0,2,14.6183,2693.89
462,2,0,2,14.6092,2646.81
1990,2,0,2,14.6021,2594.12
452,2,0,2,14.5982,2562.06
453,2,0,2,14.587,2474.83
455,2,0,2,14.5786,2409.34
454,2,0,2,14.576,2394.7
448,2,0,2,14.5687,2349.78
449,2,0,2,14.557,2282.76
104,2,0,3,14.9307,4315.99,0.0708333,308.954,0.11,4
124,2,0,3,14.9163,4241.12
1715,2,0,3,14.8804,4059.81
136,2,0,3,14.8752,4032.13
139,2,0,3,14.8621,3962.51
140,2,0,3,14.8413,3848.86
360,2,0,3,14.8026,3639.25
361,2,0,3,14.7901,3570.39
367,2,0,3,14.7563,3382.58
363,2,0,3,14.741,3302.35
362,2,0,3,14.7252,3216.67
815,2,0,4,15.2407,5990.4,0.0461667,201.365,0.21,5
816,2,0,4,15.2286,5934.55
817,2,0,4,15.2185,5880.18
803,2,0,4,15.1999,5773.61
354,2,0,4,15.1998,5773.24
357,2,0,4,15.1905,5720.98
358,2,0,4,15.177,5647.19
349,2,0,4,15.1601,5558.8
344,2,0,4,15.1473,5477.54
1819,2,0,4,15.1347,5384.31
335,2,0,4,15.1295,5354.95
2114,2,0,4,15.1157,5280.65
329,2,0,4,15.1131,5265.38
1979,2,0,4,15.1066,5233.33
1978,2,0,4,15.0674,5012.44
107,2,0,4,15.059,4958.37
1967,2,0,4,15.056,4929.66
105,2,0,4,15.0305,4780.24
124,2,0,4,15.0141,4692.01
104,2,0,4,15.0015,4624.94
1280,2,0,5,15.4499,7109.96,0.111167,484.876,0.06,6
1845,2,0,5,15.4366,7041.64
1270,2,0,5,15.4325,7020.42
1269,2,0,5,15.4205,6958.45
1259,2,0,5,15.4031,6866.32
1773,2,0,5,15.3865,6779.53
862,2,0,5,15.3754,6719.03
850,2,0,5,15.3671,6671.01
849,2,0,5,15.3592,6621.04
1774,2,0,5,15.356,6602.3
837,2,0,5,15.3452,6534.11
2010,2,0,5,15.3379,6488.01
836,2,0,5,15.3308,6440.19
827,2,0,5,15.3215,6384.47
826,2,0,5,15.3017,6275.57
815,2,0,5,15.2869,6191.77
1414,2,0,6,15.8496,9188,0.0926667,404.184,0.21,7
1350,2,0,6,15.8344,9111.74
1351,2,0,6,15.8267,9072.12
1352,2,0,6,15.8141,9008.89
1358,2,0,6,15.8044,8958.43
1357,2,0,6,15.7932,8900.26
1356,2,0,6,15.7925,8896.54
2076,2,0,6,15.7865,8864.23
1355,2,0,6,15.7853,8857.57
1364,2,0,6,15.7852,8857.36
1361,2,0,6,15.7791,8822.9
1354,2,0,6,15.779,8822.71
2188,2,0,6,15.7713,8783.43
2075,2,0,6,15.749,8669.64
1822,2,0,6,15.7482,8665.65
1353,2,0,6,15.7401,8624.01
2118,2,0,6,15.7185,8507.34
2117,2,0,6,15.716,8482.71
2164,2,0,6,15.6977,8368.3
1306,2,0,6,15.6728,8207.63
1599,2,0,6,15.6569,8118.62
1300,2,0,6,15.6524,8091.93
1298,2,0,6,15.6476,8065.18
2176,2,0,6,15.6411,8025.98
2066,2,0,6,15.6308,7958.78
1262,2,0,6,15.6194,7897.86
1261,2,0,6,15.6107,7850.75
1846,2,0,6,15.5787,7688.82
1281,2,0,6,15.5718,7651.97
1280,2,0,6,15.5611,7594.84
1206,2,0,7,16.0378,10104,0.0515,224.627,0.1,8
2081,2,0,7,16.0221,10016.5
2080,2,0,7,16.0082,9941.44
2079,2,0,7,15.9935,9867.42
1554,2,0,7,15.9854,9827.24
1416,2,0,7,15.9839,9819.42
1415,2,0,7,15.9695,9746.49
2097,2,0,7,15.9578,9685.28
2120,2,0,7,15.9543,9653.4
1414,2,0,7,15.9423,9592.18
1317,2,0,8,16.3569,11737,0.104167,454.344,0.13,9
2071,2,0,8,16.3441,11666.5
1359,2,0,8,16.3215,11547.9
1370,2,0,8,16.3206,11543.4
1360,2,0,8,16.2974,11416.6
1361,2,0,8,16.2827,11335.4
1354,2,0,8,16.2827,11335.2
1355,2,0,8,16.2767,11302.7
2076,2,0,8,16.2748,11293.5
1356,2,0,8,16.2673,11254.4
1357,2,0,8,16.2665,11250.7
1358,2,0,8,16.2534,11184.2
1352,2,0,8,16.2454,11141
1351,2,0,8,16.2351,11087.4
1350,2,0,8,16.2276,11048.8
1414,2,0,8,16.2148,10982.5
2120,2,0,8,16.204,10926.9
2097,2,0,8,16.1956,10882.6
1415,2,0,8,16.1825,10815.8
1416,2,0,8,16.1678,10740.9
1554,2,0,8,16.1662,10733.1
2079,2,0,8,16.1579,10692
2080,2,0,8,16.1426,10615.5
2081,2,0,8,16.1269,10532.7
1207,2,0,8,16.1078,10430.1
2061,2,0,8,16.0994,10383.3
1206,2,0,8,16.0893,10328.6
2021,2,0,9,16.5851,12841.1,0.07,305.319,0.28,10
1303,2,0,9,16.5577,12697.4
1307,2,0,9,16.5492,12650.5
1308,2,0,9,16.535,12578.2
1309,2,0,9,16.518,12490.3
1314,2,0,9,16.5174,12487.4
2165,2,0,9,16.4945,12372.5
2071,2,0,9,16.4745,12265.1
1317,2,0,9,16.461,12191.3
999,2,0,10,16.8514,14156.9,0,0,0
1002,2,0,10,16.846,14126.5
1024,2,0,10,16.8255,14022.4
1029,2,0,10,16.82,13995.1
1027,2,0,10,16.8079,13934.9
1051,2,0,10,16.7948,13868.3
1052,2,0,10,16.787,13828.9
1804,2,0,10,16.7865,13826.8
2015,2,0,10,16.7753,13770.6
2014,2,0,10,16.7673,13730
2017,2,0,10,16.7661,13724.3
2170,2,0,10,16.7634,13710.2
1738,2,0,10,16.7488,13635.1
1737,2,0,10,16.7433,13606.2
936,2,0,10,16.7312,13540.6
933,2,0,10,16.7306,13537.7
934,2,0,10,16.7251,13500
943,2,0,10,16.7111,13430.3
942,2,0,10,16.7032,13389
941,2,0,10,16.6918,13331.3
1790,2,0,10,16.6768,13255.2
2022,2,0,10,16.6663,13204.3
2021,2,0,10,16.6551,13146.4
1800,3,0,0,14.1416,951.622,0.0793333,346.028,0.17,1
552,3,0,0,14.1325,905.718
603,3,0,0,14.0989,740.761
604,3,0,0,14.0939,714.369
596,3,0,0,14.0937,713.397
580,3,0,0,14.0822,649.074
574,3,0,0,14.0616,541.537
573,3,0,0,14.0525,489.448
564,3,0,0,14.0452,450.205
557,3,0,0,14.0393,417.124
561,3,0,0,14.0326,370.589
628,3,0,0,14.0283,345.216
615,3,0,0,14.0235,317.236
617,3,0,0,14.02,299.689
616,3,0,0,14.0124,261.472
676,3,0,0,14.0062,230.409
674,3,0,0,13.9958,178.918
675,3,0,0,13.9892,145.841
962,3,0,0,13.9788,96.4787
961,3,0,0,13.9733,67.3447
999,3,0,0,13.96,0
449,3,0,1,14.3547,2051.42,0.0403333,175.922,0.13,2
457,3,0,1,14.3405,1977.21
456,3,0,1,14.335,1946.83
458,3,0,1,14.3228,1878.94
459,3,0,1,14.3172,1833.72
1543,3,0,1,14.3082,1771.71
715,3,0,1,14.3035,1727.23
716,3,0,1,14.2884,1644.62
722,3,0,1,14.2878,1641.8
552,3,0,1,14.2292,1340.39
1800,3,0,1,14.2209,1297.65
362,3,0,2,14.5195,2970.06,0.0438333,191.188,0.02,3
363,3,0,2,14.5032,2881.86
440,3,0,2,14.4754,2741.08
451,3,0,2,14.4589,2654.89
1716,3,0,2,14.4564,2638.46
462,3,0,2,14.4473,2591.39
1990,3,0,2,14.4402,2538.7
452,3,0,2,14.4363,2506.63
453,3,0,2,14.4251,2419.41
455,3,0,2,14.4167,2353.92
454,3,0,2,14.4141,2339.28
448,3,0,2,14.4068,2294.35
449,3,0,2,14.3951,2227.34
104,3,0,3,14.7688,4260.56,0.0708333,308.954,0.11,4
124,3,0,3,14.7544,4185.7
1715,3,0,3,14.7185,4004.39
136,3,0,3,14.7133,3976.71
139,3,0,3,14.7002,3907.09
140,3,0,3,14.6794,3793.44
360,3,0,3,14.6407,3583.83
361,3,0,3,14.6282,3514.96
367,3,0,3,14.5944,3327.16
363,3,0,3,14.5791,3246.93
362,3,0,3,14.5633,3161.25
815,3,0,4,15.0857,5972.72,0.0461667,201.365,0.21,5
816,3,0,4,15.0778,5933.57
2151,3,0,4,15.0659,5869.91
819,3,0,4,15.051,5789.81
811,3,0,4,15.0305,5674.07
805,3,0,4,15.0267,5653.24
358,3,0,4,15.0136,5583.04
349,3,0,4,14.9973,5497.44
344,3,0,4,14.9839,5415.41
1819,3,0,4,14.9707,5321.95
335,3,0,4,14.9661,5293.66
2114,3,0,4,14.9527,5221.06
329,3,0,4,14.9502,5206.03
1979,3,0,4,14.9437,5173.68
1978,3,0,4,14.9025,4944.23
107,3,0,4,14.8944,4890.48
1967,3,0,4,14.8914,4861.77
105,3,0,4,14.8657,4711.89
124,3,0,4,14.8528,4639.01
104,3,0,4,14.8396,4569.52
1280,3,0,5,15.2949,7092.28,0.111167,484.876,0.06,6
1845,3,0,5,15.2816,7023.95
1270,3,0,5,15.2775,7002.74
1269,3,0,5,15.2655,6940.76
1259,3,0,5,15.2481,6848.64
1773,3,0,5,15.2315,6761.85
862,3,0,5,15.2204,6701.35
850,3,0,5,15.2121,6653.33
849,3,0,5,15.2042,6603.36
1774,3,0,5,15.201,6584.62
837,3,0,5,15.1902,6516.43
2010,3,0,5,15.1829,6470.33
836,3,0,5,15.1758,6422.51
827,3,0,5,15.1665,6366.79
826,3,0,5,15.1467,6257.89
815,3,0,5,15.1319,6174.09
2021,3,0,6,15.5882,8546.62,0.076,331.489,0.27,7
951,3,0,6,15.5684,8445.21
949,3,0,6,15.5572,8388.09
2025,3,0,6,15.5538,8370.63
2024,3,0,6,15.5375,8284.65
1557,3,0,6,15.5222,8205.47
1299,3,0,6,15.502,8097.79
1300,3,0,6,15.4974,8074.25
1298,3,0,6,15.4926,8047.49
2176,3,0,6,15.4861,8008.29
2066,3,0,6,15.4758,7941.1
1262,3,0,6,15.4644,7880.18
1261,3,0,6,15.4557,7833.07
1846,3,0,6,15.4237,7671.14
1281,3,0,6,15.4168,7634.29
1280,3,0,6,15.4061,7577.15
1414,3,0,7,15.8806,10025.7,0.0926667,404.184,0.21,8
1350,3,0,7,15.8662,9952.55
1351,3,0,7,15.8584,9912.46
1352,3,0,7,15.8422,9834.58
1358,3,0,7,15.8321,9782.38
1357,3,0,7,15.8209,9724.21
1356,3,0,7,15.8202,9720.49
2076,3,0,7,15.8142,9688.17
1355,3,0,7,15.813,9681.51
1364,3,0,7,15.8129,9681.3
1361,3,0,7,15.8068,9646.84
1354,3,0,7,15.8068,9646.65
2188,3,0,7,15.799,9607.38
2075,3,0,7,15.7767,9493.59
1822,3,0,7,15.7759,9489.59
1353,3,0,7,15.7678,9447.96
2118,3,0,7,15.7462,9331.29
2117,3,0,7,15.7437,9306.66
2164,3,0,7,15.7254,9192.25
1307,3,0,7,15.7115,9116.93
1303,3,0,7,15.6967,9043.3
2021,3,0,7,15.6642,8878.1
1206,3,0,8,16.0688,10941.7,0.0515,224.627,0.1,9
2081,3,0,8,16.0531,10854.2
2080,3,0,8,16.0393,10779.1
2079,3,0,8,16.0245,10705.1
1554,3,0,8,16.0164,10664.9
1416,3,0,8,16.0149,10657.1
1415,3,0,8,16.0006,10584.2
2097,3,0,8,15.9888,10523
2120,3,0,8,15.9854,10491.1
1414,3,0,8,15.9733,10429.9
1317,3,0,9,16.3879,12574.6,0.104167,454.344,0.13,10
2071,3,0,9,16.3752,12504.1
1359,3,0,9,16.3526,12385.6
1370,3,0,9,16.3516,12381.1
1360,3,0,9,16.3285,12254.3
1361,3,0,9,16.3138,12173
1354,3,0,9,16.3137,12172.9
1355,3,0,9,16.3077,12140.3
2076,3,0,9,16.3059,12131.2
1356,3,0,9,16.2983,12092.1
1357,3,0,9,16.2975,12088.3
1358,3,0,9,16.2844,12021.9
1352,3,0,9,16.2764,11978.6
1351,3,0,9,16.2661,11925.1
1350,3,0,9,16.2586,11886.4
1414,3,0,9,16.2458,11820.1
2120,3,0,9,16.2351,11764.6
2097,3,0,9,16.2266,11720.3
1415,3,0,9,16.2136,11653.5
1416,3,0,9,16.1988,11578.6
1554,3,0,9,16.1972,11570.8
2079,3,0,9,16.1889,11529.6
2080,3,0,9,16.1736,11453.2
2081,3,0,9,16.1579,11370.4
1207,3,0,9,16.1388,11267.8
2061,3,0,9,16.1304,11221
1206,3,0,9,16.1203,11166.3
999,3,0,10,16.72,14223.4,0,0,0
1002,3,0,10,16.7146,14193
1031,3,0,10,16.7029,14132.8
2031,3,0,10,16.6956,14095.8
2032,3,0,10,16.6952,14094
1053,3,0,10,16.6873,14054.8
1784,3,0,10,16.6842,14038.3
1066,3,0,10,16.6749,13991.1
2034,3,0,10,16.6579,13901.5
1850,3,0,10,16.6487,13854.5
2035,3,0,10,16.6405,13810.9
1106,3,0,10,16.6286,13746.6
2039,3,0,10,16.6162,13682.8
2106,3,0,10,16.6006,13598.2
2050,3,0,10,16.5914,13554.2
2051,3,0,10,16.58,13494
1333,3,0,10,16.5561,13368.2
1315,3,0,10,16.543,13300.8
2165,3,0,10,16.5255,13210.2
2071,3,0,10,16.5056,13102.8
1317,3,0,10,16.4921,13029
1800,4,0,0,13.7716,951.622,0.0345,150.479,0.15,1
552,4,0,0,13.7625,905.718
603,4,0,0,13.7289,740.761
604,4,0,0,13.7239,714.369
596,4,0,0,13.7237,713.397
580,4,0,0,13.7122,649.074
574,4,0,0,13.6916,541.537
573,4,0,0,13.6825,489.448
564,4,0,0,13.6752,450.205
557,4,0,0,13.6693,417.124
561,4,0,0,13.6626,370.589
628,4,0,0,13.6583,345.216
615,4,0,0,13.6535,317.236
617,4,0,0,13.65,299.689
616,4,0,0,13.6424,261.472
676,4,0,0,13.6362,230.409
674,4,0,0,13.6258,178.918
675,4,0,0,13.6192,145.841
962,4,0,0,13.6088,96.4787
961,4,0,0,13.6033,67.3447
999,4,0,0,13.59,0
449,4,0,1,13.9352,1836.91,0.0431667,188.28,0.11,2
457,4,0,1,13.9237,1774.85
456,4,0,1,13.9188,1745.81
458,4,0,1,13.9096,1684.9
459,4,0,1,13.9029,1639.55
1543,4,0,1,13.8944,1577.74
715,4,0,1,13.8893,1533.9
716,4,0,1,13.8761,1459.54
722,4,0,1,13.8755,1456.73
552,4,0,1,13.8144,1144.84
1800,4,0,1,13.8061,1102.1
362,4,0,2,14.1028,2765.87,0.0438333,191.188,0.02,3
363,4,0,2,14.0878,2683.42
367,4,0,2,14.0752,2614.55
368,4,0,2,14.0678,2579.99
451,4,0,2,14.0464,2462.69
1716,4,0,2,14.0439,2446.26
462,4,0,2,14.0367,2407.44
1990,4,0,2,14.0289,2354.4
452,4,0,2,14.025,2322.33
453,4,0,2,14.0142,2234.91
455,4,0,2,14.0029,2167.09
454,4,0,2,13.9997,2149.71
448,4,0,2,13.9933,2105.76
449,4,0,2,13.9784,2025.19
104,4,0,3,14.3521,4056.37,0.0708333,308.954,0.11,4
124,4,0,3,14.3377,3981.51
1715,4,0,3,14.3018,3800.2
136,4,0,3,14.2966,3772.52
139,4,0,3,14.2836,3702.9
140,4,0,3,14.2627,3589.25
360,4,0,3,14.224,3379.64
361,4,0,3,14.2115,3310.77
367,4,0,3,14.1777,3122.97
363,4,0,3,14.1624,3042.74
362,4,0,3,14.1467,2957.06
815,4,0,4,14.669,5768.53,0.0983333,428.9,0.22,5
816,4,0,4,14.6611,5729.39
2151,4,0,4,14.6492,5665.72
819,4,0,4,14.6344,5585.62
811,4,0,4,14.6138,5469.88
805,4,0,4,14.61,5449.05
358,4,0,4,14.5969,5378.85
349,4,0,4,14.5807,5293.25
344,4,0,4,14.5673,5211.22
1819,4,0,4,14.554,5117.76
335,4,0,4,14.5495,5089.47
2114,4,0,4,14.536,5016.87
329,4,0,4,14.5335,5001.84
1979,4,0,4,14.527,4969.49
1978,4,0,4,14.4858,4740.04
107,4,0,4,14.4777,4686.29
1967,4,0,4,14.4747,4657.59
105,4,0,4,14.449,4507.7
124,4,0,4,14.4361,4434.82
104,4,0,4,14.4229,4365.33
1280,4,0,5,14.9365,7139.59,0.0575,250.798,0.05,6
1845,4,0,5,14.9213,7063.03
1270,4,0,5,14.9177,7044.48
1269,4,0,5,14.9039,6975.04
1259,4,0,5,14.8855,6878.54
1773,4,0,5,14.8706,6798.81
862,4,0,5,14.8587,6734.85
850,4,0,5,14.8514,6688.34
849,4,0,5,14.8433,6638.15
1774,4,0,5,14.8401,6619.33
837,4,0,5,14.8294,6551.24
2010,4,0,5,14.8205,6501.79
836,4,0,5,14.8136,6454.03
827,4,0,5,14.8037,6397.3
826,4,0,5,14.7831,6284.92
815,4,0,5,14.7674,6197.43
2021,4,0,6,15.173,8346.56,0.076,331.489,0.27,7
951,4,0,6,15.1502,8233.1
949,4,0,6,15.1379,8170.85
2025,4,0,6,15.1344,8153.4
2024,4,0,6,15.1197,8074.06
1557,4,0,6,15.1051,7997.99
1299,4,0,6,15.086,7895.12
1300,4,0,6,15.0814,7871.58
1298,4,0,6,15.075,7837.88
2176,4,0,6,15.0685,7798.65
2066,4,0,6,15.0577,7730.83
1262,4,0,6,15.046,7668.45
1261,4,0,6,15.0365,7618.4
1846,4,0,6,15.0141,7496.97
1845,4,0,6,15.0071,7458.43
1280,4,0,6,14.994,7390.39
1414,4,0,7,15.4654,9825.62,0.0926667,404.184,0.21,8
1350,4,0,7,15.451,9752.49
1351,4,0,7,15.4431,9712.4
1352,4,0,7,15.427,9634.52
1358,4,0,7,15.4169,9582.32
1357,4,0,7,15.4057,9524.15
1356,4,0,7,15.4049,9520.43
2076,4,0,7,15.399,9488.11
1355,4,0,7,15.3977,9481.45
1364,4,0,7,15.3977,9481.25
1361,4,0,7,15.3915,9446.78
1354,4,0,7,15.3915,9446.59
2188,4,0,7,15.3837,9407.32
2075,4,0,7,15.3614,9293.53
1822,4,0,7,15.3606,9289.54
1353,4,0,7,15.3526,9247.9
2118,4,0,7,15.331,9131.23
2117,4,0,7,15.3284,9106.6
2164,4,0,7,15.3101,8992.19
1307,4,0,7,15.2962,8916.87
1303,4,0,7,15.2814,8843.24
2021,4,0,7,15.249,8678.05
1206,4,0,8,15.6536,10741.6,0.0928333,404.911,0.1,9
2081,4,0,8,15.6379,10654.1
2080,4,0,8,15.624,10579.1
2079,4,0,8,15.6093,10505
1554,4,0,8,15.6012,10464.9
1416,4,0,8,15.5996,10457
1415,4,0,8,15.5853,10384.1
2097,4,0,8,15.5736,10322.9
2120,4,0,8,15.5701,10291
1414,4,0,8,15.5581,10229.8
1317,4,0,9,16.0196,12583.9,0.104167,454.344,0.13,10
2071,4,0,9,16.0096,12520.8
1359,4,0,9,15.9872,12403.3
1370,4,0,9,15.9863,12398.8
1360,4,0,9,15.9532,12229.4
1361,4,0,9,15.9385,12148.5
1354,4,0,9,15.9385,12148.3
1355,4,0,9,15.9323,12115.1
2076,4,0,9,15.9305,12105.9
1356,4,0,9,15.9235,12069.1
1357,4,0,9,15.9227,12065.4
1358,4,0,9,15.911,12005.2
1352,4,0,9,15.902,11957.5
1351,4,0,9,15.8882,11889.3
1350,4,0,9,15.881,11851.8
1414,4,0,9,15.8646,11770.6
2120,4,0,9,15.8541,11716
2097,4,0,9,15.845,11668.9
1415,4,0,9,15.8322,11603.3
1416,4,0,9,15.8164,11524.3
1554,4,0,9,15.8149,11516.5
2079,4,0,9,15.8084,11482.7
2080,4,0,9,15.7934,11407.8
2081,4,0,9,15.779,11330.5
1207,4,0,9,15.7636,11243.9
2061,4,0,9,15.7563,11200.6
1206,4,0,9,15.7464,11146.5
999,4,0,10,16.3517,14232.7,0,0,0
1002,4,0,10,16.3463,14202.3
1031,4,0,10,16.3346,14142.1
2031,4,0,10,16.3273,14105.1
2032,4,0,10,16.3269,14103.3
1053,4,0,10,16.319,14064.1
1784,4,0,10,16.3158,14047.6
1066,4,0,10,16.3066,14000.4
2034,4,0,10,16.2896,13910.8
1850,4,0,10,16.2804,13863.8
2035,4,0,10,16.2722,13820.2
1106,4,0,10,16.2603,13755.9
2039,4,0,10,16.2478,13692.1
2106,4,0,10,16.2323,13607.5
2050,4,0,10,16.2231,13563.5
2051,4,0,10,16.2116,13503.3
1333,4,0,10,16.1878,13377.5
1315,4,0,10,16.1747,13310.1
2165,4,0,10,16.1572,13219.5
2071,4,0,10,16.1373,13112.1
1317,4,0,10,16.1238,13038.3
1800,5,0,0,13.6716,951.622,0.0345,150.479,0.15,1
552,5,0,0,13.6625,905.718
603,5,0,0,13.6289,740.761
604,5,0,0,13.6239,714.369
596,5,0,0,13.6237,713.397
580,5,0,0,13.6122,649.074
574,5,0,0,13.5916,541.537
573,5,0,0,13.5825,489.448
564,5,0,0,13.5752,450.205
557,5,0,0,13.5693,417.124
561,5,0,0,13.5626,370.589
628,5,0,0,13.5583,345.216
615,5,0,0,13.5535,317.236
617,5,0,0,13.55,299.689
616,5,0,0,13.5424,261.472
676,5,0,0,13.5362,230.409
674,5,0,0,13.5258,178.918
675,5,0,0,13.5192,145.841
962,5,0,0,13.5088,96.4787
961,5,0,0,13.5033,67.3447
999,5,0,0,13.49,0
449,5,0,1,13.8352,1836.91,0.0431667,188.28,0.11,2
457,5,0,1,13.8237,1774.85
456,5,0,1,13.8188,1745.81
458,5,0,1,13.8096,1684.9
459,5,0,1,13.8029,1639.55
1543,5,0,1,13.7944,1577.74
715,5,0,1,13.7893,1533.9
716,5,0,1,13.7761,1459.54
722,5,0,1,13.7755,1456.73
552,5,0,1,13.7144,1144.84
1800,5,0,1,13.7061,1102.1
362,5,0,2,14.0028,2765.87,0.0438333,191.188,0.02,3
363,5,0,2,13.9878,2683.42
367,5,0,2,13.9752,2614.55
368,5,0,2,13.9678,2579.99
451,5,0,2,13.9464,2462.69
1716,5,0,2,13.9439,2446.26
462,5,0,2,13.9367,2407.44
1990,5,0,2,13.9289,2354.4
452,5,0,2,13.925,2322.33
453,5,0,2,13.9142,2234.91
455,5,0,2,13.9029,2167.09
454,5,0,2,13.8997,2149.71
448,5,0,2,13.8933,2105.76
449,5,0,2,13.8784,2025.19
104,5,0,3,14.2521,4056.37,0.0708333,308.954,0.11,4
124,5,0,3,14.2377,3981.51
1715,5,0,3,14.2018,3800.2
136,5,0,3,14.1966,3772.52
139,5,0,3,14.1835,3702.9
140,5,0,3,14.1627,3589.25
360,5,0,3,14.124,3379.64
361,5,0,3,14.1115,3310.77
367,5,0,3,14.0777,3122.97
363,5,0,3,14.0624,3042.74
362,5,0,3,14.0467,2957.06
815,5,0,4,14.569,5768.53,0.0983333,428.9,0.22,5
816,5,0,4,14.5611,5729.39
2151,5,0,4,14.5492,5665.72
819,5,0,4,14.5344,5585.62
811,5,0,4,14.5138,5469.88
805,5,0,4,14.51,5449.05
358,5,0,4,14.4969,5378.85
349,5,0,4,14.4807,5293.25
344,5,0,4,14.4673,5211.22
1819,5,0,4,14.454,5117.76
335,5,0,4,14.4495,5089.47
2114,5,0,4,14.436,5016.87
329,5,0,4,14.4335,5001.84
1979,5,0,4,14.427,4969.49
1978,5,0,4,14.3858,4740.04
107,5,0,4,14.3777,4686.29
1967,5,0,4,14.3747,4657.59
105,5,0,4,14.349,4507.7
124,5,0,4,14.3361,4434.82
104,5,0,4,14.3229,4365.33
1280,5,0,5,14.8365,7139.59,0.0575,250.798,0.05,6
1845,5,0,5,14.8213,7063.03
1270,5,0,5,14.8177,7044.48
1269,5,0,5,14.8039,6975.04
1259,5,0,5,14.7855,6878.54
1773,5,0,5,14.7706,6798.81
862,5,0,5,14.7587,6734.85
850,5,0,5,14.7514,6688.34
849,5,0,5,14.7433,6638.15
1774,5,0,5,14.7401,6619.33
837,5,0,5,14.7294,6551.24
2010,5,0,5,14.7205,6501.79
836,5,0,5,14.7136,6454.03
827,5,0,5,14.7037,6397.3
826,5,0,5,14.6831,6284.92
815,5,0,5,14.6674,6197.43
2021,5,0,6,15.073,8346.56,0.076,331.489,0.27,7
951,5,0,6,15.0502,8233.1
949,5,0,6,15.0379,8170.85
2025,5,0,6,15.0344,8153.4
2024,5,0,6,15.0197,8074.06
1557,5,0,6,15.0051,7997.99
1299,5,0,6,14.986,7895.12
1300,5,0,6,14.9814,7871.58
1298,5,0,6,14.975,7837.88
2176,5,0,6,14.9685,7798.65
2066,5,0,6,14.9577,7730.83
1262,5,0,6,14.946,7668.45
1261,5,0,6,14.9365,7618.4
1846,5,0,6,14.9141,7496.97
1845,5,0,6,14.9071,7458.43
1280,5,0,6,14.894,7390.39
999,5,0,7,15.3414,9691.01,0,0,0
1002,5,0,7,15.3345,9654.18
1031,5,0,7,15.3202,9583.23
2031,5,0,7,15.3129,9546.23
2032,5,0,7,15.3125,9544.41
1053,5,0,7,15.3048,9505.95
2018,5,0,7,15.2663,9301.59
920,5,0,7,15.2629,9283
1085,5,0,7,15.2485,9201.62
937,5,0,7,15.2354,9128.88
936,5,0,7,15.2205,9053.12
933,5,0,7,15.22,9050.18
934,5,0,7,15.2144,9012.54
935,5,0,7,15.2139,9009.93
2020,5,0,7,15.2028,8952.95
943,5,0,7,15.202,8949.02
942,5,0,7,15.1941,8907.95
941,5,0,7,15.1826,8849.8
1790,5,0,7,15.1697,8782.63
2022,5,0,7,15.1592,8731.74
2021,5,0,7,15.149,8678.05
1206,5,1,0,15.7682,1274.9,0.0928333,404.911,0.1,1
1653,5,1,0,15.765,1257.33
2096,5,1,0,15.7566,1210.5
1202,5,1,0,15.7281,1060.83
2059,5,1,0,15.7105,968.507
1552,5,1,0,15.7031,930.8
2060,5,1,0,15.7013,921.439
1551,5,1,0,15.7006,917.264
1550,5,1,0,15.6998,913.48
1196,5,1,0,15.6935,870.183
1194,5,1,0,15.6932,868.635
1190,5,1,0,15.6829,804.163
1186,5,1,0,15.6706,740.147
1183,5,1,0,15.6572,672.715
1103,5,1,0,15.6464,615.126
1084,5,1,0,15.6368,558.621
1062,5,1,0,15.6198,458.188
2159,5,1,0,15.6196,457.186
1045,5,1,0,15.6189,454.036
1043,5,1,0,15.6158,438.079
2158,5,1,0,15.6091,404.11
2030,5,1,0,15.6052,384.274
1011,5,1,0,15.6051,383.45
1009,5,1,0,15.6012,361.416
1041,5,1,0,15.6011,360.726
1039,5,1,0,15.5936,321.56
1037,5,1,0,15.5846,276.701
1034,5,1,0,15.5748,226.091
2032,5,1,0,15.5593,148.497
2031,5,1,0,15.559,146.673
1031,5,1,0,15.5507,105.841
1002,5,1,0,15.5369,36.794
999,5,1,0,15.53,0
1414,5,1,1,15.9793,2303.91,0.0926667,404.184,0.21,2
2120,5,1,1,15.9687,2249.25
2097,5,1,1,15.9596,2202.21
1415,5,1,1,15.9469,2136.64
1416,5,1,1,15.9311,2057.58
1554,5,1,1,15.9295,2049.75
2079,5,1,1,15.923,2015.99
2080,5,1,1,15.908,1941.05
2081,5,1,1,15.8937,1863.79
1207,5,1,1,15.8783,1777.24
2061,5,1,1,15.871,1733.94
1206,5,1,1,15.8611,1679.81
1317,5,1,2,16.2124,3455.81,0.104167,454.344,0.13,3
2071,5,1,2,16.2003,3387.71
1359,5,1,2,16.1787,3273.52
1370,5,1,2,16.1777,3269.07
1360,5,1,2,16.1546,3142.23
1361,5,1,2,16.1399,3061.01
1354,5,1,2,16.1398,3060.82
1355,5,1,2,16.1338,3028.3
2076,5,1,2,16.132,3019.18
1356,5,1,2,16.1244,2980.01
1357,5,1,2,16.1237,2976.29
1358,5,1,2,16.1105,2909.88
1352,5,1,2,16.1025,2866.6
1351,5,1,2,16.0923,2813.05
1350,5,1,2,16.0847,2774.41
1414,5,1,2,16.0719,2708.09
999,5,1,3,16.5446,5104.59,0,0,0
1002,5,1,3,16.5391,5074.13
1031,5,1,3,16.5274,5013.93
2031,5,1,3,16.5201,4976.94
2032,5,1,3,16.5197,4975.12
1053,5,1,3,16.5118,4935.99
1784,5,1,3,16.5087,4919.43
1066,5,1,3,16.4995,4872.27
2034,5,1,3,16.4824,4782.65
1850,5,1,3,16.4732,4735.66
2035,5,1,3,16.4651,4692.03
1106,5,1,3,16.4531,4627.8
2039,5,1,3,16.4407,4563.98
2106,5,1,3,16.4252,4479.34
2050,5,1,3,16.416,4435.37
2051,5,1,3,16.4045,4375.11
1333,5,1,3,16.3806,4249.4
1315,5,1,3,16.3676,4181.95
2165,5,1,3,16.35,4091.35
2071,5,1,3,16.3301,3983.94
1317,5,1,3,16.3166,3910.15
1800,6,0,0,13.2116,951.622,0.0345,150.479,0.15,1
552,6,0,0,13.2025,905.718
603,6,0,0,13.1689,740.761
604,6,0,0,13.1639,714.369
596,6,0,0,13.1637,713.397
580,6,0,0,13.1522,649.074
574,6,0,0,13.1316,541.537
573,6,0,0,13.1225,489.448
564,6,0,0,13.1152,450.205
557,6,0,0,13.1093,417.124
561,6,0,0,13.1026,370.589
628,6,0,0,13.0983,345.216
615,6,0,0,13.0935,317.236
617,6,0,0,13.09,299.689
616,6,0,0,13.0824,261.472
676,6,0,0,13.0762,230.409
674,6,0,0,13.0658,178.918
675,6,0,0,13.0592,145.841
962,6,0,0,13.0488,96.4787
961,6,0,0,13.0433,67.3447
999,6,0,0,13.03,0
449,6,0,1,13.3752,1836.91,0.0431667,188.28,0.11,2
457,6,0,1,13.3637,1774.85
456,6,0,1,13.3588,1745.81
458,6,0,1,13.3496,1684.9
459,6,0,1,13.3429,1639.55
1543,6,0,1,13.3344,1577.74
715,6,0,1,13.3293,1533.9
716,6,0,1,13.3161,1459.54
722,6,0,1,13.3155,1456.73
552,6,0,1,13.2544,1144.84
1800,6,0,1,13.2461,1102.1
362,6,0,2,13.5428,2765.87,0.0871667,380.195,0.02,3
363,6,0,2,13.5278,2683.42
367,6,0,2,13.5152,2614.55
368,6,0,2,13.5078,2579.99
451,6,0,2,13.4864,2462.69
1716,6,0,2,13.4839,2446.26
462,6,0,2,13.4767,2407.44
1990,6,0,2,13.4689,2354.4
452,6,0,2,13.465,2322.33
453,6,0,2,13.4542,2234.91
455,6,0,2,13.4429,2167.09
454,6,0,2,13.4397,2149.71
448,6,0,2,13.4333,2105.76
449,6,0,2,13.4184,2025.19
104,6,0,3,13.8379,4256.66,0.05,218.085,0.11,4
124,6,0,3,13.824,4184.1
1715,6,0,3,13.7948,4030.74
136,6,0,3,13.789,4000.98
139,6,0,3,13.7757,3929.79
140,6,0,3,13.7515,3801.85
360,6,0,3,13.7119,3588.7
361,6,0,3,13.6975,3511.32
367,6,0,3,13.6607,3310.48
363,6,0,3,13.6472,3238.05
362,6,0,3,13.63,3146.07
815,6,0,4,14.1303,5858.59,0.0983333,428.9,0.22,5
816,6,0,4,14.1211,5814.17
817,6,0,4,14.1132,5768.89
803,6,0,4,14.0935,5658.74
354,6,0,4,14.0935,5658.37
357,6,0,4,14.085,5608.76
358,6,0,4,14.0663,5512.49
349,6,0,4,14.05,5427.05
344,6,0,4,14.0372,5345.73
1819,6,0,4,14.025,5252.5
335,6,0,4,14.02,5223.65
2114,6,0,4,14.0044,5141.58
329,6,0,4,14.0018,5126.41
1979,6,0,4,13.995,5092.94
1978,6,0,4,13.9553,4869.99
107,6,0,4,13.9471,4816.05
1967,6,0,4,13.944,4787.35
105,6,0,4,13.9188,4638.28
124,6,0,4,13.9009,4543.77
104,6,0,4,13.8879,4474.75
1280,6,0,5,14.3977,7229.65,0.0575,250.798,0.05,6
1845,6,0,5,14.3825,7153.09
1270,6,0,5,14.379,7134.54
1269,6,0,5,14.3652,7065.1
1259,6,0,5,14.3468,6968.6
1773,6,0,5,14.3318,6888.87
862,6,0,5,14.3199,6824.91
850,6,0,5,14.3127,6778.4
849,6,0,5,14.3046,6728.21
1774,6,0,5,14.3013,6709.39
837,6,0,5,14.2906,6641.3
2010,6,0,5,14.2818,6591.85
836,6,0,5,14.2749,6544.09
827,6,0,5,14.2649,6487.36
826,6,0,5,14.2443,6374.98
815,6,0,5,14.2286,6287.49
2021,6,0,6,14.6342,8436.61,0.0923333,402.73,0.26,7
951,6,0,6,14.6115,8323.16
949,6,0,6,14.5991,8260.91
2025,6,0,6,14.5957,8243.45
2024,6,0,6,14.581,8164.12
1557,6,0,6,14.5664,8088.04
1299,6,0,6,14.5473,7985.18
1300,6,0,6,14.5427,7961.64
1298,6,0,6,14.5363,7927.94
2176,6,0,6,14.5297,7888.7
2066,6,0,6,14.5189,7820.89
1262,6,0,6,14.5072,7758.51
1261,6,0,6,14.4978,7708.46
1846,6,0,6,14.4754,7587.03
1845,6,0,6,14.4684,7548.49
1280,6,0,6,14.4552,7480.45
999,6,0,7,14.9293,9879.66,0,0,0
1002,6,0,7,14.9252,9851.59
1024,6,0,7,14.9041,9745.04
1029,6,0,7,14.8981,9715.65
1027,6,0,7,14.8853,9652.27
1051,6,0,7,14.8728,9588.93
1052,6,0,7,14.8652,9550.1
1804,6,0,7,14.8648,9547.99
2015,6,0,7,14.8536,9491.78
2014,6,0,7,14.8457,9452.14
2017,6,0,7,14.8446,9446.44
2170,6,0,7,14.8418,9432.25
1738,6,0,7,14.8251,9348.26
1737,6,0,7,14.8192,9317.73
936,6,0,7,14.8058,9246.6
933,6,0,7,14.8053,9243.66
934,6,0,7,14.7997,9206.02
935,6,0,7,14.7992,9203.41
2020,6,0,7,14.7881,9146.43
943,6,0,7,14.7873,9142.5
942,6,0,7,14.7799,9103.37
941,6,0,7,14.768,9043.81
1790,6,0,7,14.7516,8961.67
2022,6,0,7,14.7411,8910.78
2021,6,0,7,14.7266,8839.34
1206,6,1,0,15.7182,1274.9,0.0928333,404.911,0.1,1
1653,6,1,0,15.715,1257.33
2096,6,1,0,15.7066,1210.5
1202,6,1,0,15.6781,1060.83
2059,6,1,0,15.6605,968.507
1552,6,1,0,15.6531,930.8
2060,6,1,0,15.6513,921.439
1551,6,1,0,15.6506,917.264
1550,6,1,0,15.6498,913.48
1196,6,1,0,15.6435,870.183
1194,6,1,0,15.6432,868.635
1190,6,1,0,15.6329,804.163
1186,6,1,0,15.6206,740.147
1183,6,1,0,15.6072,672.715
1103,6,1,0,15.5964,615.126
1084,6,1,0,15.5868,558.621
1062,6,1,0,15.5698,458.188
2159,6,1,0,15.5696,457.186
1045,6,1,0,15.5689,454.036
1043,6,1,0,15.5658,438.079
2158,6,1,0,15.5591,404.11
2030,6,1,0,15.5552,384.274
1011,6,1,0,15.5551,383.45
1009,6,1,0,15.5512,361.416
1041,6,1,0,15.5511,360.726
1039,6,1,0,15.5436,321.56
1037,6,1,0,15.5346,276.701
1034,6,1,0,15.5248,226.091
2032,6,1,0,15.5093,148.497
2031,6,1,0,15.509,146.673
1031,6,1,0,15.5007,105.841
1002,6,1,0,15.4869,36.794
999,6,1,0,15.48,0
1414,6,1,1,15.9293,2303.91,0.0926667,404.184,0.21,2
2120,6,1,1,15.9187,2249.25
2097,6,1,1,15.9096,2202.21
1415,6,1,1,15.8969,2136.64
1416,6,1,1,15.8811,2057.58
1554,6,1,1,15.8795,2049.75
2079,6,1,1,15.873,2015.99
2080,6,1,1,15.858,1941.05
2081,6,1,1,15.8437,1863.79
1207,6,1,1,15.8283,1777.24
2061,6,1,1,15.821,1733.94
1206,6,1,1,15.8111,1679.81
1317,6,1,2,16.1624,3455.81,0.104167,454.344,0.13,3
2071,6,1,2,16.1503,3387.71
1359,6,1,2,16.1287,3273.52
1370,6,1,2,16.1277,3269.07
1360,6,1,2,16.1046,3142.23
1361,6,1,2,16.0899,3061.01
1354,6,1,2,16.0898,3060.82
1355,6,1,2,16.0838,3028.3
2076,6,1,2,16.082,3019.18
1356,6,1,2,16.0744,2980.01
1357,6,1,2,16.0737,2976.29
1358,6,1,2,16.0605,2909.88
1352,6,1,2,16.0525,2866.6
1351,6,1,2,16.0422,2813.05
1350,6,1,2,16.0347,2774.41
1414,6,1,2,16.0219,2708.09
999,6,1,3,16.4946,5104.59,0,0,0
1002,6,1,3,16.4891,5074.13
1031,6,1,3,16.4774,5013.93
2031,6,1,3,16.4701,4976.94
2032,6,1,3,16.4697,4975.12
1053,6,1,3,16.4618,4935.99
1784,6,1,3,16.4587,4919.43
1066,6,1,3,16.4495,4872.27
2034,6,1,3,16.4324,4782.65
1850,6,1,3,16.4232,4735.66
2035,6,1,3,16.4151,4692.03
1106,6,1,3,16.4031,4627.8
2039,6,1,3,16.3907,4563.98
2106,6,1,3,16.3752,4479.34
2050,6,1,3,16.366,4435.37
2051,6,1,3,16.3545,4375.11
1333,6,1,3,16.3306,4249.4
1315,6,1,3,16.3176,4181.95
2165,6,1,3,16.3,4091.35
2071,6,1,3,16.2801,3983.94
1317,6,1,3,16.2666,3910.15
1800,7,0,0,13.2516,951.622,0.0345,150.479,0.15,1
552,7,0,0,13.2425,905.718
603,7,0,0,13.2089,740.761
604,7,0,0,13.2039,714.369
596,7,0,0,13.2037,713.397
580,7,0,0,13.1922,649.074
574,7,0,0,13.1716,541.537
573,7,0,0,13.1625,489.448
564,7,0,0,13.1552,450.205
557,7,0,0,13.1493,417.124
561,7,0,0,13.1426,370.589
628,7,0,0,13.1383,345.216
615,7,0,0,13.1335,317.236
617,7,0,0,13.13,299.689
616,7,0,0,13.1224,261.472
676,7,0,0,13.1162,230.409
674,7,0,0,13.1058,178.918
675,7,0,0,13.0992,145.841
962,7,0,0,13.0888,96.4787
961,7,0,0,13.0833,67.3447
999,7,0,0,13.07,0
449,7,0,1,13.4152,1836.91,0.0431667,188.28,0.11,2
457,7,0,1,13.4037,1774.85
456,7,0,1,13.3988,1745.81
458,7,0,1,13.3896,1684.9
459,7,0,1,13.3829,1639.55
1543,7,0,1,13.3744,1577.74
715,7,0,1,13.3693,1533.9
716,7,0,1,13.3561,1459.54
722,7,0,1,13.3555,1456.73
552,7,0,1,13.2944,1144.84
1800,7,0,1,13.2861,1102.1
362,7,0,2,13.5828,2765.87,0.0871667,380.195,0.02,3
363,7,0,2,13.5678,2683.42
367,7,0,2,13.5552,2614.55
368,7,0,2,13.5478,2579.99
451,7,0,2,13.5264,2462.69
1716,7,0,2,13.5239,2446.26
462,7,0,2,13.5167,2407.44
1990,7,0,2,13.5089,2354.4
452,7,0,2,13.505,2322.33
453,7,0,2,13.4942,2234.91
455,7,0,2,13.4829,2167.09
454,7,0,2,13.4797,2149.71
448,7,0,2,13.4733,2105.76
449,7,0,2,13.4584,2025.19
104,7,0,3,13.8779,4256.66,0.05,218.085,0.11,4
124,7,0,3,13.864,4184.1
1715,7,0,3,13.8348,4030.74
136,7,0,3,13.829,4000.98
139,7,0,3,13.8157,3929.79
140,7,0,3,13.7915,3801.85
360,7,0,3,13.7519,3588.7
361,7,0,3,13.7375,3511.32
367,7,0,3,13.7007,3310.48
363,7,0,3,13.6872,3238.05
362,7,0,3,13.67,3146.07
815,7,0,4,14.1703,5858.59,0.0983333,428.9,0.22,5
816,7,0,4,14.1611,5814.17
817,7,0,4,14.1532,5768.89
803,7,0,4,14.1335,5658.74
354,7,0,4,14.1335,5658.37
357,7,0,4,14.125,5608.76
358,7,0,4,14.1063,5512.49
349,7,0,4,14.09,5427.05
344,7,0,4,14.0772,5345.73
1819,7,0,4,14.065,5252.5
335,7,0,4,14.06,5223.65
2114,7,0,4,14.0444,5141.58
329,7,0,4,14.0418,5126.41
1979,7,0,4,14.035,5092.94
1978,7,0,4,13.9953,4869.99
107,7,0,4,13.9871,4816.05
1967,7,0,4,13.984,4787.35
105,7,0,4,13.9588,4638.28
124,7,0,4,13.9409,4543.77
104,7,0,4,13.9279,4474.75
1280,7,0,5,14.4377,7229.65,0.0575,250.798,0.05,6
1845,7,0,5,14.4225,7153.09
1270,7,0,5,14.419,7134.54
1269,7,0,5,14.4052,7065.1
1259,7,0,5,14.3868,6968.6
1773,7,0,5,14.3718,6888.87
862,7,0,5,14.3599,6824.91
850,7,0,5,14.3527,6778.4
849,7,0,5,14.3446,6728.21
1774,7,0,5,14.3413,6709.39
837,7,0,5,14.3306,6641.3
2010,7,0,5,14.3218,6591.85
836,7,0,5,14.3149,6544.09
827,7,0,5,14.3049,6487.36
826,7,0,5,14.2843,6374.98
815,7,0,5,14.2686,6287.49
2021,7,0,6,14.6742,8436.61,0.0923333,402.73,0.26,7
951,7,0,6,14.6515,8323.16
949,7,0,6,14.6391,8260.91
2025,7,0,6,14.6357,8243.45
2024,7,0,6,14.621,8164.12
1557,7,0,6,14.6064,8088.04
1299,7,0,6,14.5873,7985.18
1300,7,0,6,14.5827,7961.64
1298,7,0,6,14.5763,7927.94
2176,7,0,6,14.5697,7888.7
2066,7,0,6,14.5589,7820.89
1262,7,0,6,14.5472,7758.51
1261,7,0,6,14.5378,7708.46
1846,7,0,6,14.5154,7587.03
1845,7,0,6,14.5084,7548.49
1280,7,0,6,14.4952,7480.45
1414,7,0,7,14.9854,9997.23,0.116333,507.411,0.2,8
1350,7,0,7,14.9749,9940.73
1351,7,0,7,14.9682,9905.33
1352,7,0,7,14.9552,9840.45
1358,7,0,7,14.9448,9786.79
1357,7,0,7,14.9326,9724.46
1356,7,0,7,14.9318,9720.74
2076,7,0,7,14.9222,9673.07
1355,7,0,7,14.921,9666.41
1364,7,0,7,14.9209,9666.2
1361,7,0,7,14.9146,9631
1354,7,0,7,14.9146,9630.81
2188,7,0,7,14.9066,9590.73
2075,7,0,7,14.8834,9472.99
1822,7,0,7,14.8826,9468.99
1353,7,0,7,14.8742,9425.95
2118,7,0,7,14.8533,9312.39
2117,7,0,7,14.8508,9287.76
2164,7,0,7,14.8324,9173.32
1307,7,0,7,14.8159,9086.66
1303,7,0,7,14.8048,9028.67
2021,7,0,7,14.7666,8839.34
1206,7,0,8,15.1973,11016.4,0.0928333,404.911,0.1,9
2081,7,0,8,15.1816,10929
2080,7,0,8,15.1677,10853.9
2079,7,0,8,15.153,10779.9
1554,7,0,8,15.1449,10739.7
1416,7,0,8,15.1433,10731.9
1415,7,0,8,15.129,10658.9
2097,7,0,8,15.1173,10597.7
2120,7,0,8,15.1138,10565.9
1414,7,0,8,15.1018,10504.6
999,7,0,9,15.5823,12962.1,0,0,0
1002,7,0,9,15.5782,12934.1
1031,7,0,9,15.5636,12861.9
2031,7,0,9,15.5563,12824.9
2032,7,0,9,15.5559,12823
1034,7,0,9,15.5413,12748.8
1037,7,0,9,15.5332,12705.6
1039,7,0,9,15.525,12664.1
1041,7,0,9,15.5159,12618.2
2030,7,0,9,15.5098,12587.2
2158,7,0,9,15.5069,12572.1
2029,7,0,9,15.4957,12514.3
1043,7,0,9,15.4957,12513.9
1044,7,0,9,15.4905,12487.6
1046,7,0,9,15.4842,12453
1060,7,0,9,15.4673,12365.9
1061,7,0,9,15.4603,12330.5
1063,7,0,9,15.4572,12314.3
1083,7,0,9,15.4445,12243.2
1105,7,0,9,15.4317,12175.1
1104,7,0,9,15.414,12081.7
1183,7,0,9,15.4114,12065.3
1184,7,0,9,15.406,12036.5
1663,7,0,9,15.3959,11985.1
1189,7,0,9,15.3895,11950.5
1194,7,0,9,15.3757,11873.1
1196,7,0,9,15.3754,11871.5
1550,7,0,9,15.3688,11833
1552,7,0,9,15.3645,11811.4
2059,7,0,9,15.3567,11771.7
1202,7,0,9,15.3394,11680.4
2096,7,0,9,15.3071,11515.1
1654,7,0,9,15.2954,11451.2
1653,7,0,9,15.2933,11439
1206,7,0,9,15.2901,11421.4
1317,7,1,0,16.0002,1203.7,0.104167,454.344,0.13,1
2071,7,1,0,15.9876,1133.5
2165,7,1,0,15.9664,1020.68
1315,7,1,0,15.9523,944.852
1333,7,1,0,15.9427,892.164
2051,7,1,0,15.9162,755.148
2050,7,1,0,15.9053,697.217
2106,7,1,0,15.8983,662.483
2039,7,1,0,15.8784,559.215
1106,7,1,0,15.8673,500.889
2035,7,1,0,15.8554,436.806
1850,7,1,0,15.8471,392.695
2034,7,1,0,15.8399,354.284
1066,7,1,0,15.8242,270.383
1784,7,1,0,15.8136,217.443
1053,7,1,0,15.8104,200.36
2032,7,1,0,15.7993,148.497
2031,7,1,0,15.799,146.673
1031,7,1,0,15.7907,105.841
1002,7,1,0,15.7769,36.794
999,7,1,0,15.77,0
999,7,1,1,16.3324,2852.49,0,0,0
1002,7,1,1,16.3269,2822.03
1031,7,1,1,16.3152,2761.83
2031,7,1,1,16.3079,2724.84
2032,7,1,1,16.3075,2723.01
1053,7,1,1,16.2996,2683.88
1784,7,1,1,16.2965,2667.32
1066,7,1,1,16.2873,2620.16
2034,7,1,1,16.2702,2530.55
1850,7,1,1,16.2611,2483.56
2035,7,1,1,16.2529,2439.93
1106,7,1,1,16.241,2375.7
2039,7,1,1,16.2285,2311.88
2106,7,1,1,16.213,2227.24
2050,7,1,1,16.2038,2183.26
2051,7,1,1,16.1923,2123.01
1333,7,1,1,16.1684,1997.3
1315,7,1,1,16.1554,1929.84
2165,7,1,1,16.1379,1839.25
2071,7,1,1,16.1179,1731.84
1317,7,1,1,16.1044,1658.05
2021,8,0,0,13.4755,954.157,0.0418333,182.464,0.24,1
1791,8,0,0,13.4663,908.831
939,8,0,0,13.453,839.961
940,8,0,0,13.4484,808.109
930,8,0,0,13.4362,746.307
1555,8,0,0,13.4134,630.349
915,8,0,0,13.406,593.22
2016,8,0,0,13.3845,486.314
917,8,0,0,13.3837,482.499
916,8,0,0,13.3835,481.592
919,8,0,0,13.3778,442.508
2017,8,0,0,13.3777,442.335
2014,8,0,0,13.3767,437.314
2015,8,0,0,13.3686,396.599
910,8,0,0,13.3685,396.115
909,8,0,0,13.3602,353.969
1051,8,0,0,13.3503,303.813
1025,8,0,0,13.3381,242.513
1029,8,0,0,13.3242,173.157
1026,8,0,0,13.3137,121.112
998,8,0,0,13.3091,97.9808
999,8,0,0,13.29,0
1800,8,0,1,13.836,2880.35,0.0345,150.479,0.15,2
552,8,0,1,13.823,2818.02
603,8,0,1,13.7925,2666.11
604,8,0,1,13.7888,2645.77
596,8,0,1,13.7887,2644.8
580,8,0,1,13.7784,2584.17
574,8,0,1,13.7578,2476.61
573,8,0,1,13.7486,2424.52
564,8,0,1,13.7414,2385.28
557,8,0,1,13.7355,2352.2
561,8,0,1,13.7288,2305.66
628,8,0,1,13.7245,2280.29
609,8,0,1,13.7123,2204.49
423,8,0,1,13.7064,2148.17
419,8,0,1,13.7011,2113.33
420,8,0,1,13.6959,2078.38
421,8,0,1,13.6919,2051.6
417,8,0,1,13.6875,2027.12
1989,8,0,1,13.6709,1940.71
2011,8,0,1,13.6531,1847.52
2156,8,0,1,13.6479,1820.19
2013,8,0,1,13.6472,1817.04
886,8,0,1,13.6353,1758.86
888,8,0,1,13.6155,1652.75
903,8,0,1,13.6017,1582.87
904,8,0,1,13.5983,1564.49
925,8,0,1,13.5748,1436.59
2019,8,0,1,13.5694,1409.32
929,8,0,1,13.569,1407.34
938,8,0,1,13.557,1341.49
950,8,0,1,13.5435,1270.93
951,8,0,1,13.5365,1235.21
2021,8,0,1,13.5173,1136.62
449,8,0,2,13.9996,3765.64,0.0431667,188.28,0.11,3
457,8,0,2,13.9882,3703.58
456,8,0,2,13.9832,3674.54
458,8,0,2,13.974,3613.63
459,8,0,2,13.9673,3568.28
1543,8,0,2,13.9588,3506.47
715,8,0,2,13.9537,3462.63
716,8,0,2,13.9405,3388.27
722,8,0,2,13.9399,3385.45
552,8,0,2,13.8788,3073.57
1800,8,0,2,13.8705,3030.83
362,8,0,3,14.1672,4696.64,0.0438333,191.188,0.02,4
363,8,0,3,14.1509,4608.44
440,8,0,3,14.1231,4467.66
451,8,0,3,14.1065,4381.47
1716,8,0,3,14.1041,4365.04
462,8,0,3,14.095,4317.97
1990,8,0,3,14.0879,4265.28
452,8,0,3,14.084,4233.21
453,8,0,3,14.0728,4145.99
455,8,0,3,14.0643,4080.5
454,8,0,3,14.0618,4065.85
448,8,0,3,14.0545,4020.93
449,8,0,3,14.0428,3953.92
104,8,0,4,14.4165,5987.14,0.0708333,308.954,0.11,5
124,8,0,4,14.4021,5912.28
1715,8,0,4,14.3662,5730.97
136,8,0,4,14.3609,5703.29
139,8,0,4,14.3479,5633.67
140,8,0,4,14.3271,5520.02
360,8,0,4,14.2884,5310.41
361,8,0,4,14.2759,5241.54
367,8,0,4,14.2421,5053.74
363,8,0,4,14.2268,4973.51
362,8,0,4,14.211,4887.83
1280,8,0,5,14.8444,8257.69,0.0575,250.798,0.05,6
1845,8,0,5,14.8294,8181.85
1270,8,0,5,14.8246,8158.32
1271,8,0,5,14.8128,8098.64
868,8,0,5,14.7981,8016.56
869,8,0,5,14.7788,7911.09
1856,8,0,5,14.759,7815.6
855,8,0,5,14.7588,7814.88
843,8,0,5,14.7452,7735.83
832,8,0,5,14.734,7672.15
831,8,0,5,14.7275,7637.14
2153,8,0,5,14.7274,7637.06
821,8,0,5,14.7136,7568.19
2008,8,0,5,14.7051,7525.4
812,8,0,5,14.6873,7428.39
807,8,0,5,14.6872,7427.6
356,8,0,5,14.6745,7357.84
1981,8,0,5,14.6622,7274.33
345,8,0,5,14.6427,7173.48
341,8,0,5,14.6299,7109.06
2132,8,0,5,14.6297,7107
328,8,0,5,14.6129,7011.32
2115,8,0,5,14.6017,6952.91
329,8,0,5,14.5979,6932.61
1979,8,0,5,14.5913,6900.26
1978,8,0,5,14.5502,6670.81
107,8,0,5,14.5421,6617.06
1967,8,0,5,14.5391,6588.35
105,8,0,5,14.5134,6438.47
124,8,0,5,14.5004,6365.59
104,8,0,5,14.4873,6296.09
815,8,0,6,15.0749,9491.84,0.0461667,201.365,0.21,7
816,8,0,6,15.0669,9452.69
2151,8,0,6,15.0551,9389.03
819,8,0,6,15.0402,9308.93
2009,8,0,6,15.0333,9261.54
2010,8,0,6,15.0172,9160.29
837,8,0,6,15.0094,9113.55
1774,8,0,6,14.9979,9044.22
849,8,0,6,14.9943,9024.31
850,8,0,6,14.9883,8975.2
862,8,0,6,14.9834,8928.2
1773,8,0,6,14.9727,8869.53
1259,8,0,6,14.9592,8796.17
1269,8,0,6,14.9379,8687.4
1270,8,0,6,14.9208,8604.12
1845,8,0,6,14.9151,8576.53
1280,8,0,6,14.9019,8508.49
1414,8,0,7,15.4551,11643.1,0.0926667,404.184,0.21,8
1350,8,0,7,15.4399,11566.8
1351,8,0,7,15.4322,11527.2
1352,8,0,7,15.4196,11464
1358,8,0,7,15.4107,11416.9
1357,8,0,7,15.4001,11361.1
1356,8,0,7,15.3993,11357.4
2076,8,0,7,15.3928,11322.8
1355,8,0,7,15.3916,11316.4
1364,8,0,7,15.3916,11316.2
1361,8,0,7,15.3853,11281.1
1354,8,0,7,15.3853,11280.9
2188,8,0,7,15.3785,11245.7
2075,8,0,7,15.3565,11133.4
1822,8,0,7,15.3557,11129.4
1353,8,0,7,15.3477,11087.7
2118,8,0,7,15.3261,10971.1
2117,8,0,7,15.3235,10946.4
2164,8,0,7,15.3052,10832
1306,8,0,7,15.2803,10671.3
1599,8,0,7,15.2645,10582.3
1300,8,0,7,15.2599,10555.7
1298,8,0,7,15.2551,10528.9
2176,8,0,7,15.2486,10489.7
2066,8,0,7,15.2383,10422.5
869,8,0,7,15.2288,10347.6
865,8,0,7,15.2138,10257
852,8,0,7,15.2073,10215.5
850,8,0,7,15.2013,10172.4
849,8,0,7,15.1933,10122.5
1774,8,0,7,15.1901,10103.7
837,8,0,7,15.1794,10035.5
2010,8,0,7,15.1721,9989.45
836,8,0,7,15.165,9941.62
827,8,0,7,15.1557,9885.91
826,8,0,7,15.1359,9777
815,8,0,7,15.1211,9693.2
1206,8,0,8,15.6433,12559.1,0.0928333,404.911,0.1,9
2081,8,0,8,15.6276,12471.6
2080,8,0,8,15.6137,12396.5
2079,8,0,8,15.599,12322.5
1554,8,0,8,15.5909,12282.3
1416,8,0,8,15.5893,12274.5
1415,8,0,8,15.575,12201.6
2097,8,0,8,15.5633,12140.4
2120,8,0,8,15.5598,12108.5
1414,8,0,8,15.5478,12047.3
1317,8,0,9,16.0093,14401.4,0.104167,454.344,0.13,10
2071,8,0,9,15.9993,14338.3
1359,8,0,9,15.977,14220.8
1370,8,0,9,15.976,14216.3
1360,8,0,9,15.9429,14046.9
1361,8,0,9,15.9282,13966
1354,8,0,9,15.9282,13965.8
1355,8,0,9,15.922,13932.5
2076,8,0,9,15.9202,13923.4
1356,8,0,9,15.9132,13886.6
1357,8,0,9,15.9124,13882.9
1358,8,0,9,15.9007,13822.7
1352,8,0,9,15.8917,13775
1351,8,0,9,15.8779,13706.8
1350,8,0,9,15.8707,13669.3
1414,8,0,9,15.8543,13588.1
2120,8,0,9,15.8438,13533.4
2097,8,0,9,15.8347,13486.4
1415,8,0,9,15.8219,13420.8
1416,8,0,9,15.8062,13341.8
1554,8,0,9,15.8046,13333.9
2079,8,0,9,15.7981,13300.2
2080,8,0,9,15.7831,13225.2
2081,8,0,9,15.7687,13148
1207,8,0,9,15.7533,13061.4
2061,8,0,9,15.746,13018.1
1206,8,0,9,15.7361,12964
999,8,0,10,16.3414,16050.2,0,0,0
1002,8,0,10,16.336,16019.7
1031,8,0,10,16.3243,15959.6
2031,8,0,10,16.317,15922.6
2032,8,0,10,16.3166,15920.7
1053,8,0,10,16.3087,15881.6
1784,8,0,10,16.3056,15865
1066,8,0,10,16.2963,15817.9
2034,8,0,10,16.2793,15728.3
1850,8,0,10,16.2701,15681.3
2035,8,0,10,16.2619,15637.7
1106,8,0,10,16.25,15573.4
2039,8,0,10,16.2376,15509.6
2106,8,0,10,16.222,15425
2050,8,0,10,16.2128,15381
2051,8,0,10,16.2014,15320.7
1333,8,0,10,16.1775,15195
1315,8,0,10,16.1644,15127.6
2165,8,0,10,16.1469,15037
2071,8,0,10,16.127,14929.6
1317,8,0,10,16.1135,14855.8
1800,9,0,0,13.7616,951.622,0.0345,150.479,0.15,1
552,9,0,0,13.7525,905.718
603,9,0,0,13.7189,740.761
604,9,0,0,13.7139,714.369
596,9,0,0,13.7137,713.397
580,9,0,0,13.7022,649.074
574,9,0,0,13.6816,541.537
573,9,0,0,13.6725,489.448
564,9,0,0,13.6652,450.205
557,9,0,0,13.6593,417.124
561,9,0,0,13.6526,370.589
628,9,0,0,13.6483,345.216
615,9,0,0,13.6435,317.236
617,9,0,0,13.64,299.689
616,9,0,0,13.6324,261.472
676,9,0,0,13.6262,230.409
674,9,0,0,13.6158,178.918
675,9,0,0,13.6092,145.841
962,9,0,0,13.5988,96.4787
961,9,0,0,13.5933,67.3447
999,9,0,0,13.58,0
449,9,0,1,13.9252,1836.91,0.0431667,188.28,0.11,2
457,9,0,1,13.9137,1774.85
456,9,0,1,13.9088,1745.81
458,9,0,1,13.8996,1684.9
459,9,0,1,13.8929,1639.55
1543,9,0,1,13.8844,1577.74
715,9,0,1,13.8793,1533.9
716,9,0,1,13.8661,1459.54
722,9,0,1,13.8655,1456.73
552,9,0,1,13.8044,1144.84
1800,9,0,1,13.7961,1102.1
362,9,0,2,14.0928,2765.87,0.0438333,191.188,0.02,3
363,9,0,2,14.0778,2683.42
367,9,0,2,14.0652,2614.55
368,9,0,2,14.0578,2579.99
451,9,0,2,14.0364,2462.69
1716,9,0,2,14.0339,2446.26
462,9,0,2,14.0267,2407.44
1990,9,0,2,14.0189,2354.4
452,9,0,2,14.015,2322.33
453,9,0,2,14.0042,2234.91
455,9,0,2,13.9929,2167.09
454,9,0,2,13.9897,2149.71
448,9,0,2,13.9833,2105.76
449,9,0,2,13.9684,2025.19
104,9,0,3,14.3421,4056.37,0.0708333,308.954,0.11,4
124,9,0,3,14.3277,3981.51
1715,9,0,3,14.2918,3800.2
136,9,0,3,14.2866,3772.52
139,9,0,3,14.2736,3702.9
140,9,0,3,14.2527,3589.25
360,9,0,3,14.214,3379.64
361,9,0,3,14.2015,3310.77
367,9,0,3,14.1677,3122.97
363,9,0,3,14.1524,3042.74
362,9,0,3,14.1367,2957.06
1280,9,0,4,14.77,6326.92,0.0575,250.798,0.05,5
1845,9,0,4,14.755,6251.08
1270,9,0,4,14.7503,6227.55
1271,9,0,4,14.7384,6167.87
868,9,0,4,14.7237,6085.79
869,9,0,4,14.7044,5980.32
1856,9,0,4,14.6846,5884.83
855,9,0,4,14.6845,5884.11
843,9,0,4,14.6709,5805.06
832,9,0,4,14.6596,5741.38
831,9,0,4,14.6531,5706.37
2153,9,0,4,14.6531,5706.29
821,9,0,4,14.6392,5637.42
2008,9,0,4,14.6307,5594.63
812,9,0,4,14.613,5497.62
807,9,0,4,14.6128,5496.83
356,9,0,4,14.6001,5427.07
1981,9,0,4,14.5879,5343.56
345,9,0,4,14.5684,5242.71
341,9,0,4,14.5556,5178.29
2132,9,0,4,14.5553,5176.23
328,9,0,4,14.5386,5080.55
2115,9,0,4,14.5273,5022.14
329,9,0,4,14.5235,5001.84
1979,9,0,4,14.517,4969.49
1978,9,0,4,14.4758,4740.04
107,9,0,4,14.4677,4686.29
1967,9,0,4,14.4647,4657.59
105,9,0,4,14.439,4507.7
124,9,0,4,14.4261,4434.82
104,9,0,4,14.4129,4365.33
815,9,0,5,15.0005,7561.07,0.0461667,201.365,0.21,6
816,9,0,5,14.9926,7521.92
2151,9,0,5,14.9807,7458.26
819,9,0,5,14.9659,7378.16
2009,9,0,5,14.9589,7330.77
2010,9,0,5,14.9428,7229.52
837,9,0,5,14.9351,7182.78
1774,9,0,5,14.9235,7113.45
849,9,0,5,14.9199,7093.55
850,9,0,5,14.9139,7044.43
862,9,0,5,14.909,6997.43
1773,9,0,5,14.8984,6938.76
1259,9,0,5,14.8848,6865.4
1269,9,0,5,14.8636,6756.64
1270,9,0,5,14.8464,6673.35
1845,9,0,5,14.8407,6645.76
1280,9,0,5,14.8275,6577.72
999,9,0,6,15.3527,9371.66,0,0,0
1002,9,0,6,15.3485,9343.59
1024,9,0,6,15.3306,9250.26
1029,9,0,6,15.3259,9226.12
1027,9,0,6,15.3139,9166.48
898,9,0,6,15.3048,9119.15
895,9,0,6,15.2876,9032.74
896,9,0,6,15.2839,9014.5
892,9,0,6,15.2802,8995.76
906,9,0,6,15.267,8924.42
905,9,0,6,15.2536,8854.03
903,9,0,6,15.2349,8754.49
904,9,0,6,15.2308,8733.25
902,9,0,6,15.2192,8669.43
901,9,0,6,15.2068,8602.11
900,9,0,6,15.202,8576.6
899,9,0,6,15.1823,8473.58
833,9,0,6,15.1587,8346.02
834,9,0,6,15.156,8331.5
825,9,0,6,15.1449,8272.85
831,9,0,6,15.1445,8270.82
2153,9,0,6,15.1445,8270.74
821,9,0,6,15.1327,8210.15
2008,9,0,6,15.1242,8167.36
2152,9,0,6,15.1159,8124.32
820,9,0,6,15.0979,8032.37
819,9,0,6,15.0809,7943.58
2151,9,0,6,15.0663,7864.42
816,9,0,6,15.0544,7800.59
815,9,0,6,15.0467,7762.43
1206,9,1,0,15.7782,1274.9,0.0928333,404.911,0.1,1
1653,9,1,0,15.775,1257.33
2096,9,1,0,15.7666,1210.5
1202,9,1,0,15.7381,1060.83
2059,9,1,0,15.7205,968.507
1552,9,1,0,15.7131,930.8
2060,9,1,0,15.7113,921.439
1551,9,1,0,15.7106,917.264
1550,9,1,0,15.7098,913.48
1196,9,1,0,15.7035,870.183
1194,9,1,0,15.7032,868.635
1190,9,1,0,15.6929,804.163
1186,9,1,0,15.6806,740.147
1183,9,1,0,15.6672,672.715
1103,9,1,0,15.6564,615.126
1084,9,1,0,15.6468,558.621
1062,9,1,0,15.6298,458.188
2159,9,1,0,15.6296,457.186
1045,9,1,0,15.6289,454.036
1043,9,1,0,15.6258,438.079
2158,9,1,0,15.6191,404.11
2030,9,1,0,15.6152,384.274
1011,9,1,0,15.6151,383.45
1009,9,1,0,15.6112,361.416
1041,9,1,0,15.6111,360.726
1039,9,1,0,15.6036,321.56
1037,9,1,0,15.5946,276.701
1034,9,1,0,15.5848,226.091
2032,9,1,0,15.5693,148.497
2031,9,1,0,15.569,146.673
1031,9,1,0,15.5607,105.841
1002,9,1,0,15.5469,36.794
999,9,1,0,15.54,0
1414,9,1,1,15.9893,2303.91,0.0926667,404.184,0.21,2
2120,9,1,1,15.9787,2249.25
2097,9,1,1,15.9696,2202.21
1415,9,1,1,15.9569,2136.64
1416,9,1,1,15.9411,2057.58
1554,9,1,1,15.9395,2049.75
2079,9,1,1,15.933,2015.99
2080,9,1,1,15.918,1941.05
2081,9,1,1,15.9037,1863.79
1207,9,1,1,15.8883,1777.24
2061,9,1,1,15.881,1733.94
1206,9,1,1,15.8711,1679.81
1317,9,1,2,16.2224,3455.81,0.104167,454.344,0.13,3
2071,9,1,2,16.2103,3387.71
1359,9,1,2,16.1887,3273.52
1370,9,1,2,16.1877,3269.07
1360,9,1,2,16.1646,3142.23
1361,9,1,2,16.1499,3061.01
1354,9,1,2,16.1498,3060.82
1355,9,1,2,16.1438,3028.3
2076,9,1,2,16.142,3019.18
1356,9,1,2,16.1344,2980.01
1357,9,1,2,16.1337,2976.29
1358,9,1,2,16.1205,2909.88
1352,9,1,2,16.1125,2866.6
1351,9,1,2,16.1023,2813.05
1350,9,1,2,16.0947,2774.41
1414,9,1,2,16.0819,2708.09
999,9,1,3,16.5546,5104.59,0,0,0
1002,9,1,3,16.5491,5074.13
1031,9,1,3,16.5374,5013.93
2031,9,1,3,16.5301,4976.94
2032,9,1,3,16.5297,4975.12
1053,9,1,3,16.5218,4935.99
1784,9,1,3,16.5187,4919.43
1066,9,1,3,16.5095,4872.27
2034,9,1,3,16.4924,4782.65
1850,9,1,3,16.4832,4735.66
2035,9,1,3,16.4751,4692.03
1106,9,1,3,16.4631,4627.8
2039,9,1,3,16.4507,4563.98
2106,9,1,3,16.4352,4479.34
2050,9,1,3,16.426,4435.37
2051,9,1,3,16.4145,4375.11
1333,9,1,3,16.3906,4249.4
1315,9,1,3,16.3776,4181.95
2165,9,1,3,16.3601,4091.35
2071,9,1,3,16.3401,3983.94
1317,9,1,3,16.3266,3910.15
2021,9,2,0,13.9755,954.157,0.0418333,182.464,0.24,1
1791,9,2,0,13.9663,908.831
939,9,2,0,13.953,839.961
940,9,2,0,13.9484,808.109
930,9,2,0,13.9362,746.307
1555,9,2,0,13.9134,630.349
915,9,2,0,13.906,593.22
2016,9,2,0,13.8845,486.314
917,9,2,0,13.8837,482.499
916,9,2,0,13.8835,481.592
919,9,2,0,13.8778,442.508
2017,9,2,0,13.8777,442.335
2014,9,2,0,13.8767,437.314
2015,9,2,0,13.8686,396.599
910,9,2,0,13.8685,396.115
909,9,2,0,13.8602,353.969
1051,9,2,0,13.8503,303.813
1025,9,2,0,13.8381,242.513
1029,9,2,0,13.8242,173.157
1026,9,2,0,13.8137,121.112
998,9,2,0,13.8091,97.9808
999,9,2,0,13.79,0
999,9,2,1,14.2201,2176.93,0,0,0
1002,9,2,1,14.2159,2148.86
1024,9,2,1,14.1949,2042.32
1029,9,2,1,14.1889,2012.93
1027,9,2,1,14.176,1949.55
1051,9,2,1,14.1636,1886.21
1052,9,2,1,14.156,1847.38
1804,9,2,1,14.1555,1845.27
2015,9,2,1,14.1443,1789.05
2014,9,2,1,14.1365,1749.41
2017,9,2,1,14.1353,1743.72
2170,9,2,1,14.1325,1729.53
1738,9,2,1,14.1159,1645.54
1737,9,2,1,14.1099,1615.01
936,9,2,1,14.0966,1543.88
933,9,2,1,14.096,1540.94
934,9,2,1,14.0905,1503.29
935,9,2,1,14.0899,1500.68
2020,9,2,1,14.0789,1443.71
943,9,2,1,14.0781,1439.77
942,9,2,1,14.0706,1400.65
941,9,2,1,14.0588,1341.08
1790,9,2,1,14.0423,1258.95
2022,9,2,1,14.0319,1208.05
2021,9,2,1,14.0173,1136.62
2021,10,0,0,13.2255,954.157,0.0418333,182.464,0.24,1
1791,10,0,0,13.2163,908.831
939,10,0,0,13.203,839.961
940,10,0,0,13.1984,808.109
930,10,0,0,13.1862,746.307
1555,10,0,0,13.1634,630.349
915,10,0,0,13.156,593.22
2016,10,0,0,13.1345,486.314
917,10,0,0,13.1337,482.499
916,10,0,0,13.1335,481.592
919,10,0,0,13.1278,442.508
2017,10,0,0,13.1277,442.335
2014,10,0,0,13.1267,437.314
2015,10,0,0,13.1186,396.599
910,10,0,0,13.1185,396.115
909,10,0,0,13.1102,353.969
1051,10,0,0,13.1003,303.813
1025,10,0,0,13.0881,242.513
1029,10,0,0,13.0742,173.157
1026,10,0,0,13.0637,121.112
998,10,0,0,13.0591,97.9808
999,10,0,0,13.04,0
1800,10,0,1,13.586,2880.35,0.0345,150.479,0.15,2
552,10,0,1,13.573,2818.02
603,10,0,1,13.5425,2666.11
604,10,0,1,13.5388,2645.77
596,10,0,1,13.5387,2644.8
580,10,0,1,13.5284,2584.17
574,10,0,1,13.5078,2476.61
573,10,0,1,13.4986,2424.52
564,10,0,1,13.4914,2385.28
557,10,0,1,13.4855,2352.2
561,10,0,1,13.4788,2305.66
628,10,0,1,13.4745,2280.29
609,10,0,1,13.4623,2204.49
423,10,0,1,13.4564,2148.17
419,10,0,1,13.4511,2113.33
420,10,0,1,13.4459,2078.38
421,10,0,1,13.4419,2051.6
417,10,0,1,13.4375,2027.12
1989,10,0,1,13.4209,1940.71
2011,10,0,1,13.4031,1847.52
2156,10,0,1,13.3979,1820.19
2013,10,0,1,13.3972,1817.04
886,10,0,1,13.3853,1758.86
888,10,0,1,13.3655,1652.75
903,10,0,1,13.3517,1582.87
904,10,0,1,13.3483,1564.49
925,10,0,1,13.3248,1436.59
2019,10,0,1,13.3194,1409.32
929,10,0,1,13.319,1407.34
938,10,0,1,13.307,1341.49
950,10,0,1,13.2935,1270.93
951,10,0,1,13.2865,1235.21
2021,10,0,1,13.2673,1136.62
449,10,0,2,13.7496,3765.64,0.0431667,188.28,0.11,3
457,10,0,2,13.7382,3703.58
456,10,0,2,13.7332,3674.54
458,10,0,2,13.724,3613.63
459,10,0,2,13.7173,3568.28
1543,10,0,2,13.7088,3506.47
715,10,0,2,13.7037,3462.63
716,10,0,2,13.6905,3388.27
722,10,0,2,13.6899,3385.45
552,10,0,2,13.6288,3073.57
1800,10,0,2,13.6205,3030.83
362,10,0,3,13.9172,4694.6,0.0871667,380.195,0.02,4
363,10,0,3,13.9022,4612.15
367,10,0,3,13.8896,4543.27
368,10,0,3,13.8822,4508.71
451,10,0,3,13.8608,4391.41
1716,10,0,3,13.8583,4374.99
462,10,0,3,13.8511,4336.17
1990,10,0,3,13.8433,4283.13
452,10,0,3,13.8394,4251.06
453,10,0,3,13.8286,4163.64
455,10,0,3,13.8173,4095.82
454,10,0,3,13.8141,4078.44
448,10,0,3,13.8077,4034.49
449,10,0,3,13.7928,3953.92
104,10,0,4,14.2098,6174.11,0.0708333,308.954,0.11,5
124,10,0,4,14.1954,6099.24
1715,10,0,4,14.1596,5917.93
136,10,0,4,14.1543,5890.25
139,10,0,4,14.1413,5820.63
140,10,0,4,14.1205,5706.98
360,10,0,4,14.0817,5497.37
361,10,0,4,14.0693,5428.51
367,10,0,4,14.0354,5240.7
363,10,0,4,14.0201,5160.47
362,10,0,4,14.0044,5074.79
1280,10,0,5,14.6378,8444.66,0.0575,250.798,0.05,6
1845,10,0,5,14.6227,8368.81
1270,10,0,5,14.618,8345.29
1271,10,0,5,14.6062,8285.61
868,10,0,5,14.5914,8203.53
869,10,0,5,14.5722,8098.05
1856,10,0,5,14.5523,8002.56
855,10,0,5,14.5522,8001.85
843,10,0,5,14.5386,7922.79
832,10,0,5,14.5274,7859.11
831,10,0,5,14.5208,7824.1
2153,10,0,5,14.5208,7824.02
821,10,0,5,14.507,7755.16
2008,10,0,5,14.4985,7712.37
812,10,0,5,14.4807,7615.36
807,10,0,5,14.4805,7614.57
356,10,0,5,14.4679,7544.8
1981,10,0,5,14.4556,7461.3
345,10,0,5,14.4361,7360.44
341,10,0,5,14.4233,7296.02
2132,10,0,5,14.4231,7293.97
328,10,0,5,14.4063,7198.29
2115,10,0,5,14.3951,7139.87
329,10,0,5,14.3913,7119.58
1979,10,0,5,14.3847,7087.22
1978,10,0,5,14.3436,6857.78
107,10,0,5,14.3355,6804.02
1967,10,0,5,14.3325,6775.32
105,10,0,5,14.3067,6625.44
124,10,0,5,14.2938,6552.55
104,10,0,5,14.2807,6483.06
1414,10,0,6,14.9828,10293.1,0.116333,507.411,0.2,7
1350,10,0,6,14.9712,10231.9
1351,10,0,6,14.9612,10182.8
1352,10,0,6,14.948,10117
1358,10,0,6,14.9372,10062.1
1357,10,0,6,14.9251,9999.72
1356,10,0,6,14.9243,9996
2076,10,0,6,14.9147,9948.34
1355,10,0,6,14.9134,9941.68
1364,10,0,6,14.9134,9941.47
1361,10,0,6,14.9071,9906.27
1354,10,0,6,14.9071,9906.08
2188,10,0,6,14.8991,9866
2075,10,0,6,14.8759,9748.25
1822,10,0,6,14.875,9744.26
1353,10,0,6,14.8667,9701.21
2118,10,0,6,14.8458,9587.65
2117,10,0,6,14.8433,9563.02
2164,10,0,6,14.8249,9448.58
1306,10,0,6,14.8021,9289.75
1599,10,0,6,14.7872,9203.27
1300,10,0,6,14.7827,9176.64
1298,10,0,6,14.7763,9142.94
2176,10,0,6,14.7698,9103.71
2066,10,0,6,14.759,9035.9
1262,10,0,6,14.7473,8973.51
1261,10,0,6,14.7378,8923.46
1846,10,0,6,14.7154,8802.04
1845,10,0,6,14.7084,8763.49
1280,10,0,6,14.6953,8695.46
1206,10,0,7,15.1947,11312.3,0.0928333,404.911,0.1,8
2081,10,0,7,15.179,11224.8
2080,10,0,7,15.1651,11149.7
2079,10,0,7,15.1503,11075.7
1554,10,0,7,15.1423,11035.5
1416,10,0,7,15.1407,11027.7
1415,10,0,7,15.1264,10954.8
2097,10,0,7,15.1147,10893.6
2120,10,0,7,15.1112,10861.7
1414,10,0,7,15.0991,10800.5
999,10,0,8,15.5797,13258,0,0,0
1002,10,0,8,15.5756,13229.9
1031,10,0,8,15.561,13157.7
2031,10,0,8,15.5537,13120.7
2032,10,0,8,15.5533,13118.9
1034,10,0,8,15.5387,13044.7
1037,10,0,8,15.5306,13001.5
1039,10,0,8,15.5224,12959.9
1041,10,0,8,15.5133,12914
2030,10,0,8,15.5071,12883.1
2158,10,0,8,15.5043,12868
2029,10,0,8,15.4931,12810.1
1043,10,0,8,15.493,12809.7
1044,10,0,8,15.4879,12783.4
1046,10,0,8,15.4816,12748.9
1060,10,0,8,15.4647,12661.8
1061,10,0,8,15.4576,12626.3
1063,10,0,8,15.4546,12610.1
1083,10,0,8,15.4419,12539.1
1105,10,0,8,15.4291,12470.9
1104,10,0,8,15.4114,12377.6
1183,10,0,8,15.4088,12361.1
1184,10,0,8,15.4034,12332.3
1663,10,0,8,15.3933,12281
1189,10,0,8,15.3869,12246.3
1194,10,0,8,15.3731,12168.9
1196,10,0,8,15.3728,12167.3
1550,10,0,8,15.3661,12128.8
1552,10,0,8,15.3619,12107.2
2059,10,0,8,15.354,12067.5
1202,10,0,8,15.3368,11976.2
2096,10,0,8,15.3045,11810.9
1654,10,0,8,15.2928,11747.1
1653,10,0,8,15.2907,11734.8
1206,10,0,8,15.2875,11717.2
815,10,1,0,16.0655,1689.49,0.0345,150.479,0.2,1
816,10,1,0,16.0587,1655.02
2151,10,1,0,16.0458,1586.88
819,10,1,0,16.0317,1509.82
820,10,1,0,16.0113,1406.83
2152,10,1,0,15.9977,1333.75
2008,10,1,0,15.988,1284.55
821,10,1,0,15.9825,1254.45
2153,10,1,0,15.9731,1204.06
831,10,1,0,15.973,1203.98
825,10,1,0,15.9726,1201.95
834,10,1,0,15.9496,1093.82
833,10,1,0,15.9472,1080.64
899,10,1,0,15.9231,950.922
900,10,1,0,15.9069,862.983
901,10,1,0,15.9014,834.241
902,10,1,0,15.886,754.416
904,10,1,0,15.874,688.787
903,10,1,0,15.8707,670.844
905,10,1,0,15.8506,565.312
889,10,1,0,15.8426,522.477
890,10,1,0,15.8362,487.487
1556,10,1,0,15.8273,438.546
891,10,1,0,15.8155,379.078
893,10,1,0,15.809,346.181
894,10,1,0,15.8054,328.364
897,10,1,0,15.7893,246.249
1028,10,1,0,15.7776,188.7
1026,10,1,0,15.7646,124.916
998,10,1,0,15.7598,101.065
999,10,1,0,15.74,0
1317,10,1,1,16.3481,3317.74,0.104167,454.344,0.13,2
2071,10,1,1,16.3359,3249.65
2165,10,1,1,16.3139,3133.33
2117,10,1,1,16.3086,3104.34
2164,10,1,1,16.289,2988.06
1306,10,1,1,16.2636,2826.8
1599,10,1,1,16.2475,2736.57
1300,10,1,1,16.2428,2709.76
1298,10,1,1,16.2374,2679.97
2176,10,1,1,16.2311,2641.14
2066,10,1,1,16.2198,2572.61
869,10,1,1,16.2105,2497.58
865,10,1,1,16.1943,2405.12
852,10,1,1,16.188,2363.73
850,10,1,1,16.1816,2320.5
849,10,1,1,16.1735,2270.33
1774,10,1,1,16.1698,2249.96
837,10,1,1,16.1584,2180.92
2010,10,1,1,16.1507,2134.26
836,10,1,1,16.1437,2086.47
827,10,1,1,16.1338,2029.69
826,10,1,1,16.1144,1922.7
815,10,1,1,16.1,1839.97
999,10,1,2,16.6802,4966.53,0,0,0
1002,10,1,2,16.6748,4936.06
1031,10,1,2,16.6631,4875.87
2031,10,1,2,16.6558,4838.88
2032,10,1,2,16.6554,4837.05
1053,10,1,2,16.6475,4797.92
1784,10,1,2,16.6444,4781.36
1066,10,1,2,16.6351,4734.2
2034,10,1,2,16.6181,4644.58
1850,10,1,2,16.6089,4597.59
2035,10,1,2,16.6007,4553.97
1106,10,1,2,16.5888,4489.73
2039,10,1,2,16.5764,4425.92
2106,10,1,2,16.5608,4341.28
2050,10,1,2,16.5516,4297.3
2051,10,1,2,16.5402,4237.05
1333,10,1,2,16.5163,4111.33
1315,10,1,2,16.5032,4043.88
2165,10,1,2,16.4857,3953.29
2071,10,1,2,16.4658,3845.87
1317,10,1,2,16.4523,3772.09
