Node, Individual, Route,Segment, Travel time, Travel cost, Attention time, Attention cost, Failure rate, Demand
1800,0,0,0,13.7616,951.622,0.0345,150.479,0.15,1
552,0,0,0,13.7525,905.718
603,0,0,0,13.7189,740.761
604,0,0,0,13.7139,714.369
596,0,0,0,13.7137,713.397
580,0,0,0,13.7022,649.074
574,0,0,0,13.6816,541.537
573,0,0,0,13.6725,489.448
564,0,0,0,13.6652,450.205
557,0,0,0,13.6593,417.124
561,0,0,0,13.6526,370.589
628,0,0,0,13.6483,345.216
615,0,0,0,13.6435,317.236
617,0,0,0,13.64,299.689
616,0,0,0,13.6324,261.472
676,0,0,0,13.6262,230.409
674,0,0,0,13.6158,178.918
675,0,0,0,13.6092,145.841
962,0,0,0,13.5988,96.4787
961,0,0,0,13.5933,67.3447
999,0,0,0,13.58,0
449,0,0,1,13.9252,1836.91,0.0431667,188.28,0.11,2
457,0,0,1,13.9137,1774.85
456,0,0,1,13.9088,1745.81
458,0,0,1,13.8996,1684.9
459,0,0,1,13.8929,1639.55
1543,0,0,1,13.8844,1577.74
715,0,0,1,13.8793,1533.9
716,0,0,1,13.8661,1459.54
722,0,0,1,13.8655,1456.73
552,0,0,1,13.8044,1144.84
1800,0,0,1,13.7961,1102.1
362,0,0,2,14.0928,2765.87,0.0438333,191.188,0.02,3
363,0,0,2,14.0778,2683.42
367,0,0,2,14.0652,2614.55
368,0,0,2,14.0578,2579.99
451,0,0,2,14.0364,2462.69
1716,0,0,2,14.0339,2446.26
462,0,0,2,14.0267,2407.44
1990,0,0,2,14.0189,2354.4
452,0,0,2,14.015,2322.33
453,0,0,2,14.0042,2234.91
455,0,0,2,13.9929,2167.09
454,0,0,2,13.9897,2149.71
448,0,0,2,13.9833,2105.76
449,0,0,2,13.9684,2025.19
104,0,0,3,14.3421,4056.37,0.0708333,308.954,0.11,4
124,0,0,3,14.3277,3981.51
1715,0,0,3,14.2918,3800.2
136,0,0,3,14.2866,3772.52
139,0,0,3,14.2736,3702.9
140,0,0,3,14.2527,3589.25
360,0,0,3,14.214,3379.64
361,0,0,3,14.2015,3310.77
367,0,0,3,14.1677,3122.97
363,0,0,3,14.1524,3042.74
362,0,0,3,14.1367,2957.06
815,0,0,4,14.659,5768.53,0.0983333,428.9,0.22,5
816,0,0,4,14.6511,5729.39
2151,0,0,4,14.6392,5665.72
819,0,0,4,14.6244,5585.62
811,0,0,4,14.6038,5469.88
805,0,0,4,14.6,5449.05
358,0,0,4,14.5869,5378.85
349,0,0,4,14.5707,5293.25
344,0,0,4,14.5573,5211.22
1819,0,0,4,14.544,5117.76
335,0,0,4,14.5395,5089.47
2114,0,0,4,14.526,5016.87
329,0,0,4,14.5235,5001.84
1979,0,0,4,14.517,4969.49
1978,0,0,4,14.4758,4740.04
107,0,0,4,14.4677,4686.29
1967,0,0,4,14.4647,4657.59
105,0,0,4,14.439,4507.7
124,0,0,4,14.4261,4434.82
104,0,0,4,14.4129,4365.33
1280,0,0,5,14.9265,7139.59,0.0575,250.798,0.05,6
1845,0,0,5,14.9113,7063.03
1270,0,0,5,14.9077,7044.48
1269,0,0,5,14.8939,6975.04
1259,0,0,5,14.8755,6878.54
1773,0,0,5,14.8606,6798.81
862,0,0,5,14.8487,6734.85
850,0,0,5,14.8414,6688.34
849,0,0,5,14.8333,6638.15
1774,0,0,5,14.8301,6619.33
837,0,0,5,14.8194,6551.24
2010,0,0,5,14.8105,6501.79
836,0,0,5,14.8036,6454.03
827,0,0,5,14.7937,6397.3
826,0,0,5,14.7731,6284.92
815,0,0,5,14.7574,6197.43
2021,0,0,6,15.163,8346.56,0.076,331.489,0.27,7
951,0,0,6,15.1402,8233.1
949,0,0,6,15.1279,8170.85
2025,0,0,6,15.1244,8153.4
2024,0,0,6,15.1097,8074.06
1557,0,0,6,15.0951,7997.99
1299,0,0,6,15.076,7895.12
1300,0,0,6,15.0714,7871.58
1298,0,0,6,15.065,7837.88
2176,0,0,6,15.0585,7798.65
2066,0,0,6,15.0477,7730.83
1262,0,0,6,15.036,7668.45
1261,0,0,6,15.0265,7618.4
1846,0,0,6,15.0041,7496.97
1845,0,0,6,14.9971,7458.43
1280,0,0,6,14.984,7390.39
1317,0,0,7,15.3512,9275.63,0.0693333,302.411,0.21,8
2071,0,0,7,15.3385,9205.43
2165,0,0,7,15.3173,9092.61
1314,0,0,7,15.2992,8998.05
1309,0,0,7,15.2986,8995.18
1304,0,0,7,15.287,8930.54
952,0,0,7,15.2608,8789.96
2022,0,0,7,15.2492,8731.74
2021,0,0,7,15.239,8678.05
1414,0,0,8,15.5724,10375,0.0926667,404.184,0.21,9
1350,0,0,8,15.5579,10301.9
1351,0,0,8,15.5501,10261.8
1352,0,0,8,15.5339,10183.9
1358,0,0,8,15.5238,10131.7
1357,0,0,8,15.5127,10073.5
1356,0,0,8,15.5119,10069.8
2076,0,0,8,15.5059,10037.5
1355,0,0,8,15.5047,10030.8
1364,0,0,8,15.5046,10030.6
1361,0,0,8,15.4985,9996.18
1360,0,0,8,15.4799,9898.13
1370,0,0,8,15.4507,9745.5
1359,0,0,8,15.4498,9741.04
2071,0,0,8,15.4326,9645.64
1317,0,0,8,15.4205,9578.04
1206,0,0,9,15.7606,11291,0.0928333,404.911,0.1,10
2081,0,0,9,15.7448,11203.5
2080,0,0,9,15.731,11128.5
2079,0,0,9,15.7162,11054.4
1554,0,0,9,15.7082,11014.3
1416,0,0,9,15.7066,11006.4
1415,0,0,9,15.6923,10933.5
2097,0,0,9,15.6806,10872.3
2120,0,0,9,15.6771,10840.4
1414,0,0,9,15.665,10779.2
999,0,0,10,16.1456,13236.7,0,0,0
1002,0,0,10,16.1415,13208.6
1031,0,0,10,16.1269,13136.4
2031,0,0,10,16.1196,13099.4
2032,0,0,10,16.1192,13097.6
1034,0,0,10,16.1045,13023.4
1037,0,0,10,16.0964,12980.2
1039,0,0,10,16.0883,12938.6
1041,0,0,10,16.0792,12892.7
2030,0,0,10,16.073,12861.8
2158,0,0,10,16.0702,12846.7
2029,0,0,10,16.059,12788.9
1043,0,0,10,16.0589,12788.5
1044,0,0,10,16.0538,12762.1
1046,0,0,10,16.0475,12727.6
1060,0,0,10,16.0306,12640.5
1061,0,0,10,16.0235,12605
1063,0,0,10,16.0205,12588.9
1083,0,0,10,16.0078,12517.8
1105,0,0,10,15.995,12449.6
1104,0,0,10,15.9772,12356.3
1183,0,0,10,15.9747,12339.8
1184,0,0,10,15.9693,12311.1
1663,0,0,10,15.9592,12259.7
1189,0,0,10,15.9528,12225.1
1194,0,0,10,15.939,12147.6
1196,0,0,10,15.9387,12146
1550,0,0,10,15.932,12107.6
1552,0,0,10,15.9278,12085.9
2059,0,0,10,15.9199,12046.3
1202,0,0,10,15.9026,11955
2096,0,0,10,15.8704,11789.6
1654,0,0,10,15.8587,11725.8
1653,0,0,10,15.8566,11713.5
1206,0,0,10,15.8534,11695.9
1800,1,0,0,13.3616,951.622,0.0345,150.479,0.15,1
552,1,0,0,13.3525,905.718
603,1,0,0,13.3189,740.761
604,1,0,0,13.3139,714.369
596,1,0,0,13.3137,713.397
580,1,0,0,13.3022,649.074
574,1,0,0,13.2816,541.537
573,1,0,0,13.2725,489.448
564,1,0,0,13.2652,450.205
557,1,0,0,13.2593,417.124
561,1,0,0,13.2526,370.589
628,1,0,0,13.2483,345.216
615,1,0,0,13.2435,317.236
617,1,0,0,13.24,299.689
616,1,0,0,13.2324,261.472
676,1,0,0,13.2262,230.409
674,1,0,0,13.2158,178.918
675,1,0,0,13.2092,145.841
962,1,0,0,13.1988,96.4787
961,1,0,0,13.1933,67.3447
999,1,0,0,13.18,0
449,1,0,1,13.5252,1836.91,0.0431667,188.28,0.11,2
457,1,0,1,13.5138,1774.85
456,1,0,1,13.5088,1745.81
458,1,0,1,13.4996,1684.9
459,1,0,1,13.4929,1639.55
1543,1,0,1,13.4844,1577.74
715,1,0,1,13.4793,1533.9
716,1,0,1,13.4661,1459.54
722,1,0,1,13.4655,1456.73
552,1,0,1,13.4044,1144.84
1800,1,0,1,13.3961,1102.1
362,1,0,2,13.6928,2765.87,0.0871667,380.195,0.02,3
363,1,0,2,13.6778,2683.42
367,1,0,2,13.6652,2614.55
368,1,0,2,13.6578,2579.99
451,1,0,2,13.6364,2462.69
1716,1,0,2,13.6339,2446.26
462,1,0,2,13.6267,2407.44
1990,1,0,2,13.6189,2354.4
452,1,0,2,13.615,2322.33
453,1,0,2,13.6042,2234.91
455,1,0,2,13.5929,2167.09
454,1,0,2,13.5897,2149.71
448,1,0,2,13.5833,2105.76
449,1,0,2,13.5684,2025.19
104,1,0,3,13.9879,4256.66,0.05,218.085,0.11,4
124,1,0,3,13.974,4184.1
1715,1,0,3,13.9448,4030.74
136,1,0,3,13.939,4000.98
139,1,0,3,13.9257,3929.79
140,1,0,3,13.9015,3801.85
360,1,0,3,13.8619,3588.7
361,1,0,3,13.8475,3511.32
367,1,0,3,13.8107,3310.48
363,1,0,3,13.7972,3238.05
362,1,0,3,13.78,3146.07
815,1,0,4,14.284,5877.95,0.0983333,428.9,0.22,5
816,1,0,4,14.276,5838.81
2151,1,0,4,14.2642,5775.14
819,1,0,4,14.2493,5695.04
811,1,0,4,14.2288,5579.3
805,1,0,4,14.225,5558.47
358,1,0,4,14.2119,5488.27
349,1,0,4,14.1956,5402.67
344,1,0,4,14.1822,5320.64
1819,1,0,4,14.1689,5227.18
335,1,0,4,14.1644,5198.89
2114,1,0,4,14.151,5126.29
329,1,0,4,14.1485,5111.26
1979,1,0,4,14.1419,5078.91
1978,1,0,4,14.1008,4849.46
107,1,0,4,14.0927,4795.71
1967,1,0,4,14.0897,4767.01
105,1,0,4,14.064,4617.12
124,1,0,4,14.051,4544.24
104,1,0,4,14.0379,4474.75
1280,1,0,5,14.5514,7249.01,0.0575,250.798,0.05,6
1845,1,0,5,14.5362,7172.45
1270,1,0,5,14.5327,7153.9
1269,1,0,5,14.5189,7084.46
1259,1,0,5,14.5005,6987.96
1773,1,0,5,14.4855,6908.23
862,1,0,5,14.4736,6844.27
850,1,0,5,14.4664,6797.76
849,1,0,5,14.4583,6747.58
1774,1,0,5,14.455,6728.75
837,1,0,5,14.4443,6660.66
2010,1,0,5,14.4355,6611.21
836,1,0,5,14.4285,6563.45
827,1,0,5,14.4186,6506.72
826,1,0,5,14.398,6394.34
815,1,0,5,14.3823,6306.85
2021,1,0,6,14.7879,8455.98,0.0923333,402.73,0.26,7
951,1,0,6,14.7652,8342.52
949,1,0,6,14.7528,8280.27
2025,1,0,6,14.7494,8262.82
2024,1,0,6,14.7346,8183.48
1557,1,0,6,14.7201,8107.41
1299,1,0,6,14.701,8004.54
1300,1,0,6,14.6964,7981
1298,1,0,6,14.69,7947.3
2176,1,0,6,14.6834,7908.07
2066,1,0,6,14.6726,7840.25
1262,1,0,6,14.6609,7777.87
1261,1,0,6,14.6515,7727.82
1846,1,0,6,14.629,7606.39
1845,1,0,6,14.6221,7567.85
1280,1,0,6,14.6089,7499.81
1317,1,0,7,15.0067,9516.53,0.0693333,302.411,0.21,8
2071,1,0,7,14.9941,9446.63
2165,1,0,7,14.9716,9328.52
1314,1,0,7,14.9526,9230
1309,1,0,7,14.952,9227.12
1304,1,0,7,14.9377,9150.99
952,1,0,7,14.9064,8988.36
2022,1,0,7,14.8948,8930.14
2021,1,0,7,14.8803,8858.71
1414,1,0,8,15.2279,10615.9,0.0926667,404.184,0.21,9
1350,1,0,8,15.2134,10542.8
1351,1,0,8,15.2056,10502.7
1352,1,0,8,15.1894,10424.8
1358,1,0,8,15.1793,10372.6
1357,1,0,8,15.1681,10314.4
1356,1,0,8,15.1674,10310.7
2076,1,0,8,15.1614,10278.4
1355,1,0,8,15.1602,10271.7
1364,1,0,8,15.1601,10271.5
1361,1,0,8,15.154,10237.1
1360,1,0,8,15.1354,10139
1370,1,0,8,15.1062,9986.4
1359,1,0,8,15.1053,9981.94
2071,1,0,8,15.0881,9886.54
1317,1,0,8,15.076,9818.94
1206,1,0,9,15.416,11531.9,0.0928333,404.911,0.1,10
2081,1,0,9,15.4003,11444.4
2080,1,0,9,15.3865,11369.4
2079,1,0,9,15.3717,11295.3
1554,1,0,9,15.3636,11255.2
1416,1,0,9,15.3621,11247.3
1415,1,0,9,15.3478,11174.4
2097,1,0,9,15.3361,11113.2
2120,1,0,9,15.3326,11081.3
1414,1,0,9,15.3205,11020.1
999,1,0,10,15.8011,13477.6,0,0,0
1002,1,0,10,15.797,13449.5
1031,1,0,10,15.7824,13377.3
2031,1,0,10,15.7751,13340.3
2032,1,0,10,15.7747,13338.5
1034,1,0,10,15.76,13264.3
1037,1,0,10,15.7519,13221.1
1039,1,0,10,15.7438,13179.5
1041,1,0,10,15.7347,13133.6
2030,1,0,10,15.7285,13102.7
2158,1,0,10,15.7257,13087.6
2029,1,0,10,15.7145,13029.8
1043,1,0,10,15.7144,13029.3
1044,1,0,10,15.7092,13003
1046,1,0,10,15.7029,12968.5
1060,1,0,10,15.6861,12881.4
1061,1,0,10,15.679,12845.9
1063,1,0,10,15.676,12829.8
1083,1,0,10,15.6633,12758.7
1105,1,0,10,15.6505,12690.5
1104,1,0,10,15.6327,12597.2
1183,1,0,10,15.6302,12580.7
1184,1,0,10,15.6247,12552
1663,1,0,10,15.6147,12500.6
1189,1,0,10,15.6083,12466
1194,1,0,10,15.5945,12388.5
1196,1,0,10,15.5942,12386.9
1550,1,0,10,15.5875,12348.5
1552,1,0,10,15.5833,12326.8
2059,1,0,10,15.5754,12287.2
1202,1,0,10,15.5581,12195.9
2096,1,0,10,15.5259,12030.5
1654,1,0,10,15.5142,11966.7
1653,1,0,10,15.5121,11954.4
1206,1,0,10,15.5089,11936.8
1800,2,0,0,14.3535,1007.05,0.0793333,346.028,0.17,1
552,2,0,0,14.3392,939.646
603,2,0,0,14.3076,783.092
604,2,0,0,14.3028,757.682
596,2,0,0,14.3027,756.71
580,2,0,0,14.2884,680.504
574,2,0,0,14.267,569.599
573,2,0,0,14.2573,515.193
564,2,0,0,14.2505,477.803
557,2,0,0,14.2445,444.257
561,2,0,0,14.2384,397.895
628,2,0,0,14.2348,373.421
615,2,0,0,14.2305,346.226
617,2,0,0,14.2271,328.679
616,2,0,0,14.2204,294.749
676,2,0,0,14.2143,263.686
674,2,0,0,14.1993,194.033
675,2,0,0,14.1928,160.956
962,2,0,0,14.1841,118.866
961,2,0,0,14.1768,81.8149
999,2,0,0,14.16,0
449,2,0,1,14.5666,2106.84,0.0403333,175.922,0.13,2
457,2,0,1,14.5524,2032.64
456,2,0,1,14.5469,2002.26
458,2,0,1,14.5347,1934.36
459,2,0,1,14.5291,1889.14
1543,2,0,1,14.5201,1827.13
715,2,0,1,14.5154,1782.65
716,2,0,1,14.5003,1700.04
722,2,0,1,14.4997,1697.23
552,2,0,1,14.4411,1395.81
1800,2,0,1,14.4328,1353.07
362,2,0,2,14.7314,3025.49,0.0438333,191.188,0.02,3
363,2,0,2,14.7151,2937.28
440,2,0,2,14.6873,2796.51
451,2,0,2,14.6708,2710.31
1716,2,0,2,14.6683,2693.89
462,2,0,2,14.6592,2646.81
1990,2,0,2,14.6521,2594.12
452,2,0,2,14.6482,2562.06
453,2,0,2,14.637,2474.83
455,2,0,2,14.6286,2409.34
454,2,0,2,14.626,2394.7
448,2,0,2,14.6187,2349.78
449,2,0,2,14.607,2282.76
104,2,0,3,14.9807,4315.99,0.0708333,308.954,0.11,4
124,2,0,3,14.9663,4241.12
1715,2,0,3,14.9304,4059.81
136,2,0,3,14.9252,4032.13
139,2,0,3,14.9121,3962.51
140,2,0,3,14.8913,3848.86
360,2,0,3,14.8526,3639.25
361,2,0,3,14.8401,3570.39
367,2,0,3,14.8063,3382.58
363,2,0,3,14.791,3302.35
362,2,0,3,14.7752,3216.67
815,2,0,4,15.2907,5990.4,0.0461667,201.365,0.21,5
816,2,0,4,15.2786,5934.55
817,2,0,4,15.2685,5880.18
803,2,0,4,15.2499,5773.61
354,2,0,4,15.2498,5773.24
357,2,0,4,15.2405,5720.98
358,2,0,4,15.227,5647.19
349,2,0,4,15.2101,5558.8
344,2,0,4,15.1973,5477.54
1819,2,0,4,15.1847,5384.31
335,2,0,4,15.1795,5354.95
2114,2,0,4,15.1657,5280.65
329,2,0,4,15.1631,5265.38
1979,2,0,4,15.1566,5233.33
1978,2,0,4,15.1174,5012.44
107,2,0,4,15.109,4958.37
1967,2,0,4,15.106,4929.66
105,2,0,4,15.0805,4780.24
124,2,0,4,15.0641,4692.01
104,2,0,4,15.0515,4624.94
1280,2,0,5,15.4999,7109.96,0.111167,484.876,0.06,6
1845,2,0,5,15.4866,7041.64
1270,2,0,5,15.4825,7020.42
1269,2,0,5,15.4705,6958.45
1259,2,0,5,15.4531,6866.32
1773,2,0,5,15.4365,6779.53
862,2,0,5,15.4254,6719.03
850,2,0,5,15.4171,6671.01
849,2,0,5,15.4092,6621.04
1774,2,0,5,15.406,6602.3
837,2,0,5,15.3952,6534.11
2010,2,0,5,15.3879,6488.01
836,2,0,5,15.3808,6440.19
827,2,0,5,15.3715,6384.47
826,2,0,5,15.3517,6275.57
815,2,0,5,15.3369,6191.77
1414,2,0,6,15.8996,9188,0.0926667,404.184,0.21,7
1350,2,0,6,15.8844,9111.74
1351,2,0,6,15.8767,9072.12
1352,2,0,6,15.8641,9008.89
1358,2,0,6,15.8544,8958.43
1357,2,0,6,15.8432,8900.26
1356,2,0,6,15.8425,8896.54
2076,2,0,6,15.8365,8864.23
1355,2,0,6,15.8353,8857.57
1364,2,0,6,15.8352,8857.36
1361,2,0,6,15.8291,8822.9
1354,2,0,6,15.829,8822.71
2188,2,0,6,15.8213,8783.43
2075,2,0,6,15.799,8669.64
1822,2,0,6,15.7982,8665.65
1353,2,0,6,15.7901,8624.01
2118,2,0,6,15.7685,8507.34
2117,2,0,6,15.766,8482.71
2164,2,0,6,15.7477,8368.3
1306,2,0,6,15.7228,8207.63
1599,2,0,6,15.7069,8118.62
1300,2,0,6,15.7024,8091.93
1298,2,0,6,15.6976,8065.18
2176,2,0,6,15.6911,8025.98
2066,2,0,6,15.6808,7958.78
1262,2,0,6,15.6694,7897.86
1261,2,0,6,15.6607,7850.75
1846,2,0,6,15.6287,7688.82
1281,2,0,6,15.6218,7651.97
1280,2,0,6,15.6111,7594.84
1206,2,0,7,16.0878,10104,0.0515,224.627,0.1,8
2081,2,0,7,16.0721,10016.5
2080,2,0,7,16.0582,9941.44
2079,2,0,7,16.0435,9867.42
1554,2,0,7,16.0354,9827.24
1416,2,0,7,16.0339,9819.42
1415,2,0,7,16.0195,9746.49
2097,2,0,7,16.0078,9685.28
2120,2,0,7,16.0043,9653.4
1414,2,0,7,15.9923,9592.18
1317,2,0,8,16.4069,11737,0.104167,454.344,0.13,9
2071,2,0,8,16.3941,11666.5
1359,2,0,8,16.3715,11547.9
1370,2,0,8,16.3706,11543.4
1360,2,0,8,16.3474,11416.6
1361,2,0,8,16.3327,11335.4
1354,2,0,8,16.3327,11335.2
1355,2,0,8,16.3267,11302.7
2076,2,0,8,16.3248,11293.5
1356,2,0,8,16.3173,11254.4
1357,2,0,8,16.3165,11250.7
1358,2,0,8,16.3034,11184.2
1352,2,0,8,16.2954,11141
1351,2,0,8,16.2851,11087.4
1350,2,0,8,16.2776,11048.8
1414,2,0,8,16.2648,10982.5
2120,2,0,8,16.254,10926.9
2097,2,0,8,16.2456,10882.6
1415,2,0,8,16.2325,10815.8
1416,2,0,8,16.2178,10740.9
1554,2,0,8,16.2162,10733.1
2079,2,0,8,16.2079,10692
2080,2,0,8,16.1926,10615.5
2081,2,0,8,16.1769,10532.7
1207,2,0,8,16.1578,10430.1
2061,2,0,8,16.1494,10383.3
1206,2,0,8,16.1393,10328.6
2021,2,0,9,16.635,12841.1,0.07,305.319,0.28,10
1303,2,0,9,16.6077,12697.4
1307,2,0,9,16.5992,12650.5
1308,2,0,9,16.585,12578.2
1309,2,0,9,16.568,12490.3
1314,2,0,9,16.5674,12487.4
2165,2,0,9,16.5445,12372.5
2071,2,0,9,16.5245,12265.1
1317,2,0,9,16.511,12191.3
999,2,0,10,16.9014,14156.9,0,0,0
1002,2,0,10,16.896,14126.5
1024,2,0,10,16.8755,14022.4
1029,2,0,10,16.87,13995.1
1027,2,0,10,16.8579,13934.9
1051,2,0,10,16.8448,13868.3
1052,2,0,10,16.837,13828.9
1804,2,0,10,16.8365,13826.8
2015,2,0,10,16.8253,13770.6
2014,2,0,10,16.8173,13730
2017,2,0,10,16.8161,13724.3
2170,2,0,10,16.8134,13710.2
1738,2,0,10,16.7988,13635.1
1737,2,0,10,16.7933,13606.2
936,2,0,10,16.7812,13540.6
933,2,0,10,16.7806,13537.7
934,2,0,10,16.7751,13500
943,2,0,10,16.7611,13430.3
942,2,0,10,16.7532,13389
941,2,0,10,16.7418,13331.3
1790,2,0,10,16.7268,13255.2
2022,2,0,10,16.7163,13204.3
2021,2,0,10,16.705,13146.4
1800,3,0,0,14.0816,951.622,0.0793333,346.028,0.17,1
552,3,0,0,14.0725,905.718
603,3,0,0,14.0389,740.761
604,3,0,0,14.0339,714.369
596,3,0,0,14.0337,713.397
580,3,0,0,14.0222,649.074
574,3,0,0,14.0016,541.537
573,3,0,0,13.9925,489.448
564,3,0,0,13.9852,450.205
557,3,0,0,13.9793,417.124
561,3,0,0,13.9726,370.589
628,3,0,0,13.9683,345.216
615,3,0,0,13.9635,317.236
617,3,0,0,13.96,299.689
616,3,0,0,13.9524,261.472
676,3,0,0,13.9462,230.409
674,3,0,0,13.9358,178.918
675,3,0,0,13.9292,145.841
962,3,0,0,13.9188,96.4787
961,3,0,0,13.9133,67.3447
999,3,0,0,13.9,0
449,3,0,1,14.2947,2051.42,0.0403333,175.922,0.13,2
457,3,0,1,14.2805,1977.21
456,3,0,1,14.275,1946.83
458,3,0,1,14.2628,1878.94
459,3,0,1,14.2572,1833.72
1543,3,0,1,14.2482,1771.71
715,3,0,1,14.2435,1727.23
716,3,0,1,14.2284,1644.62
722,3,0,1,14.2278,1641.8
552,3,0,1,14.1692,1340.39
1800,3,0,1,14.1609,1297.65
362,3,0,2,14.4595,2970.06,0.0438333,191.188,0.02,3
363,3,0,2,14.4432,2881.86
440,3,0,2,14.4154,2741.08
451,3,0,2,14.3989,2654.89
1716,3,0,2,14.3964,2638.46
462,3,0,2,14.3873,2591.39
1990,3,0,2,14.3802,2538.7
452,3,0,2,14.3763,2506.63
453,3,0,2,14.3651,2419.41
455,3,0,2,14.3567,2353.92
454,3,0,2,14.3541,2339.28
448,3,0,2,14.3468,2294.35
449,3,0,2,14.3351,2227.34
104,3,0,3,14.7088,4260.56,0.0708333,308.954,0.11,4
124,3,0,3,14.6944,4185.7
1715,3,0,3,14.6585,4004.39
136,3,0,3,14.6533,3976.71
139,3,0,3,14.6402,3907.09
140,3,0,3,14.6194,3793.44
360,3,0,3,14.5807,3583.83
361,3,0,3,14.5682,3514.96
367,3,0,3,14.5344,3327.16
363,3,0,3,14.5191,3246.93
362,3,0,3,14.5033,3161.25
815,3,0,4,15.0257,5972.72,0.0461667,201.365,0.21,5
816,3,0,4,15.0178,5933.57
2151,3,0,4,15.0059,5869.91
819,3,0,4,14.991,5789.81
811,3,0,4,14.9705,5674.07
805,3,0,4,14.9667,5653.24
358,3,0,4,14.9536,5583.04
349,3,0,4,14.9373,5497.44
344,3,0,4,14.9239,5415.41
1819,3,0,4,14.9107,5321.95
335,3,0,4,14.9061,5293.66
2114,3,0,4,14.8927,5221.06
329,3,0,4,14.8902,5206.03
1979,3,0,4,14.8837,5173.68
1978,3,0,4,14.8425,4944.23
107,3,0,4,14.8344,4890.48
1967,3,0,4,14.8314,4861.77
105,3,0,4,14.8057,4711.89
124,3,0,4,14.7928,4639.01
104,3,0,4,14.7796,4569.52
1280,3,0,5,15.2349,7092.28,0.111167,484.876,0.06,6
1845,3,0,5,15.2216,7023.95
1270,3,0,5,15.2175,7002.74
1269,3,0,5,15.2055,6940.76
1259,3,0,5,15.1881,6848.64
1773,3,0,5,15.1715,6761.85
862,3,0,5,15.1604,6701.35
850,3,0,5,15.1521,6653.33
849,3,0,5,15.1442,6603.36
1774,3,0,5,15.141,6584.62
837,3,0,5,15.1302,6516.43
2010,3,0,5,15.1229,6470.33
836,3,0,5,15.1158,6422.51
827,3,0,5,15.1065,6366.79
826,3,0,5,15.0867,6257.89
815,3,0,5,15.0719,6174.09
2021,3,0,6,15.5282,8546.62,0.076,331.489,0.27,7
951,3,0,6,15.5084,8445.21
949,3,0,6,15.4972,8388.09
2025,3,0,6,15.4938,8370.63
2024,3,0,6,15.4775,8284.65
1557,3,0,6,15.4622,8205.47
1299,3,0,6,15.442,8097.79
1300,3,0,6,15.4374,8074.25
1298,3,0,6,15.4326,8047.49
2176,3,0,6,15.4261,8008.29
2066,3,0,6,15.4158,7941.1
1262,3,0,6,15.4044,7880.18
1261,3,0,6,15.3957,7833.07
1846,3,0,6,15.3637,7671.14
1281,3,0,6,15.3568,7634.29
1280,3,0,6,15.3461,7577.15
1414,3,0,7,15.8206,10025.7,0.0926667,404.184,0.21,8
1350,3,0,7,15.8062,9952.55
1351,3,0,7,15.7984,9912.46
1352,3,0,7,15.7822,9834.58
1358,3,0,7,15.7721,9782.38
1357,3,0,7,15.7609,9724.21
1356,3,0,7,15.7602,9720.49
2076,3,0,7,15.7542,9688.17
1355,3,0,7,15.753,9681.51
1364,3,0,7,15.7529,9681.3
1361,3,0,7,15.7468,9646.84
1354,3,0,7,15.7468,9646.65
2188,3,0,7,15.739,9607.38
2075,3,0,7,15.7167,9493.59
1822,3,0,7,15.7159,9489.59
1353,3,0,7,15.7078,9447.96
2118,3,0,7,15.6862,9331.29
2117,3,0,7,15.6837,9306.66
2164,3,0,7,15.6654,9192.25
1307,3,0,7,15.6515,9116.93
1303,3,0,7,15.6367,9043.3
2021,3,0,7,15.6042,8878.1
1206,3,0,8,16.0088,10941.7,0.0515,224.627,0.1,9
2081,3,0,8,15.9931,10854.2
2080,3,0,8,15.9793,10779.1
2079,3,0,8,15.9645,10705.1
1554,3,0,8,15.9564,10664.9
1416,3,0,8,15.9549,10657.1
1415,3,0,8,15.9406,10584.2
2097,3,0,8,15.9288,10523
2120,3,0,8,15.9254,10491.1
1414,3,0,8,15.9133,10429.9
1317,3,0,9,16.3279,12574.6,0.104167,454.344,0.13,10
2071,3,0,9,16.3152,12504.1
1359,3,0,9,16.2926,12385.6
1370,3,0,9,16.2916,12381.1
1360,3,0,9,16.2685,12254.3
1361,3,0,9,16.2538,12173
1354,3,0,9,16.2537,12172.9
1355,3,0,9,16.2477,12140.3
2076,3,0,9,16.2459,12131.2
1356,3,0,9,16.2383,12092.1
1357,3,0,9,16.2375,12088.3
1358,3,0,9,16.2244,12021.9
1352,3,0,9,16.2164,11978.6
1351,3,0,9,16.2061,11925.1
1350,3,0,9,16.1986,11886.4
1414,3,0,9,16.1858,11820.1
2120,3,0,9,16.1751,11764.6
2097,3,0,9,16.1666,11720.3
1415,3,0,9,16.1536,11653.5
1416,3,0,9,16.1388,11578.6
1554,3,0,9,16.1372,11570.8
2079,3,0,9,16.1289,11529.6
2080,3,0,9,16.1136,11453.2
2081,3,0,9,16.0979,11370.4
1207,3,0,9,16.0788,11267.8
2061,3,0,9,16.0704,11221
1206,3,0,9,16.0603,11166.3
999,3,0,10,16.66,14223.4,0,0,0
1002,3,0,10,16.6546,14193
1031,3,0,10,16.6429,14132.8
2031,3,0,10,16.6356,14095.8
2032,3,0,10,16.6352,14094
1053,3,0,10,16.6273,14054.8
1784,3,0,10,16.6242,14038.3
1066,3,0,10,16.6149,13991.1
2034,3,0,10,16.5979,13901.5
1850,3,0,10,16.5887,13854.5
2035,3,0,10,16.5805,13810.9
1106,3,0,10,16.5686,13746.6
2039,3,0,10,16.5562,13682.8
2106,3,0,10,16.5406,13598.2
2050,3,0,10,16.5314,13554.2
2051,3,0,10,16.52,13494
1333,3,0,10,16.4961,13368.2
1315,3,0,10,16.483,13300.8
2165,3,0,10,16.4655,13210.2
2071,3,0,10,16.4456,13102.8
1317,3,0,10,16.4321,13029
1800,4,0,0,13.7616,951.622,0.0345,150.479,0.15,1
552,4,0,0,13.7525,905.718
603,4,0,0,13.7189,740.761
604,4,0,0,13.7139,714.369
596,4,0,0,13.7137,713.397
580,4,0,0,13.7022,649.074
574,4,0,0,13.6816,541.537
573,4,0,0,13.6725,489.448
564,4,0,0,13.6652,450.205
557,4,0,0,13.6593,417.124
561,4,0,0,13.6526,370.589
628,4,0,0,13.6483,345.216
615,4,0,0,13.6435,317.236
617,4,0,0,13.64,299.689
616,4,0,0,13.6324,261.472
676,4,0,0,13.6262,230.409
674,4,0,0,13.6158,178.918
675,4,0,0,13.6092,145.841
962,4,0,0,13.5988,96.4787
961,4,0,0,13.5933,67.3447
999,4,0,0,13.58,0
449,4,0,1,13.9252,1836.91,0.0431667,188.28,0.11,2
457,4,0,1,13.9137,1774.85
456,4,0,1,13.9088,1745.81
458,4,0,1,13.8996,1684.9
459,4,0,1,13.8929,1639.55
1543,4,0,1,13.8844,1577.74
715,4,0,1,13.8793,1533.9
716,4,0,1,13.8661,1459.54
722,4,0,1,13.8655,1456.73
552,4,0,1,13.8044,1144.84
1800,4,0,1,13.7961,1102.1
362,4,0,2,14.0928,2765.87,0.0438333,191.188,0.02,3
363,4,0,2,14.0778,2683.42
367,4,0,2,14.0652,2614.55
368,4,0,2,14.0578,2579.99
451,4,0,2,14.0364,2462.69
1716,4,0,2,14.0339,2446.26
462,4,0,2,14.0267,2407.44
1990,4,0,2,14.0189,2354.4
452,4,0,2,14.015,2322.33
453,4,0,2,14.0042,2234.91
455,4,0,2,13.9929,2167.09
454,4,0,2,13.9897,2149.71
448,4,0,2,13.9833,2105.76
449,4,0,2,13.9684,2025.19
104,4,0,3,14.3421,4056.37,0.0708333,308.954,0.11,4
124,4,0,3,14.3277,3981.51
1715,4,0,3,14.2918,3800.2
136,4,0,3,14.2866,3772.52
139,4,0,3,14.2736,3702.9
140,4,0,3,14.2527,3589.25
360,4,0,3,14.214,3379.64
361,4,0,3,14.2015,3310.77
367,4,0,3,14.1677,3122.97
363,4,0,3,14.1524,3042.74
362,4,0,3,14.1367,2957.06
815,4,0,4,14.659,5768.53,0.0983333,428.9,0.22,5
816,4,0,4,14.6511,5729.39
2151,4,0,4,14.6392,5665.72
819,4,0,4,14.6244,5585.62
811,4,0,4,14.6038,5469.88
805,4,0,4,14.6,5449.05
358,4,0,4,14.5869,5378.85
349,4,0,4,14.5707,5293.25
344,4,0,4,14.5573,5211.22
1819,4,0,4,14.544,5117.76
335,4,0,4,14.5395,5089.47
2114,4,0,4,14.526,5016.87
329,4,0,4,14.5235,5001.84
1979,4,0,4,14.517,4969.49
1978,4,0,4,14.4758,4740.04
107,4,0,4,14.4677,4686.29
1967,4,0,4,14.4647,4657.59
105,4,0,4,14.439,4507.7
124,4,0,4,14.4261,4434.82
104,4,0,4,14.4129,4365.33
1280,4,0,5,14.9265,7139.59,0.0575,250.798,0.05,6
1845,4,0,5,14.9113,7063.03
1270,4,0,5,14.9077,7044.48
1269,4,0,5,14.8939,6975.04
1259,4,0,5,14.8755,6878.54
1773,4,0,5,14.8606,6798.81
862,4,0,5,14.8487,6734.85
850,4,0,5,14.8414,6688.34
849,4,0,5,14.8333,6638.15
1774,4,0,5,14.8301,6619.33
837,4,0,5,14.8194,6551.24
2010,4,0,5,14.8105,6501.79
836,4,0,5,14.8036,6454.03
827,4,0,5,14.7937,6397.3
826,4,0,5,14.7731,6284.92
815,4,0,5,14.7574,6197.43
2021,4,0,6,15.163,8346.56,0.076,331.489,0.27,7
951,4,0,6,15.1402,8233.1
949,4,0,6,15.1279,8170.85
2025,4,0,6,15.1244,8153.4
2024,4,0,6,15.1097,8074.06
1557,4,0,6,15.0951,7997.99
1299,4,0,6,15.076,7895.12
1300,4,0,6,15.0714,7871.58
1298,4,0,6,15.065,7837.88
2176,4,0,6,15.0585,7798.65
2066,4,0,6,15.0477,7730.83
1262,4,0,6,15.036,7668.45
1261,4,0,6,15.0265,7618.4
1846,4,0,6,15.0041,7496.97
1845,4,0,6,14.9971,7458.43
1280,4,0,6,14.984,7390.39
1414,4,0,7,15.4554,9825.62,0.0926667,404.184,0.21,8
1350,4,0,7,15.441,9752.49
1351,4,0,7,15.4331,9712.4
1352,4,0,7,15.417,9634.52
1358,4,0,7,15.4069,9582.32
1357,4,0,7,15.3957,9524.15
1356,4,0,7,15.3949,9520.43
2076,4,0,7,15.389,9488.11
1355,4,0,7,15.3877,9481.45
1364,4,0,7,15.3877,9481.25
1361,4,0,7,15.3815,9446.78
1354,4,0,7,15.3815,9446.59
2188,4,0,7,15.3737,9407.32
2075,4,0,7,15.3514,9293.53
1822,4,0,7,15.3506,9289.54
1353,4,0,7,15.3426,9247.9
2118,4,0,7,15.321,9131.23
2117,4,0,7,15.3184,9106.6
2164,4,0,7,15.3001,8992.19
1307,4,0,7,15.2862,8916.87
1303,4,0,7,15.2714,8843.24
2021,4,0,7,15.239,8678.05
1206,4,0,8,15.6436,10741.6,0.0928333,404.911,0.1,9
2081,4,0,8,15.6279,10654.1
2080,4,0,8,15.614,10579.1
2079,4,0,8,15.5993,10505
1554,4,0,8,15.5912,10464.9
1416,4,0,8,15.5896,10457
1415,4,0,8,15.5753,10384.1
2097,4,0,8,15.5636,10322.9
2120,4,0,8,15.5601,10291
1414,4,0,8,15.5481,10229.8
1317,4,0,9,16.0096,12583.9,0.104167,454.344,0.13,10
2071,4,0,9,15.9996,12520.8
1359,4,0,9,15.9772,12403.3
1370,4,0,9,15.9763,12398.8
1360,4,0,9,15.9432,12229.4
1361,4,0,9,15.9285,12148.5
1354,4,0,9,15.9285,12148.3
1355,4,0,9,15.9223,12115.1
2076,4,0,9,15.9205,12105.9
1356,4,0,9,15.9135,12069.1
1357,4,0,9,15.9127,12065.4
1358,4,0,9,15.901,12005.2
1352,4,0,9,15.892,11957.5
1351,4,0,9,15.8782,11889.3
1350,4,0,9,15.871,11851.8
1414,4,0,9,15.8546,11770.6
2120,4,0,9,15.8441,11716
2097,4,0,9,15.835,11668.9
1415,4,0,9,15.8222,11603.3
1416,4,0,9,15.8064,11524.3
1554,4,0,9,15.8049,11516.5
2079,4,0,9,15.7984,11482.7
2080,4,0,9,15.7834,11407.8
2081,4,0,9,15.769,11330.5
1207,4,0,9,15.7536,11243.9
2061,4,0,9,15.7463,11200.6
1206,4,0,9,15.7364,11146.5
999,4,0,10,16.3417,14232.7,0,0,0
1002,4,0,10,16.3363,14202.3
1031,4,0,10,16.3246,14142.1
2031,4,0,10,16.3173,14105.1
2032,4,0,10,16.3169,14103.3
1053,4,0,10,16.309,14064.1
1784,4,0,10,16.3058,14047.6
1066,4,0,10,16.2966,14000.4
2034,4,0,10,16.2796,13910.8
1850,4,0,10,16.2704,13863.8
2035,4,0,10,16.2622,13820.2
1106,4,0,10,16.2503,13755.9
2039,4,0,10,16.2378,13692.1
2106,4,0,10,16.2223,13607.5
2050,4,0,10,16.2131,13563.5
2051,4,0,10,16.2016,13503.3
1333,4,0,10,16.1778,13377.5
1315,4,0,10,16.1647,13310.1
2165,4,0,10,16.1472,13219.5
2071,4,0,10,16.1273,13112.1
1317,4,0,10,16.1138,13038.3
1800,5,0,0,13.8316,951.622,0.0345,150.479,0.15,1
552,5,0,0,13.8225,905.718
603,5,0,0,13.7889,740.761
604,5,0,0,13.7839,714.369
596,5,0,0,13.7837,713.397
580,5,0,0,13.7722,649.074
574,5,0,0,13.7516,541.537
573,5,0,0,13.7425,489.448
564,5,0,0,13.7352,450.205
557,5,0,0,13.7293,417.124
561,5,0,0,13.7226,370.589
628,5,0,0,13.7183,345.216
615,5,0,0,13.7135,317.236
617,5,0,0,13.71,299.689
616,5,0,0,13.7024,261.472
676,5,0,0,13.6962,230.409
674,5,0,0,13.6858,178.918
675,5,0,0,13.6792,145.841
962,5,0,0,13.6688,96.4787
961,5,0,0,13.6633,67.3447
999,5,0,0,13.65,0
449,5,0,1,13.9952,1836.91,0.0431667,188.28,0.11,2
457,5,0,1,13.9837,1774.85
456,5,0,1,13.9788,1745.81
458,5,0,1,13.9696,1684.9
459,5,0,1,13.9629,1639.55
1543,5,0,1,13.9544,1577.74
715,5,0,1,13.9493,1533.9
716,5,0,1,13.9361,1459.54
722,5,0,1,13.9355,1456.73
552,5,0,1,13.8744,1144.84
1800,5,0,1,13.8661,1102.1
362,5,0,2,14.1628,2767.92,0.0438333,191.188,0.02,3
363,5,0,2,14.1465,2679.71
440,5,0,2,14.1187,2538.94
451,5,0,2,14.1021,2452.74
1716,5,0,2,14.0997,2436.32
462,5,0,2,14.0906,2389.24
1990,5,0,2,14.0835,2336.55
452,5,0,2,14.0796,2304.49
453,5,0,2,14.0684,2217.26
455,5,0,2,14.0599,2151.77
454,5,0,2,14.0574,2137.13
448,5,0,2,14.0501,2092.21
449,5,0,2,14.0384,2025.19
104,5,0,3,14.4121,4058.41,0.0708333,308.954,0.11,4
124,5,0,3,14.3977,3983.55
1715,5,0,3,14.3618,3802.24
136,5,0,3,14.3565,3774.56
139,5,0,3,14.3435,3704.94
140,5,0,3,14.3227,3591.29
360,5,0,3,14.284,3381.68
361,5,0,3,14.2715,3312.82
367,5,0,3,14.2377,3125.01
363,5,0,3,14.2224,3044.78
362,5,0,3,14.2066,2959.1
1280,5,0,4,14.84,6328.97,0.0575,250.798,0.05,5
1845,5,0,4,14.825,6253.12
1270,5,0,4,14.8202,6229.6
1271,5,0,4,14.8084,6169.91
868,5,0,4,14.7937,6087.84
869,5,0,4,14.7744,5982.36
1856,5,0,4,14.7546,5886.87
855,5,0,4,14.7544,5886.16
843,5,0,4,14.7408,5807.1
832,5,0,4,14.7296,5743.42
831,5,0,4,14.7231,5708.41
2153,5,0,4,14.723,5708.33
821,5,0,4,14.7092,5639.47
2008,5,0,4,14.7007,5596.68
812,5,0,4,14.6829,5499.67
807,5,0,4,14.6828,5498.88
356,5,0,4,14.6701,5429.11
1981,5,0,4,14.6578,5345.6
345,5,0,4,14.6383,5244.75
341,5,0,4,14.6255,5180.33
2132,5,0,4,14.6253,5178.28
328,5,0,4,14.6085,5082.6
2115,5,0,4,14.5973,5024.18
329,5,0,4,14.5935,5003.88
1979,5,0,4,14.5869,4971.53
1978,5,0,4,14.5458,4742.09
107,5,0,4,14.5377,4688.33
1967,5,0,4,14.5347,4659.63
105,5,0,4,14.509,4509.75
124,5,0,4,14.496,4436.86
104,5,0,4,14.4829,4367.37
815,5,0,5,15.0705,7563.11,0.0461667,201.365,0.21,6
816,5,0,5,15.0625,7523.97
2151,5,0,5,15.0507,7460.3
819,5,0,5,15.0358,7380.2
2009,5,0,5,15.0289,7332.81
2010,5,0,5,15.0128,7231.56
837,5,0,5,15.005,7184.82
1774,5,0,5,14.9935,7115.49
849,5,0,5,14.9899,7095.59
850,5,0,5,14.9839,7046.47
862,5,0,5,14.979,6999.47
1773,5,0,5,14.9683,6940.8
1259,5,0,5,14.9548,6867.44
1269,5,0,5,14.9335,6758.68
1270,5,0,5,14.9164,6675.39
1845,5,0,5,14.9107,6647.8
1280,5,0,5,14.8975,6579.76
1414,5,0,6,15.4507,9714.37,0.0926667,404.184,0.21,7
1350,5,0,6,15.4355,9638.1
1351,5,0,6,15.4278,9598.49
1352,5,0,6,15.4152,9535.25
1358,5,0,6,15.4063,9488.16
1357,5,0,6,15.3957,9432.4
1356,5,0,6,15.3949,9428.68
2076,5,0,6,15.3884,9394.06
1355,5,0,6,15.3872,9387.72
1364,5,0,6,15.3872,9387.51
1361,5,0,6,15.3809,9352.4
1354,5,0,6,15.3809,9352.21
2188,5,0,6,15.3741,9317
2075,5,0,6,15.3521,9204.64
1822,5,0,6,15.3513,9200.64
1353,5,0,6,15.3433,9159
2118,5,0,6,15.3217,9042.34
2117,5,0,6,15.3191,9017.71
2164,5,0,6,15.3008,8903.3
1306,5,0,6,15.2759,8742.62
1599,5,0,6,15.2601,8653.61
1300,5,0,6,15.2555,8626.92
1298,5,0,6,15.2507,8600.17
2176,5,0,6,15.2442,8560.97
2066,5,0,6,15.2339,8493.77
869,5,0,6,15.2244,8418.85
865,5,0,6,15.2094,8328.24
852,5,0,6,15.2029,8286.73
850,5,0,6,15.1969,8243.72
849,5,0,6,15.1889,8193.75
1774,5,0,6,15.1857,8175.01
837,5,0,6,15.175,8106.82
2010,5,0,6,15.1677,8060.72
836,5,0,6,15.1606,8012.9
827,5,0,6,15.1513,7957.18
826,5,0,6,15.1315,7848.28
815,5,0,6,15.1167,7764.48
1206,5,0,7,15.6389,10630.4,0.0928333,404.911,0.1,8
2081,5,0,7,15.6232,10542.9
2080,5,0,7,15.6093,10467.8
2079,5,0,7,15.5946,10393.8
1554,5,0,7,15.5865,10353.6
1416,5,0,7,15.5849,10345.8
1415,5,0,7,15.5706,10272.9
2097,5,0,7,15.5589,10211.6
2120,5,0,7,15.5554,10179.8
1414,5,0,7,15.5434,10118.6
1317,5,0,8,16.0049,12472.7,0.104167,454.344,0.13,9
2071,5,0,8,15.9949,12409.6
1359,5,0,8,15.9726,12292
1370,5,0,8,15.9716,12287.6
1360,5,0,8,15.9385,12118.2
1361,5,0,8,15.9238,12037.3
1354,5,0,8,15.9238,12037.1
1355,5,0,8,15.9176,12003.8
2076,5,0,8,15.9158,11994.7
1356,5,0,8,15.9088,11957.8
1357,5,0,8,15.908,11954.1
1358,5,0,8,15.8963,11894
1352,5,0,8,15.8873,11846.2
1351,5,0,8,15.8735,11778.1
1350,5,0,8,15.8663,11740.5
1414,5,0,8,15.8499,11659.4
2120,5,0,8,15.8394,11604.7
2097,5,0,8,15.8303,11557.7
1415,5,0,8,15.8175,11492.1
1416,5,0,8,15.8018,11413
1554,5,0,8,15.8002,11405.2
2079,5,0,8,15.7937,11371.4
2080,5,0,8,15.7787,11296.5
2081,5,0,8,15.7643,11219.2
1207,5,0,8,15.7489,11132.7
2061,5,0,8,15.7416,11089.4
1206,5,0,8,15.7317,11035.3
2021,5,0,9,16.2331,13576.8,0.07,305.319,0.28,10
1303,5,0,9,16.2057,13433.2
1307,5,0,9,16.1972,13386.3
1308,5,0,9,16.183,13313.9
1309,5,0,9,16.166,13226
1314,5,0,9,16.1654,13223.1
2165,5,0,9,16.1425,13108.2
2071,5,0,9,16.1226,13000.8
1317,5,0,9,16.1091,12927
999,5,0,10,16.4995,14892.7,0,0,0
1002,5,0,10,16.494,14862.2
1024,5,0,10,16.4736,14758.1
1029,5,0,10,16.468,14730.8
1027,5,0,10,16.456,14670.6
1051,5,0,10,16.4428,14604
1052,5,0,10,16.435,14564.6
1804,5,0,10,16.4346,14562.5
2015,5,0,10,16.4234,14506.3
2014,5,0,10,16.4153,14465.7
2017,5,0,10,16.4141,14460.1
2170,5,0,10,16.4114,14445.9
1738,5,0,10,16.3968,14370.9
1737,5,0,10,16.3913,14342
936,5,0,10,16.3792,14276.3
933,5,0,10,16.3786,14273.4
934,5,0,10,16.3731,14235.7
943,5,0,10,16.3592,14166
942,5,0,10,16.3512,14124.8
941,5,0,10,16.3398,14067
1790,5,0,10,16.3248,13990.9
2022,5,0,10,16.3143,13940
2021,5,0,10,16.3031,13882.1
1800,6,0,0,13.6716,951.622,0.0345,150.479,0.15,1
552,6,0,0,13.6625,905.718
603,6,0,0,13.6289,740.761
604,6,0,0,13.6239,714.369
596,6,0,0,13.6237,713.397
580,6,0,0,13.6122,649.074
574,6,0,0,13.5916,541.537
573,6,0,0,13.5825,489.448
564,6,0,0,13.5752,450.205
557,6,0,0,13.5693,417.124
561,6,0,0,13.5626,370.589
628,6,0,0,13.5583,345.216
615,6,0,0,13.5535,317.236
617,6,0,0,13.55,299.689
616,6,0,0,13.5424,261.472
676,6,0,0,13.5362,230.409
674,6,0,0,13.5258,178.918
675,6,0,0,13.5192,145.841
962,6,0,0,13.5088,96.4787
961,6,0,0,13.5033,67.3447
999,6,0,0,13.49,0
449,6,0,1,13.8352,1836.91,0.0431667,188.28,0.11,2
457,6,0,1,13.8237,1774.85
456,6,0,1,13.8188,1745.81
458,6,0,1,13.8096,1684.9
459,6,0,1,13.8029,1639.55
1543,6,0,1,13.7944,1577.74
715,6,0,1,13.7893,1533.9
716,6,0,1,13.7761,1459.54
722,6,0,1,13.7755,1456.73
552,6,0,1,13.7144,1144.84
1800,6,0,1,13.7061,1102.1
362,6,0,2,14.0028,2765.87,0.0438333,191.188,0.02,3
363,6,0,2,13.9878,2683.42
367,6,0,2,13.9752,2614.55
368,6,0,2,13.9678,2579.99
451,6,0,2,13.9464,2462.69
1716,6,0,2,13.9439,2446.26
462,6,0,2,13.9367,2407.44
1990,6,0,2,13.9289,2354.4
452,6,0,2,13.925,2322.33
453,6,0,2,13.9142,2234.91
455,6,0,2,13.9029,2167.09
454,6,0,2,13.8997,2149.71
448,6,0,2,13.8933,2105.76
449,6,0,2,13.8784,2025.19
104,6,0,3,14.2521,4056.37,0.0708333,308.954,0.11,4
124,6,0,3,14.2377,3981.51
1715,6,0,3,14.2018,3800.2
136,6,0,3,14.1966,3772.52
139,6,0,3,14.1835,3702.9
140,6,0,3,14.1627,3589.25
360,6,0,3,14.124,3379.64
361,6,0,3,14.1115,3310.77
367,6,0,3,14.0777,3122.97
363,6,0,3,14.0624,3042.74
362,6,0,3,14.0467,2957.06
1280,6,0,4,14.68,6326.92,0.0575,250.798,0.05,5
1845,6,0,4,14.665,6251.08
1270,6,0,4,14.6603,6227.55
1271,6,0,4,14.6484,6167.87
868,6,0,4,14.6337,6085.79
869,6,0,4,14.6144,5980.32
1856,6,0,4,14.5946,5884.83
855,6,0,4,14.5945,5884.11
843,6,0,4,14.5809,5805.06
832,6,0,4,14.5696,5741.38
831,6,0,4,14.5631,5706.37
2153,6,0,4,14.5631,5706.29
821,6,0,4,14.5492,5637.42
2008,6,0,4,14.5407,5594.63
812,6,0,4,14.523,5497.62
807,6,0,4,14.5228,5496.83
356,6,0,4,14.5101,5427.07
1981,6,0,4,14.4979,5343.56
345,6,0,4,14.4784,5242.71
341,6,0,4,14.4656,5178.29
2132,6,0,4,14.4653,5176.23
328,6,0,4,14.4486,5080.55
2115,6,0,4,14.4373,5022.14
329,6,0,4,14.4335,5001.84
1979,6,0,4,14.427,4969.49
1978,6,0,4,14.3858,4740.04
107,6,0,4,14.3777,4686.29
1967,6,0,4,14.3747,4657.59
105,6,0,4,14.349,4507.7
124,6,0,4,14.3361,4434.82
104,6,0,4,14.3229,4365.33
2021,6,0,5,14.9165,7533.89,0.0923333,402.73,0.26,6
951,6,0,5,14.8938,7420.43
949,6,0,5,14.8814,7358.18
2025,6,0,5,14.878,7340.73
2024,6,0,5,14.8633,7261.39
1557,6,0,5,14.8487,7185.32
1299,6,0,5,14.8296,7082.45
1300,6,0,5,14.825,7058.91
1298,6,0,5,14.8186,7025.21
2176,6,0,5,14.8121,6985.98
2066,6,0,5,14.8012,6918.17
1262,6,0,5,14.7895,6855.78
1261,6,0,5,14.7801,6805.73
1846,6,0,5,14.7577,6684.3
1845,6,0,5,14.7507,6645.76
1280,6,0,5,14.7375,6577.72
815,6,0,6,15.2649,9357.36,0.0461667,201.365,0.21,7
816,6,0,6,15.2574,9320.25
2151,6,0,6,15.2456,9256.94
819,6,0,6,15.2305,9175.62
2009,6,0,6,15.2234,9128.12
2010,6,0,6,15.207,9026.44
837,6,0,6,15.1996,8980.25
1774,6,0,6,15.1866,8907.35
849,6,0,6,15.1832,8887.92
850,6,0,6,15.1767,8838.97
852,6,0,6,15.1686,8793.17
865,6,0,6,15.1618,8751.21
869,6,0,6,15.1467,8660.47
2066,6,0,6,15.1262,8553.51
1297,6,0,6,15.1024,8424.33
1299,6,0,6,15.096,8389.37
1557,6,0,6,15.0749,8277.86
2024,6,0,6,15.0605,8202.37
2025,6,0,6,15.0433,8112.51
949,6,0,6,15.0401,8095.84
951,6,0,6,15.0302,8044.16
2021,6,0,6,15.0089,7936.62
1206,6,0,7,15.7435,12027.6,0.0928333,404.911,0.1,8
2081,6,0,7,15.729,11944.8
2080,6,0,7,15.7157,11872.1
2079,6,0,7,15.6994,11791.7
1554,6,0,7,15.6894,11743.5
1416,6,0,7,15.6879,11735.7
1415,6,0,7,15.6733,11661.9
2097,6,0,7,15.6601,11594.3
2120,6,0,7,15.6555,11562.9
1414,6,0,7,15.6451,11508.6
1350,6,0,7,15.6299,11432.4
1351,6,0,7,15.6221,11392.7
1352,6,0,7,15.6096,11329.5
1358,6,0,7,15.6007,11282.4
1357,6,0,7,15.59,11226.6
1356,6,0,7,15.5893,11222.9
2076,6,0,7,15.5828,11188.3
1355,6,0,7,15.5816,11182
1364,6,0,7,15.5816,11181.8
1361,6,0,7,15.5753,11146.7
1354,6,0,7,15.5753,11146.5
2188,6,0,7,15.5685,11111.3
2075,6,0,7,15.5465,10998.9
1822,6,0,7,15.5457,10994.9
1353,6,0,7,15.5376,10953.3
2118,6,0,7,15.516,10836.6
2117,6,0,7,15.5135,10812
2164,6,0,7,15.4952,10697.5
1306,6,0,7,15.4703,10536.9
1599,6,0,7,15.4544,10447.9
1300,6,0,7,15.4499,10421.2
1298,6,0,7,15.4451,10394.4
2176,6,0,7,15.4386,10355.2
2066,6,0,7,15.4283,10288
869,6,0,7,15.4188,10213.1
865,6,0,7,15.4037,10122.5
852,6,0,7,15.3973,10081
850,6,0,7,15.3912,10038
849,6,0,7,15.3833,9988
1774,6,0,7,15.3801,9969.26
837,6,0,7,15.3693,9901.07
2010,6,0,7,15.362,9854.97
836,6,0,7,15.355,9807.15
827,6,0,7,15.3457,9751.43
826,6,0,7,15.3259,9642.53
815,6,0,7,15.311,9558.73
1414,6,0,8,15.9545,13056.6,0.0926667,404.184,0.21,9
2120,6,0,8,15.944,13001.9
2097,6,0,8,15.9349,12954.9
1415,6,0,8,15.9222,12889.3
1416,6,0,8,15.9064,12810.2
1554,6,0,8,15.9048,12802.4
2079,6,0,8,15.8983,12768.6
2080,6,0,8,15.8833,12693.7
2081,6,0,8,15.8689,12616.4
1207,6,0,8,15.8535,12529.9
2061,6,0,8,15.8463,12486.6
1206,6,0,8,15.8363,12432.5
1317,6,0,9,16.1877,14208.5,0.104167,454.344,0.13,10
2071,6,0,9,16.1755,14140.4
1359,6,0,9,16.154,14026.2
1370,6,0,9,16.153,14021.7
1360,6,0,9,16.1299,13894.9
1361,6,0,9,16.1152,13813.7
1354,6,0,9,16.1151,13813.5
1355,6,0,9,16.1091,13781
2076,6,0,9,16.1073,13771.8
1356,6,0,9,16.0997,13732.7
1357,6,0,9,16.0989,13728.9
1358,6,0,9,16.0858,13662.5
1352,6,0,9,16.0778,13619.3
1351,6,0,9,16.0675,13565.7
1350,6,0,9,16.06,13527.1
1414,6,0,9,16.0472,13460.8
999,6,0,10,16.5198,15857.2,0,0,0
1002,6,0,10,16.5144,15826.8
1031,6,0,10,16.5027,15766.6
2031,6,0,10,16.4954,15729.6
2032,6,0,10,16.495,15727.8
1053,6,0,10,16.4871,15688.6
1784,6,0,10,16.484,15672.1
1066,6,0,10,16.4748,15624.9
2034,6,0,10,16.4577,15535.3
1850,6,0,10,16.4485,15488.3
2035,6,0,10,16.4403,15444.7
1106,6,0,10,16.4284,15380.5
2039,6,0,10,16.416,15316.6
2106,6,0,10,16.4004,15232
2050,6,0,10,16.3912,15188
2051,6,0,10,16.3798,15127.8
1333,6,0,10,16.3559,15002.1
1315,6,0,10,16.3428,14934.6
2165,6,0,10,16.3253,14844
2071,6,0,10,16.3054,14736.6
1317,6,0,10,16.2919,14662.8
2021,7,0,0,13.4755,954.157,0.0418333,182.464,0.24,1
1791,7,0,0,13.4663,908.831
939,7,0,0,13.453,839.961
940,7,0,0,13.4484,808.109
930,7,0,0,13.4362,746.307
1555,7,0,0,13.4134,630.349
915,7,0,0,13.406,593.22
2016,7,0,0,13.3845,486.314
917,7,0,0,13.3837,482.499
916,7,0,0,13.3835,481.592
919,7,0,0,13.3778,442.508
2017,7,0,0,13.3777,442.335
2014,7,0,0,13.3767,437.314
2015,7,0,0,13.3686,396.599
910,7,0,0,13.3685,396.115
909,7,0,0,13.3602,353.969
1051,7,0,0,13.3503,303.813
1025,7,0,0,13.3381,242.513
1029,7,0,0,13.3242,173.157
1026,7,0,0,13.3137,121.112
998,7,0,0,13.3091,97.9808
999,7,0,0,13.29,0
1800,7,0,1,13.836,2880.35,0.0345,150.479,0.15,2
552,7,0,1,13.823,2818.02
603,7,0,1,13.7925,2666.11
604,7,0,1,13.7888,2645.77
596,7,0,1,13.7887,2644.8
580,7,0,1,13.7784,2584.17
574,7,0,1,13.7578,2476.61
573,7,0,1,13.7486,2424.52
564,7,0,1,13.7414,2385.28
557,7,0,1,13.7355,2352.2
561,7,0,1,13.7288,2305.66
628,7,0,1,13.7245,2280.29
609,7,0,1,13.7123,2204.49
423,7,0,1,13.7064,2148.17
419,7,0,1,13.7011,2113.33
420,7,0,1,13.6959,2078.38
421,7,0,1,13.6919,2051.6
417,7,0,1,13.6875,2027.12
1989,7,0,1,13.6709,1940.71
2011,7,0,1,13.6531,1847.52
2156,7,0,1,13.6479,1820.19
2013,7,0,1,13.6472,1817.04
886,7,0,1,13.6353,1758.86
888,7,0,1,13.6155,1652.75
903,7,0,1,13.6017,1582.87
904,7,0,1,13.5983,1564.49
925,7,0,1,13.5748,1436.59
2019,7,0,1,13.5694,1409.32
929,7,0,1,13.569,1407.34
938,7,0,1,13.557,1341.49
950,7,0,1,13.5435,1270.93
951,7,0,1,13.5365,1235.21
2021,7,0,1,13.5173,1136.62
449,7,0,2,13.9996,3765.64,0.0431667,188.28,0.11,3
457,7,0,2,13.9882,3703.58
456,7,0,2,13.9832,3674.54
458,7,0,2,13.974,3613.63
459,7,0,2,13.9673,3568.28
1543,7,0,2,13.9588,3506.47
715,7,0,2,13.9537,3462.63
716,7,0,2,13.9405,3388.27
722,7,0,2,13.9399,3385.45
552,7,0,2,13.8788,3073.57
1800,7,0,2,13.8705,3030.83
362,7,0,3,14.1672,4696.64,0.0438333,191.188,0.02,4
363,7,0,3,14.1509,4608.44
440,7,0,3,14.1231,4467.66
451,7,0,3,14.1065,4381.47
1716,7,0,3,14.1041,4365.04
462,7,0,3,14.095,4317.97
1990,7,0,3,14.0879,4265.28
452,7,0,3,14.084,4233.21
453,7,0,3,14.0728,4145.99
455,7,0,3,14.0643,4080.5
454,7,0,3,14.0618,4065.85
448,7,0,3,14.0545,4020.93
449,7,0,3,14.0428,3953.92
104,7,0,4,14.4165,5987.14,0.0708333,308.954,0.11,5
124,7,0,4,14.4021,5912.28
1715,7,0,4,14.3662,5730.97
136,7,0,4,14.3609,5703.29
139,7,0,4,14.3479,5633.67
140,7,0,4,14.3271,5520.02
360,7,0,4,14.2884,5310.41
361,7,0,4,14.2759,5241.54
367,7,0,4,14.2421,5053.74
363,7,0,4,14.2268,4973.51
362,7,0,4,14.211,4887.83
1280,7,0,5,14.8444,8257.69,0.0575,250.798,0.05,6
1845,7,0,5,14.8294,8181.85
1270,7,0,5,14.8246,8158.32
1271,7,0,5,14.8128,8098.64
868,7,0,5,14.7981,8016.56
869,7,0,5,14.7788,7911.09
1856,7,0,5,14.759,7815.6
855,7,0,5,14.7588,7814.88
843,7,0,5,14.7452,7735.83
832,7,0,5,14.734,7672.15
831,7,0,5,14.7275,7637.14
2153,7,0,5,14.7274,7637.06
821,7,0,5,14.7136,7568.19
2008,7,0,5,14.7051,7525.4
812,7,0,5,14.6873,7428.39
807,7,0,5,14.6872,7427.6
356,7,0,5,14.6745,7357.84
1981,7,0,5,14.6622,7274.33
345,7,0,5,14.6427,7173.48
341,7,0,5,14.6299,7109.06
2132,7,0,5,14.6297,7107
328,7,0,5,14.6129,7011.32
2115,7,0,5,14.6017,6952.91
329,7,0,5,14.5979,6932.61
1979,7,0,5,14.5913,6900.26
1978,7,0,5,14.5502,6670.81
107,7,0,5,14.5421,6617.06
1967,7,0,5,14.5391,6588.35
105,7,0,5,14.5134,6438.47
124,7,0,5,14.5004,6365.59
104,7,0,5,14.4873,6296.09
815,7,0,6,15.0749,9491.84,0.0461667,201.365,0.21,7
816,7,0,6,15.0669,9452.69
2151,7,0,6,15.0551,9389.03
819,7,0,6,15.0402,9308.93
2009,7,0,6,15.0333,9261.54
2010,7,0,6,15.0172,9160.29
837,7,0,6,15.0094,9113.55
1774,7,0,6,14.9979,9044.22
849,7,0,6,14.9943,9024.31
850,7,0,6,14.9883,8975.2
862,7,0,6,14.9834,8928.2
1773,7,0,6,14.9727,8869.53
1259,7,0,6,14.9592,8796.17
1269,7,0,6,14.9379,8687.4
1270,7,0,6,14.9208,8604.12
1845,7,0,6,14.9151,8576.53
1280,7,0,6,14.9019,8508.49
1414,7,0,7,15.4551,11643.1,0.0926667,404.184,0.21,8
1350,7,0,7,15.4399,11566.8
1351,7,0,7,15.4322,11527.2
1352,7,0,7,15.4196,11464
1358,7,0,7,15.4107,11416.9
1357,7,0,7,15.4001,11361.1
1356,7,0,7,15.3993,11357.4
2076,7,0,7,15.3928,11322.8
1355,7,0,7,15.3916,11316.4
1364,7,0,7,15.3916,11316.2
1361,7,0,7,15.3853,11281.1
1354,7,0,7,15.3853,11280.9
2188,7,0,7,15.3785,11245.7
2075,7,0,7,15.3565,11133.4
1822,7,0,7,15.3557,11129.4
1353,7,0,7,15.3477,11087.7
2118,7,0,7,15.3261,10971.1
2117,7,0,7,15.3235,10946.4
2164,7,0,7,15.3052,10832
1306,7,0,7,15.2803,10671.3
1599,7,0,7,15.2645,10582.3
1300,7,0,7,15.2599,10555.7
1298,7,0,7,15.2551,10528.9
2176,7,0,7,15.2486,10489.7
2066,7,0,7,15.2383,10422.5
869,7,0,7,15.2288,10347.6
865,7,0,7,15.2138,10257
852,7,0,7,15.2073,10215.5
850,7,0,7,15.2013,10172.4
849,7,0,7,15.1933,10122.5
1774,7,0,7,15.1901,10103.7
837,7,0,7,15.1794,10035.5
2010,7,0,7,15.1721,9989.45
836,7,0,7,15.165,9941.62
827,7,0,7,15.1557,9885.91
826,7,0,7,15.1359,9777
815,7,0,7,15.1211,9693.2
1206,7,0,8,15.6433,12559.1,0.0928333,404.911,0.1,9
2081,7,0,8,15.6276,12471.6
2080,7,0,8,15.6137,12396.5
2079,7,0,8,15.599,12322.5
1554,7,0,8,15.5909,12282.3
1416,7,0,8,15.5893,12274.5
1415,7,0,8,15.575,12201.6
2097,7,0,8,15.5633,12140.4
2120,7,0,8,15.5598,12108.5
1414,7,0,8,15.5478,12047.3
1317,7,0,9,16.0093,14401.4,0.104167,454.344,0.13,10
2071,7,0,9,15.9993,14338.3
1359,7,0,9,15.977,14220.8
1370,7,0,9,15.976,14216.3
1360,7,0,9,15.9429,14046.9
1361,7,0,9,15.9282,13966
1354,7,0,9,15.9282,13965.8
1355,7,0,9,15.922,13932.5
2076,7,0,9,15.9202,13923.4
1356,7,0,9,15.9132,13886.6
1357,7,0,9,15.9124,13882.9
1358,7,0,9,15.9007,13822.7
1352,7,0,9,15.8917,13775
1351,7,0,9,15.8779,13706.8
1350,7,0,9,15.8707,13669.3
1414,7,0,9,15.8543,13588.1
2120,7,0,9,15.8438,13533.4
2097,7,0,9,15.8347,13486.4
1415,7,0,9,15.8219,13420.8
1416,7,0,9,15.8062,13341.8
1554,7,0,9,15.8046,13333.9
2079,7,0,9,15.7981,13300.2
2080,7,0,9,15.7831,13225.2
2081,7,0,9,15.7687,13148
1207,7,0,9,15.7533,13061.4
2061,7,0,9,15.746,13018.1
1206,7,0,9,15.7361,12964
999,7,0,10,16.3414,16050.2,0,0,0
1002,7,0,10,16.336,16019.7
1031,7,0,10,16.3243,15959.6
2031,7,0,10,16.317,15922.6
2032,7,0,10,16.3166,15920.7
1053,7,0,10,16.3087,15881.6
1784,7,0,10,16.3056,15865
1066,7,0,10,16.2963,15817.9
2034,7,0,10,16.2793,15728.3
1850,7,0,10,16.2701,15681.3
2035,7,0,10,16.2619,15637.7
1106,7,0,10,16.25,15573.4
2039,7,0,10,16.2376,15509.6
2106,7,0,10,16.222,15425
2050,7,0,10,16.2128,15381
2051,7,0,10,16.2014,15320.7
1333,7,0,10,16.1775,15195
1315,7,0,10,16.1644,15127.6
2165,7,0,10,16.1469,15037
2071,7,0,10,16.127,14929.6
1317,7,0,10,16.1135,14855.8
1800,8,0,0,13.7916,951.622,0.0345,150.479,0.15,1
552,8,0,0,13.7825,905.718
603,8,0,0,13.7489,740.761
604,8,0,0,13.7439,714.369
596,8,0,0,13.7437,713.397
580,8,0,0,13.7322,649.074
574,8,0,0,13.7116,541.537
573,8,0,0,13.7025,489.448
564,8,0,0,13.6952,450.205
557,8,0,0,13.6893,417.124
561,8,0,0,13.6826,370.589
628,8,0,0,13.6783,345.216
615,8,0,0,13.6735,317.236
617,8,0,0,13.67,299.689
616,8,0,0,13.6624,261.472
676,8,0,0,13.6562,230.409
674,8,0,0,13.6458,178.918
675,8,0,0,13.6392,145.841
962,8,0,0,13.6288,96.4787
961,8,0,0,13.6233,67.3447
999,8,0,0,13.61,0
449,8,0,1,13.9552,1836.91,0.0431667,188.28,0.11,2
457,8,0,1,13.9437,1774.85
456,8,0,1,13.9388,1745.81
458,8,0,1,13.9296,1684.9
459,8,0,1,13.9229,1639.55
1543,8,0,1,13.9144,1577.74
715,8,0,1,13.9093,1533.9
716,8,0,1,13.8961,1459.54
722,8,0,1,13.8955,1456.73
552,8,0,1,13.8344,1144.84
1800,8,0,1,13.8261,1102.1
362,8,0,2,14.1228,2765.87,0.0438333,191.188,0.02,3
363,8,0,2,14.1078,2683.42
367,8,0,2,14.0952,2614.55
368,8,0,2,14.0878,2579.99
451,8,0,2,14.0664,2462.69
1716,8,0,2,14.0639,2446.26
462,8,0,2,14.0567,2407.44
1990,8,0,2,14.0489,2354.4
452,8,0,2,14.045,2322.33
453,8,0,2,14.0342,2234.91
455,8,0,2,14.0229,2167.09
454,8,0,2,14.0197,2149.71
448,8,0,2,14.0133,2105.76
449,8,0,2,13.9984,2025.19
104,8,0,3,14.3721,4056.37,0.0708333,308.954,0.11,4
124,8,0,3,14.3577,3981.51
1715,8,0,3,14.3218,3800.2
136,8,0,3,14.3166,3772.52
139,8,0,3,14.3035,3702.9
140,8,0,3,14.2827,3589.25
360,8,0,3,14.244,3379.64
361,8,0,3,14.2315,3310.77
367,8,0,3,14.1977,3122.97
363,8,0,3,14.1824,3042.74
362,8,0,3,14.1667,2957.06
999,8,0,4,14.7512,6005.59,0,0,0
961,8,0,4,14.7381,5939.04
962,8,0,4,14.7304,5900.35
675,8,0,4,14.7229,5863.11
674,8,0,4,14.7167,5831.47
676,8,0,4,14.7127,5804.14
616,8,0,4,14.7057,5769.68
617,8,0,4,14.6983,5732.77
615,8,0,4,14.6955,5717.8
608,8,0,4,14.684,5655.57
612,8,0,4,14.6797,5626.36
426,8,0,4,14.6723,5584.12
424,8,0,4,14.6703,5571.1
407,8,0,4,14.6518,5475.17
406,8,0,4,14.6476,5453.26
403,8,0,4,14.6367,5399.34
394,8,0,4,14.6277,5349.96
384,8,0,4,14.6215,5319.99
385,8,0,4,14.6177,5300.59
377,8,0,4,14.615,5285.15
2134,8,0,4,14.6,5199.74
360,8,0,4,14.5672,5025.99
140,8,0,4,14.5272,4810.77
139,8,0,4,14.5073,4700.89
136,8,0,4,14.4953,4635.9
1715,8,0,4,14.4893,4605.19
124,8,0,4,14.4561,4434.82
104,8,0,4,14.4429,4365.33
1206,8,1,0,15.7682,1274.9,0.0928333,404.911,0.1,1
1653,8,1,0,15.765,1257.33
2096,8,1,0,15.7566,1210.5
1202,8,1,0,15.7281,1060.83
2059,8,1,0,15.7105,968.507
1552,8,1,0,15.7031,930.8
2060,8,1,0,15.7013,921.439
1551,8,1,0,15.7006,917.264
1550,8,1,0,15.6998,913.48
1196,8,1,0,15.6935,870.183
1194,8,1,0,15.6932,868.635
1190,8,1,0,15.6829,804.163
1186,8,1,0,15.6706,740.147
1183,8,1,0,15.6572,672.715
1103,8,1,0,15.6464,615.126
1084,8,1,0,15.6368,558.621
1062,8,1,0,15.6198,458.188
2159,8,1,0,15.6196,457.186
1045,8,1,0,15.6189,454.036
1043,8,1,0,15.6158,438.079
2158,8,1,0,15.6091,404.11
2030,8,1,0,15.6052,384.274
1011,8,1,0,15.6051,383.45
1009,8,1,0,15.6012,361.416
1041,8,1,0,15.6011,360.726
1039,8,1,0,15.5936,321.56
1037,8,1,0,15.5846,276.701
1034,8,1,0,15.5748,226.091
2032,8,1,0,15.5593,148.497
2031,8,1,0,15.559,146.673
1031,8,1,0,15.5507,105.841
1002,8,1,0,15.5369,36.794
999,8,1,0,15.53,0
1414,8,1,1,15.9793,2303.91,0.0926667,404.184,0.21,2
2120,8,1,1,15.9687,2249.25
2097,8,1,1,15.9596,2202.21
1415,8,1,1,15.9469,2136.64
1416,8,1,1,15.9311,2057.58
1554,8,1,1,15.9295,2049.75
2079,8,1,1,15.923,2015.99
2080,8,1,1,15.908,1941.05
2081,8,1,1,15.8937,1863.79
1207,8,1,1,15.8783,1777.24
2061,8,1,1,15.871,1733.94
1206,8,1,1,15.8611,1679.81
1317,8,1,2,16.2124,3455.81,0.104167,454.344,0.13,3
2071,8,1,2,16.2003,3387.71
1359,8,1,2,16.1787,3273.52
1370,8,1,2,16.1777,3269.07
1360,8,1,2,16.1546,3142.23
1361,8,1,2,16.1399,3061.01
1354,8,1,2,16.1398,3060.82
1355,8,1,2,16.1338,3028.3
2076,8,1,2,16.132,3019.18
1356,8,1,2,16.1244,2980.01
1357,8,1,2,16.1237,2976.29
1358,8,1,2,16.1105,2909.88
1352,8,1,2,16.1025,2866.6
1351,8,1,2,16.0923,2813.05
1350,8,1,2,16.0847,2774.41
1414,8,1,2,16.0719,2708.09
815,8,1,3,16.6427,5740.76,0.0345,150.479,0.2,4
816,8,1,3,16.6365,5709
2151,8,1,3,16.6251,5646.86
819,8,1,3,16.6106,5568.35
2009,8,1,3,16.6034,5520.84
2010,8,1,3,16.5875,5419.67
837,8,1,3,16.5805,5373.96
1774,8,1,3,16.5706,5306.64
849,8,1,3,16.5667,5285.3
850,8,1,3,16.5602,5236.35
852,8,1,3,16.5509,5185.73
865,8,1,3,16.5444,5144.1
869,8,1,3,16.53,5054.34
2066,8,1,3,16.5074,4938.32
1297,8,1,3,16.4805,4796.15
1299,8,1,3,16.4745,4762.78
1600,8,1,3,16.4731,4749.33
1306,8,1,3,16.4597,4663.84
1301,8,1,3,16.443,4577.92
1302,8,1,3,16.4184,4446.76
1307,8,1,3,16.4048,4369.39
1308,8,1,3,16.3905,4297.05
1309,8,1,3,16.3736,4209.1
1314,8,1,3,16.373,4206.22
2165,8,1,3,16.35,4091.35
2071,8,1,3,16.3301,3983.94
1317,8,1,3,16.3166,3910.15
999,8,1,4,16.9998,7567.65,0,0,0
1002,8,1,4,16.9898,7517.75
1024,8,1,4,16.9716,7423.23
1029,8,1,4,16.9655,7393.73
1027,8,1,4,16.9546,7338.34
898,8,1,4,16.9457,7292.16
895,8,1,4,16.9284,7204.86
896,8,1,4,16.9247,7186.62
892,8,1,4,16.9211,7168.75
906,8,1,4,16.9078,7097.02
905,8,1,4,16.8933,7022.04
903,8,1,4,16.8728,6914.5
904,8,1,4,16.8695,6897.02
902,8,1,4,16.8564,6826.54
901,8,1,4,16.843,6755.12
900,8,1,4,16.8382,6729.45
899,8,1,4,16.8155,6613.46
833,8,1,4,16.7907,6480.86
834,8,1,4,16.7868,6461.61
825,8,1,4,16.7762,6404.54
831,8,1,4,16.7758,6402.51
2153,8,1,4,16.7757,6402.43
821,8,1,4,16.7652,6347.56
2008,8,1,4,16.7567,6304.77
2152,8,1,4,16.7497,6266.98
820,8,1,4,16.7287,6162.56
819,8,1,4,16.7113,6072.03
2151,8,1,4,16.6958,5989.14
816,8,1,4,16.6833,5922.57
815,8,1,4,16.6772,5891.24
2021,8,2,0,13.8655,954.157,0.0418333,182.464,0.24,1
1791,8,2,0,13.8563,908.831
939,8,2,0,13.843,839.961
940,8,2,0,13.8384,808.109
930,8,2,0,13.8262,746.307
1555,8,2,0,13.8034,630.349
915,8,2,0,13.796,593.22
2016,8,2,0,13.7745,486.314
917,8,2,0,13.7737,482.499
916,8,2,0,13.7735,481.592
919,8,2,0,13.7678,442.508
2017,8,2,0,13.7677,442.335
2014,8,2,0,13.7667,437.314
2015,8,2,0,13.7586,396.599
910,8,2,0,13.7585,396.115
909,8,2,0,13.7502,353.969
1051,8,2,0,13.7403,303.813
1025,8,2,0,13.7281,242.513
1029,8,2,0,13.7142,173.157
1026,8,2,0,13.7037,121.112
998,8,2,0,13.6991,97.9808
999,8,2,0,13.68,0
1280,8,2,1,14.0924,2119.73,0.0575,250.798,0.05,2
2069,8,2,1,14.0696,2002.59
2067,8,2,1,14.0402,1844.18
2068,8,2,1,14.0285,1782.97
1805,8,2,1,14.0158,1712.79
1553,8,2,1,13.9928,1593.09
1300,8,2,1,13.9857,1557.1
1299,8,2,1,13.9836,1542.53
1557,8,2,1,13.9672,1451.48
2024,8,2,1,13.9516,1370.91
2025,8,2,1,13.9398,1304.01
949,8,2,1,13.9362,1286.18
951,8,2,1,13.9265,1235.21
2021,8,2,1,13.9073,1136.62
999,8,2,2,14.4758,4084.84,0,0,0
1002,8,2,2,14.4695,4050.79
1024,8,2,2,14.4497,3949.16
1029,8,2,2,14.4446,3923.75
1027,8,2,2,14.4328,3864.45
898,8,2,2,14.4237,3817.41
895,8,2,2,14.4063,3730.06
896,8,2,2,14.4026,3711.82
892,8,2,2,14.3992,3694.58
906,8,2,2,14.3838,3613.66
905,8,2,2,14.3714,3547.57
903,8,2,2,14.3504,3438.4
904,8,2,2,14.3469,3419.71
902,8,2,2,14.3331,3346.48
914,8,2,2,14.3254,3305.02
913,8,2,2,14.3124,3236.26
912,8,2,2,14.3089,3217.28
911,8,2,2,14.2922,3125.45
835,8,2,2,14.2714,3012.36
848,8,2,2,14.2704,3007.88
843,8,2,2,14.2508,2900.27
855,8,2,2,14.2233,2763.79
1856,8,2,2,14.2232,2763.08
869,8,2,2,14.2094,2692.59
868,8,2,2,14.1883,2579.38
1271,8,2,2,14.1753,2502.67
1846,8,2,2,14.17,2477.1
1845,8,2,2,14.1631,2438.56
1280,8,2,2,14.1499,2370.52
