Node, Individual, Route,Segment, Travel time, Travel cost, Attention time, Attention cost, Failure rate, Demand
410,0,0,0,11.9822,1462.66,0.0726667,316.95,0.06,1
398,0,0,0,11.9819,1461.45
397,0,0,0,11.9693,1392.89
390,0,0,0,11.9498,1291.33
382,0,0,0,11.9325,1199.86
376,0,0,0,11.9145,1103.09
369,0,0,0,11.895,998.232
360,0,0,0,11.8727,878.986
361,0,0,0,11.8601,809.873
128,0,0,0,11.7996,481.115
126,0,0,0,11.7923,442.296
125,0,0,0,11.786,408.059
118,0,0,0,11.7531,231.019
1968,0,0,0,11.7253,81.9493
110,0,0,0,11.71,0
1402,0,0,1,12.4652,3950.11,0.085,370.744,0.2,2
1390,0,0,1,12.455,3895.71
1382,0,0,1,12.4326,3778.6
1362,0,0,1,12.4132,3673.78
1361,0,0,1,12.4087,3649.26
1354,0,0,1,12.4087,3649.07
2188,0,0,1,12.4023,3615.31
2075,0,0,1,12.3813,3507.36
1822,0,0,1,12.3805,3503.36
1353,0,0,1,12.3715,3457.62
2118,0,0,1,12.35,3341.45
2117,0,0,1,12.3475,3316.82
2164,0,0,1,12.3302,3203.67
1307,0,0,1,12.3136,3116.68
1302,0,0,1,12.297,3026.44
949,0,0,1,12.2742,2903.64
2025,0,0,1,12.2708,2886.18
1598,0,0,1,12.2674,2867.22
948,0,0,1,12.2606,2832.53
928,0,0,1,12.249,2769.48
923,0,0,1,12.2127,2588.73
924,0,0,1,12.2044,2549.42
914,0,0,1,12.184,2442.33
902,0,0,1,12.1778,2407.32
887,0,0,1,12.1611,2322.03
2012,0,0,1,12.1436,2230.38
884,0,0,1,12.1392,2207.45
1987,0,0,1,12.1017,2017.46
413,0,0,1,12.0824,1919.77
414,0,0,1,12.0771,1892.12
410,0,0,1,12.0548,1779.61
1016,0,0,2,12.8155,5698.77,0.0438333,191.188,0.28,3
2029,0,0,2,12.809,5665.75
1043,0,0,2,12.8089,5665.34
2158,0,0,2,12.7998,5621.19
2030,0,0,2,12.7959,5601.35
1041,0,0,2,12.7911,5576.37
1059,0,0,2,12.783,5534.52
1058,0,0,2,12.7778,5508.47
1056,0,0,2,12.7713,5474.03
1072,0,0,2,12.7537,5383.13
1071,0,0,2,12.7455,5341.02
1090,0,0,2,12.7373,5296.38
1089,0,0,2,12.7306,5260.53
1119,0,0,2,12.7236,5221.29
1118,0,0,2,12.7168,5185.09
2044,0,0,2,12.7007,5101.85
2169,0,0,2,12.6941,5066.97
2171,0,0,2,12.6899,5044.83
2046,0,0,2,12.6837,5013.6
1778,0,0,2,12.6583,4885.09
1327,0,0,2,12.6471,4824.32
1343,0,0,2,12.6465,4821.58
1355,0,0,2,12.6217,4690.77
1364,0,0,2,12.6217,4690.56
1362,0,0,2,12.6115,4636.93
1382,0,0,2,12.582,4489.33
1390,0,0,2,12.5611,4378.7
1402,0,0,2,12.5502,4320.85
710,0,0,3,13.0217,6815.76,0.0466667,203.546,0.45,4
1543,0,0,3,12.9993,6691.56
715,0,0,3,12.9945,6647.41
714,0,0,3,12.9905,6623.26
726,0,0,3,12.9903,6621.4
529,0,0,3,12.9762,6521.75
605,0,0,3,12.9613,6425.08
603,0,0,3,12.955,6392.01
2202,0,0,3,12.9516,6371.22
602,0,0,3,12.9472,6345.93
1851,0,0,3,12.9364,6275.39
1852,0,0,3,12.9315,6251.31
706,0,0,3,12.9183,6186.8
991,0,0,3,12.9065,6126.72
2028,0,0,3,12.8958,6074.05
1012,0,0,3,12.8823,6005.34
1045,0,0,3,12.8668,5929.59
1043,0,0,3,12.8637,5913.73
2029,0,0,3,12.8636,5913.32
1016,0,0,3,12.8594,5889.95
501,0,0,4,13.1907,7687.73,0.0531667,231.897,0.2,5
1747,0,0,4,13.1848,7658.71
505,0,0,4,13.1783,7627.22
506,0,0,4,13.1641,7559.45
507,0,0,4,13.1572,7526.06
510,0,0,4,13.1484,7483.31
509,0,0,4,13.1445,7463.11
508,0,0,4,13.1391,7434.34
512,0,0,4,13.1309,7393.3
511,0,0,4,13.1277,7376.55
2145,0,0,4,13.127,7373.34
2146,0,0,4,13.1159,7311.58
529,0,0,4,13.112,7275.53
726,0,0,4,13.0959,7173.99
714,0,0,4,13.0957,7172.11
1543,0,0,4,13.0899,7139.68
710,0,0,4,13.0684,7019.31
110,0,0,5,13.516,9380.4,0,0,0
1968,0,0,5,13.5009,9299.59
114,0,0,5,13.4951,9264.41
1719,0,0,5,13.4598,9071.14
1718,0,0,5,13.4417,8972.6
129,0,0,5,13.4178,8838.85
134,0,0,5,13.4128,8810.34
133,0,0,5,13.4008,8745.51
138,0,0,5,13.38,8640.92
184,0,0,5,13.3632,8550.54
440,0,0,5,13.3406,8434.16
451,0,0,5,13.3243,8348.74
1716,0,0,5,13.3219,8332.31
462,0,0,5,13.3147,8293.49
1990,0,0,5,13.3069,8240.45
463,0,0,5,13.2897,8150.42
474,0,0,5,13.2758,8077.43
2140,0,0,5,13.2677,8039.59
2141,0,0,5,13.2595,7994.61
473,0,0,5,13.2593,7993.85
502,0,0,5,13.2503,7949.95
501,0,0,5,13.2438,7919.63
501,1,0,0,11.7739,1433.41,0.0743333,324.22,0.22,1
502,1,0,0,11.7686,1407.87
473,1,0,0,11.759,1361.69
2141,1,0,0,11.7588,1360.71
2140,1,0,0,11.7504,1314.68
475,1,0,0,11.7475,1299.26
474,1,0,0,11.7434,1278.25
463,1,0,0,11.7286,1201.35
1990,1,0,0,11.7151,1126.94
462,1,0,0,11.7064,1072.9
461,1,0,0,11.704,1058.4
1716,1,0,0,11.6958,1015.28
451,1,0,0,11.6914,992.322
440,1,0,0,11.6755,908.617
184,1,0,0,11.6585,816.223
138,1,0,0,11.6428,730.3
133,1,0,0,11.6285,653.53
134,1,0,0,11.6209,601.574
129,1,0,0,11.6133,561.93
1718,1,0,0,11.5869,417.674
1719,1,0,0,11.5702,325.295
114,1,0,0,11.5323,120.486
1968,1,0,0,11.5253,81.9493
110,1,0,0,11.51,0
710,1,0,1,11.978,2453.47,0.0443333,193.369,0.36,2
1543,1,0,1,11.9566,2333.21
459,1,0,1,11.9463,2269.8
488,1,0,1,11.9176,2112.91
2144,1,0,1,11.9009,2022.7
486,1,0,1,11.8996,2016.25
482,1,0,1,11.892,1976.94
2142,1,0,1,11.8869,1949.91
2143,1,0,1,11.8865,1948.14
480,1,0,1,11.8861,1946.24
478,1,0,1,11.8819,1924.17
477,1,0,1,11.8738,1881.98
1750,1,0,1,11.87,1861.72
2141,1,0,1,11.8636,1831.93
473,1,0,1,11.8634,1830.73
502,1,0,1,11.8543,1786.83
501,1,0,1,11.8482,1757.63
1016,1,0,2,12.1492,3369.07,0.0438333,191.188,0.28,3
1548,1,0,2,12.1423,3333.03
1012,1,0,2,12.138,3310.61
1014,1,0,2,12.1376,3308.41
989,1,0,2,12.1271,3252.55
990,1,0,2,12.1171,3202.29
704,1,0,2,12.1057,3144.55
2179,1,0,2,12.1055,3143.68
662,1,0,2,12.0993,3114.04
602,1,0,2,12.0884,3046.34
599,1,0,2,12.0845,3024.12
605,1,0,2,12.0806,3000.37
529,1,0,2,12.0634,2900.36
726,1,0,2,12.0486,2800.27
714,1,0,2,12.0484,2798.41
1543,1,0,2,12.0442,2768.44
710,1,0,2,12.0224,2646.84
1402,1,0,3,12.4563,4918.69,0.085,370.744,0.2,4
1390,1,0,3,12.4462,4864.29
1382,1,0,3,12.423,4743.98
1362,1,0,3,12.3991,4619.7
1361,1,0,3,12.3942,4593.25
1354,1,0,3,12.3941,4593.06
1355,1,0,3,12.3878,4559.22
2076,1,0,3,12.386,4550.11
1356,1,0,3,12.3802,4518.45
1357,1,0,3,12.3794,4514.73
1349,1,0,3,12.3682,4456.01
1348,1,0,3,12.3672,4450.96
1340,1,0,3,12.3667,4448.42
1339,1,0,3,12.3607,4417.99
1329,1,0,3,12.3478,4351.43
1158,1,0,3,12.3337,4278.91
2048,1,0,3,12.3134,4171.91
1131,1,0,3,12.3082,4144.68
1130,1,0,3,12.3024,4115.75
1129,1,0,3,12.283,4024.95
1121,1,0,3,12.2637,3925.02
1095,1,0,3,12.2557,3886.22
1093,1,0,3,12.248,3845.49
1074,1,0,3,12.2414,3809.29
1077,1,0,3,12.2311,3755.24
1080,1,0,3,12.2178,3688.79
1079,1,0,3,12.2101,3650.11
1061,1,0,3,12.2059,3628.82
1063,1,0,3,12.2025,3611.01
1062,1,0,3,12.2014,3603.94
2159,1,0,3,12.2012,3603.04
1045,1,0,3,12.2005,3599.89
1043,1,0,3,12.1974,3584.03
2029,1,0,3,12.1973,3583.62
1016,1,0,3,12.1931,3560.25
410,1,0,4,12.952,7451.77,0.109667,478.333,0.09,5
1986,1,0,4,12.9264,7326.03
883,1,0,4,12.8971,7172.67
882,1,0,4,12.8854,7109.1
2155,1,0,4,12.8816,7090.37
901,1,0,4,12.8481,6915.07
902,1,0,4,12.8343,6841.86
904,1,0,4,12.8196,6764.46
925,1,0,4,12.7968,6639.44
2019,1,0,4,12.7909,6610.13
929,1,0,4,12.7905,6608.15
938,1,0,4,12.7784,6542.02
950,1,0,4,12.7624,6460.99
951,1,0,4,12.756,6427.74
949,1,0,4,12.7444,6368.45
1302,1,0,4,12.7177,6228.78
1307,1,0,4,12.7025,6145
1308,1,0,4,12.6909,6083.95
1309,1,0,4,12.6735,5993.85
1314,1,0,4,12.6729,5990.98
2165,1,0,4,12.6539,5892.71
2071,1,0,4,12.6343,5786.86
1359,1,0,4,12.6144,5679.63
1370,1,0,4,12.6134,5675.18
1360,1,0,4,12.5907,5550.16
1382,1,0,4,12.5732,5457.91
1390,1,0,4,12.5523,5347.28
1402,1,0,4,12.5413,5289.44
110,1,0,5,13.3439,9505.78,0,0,0
1968,1,0,5,13.3288,9424.98
1969,1,0,5,13.3167,9348.63
115,1,0,5,13.3142,9334.21
2113,1,0,5,13.3094,9308.14
2133,1,0,5,13.1894,8630.62
366,1,0,5,13.1857,8603.99
2134,1,0,5,13.1747,8542.45
2136,1,0,5,13.1628,8477.53
393,1,0,5,13.1337,8325.64
401,1,0,5,13.1189,8247.18
400,1,0,5,13.0928,8104.08
411,1,0,5,13.0785,8029.53
412,1,0,5,13.0764,8010.02
398,1,0,5,13.062,7931.31
410,1,0,5,13.0617,7930.1
410,2,0,0,11.7022,1462.66,0.0726667,316.95,0.06,1
398,2,0,0,11.7019,1461.45
397,2,0,0,11.6893,1392.89
390,2,0,0,11.6698,1291.33
382,2,0,0,11.6525,1199.86
376,2,0,0,11.6345,1103.09
369,2,0,0,11.615,998.232
360,2,0,0,11.5927,878.986
361,2,0,0,11.5801,809.873
128,2,0,0,11.5196,481.115
126,2,0,0,11.5123,442.296
125,2,0,0,11.506,408.059
118,2,0,0,11.4731,231.019
1968,2,0,0,11.4453,81.9493
110,2,0,0,11.43,0
710,2,0,1,11.9946,3117.52,0.0443333,193.369,0.36,2
1543,2,0,1,11.9731,2997.25
715,2,0,1,11.9683,2952.99
714,2,0,1,11.9644,2928.98
726,2,0,1,11.9642,2927.1
529,2,0,1,11.9505,2827.61
605,2,0,1,11.9357,2731
603,2,0,1,11.9306,2703.02
604,2,0,1,11.9263,2679.88
596,2,0,1,11.9262,2678.91
580,2,0,1,11.9178,2620.63
574,2,0,1,11.9005,2527.39
573,2,0,1,11.8905,2471.49
564,2,0,1,11.8828,2430.34
557,2,0,1,11.8767,2396.35
561,2,0,1,11.87,2349.83
628,2,0,1,11.8655,2324.18
609,2,0,1,11.8528,2247.52
423,2,0,1,11.8469,2191.2
419,2,0,1,11.8422,2156.76
418,2,0,1,11.8269,2071.84
2139,2,0,1,11.823,2050.41
2138,2,0,1,11.8046,1948.97
411,2,0,1,11.791,1874.15
412,2,0,1,11.7885,1855.14
398,2,0,1,11.7751,1780.81
410,2,0,1,11.7748,1779.61
1402,2,0,2,12.4187,5338.74,0.085,370.744,0.2,3
1390,2,0,2,12.4086,5284.34
1382,2,0,2,12.3861,5167.23
1362,2,0,2,12.3668,5062.4
1361,2,0,2,12.3623,5037.88
1354,2,0,2,12.3623,5037.69
1355,2,0,2,12.3568,5007.65
2076,2,0,2,12.355,4998.54
1356,2,0,2,12.3462,4954.1
1357,2,0,2,12.3454,4950.38
1349,2,0,2,12.3321,4882.98
1348,2,0,2,12.3313,4878.64
1340,2,0,2,12.3308,4876.09
1339,2,0,2,12.3246,4844.97
1329,2,0,2,12.3122,4780.37
1158,2,0,2,12.2949,4694.54
2048,2,0,2,12.2746,4587.66
1131,2,0,2,12.2694,4560.43
1130,2,0,2,12.2636,4531.5
1129,2,0,2,12.2443,4440.71
1121,2,0,2,12.225,4340.78
1095,2,0,2,12.2169,4301.97
1093,2,0,2,12.2092,4261.25
1074,2,0,2,12.2026,4225.05
1077,2,0,2,12.1923,4170.99
1080,2,0,2,12.179,4104.54
1079,2,0,2,12.1714,4065.86
1061,2,0,2,12.1671,4044.57
1063,2,0,2,12.1637,4026.76
1062,2,0,2,12.1626,4019.69
2159,2,0,2,12.1625,4018.79
1045,2,0,2,12.1618,4015.64
1012,2,0,2,12.1545,3974.66
1014,2,0,2,12.1541,3972.45
989,2,0,2,12.1436,3916.59
990,2,0,2,12.1336,3866.33
704,2,0,2,12.1223,3808.59
2179,2,0,2,12.1221,3807.73
662,2,0,2,12.1159,3778.08
602,2,0,2,12.1049,3710.39
599,2,0,2,12.101,3688.16
605,2,0,2,12.0972,3664.41
529,2,0,2,12.0799,3564.4
726,2,0,2,12.0652,3464.31
714,2,0,2,12.065,3462.45
1543,2,0,2,12.0607,3432.49
710,2,0,2,12.0389,3310.88
1016,2,0,3,12.7691,7087.39,0.0438333,191.188,0.28,4
2029,2,0,3,12.7626,7054.38
1043,2,0,3,12.7625,7053.96
2158,2,0,3,12.7534,7009.82
2030,2,0,3,12.7494,6989.98
1041,2,0,3,12.7447,6964.99
1059,2,0,3,12.7365,6923.15
1058,2,0,3,12.7313,6897.09
1056,2,0,3,12.7249,6862.66
1072,2,0,3,12.7073,6771.76
1071,2,0,3,12.6991,6729.65
1090,2,0,3,12.6909,6685.01
1089,2,0,3,12.6842,6649.15
1119,2,0,3,12.6771,6609.92
1118,2,0,3,12.6703,6573.72
2044,2,0,3,12.6542,6490.47
2169,2,0,3,12.6477,6455.59
2171,2,0,3,12.6435,6433.46
2046,2,0,3,12.6373,6402.23
1778,2,0,3,12.6119,6273.72
1327,2,0,3,12.6006,6212.94
1343,2,0,3,12.6,6210.21
1355,2,0,3,12.5753,6079.39
1364,2,0,3,12.5752,6079.18
1362,2,0,3,12.565,6025.55
1382,2,0,3,12.5356,5877.96
1390,2,0,3,12.5147,5767.32
1402,2,0,3,12.5037,5709.48
501,2,0,4,13.0036,8204.08,0.0531667,231.897,0.2,5
1747,2,0,4,12.9969,8171.47
1746,2,0,4,12.9677,8026.97
1745,2,0,4,12.9568,7972.91
1844,2,0,4,12.9362,7872.68
575,2,0,4,12.9335,7856.62
571,2,0,4,12.9297,7836.65
570,2,0,4,12.9251,7814.32
569,2,0,4,12.9194,7786.73
640,2,0,4,12.9141,7759.71
649,2,0,4,12.9076,7728.37
646,2,0,4,12.9012,7697.49
691,2,0,4,12.8934,7660.73
689,2,0,4,12.8696,7549.84
979,2,0,4,12.8599,7505.8
980,2,0,4,12.8547,7479.73
978,2,0,4,12.8511,7461.24
1010,2,0,4,12.8354,7381.09
1016,2,0,4,12.8129,7278.58
110,2,0,5,13.3289,9896.75,0,0,0
1968,2,0,5,13.3139,9815.95
114,2,0,5,13.308,9780.76
1719,2,0,5,13.2727,9587.5
1718,2,0,5,13.2547,9488.96
129,2,0,5,13.2307,9355.21
134,2,0,5,13.2258,9326.7
133,2,0,5,13.2138,9261.86
138,2,0,5,13.1929,9157.28
184,2,0,5,13.1761,9066.89
440,2,0,5,13.1536,8950.51
451,2,0,5,13.1372,8865.09
1716,2,0,5,13.1348,8848.67
462,2,0,5,13.1276,8809.85
1990,2,0,5,13.1198,8756.81
463,2,0,5,13.1026,8666.78
474,2,0,5,13.0888,8593.78
2140,2,0,5,13.0806,8555.95
2141,2,0,5,13.0724,8510.97
473,2,0,5,13.0722,8510.21
502,2,0,5,13.0632,8466.31
501,2,0,5,13.0568,8435.98
710,3,0,0,11.6784,1682.36,0.0443333,193.369,0.36,1
1543,3,0,0,11.6533,1546.36
459,3,0,0,11.6434,1483.42
458,3,0,0,11.6364,1437.75
456,3,0,0,11.6272,1376.86
457,3,0,0,11.6218,1346.64
454,3,0,0,11.6142,1292.68
455,3,0,0,11.6118,1278.37
453,3,0,0,11.6026,1212.8
446,3,0,0,11.594,1164.09
442,3,0,0,11.5858,1120.37
1857,3,0,0,11.5774,1076.3
441,3,0,0,11.5725,1051.98
185,3,0,0,11.5615,993.794
177,3,0,0,11.5489,927.553
184,3,0,0,11.5285,816.223
138,3,0,0,11.5128,730.3
133,3,0,0,11.4985,653.53
134,3,0,0,11.4909,601.574
129,3,0,0,11.4833,561.93
1718,3,0,0,11.4569,417.674
1719,3,0,0,11.4402,325.295
114,3,0,0,11.4023,120.486
1968,3,0,0,11.3953,81.9493
110,3,0,0,11.38,0
410,3,0,1,11.9619,3297.46,0.0726667,316.95,0.06,2
398,3,0,1,11.9617,3296.25
397,3,0,1,11.9513,3236.47
399,3,0,1,11.9348,3146.48
411,3,0,1,11.9203,3066.94
1537,3,0,1,11.8922,2908.63
418,3,0,1,11.8869,2880.17
419,3,0,1,11.8706,2791.05
423,3,0,1,11.8659,2756.6
609,3,0,1,11.86,2700.28
628,3,0,1,11.8474,2623.84
561,3,0,1,11.8433,2598.8
557,3,0,1,11.8353,2550.72
554,3,0,1,11.8337,2542.26
565,3,0,1,11.8261,2499.32
573,3,0,1,11.8208,2472.73
574,3,0,1,11.8118,2420.94
580,3,0,1,11.7934,2322.66
596,3,0,1,11.7873,2262.81
595,3,0,1,11.7818,2232.4
605,3,0,1,11.7806,2224.41
529,3,0,1,11.7634,2124.38
726,3,0,1,11.7475,2023.19
714,3,0,1,11.7473,2021.3
1543,3,0,1,11.7425,1990.78
710,3,0,1,11.7228,1875.73
1402,3,0,2,12.4449,5784.91,0.085,370.744,0.2,3
1390,3,0,2,12.4348,5730.52
1382,3,0,2,12.4123,5613.41
1362,3,0,2,12.393,5508.58
1361,3,0,2,12.3885,5484.06
1354,3,0,2,12.3885,5483.87
2188,3,0,2,12.382,5450.11
2075,3,0,2,12.3611,5342.16
1822,3,0,2,12.3603,5338.17
1353,3,0,2,12.3513,5292.42
2118,3,0,2,12.3298,5176.26
2117,3,0,2,12.3272,5151.63
2164,3,0,2,12.31,5038.48
1307,3,0,2,12.2934,4951.49
1302,3,0,2,12.2767,4861.24
949,3,0,2,12.254,4738.44
2025,3,0,2,12.2505,4720.99
1598,3,0,2,12.2471,4702.02
948,3,0,2,12.2404,4667.33
928,3,0,2,12.2287,4604.29
923,3,0,2,12.1925,4423.53
924,3,0,2,12.1842,4384.22
914,3,0,2,12.1638,4277.13
902,3,0,2,12.1575,4242.13
887,3,0,2,12.1409,4156.83
2012,3,0,2,12.1234,4065.19
884,3,0,2,12.1189,4042.25
1987,3,0,2,12.0815,3852.27
413,3,0,2,12.0622,3754.57
414,3,0,2,12.0569,3726.93
410,3,0,2,12.0346,3614.41
1016,3,0,3,12.7953,7533.57,0.0438333,191.188,0.28,4
2029,3,0,3,12.7888,7500.56
1043,3,0,3,12.7887,7500.14
2158,3,0,3,12.7796,7455.99
2030,3,0,3,12.7756,7436.16
1041,3,0,3,12.7709,7411.17
1059,3,0,3,12.7627,7369.33
1058,3,0,3,12.7575,7343.27
1056,3,0,3,12.7511,7308.83
1072,3,0,3,12.7335,7217.93
1071,3,0,3,12.7253,7175.83
1090,3,0,3,12.7171,7131.19
1089,3,0,3,12.7104,7095.33
1119,3,0,3,12.7033,7056.1
1118,3,0,3,12.6965,7019.9
2044,3,0,3,12.6804,6936.65
2169,3,0,3,12.6739,6901.77
2171,3,0,3,12.6697,6879.63
2046,3,0,3,12.6635,6848.4
1778,3,0,3,12.6381,6719.89
1327,3,0,3,12.6268,6659.12
1343,3,0,3,12.6262,6656.39
1355,3,0,3,12.6015,6525.57
1364,3,0,3,12.6014,6525.36
1362,3,0,3,12.5912,6471.73
1382,3,0,3,12.5618,6324.13
1390,3,0,3,12.5408,6213.5
1402,3,0,3,12.5299,6155.66
501,3,0,4,13.0298,8650.26,0.0531667,231.897,0.2,5
1747,3,0,4,13.0231,8617.65
1746,3,0,4,12.9939,8473.15
1745,3,0,4,12.983,8419.08
1844,3,0,4,12.9624,8318.85
575,3,0,4,12.9597,8302.8
571,3,0,4,12.9559,8282.83
570,3,0,4,12.9513,8260.5
569,3,0,4,12.9456,8232.9
640,3,0,4,12.9403,8205.88
649,3,0,4,12.9338,8174.55
646,3,0,4,12.9274,8143.67
691,3,0,4,12.9196,8106.91
689,3,0,4,12.8958,7996.02
979,3,0,4,12.8861,7951.98
980,3,0,4,12.8809,7925.91
978,3,0,4,12.8773,7907.42
1010,3,0,4,12.8616,7827.27
1016,3,0,4,12.8391,7724.76
110,3,0,5,13.3551,10342.9,0,0,0
1968,3,0,5,13.34,10262.1
114,3,0,5,13.3342,10226.9
1719,3,0,5,13.2989,10033.7
1718,3,0,5,13.2808,9935.14
129,3,0,5,13.2569,9801.38
134,3,0,5,13.252,9772.88
133,3,0,5,13.24,9708.04
138,3,0,5,13.2191,9603.46
184,3,0,5,13.2023,9513.07
440,3,0,5,13.1798,9396.69
451,3,0,5,13.1634,9311.27
1716,3,0,5,13.161,9294.85
462,3,0,5,13.1538,9256.03
1990,3,0,5,13.146,9202.99
463,3,0,5,13.1288,9112.95
474,3,0,5,13.115,9039.96
2140,3,0,5,13.1068,9002.13
2141,3,0,5,13.0986,8957.15
473,3,0,5,13.0984,8956.39
502,3,0,5,13.0894,8912.49
501,3,0,5,13.083,8882.16
410,4,0,0,11.7022,1462.66,0.0726667,316.95,0.06,1
398,4,0,0,11.7019,1461.45
397,4,0,0,11.6893,1392.89
390,4,0,0,11.6698,1291.33
382,4,0,0,11.6525,1199.86
376,4,0,0,11.6345,1103.09
369,4,0,0,11.615,998.232
360,4,0,0,11.5927,878.986
361,4,0,0,11.5801,809.873
128,4,0,0,11.5196,481.115
126,4,0,0,11.5123,442.296
125,4,0,0,11.506,408.059
118,4,0,0,11.4731,231.019
1968,4,0,0,11.4453,81.9493
110,4,0,0,11.43,0
710,4,0,1,11.9946,3117.52,0.0443333,193.369,0.36,2
1543,4,0,1,11.9731,2997.25
715,4,0,1,11.9683,2952.99
714,4,0,1,11.9644,2928.98
726,4,0,1,11.9642,2927.1
529,4,0,1,11.9505,2827.61
605,4,0,1,11.9357,2731
603,4,0,1,11.9306,2703.02
604,4,0,1,11.9263,2679.88
596,4,0,1,11.9262,2678.91
580,4,0,1,11.9178,2620.63
574,4,0,1,11.9005,2527.39
573,4,0,1,11.8905,2471.49
564,4,0,1,11.8828,2430.34
557,4,0,1,11.8767,2396.35
561,4,0,1,11.87,2349.83
628,4,0,1,11.8655,2324.18
609,4,0,1,11.8528,2247.52
423,4,0,1,11.8469,2191.2
419,4,0,1,11.8422,2156.76
418,4,0,1,11.8269,2071.84
2139,4,0,1,11.823,2050.41
2138,4,0,1,11.8046,1948.97
411,4,0,1,11.791,1874.15
412,4,0,1,11.7885,1855.14
398,4,0,1,11.7751,1780.81
410,4,0,1,11.7748,1779.61
501,4,0,2,12.1653,4004.15,0.102667,447.801,0.22,3
1747,4,0,2,12.1585,3971.54
505,4,0,2,12.1534,3945.32
506,4,0,2,12.1359,3864.64
507,4,0,2,12.1286,3829.61
510,4,0,2,12.1178,3778.53
509,4,0,2,12.1126,3753.11
508,4,0,2,12.1077,3726.5
512,4,0,2,12.0999,3687.28
511,4,0,2,12.0961,3668.12
2145,4,0,2,12.0954,3664.9
2146,4,0,2,12.0838,3600.57
529,4,0,2,12.0799,3564.4
726,4,0,2,12.0652,3464.31
714,4,0,2,12.065,3462.45
1543,4,0,2,12.0607,3432.49
710,4,0,2,12.0389,3310.88
1402,4,0,3,12.6748,6528.05,0.085,370.744,0.2,4
1390,4,0,3,12.6647,6473.65
1382,4,0,3,12.6422,6356.54
1362,4,0,3,12.6229,6251.71
1361,4,0,3,12.6184,6227.19
1354,4,0,3,12.6183,6227
1355,4,0,3,12.6129,6196.96
2076,4,0,3,12.6111,6187.84
1356,4,0,3,12.6023,6143.41
1357,4,0,3,12.6015,6139.69
1349,4,0,3,12.5882,6072.29
1348,4,0,3,12.5874,6067.95
1340,4,0,3,12.5869,6065.4
1339,4,0,3,12.5807,6034.28
1329,4,0,3,12.5683,5969.68
1158,4,0,3,12.551,5883.85
2048,4,0,3,12.5308,5777.27
1131,4,0,3,12.5253,5748.9
1130,4,0,3,12.5195,5719.97
1129,4,0,3,12.5007,5631.33
1121,4,0,3,12.4814,5531.4
1095,4,0,3,12.4733,5492.59
1093,4,0,3,12.4656,5451.87
1074,4,0,3,12.4591,5415.67
1073,4,0,3,12.4473,5356.8
1057,4,0,3,12.4291,5264.11
1042,4,0,3,12.4238,5237.73
2030,4,0,3,12.4168,5200.7
1011,4,0,3,12.4167,5199.85
1547,4,0,3,12.4024,5129.73
1546,4,0,3,12.3973,5104.04
975,4,0,3,12.3941,5086.89
2026,4,0,3,12.388,5054.16
2027,4,0,3,12.3804,5018.35
1998,4,0,3,12.3704,4967.25
1997,4,0,3,12.3622,4925.17
1996,4,0,3,12.3559,4895.54
1995,4,0,3,12.3493,4863.46
1993,4,0,3,12.3442,4836.65
1994,4,0,3,12.34,4815.17
572,4,0,3,12.3329,4776.05
541,4,0,3,12.324,4729.48
540,4,0,3,12.3133,4674.57
1754,4,0,3,12.3047,4630.38
518,4,0,3,12.2961,4587.43
500,4,0,3,12.2905,4559
501,4,0,3,12.2679,4451.95
1016,4,0,4,13.0252,8276.7,0.0561667,244.982,0.25,5
2029,4,0,4,13.0186,8243.69
1043,4,0,4,13.0186,8243.27
2158,4,0,4,13.0095,8199.12
2030,4,0,4,13.0055,8179.29
1041,4,0,4,13.0008,8154.3
1059,4,0,4,12.9926,8112.46
1058,4,0,4,12.9874,8086.4
1056,4,0,4,12.981,8051.96
1072,4,0,4,12.9634,7961.06
1071,4,0,4,12.9552,7918.96
1090,4,0,4,12.9469,7874.32
1089,4,0,4,12.9403,7838.46
1119,4,0,4,12.9332,7799.23
1118,4,0,4,12.9264,7763.03
2044,4,0,4,12.9103,7679.78
2169,4,0,4,12.9038,7644.9
2171,4,0,4,12.8996,7622.76
2046,4,0,4,12.8934,7591.54
1778,4,0,4,12.868,7463.03
1327,4,0,4,12.8567,7402.25
1343,4,0,4,12.8561,7399.52
1355,4,0,4,12.8314,7268.7
1364,4,0,4,12.8313,7268.49
1362,4,0,4,12.8211,7214.86
1382,4,0,4,12.7917,7067.27
1390,4,0,4,12.7707,6956.63
1402,4,0,4,12.7598,6898.79
110,4,0,5,13.5032,10718,0,0,0
1968,4,0,5,13.4881,10637.2
114,4,0,5,13.4823,10602
1719,4,0,5,13.4467,10407.2
1718,4,0,5,13.4284,10307.8
129,4,0,5,13.4041,10172.7
134,4,0,5,13.3968,10134.3
133,4,0,5,13.3841,10066.7
138,4,0,5,13.3633,9962.14
184,4,0,5,13.3456,9867.87
440,4,0,5,13.3246,9758.01
451,4,0,5,13.3082,9672.59
1716,4,0,5,13.3058,9656.17
462,4,0,5,13.2986,9617.35
1990,4,0,5,13.2908,9564.31
463,4,0,5,13.2736,9474.27
474,4,0,5,13.2598,9401.28
2140,4,0,5,13.2516,9363.45
475,4,0,5,13.2449,9332.18
499,4,0,5,13.2371,9292.59
500,4,0,5,13.2325,9269.18
518,4,0,5,13.227,9241
1754,4,0,5,13.2138,9179.14
540,4,0,5,13.2052,9135.24
541,4,0,5,13.1945,9080.09
572,4,0,5,13.1858,9034.33
1994,4,0,5,13.1761,8984.05
1993,4,0,5,13.1718,8962.57
1995,4,0,5,13.165,8928.2
1996,4,0,5,13.1589,8898.26
1997,4,0,5,13.155,8878.36
2027,4,0,5,13.1301,8757.58
2026,4,0,5,13.1243,8729.1
978,4,0,5,13.1153,8687.1
1010,4,0,5,13.1015,8614.98
1016,4,0,5,13.0814,8521.68
710,5,0,0,13.5525,1706.65,0.0466667,203.546,0.45,1
1543,5,0,0,13.5294,1579.59
459,5,0,0,13.5202,1517.38
458,5,0,0,13.5127,1471.15
456,5,0,0,13.5034,1410.12
457,5,0,0,13.4975,1377.61
454,5,0,0,13.4898,1323.63
455,5,0,0,13.4872,1308.67
453,5,0,0,13.4785,1243.21
446,5,0,0,13.4702,1195.77
442,5,0,0,13.4585,1137.28
1857,5,0,0,13.4497,1091.26
441,5,0,0,13.4436,1062.09
185,5,0,0,13.4326,1004.16
177,5,0,0,13.4203,938.786
184,5,0,0,13.4003,829.279
138,5,0,0,13.3836,739.414
133,5,0,0,13.3697,664.29
134,5,0,0,13.3621,612.333
129,5,0,0,13.355,574.749
1718,5,0,0,13.3291,432.78
1720,5,0,0,13.322,394.625
1719,5,0,0,13.3093,321.152
114,5,0,0,13.2716,117.424
1968,5,0,0,13.2648,79.7523
110,5,0,0,13.25,0
1402,5,0,1,14.0003,4027.57,0.0816667,356.205,0.16,2
1390,5,0,1,13.9911,3977.52
1382,5,0,1,13.9609,3827.77
1362,5,0,1,13.9382,3708.77
1361,5,0,1,13.9332,3681.77
1354,5,0,1,13.9331,3681.58
1355,5,0,1,13.9206,3621.92
2076,5,0,1,13.9188,3612.81
1356,5,0,1,13.9104,3570.09
1357,5,0,1,13.9096,3566.38
1349,5,0,1,13.8961,3498.2
1348,5,0,1,13.8955,3494.87
1340,5,0,1,13.895,3492.33
1339,5,0,1,13.8897,3464.61
1329,5,0,1,13.8787,3406.27
1158,5,0,1,13.8637,3329.94
2048,5,0,1,13.8436,3223.82
1151,5,0,1,13.8338,3171.97
1134,5,0,1,13.828,3141.99
1133,5,0,1,13.823,3115.82
1122,5,0,1,13.8116,3058.27
1096,5,0,1,13.786,2931.66
1099,5,0,1,13.7812,2907
1098,5,0,1,13.7739,2870.34
1101,5,0,1,13.7545,2772.1
1082,5,0,1,13.7461,2730.13
1079,5,0,1,13.737,2683.11
1061,5,0,1,13.7327,2661.83
1063,5,0,1,13.7295,2644.99
1062,5,0,1,13.7285,2637.95
2159,5,0,1,13.7283,2636.96
1045,5,0,1,13.7276,2633.81
1012,5,0,1,13.7204,2592.83
2028,5,0,1,13.7123,2547.36
989,5,0,1,13.7089,2531.63
990,5,0,1,13.6988,2481.36
991,5,0,1,13.6963,2469.01
706,5,0,1,13.6892,2429.55
704,5,0,1,13.6866,2416.78
2179,5,0,1,13.6864,2415.92
662,5,0,1,13.6802,2386.27
602,5,0,1,13.669,2318.13
599,5,0,1,13.6645,2293.43
605,5,0,1,13.6593,2265.31
529,5,0,1,13.6428,2166.41
726,5,0,1,13.6266,2064.88
714,5,0,1,13.6264,2063
1543,5,0,1,13.6206,2030.56
710,5,0,1,13.5991,1910.19
1016,5,0,2,14.34,5736.79,0.0881667,384.556,0.22,3
2029,5,0,2,14.3356,5713.04
1043,5,0,2,14.3356,5712.63
2158,5,0,2,14.3287,5677.85
2030,5,0,2,14.3248,5658.01
1041,5,0,2,14.3196,5631.43
1059,5,0,2,14.3108,5586.59
1058,5,0,2,14.3058,5561.34
1075,5,0,2,14.2882,5471.27
1072,5,0,2,14.2782,5419.83
1071,5,0,2,14.268,5369.35
1090,5,0,2,14.262,5332.13
1089,5,0,2,14.2559,5298.81
1119,5,0,2,14.2473,5252.92
1118,5,0,2,14.2411,5219.33
2044,5,0,2,14.2259,5139.77
2169,5,0,2,14.2179,5098.75
2171,5,0,2,14.2132,5074.6
1549,5,0,2,14.2054,5034.45
1147,5,0,2,14.198,4996.06
1327,5,0,2,14.1696,4848.09
1343,5,0,2,14.169,4845.36
1355,5,0,2,14.1422,4705.94
1364,5,0,2,14.1422,4705.73
1362,5,0,2,14.1324,4653.75
1382,5,0,2,14.1123,4545.92
1390,5,0,2,14.0908,4432.75
1402,5,0,2,14.0819,4383.78
501,5,0,3,14.6177,7043.04,0.107,466.702,0.18,4
1747,5,0,3,14.608,6998.73
1746,5,0,3,14.5801,6859.39
1745,5,0,3,14.567,6796.1
1844,5,0,3,14.5491,6706.86
575,5,0,3,14.5467,6691.35
571,5,0,3,14.5438,6675.23
570,5,0,3,14.539,6651.95
569,5,0,3,14.5338,6626.63
640,5,0,3,14.5257,6587.72
649,5,0,3,14.5164,6545.19
646,5,0,3,14.5086,6508.67
691,5,0,3,14.5027,6479.77
689,5,0,3,14.4806,6375.77
979,5,0,3,14.4721,6336.17
980,5,0,3,14.4662,6307.77
978,5,0,3,14.4627,6289.58
1010,5,0,3,14.4479,6212.81
1016,5,0,3,14.4282,6121.35
110,5,0,4,14.9984,8998.94,0,0,0
111,5,0,4,14.996,8983.06
1968,5,0,4,14.9866,8918.38
114,5,0,4,14.981,8883.65
1719,5,0,4,14.9431,8678.61
1720,5,0,4,14.928,8596.14
1718,5,0,4,14.9222,8563.59
129,5,0,4,14.897,8424.52
134,5,0,4,14.891,8391.56
133,5,0,4,14.8786,8325.03
138,5,0,4,14.8577,8220.45
184,5,0,4,14.8414,8131.91
440,5,0,4,14.8256,8044.29
451,5,0,4,14.809,7958.09
1716,5,0,4,14.8066,7941.67
462,5,0,4,14.7975,7894.59
1990,5,0,4,14.7904,7841.9
463,5,0,4,14.7717,7745.38
474,5,0,4,14.7564,7666.14
2140,5,0,4,14.7473,7624.8
2141,5,0,4,14.7395,7581.6
473,5,0,4,14.7392,7580.32
502,5,0,4,14.7302,7536.42
501,5,0,4,14.7247,7509.74
410,5,1,0,11.6622,1462.66,0.0726667,316.95,0.06,1
398,5,1,0,11.6619,1461.45
397,5,1,0,11.6493,1392.89
390,5,1,0,11.6298,1291.33
382,5,1,0,11.6125,1199.86
376,5,1,0,11.5945,1103.09
369,5,1,0,11.575,998.232
360,5,1,0,11.5527,878.986
361,5,1,0,11.5401,809.873
128,5,1,0,11.4796,481.115
126,5,1,0,11.4723,442.296
125,5,1,0,11.466,408.059
118,5,1,0,11.4331,231.019
1968,5,1,0,11.4053,81.9493
110,5,1,0,11.39,0
110,5,1,1,12.0197,3360.63,0,0,0
1968,5,1,1,12.0046,3279.59
1969,5,1,1,11.9923,3203.08
115,5,1,1,11.9898,3188.51
2113,5,1,1,11.985,3162.69
2133,5,1,1,11.8641,2480.93
366,5,1,1,11.8604,2454.3
2134,5,1,1,11.8488,2390.2
2136,5,1,1,11.8363,2322.55
393,5,1,1,11.8036,2155.53
392,5,1,1,11.7856,2054.99
400,5,1,1,11.7653,1948.22
411,5,1,1,11.751,1874.15
412,5,1,1,11.7485,1855.14
398,5,1,1,11.7351,1780.81
410,5,1,1,11.7348,1779.61
410,6,0,0,13.4243,1471.19,0.074,322.766,0.11,1
398,6,0,0,13.424,1469.98
397,6,0,0,13.4132,1408.71
390,6,0,0,13.3933,1305.9
382,6,0,0,13.3769,1218.33
376,6,0,0,13.3599,1125.74
369,6,0,0,13.3401,1019.33
360,6,0,0,13.3191,906.015
361,6,0,0,13.3046,828.632
128,6,0,0,13.2495,523.193
126,6,0,0,13.241,479.066
125,6,0,0,13.2318,432.83
118,6,0,0,13.197,247.521
1968,6,0,0,13.1648,79.7523
110,6,0,0,13.15,0
1016,6,0,1,13.7127,2978.6,0.0561667,244.982,0.25,2
1010,6,0,1,13.7036,2930.95
2026,6,0,1,13.6762,2797.16
2027,6,0,1,13.6711,2771.32
1998,6,0,1,13.6607,2718.62
1997,6,0,1,13.6521,2675.01
1996,6,0,1,13.6462,2646.71
1995,6,0,1,13.638,2608.39
1993,6,0,1,13.6289,2564.72
1994,6,0,1,13.6246,2543.23
562,6,0,1,13.6151,2494.18
563,6,0,1,13.6114,2475.26
564,6,0,1,13.6057,2444.42
557,6,0,1,13.5998,2411.34
561,6,0,1,13.5931,2364.8
628,6,0,1,13.5888,2339.43
609,6,0,1,13.5766,2263.63
423,6,0,1,13.5707,2207.31
419,6,0,1,13.5654,2172.47
418,6,0,1,13.5471,2074.91
2139,6,0,1,13.5438,2055.44
2138,6,0,1,13.5274,1962.7
411,6,0,1,13.5151,1893.38
412,6,0,1,13.513,1873.87
398,6,0,1,13.4986,1795.16
410,6,0,1,13.4983,1793.95
1402,6,0,2,14.0335,4590.97,0.0816667,356.205,0.16,3
1390,6,0,2,14.0244,4540.91
1382,6,0,2,13.9989,4410.86
1362,6,0,2,13.9783,4300.86
1361,6,0,2,13.9741,4277.69
1354,6,0,2,13.9741,4277.5
1355,6,0,2,13.9676,4243
2076,6,0,2,13.9658,4233.89
1356,6,0,2,13.9582,4194.54
1357,6,0,2,13.9574,4190.82
1349,6,0,2,13.9447,4125.87
1348,6,0,2,13.9441,4122.44
1340,6,0,2,13.9436,4119.9
1339,6,0,2,13.938,4091.16
1330,6,0,2,13.9173,3982.42
1161,6,0,2,13.9079,3934.51
1162,6,0,2,13.8979,3881.51
1136,6,0,2,13.8792,3783.31
1138,6,0,2,13.8725,3748.95
1137,6,0,2,13.8666,3717.85
1123,6,0,2,13.8529,3651.7
1775,6,0,2,13.8443,3607.71
1102,6,0,2,13.8286,3528.52
1100,6,0,2,13.8144,3459.13
1101,6,0,2,13.8034,3402.48
1082,6,0,2,13.795,3360.52
1079,6,0,2,13.7859,3313.5
1061,6,0,2,13.7816,3292.21
1063,6,0,2,13.7784,3275.37
1062,6,0,2,13.7774,3268.33
2159,6,0,2,13.7772,3267.35
1045,6,0,2,13.7765,3264.2
1043,6,0,2,13.7732,3247.52
2029,6,0,2,13.7731,3247.1
1016,6,0,2,13.7688,3223.58
501,6,0,3,14.5355,7106.11,0.107,466.702,0.18,4
1747,6,0,3,14.5295,7076.89
1746,6,0,3,14.5009,6934.48
540,6,0,3,14.4839,6848.54
541,6,0,3,14.4714,6786.03
572,6,0,3,14.4609,6732.79
567,6,0,3,14.4508,6679.38
565,6,0,3,14.4486,6665.89
562,6,0,3,14.4419,6631.38
639,6,0,3,14.4385,6613.94
638,6,0,3,14.4328,6584.27
637,6,0,3,14.4278,6559.24
685,6,0,3,14.4168,6505.46
687,6,0,3,14.4116,6479.43
971,6,0,3,14.3969,6410.53
972,6,0,3,14.3896,6374.32
973,6,0,3,14.3749,6305.19
1008,6,0,3,14.3652,6257.09
1009,6,0,3,14.353,6195.51
1041,6,0,3,14.3529,6194.82
1059,6,0,3,14.344,6149.99
1058,6,0,3,14.339,6124.74
1075,6,0,3,14.3215,6034.67
1072,6,0,3,14.3115,5983.22
1071,6,0,3,14.3013,5932.75
1090,6,0,3,14.2952,5895.53
1089,6,0,3,14.2891,5862.2
1119,6,0,3,14.2805,5816.31
1118,6,0,3,14.2743,5782.73
2044,6,0,3,14.2591,5703.16
2169,6,0,3,14.2511,5662.14
2171,6,0,3,14.2464,5637.99
1549,6,0,3,14.2387,5597.84
1147,6,0,3,14.2312,5559.46
1327,6,0,3,14.2028,5411.48
1343,6,0,3,14.2022,5408.75
1355,6,0,3,14.1755,5269.33
1364,6,0,3,14.1754,5269.12
1362,6,0,3,14.1656,5217.14
1382,6,0,3,14.1456,5109.31
1390,6,0,3,14.1241,4996.14
1402,6,0,3,14.1152,4947.17
110,6,0,4,14.9162,9062.01,0,0,0
111,6,0,4,14.9138,9046.13
1968,6,0,4,14.9044,8981.46
114,6,0,4,14.8988,8946.72
1719,6,0,4,14.8608,8741.69
1720,6,0,4,14.8458,8659.22
1718,6,0,4,14.84,8626.67
129,6,0,4,14.8148,8487.6
134,6,0,4,14.8088,8454.63
133,6,0,4,14.7964,8388.1
138,6,0,4,14.7755,8283.52
184,6,0,4,14.7592,8194.98
440,6,0,4,14.7433,8107.36
451,6,0,4,14.7268,8021.16
1716,6,0,4,14.7244,8004.74
462,6,0,4,14.7152,7957.67
1990,6,0,4,14.7082,7904.97
463,6,0,4,14.6895,7808.45
474,6,0,4,14.6741,7729.21
2140,6,0,4,14.6651,7687.88
2141,6,0,4,14.6573,7644.68
473,6,0,4,14.657,7643.39
502,6,0,4,14.648,7599.49
501,6,0,4,14.6425,7572.81
710,6,1,0,11.5284,1682.36,0.0443333,193.369,0.36,1
1543,6,1,0,11.5033,1546.36
459,6,1,0,11.4934,1483.42
458,6,1,0,11.4864,1437.75
456,6,1,0,11.4772,1376.86
457,6,1,0,11.4718,1346.64
454,6,1,0,11.4642,1292.68
455,6,1,0,11.4618,1278.37
453,6,1,0,11.4526,1212.8
446,6,1,0,11.444,1164.09
442,6,1,0,11.4358,1120.37
1857,6,1,0,11.4274,1076.3
441,6,1,0,11.4225,1051.98
185,6,1,0,11.4115,993.794
177,6,1,0,11.3989,927.553
184,6,1,0,11.3785,816.223
138,6,1,0,11.3628,730.3
133,6,1,0,11.3485,653.53
134,6,1,0,11.3409,601.574
129,6,1,0,11.3333,561.93
1718,6,1,0,11.3069,417.674
1719,6,1,0,11.2902,325.295
114,6,1,0,11.2523,120.486
1968,6,1,0,11.2453,81.9493
110,6,1,0,11.23,0
110,6,1,1,11.8792,3629.63,0,0,0
1968,6,1,1,11.8641,3548.6
114,6,1,1,11.8589,3514.27
1719,6,1,1,11.8159,3287.66
1718,6,1,1,11.8005,3200.61
129,6,1,1,11.776,3064.75
134,6,1,1,11.7696,3030.36
133,6,1,1,11.7568,2962.15
138,6,1,1,11.736,2857.57
184,6,1,1,11.7167,2756.61
440,6,1,1,11.7001,2665.42
451,6,1,1,11.6813,2569.71
1716,6,1,1,11.6789,2553.28
462,6,1,1,11.6685,2500.86
1990,6,1,1,11.6606,2447.83
452,6,1,1,11.6556,2415.39
453,6,1,1,11.6443,2328.21
455,6,1,1,11.6319,2258.28
454,6,1,1,11.629,2242.66
457,6,1,1,11.6223,2188.7
456,6,1,1,11.6172,2159.26
458,6,1,1,11.6077,2098.11
459,6,1,1,11.6018,2053.01
1543,6,1,1,11.5925,1990.78
710,6,1,1,11.5728,1875.73
410,7,0,0,13.4243,1471.19,0.074,322.766,0.11,1
398,7,0,0,13.424,1469.98
397,7,0,0,13.4132,1408.71
390,7,0,0,13.3933,1305.9
382,7,0,0,13.3769,1218.33
376,7,0,0,13.3599,1125.74
369,7,0,0,13.3401,1019.33
360,7,0,0,13.3191,906.015
361,7,0,0,13.3046,828.632
128,7,0,0,13.2495,523.193
126,7,0,0,13.241,479.066
125,7,0,0,13.2318,432.83
118,7,0,0,13.197,247.521
1968,7,0,0,13.1648,79.7523
110,7,0,0,13.15,0
1402,7,0,1,13.9249,4038.37,0.1085,473.244,0.18,2
1390,7,0,1,13.9157,3988.31
1389,7,0,1,13.8895,3847.36
1388,7,0,1,13.8694,3752.17
1323,7,0,1,13.8687,3748.39
2072,7,0,1,13.8445,3630.82
1317,7,0,1,13.8247,3524.14
2071,7,0,1,13.814,3460.08
2165,7,0,1,13.7917,3342.68
1314,7,0,1,13.7749,3253.68
2163,7,0,1,13.7602,3173.84
2023,7,0,1,13.7318,3022.47
1787,7,0,1,13.7237,2981.18
1788,7,0,1,13.7229,2977.48
943,7,0,1,13.707,2896.83
934,7,0,1,13.6982,2848.99
933,7,0,1,13.6879,2795.06
936,7,0,1,13.6873,2792.12
1737,7,0,1,13.6758,2728.89
917,7,0,1,13.659,2645.65
916,7,0,1,13.6589,2644.75
906,7,0,1,13.633,2511.66
889,7,0,1,13.6208,2449.74
890,7,0,1,13.6113,2401.78
2013,7,0,1,13.5883,2283.62
1988,7,0,1,13.5693,2183.84
416,7,0,1,13.5478,2077.27
2139,7,0,1,13.5438,2055.44
2138,7,0,1,13.5274,1962.7
411,7,0,1,13.5151,1893.38
412,7,0,1,13.513,1873.87
398,7,0,1,13.4986,1795.16
410,7,0,1,13.4983,1793.95
1016,7,0,2,14.2914,5864.63,0.0881667,384.556,0.22,3
2029,7,0,2,14.287,5840.88
1043,7,0,2,14.287,5840.46
2158,7,0,2,14.2801,5805.68
2030,7,0,2,14.2762,5785.85
1041,7,0,2,14.271,5759.26
1059,7,0,2,14.2622,5714.43
1058,7,0,2,14.2572,5689.18
1075,7,0,2,14.2397,5599.11
1072,7,0,2,14.2296,5547.66
1071,7,0,2,14.2195,5497.19
1090,7,0,2,14.2134,5459.97
1089,7,0,2,14.2073,5426.64
1119,7,0,2,14.1987,5380.76
1118,7,0,2,14.1925,5347.17
2044,7,0,2,14.1773,5267.61
2169,7,0,2,14.1693,5226.59
2171,7,0,2,14.1646,5202.43
1549,7,0,2,14.1568,5162.28
1147,7,0,2,14.1494,5123.9
1327,7,0,2,14.121,4975.93
1343,7,0,2,14.1204,4973.19
1355,7,0,2,14.0936,4833.77
1364,7,0,2,14.0936,4833.56
1362,7,0,2,14.0838,4781.58
1382,7,0,2,14.0637,4673.75
1390,7,0,2,14.0422,4560.58
1402,7,0,2,14.0334,4511.62
501,7,0,3,14.5691,7170.87,0.107,466.702,0.18,4
1747,7,0,3,14.5594,7126.57
1746,7,0,3,14.5315,6987.23
1745,7,0,3,14.5184,6923.94
1844,7,0,3,14.5005,6834.69
575,7,0,3,14.4981,6819.18
571,7,0,3,14.4952,6803.06
570,7,0,3,14.4904,6779.79
569,7,0,3,14.4853,6754.47
640,7,0,3,14.4771,6715.56
649,7,0,3,14.4678,6673.02
646,7,0,3,14.46,6636.51
691,7,0,3,14.4541,6607.6
689,7,0,3,14.432,6503.61
979,7,0,3,14.4235,6464.01
980,7,0,3,14.4177,6435.6
978,7,0,3,14.4141,6417.41
1010,7,0,3,14.3993,6340.65
1016,7,0,3,14.3796,6249.19
110,7,0,4,14.9498,9126.78,0,0,0
111,7,0,4,14.9474,9110.9
1968,7,0,4,14.938,9046.21
114,7,0,4,14.9325,9011.48
1719,7,0,4,14.8945,8806.45
1720,7,0,4,14.8794,8723.98
1718,7,0,4,14.8736,8691.43
129,7,0,4,14.8484,8552.36
134,7,0,4,14.8424,8519.39
133,7,0,4,14.83,8452.87
138,7,0,4,14.8091,8348.28
184,7,0,4,14.7928,8259.74
440,7,0,4,14.777,8172.12
451,7,0,4,14.7604,8085.93
1716,7,0,4,14.758,8069.5
462,7,0,4,14.7489,8022.43
1990,7,0,4,14.7418,7969.73
463,7,0,4,14.7231,7873.21
474,7,0,4,14.7078,7793.97
2140,7,0,4,14.6987,7752.64
2141,7,0,4,14.6909,7709.44
473,7,0,4,14.6907,7708.15
502,7,0,4,14.6816,7664.25
501,7,0,4,14.6761,7637.58
710,7,1,0,11.3884,1682.36,0.0443333,193.369,0.36,1
1543,7,1,0,11.3633,1546.36
459,7,1,0,11.3534,1483.42
458,7,1,0,11.3464,1437.75
456,7,1,0,11.3372,1376.86
457,7,1,0,11.3318,1346.64
454,7,1,0,11.3242,1292.68
455,7,1,0,11.3218,1278.37
453,7,1,0,11.3126,1212.8
446,7,1,0,11.304,1164.09
442,7,1,0,11.2958,1120.37
1857,7,1,0,11.2874,1076.3
441,7,1,0,11.2825,1051.98
185,7,1,0,11.2715,993.794
177,7,1,0,11.2589,927.553
184,7,1,0,11.2385,816.223
138,7,1,0,11.2228,730.3
133,7,1,0,11.2085,653.53
134,7,1,0,11.2009,601.574
129,7,1,0,11.1933,561.93
1718,7,1,0,11.1669,417.674
1719,7,1,0,11.1502,325.295
114,7,1,0,11.1123,120.486
1968,7,1,0,11.1053,81.9493
110,7,1,0,11.09,0
110,7,1,1,11.7392,3629.63,0,0,0
1968,7,1,1,11.7241,3548.6
114,7,1,1,11.7189,3514.27
1719,7,1,1,11.6759,3287.66
1718,7,1,1,11.6605,3200.61
129,7,1,1,11.636,3064.75
134,7,1,1,11.6296,3030.36
133,7,1,1,11.6168,2962.15
138,7,1,1,11.596,2857.57
184,7,1,1,11.5767,2756.61
440,7,1,1,11.5601,2665.42
451,7,1,1,11.5413,2569.71
1716,7,1,1,11.5389,2553.28
462,7,1,1,11.5285,2500.86
1990,7,1,1,11.5206,2447.83
452,7,1,1,11.5156,2415.39
453,7,1,1,11.5043,2328.21
455,7,1,1,11.4919,2258.28
454,7,1,1,11.489,2242.66
457,7,1,1,11.4823,2188.7
456,7,1,1,11.4772,2159.26
458,7,1,1,11.4677,2098.11
459,7,1,1,11.4618,2053.01
1543,7,1,1,11.4525,1990.78
710,7,1,1,11.4328,1875.73
501,8,0,0,13.5796,1510.92,0.0531667,231.897,0.2,1
502,8,0,0,13.5744,1485.38
473,8,0,0,13.5665,1446.3
2141,8,0,0,13.5663,1445.32
1750,8,0,0,13.562,1424.02
477,8,0,0,13.5575,1400.71
453,8,0,0,13.5285,1243.21
446,8,0,0,13.5202,1195.77
442,8,0,0,13.5085,1137.28
1857,8,0,0,13.4997,1091.26
441,8,0,0,13.4936,1062.09
185,8,0,0,13.4826,1004.16
177,8,0,0,13.4703,938.786
184,8,0,0,13.4503,829.279
138,8,0,0,13.4336,739.414
133,8,0,0,13.4197,664.29
134,8,0,0,13.4121,612.333
129,8,0,0,13.405,574.749
1718,8,0,0,13.3791,432.78
1720,8,0,0,13.372,394.625
1719,8,0,0,13.3593,321.152
114,8,0,0,13.3216,117.424
1968,8,0,0,13.3148,79.7523
110,8,0,0,13.3,0
1016,8,0,1,13.7972,2559.29,0.0561667,244.982,0.25,2
1010,8,0,1,13.7882,2511.64
2026,8,0,1,13.7608,2377.86
2027,8,0,1,13.7557,2352.02
1998,8,0,1,13.7453,2299.32
1997,8,0,1,13.7367,2255.7
1996,8,0,1,13.7308,2227.41
1995,8,0,1,13.7226,2189.09
1993,8,0,1,13.7135,2145.41
1994,8,0,1,13.7092,2123.93
572,8,0,1,13.7022,2085.28
541,8,0,1,13.69,2024.92
540,8,0,1,13.6796,1971.28
1754,8,0,1,13.6712,1927.61
518,8,0,1,13.6633,1887.64
500,8,0,1,13.6583,1861.85
501,8,0,1,13.6328,1742.82
1402,8,0,2,14.1181,4171.66,0.0816667,356.205,0.16,3
1390,8,0,2,14.109,4121.61
1382,8,0,2,14.0834,3991.55
1362,8,0,2,14.0629,3881.56
1361,8,0,2,14.0587,3858.38
1354,8,0,2,14.0587,3858.19
1355,8,0,2,14.0522,3823.7
2076,8,0,2,14.0504,3814.59
1356,8,0,2,14.0428,3775.24
1357,8,0,2,14.042,3771.52
1349,8,0,2,14.0293,3706.57
1348,8,0,2,14.0287,3703.13
1340,8,0,2,14.0282,3700.59
1339,8,0,2,14.0226,3671.86
1330,8,0,2,14.0018,3563.11
1161,8,0,2,13.9925,3515.2
1162,8,0,2,13.9825,3462.21
1136,8,0,2,13.9638,3364.01
1138,8,0,2,13.9571,3329.65
1137,8,0,2,13.9512,3298.54
1123,8,0,2,13.9375,3232.39
1775,8,0,2,13.9289,3188.4
1102,8,0,2,13.9132,3109.22
1100,8,0,2,13.899,3039.82
1101,8,0,2,13.888,2983.18
1082,8,0,2,13.8796,2941.21
1079,8,0,2,13.8705,2894.19
1061,8,0,2,13.8662,2872.91
1063,8,0,2,13.863,2856.07
1062,8,0,2,13.862,2849.03
2159,8,0,2,13.8618,2848.04
1045,8,0,2,13.8611,2844.89
1043,8,0,2,13.8578,2828.21
2029,8,0,2,13.8577,2827.8
1016,8,0,2,13.8534,2804.27
110,8,0,3,14.8347,7948.32,0,0,0
1968,8,0,3,14.817,7856.71
1969,8,0,3,14.8045,7779.85
115,8,0,3,14.802,7765.39
2113,8,0,3,14.7965,7736.2
2133,8,0,3,14.6628,6998.83
366,8,0,3,14.6588,6972.03
2134,8,0,3,14.6496,6914.26
2136,8,0,3,14.6388,6854.11
393,8,0,3,14.6088,6698.35
401,8,0,3,14.5961,6628.9
1739,8,0,3,14.5862,6575.04
1742,8,0,3,14.5797,6540.56
1741,8,0,3,14.5733,6506.07
418,8,0,3,14.5658,6466.55
417,8,0,3,14.563,6450.86
1989,8,0,3,14.545,6358.28
2011,8,0,3,14.5249,6255.21
2156,8,0,3,14.5194,6226.77
2013,8,0,3,14.5187,6223.62
886,8,0,3,14.5077,6169
888,8,0,3,14.4909,6075.87
903,8,0,3,14.4798,6017.61
904,8,0,3,14.4763,5998.75
925,8,0,3,14.4562,5885.54
2019,8,0,3,14.4505,5857.25
929,8,0,3,14.4501,5855.27
938,8,0,3,14.4385,5791
950,8,0,3,14.4236,5714.34
951,8,0,3,14.4127,5662.71
949,8,0,3,14.4004,5600.46
1302,8,0,3,14.3754,5468.03
1307,8,0,3,14.3617,5390.6
1308,8,0,3,14.3505,5331.03
1309,8,0,3,14.3322,5237.67
1314,8,0,3,14.3316,5234.8
2165,8,0,3,14.3161,5151.36
2071,8,0,3,14.2953,5040.21
1317,8,0,3,14.2833,4972.8
2072,8,0,3,14.2643,4870.1
1323,8,0,3,14.2483,4786.41
1388,8,0,3,14.2476,4782.63
1389,8,0,3,14.2389,4734.73
1390,8,0,3,14.2086,4576.84
1402,8,0,3,14.1998,4527.87
410,8,1,0,11.3522,1462.66,0.0726667,316.95,0.06,1
398,8,1,0,11.3519,1461.45
397,8,1,0,11.3393,1392.89
390,8,1,0,11.3198,1291.33
382,8,1,0,11.3025,1199.86
376,8,1,0,11.2845,1103.09
369,8,1,0,11.265,998.232
360,8,1,0,11.2427,878.986
361,8,1,0,11.2301,809.873
128,8,1,0,11.1696,481.115
126,8,1,0,11.1623,442.296
125,8,1,0,11.156,408.059
118,8,1,0,11.1231,231.019
1968,8,1,0,11.0953,81.9493
110,8,1,0,11.08,0
710,8,1,1,11.6446,3117.52,0.0443333,193.369,0.36,2
1543,8,1,1,11.6231,2997.25
715,8,1,1,11.6183,2952.99
714,8,1,1,11.6144,2928.98
726,8,1,1,11.6142,2927.1
529,8,1,1,11.6005,2827.61
605,8,1,1,11.5857,2731
603,8,1,1,11.5806,2703.02
604,8,1,1,11.5763,2679.88
596,8,1,1,11.5762,2678.91
580,8,1,1,11.5678,2620.63
574,8,1,1,11.5505,2527.39
573,8,1,1,11.5405,2471.49
564,8,1,1,11.5328,2430.34
557,8,1,1,11.5267,2396.35
561,8,1,1,11.52,2349.83
628,8,1,1,11.5155,2324.18
609,8,1,1,11.5028,2247.52
423,8,1,1,11.4969,2191.2
419,8,1,1,11.4922,2156.76
418,8,1,1,11.4769,2071.84
2139,8,1,1,11.473,2050.41
2138,8,1,1,11.4546,1948.97
411,8,1,1,11.441,1874.15
412,8,1,1,11.4385,1855.14
398,8,1,1,11.4251,1780.81
410,8,1,1,11.4248,1779.61
110,8,1,2,11.9954,5064.79,0,0,0
1968,8,1,2,11.9803,4983.75
114,8,1,2,11.9751,4949.43
1719,8,1,2,11.9321,4722.82
1718,8,1,2,11.9166,4635.77
129,8,1,2,11.8922,4499.9
134,8,1,2,11.8858,4465.51
133,8,1,2,11.873,4397.31
138,8,1,2,11.8521,4292.72
184,8,1,2,11.8329,4191.76
440,8,1,2,11.8162,4100.57
451,8,1,2,11.7974,4004.86
1716,8,1,2,11.795,3988.43
462,8,1,2,11.7846,3936.01
1990,8,1,2,11.7768,3882.98
452,8,1,2,11.7718,3850.54
453,8,1,2,11.7604,3763.36
455,8,1,2,11.748,3693.43
454,8,1,2,11.7452,3677.82
457,8,1,2,11.7385,3623.85
456,8,1,2,11.7333,3594.41
458,8,1,2,11.7239,3533.26
459,8,1,2,11.7179,3488.16
1543,8,1,2,11.7086,3425.93
710,8,1,2,11.6889,3310.88
501,9,0,0,13.6196,1510.92,0.0531667,231.897,0.2,1
502,9,0,0,13.6144,1485.38
473,9,0,0,13.6065,1446.3
2141,9,0,0,13.6063,1445.32
1750,9,0,0,13.602,1424.02
477,9,0,0,13.5975,1400.71
453,9,0,0,13.5685,1243.21
446,9,0,0,13.5602,1195.77
442,9,0,0,13.5485,1137.28
1857,9,0,0,13.5397,1091.26
441,9,0,0,13.5336,1062.09
185,9,0,0,13.5226,1004.16
177,9,0,0,13.5103,938.786
184,9,0,0,13.4903,829.279
138,9,0,0,13.4736,739.414
133,9,0,0,13.4597,664.29
134,9,0,0,13.4521,612.333
129,9,0,0,13.445,574.749
1718,9,0,0,13.4191,432.78
1720,9,0,0,13.412,394.625
1719,9,0,0,13.3993,321.152
114,9,0,0,13.3616,117.424
1968,9,0,0,13.3548,79.7523
110,9,0,0,13.34,0
1016,9,0,1,13.8372,2559.29,0.0561667,244.982,0.25,2
1010,9,0,1,13.8282,2511.64
2026,9,0,1,13.8008,2377.86
2027,9,0,1,13.7957,2352.02
1998,9,0,1,13.7853,2299.32
1997,9,0,1,13.7767,2255.7
1996,9,0,1,13.7708,2227.41
1995,9,0,1,13.7626,2189.09
1993,9,0,1,13.7535,2145.41
1994,9,0,1,13.7492,2123.93
572,9,0,1,13.7422,2085.28
541,9,0,1,13.73,2024.92
540,9,0,1,13.7196,1971.28
1754,9,0,1,13.7112,1927.61
518,9,0,1,13.7033,1887.64
500,9,0,1,13.6983,1861.85
501,9,0,1,13.6728,1742.82
1402,9,0,2,14.1581,4171.66,0.0816667,356.205,0.16,3
1390,9,0,2,14.149,4121.61
1382,9,0,2,14.1234,3991.55
1362,9,0,2,14.1029,3881.56
1361,9,0,2,14.0987,3858.38
1354,9,0,2,14.0987,3858.19
1355,9,0,2,14.0922,3823.7
2076,9,0,2,14.0904,3814.59
1356,9,0,2,14.0828,3775.24
1357,9,0,2,14.082,3771.52
1349,9,0,2,14.0693,3706.57
1348,9,0,2,14.0687,3703.13
1340,9,0,2,14.0682,3700.59
1339,9,0,2,14.0626,3671.86
1330,9,0,2,14.0418,3563.11
1161,9,0,2,14.0325,3515.2
1162,9,0,2,14.0225,3462.21
1136,9,0,2,14.0038,3364.01
1138,9,0,2,13.9971,3329.65
1137,9,0,2,13.9912,3298.54
1123,9,0,2,13.9775,3232.39
1775,9,0,2,13.9689,3188.4
1102,9,0,2,13.9532,3109.22
1100,9,0,2,13.939,3039.82
1101,9,0,2,13.928,2983.18
1082,9,0,2,13.9196,2941.21
1079,9,0,2,13.9105,2894.19
1061,9,0,2,13.9062,2872.91
1063,9,0,2,13.903,2856.07
1062,9,0,2,13.902,2849.03
2159,9,0,2,13.9018,2848.04
1045,9,0,2,13.9011,2844.89
1043,9,0,2,13.8978,2828.21
2029,9,0,2,13.8977,2827.8
1016,9,0,2,13.8934,2804.27
110,9,0,3,14.8747,7948.32,0,0,0
1968,9,0,3,14.857,7856.71
1969,9,0,3,14.8445,7779.85
115,9,0,3,14.842,7765.39
2113,9,0,3,14.8365,7736.2
2133,9,0,3,14.7028,6998.83
366,9,0,3,14.6988,6972.03
2134,9,0,3,14.6896,6914.26
2136,9,0,3,14.6788,6854.11
393,9,0,3,14.6488,6698.35
401,9,0,3,14.6361,6628.9
1739,9,0,3,14.6262,6575.04
1742,9,0,3,14.6197,6540.56
1741,9,0,3,14.6133,6506.07
418,9,0,3,14.6058,6466.55
417,9,0,3,14.603,6450.86
1989,9,0,3,14.585,6358.28
2011,9,0,3,14.5649,6255.21
2156,9,0,3,14.5594,6226.77
2013,9,0,3,14.5587,6223.62
886,9,0,3,14.5477,6169
888,9,0,3,14.5309,6075.87
903,9,0,3,14.5198,6017.61
904,9,0,3,14.5163,5998.75
925,9,0,3,14.4962,5885.54
2019,9,0,3,14.4905,5857.25
929,9,0,3,14.4901,5855.27
938,9,0,3,14.4785,5791
950,9,0,3,14.4636,5714.34
951,9,0,3,14.4527,5662.71
949,9,0,3,14.4404,5600.46
1302,9,0,3,14.4154,5468.03
1307,9,0,3,14.4017,5390.6
1308,9,0,3,14.3905,5331.03
1309,9,0,3,14.3722,5237.67
1314,9,0,3,14.3716,5234.8
2165,9,0,3,14.3561,5151.36
2071,9,0,3,14.3353,5040.21
1317,9,0,3,14.3233,4972.8
2072,9,0,3,14.3043,4870.1
1323,9,0,3,14.2883,4786.41
1388,9,0,3,14.2876,4782.63
1389,9,0,3,14.2789,4734.73
1390,9,0,3,14.2486,4576.84
1402,9,0,3,14.2398,4527.87
410,9,1,0,11.4222,1462.66,0.0726667,316.95,0.06,1
398,9,1,0,11.4219,1461.45
397,9,1,0,11.4093,1392.89
390,9,1,0,11.3898,1291.33
382,9,1,0,11.3725,1199.86
376,9,1,0,11.3545,1103.09
369,9,1,0,11.335,998.232
360,9,1,0,11.3127,878.986
361,9,1,0,11.3001,809.873
128,9,1,0,11.2396,481.115
126,9,1,0,11.2323,442.296
125,9,1,0,11.226,408.059
118,9,1,0,11.1931,231.019
1968,9,1,0,11.1653,81.9493
110,9,1,0,11.15,0
710,9,1,1,11.7146,3117.52,0.0443333,193.369,0.36,2
1543,9,1,1,11.6931,2997.25
715,9,1,1,11.6883,2952.99
714,9,1,1,11.6844,2928.98
726,9,1,1,11.6842,2927.1
529,9,1,1,11.6705,2827.61
605,9,1,1,11.6557,2731
603,9,1,1,11.6506,2703.02
604,9,1,1,11.6463,2679.88
596,9,1,1,11.6462,2678.91
580,9,1,1,11.6378,2620.63
574,9,1,1,11.6205,2527.39
573,9,1,1,11.6105,2471.49
564,9,1,1,11.6028,2430.34
557,9,1,1,11.5967,2396.35
561,9,1,1,11.59,2349.83
628,9,1,1,11.5855,2324.18
609,9,1,1,11.5728,2247.52
423,9,1,1,11.5669,2191.2
419,9,1,1,11.5622,2156.76
418,9,1,1,11.5469,2071.84
2139,9,1,1,11.543,2050.41
2138,9,1,1,11.5246,1948.97
411,9,1,1,11.511,1874.15
412,9,1,1,11.5085,1855.14
398,9,1,1,11.4951,1780.81
410,9,1,1,11.4948,1779.61
110,9,1,2,12.0654,5064.79,0,0,0
1968,9,1,2,12.0503,4983.75
114,9,1,2,12.0451,4949.43
1719,9,1,2,12.0021,4722.82
1718,9,1,2,11.9866,4635.77
129,9,1,2,11.9622,4499.9
134,9,1,2,11.9558,4465.51
133,9,1,2,11.943,4397.31
138,9,1,2,11.9221,4292.72
184,9,1,2,11.9029,4191.76
440,9,1,2,11.8862,4100.57
451,9,1,2,11.8674,4004.86
1716,9,1,2,11.865,3988.43
462,9,1,2,11.8546,3936.01
1990,9,1,2,11.8468,3882.98
452,9,1,2,11.8418,3850.54
453,9,1,2,11.8304,3763.36
455,9,1,2,11.818,3693.43
454,9,1,2,11.8152,3677.82
457,9,1,2,11.8085,3623.85
456,9,1,2,11.8033,3594.41
458,9,1,2,11.7939,3533.26
459,9,1,2,11.7879,3488.16
1543,9,1,2,11.7786,3425.93
710,9,1,2,11.7589,3310.88
501,10,0,0,13.6196,1510.92,0.0531667,231.897,0.2,1
502,10,0,0,13.6144,1485.38
473,10,0,0,13.6065,1446.3
2141,10,0,0,13.6063,1445.32
1750,10,0,0,13.602,1424.02
477,10,0,0,13.5975,1400.71
453,10,0,0,13.5685,1243.21
446,10,0,0,13.5602,1195.77
442,10,0,0,13.5485,1137.28
1857,10,0,0,13.5397,1091.26
441,10,0,0,13.5336,1062.09
185,10,0,0,13.5226,1004.16
177,10,0,0,13.5103,938.786
184,10,0,0,13.4903,829.279
138,10,0,0,13.4736,739.414
133,10,0,0,13.4597,664.29
134,10,0,0,13.4521,612.333
129,10,0,0,13.445,574.749
1718,10,0,0,13.4191,432.78
1720,10,0,0,13.412,394.625
1719,10,0,0,13.3993,321.152
114,10,0,0,13.3616,117.424
1968,10,0,0,13.3548,79.7523
110,10,0,0,13.34,0
1402,10,0,1,14.1038,3925.73,0.0816667,356.205,0.16,2
1390,10,0,1,14.0946,3875.67
1382,10,0,1,14.0644,3725.93
1362,10,0,1,14.0417,3606.92
1361,10,0,1,14.0367,3579.93
1354,10,0,1,14.0366,3579.74
1355,10,0,1,14.0241,3520.08
2076,10,0,1,14.0223,3510.96
1356,10,0,1,14.0139,3468.25
1357,10,0,1,14.0131,3464.53
1349,10,0,1,13.9996,3396.36
1348,10,0,1,13.999,3393.03
1340,10,0,1,13.9985,3390.49
1339,10,0,1,13.9932,3362.77
1329,10,0,1,13.9822,3304.43
1158,10,0,1,13.9672,3228.1
2048,10,0,1,13.9471,3122.06
1131,10,0,1,13.9415,3093.19
1130,10,0,1,13.9357,3064.26
1129,10,0,1,13.9205,2990.07
1121,10,0,1,13.9045,2904.14
1120,10,0,1,13.9005,2882.96
1094,10,0,1,13.8956,2857.02
1091,10,0,1,13.8855,2806.29
1092,10,0,1,13.8803,2780.39
1074,10,0,1,13.8745,2749.97
1073,10,0,1,13.8661,2705.29
1057,10,0,1,13.8463,2606.3
1042,10,0,1,13.841,2579.4
2030,10,0,1,13.8338,2541.56
1011,10,0,1,13.8335,2540.11
1547,10,0,1,13.8161,2457.47
1546,10,0,1,13.8107,2430.1
975,10,0,1,13.8073,2412.13
2026,10,0,1,13.8008,2377.86
2027,10,0,1,13.7957,2352.02
1998,10,0,1,13.7853,2299.32
1997,10,0,1,13.7767,2255.7
1996,10,0,1,13.7708,2227.41
1995,10,0,1,13.7626,2189.09
1993,10,0,1,13.7535,2145.41
1994,10,0,1,13.7492,2123.93
572,10,0,1,13.7422,2085.28
541,10,0,1,13.73,2024.92
540,10,0,1,13.7196,1971.28
1754,10,0,1,13.7112,1927.61
518,10,0,1,13.7033,1887.64
500,10,0,1,13.6983,1861.85
501,10,0,1,13.6728,1742.82
1016,10,0,2,14.4435,5634.95,0.0881667,384.556,0.22,3
2029,10,0,2,14.4391,5611.2
1043,10,0,2,14.439,5610.79
2158,10,0,2,14.4322,5576.01
2030,10,0,2,14.4283,5556.17
1041,10,0,2,14.4231,5529.59
1059,10,0,2,14.4143,5484.75
1058,10,0,2,14.4093,5459.5
1075,10,0,2,14.3917,5369.43
1072,10,0,2,14.3817,5317.99
1071,10,0,2,14.3715,5267.51
1090,10,0,2,14.3655,5230.29
1089,10,0,2,14.3594,5196.97
1119,10,0,2,14.3508,5151.08
1118,10,0,2,14.3446,5117.49
2044,10,0,2,14.3294,5037.93
2169,10,0,2,14.3214,4996.91
2171,10,0,2,14.3167,4972.76
1549,10,0,2,14.3089,4932.61
1147,10,0,2,14.3015,4894.22
1327,10,0,2,14.2731,4746.25
1343,10,0,2,14.2725,4743.51
1355,10,0,2,14.2457,4604.1
1364,10,0,2,14.2457,4603.89
1362,10,0,2,14.2359,4551.9
1382,10,0,2,14.2158,4444.08
1390,10,0,2,14.1943,4330.9
1402,10,0,2,14.1854,4281.94
110,10,0,3,14.9511,8225.21,0,0,0
111,10,0,3,14.9487,8209.33
1968,10,0,3,14.9393,8144.65
114,10,0,3,14.9337,8109.92
1719,10,0,3,14.8975,7912.3
1718,10,0,3,14.8776,7805.99
129,10,0,3,14.8536,7672.2
134,10,0,3,14.8479,7640.78
133,10,0,3,14.8372,7581.41
138,10,0,3,14.8163,7476.83
184,10,0,3,14.7997,7387.22
440,10,0,3,14.7793,7280
451,10,0,3,14.7628,7193.81
1716,10,0,3,14.7604,7177.38
462,10,0,3,14.7512,7130.31
1990,10,0,3,14.7442,7077.61
463,10,0,3,14.7255,6981.09
474,10,0,3,14.7101,6901.85
2140,10,0,3,14.7011,6860.52
475,10,0,3,14.6961,6836.29
499,10,0,3,14.6884,6796.7
500,10,0,3,14.6838,6773.29
518,10,0,3,14.6792,6749.19
1754,10,0,3,14.6755,6724.26
540,10,0,3,14.6673,6681.79
541,10,0,3,14.6555,6621.97
572,10,0,3,14.6459,6572.3
1994,10,0,3,14.6332,6509.9
1993,10,0,3,14.629,6488.41
1995,10,0,3,14.6163,6430.66
1996,10,0,3,14.6104,6401.48
1997,10,0,3,14.6065,6381.58
2027,10,0,3,14.5793,6251.36
2026,10,0,3,14.5735,6222.88
978,10,0,3,14.5662,6187.74
1010,10,0,3,14.5514,6110.97
1016,10,0,3,14.5316,6019.51
410,10,1,0,11.5722,1462.66,0.0726667,316.95,0.06,1
398,10,1,0,11.5719,1461.45
397,10,1,0,11.5593,1392.89
390,10,1,0,11.5398,1291.33
382,10,1,0,11.5225,1199.86
376,10,1,0,11.5045,1103.09
369,10,1,0,11.485,998.232
360,10,1,0,11.4627,878.986
361,10,1,0,11.4501,809.873
128,10,1,0,11.3896,481.115
126,10,1,0,11.3823,442.296
125,10,1,0,11.376,408.059
118,10,1,0,11.3431,231.019
1968,10,1,0,11.3153,81.9493
110,10,1,0,11.3,0
710,10,1,1,11.8646,3117.52,0.0443333,193.369,0.36,2
1543,10,1,1,11.8431,2997.25
715,10,1,1,11.8383,2952.99
714,10,1,1,11.8344,2928.98
726,10,1,1,11.8342,2927.1
529,10,1,1,11.8205,2827.61
605,10,1,1,11.8057,2731
603,10,1,1,11.8006,2703.02
604,10,1,1,11.7963,2679.88
596,10,1,1,11.7962,2678.91
580,10,1,1,11.7878,2620.63
574,10,1,1,11.7705,2527.39
573,10,1,1,11.7605,2471.49
564,10,1,1,11.7528,2430.34
557,10,1,1,11.7467,2396.35
561,10,1,1,11.74,2349.83
628,10,1,1,11.7355,2324.18
609,10,1,1,11.7228,2247.52
423,10,1,1,11.7169,2191.2
419,10,1,1,11.7122,2156.76
418,10,1,1,11.6969,2071.84
2139,10,1,1,11.693,2050.41
2138,10,1,1,11.6746,1948.97
411,10,1,1,11.661,1874.15
412,10,1,1,11.6585,1855.14
398,10,1,1,11.6451,1780.81
410,10,1,1,11.6448,1779.61
110,10,1,2,12.2154,5064.79,0,0,0
1968,10,1,2,12.2003,4983.75
114,10,1,2,12.1951,4949.43
1719,10,1,2,12.1521,4722.82
1718,10,1,2,12.1366,4635.77
129,10,1,2,12.1122,4499.9
134,10,1,2,12.1058,4465.51
133,10,1,2,12.093,4397.31
138,10,1,2,12.0721,4292.72
184,10,1,2,12.0529,4191.76
440,10,1,2,12.0362,4100.57
451,10,1,2,12.0174,4004.86
1716,10,1,2,12.015,3988.43
462,10,1,2,12.0046,3936.01
1990,10,1,2,11.9968,3882.98
452,10,1,2,11.9918,3850.54
453,10,1,2,11.9804,3763.36
455,10,1,2,11.968,3693.43
454,10,1,2,11.9652,3677.82
457,10,1,2,11.9585,3623.85
456,10,1,2,11.9533,3594.41
458,10,1,2,11.9439,3533.26
459,10,1,2,11.9379,3488.16
1543,10,1,2,11.9286,3425.93
710,10,1,2,11.9089,3310.88
1402,11,0,0,14.0734,3372.79,0.0816667,356.205,0.16,1
1390,11,0,0,14.0641,3321.76
1389,11,0,0,14.0355,3170.7
1388,11,0,0,14.0267,3122.71
1370,11,0,0,13.9898,2928.06
1359,11,0,0,13.9889,2923.6
2071,11,0,0,13.9723,2830.9
2165,11,0,0,13.9504,2715.19
1314,11,0,0,13.9331,2623.77
2163,11,0,0,13.9183,2543.94
2023,11,0,0,13.8917,2399.84
1787,11,0,0,13.8836,2358.52
2020,11,0,0,13.8647,2264.44
935,11,0,0,13.8549,2212.99
934,11,0,0,13.8544,2210.39
933,11,0,0,13.8427,2150.9
936,11,0,0,13.8422,2147.96
1737,11,0,0,13.8307,2085.09
917,11,0,0,13.8175,2016.59
916,11,0,0,13.8173,2015.68
906,11,0,0,13.7935,1891.34
889,11,0,0,13.7822,1832.97
890,11,0,0,13.7755,1797.06
2013,11,0,0,13.756,1693.84
1988,11,0,0,13.7384,1599.98
417,11,0,0,13.7179,1495.37
418,11,0,0,13.7139,1474.43
1741,11,0,0,13.7082,1442.44
1740,11,0,0,13.7044,1421.91
1739,11,0,0,13.6997,1395.5
401,11,0,0,13.6891,1338.14
393,11,0,0,13.6759,1266.67
2136,11,0,0,13.6531,1141.76
2134,11,0,0,13.6418,1079.42
360,11,0,0,13.6091,906.015
361,11,0,0,13.5946,828.632
128,11,0,0,13.5395,523.193
126,11,0,0,13.531,479.066
125,11,0,0,13.5218,432.83
118,11,0,0,13.487,247.521
1968,11,0,0,13.4548,79.7523
110,11,0,0,13.44,0
1016,11,0,1,14.4132,5082,0.0881667,384.556,0.22,2
2029,11,0,1,14.4088,5058.25
1043,11,0,1,14.4087,5057.84
2158,11,0,1,14.4019,5023.06
2030,11,0,1,14.3979,5003.22
1041,11,0,1,14.3928,4976.64
1059,11,0,1,14.3839,4931.8
1058,11,0,1,14.3789,4906.55
1075,11,0,1,14.3614,4816.48
1072,11,0,1,14.3514,4765.04
1071,11,0,1,14.3412,4714.56
1090,11,0,1,14.3351,4677.34
1089,11,0,1,14.329,4644.02
1119,11,0,1,14.3204,4598.13
1118,11,0,1,14.3143,4564.54
2044,11,0,1,14.299,4484.98
2169,11,0,1,14.291,4443.96
2171,11,0,1,14.2864,4419.81
1549,11,0,1,14.2786,4379.66
1147,11,0,1,14.2711,4341.27
1327,11,0,1,14.2428,4193.3
1343,11,0,1,14.2422,4190.57
1355,11,0,1,14.2154,4051.15
1364,11,0,1,14.2153,4050.94
1362,11,0,1,14.2055,3998.96
1382,11,0,1,14.1855,3891.13
1390,11,0,1,14.164,3777.96
1402,11,0,1,14.1551,3728.99
110,11,0,2,14.9207,7672.26,0,0,0
111,11,0,2,14.9184,7656.38
1968,11,0,2,14.9089,7591.7
114,11,0,2,14.9034,7556.97
1719,11,0,2,14.8672,7359.36
1718,11,0,2,14.8473,7253.04
129,11,0,2,14.8233,7119.25
134,11,0,2,14.8176,7087.84
133,11,0,2,14.8068,7028.46
138,11,0,2,14.786,6923.88
184,11,0,2,14.7694,6834.28
440,11,0,2,14.749,6727.06
451,11,0,2,14.7325,6640.86
1716,11,0,2,14.73,6624.43
462,11,0,2,14.7209,6577.36
1990,11,0,2,14.7139,6524.67
463,11,0,2,14.6952,6428.15
474,11,0,2,14.6798,6348.91
2140,11,0,2,14.6708,6307.57
475,11,0,2,14.6658,6283.34
499,11,0,2,14.658,6243.75
500,11,0,2,14.6534,6220.35
518,11,0,2,14.6488,6196.24
1754,11,0,2,14.6452,6171.31
540,11,0,2,14.637,6128.84
541,11,0,2,14.6251,6069.02
572,11,0,2,14.6155,6019.35
1994,11,0,2,14.6029,5956.95
1993,11,0,2,14.5986,5935.46
1995,11,0,2,14.586,5877.72
1996,11,0,2,14.5801,5848.54
1997,11,0,2,14.5762,5828.64
2027,11,0,2,14.549,5698.42
2026,11,0,2,14.5432,5669.93
978,11,0,2,14.5359,5634.79
1010,11,0,2,14.521,5558.02
1016,11,0,2,14.5013,5466.56
410,11,1,0,11.6022,1462.66,0.0726667,316.95,0.06,1
398,11,1,0,11.6019,1461.45
397,11,1,0,11.5893,1392.89
390,11,1,0,11.5698,1291.33
382,11,1,0,11.5525,1199.86
376,11,1,0,11.5345,1103.09
369,11,1,0,11.515,998.232
360,11,1,0,11.4927,878.986
361,11,1,0,11.4801,809.873
128,11,1,0,11.4196,481.115
126,11,1,0,11.4123,442.296
125,11,1,0,11.406,408.059
118,11,1,0,11.3731,231.019
1968,11,1,0,11.3453,81.9493
110,11,1,0,11.33,0
710,11,1,1,11.8946,3117.52,0.0443333,193.369,0.36,2
1543,11,1,1,11.8731,2997.25
715,11,1,1,11.8683,2952.99
714,11,1,1,11.8644,2928.98
726,11,1,1,11.8642,2927.1
529,11,1,1,11.8505,2827.61
605,11,1,1,11.8357,2731
603,11,1,1,11.8306,2703.02
604,11,1,1,11.8263,2679.88
596,11,1,1,11.8262,2678.91
580,11,1,1,11.8178,2620.63
574,11,1,1,11.8005,2527.39
573,11,1,1,11.7905,2471.49
564,11,1,1,11.7828,2430.34
557,11,1,1,11.7767,2396.35
561,11,1,1,11.77,2349.83
628,11,1,1,11.7655,2324.18
609,11,1,1,11.7528,2247.52
423,11,1,1,11.7469,2191.2
419,11,1,1,11.7422,2156.76
418,11,1,1,11.7269,2071.84
2139,11,1,1,11.723,2050.41
2138,11,1,1,11.7046,1948.97
411,11,1,1,11.691,1874.15
412,11,1,1,11.6885,1855.14
398,11,1,1,11.6751,1780.81
410,11,1,1,11.6748,1779.61
110,11,1,2,12.2454,5064.79,0,0,0
1968,11,1,2,12.2303,4983.75
114,11,1,2,12.2251,4949.43
1719,11,1,2,12.1821,4722.82
1718,11,1,2,12.1666,4635.77
129,11,1,2,12.1422,4499.9
134,11,1,2,12.1358,4465.51
133,11,1,2,12.123,4397.31
138,11,1,2,12.1021,4292.72
184,11,1,2,12.0829,4191.76
440,11,1,2,12.0662,4100.57
451,11,1,2,12.0474,4004.86
1716,11,1,2,12.045,3988.43
462,11,1,2,12.0346,3936.01
1990,11,1,2,12.0268,3882.98
452,11,1,2,12.0218,3850.54
453,11,1,2,12.0104,3763.36
455,11,1,2,11.998,3693.43
454,11,1,2,11.9952,3677.82
457,11,1,2,11.9885,3623.85
456,11,1,2,11.9833,3594.41
458,11,1,2,11.9739,3533.26
459,11,1,2,11.9679,3488.16
1543,11,1,2,11.9586,3425.93
710,11,1,2,11.9389,3310.88
501,11,2,0,14.2096,1510.92,0.107,466.702,0.18,1
502,11,2,0,14.2044,1485.38
473,11,2,0,14.1965,1446.3
2141,11,2,0,14.1963,1445.32
1750,11,2,0,14.192,1424.02
477,11,2,0,14.1875,1400.71
453,11,2,0,14.1585,1243.21
446,11,2,0,14.1502,1195.77
442,11,2,0,14.1385,1137.28
1857,11,2,0,14.1297,1091.26
441,11,2,0,14.1236,1062.09
185,11,2,0,14.1126,1004.16
177,11,2,0,14.1003,938.786
184,11,2,0,14.0803,829.279
138,11,2,0,14.0636,739.414
133,11,2,0,14.0497,664.29
134,11,2,0,14.0421,612.333
129,11,2,0,14.035,574.749
1718,11,2,0,14.0091,432.78
1720,11,2,0,14.002,394.625
1719,11,2,0,13.9893,321.152
114,11,2,0,13.9516,117.424
1968,11,2,0,13.9448,79.7523
110,11,2,0,13.93,0
110,11,2,1,14.5903,3466.82,0,0,0
111,11,2,1,14.588,3450.94
1968,11,2,1,14.5785,3386.26
114,11,2,1,14.573,3351.53
1719,11,2,1,14.535,3146.49
1720,11,2,1,14.5199,3064.02
1718,11,2,1,14.5142,3031.47
129,11,2,1,14.489,2892.4
134,11,2,1,14.4829,2859.44
133,11,2,1,14.4705,2792.91
138,11,2,1,14.4497,2688.33
184,11,2,1,14.4333,2599.79
440,11,2,1,14.4175,2512.17
451,11,2,1,14.4009,2425.97
1716,11,2,1,14.3985,2409.55
462,11,2,1,14.3894,2362.47
1990,11,2,1,14.3823,2309.78
463,11,2,1,14.3636,2213.26
474,11,2,1,14.3483,2134.02
2140,11,2,1,14.3393,2092.69
2141,11,2,1,14.3314,2049.48
473,11,2,1,14.3312,2048.2
502,11,2,1,14.3221,2004.3
501,11,2,1,14.3166,1977.62
