Node, Individual, Route,Segment, Travel time, Travel cost, Attention time, Attention cost, Failure rate, Demand
410,0,0,0,11.9622,1462.66,0.0726667,316.95,0.06,1
398,0,0,0,11.9619,1461.45
397,0,0,0,11.9493,1392.89
390,0,0,0,11.9298,1291.33
382,0,0,0,11.9125,1199.86
376,0,0,0,11.8945,1103.09
369,0,0,0,11.875,998.232
360,0,0,0,11.8527,878.986
361,0,0,0,11.8401,809.873
128,0,0,0,11.7796,481.115
126,0,0,0,11.7723,442.296
125,0,0,0,11.766,408.059
118,0,0,0,11.7331,231.019
1968,0,0,0,11.7053,81.9493
110,0,0,0,11.69,0
1402,0,0,1,12.4452,3950.11,0.085,370.744,0.2,2
1390,0,0,1,12.435,3895.71
1382,0,0,1,12.4126,3778.6
1362,0,0,1,12.3932,3673.78
1361,0,0,1,12.3887,3649.26
1354,0,0,1,12.3887,3649.07
2188,0,0,1,12.3823,3615.31
2075,0,0,1,12.3613,3507.36
1822,0,0,1,12.3605,3503.36
1353,0,0,1,12.3515,3457.62
2118,0,0,1,12.33,3341.45
2117,0,0,1,12.3275,3316.82
2164,0,0,1,12.3102,3203.67
1307,0,0,1,12.2936,3116.68
1302,0,0,1,12.277,3026.44
949,0,0,1,12.2542,2903.64
2025,0,0,1,12.2508,2886.18
1598,0,0,1,12.2474,2867.22
948,0,0,1,12.2406,2832.53
928,0,0,1,12.229,2769.48
923,0,0,1,12.1927,2588.73
924,0,0,1,12.1844,2549.42
914,0,0,1,12.164,2442.33
902,0,0,1,12.1578,2407.32
887,0,0,1,12.1411,2322.03
2012,0,0,1,12.1236,2230.38
884,0,0,1,12.1192,2207.45
1987,0,0,1,12.0817,2017.46
413,0,0,1,12.0624,1919.77
414,0,0,1,12.0571,1892.12
410,0,0,1,12.0348,1779.61
1016,0,0,2,12.7955,5698.77,0.0438333,191.188,0.28,3
2029,0,0,2,12.789,5665.75
1043,0,0,2,12.7889,5665.34
2158,0,0,2,12.7798,5621.19
2030,0,0,2,12.7759,5601.35
1041,0,0,2,12.7711,5576.37
1059,0,0,2,12.763,5534.52
1058,0,0,2,12.7578,5508.47
1056,0,0,2,12.7513,5474.03
1072,0,0,2,12.7337,5383.13
1071,0,0,2,12.7255,5341.02
1090,0,0,2,12.7173,5296.38
1089,0,0,2,12.7106,5260.53
1119,0,0,2,12.7036,5221.29
1118,0,0,2,12.6968,5185.09
2044,0,0,2,12.6807,5101.85
2169,0,0,2,12.6741,5066.97
2171,0,0,2,12.6699,5044.83
2046,0,0,2,12.6637,5013.6
1778,0,0,2,12.6383,4885.09
1327,0,0,2,12.6271,4824.32
1343,0,0,2,12.6265,4821.58
1355,0,0,2,12.6017,4690.77
1364,0,0,2,12.6017,4690.56
1362,0,0,2,12.5915,4636.93
1382,0,0,2,12.562,4489.33
1390,0,0,2,12.5411,4378.7
1402,0,0,2,12.5302,4320.85
710,0,0,3,13.0017,6815.76,0.0466667,203.546,0.45,4
1543,0,0,3,12.9793,6691.56
715,0,0,3,12.9745,6647.41
714,0,0,3,12.9705,6623.26
726,0,0,3,12.9703,6621.4
529,0,0,3,12.9562,6521.75
605,0,0,3,12.9413,6425.08
603,0,0,3,12.935,6392.01
2202,0,0,3,12.9316,6371.22
602,0,0,3,12.9272,6345.93
1851,0,0,3,12.9164,6275.39
1852,0,0,3,12.9115,6251.31
706,0,0,3,12.8983,6186.8
991,0,0,3,12.8865,6126.72
2028,0,0,3,12.8758,6074.05
1012,0,0,3,12.8623,6005.34
1045,0,0,3,12.8468,5929.59
1043,0,0,3,12.8437,5913.73
2029,0,0,3,12.8436,5913.32
1016,0,0,3,12.8394,5889.95
501,0,0,4,13.1707,7687.73,0.0531667,231.897,0.2,5
1747,0,0,4,13.1648,7658.71
505,0,0,4,13.1583,7627.22
506,0,0,4,13.1441,7559.45
507,0,0,4,13.1372,7526.06
510,0,0,4,13.1284,7483.31
509,0,0,4,13.1245,7463.11
508,0,0,4,13.1191,7434.34
512,0,0,4,13.1109,7393.3
511,0,0,4,13.1077,7376.55
2145,0,0,4,13.107,7373.34
2146,0,0,4,13.0959,7311.58
529,0,0,4,13.092,7275.53
726,0,0,4,13.0759,7173.99
714,0,0,4,13.0757,7172.11
1543,0,0,4,13.0699,7139.68
710,0,0,4,13.0484,7019.31
110,0,0,5,13.496,9380.4,0,0,0
1968,0,0,5,13.4809,9299.59
114,0,0,5,13.4751,9264.41
1719,0,0,5,13.4398,9071.14
1718,0,0,5,13.4217,8972.6
129,0,0,5,13.3978,8838.85
134,0,0,5,13.3928,8810.34
133,0,0,5,13.3808,8745.51
138,0,0,5,13.36,8640.92
184,0,0,5,13.3432,8550.54
440,0,0,5,13.3206,8434.16
451,0,0,5,13.3043,8348.74
1716,0,0,5,13.3019,8332.31
462,0,0,5,13.2947,8293.49
1990,0,0,5,13.2869,8240.45
463,0,0,5,13.2697,8150.42
474,0,0,5,13.2558,8077.43
2140,0,0,5,13.2477,8039.59
2141,0,0,5,13.2395,7994.61
473,0,0,5,13.2393,7993.85
502,0,0,5,13.2303,7949.95
501,0,0,5,13.2238,7919.63
501,1,0,0,11.7939,1433.41,0.0743333,324.22,0.22,1
502,1,0,0,11.7886,1407.87
473,1,0,0,11.779,1361.69
2141,1,0,0,11.7788,1360.71
2140,1,0,0,11.7704,1314.68
475,1,0,0,11.7675,1299.26
474,1,0,0,11.7634,1278.25
463,1,0,0,11.7486,1201.35
1990,1,0,0,11.7351,1126.94
462,1,0,0,11.7264,1072.9
461,1,0,0,11.724,1058.4
1716,1,0,0,11.7158,1015.28
451,1,0,0,11.7114,992.322
440,1,0,0,11.6954,908.617
184,1,0,0,11.6785,816.223
138,1,0,0,11.6628,730.3
133,1,0,0,11.6485,653.53
134,1,0,0,11.6409,601.574
129,1,0,0,11.6333,561.93
1718,1,0,0,11.6069,417.674
1719,1,0,0,11.5902,325.295
114,1,0,0,11.5523,120.486
1968,1,0,0,11.5453,81.9493
110,1,0,0,11.53,0
710,1,0,1,11.998,2453.47,0.0443333,193.369,0.36,2
1543,1,0,1,11.9766,2333.21
459,1,0,1,11.9663,2269.8
488,1,0,1,11.9376,2112.91
2144,1,0,1,11.9209,2022.7
486,1,0,1,11.9196,2016.25
482,1,0,1,11.912,1976.94
2142,1,0,1,11.9069,1949.91
2143,1,0,1,11.9065,1948.14
480,1,0,1,11.9061,1946.24
478,1,0,1,11.9019,1924.17
477,1,0,1,11.8938,1881.98
1750,1,0,1,11.89,1861.72
2141,1,0,1,11.8836,1831.93
473,1,0,1,11.8834,1830.73
502,1,0,1,11.8743,1786.83
501,1,0,1,11.8682,1757.63
1016,1,0,2,12.1692,3369.07,0.0438333,191.188,0.28,3
1548,1,0,2,12.1623,3333.03
1012,1,0,2,12.158,3310.61
1014,1,0,2,12.1576,3308.41
989,1,0,2,12.1471,3252.55
990,1,0,2,12.1371,3202.29
704,1,0,2,12.1257,3144.55
2179,1,0,2,12.1255,3143.68
662,1,0,2,12.1193,3114.04
602,1,0,2,12.1084,3046.34
599,1,0,2,12.1045,3024.12
605,1,0,2,12.1006,3000.37
529,1,0,2,12.0834,2900.36
726,1,0,2,12.0686,2800.27
714,1,0,2,12.0684,2798.41
1543,1,0,2,12.0642,2768.44
710,1,0,2,12.0424,2646.84
1402,1,0,3,12.4763,4918.69,0.085,370.744,0.2,4
1390,1,0,3,12.4662,4864.29
1382,1,0,3,12.443,4743.98
1362,1,0,3,12.4191,4619.7
1361,1,0,3,12.4142,4593.25
1354,1,0,3,12.4141,4593.06
1355,1,0,3,12.4078,4559.22
2076,1,0,3,12.406,4550.11
1356,1,0,3,12.4002,4518.45
1357,1,0,3,12.3994,4514.73
1349,1,0,3,12.3882,4456.01
1348,1,0,3,12.3872,4450.96
1340,1,0,3,12.3867,4448.42
1339,1,0,3,12.3807,4417.99
1329,1,0,3,12.3678,4351.43
1158,1,0,3,12.3537,4278.91
2048,1,0,3,12.3334,4171.91
1131,1,0,3,12.3282,4144.68
1130,1,0,3,12.3224,4115.75
1129,1,0,3,12.303,4024.95
1121,1,0,3,12.2837,3925.02
1095,1,0,3,12.2757,3886.22
1093,1,0,3,12.268,3845.49
1074,1,0,3,12.2614,3809.29
1077,1,0,3,12.2511,3755.24
1080,1,0,3,12.2378,3688.79
1079,1,0,3,12.2301,3650.11
1061,1,0,3,12.2259,3628.82
1063,1,0,3,12.2225,3611.01
1062,1,0,3,12.2214,3603.94
2159,1,0,3,12.2212,3603.04
1045,1,0,3,12.2205,3599.89
1043,1,0,3,12.2174,3584.03
2029,1,0,3,12.2173,3583.62
1016,1,0,3,12.2131,3560.25
410,1,0,4,12.972,7451.77,0.109667,478.333,0.09,5
1986,1,0,4,12.9464,7326.03
883,1,0,4,12.9171,7172.67
882,1,0,4,12.9054,7109.1
2155,1,0,4,12.9016,7090.37
901,1,0,4,12.8681,6915.07
902,1,0,4,12.8543,6841.86
904,1,0,4,12.8396,6764.46
925,1,0,4,12.8168,6639.44
2019,1,0,4,12.8109,6610.13
929,1,0,4,12.8105,6608.15
938,1,0,4,12.7984,6542.02
950,1,0,4,12.7824,6460.99
951,1,0,4,12.776,6427.74
949,1,0,4,12.7644,6368.45
1302,1,0,4,12.7377,6228.78
1307,1,0,4,12.7225,6145
1308,1,0,4,12.7109,6083.95
1309,1,0,4,12.6935,5993.85
1314,1,0,4,12.6929,5990.98
2165,1,0,4,12.6739,5892.71
2071,1,0,4,12.6543,5786.86
1359,1,0,4,12.6344,5679.63
1370,1,0,4,12.6334,5675.18
1360,1,0,4,12.6107,5550.16
1382,1,0,4,12.5932,5457.91
1390,1,0,4,12.5723,5347.28
1402,1,0,4,12.5613,5289.44
110,1,0,5,13.3639,9505.78,0,0,0
1968,1,0,5,13.3488,9424.98
1969,1,0,5,13.3367,9348.63
115,1,0,5,13.3342,9334.21
2113,1,0,5,13.3294,9308.14
2133,1,0,5,13.2094,8630.62
366,1,0,5,13.2057,8603.99
2134,1,0,5,13.1947,8542.45
2136,1,0,5,13.1828,8477.53
393,1,0,5,13.1537,8325.64
401,1,0,5,13.1389,8247.18
400,1,0,5,13.1128,8104.08
411,1,0,5,13.0985,8029.53
412,1,0,5,13.0964,8010.02
398,1,0,5,13.082,7931.31
410,1,0,5,13.0817,7930.1
410,2,0,0,11.7022,1462.66,0.0726667,316.95,0.06,1
398,2,0,0,11.7019,1461.45
397,2,0,0,11.6893,1392.89
390,2,0,0,11.6698,1291.33
382,2,0,0,11.6525,1199.86
376,2,0,0,11.6345,1103.09
369,2,0,0,11.615,998.232
360,2,0,0,11.5927,878.986
361,2,0,0,11.5801,809.873
128,2,0,0,11.5196,481.115
126,2,0,0,11.5123,442.296
125,2,0,0,11.506,408.059
118,2,0,0,11.4731,231.019
1968,2,0,0,11.4453,81.9493
110,2,0,0,11.43,0
710,2,0,1,11.9946,3117.52,0.0443333,193.369,0.36,2
1543,2,0,1,11.9731,2997.25
715,2,0,1,11.9683,2952.99
714,2,0,1,11.9644,2928.98
726,2,0,1,11.9642,2927.1
529,2,0,1,11.9505,2827.61
605,2,0,1,11.9357,2731
603,2,0,1,11.9306,2703.02
604,2,0,1,11.9263,2679.88
596,2,0,1,11.9262,2678.91
580,2,0,1,11.9178,2620.63
574,2,0,1,11.9005,2527.39
573,2,0,1,11.8905,2471.49
564,2,0,1,11.8828,2430.34
557,2,0,1,11.8767,2396.35
561,2,0,1,11.87,2349.83
628,2,0,1,11.8655,2324.18
609,2,0,1,11.8528,2247.52
423,2,0,1,11.8469,2191.2
419,2,0,1,11.8422,2156.76
418,2,0,1,11.8269,2071.84
2139,2,0,1,11.823,2050.41
2138,2,0,1,11.8046,1948.97
411,2,0,1,11.791,1874.15
412,2,0,1,11.7885,1855.14
398,2,0,1,11.7751,1780.81
410,2,0,1,11.7748,1779.61
1402,2,0,2,12.4187,5338.74,0.085,370.744,0.2,3
1390,2,0,2,12.4086,5284.34
1382,2,0,2,12.3861,5167.23
1362,2,0,2,12.3668,5062.4
1361,2,0,2,12.3623,5037.88
1354,2,0,2,12.3623,5037.69
1355,2,0,2,12.3568,5007.65
2076,2,0,2,12.355,4998.54
1356,2,0,2,12.3462,4954.1
1357,2,0,2,12.3454,4950.38
1349,2,0,2,12.3321,4882.98
1348,2,0,2,12.3313,4878.64
1340,2,0,2,12.3308,4876.09
1339,2,0,2,12.3246,4844.97
1329,2,0,2,12.3122,4780.37
1158,2,0,2,12.2949,4694.54
2048,2,0,2,12.2746,4587.66
1131,2,0,2,12.2694,4560.43
1130,2,0,2,12.2636,4531.5
1129,2,0,2,12.2443,4440.71
1121,2,0,2,12.225,4340.78
1095,2,0,2,12.2169,4301.97
1093,2,0,2,12.2092,4261.25
1074,2,0,2,12.2026,4225.05
1077,2,0,2,12.1923,4170.99
1080,2,0,2,12.179,4104.54
1079,2,0,2,12.1714,4065.86
1061,2,0,2,12.1671,4044.57
1063,2,0,2,12.1637,4026.76
1062,2,0,2,12.1626,4019.69
2159,2,0,2,12.1625,4018.79
1045,2,0,2,12.1618,4015.64
1012,2,0,2,12.1545,3974.66
1014,2,0,2,12.1541,3972.45
989,2,0,2,12.1436,3916.59
990,2,0,2,12.1336,3866.33
704,2,0,2,12.1223,3808.59
2179,2,0,2,12.1221,3807.73
662,2,0,2,12.1159,3778.08
602,2,0,2,12.1049,3710.39
599,2,0,2,12.101,3688.16
605,2,0,2,12.0972,3664.41
529,2,0,2,12.0799,3564.4
726,2,0,2,12.0652,3464.31
714,2,0,2,12.065,3462.45
1543,2,0,2,12.0607,3432.49
710,2,0,2,12.0389,3310.88
1016,2,0,3,12.7691,7087.39,0.0438333,191.188,0.28,4
2029,2,0,3,12.7626,7054.38
1043,2,0,3,12.7625,7053.96
2158,2,0,3,12.7534,7009.82
2030,2,0,3,12.7494,6989.98
1041,2,0,3,12.7447,6964.99
1059,2,0,3,12.7365,6923.15
1058,2,0,3,12.7313,6897.09
1056,2,0,3,12.7249,6862.66
1072,2,0,3,12.7073,6771.76
1071,2,0,3,12.6991,6729.65
1090,2,0,3,12.6909,6685.01
1089,2,0,3,12.6842,6649.15
1119,2,0,3,12.6771,6609.92
1118,2,0,3,12.6703,6573.72
2044,2,0,3,12.6542,6490.47
2169,2,0,3,12.6477,6455.59
2171,2,0,3,12.6435,6433.46
2046,2,0,3,12.6373,6402.23
1778,2,0,3,12.6119,6273.72
1327,2,0,3,12.6006,6212.94
1343,2,0,3,12.6,6210.21
1355,2,0,3,12.5753,6079.39
1364,2,0,3,12.5752,6079.18
1362,2,0,3,12.565,6025.55
1382,2,0,3,12.5356,5877.96
1390,2,0,3,12.5147,5767.32
1402,2,0,3,12.5037,5709.48
501,2,0,4,13.0036,8204.08,0.0531667,231.897,0.2,5
1747,2,0,4,12.9969,8171.47
1746,2,0,4,12.9677,8026.97
1745,2,0,4,12.9568,7972.91
1844,2,0,4,12.9362,7872.68
575,2,0,4,12.9335,7856.62
571,2,0,4,12.9297,7836.65
570,2,0,4,12.9251,7814.32
569,2,0,4,12.9194,7786.73
640,2,0,4,12.9141,7759.71
649,2,0,4,12.9076,7728.37
646,2,0,4,12.9012,7697.49
691,2,0,4,12.8934,7660.73
689,2,0,4,12.8696,7549.84
979,2,0,4,12.8599,7505.8
980,2,0,4,12.8547,7479.73
978,2,0,4,12.8511,7461.24
1010,2,0,4,12.8354,7381.09
1016,2,0,4,12.8129,7278.58
110,2,0,5,13.3289,9896.75,0,0,0
1968,2,0,5,13.3139,9815.95
114,2,0,5,13.308,9780.76
1719,2,0,5,13.2727,9587.5
1718,2,0,5,13.2547,9488.96
129,2,0,5,13.2307,9355.21
134,2,0,5,13.2258,9326.7
133,2,0,5,13.2138,9261.86
138,2,0,5,13.1929,9157.28
184,2,0,5,13.1761,9066.89
440,2,0,5,13.1536,8950.51
451,2,0,5,13.1372,8865.09
1716,2,0,5,13.1348,8848.67
462,2,0,5,13.1276,8809.85
1990,2,0,5,13.1198,8756.81
463,2,0,5,13.1026,8666.78
474,2,0,5,13.0888,8593.78
2140,2,0,5,13.0806,8555.95
2141,2,0,5,13.0724,8510.97
473,2,0,5,13.0722,8510.21
502,2,0,5,13.0632,8466.31
501,2,0,5,13.0568,8435.98
710,3,0,0,11.7084,1682.36,0.0443333,193.369,0.36,1
1543,3,0,0,11.6833,1546.36
459,3,0,0,11.6734,1483.42
458,3,0,0,11.6664,1437.75
456,3,0,0,11.6572,1376.86
457,3,0,0,11.6518,1346.64
454,3,0,0,11.6442,1292.68
455,3,0,0,11.6418,1278.37
453,3,0,0,11.6326,1212.8
446,3,0,0,11.624,1164.09
442,3,0,0,11.6158,1120.37
1857,3,0,0,11.6074,1076.3
441,3,0,0,11.6025,1051.98
185,3,0,0,11.5915,993.794
177,3,0,0,11.5789,927.553
184,3,0,0,11.5585,816.223
138,3,0,0,11.5428,730.3
133,3,0,0,11.5285,653.53
134,3,0,0,11.5209,601.574
129,3,0,0,11.5133,561.93
1718,3,0,0,11.4869,417.674
1719,3,0,0,11.4702,325.295
114,3,0,0,11.4323,120.486
1968,3,0,0,11.4253,81.9493
110,3,0,0,11.41,0
410,3,0,1,11.9919,3297.46,0.0726667,316.95,0.06,2
398,3,0,1,11.9917,3296.25
397,3,0,1,11.9813,3236.47
399,3,0,1,11.9648,3146.48
411,3,0,1,11.9503,3066.94
1537,3,0,1,11.9222,2908.63
418,3,0,1,11.9169,2880.17
419,3,0,1,11.9006,2791.05
423,3,0,1,11.8959,2756.6
609,3,0,1,11.89,2700.28
628,3,0,1,11.8774,2623.84
561,3,0,1,11.8733,2598.8
557,3,0,1,11.8653,2550.72
554,3,0,1,11.8637,2542.26
565,3,0,1,11.8561,2499.32
573,3,0,1,11.8508,2472.73
574,3,0,1,11.8418,2420.94
580,3,0,1,11.8234,2322.66
596,3,0,1,11.8173,2262.81
595,3,0,1,11.8118,2232.4
605,3,0,1,11.8106,2224.41
529,3,0,1,11.7934,2124.38
726,3,0,1,11.7775,2023.19
714,3,0,1,11.7773,2021.3
1543,3,0,1,11.7725,1990.78
710,3,0,1,11.7528,1875.73
1402,3,0,2,12.4749,5784.91,0.085,370.744,0.2,3
1390,3,0,2,12.4648,5730.52
1382,3,0,2,12.4423,5613.41
1362,3,0,2,12.423,5508.58
1361,3,0,2,12.4185,5484.06
1354,3,0,2,12.4185,5483.87
2188,3,0,2,12.412,5450.11
2075,3,0,2,12.3911,5342.16
1822,3,0,2,12.3903,5338.17
1353,3,0,2,12.3813,5292.42
2118,3,0,2,12.3598,5176.26
2117,3,0,2,12.3572,5151.63
2164,3,0,2,12.34,5038.48
1307,3,0,2,12.3234,4951.49
1302,3,0,2,12.3067,4861.24
949,3,0,2,12.284,4738.44
2025,3,0,2,12.2805,4720.99
1598,3,0,2,12.2771,4702.02
948,3,0,2,12.2704,4667.33
928,3,0,2,12.2587,4604.29
923,3,0,2,12.2225,4423.53
924,3,0,2,12.2142,4384.22
914,3,0,2,12.1938,4277.13
902,3,0,2,12.1875,4242.13
887,3,0,2,12.1709,4156.83
2012,3,0,2,12.1534,4065.19
884,3,0,2,12.1489,4042.25
1987,3,0,2,12.1115,3852.27
413,3,0,2,12.0922,3754.57
414,3,0,2,12.0869,3726.93
410,3,0,2,12.0646,3614.41
1016,3,0,3,12.8253,7533.57,0.0438333,191.188,0.28,4
2029,3,0,3,12.8188,7500.56
1043,3,0,3,12.8187,7500.14
2158,3,0,3,12.8096,7455.99
2030,3,0,3,12.8056,7436.16
1041,3,0,3,12.8009,7411.17
1059,3,0,3,12.7927,7369.33
1058,3,0,3,12.7875,7343.27
1056,3,0,3,12.7811,7308.83
1072,3,0,3,12.7635,7217.93
1071,3,0,3,12.7553,7175.83
1090,3,0,3,12.7471,7131.19
1089,3,0,3,12.7404,7095.33
1119,3,0,3,12.7333,7056.1
1118,3,0,3,12.7265,7019.9
2044,3,0,3,12.7104,6936.65
2169,3,0,3,12.7039,6901.77
2171,3,0,3,12.6997,6879.63
2046,3,0,3,12.6935,6848.4
1778,3,0,3,12.6681,6719.89
1327,3,0,3,12.6568,6659.12
1343,3,0,3,12.6562,6656.39
1355,3,0,3,12.6315,6525.57
1364,3,0,3,12.6314,6525.36
1362,3,0,3,12.6212,6471.73
1382,3,0,3,12.5918,6324.13
1390,3,0,3,12.5708,6213.5
1402,3,0,3,12.5599,6155.66
501,3,0,4,13.0598,8650.26,0.0531667,231.897,0.2,5
1747,3,0,4,13.0531,8617.65
1746,3,0,4,13.0239,8473.15
1745,3,0,4,13.013,8419.08
1844,3,0,4,12.9924,8318.85
575,3,0,4,12.9897,8302.8
571,3,0,4,12.9859,8282.83
570,3,0,4,12.9813,8260.5
569,3,0,4,12.9756,8232.9
640,3,0,4,12.9703,8205.88
649,3,0,4,12.9638,8174.55
646,3,0,4,12.9574,8143.67
691,3,0,4,12.9496,8106.91
689,3,0,4,12.9258,7996.02
979,3,0,4,12.9161,7951.98
980,3,0,4,12.9109,7925.91
978,3,0,4,12.9073,7907.42
1010,3,0,4,12.8916,7827.27
1016,3,0,4,12.8691,7724.76
110,3,0,5,13.3851,10342.9,0,0,0
1968,3,0,5,13.37,10262.1
114,3,0,5,13.3642,10226.9
1719,3,0,5,13.3289,10033.7
1718,3,0,5,13.3108,9935.14
129,3,0,5,13.2869,9801.38
134,3,0,5,13.282,9772.88
133,3,0,5,13.27,9708.04
138,3,0,5,13.2491,9603.46
184,3,0,5,13.2323,9513.07
440,3,0,5,13.2098,9396.69
451,3,0,5,13.1934,9311.27
1716,3,0,5,13.191,9294.85
462,3,0,5,13.1838,9256.03
1990,3,0,5,13.176,9202.99
463,3,0,5,13.1588,9112.95
474,3,0,5,13.145,9039.96
2140,3,0,5,13.1368,9002.13
2141,3,0,5,13.1286,8957.15
473,3,0,5,13.1284,8956.39
502,3,0,5,13.1194,8912.49
501,3,0,5,13.113,8882.16
410,4,0,0,11.6922,1462.66,0.0726667,316.95,0.06,1
398,4,0,0,11.6919,1461.45
397,4,0,0,11.6793,1392.89
390,4,0,0,11.6598,1291.33
382,4,0,0,11.6425,1199.86
376,4,0,0,11.6245,1103.09
369,4,0,0,11.605,998.232
360,4,0,0,11.5827,878.986
361,4,0,0,11.5701,809.873
128,4,0,0,11.5096,481.115
126,4,0,0,11.5023,442.296
125,4,0,0,11.496,408.059
118,4,0,0,11.4631,231.019
1968,4,0,0,11.4353,81.9493
110,4,0,0,11.42,0
710,4,0,1,11.9846,3117.52,0.0443333,193.369,0.36,2
1543,4,0,1,11.9631,2997.25
715,4,0,1,11.9583,2952.99
714,4,0,1,11.9544,2928.98
726,4,0,1,11.9542,2927.1
529,4,0,1,11.9405,2827.61
605,4,0,1,11.9257,2731
603,4,0,1,11.9206,2703.02
604,4,0,1,11.9163,2679.88
596,4,0,1,11.9162,2678.91
580,4,0,1,11.9078,2620.63
574,4,0,1,11.8905,2527.39
573,4,0,1,11.8805,2471.49
564,4,0,1,11.8728,2430.34
557,4,0,1,11.8667,2396.35
561,4,0,1,11.86,2349.83
628,4,0,1,11.8555,2324.18
609,4,0,1,11.8428,2247.52
423,4,0,1,11.8369,2191.2
419,4,0,1,11.8322,2156.76
418,4,0,1,11.8169,2071.84
2139,4,0,1,11.813,2050.41
2138,4,0,1,11.7946,1948.97
411,4,0,1,11.781,1874.15
412,4,0,1,11.7785,1855.14
398,4,0,1,11.7651,1780.81
410,4,0,1,11.7648,1779.61
501,4,0,2,12.1553,4004.15,0.102667,447.801,0.22,3
1747,4,0,2,12.1485,3971.54
505,4,0,2,12.1434,3945.32
506,4,0,2,12.1259,3864.64
507,4,0,2,12.1186,3829.61
510,4,0,2,12.1078,3778.53
509,4,0,2,12.1026,3753.11
508,4,0,2,12.0977,3726.5
512,4,0,2,12.0899,3687.28
511,4,0,2,12.0861,3668.12
2145,4,0,2,12.0854,3664.9
2146,4,0,2,12.0738,3600.57
529,4,0,2,12.0699,3564.4
726,4,0,2,12.0552,3464.31
714,4,0,2,12.055,3462.45
1543,4,0,2,12.0507,3432.49
710,4,0,2,12.0289,3310.88
1402,4,0,3,12.6648,6528.05,0.085,370.744,0.2,4
1390,4,0,3,12.6547,6473.65
1382,4,0,3,12.6322,6356.54
1362,4,0,3,12.6129,6251.71
1361,4,0,3,12.6084,6227.19
1354,4,0,3,12.6083,6227
1355,4,0,3,12.6029,6196.96
2076,4,0,3,12.6011,6187.84
1356,4,0,3,12.5923,6143.41
1357,4,0,3,12.5915,6139.69
1349,4,0,3,12.5782,6072.29
1348,4,0,3,12.5774,6067.95
1340,4,0,3,12.5769,6065.4
1339,4,0,3,12.5707,6034.28
1329,4,0,3,12.5583,5969.68
1158,4,0,3,12.541,5883.85
2048,4,0,3,12.5208,5777.27
1131,4,0,3,12.5153,5748.9
1130,4,0,3,12.5095,5719.97
1129,4,0,3,12.4907,5631.33
1121,4,0,3,12.4714,5531.4
1095,4,0,3,12.4633,5492.59
1093,4,0,3,12.4556,5451.87
1074,4,0,3,12.4491,5415.67
1073,4,0,3,12.4373,5356.8
1057,4,0,3,12.4191,5264.11
1042,4,0,3,12.4138,5237.73
2030,4,0,3,12.4068,5200.7
1011,4,0,3,12.4067,5199.85
1547,4,0,3,12.3924,5129.73
1546,4,0,3,12.3873,5104.04
975,4,0,3,12.3841,5086.89
2026,4,0,3,12.378,5054.16
2027,4,0,3,12.3704,5018.35
1998,4,0,3,12.3604,4967.25
1997,4,0,3,12.3522,4925.17
1996,4,0,3,12.3459,4895.54
1995,4,0,3,12.3393,4863.46
1993,4,0,3,12.3342,4836.65
1994,4,0,3,12.33,4815.17
572,4,0,3,12.3229,4776.05
541,4,0,3,12.314,4729.48
540,4,0,3,12.3033,4674.57
1754,4,0,3,12.2947,4630.38
518,4,0,3,12.2861,4587.43
500,4,0,3,12.2805,4559
501,4,0,3,12.2579,4451.95
1016,4,0,4,13.0152,8276.7,0.0561667,244.982,0.25,5
2029,4,0,4,13.0086,8243.69
1043,4,0,4,13.0086,8243.27
2158,4,0,4,12.9995,8199.12
2030,4,0,4,12.9955,8179.29
1041,4,0,4,12.9908,8154.3
1059,4,0,4,12.9826,8112.46
1058,4,0,4,12.9774,8086.4
1056,4,0,4,12.971,8051.96
1072,4,0,4,12.9534,7961.06
1071,4,0,4,12.9452,7918.96
1090,4,0,4,12.9369,7874.32
1089,4,0,4,12.9303,7838.46
1119,4,0,4,12.9232,7799.23
1118,4,0,4,12.9164,7763.03
2044,4,0,4,12.9003,7679.78
2169,4,0,4,12.8938,7644.9
2171,4,0,4,12.8896,7622.76
2046,4,0,4,12.8834,7591.54
1778,4,0,4,12.858,7463.03
1327,4,0,4,12.8467,7402.25
1343,4,0,4,12.8461,7399.52
1355,4,0,4,12.8214,7268.7
1364,4,0,4,12.8213,7268.49
1362,4,0,4,12.8111,7214.86
1382,4,0,4,12.7817,7067.27
1390,4,0,4,12.7607,6956.63
1402,4,0,4,12.7498,6898.79
110,4,0,5,13.4932,10718,0,0,0
1968,4,0,5,13.4781,10637.2
114,4,0,5,13.4723,10602
1719,4,0,5,13.4367,10407.2
1718,4,0,5,13.4184,10307.8
129,4,0,5,13.3941,10172.7
134,4,0,5,13.3868,10134.3
133,4,0,5,13.3741,10066.7
138,4,0,5,13.3533,9962.14
184,4,0,5,13.3356,9867.87
440,4,0,5,13.3146,9758.01
451,4,0,5,13.2982,9672.59
1716,4,0,5,13.2958,9656.17
462,4,0,5,13.2886,9617.35
1990,4,0,5,13.2808,9564.31
463,4,0,5,13.2636,9474.27
474,4,0,5,13.2498,9401.28
2140,4,0,5,13.2416,9363.45
475,4,0,5,13.2349,9332.18
499,4,0,5,13.2271,9292.59
500,4,0,5,13.2225,9269.18
518,4,0,5,13.217,9241
1754,4,0,5,13.2038,9179.14
540,4,0,5,13.1952,9135.24
541,4,0,5,13.1845,9080.09
572,4,0,5,13.1758,9034.33
1994,4,0,5,13.1661,8984.05
1993,4,0,5,13.1618,8962.57
1995,4,0,5,13.155,8928.2
1996,4,0,5,13.1489,8898.26
1997,4,0,5,13.145,8878.36
2027,4,0,5,13.1201,8757.58
2026,4,0,5,13.1143,8729.1
978,4,0,5,13.1053,8687.1
1010,4,0,5,13.0915,8614.98
1016,4,0,5,13.0714,8521.68
710,5,0,0,13.5525,1706.65,0.0466667,203.546,0.45,1
1543,5,0,0,13.5294,1579.59
459,5,0,0,13.5202,1517.38
458,5,0,0,13.5127,1471.15
456,5,0,0,13.5034,1410.12
457,5,0,0,13.4975,1377.61
454,5,0,0,13.4898,1323.63
455,5,0,0,13.4872,1308.67
453,5,0,0,13.4785,1243.21
446,5,0,0,13.4702,1195.77
442,5,0,0,13.4585,1137.28
1857,5,0,0,13.4497,1091.26
441,5,0,0,13.4436,1062.09
185,5,0,0,13.4326,1004.16
177,5,0,0,13.4203,938.786
184,5,0,0,13.4003,829.279
138,5,0,0,13.3836,739.414
133,5,0,0,13.3697,664.29
134,5,0,0,13.3621,612.333
129,5,0,0,13.355,574.749
1718,5,0,0,13.3291,432.78
1720,5,0,0,13.322,394.625
1719,5,0,0,13.3093,321.152
114,5,0,0,13.2716,117.424
1968,5,0,0,13.2648,79.7523
110,5,0,0,13.25,0
1402,5,0,1,14.0003,4027.57,0.0816667,356.205,0.16,2
1390,5,0,1,13.9911,3977.52
1382,5,0,1,13.9609,3827.77
1362,5,0,1,13.9382,3708.77
1361,5,0,1,13.9332,3681.77
1354,5,0,1,13.9331,3681.58
1355,5,0,1,13.9206,3621.92
2076,5,0,1,13.9188,3612.81
1356,5,0,1,13.9104,3570.09
1357,5,0,1,13.9096,3566.38
1349,5,0,1,13.8961,3498.2
1348,5,0,1,13.8955,3494.87
1340,5,0,1,13.895,3492.33
1339,5,0,1,13.8897,3464.61
1329,5,0,1,13.8787,3406.27
1158,5,0,1,13.8637,3329.94
2048,5,0,1,13.8436,3223.82
1151,5,0,1,13.8338,3171.97
1134,5,0,1,13.828,3141.99
1133,5,0,1,13.823,3115.82
1122,5,0,1,13.8116,3058.27
1096,5,0,1,13.786,2931.66
1099,5,0,1,13.7812,2907
1098,5,0,1,13.7739,2870.34
1101,5,0,1,13.7545,2772.1
1082,5,0,1,13.7461,2730.13
1079,5,0,1,13.737,2683.11
1061,5,0,1,13.7327,2661.83
1063,5,0,1,13.7295,2644.99
1062,5,0,1,13.7285,2637.95
2159,5,0,1,13.7283,2636.96
1045,5,0,1,13.7276,2633.81
1012,5,0,1,13.7204,2592.83
2028,5,0,1,13.7123,2547.36
989,5,0,1,13.7089,2531.63
990,5,0,1,13.6988,2481.36
991,5,0,1,13.6963,2469.01
706,5,0,1,13.6892,2429.55
704,5,0,1,13.6866,2416.78
2179,5,0,1,13.6864,2415.92
662,5,0,1,13.6802,2386.27
602,5,0,1,13.669,2318.13
599,5,0,1,13.6645,2293.43
605,5,0,1,13.6593,2265.31
529,5,0,1,13.6428,2166.41
726,5,0,1,13.6266,2064.88
714,5,0,1,13.6264,2063
1543,5,0,1,13.6206,2030.56
710,5,0,1,13.5991,1910.19
1016,5,0,2,14.34,5736.79,0.0881667,384.556,0.22,3
2029,5,0,2,14.3356,5713.04
1043,5,0,2,14.3356,5712.63
2158,5,0,2,14.3287,5677.85
2030,5,0,2,14.3248,5658.01
1041,5,0,2,14.3196,5631.43
1059,5,0,2,14.3108,5586.59
1058,5,0,2,14.3058,5561.34
1075,5,0,2,14.2882,5471.27
1072,5,0,2,14.2782,5419.83
1071,5,0,2,14.268,5369.35
1090,5,0,2,14.262,5332.13
1089,5,0,2,14.2559,5298.81
1119,5,0,2,14.2473,5252.92
1118,5,0,2,14.2411,5219.33
2044,5,0,2,14.2259,5139.77
2169,5,0,2,14.2179,5098.75
2171,5,0,2,14.2132,5074.6
1549,5,0,2,14.2054,5034.45
1147,5,0,2,14.198,4996.06
1327,5,0,2,14.1696,4848.09
1343,5,0,2,14.169,4845.36
1355,5,0,2,14.1422,4705.94
1364,5,0,2,14.1422,4705.73
1362,5,0,2,14.1324,4653.75
1382,5,0,2,14.1123,4545.92
1390,5,0,2,14.0908,4432.75
1402,5,0,2,14.0819,4383.78
501,5,0,3,14.6177,7043.04,0.107,466.702,0.18,4
1747,5,0,3,14.608,6998.73
1746,5,0,3,14.5801,6859.39
1745,5,0,3,14.567,6796.1
1844,5,0,3,14.5491,6706.86
575,5,0,3,14.5467,6691.35
571,5,0,3,14.5438,6675.23
570,5,0,3,14.539,6651.95
569,5,0,3,14.5338,6626.63
640,5,0,3,14.5257,6587.72
649,5,0,3,14.5164,6545.19
646,5,0,3,14.5086,6508.67
691,5,0,3,14.5027,6479.77
689,5,0,3,14.4806,6375.77
979,5,0,3,14.4721,6336.17
980,5,0,3,14.4662,6307.77
978,5,0,3,14.4627,6289.58
1010,5,0,3,14.4479,6212.81
1016,5,0,3,14.4282,6121.35
110,5,0,4,14.9984,8998.94,0,0,0
111,5,0,4,14.996,8983.06
1968,5,0,4,14.9866,8918.38
114,5,0,4,14.981,8883.65
1719,5,0,4,14.9431,8678.61
1720,5,0,4,14.928,8596.14
1718,5,0,4,14.9222,8563.59
129,5,0,4,14.897,8424.52
134,5,0,4,14.891,8391.56
133,5,0,4,14.8786,8325.03
138,5,0,4,14.8577,8220.45
184,5,0,4,14.8414,8131.91
440,5,0,4,14.8256,8044.29
451,5,0,4,14.809,7958.09
1716,5,0,4,14.8066,7941.67
462,5,0,4,14.7975,7894.59
1990,5,0,4,14.7904,7841.9
463,5,0,4,14.7717,7745.38
474,5,0,4,14.7564,7666.14
2140,5,0,4,14.7473,7624.8
2141,5,0,4,14.7395,7581.6
473,5,0,4,14.7392,7580.32
502,5,0,4,14.7302,7536.42
501,5,0,4,14.7247,7509.74
410,5,1,0,11.4922,1462.66,0.0726667,316.95,0.06,1
398,5,1,0,11.4919,1461.45
397,5,1,0,11.4793,1392.89
390,5,1,0,11.4598,1291.33
382,5,1,0,11.4425,1199.86
376,5,1,0,11.4245,1103.09
369,5,1,0,11.405,998.232
360,5,1,0,11.3827,878.986
361,5,1,0,11.3701,809.873
128,5,1,0,11.3096,481.115
126,5,1,0,11.3023,442.296
125,5,1,0,11.296,408.059
118,5,1,0,11.2631,231.019
1968,5,1,0,11.2353,81.9493
110,5,1,0,11.22,0
110,5,1,1,11.8497,3360.63,0,0,0
1968,5,1,1,11.8346,3279.59
1969,5,1,1,11.8223,3203.08
115,5,1,1,11.8198,3188.51
2113,5,1,1,11.815,3162.69
2133,5,1,1,11.6941,2480.93
366,5,1,1,11.6904,2454.3
2134,5,1,1,11.6788,2390.2
2136,5,1,1,11.6663,2322.55
393,5,1,1,11.6336,2155.53
392,5,1,1,11.6156,2054.99
400,5,1,1,11.5953,1948.22
411,5,1,1,11.581,1874.15
412,5,1,1,11.5785,1855.14
398,5,1,1,11.5651,1780.81
410,5,1,1,11.5648,1779.61
410,6,0,0,13.4143,1471.19,0.074,322.766,0.11,1
398,6,0,0,13.414,1469.98
397,6,0,0,13.4032,1408.71
390,6,0,0,13.3833,1305.9
382,6,0,0,13.3669,1218.33
376,6,0,0,13.3499,1125.74
369,6,0,0,13.3301,1019.33
360,6,0,0,13.3091,906.015
361,6,0,0,13.2946,828.632
128,6,0,0,13.2395,523.193
126,6,0,0,13.231,479.066
125,6,0,0,13.2218,432.83
118,6,0,0,13.187,247.521
1968,6,0,0,13.1548,79.7523
110,6,0,0,13.14,0
1016,6,0,1,13.7027,2978.6,0.0561667,244.982,0.25,2
1010,6,0,1,13.6936,2930.95
2026,6,0,1,13.6662,2797.16
2027,6,0,1,13.6611,2771.32
1998,6,0,1,13.6507,2718.62
1997,6,0,1,13.6421,2675.01
1996,6,0,1,13.6362,2646.71
1995,6,0,1,13.628,2608.39
1993,6,0,1,13.6189,2564.72
1994,6,0,1,13.6146,2543.23
562,6,0,1,13.6051,2494.18
563,6,0,1,13.6014,2475.26
564,6,0,1,13.5957,2444.42
557,6,0,1,13.5898,2411.34
561,6,0,1,13.5831,2364.8
628,6,0,1,13.5788,2339.43
609,6,0,1,13.5666,2263.63
423,6,0,1,13.5607,2207.31
419,6,0,1,13.5554,2172.47
418,6,0,1,13.5371,2074.91
2139,6,0,1,13.5338,2055.44
2138,6,0,1,13.5174,1962.7
411,6,0,1,13.5051,1893.38
412,6,0,1,13.503,1873.87
398,6,0,1,13.4886,1795.16
410,6,0,1,13.4883,1793.95
1402,6,0,2,14.0235,4590.97,0.0816667,356.205,0.16,3
1390,6,0,2,14.0144,4540.91
1382,6,0,2,13.9889,4410.86
1362,6,0,2,13.9683,4300.86
1361,6,0,2,13.9641,4277.69
1354,6,0,2,13.9641,4277.5
1355,6,0,2,13.9576,4243
2076,6,0,2,13.9558,4233.89
1356,6,0,2,13.9482,4194.54
1357,6,0,2,13.9474,4190.82
1349,6,0,2,13.9347,4125.87
1348,6,0,2,13.9341,4122.44
1340,6,0,2,13.9336,4119.9
1339,6,0,2,13.928,4091.16
1330,6,0,2,13.9073,3982.42
1161,6,0,2,13.8979,3934.51
1162,6,0,2,13.8879,3881.51
1136,6,0,2,13.8692,3783.31
1138,6,0,2,13.8625,3748.95
1137,6,0,2,13.8566,3717.85
1123,6,0,2,13.8429,3651.7
1775,6,0,2,13.8343,3607.71
1102,6,0,2,13.8186,3528.52
1100,6,0,2,13.8044,3459.13
1101,6,0,2,13.7934,3402.48
1082,6,0,2,13.785,3360.52
1079,6,0,2,13.7759,3313.5
1061,6,0,2,13.7716,3292.21
1063,6,0,2,13.7684,3275.37
1062,6,0,2,13.7674,3268.33
2159,6,0,2,13.7672,3267.35
1045,6,0,2,13.7665,3264.2
1043,6,0,2,13.7632,3247.52
2029,6,0,2,13.7631,3247.1
1016,6,0,2,13.7588,3223.58
501,6,0,3,14.5255,7106.11,0.107,466.702,0.18,4
1747,6,0,3,14.5195,7076.89
1746,6,0,3,14.4909,6934.48
540,6,0,3,14.4739,6848.54
541,6,0,3,14.4614,6786.03
572,6,0,3,14.4509,6732.79
567,6,0,3,14.4408,6679.38
565,6,0,3,14.4386,6665.89
562,6,0,3,14.4319,6631.38
639,6,0,3,14.4285,6613.94
638,6,0,3,14.4228,6584.27
637,6,0,3,14.4178,6559.24
685,6,0,3,14.4068,6505.46
687,6,0,3,14.4016,6479.43
971,6,0,3,14.3869,6410.53
972,6,0,3,14.3796,6374.32
973,6,0,3,14.3649,6305.19
1008,6,0,3,14.3552,6257.09
1009,6,0,3,14.343,6195.51
1041,6,0,3,14.3429,6194.82
1059,6,0,3,14.334,6149.99
1058,6,0,3,14.329,6124.74
1075,6,0,3,14.3115,6034.67
1072,6,0,3,14.3015,5983.22
1071,6,0,3,14.2913,5932.75
1090,6,0,3,14.2852,5895.53
1089,6,0,3,14.2791,5862.2
1119,6,0,3,14.2705,5816.31
1118,6,0,3,14.2643,5782.73
2044,6,0,3,14.2491,5703.16
2169,6,0,3,14.2411,5662.14
2171,6,0,3,14.2364,5637.99
1549,6,0,3,14.2287,5597.84
1147,6,0,3,14.2212,5559.46
1327,6,0,3,14.1928,5411.48
1343,6,0,3,14.1922,5408.75
1355,6,0,3,14.1655,5269.33
1364,6,0,3,14.1654,5269.12
1362,6,0,3,14.1556,5217.14
1382,6,0,3,14.1356,5109.31
1390,6,0,3,14.1141,4996.14
1402,6,0,3,14.1052,4947.17
110,6,0,4,14.9062,9062.01,0,0,0
111,6,0,4,14.9038,9046.13
1968,6,0,4,14.8944,8981.46
114,6,0,4,14.8888,8946.72
1719,6,0,4,14.8508,8741.69
1720,6,0,4,14.8358,8659.22
1718,6,0,4,14.83,8626.67
129,6,0,4,14.8048,8487.6
134,6,0,4,14.7988,8454.63
133,6,0,4,14.7864,8388.1
138,6,0,4,14.7655,8283.52
184,6,0,4,14.7492,8194.98
440,6,0,4,14.7333,8107.36
451,6,0,4,14.7168,8021.16
1716,6,0,4,14.7144,8004.74
462,6,0,4,14.7052,7957.67
1990,6,0,4,14.6982,7904.97
463,6,0,4,14.6795,7808.45
474,6,0,4,14.6641,7729.21
2140,6,0,4,14.6551,7687.88
2141,6,0,4,14.6473,7644.68
473,6,0,4,14.647,7643.39
502,6,0,4,14.638,7599.49
501,6,0,4,14.6325,7572.81
710,6,1,0,11.7784,1682.36,0.0443333,193.369,0.36,1
1543,6,1,0,11.7533,1546.36
459,6,1,0,11.7434,1483.42
458,6,1,0,11.7364,1437.75
456,6,1,0,11.7272,1376.86
457,6,1,0,11.7218,1346.64
454,6,1,0,11.7142,1292.68
455,6,1,0,11.7118,1278.37
453,6,1,0,11.7026,1212.8
446,6,1,0,11.694,1164.09
442,6,1,0,11.6858,1120.37
1857,6,1,0,11.6774,1076.3
441,6,1,0,11.6725,1051.98
185,6,1,0,11.6615,993.794
177,6,1,0,11.6489,927.553
184,6,1,0,11.6285,816.223
138,6,1,0,11.6128,730.3
133,6,1,0,11.5985,653.53
134,6,1,0,11.5909,601.574
129,6,1,0,11.5833,561.93
1718,6,1,0,11.5569,417.674
1719,6,1,0,11.5402,325.295
114,6,1,0,11.5023,120.486
1968,6,1,0,11.4953,81.9493
110,6,1,0,11.48,0
110,6,1,1,12.1292,3629.63,0,0,0
1968,6,1,1,12.1141,3548.6
114,6,1,1,12.1089,3514.27
1719,6,1,1,12.0659,3287.66
1718,6,1,1,12.0505,3200.61
129,6,1,1,12.026,3064.75
134,6,1,1,12.0196,3030.36
133,6,1,1,12.0068,2962.15
138,6,1,1,11.986,2857.57
184,6,1,1,11.9667,2756.61
440,6,1,1,11.9501,2665.42
451,6,1,1,11.9313,2569.71
1716,6,1,1,11.9289,2553.28
462,6,1,1,11.9185,2500.86
1990,6,1,1,11.9106,2447.83
452,6,1,1,11.9056,2415.39
453,6,1,1,11.8943,2328.21
455,6,1,1,11.8819,2258.28
454,6,1,1,11.879,2242.66
457,6,1,1,11.8723,2188.7
456,6,1,1,11.8672,2159.26
458,6,1,1,11.8577,2098.11
459,6,1,1,11.8518,2053.01
1543,6,1,1,11.8425,1990.78
710,6,1,1,11.8228,1875.73
410,7,0,0,13.4143,1471.19,0.074,322.766,0.11,1
398,7,0,0,13.414,1469.98
397,7,0,0,13.4032,1408.71
390,7,0,0,13.3833,1305.9
382,7,0,0,13.3669,1218.33
376,7,0,0,13.3499,1125.74
369,7,0,0,13.3301,1019.33
360,7,0,0,13.3091,906.015
361,7,0,0,13.2946,828.632
128,7,0,0,13.2395,523.193
126,7,0,0,13.231,479.066
125,7,0,0,13.2218,432.83
118,7,0,0,13.187,247.521
1968,7,0,0,13.1548,79.7523
110,7,0,0,13.14,0
1402,7,0,1,13.9149,4038.37,0.1085,473.244,0.18,2
1390,7,0,1,13.9057,3988.31
1389,7,0,1,13.8795,3847.36
1388,7,0,1,13.8594,3752.17
1323,7,0,1,13.8587,3748.39
2072,7,0,1,13.8345,3630.82
1317,7,0,1,13.8147,3524.14
2071,7,0,1,13.804,3460.08
2165,7,0,1,13.7817,3342.68
1314,7,0,1,13.7649,3253.68
2163,7,0,1,13.7502,3173.84
2023,7,0,1,13.7218,3022.47
1787,7,0,1,13.7137,2981.18
1788,7,0,1,13.7129,2977.48
943,7,0,1,13.697,2896.83
934,7,0,1,13.6882,2848.99
933,7,0,1,13.6779,2795.06
936,7,0,1,13.6773,2792.12
1737,7,0,1,13.6658,2728.89
917,7,0,1,13.649,2645.65
916,7,0,1,13.6489,2644.75
906,7,0,1,13.623,2511.66
889,7,0,1,13.6108,2449.74
890,7,0,1,13.6013,2401.78
2013,7,0,1,13.5783,2283.62
1988,7,0,1,13.5593,2183.84
416,7,0,1,13.5378,2077.27
2139,7,0,1,13.5338,2055.44
2138,7,0,1,13.5174,1962.7
411,7,0,1,13.5051,1893.38
412,7,0,1,13.503,1873.87
398,7,0,1,13.4886,1795.16
410,7,0,1,13.4883,1793.95
1016,7,0,2,14.2814,5864.63,0.0881667,384.556,0.22,3
2029,7,0,2,14.277,5840.88
1043,7,0,2,14.277,5840.46
2158,7,0,2,14.2701,5805.68
2030,7,0,2,14.2662,5785.85
1041,7,0,2,14.261,5759.26
1059,7,0,2,14.2522,5714.43
1058,7,0,2,14.2472,5689.18
1075,7,0,2,14.2297,5599.11
1072,7,0,2,14.2196,5547.66
1071,7,0,2,14.2095,5497.19
1090,7,0,2,14.2034,5459.97
1089,7,0,2,14.1973,5426.64
1119,7,0,2,14.1887,5380.76
1118,7,0,2,14.1825,5347.17
2044,7,0,2,14.1673,5267.61
2169,7,0,2,14.1593,5226.59
2171,7,0,2,14.1546,5202.43
1549,7,0,2,14.1468,5162.28
1147,7,0,2,14.1394,5123.9
1327,7,0,2,14.111,4975.93
1343,7,0,2,14.1104,4973.19
1355,7,0,2,14.0836,4833.77
1364,7,0,2,14.0836,4833.56
1362,7,0,2,14.0738,4781.58
1382,7,0,2,14.0537,4673.75
1390,7,0,2,14.0322,4560.58
1402,7,0,2,14.0234,4511.62
501,7,0,3,14.5591,7170.87,0.107,466.702,0.18,4
1747,7,0,3,14.5494,7126.57
1746,7,0,3,14.5215,6987.23
1745,7,0,3,14.5084,6923.94
1844,7,0,3,14.4905,6834.69
575,7,0,3,14.4881,6819.18
571,7,0,3,14.4852,6803.06
570,7,0,3,14.4804,6779.79
569,7,0,3,14.4753,6754.47
640,7,0,3,14.4671,6715.56
649,7,0,3,14.4578,6673.02
646,7,0,3,14.45,6636.51
691,7,0,3,14.4441,6607.6
689,7,0,3,14.422,6503.61
979,7,0,3,14.4135,6464.01
980,7,0,3,14.4077,6435.6
978,7,0,3,14.4041,6417.41
1010,7,0,3,14.3893,6340.65
1016,7,0,3,14.3696,6249.19
110,7,0,4,14.9398,9126.78,0,0,0
111,7,0,4,14.9375,9110.9
1968,7,0,4,14.928,9046.21
114,7,0,4,14.9225,9011.48
1719,7,0,4,14.8845,8806.45
1720,7,0,4,14.8694,8723.98
1718,7,0,4,14.8636,8691.43
129,7,0,4,14.8384,8552.36
134,7,0,4,14.8324,8519.39
133,7,0,4,14.82,8452.87
138,7,0,4,14.7991,8348.28
184,7,0,4,14.7828,8259.74
440,7,0,4,14.767,8172.12
451,7,0,4,14.7504,8085.93
1716,7,0,4,14.748,8069.5
462,7,0,4,14.7389,8022.43
1990,7,0,4,14.7318,7969.73
463,7,0,4,14.7131,7873.21
474,7,0,4,14.6978,7793.97
2140,7,0,4,14.6887,7752.64
2141,7,0,4,14.6809,7709.44
473,7,0,4,14.6807,7708.15
502,7,0,4,14.6716,7664.25
501,7,0,4,14.6661,7637.58
710,7,1,0,11.3384,1682.36,0.0443333,193.369,0.36,1
1543,7,1,0,11.3133,1546.36
459,7,1,0,11.3034,1483.42
458,7,1,0,11.2964,1437.75
456,7,1,0,11.2872,1376.86
457,7,1,0,11.2818,1346.64
454,7,1,0,11.2742,1292.68
455,7,1,0,11.2718,1278.37
453,7,1,0,11.2626,1212.8
446,7,1,0,11.254,1164.09
442,7,1,0,11.2458,1120.37
1857,7,1,0,11.2374,1076.3
441,7,1,0,11.2325,1051.98
185,7,1,0,11.2215,993.794
177,7,1,0,11.2089,927.553
184,7,1,0,11.1885,816.223
138,7,1,0,11.1728,730.3
133,7,1,0,11.1585,653.53
134,7,1,0,11.1509,601.574
129,7,1,0,11.1433,561.93
1718,7,1,0,11.1169,417.674
1719,7,1,0,11.1002,325.295
114,7,1,0,11.0623,120.486
1968,7,1,0,11.0553,81.9493
110,7,1,0,11.04,0
110,7,1,1,11.6892,3629.63,0,0,0
1968,7,1,1,11.6741,3548.6
114,7,1,1,11.6689,3514.27
1719,7,1,1,11.6259,3287.66
1718,7,1,1,11.6105,3200.61
129,7,1,1,11.586,3064.75
134,7,1,1,11.5796,3030.36
133,7,1,1,11.5668,2962.15
138,7,1,1,11.546,2857.57
184,7,1,1,11.5267,2756.61
440,7,1,1,11.5101,2665.42
451,7,1,1,11.4913,2569.71
1716,7,1,1,11.4889,2553.28
462,7,1,1,11.4785,2500.86
1990,7,1,1,11.4706,2447.83
452,7,1,1,11.4656,2415.39
453,7,1,1,11.4543,2328.21
455,7,1,1,11.4419,2258.28
454,7,1,1,11.439,2242.66
457,7,1,1,11.4323,2188.7
456,7,1,1,11.4272,2159.26
458,7,1,1,11.4177,2098.11
459,7,1,1,11.4118,2053.01
1543,7,1,1,11.4025,1990.78
710,7,1,1,11.3828,1875.73
501,8,0,0,13.5696,1510.92,0.0531667,231.897,0.2,1
502,8,0,0,13.5644,1485.38
473,8,0,0,13.5565,1446.3
2141,8,0,0,13.5563,1445.32
1750,8,0,0,13.552,1424.02
477,8,0,0,13.5475,1400.71
453,8,0,0,13.5185,1243.21
446,8,0,0,13.5102,1195.77
442,8,0,0,13.4985,1137.28
1857,8,0,0,13.4897,1091.26
441,8,0,0,13.4836,1062.09
185,8,0,0,13.4726,1004.16
177,8,0,0,13.4603,938.786
184,8,0,0,13.4403,829.279
138,8,0,0,13.4236,739.414
133,8,0,0,13.4097,664.29
134,8,0,0,13.4021,612.333
129,8,0,0,13.395,574.749
1718,8,0,0,13.3691,432.78
1720,8,0,0,13.362,394.625
1719,8,0,0,13.3493,321.152
114,8,0,0,13.3116,117.424
1968,8,0,0,13.3048,79.7523
110,8,0,0,13.29,0
1016,8,0,1,13.7872,2559.29,0.0561667,244.982,0.25,2
1010,8,0,1,13.7782,2511.64
2026,8,0,1,13.7508,2377.86
2027,8,0,1,13.7457,2352.02
1998,8,0,1,13.7353,2299.32
1997,8,0,1,13.7267,2255.7
1996,8,0,1,13.7208,2227.41
1995,8,0,1,13.7126,2189.09
1993,8,0,1,13.7035,2145.41
1994,8,0,1,13.6992,2123.93
572,8,0,1,13.6922,2085.28
541,8,0,1,13.68,2024.92
540,8,0,1,13.6696,1971.28
1754,8,0,1,13.6612,1927.61
518,8,0,1,13.6533,1887.64
500,8,0,1,13.6483,1861.85
501,8,0,1,13.6228,1742.82
1402,8,0,2,14.1081,4171.66,0.0816667,356.205,0.16,3
1390,8,0,2,14.099,4121.61
1382,8,0,2,14.0734,3991.55
1362,8,0,2,14.0529,3881.56
1361,8,0,2,14.0487,3858.38
1354,8,0,2,14.0487,3858.19
1355,8,0,2,14.0422,3823.7
2076,8,0,2,14.0404,3814.59
1356,8,0,2,14.0328,3775.24
1357,8,0,2,14.032,3771.52
1349,8,0,2,14.0193,3706.57
1348,8,0,2,14.0187,3703.13
1340,8,0,2,14.0182,3700.59
1339,8,0,2,14.0126,3671.86
1330,8,0,2,13.9918,3563.11
1161,8,0,2,13.9825,3515.2
1162,8,0,2,13.9725,3462.21
1136,8,0,2,13.9538,3364.01
1138,8,0,2,13.9471,3329.65
1137,8,0,2,13.9412,3298.54
1123,8,0,2,13.9275,3232.39
1775,8,0,2,13.9189,3188.4
1102,8,0,2,13.9032,3109.22
1100,8,0,2,13.889,3039.82
1101,8,0,2,13.878,2983.18
1082,8,0,2,13.8696,2941.21
1079,8,0,2,13.8605,2894.19
1061,8,0,2,13.8562,2872.91
1063,8,0,2,13.853,2856.07
1062,8,0,2,13.852,2849.03
2159,8,0,2,13.8518,2848.04
1045,8,0,2,13.8511,2844.89
1043,8,0,2,13.8478,2828.21
2029,8,0,2,13.8477,2827.8
1016,8,0,2,13.8434,2804.27
110,8,0,3,14.8246,7948.32,0,0,0
1968,8,0,3,14.807,7856.71
1969,8,0,3,14.7945,7779.85
115,8,0,3,14.792,7765.39
2113,8,0,3,14.7865,7736.2
2133,8,0,3,14.6528,6998.83
366,8,0,3,14.6488,6972.03
2134,8,0,3,14.6396,6914.26
2136,8,0,3,14.6288,6854.11
393,8,0,3,14.5988,6698.35
401,8,0,3,14.5861,6628.9
1739,8,0,3,14.5762,6575.04
1742,8,0,3,14.5697,6540.56
1741,8,0,3,14.5633,6506.07
418,8,0,3,14.5558,6466.55
417,8,0,3,14.553,6450.86
1989,8,0,3,14.535,6358.28
2011,8,0,3,14.5149,6255.21
2156,8,0,3,14.5094,6226.77
2013,8,0,3,14.5087,6223.62
886,8,0,3,14.4977,6169
888,8,0,3,14.4809,6075.87
903,8,0,3,14.4698,6017.61
904,8,0,3,14.4663,5998.75
925,8,0,3,14.4462,5885.54
2019,8,0,3,14.4405,5857.25
929,8,0,3,14.4401,5855.27
938,8,0,3,14.4285,5791
950,8,0,3,14.4136,5714.34
951,8,0,3,14.4027,5662.71
949,8,0,3,14.3904,5600.46
1302,8,0,3,14.3654,5468.03
1307,8,0,3,14.3517,5390.6
1308,8,0,3,14.3405,5331.03
1309,8,0,3,14.3222,5237.67
1314,8,0,3,14.3216,5234.8
2165,8,0,3,14.3061,5151.36
2071,8,0,3,14.2853,5040.21
1317,8,0,3,14.2733,4972.8
2072,8,0,3,14.2543,4870.1
1323,8,0,3,14.2383,4786.41
1388,8,0,3,14.2376,4782.63
1389,8,0,3,14.2289,4734.73
1390,8,0,3,14.1986,4576.84
1402,8,0,3,14.1898,4527.87
410,8,1,0,11.3922,1462.66,0.0726667,316.95,0.06,1
398,8,1,0,11.3919,1461.45
397,8,1,0,11.3793,1392.89
390,8,1,0,11.3598,1291.33
382,8,1,0,11.3425,1199.86
376,8,1,0,11.3245,1103.09
369,8,1,0,11.305,998.232
360,8,1,0,11.2827,878.986
361,8,1,0,11.2701,809.873
128,8,1,0,11.2096,481.115
126,8,1,0,11.2023,442.296
125,8,1,0,11.196,408.059
118,8,1,0,11.1631,231.019
1968,8,1,0,11.1353,81.9493
110,8,1,0,11.12,0
710,8,1,1,11.6846,3117.52,0.0443333,193.369,0.36,2
1543,8,1,1,11.6631,2997.25
715,8,1,1,11.6583,2952.99
714,8,1,1,11.6544,2928.98
726,8,1,1,11.6542,2927.1
529,8,1,1,11.6405,2827.61
605,8,1,1,11.6257,2731
603,8,1,1,11.6206,2703.02
604,8,1,1,11.6163,2679.88
596,8,1,1,11.6162,2678.91
580,8,1,1,11.6078,2620.63
574,8,1,1,11.5905,2527.39
573,8,1,1,11.5805,2471.49
564,8,1,1,11.5728,2430.34
557,8,1,1,11.5667,2396.35
561,8,1,1,11.56,2349.83
628,8,1,1,11.5555,2324.18
609,8,1,1,11.5428,2247.52
423,8,1,1,11.5369,2191.2
419,8,1,1,11.5322,2156.76
418,8,1,1,11.5169,2071.84
2139,8,1,1,11.513,2050.41
2138,8,1,1,11.4946,1948.97
411,8,1,1,11.481,1874.15
412,8,1,1,11.4785,1855.14
398,8,1,1,11.4651,1780.81
410,8,1,1,11.4648,1779.61
110,8,1,2,12.0354,5064.79,0,0,0
1968,8,1,2,12.0203,4983.75
114,8,1,2,12.0151,4949.43
1719,8,1,2,11.9721,4722.82
1718,8,1,2,11.9566,4635.77
129,8,1,2,11.9322,4499.9
134,8,1,2,11.9258,4465.51
133,8,1,2,11.913,4397.31
138,8,1,2,11.8921,4292.72
184,8,1,2,11.8729,4191.76
440,8,1,2,11.8562,4100.57
451,8,1,2,11.8374,4004.86
1716,8,1,2,11.835,3988.43
462,8,1,2,11.8246,3936.01
1990,8,1,2,11.8168,3882.98
452,8,1,2,11.8118,3850.54
453,8,1,2,11.8004,3763.36
455,8,1,2,11.788,3693.43
454,8,1,2,11.7852,3677.82
457,8,1,2,11.7785,3623.85
456,8,1,2,11.7733,3594.41
458,8,1,2,11.7639,3533.26
459,8,1,2,11.7579,3488.16
1543,8,1,2,11.7486,3425.93
710,8,1,2,11.7289,3310.88
501,9,0,0,13.6096,1510.92,0.0531667,231.897,0.2,1
502,9,0,0,13.6044,1485.38
473,9,0,0,13.5965,1446.3
2141,9,0,0,13.5963,1445.32
1750,9,0,0,13.592,1424.02
477,9,0,0,13.5875,1400.71
453,9,0,0,13.5585,1243.21
446,9,0,0,13.5502,1195.77
442,9,0,0,13.5385,1137.28
1857,9,0,0,13.5297,1091.26
441,9,0,0,13.5236,1062.09
185,9,0,0,13.5126,1004.16
177,9,0,0,13.5003,938.786
184,9,0,0,13.4803,829.279
138,9,0,0,13.4636,739.414
133,9,0,0,13.4497,664.29
134,9,0,0,13.4421,612.333
129,9,0,0,13.435,574.749
1718,9,0,0,13.4091,432.78
1720,9,0,0,13.402,394.625
1719,9,0,0,13.3893,321.152
114,9,0,0,13.3516,117.424
1968,9,0,0,13.3448,79.7523
110,9,0,0,13.33,0
1016,9,0,1,13.8272,2559.29,0.0561667,244.982,0.25,2
1010,9,0,1,13.8182,2511.64
2026,9,0,1,13.7908,2377.86
2027,9,0,1,13.7857,2352.02
1998,9,0,1,13.7753,2299.32
1997,9,0,1,13.7667,2255.7
1996,9,0,1,13.7608,2227.41
1995,9,0,1,13.7526,2189.09
1993,9,0,1,13.7435,2145.41
1994,9,0,1,13.7392,2123.93
572,9,0,1,13.7322,2085.28
541,9,0,1,13.72,2024.92
540,9,0,1,13.7096,1971.28
1754,9,0,1,13.7012,1927.61
518,9,0,1,13.6933,1887.64
500,9,0,1,13.6883,1861.85
501,9,0,1,13.6628,1742.82
1402,9,0,2,14.1481,4171.66,0.0816667,356.205,0.16,3
1390,9,0,2,14.139,4121.61
1382,9,0,2,14.1134,3991.55
1362,9,0,2,14.0929,3881.56
1361,9,0,2,14.0887,3858.38
1354,9,0,2,14.0887,3858.19
1355,9,0,2,14.0822,3823.7
2076,9,0,2,14.0804,3814.59
1356,9,0,2,14.0728,3775.24
1357,9,0,2,14.072,3771.52
1349,9,0,2,14.0593,3706.57
1348,9,0,2,14.0587,3703.13
1340,9,0,2,14.0582,3700.59
1339,9,0,2,14.0526,3671.86
1330,9,0,2,14.0318,3563.11
1161,9,0,2,14.0225,3515.2
1162,9,0,2,14.0125,3462.21
1136,9,0,2,13.9938,3364.01
1138,9,0,2,13.9871,3329.65
1137,9,0,2,13.9812,3298.54
1123,9,0,2,13.9675,3232.39
1775,9,0,2,13.9589,3188.4
1102,9,0,2,13.9432,3109.22
1100,9,0,2,13.929,3039.82
1101,9,0,2,13.918,2983.18
1082,9,0,2,13.9096,2941.21
1079,9,0,2,13.9005,2894.19
1061,9,0,2,13.8962,2872.91
1063,9,0,2,13.893,2856.07
1062,9,0,2,13.892,2849.03
2159,9,0,2,13.8918,2848.04
1045,9,0,2,13.8911,2844.89
1043,9,0,2,13.8878,2828.21
2029,9,0,2,13.8877,2827.8
1016,9,0,2,13.8834,2804.27
110,9,0,3,14.8646,7948.32,0,0,0
1968,9,0,3,14.847,7856.71
1969,9,0,3,14.8345,7779.85
115,9,0,3,14.832,7765.39
2113,9,0,3,14.8265,7736.2
2133,9,0,3,14.6928,6998.83
366,9,0,3,14.6888,6972.03
2134,9,0,3,14.6796,6914.26
2136,9,0,3,14.6688,6854.11
393,9,0,3,14.6388,6698.35
401,9,0,3,14.6261,6628.9
1739,9,0,3,14.6162,6575.04
1742,9,0,3,14.6097,6540.56
1741,9,0,3,14.6033,6506.07
418,9,0,3,14.5958,6466.55
417,9,0,3,14.593,6450.86
1989,9,0,3,14.575,6358.28
2011,9,0,3,14.5549,6255.21
2156,9,0,3,14.5494,6226.77
2013,9,0,3,14.5487,6223.62
886,9,0,3,14.5377,6169
888,9,0,3,14.5209,6075.87
903,9,0,3,14.5098,6017.61
904,9,0,3,14.5063,5998.75
925,9,0,3,14.4862,5885.54
2019,9,0,3,14.4805,5857.25
929,9,0,3,14.4801,5855.27
938,9,0,3,14.4685,5791
950,9,0,3,14.4536,5714.34
951,9,0,3,14.4427,5662.71
949,9,0,3,14.4304,5600.46
1302,9,0,3,14.4054,5468.03
1307,9,0,3,14.3917,5390.6
1308,9,0,3,14.3805,5331.03
1309,9,0,3,14.3622,5237.67
1314,9,0,3,14.3616,5234.8
2165,9,0,3,14.3461,5151.36
2071,9,0,3,14.3253,5040.21
1317,9,0,3,14.3133,4972.8
2072,9,0,3,14.2943,4870.1
1323,9,0,3,14.2783,4786.41
1388,9,0,3,14.2776,4782.63
1389,9,0,3,14.2689,4734.73
1390,9,0,3,14.2386,4576.84
1402,9,0,3,14.2298,4527.87
410,9,1,0,11.2922,1462.66,0.0726667,316.95,0.06,1
398,9,1,0,11.2919,1461.45
397,9,1,0,11.2793,1392.89
390,9,1,0,11.2598,1291.33
382,9,1,0,11.2425,1199.86
376,9,1,0,11.2245,1103.09
369,9,1,0,11.205,998.232
360,9,1,0,11.1827,878.986
361,9,1,0,11.1701,809.873
128,9,1,0,11.1096,481.115
126,9,1,0,11.1023,442.296
125,9,1,0,11.096,408.059
118,9,1,0,11.0631,231.019
1968,9,1,0,11.0353,81.9493
110,9,1,0,11.02,0
710,9,1,1,11.5846,3117.52,0.0443333,193.369,0.36,2
1543,9,1,1,11.5631,2997.25
715,9,1,1,11.5583,2952.99
714,9,1,1,11.5544,2928.98
726,9,1,1,11.5542,2927.1
529,9,1,1,11.5405,2827.61
605,9,1,1,11.5257,2731
603,9,1,1,11.5206,2703.02
604,9,1,1,11.5163,2679.88
596,9,1,1,11.5162,2678.91
580,9,1,1,11.5078,2620.63
574,9,1,1,11.4905,2527.39
573,9,1,1,11.4805,2471.49
564,9,1,1,11.4728,2430.34
557,9,1,1,11.4667,2396.35
561,9,1,1,11.46,2349.83
628,9,1,1,11.4555,2324.18
609,9,1,1,11.4428,2247.52
423,9,1,1,11.4369,2191.2
419,9,1,1,11.4322,2156.76
418,9,1,1,11.4169,2071.84
2139,9,1,1,11.413,2050.41
2138,9,1,1,11.3946,1948.97
411,9,1,1,11.381,1874.15
412,9,1,1,11.3785,1855.14
398,9,1,1,11.3651,1780.81
410,9,1,1,11.3648,1779.61
110,9,1,2,11.9354,5064.79,0,0,0
1968,9,1,2,11.9203,4983.75
114,9,1,2,11.9151,4949.43
1719,9,1,2,11.8721,4722.82
1718,9,1,2,11.8566,4635.77
129,9,1,2,11.8322,4499.9
134,9,1,2,11.8258,4465.51
133,9,1,2,11.813,4397.31
138,9,1,2,11.7921,4292.72
184,9,1,2,11.7729,4191.76
440,9,1,2,11.7562,4100.57
451,9,1,2,11.7374,4004.86
1716,9,1,2,11.735,3988.43
462,9,1,2,11.7246,3936.01
1990,9,1,2,11.7168,3882.98
452,9,1,2,11.7118,3850.54
453,9,1,2,11.7004,3763.36
455,9,1,2,11.688,3693.43
454,9,1,2,11.6852,3677.82
457,9,1,2,11.6785,3623.85
456,9,1,2,11.6733,3594.41
458,9,1,2,11.6639,3533.26
459,9,1,2,11.6579,3488.16
1543,9,1,2,11.6486,3425.93
710,9,1,2,11.6289,3310.88
501,10,0,0,13.6096,1510.92,0.0531667,231.897,0.2,1
502,10,0,0,13.6044,1485.38
473,10,0,0,13.5965,1446.3
2141,10,0,0,13.5963,1445.32
1750,10,0,0,13.592,1424.02
477,10,0,0,13.5875,1400.71
453,10,0,0,13.5585,1243.21
446,10,0,0,13.5502,1195.77
442,10,0,0,13.5385,1137.28
1857,10,0,0,13.5297,1091.26
441,10,0,0,13.5236,1062.09
185,10,0,0,13.5126,1004.16
177,10,0,0,13.5003,938.786
184,10,0,0,13.4803,829.279
138,10,0,0,13.4636,739.414
133,10,0,0,13.4497,664.29
134,10,0,0,13.4421,612.333
129,10,0,0,13.435,574.749
1718,10,0,0,13.4091,432.78
1720,10,0,0,13.402,394.625
1719,10,0,0,13.3893,321.152
114,10,0,0,13.3516,117.424
1968,10,0,0,13.3448,79.7523
110,10,0,0,13.33,0
1402,10,0,1,14.0938,3925.73,0.0816667,356.205,0.16,2
1390,10,0,1,14.0846,3875.67
1382,10,0,1,14.0544,3725.93
1362,10,0,1,14.0317,3606.92
1361,10,0,1,14.0267,3579.93
1354,10,0,1,14.0266,3579.74
1355,10,0,1,14.0141,3520.08
2076,10,0,1,14.0123,3510.96
1356,10,0,1,14.0039,3468.25
1357,10,0,1,14.0031,3464.53
1349,10,0,1,13.9896,3396.36
1348,10,0,1,13.989,3393.03
1340,10,0,1,13.9885,3390.49
1339,10,0,1,13.9832,3362.77
1329,10,0,1,13.9722,3304.43
1158,10,0,1,13.9572,3228.1
2048,10,0,1,13.9371,3122.06
1131,10,0,1,13.9315,3093.19
1130,10,0,1,13.9257,3064.26
1129,10,0,1,13.9105,2990.07
1121,10,0,1,13.8945,2904.14
1120,10,0,1,13.8905,2882.96
1094,10,0,1,13.8856,2857.02
1091,10,0,1,13.8755,2806.29
1092,10,0,1,13.8703,2780.39
1074,10,0,1,13.8645,2749.97
1073,10,0,1,13.8561,2705.29
1057,10,0,1,13.8363,2606.3
1042,10,0,1,13.831,2579.4
2030,10,0,1,13.8238,2541.56
1011,10,0,1,13.8235,2540.11
1547,10,0,1,13.8061,2457.47
1546,10,0,1,13.8007,2430.1
975,10,0,1,13.7973,2412.13
2026,10,0,1,13.7908,2377.86
2027,10,0,1,13.7857,2352.02
1998,10,0,1,13.7753,2299.32
1997,10,0,1,13.7667,2255.7
1996,10,0,1,13.7608,2227.41
1995,10,0,1,13.7526,2189.09
1993,10,0,1,13.7435,2145.41
1994,10,0,1,13.7392,2123.93
572,10,0,1,13.7322,2085.28
541,10,0,1,13.72,2024.92
540,10,0,1,13.7096,1971.28
1754,10,0,1,13.7012,1927.61
518,10,0,1,13.6933,1887.64
500,10,0,1,13.6883,1861.85
501,10,0,1,13.6628,1742.82
1016,10,0,2,14.4335,5634.95,0.0881667,384.556,0.22,3
2029,10,0,2,14.4291,5611.2
1043,10,0,2,14.429,5610.79
2158,10,0,2,14.4222,5576.01
2030,10,0,2,14.4183,5556.17
1041,10,0,2,14.4131,5529.59
1059,10,0,2,14.4043,5484.75
1058,10,0,2,14.3993,5459.5
1075,10,0,2,14.3817,5369.43
1072,10,0,2,14.3717,5317.99
1071,10,0,2,14.3615,5267.51
1090,10,0,2,14.3555,5230.29
1089,10,0,2,14.3494,5196.97
1119,10,0,2,14.3408,5151.08
1118,10,0,2,14.3346,5117.49
2044,10,0,2,14.3194,5037.93
2169,10,0,2,14.3114,4996.91
2171,10,0,2,14.3067,4972.76
1549,10,0,2,14.2989,4932.61
1147,10,0,2,14.2915,4894.22
1327,10,0,2,14.2631,4746.25
1343,10,0,2,14.2625,4743.51
1355,10,0,2,14.2357,4604.1
1364,10,0,2,14.2357,4603.89
1362,10,0,2,14.2259,4551.9
1382,10,0,2,14.2058,4444.08
1390,10,0,2,14.1843,4330.9
1402,10,0,2,14.1754,4281.94
110,10,0,3,14.9411,8225.21,0,0,0
111,10,0,3,14.9387,8209.33
1968,10,0,3,14.9293,8144.65
114,10,0,3,14.9237,8109.92
1719,10,0,3,14.8875,7912.3
1718,10,0,3,14.8676,7805.99
129,10,0,3,14.8436,7672.2
134,10,0,3,14.8379,7640.78
133,10,0,3,14.8272,7581.41
138,10,0,3,14.8063,7476.83
184,10,0,3,14.7897,7387.22
440,10,0,3,14.7693,7280
451,10,0,3,14.7528,7193.81
1716,10,0,3,14.7504,7177.38
462,10,0,3,14.7412,7130.31
1990,10,0,3,14.7342,7077.61
463,10,0,3,14.7155,6981.09
474,10,0,3,14.7001,6901.85
2140,10,0,3,14.6911,6860.52
475,10,0,3,14.6861,6836.29
499,10,0,3,14.6784,6796.7
500,10,0,3,14.6738,6773.29
518,10,0,3,14.6692,6749.19
1754,10,0,3,14.6655,6724.26
540,10,0,3,14.6573,6681.79
541,10,0,3,14.6455,6621.97
572,10,0,3,14.6359,6572.3
1994,10,0,3,14.6232,6509.9
1993,10,0,3,14.619,6488.41
1995,10,0,3,14.6063,6430.66
1996,10,0,3,14.6004,6401.48
1997,10,0,3,14.5965,6381.58
2027,10,0,3,14.5693,6251.36
2026,10,0,3,14.5635,6222.88
978,10,0,3,14.5562,6187.74
1010,10,0,3,14.5414,6110.97
1016,10,0,3,14.5216,6019.51
410,10,1,0,11.2922,1462.66,0.0726667,316.95,0.06,1
398,10,1,0,11.2919,1461.45
397,10,1,0,11.2793,1392.89
390,10,1,0,11.2598,1291.33
382,10,1,0,11.2425,1199.86
376,10,1,0,11.2245,1103.09
369,10,1,0,11.205,998.232
360,10,1,0,11.1827,878.986
361,10,1,0,11.1701,809.873
128,10,1,0,11.1096,481.115
126,10,1,0,11.1023,442.296
125,10,1,0,11.096,408.059
118,10,1,0,11.0631,231.019
1968,10,1,0,11.0353,81.9493
110,10,1,0,11.02,0
710,10,1,1,11.5846,3117.52,0.0443333,193.369,0.36,2
1543,10,1,1,11.5631,2997.25
715,10,1,1,11.5583,2952.99
714,10,1,1,11.5544,2928.98
726,10,1,1,11.5542,2927.1
529,10,1,1,11.5405,2827.61
605,10,1,1,11.5257,2731
603,10,1,1,11.5206,2703.02
604,10,1,1,11.5163,2679.88
596,10,1,1,11.5162,2678.91
580,10,1,1,11.5078,2620.63
574,10,1,1,11.4905,2527.39
573,10,1,1,11.4805,2471.49
564,10,1,1,11.4728,2430.34
557,10,1,1,11.4667,2396.35
561,10,1,1,11.46,2349.83
628,10,1,1,11.4555,2324.18
609,10,1,1,11.4428,2247.52
423,10,1,1,11.4369,2191.2
419,10,1,1,11.4322,2156.76
418,10,1,1,11.4169,2071.84
2139,10,1,1,11.413,2050.41
2138,10,1,1,11.3946,1948.97
411,10,1,1,11.381,1874.15
412,10,1,1,11.3785,1855.14
398,10,1,1,11.3651,1780.81
410,10,1,1,11.3648,1779.61
110,10,1,2,11.9354,5064.79,0,0,0
1968,10,1,2,11.9203,4983.75
114,10,1,2,11.9151,4949.43
1719,10,1,2,11.8721,4722.82
1718,10,1,2,11.8566,4635.77
129,10,1,2,11.8322,4499.9
134,10,1,2,11.8258,4465.51
133,10,1,2,11.813,4397.31
138,10,1,2,11.7921,4292.72
184,10,1,2,11.7729,4191.76
440,10,1,2,11.7562,4100.57
451,10,1,2,11.7374,4004.86
1716,10,1,2,11.735,3988.43
462,10,1,2,11.7246,3936.01
1990,10,1,2,11.7168,3882.98
452,10,1,2,11.7118,3850.54
453,10,1,2,11.7004,3763.36
455,10,1,2,11.688,3693.43
454,10,1,2,11.6852,3677.82
457,10,1,2,11.6785,3623.85
456,10,1,2,11.6733,3594.41
458,10,1,2,11.6639,3533.26
459,10,1,2,11.6579,3488.16
1543,10,1,2,11.6486,3425.93
710,10,1,2,11.6289,3310.88
1402,11,0,0,14.1334,3372.79,0.0816667,356.205,0.16,1
1390,11,0,0,14.1241,3321.76
1389,11,0,0,14.0955,3170.7
1388,11,0,0,14.0867,3122.71
1370,11,0,0,14.0498,2928.06
1359,11,0,0,14.0489,2923.6
2071,11,0,0,14.0323,2830.9
2165,11,0,0,14.0104,2715.19
1314,11,0,0,13.9931,2623.77
2163,11,0,0,13.9783,2543.94
2023,11,0,0,13.9517,2399.84
1787,11,0,0,13.9436,2358.52
2020,11,0,0,13.9247,2264.44
935,11,0,0,13.9149,2212.99
934,11,0,0,13.9144,2210.39
933,11,0,0,13.9027,2150.9
936,11,0,0,13.9022,2147.96
1737,11,0,0,13.8907,2085.09
917,11,0,0,13.8775,2016.59
916,11,0,0,13.8773,2015.68
906,11,0,0,13.8535,1891.34
889,11,0,0,13.8422,1832.97
890,11,0,0,13.8355,1797.06
2013,11,0,0,13.816,1693.84
1988,11,0,0,13.7984,1599.98
417,11,0,0,13.7779,1495.37
418,11,0,0,13.7739,1474.43
1741,11,0,0,13.7682,1442.44
1740,11,0,0,13.7644,1421.91
1739,11,0,0,13.7597,1395.5
401,11,0,0,13.7491,1338.14
393,11,0,0,13.7359,1266.67
2136,11,0,0,13.7131,1141.76
2134,11,0,0,13.7018,1079.42
360,11,0,0,13.6691,906.015
361,11,0,0,13.6546,828.632
128,11,0,0,13.5995,523.193
126,11,0,0,13.591,479.066
125,11,0,0,13.5818,432.83
118,11,0,0,13.547,247.521
1968,11,0,0,13.5148,79.7523
110,11,0,0,13.5,0
1016,11,0,1,14.4732,5082,0.0881667,384.556,0.22,2
2029,11,0,1,14.4688,5058.25
1043,11,0,1,14.4687,5057.84
2158,11,0,1,14.4619,5023.06
2030,11,0,1,14.4579,5003.22
1041,11,0,1,14.4528,4976.64
1059,11,0,1,14.4439,4931.8
1058,11,0,1,14.4389,4906.55
1075,11,0,1,14.4214,4816.48
1072,11,0,1,14.4114,4765.04
1071,11,0,1,14.4012,4714.56
1090,11,0,1,14.3951,4677.34
1089,11,0,1,14.389,4644.02
1119,11,0,1,14.3804,4598.13
1118,11,0,1,14.3743,4564.54
2044,11,0,1,14.359,4484.98
2169,11,0,1,14.351,4443.96
2171,11,0,1,14.3464,4419.81
1549,11,0,1,14.3386,4379.66
1147,11,0,1,14.3311,4341.27
1327,11,0,1,14.3028,4193.3
1343,11,0,1,14.3022,4190.57
1355,11,0,1,14.2754,4051.15
1364,11,0,1,14.2753,4050.94
1362,11,0,1,14.2655,3998.96
1382,11,0,1,14.2455,3891.13
1390,11,0,1,14.224,3777.96
1402,11,0,1,14.2151,3728.99
110,11,0,2,14.9807,7672.26,0,0,0
111,11,0,2,14.9784,7656.38
1968,11,0,2,14.9689,7591.7
114,11,0,2,14.9634,7556.97
1719,11,0,2,14.9272,7359.36
1718,11,0,2,14.9073,7253.04
129,11,0,2,14.8833,7119.25
134,11,0,2,14.8776,7087.84
133,11,0,2,14.8668,7028.46
138,11,0,2,14.846,6923.88
184,11,0,2,14.8294,6834.28
440,11,0,2,14.809,6727.06
451,11,0,2,14.7925,6640.86
1716,11,0,2,14.79,6624.43
462,11,0,2,14.7809,6577.36
1990,11,0,2,14.7739,6524.67
463,11,0,2,14.7552,6428.15
474,11,0,2,14.7398,6348.91
2140,11,0,2,14.7308,6307.57
475,11,0,2,14.7258,6283.34
499,11,0,2,14.718,6243.75
500,11,0,2,14.7134,6220.35
518,11,0,2,14.7088,6196.24
1754,11,0,2,14.7052,6171.31
540,11,0,2,14.697,6128.84
541,11,0,2,14.6851,6069.02
572,11,0,2,14.6755,6019.35
1994,11,0,2,14.6629,5956.95
1993,11,0,2,14.6586,5935.46
1995,11,0,2,14.646,5877.72
1996,11,0,2,14.6401,5848.54
1997,11,0,2,14.6362,5828.64
2027,11,0,2,14.609,5698.42
2026,11,0,2,14.6032,5669.93
978,11,0,2,14.5959,5634.79
1010,11,0,2,14.581,5558.02
1016,11,0,2,14.5613,5466.56
410,11,1,0,11.3622,1462.66,0.0726667,316.95,0.06,1
398,11,1,0,11.3619,1461.45
397,11,1,0,11.3493,1392.89
390,11,1,0,11.3298,1291.33
382,11,1,0,11.3125,1199.86
376,11,1,0,11.2945,1103.09
369,11,1,0,11.275,998.232
360,11,1,0,11.2527,878.986
361,11,1,0,11.2401,809.873
128,11,1,0,11.1796,481.115
126,11,1,0,11.1723,442.296
125,11,1,0,11.166,408.059
118,11,1,0,11.1331,231.019
1968,11,1,0,11.1053,81.9493
110,11,1,0,11.09,0
710,11,1,1,11.6546,3117.52,0.0443333,193.369,0.36,2
1543,11,1,1,11.6331,2997.25
715,11,1,1,11.6283,2952.99
714,11,1,1,11.6244,2928.98
726,11,1,1,11.6242,2927.1
529,11,1,1,11.6105,2827.61
605,11,1,1,11.5957,2731
603,11,1,1,11.5906,2703.02
604,11,1,1,11.5863,2679.88
596,11,1,1,11.5862,2678.91
580,11,1,1,11.5778,2620.63
574,11,1,1,11.5605,2527.39
573,11,1,1,11.5505,2471.49
564,11,1,1,11.5428,2430.34
557,11,1,1,11.5367,2396.35
561,11,1,1,11.53,2349.83
628,11,1,1,11.5255,2324.18
609,11,1,1,11.5128,2247.52
423,11,1,1,11.5069,2191.2
419,11,1,1,11.5022,2156.76
418,11,1,1,11.4869,2071.84
2139,11,1,1,11.483,2050.41
2138,11,1,1,11.4646,1948.97
411,11,1,1,11.451,1874.15
412,11,1,1,11.4485,1855.14
398,11,1,1,11.4351,1780.81
410,11,1,1,11.4348,1779.61
110,11,1,2,12.0054,5064.79,0,0,0
1968,11,1,2,11.9903,4983.75
114,11,1,2,11.9851,4949.43
1719,11,1,2,11.9421,4722.82
1718,11,1,2,11.9266,4635.77
129,11,1,2,11.9022,4499.9
134,11,1,2,11.8958,4465.51
133,11,1,2,11.883,4397.31
138,11,1,2,11.8621,4292.72
184,11,1,2,11.8429,4191.76
440,11,1,2,11.8262,4100.57
451,11,1,2,11.8074,4004.86
1716,11,1,2,11.805,3988.43
462,11,1,2,11.7946,3936.01
1990,11,1,2,11.7868,3882.98
452,11,1,2,11.7818,3850.54
453,11,1,2,11.7704,3763.36
455,11,1,2,11.758,3693.43
454,11,1,2,11.7552,3677.82
457,11,1,2,11.7485,3623.85
456,11,1,2,11.7433,3594.41
458,11,1,2,11.7339,3533.26
459,11,1,2,11.7279,3488.16
1543,11,1,2,11.7186,3425.93
710,11,1,2,11.6989,3310.88
501,11,2,0,14.1696,1510.92,0.107,466.702,0.18,1
502,11,2,0,14.1644,1485.38
473,11,2,0,14.1565,1446.3
2141,11,2,0,14.1563,1445.32
1750,11,2,0,14.152,1424.02
477,11,2,0,14.1475,1400.71
453,11,2,0,14.1185,1243.21
446,11,2,0,14.1102,1195.77
442,11,2,0,14.0985,1137.28
1857,11,2,0,14.0897,1091.26
441,11,2,0,14.0836,1062.09
185,11,2,0,14.0726,1004.16
177,11,2,0,14.0603,938.786
184,11,2,0,14.0403,829.279
138,11,2,0,14.0236,739.414
133,11,2,0,14.0097,664.29
134,11,2,0,14.0021,612.333
129,11,2,0,13.995,574.749
1718,11,2,0,13.9691,432.78
1720,11,2,0,13.962,394.625
1719,11,2,0,13.9493,321.152
114,11,2,0,13.9116,117.424
1968,11,2,0,13.9048,79.7523
110,11,2,0,13.89,0
110,11,2,1,14.5503,3466.82,0,0,0
111,11,2,1,14.548,3450.94
1968,11,2,1,14.5385,3386.26
114,11,2,1,14.533,3351.53
1719,11,2,1,14.495,3146.49
1720,11,2,1,14.4799,3064.02
1718,11,2,1,14.4742,3031.47
129,11,2,1,14.449,2892.4
134,11,2,1,14.4429,2859.44
133,11,2,1,14.4305,2792.91
138,11,2,1,14.4097,2688.33
184,11,2,1,14.3933,2599.79
440,11,2,1,14.3775,2512.17
451,11,2,1,14.3609,2425.97
1716,11,2,1,14.3585,2409.55
462,11,2,1,14.3494,2362.47
1990,11,2,1,14.3423,2309.78
463,11,2,1,14.3236,2213.26
474,11,2,1,14.3083,2134.02
2140,11,2,1,14.2993,2092.69
2141,11,2,1,14.2914,2049.48
473,11,2,1,14.2912,2048.2
502,11,2,1,14.2821,2004.3
501,11,2,1,14.2766,1977.62
