Node, Individual, Route,Segment, Travel time, Travel cost, Attention time, Attention cost, Failure rate, Demand
410,0,0,0,11.9822,1462.66,0.0726667,316.95,0.06,1
398,0,0,0,11.9819,1461.45
397,0,0,0,11.9693,1392.89
390,0,0,0,11.9498,1291.33
382,0,0,0,11.9325,1199.86
376,0,0,0,11.9145,1103.09
369,0,0,0,11.895,998.232
360,0,0,0,11.8727,878.986
361,0,0,0,11.8601,809.873
128,0,0,0,11.7996,481.115
126,0,0,0,11.7923,442.296
125,0,0,0,11.786,408.059
118,0,0,0,11.7531,231.019
1968,0,0,0,11.7253,81.9493
110,0,0,0,11.71,0
1402,0,0,1,12.4652,3950.11,0.085,370.744,0.2,2
1390,0,0,1,12.455,3895.71
1382,0,0,1,12.4326,3778.6
1362,0,0,1,12.4132,3673.78
1361,0,0,1,12.4087,3649.26
1354,0,0,1,12.4087,3649.07
2188,0,0,1,12.4023,3615.31
2075,0,0,1,12.3813,3507.36
1822,0,0,1,12.3805,3503.36
1353,0,0,1,12.3715,3457.62
2118,0,0,1,12.35,3341.45
2117,0,0,1,12.3475,3316.82
2164,0,0,1,12.3302,3203.67
1307,0,0,1,12.3136,3116.68
1302,0,0,1,12.297,3026.44
949,0,0,1,12.2742,2903.64
2025,0,0,1,12.2708,2886.18
1598,0,0,1,12.2674,2867.22
948,0,0,1,12.2606,2832.53
928,0,0,1,12.249,2769.48
923,0,0,1,12.2127,2588.73
924,0,0,1,12.2044,2549.42
914,0,0,1,12.184,2442.33
902,0,0,1,12.1778,2407.32
887,0,0,1,12.1611,2322.03
2012,0,0,1,12.1436,2230.38
884,0,0,1,12.1392,2207.45
1987,0,0,1,12.1017,2017.46
413,0,0,1,12.0824,1919.77
414,0,0,1,12.0771,1892.12
410,0,0,1,12.0548,1779.61
1016,0,0,2,12.8155,5698.77,0.0438333,191.188,0.28,3
2029,0,0,2,12.809,5665.75
1043,0,0,2,12.8089,5665.34
2158,0,0,2,12.7998,5621.19
2030,0,0,2,12.7959,5601.35
1041,0,0,2,12.7911,5576.37
1059,0,0,2,12.783,5534.52
1058,0,0,2,12.7778,5508.47
1056,0,0,2,12.7713,5474.03
1072,0,0,2,12.7537,5383.13
1071,0,0,2,12.7455,5341.02
1090,0,0,2,12.7373,5296.38
1089,0,0,2,12.7306,5260.53
1119,0,0,2,12.7236,5221.29
1118,0,0,2,12.7168,5185.09
2044,0,0,2,12.7007,5101.85
2169,0,0,2,12.6941,5066.97
2171,0,0,2,12.6899,5044.83
2046,0,0,2,12.6837,5013.6
1778,0,0,2,12.6583,4885.09
1327,0,0,2,12.6471,4824.32
1343,0,0,2,12.6465,4821.58
1355,0,0,2,12.6217,4690.77
1364,0,0,2,12.6217,4690.56
1362,0,0,2,12.6115,4636.93
1382,0,0,2,12.582,4489.33
1390,0,0,2,12.5611,4378.7
1402,0,0,2,12.5502,4320.85
710,0,0,3,13.0217,6815.76,0.0466667,203.546,0.45,4
1543,0,0,3,12.9993,6691.56
715,0,0,3,12.9945,6647.41
714,0,0,3,12.9905,6623.26
726,0,0,3,12.9903,6621.4
529,0,0,3,12.9762,6521.75
605,0,0,3,12.9613,6425.08
603,0,0,3,12.955,6392.01
2202,0,0,3,12.9516,6371.22
602,0,0,3,12.9472,6345.93
1851,0,0,3,12.9364,6275.39
1852,0,0,3,12.9315,6251.31
706,0,0,3,12.9183,6186.8
991,0,0,3,12.9065,6126.72
2028,0,0,3,12.8958,6074.05
1012,0,0,3,12.8823,6005.34
1045,0,0,3,12.8668,5929.59
1043,0,0,3,12.8637,5913.73
2029,0,0,3,12.8636,5913.32
1016,0,0,3,12.8594,5889.95
501,0,0,4,13.1907,7687.73,0.0531667,231.897,0.2,5
1747,0,0,4,13.1848,7658.71
505,0,0,4,13.1783,7627.22
506,0,0,4,13.1641,7559.45
507,0,0,4,13.1572,7526.06
510,0,0,4,13.1484,7483.31
509,0,0,4,13.1445,7463.11
508,0,0,4,13.1391,7434.34
512,0,0,4,13.1309,7393.3
511,0,0,4,13.1277,7376.55
2145,0,0,4,13.127,7373.34
2146,0,0,4,13.1159,7311.58
529,0,0,4,13.112,7275.53
726,0,0,4,13.0959,7173.99
714,0,0,4,13.0957,7172.11
1543,0,0,4,13.0899,7139.68
710,0,0,4,13.0684,7019.31
110,0,0,5,13.516,9380.4,0,0,0
1968,0,0,5,13.5009,9299.59
114,0,0,5,13.4951,9264.41
1719,0,0,5,13.4598,9071.14
1718,0,0,5,13.4417,8972.6
129,0,0,5,13.4178,8838.85
134,0,0,5,13.4128,8810.34
133,0,0,5,13.4008,8745.51
138,0,0,5,13.38,8640.92
184,0,0,5,13.3632,8550.54
440,0,0,5,13.3406,8434.16
451,0,0,5,13.3243,8348.74
1716,0,0,5,13.3219,8332.31
462,0,0,5,13.3147,8293.49
1990,0,0,5,13.3069,8240.45
463,0,0,5,13.2897,8150.42
474,0,0,5,13.2758,8077.43
2140,0,0,5,13.2677,8039.59
2141,0,0,5,13.2595,7994.61
473,0,0,5,13.2593,7993.85
502,0,0,5,13.2503,7949.95
501,0,0,5,13.2438,7919.63
501,1,0,0,11.7739,1433.41,0.0743333,324.22,0.22,1
502,1,0,0,11.7686,1407.87
473,1,0,0,11.759,1361.69
2141,1,0,0,11.7588,1360.71
2140,1,0,0,11.7504,1314.68
475,1,0,0,11.7475,1299.26
474,1,0,0,11.7434,1278.25
463,1,0,0,11.7286,1201.35
1990,1,0,0,11.7151,1126.94
462,1,0,0,11.7064,1072.9
461,1,0,0,11.704,1058.4
1716,1,0,0,11.6958,1015.28
451,1,0,0,11.6914,992.322
440,1,0,0,11.6755,908.617
184,1,0,0,11.6585,816.223
138,1,0,0,11.6428,730.3
133,1,0,0,11.6285,653.53
134,1,0,0,11.6209,601.574
129,1,0,0,11.6133,561.93
1718,1,0,0,11.5869,417.674
1719,1,0,0,11.5702,325.295
114,1,0,0,11.5323,120.486
1968,1,0,0,11.5253,81.9493
110,1,0,0,11.51,0
710,1,0,1,11.978,2453.47,0.0443333,193.369,0.36,2
1543,1,0,1,11.9566,2333.21
459,1,0,1,11.9463,2269.8
488,1,0,1,11.9176,2112.91
2144,1,0,1,11.9009,2022.7
486,1,0,1,11.8996,2016.25
482,1,0,1,11.892,1976.94
2142,1,0,1,11.8869,1949.91
2143,1,0,1,11.8865,1948.14
480,1,0,1,11.8861,1946.24
478,1,0,1,11.8819,1924.17
477,1,0,1,11.8738,1881.98
1750,1,0,1,11.87,1861.72
2141,1,0,1,11.8636,1831.93
473,1,0,1,11.8634,1830.73
502,1,0,1,11.8543,1786.83
501,1,0,1,11.8482,1757.63
1016,1,0,2,12.1492,3369.07,0.0438333,191.188,0.28,3
1548,1,0,2,12.1423,3333.03
1012,1,0,2,12.138,3310.61
1014,1,0,2,12.1376,3308.41
989,1,0,2,12.1271,3252.55
990,1,0,2,12.1171,3202.29
704,1,0,2,12.1057,3144.55
2179,1,0,2,12.1055,3143.68
662,1,0,2,12.0993,3114.04
602,1,0,2,12.0884,3046.34
599,1,0,2,12.0845,3024.12
605,1,0,2,12.0806,3000.37
529,1,0,2,12.0634,2900.36
726,1,0,2,12.0486,2800.27
714,1,0,2,12.0484,2798.41
1543,1,0,2,12.0442,2768.44
710,1,0,2,12.0224,2646.84
1402,1,0,3,12.4563,4918.69,0.085,370.744,0.2,4
1390,1,0,3,12.4462,4864.29
1382,1,0,3,12.423,4743.98
1362,1,0,3,12.3991,4619.7
1361,1,0,3,12.3942,4593.25
1354,1,0,3,12.3941,4593.06
1355,1,0,3,12.3878,4559.22
2076,1,0,3,12.386,4550.11
1356,1,0,3,12.3802,4518.45
1357,1,0,3,12.3794,4514.73
1349,1,0,3,12.3682,4456.01
1348,1,0,3,12.3672,4450.96
1340,1,0,3,12.3667,4448.42
1339,1,0,3,12.3607,4417.99
1329,1,0,3,12.3478,4351.43
1158,1,0,3,12.3337,4278.91
2048,1,0,3,12.3134,4171.91
1131,1,0,3,12.3082,4144.68
1130,1,0,3,12.3024,4115.75
1129,1,0,3,12.283,4024.95
1121,1,0,3,12.2637,3925.02
1095,1,0,3,12.2557,3886.22
1093,1,0,3,12.248,3845.49
1074,1,0,3,12.2414,3809.29
1077,1,0,3,12.2311,3755.24
1080,1,0,3,12.2178,3688.79
1079,1,0,3,12.2101,3650.11
1061,1,0,3,12.2059,3628.82
1063,1,0,3,12.2025,3611.01
1062,1,0,3,12.2014,3603.94
2159,1,0,3,12.2012,3603.04
1045,1,0,3,12.2005,3599.89
1043,1,0,3,12.1974,3584.03
2029,1,0,3,12.1973,3583.62
1016,1,0,3,12.1931,3560.25
410,1,0,4,12.952,7451.77,0.109667,478.333,0.09,5
1986,1,0,4,12.9264,7326.03
883,1,0,4,12.8971,7172.67
882,1,0,4,12.8854,7109.1
2155,1,0,4,12.8816,7090.37
901,1,0,4,12.8481,6915.07
902,1,0,4,12.8343,6841.86
904,1,0,4,12.8196,6764.46
925,1,0,4,12.7968,6639.44
2019,1,0,4,12.7909,6610.13
929,1,0,4,12.7905,6608.15
938,1,0,4,12.7784,6542.02
950,1,0,4,12.7624,6460.99
951,1,0,4,12.756,6427.74
949,1,0,4,12.7444,6368.45
1302,1,0,4,12.7177,6228.78
1307,1,0,4,12.7025,6145
1308,1,0,4,12.6909,6083.95
1309,1,0,4,12.6735,5993.85
1314,1,0,4,12.6729,5990.98
2165,1,0,4,12.6539,5892.71
2071,1,0,4,12.6343,5786.86
1359,1,0,4,12.6144,5679.63
1370,1,0,4,12.6134,5675.18
1360,1,0,4,12.5907,5550.16
1382,1,0,4,12.5732,5457.91
1390,1,0,4,12.5523,5347.28
1402,1,0,4,12.5413,5289.44
110,1,0,5,13.3439,9505.78,0,0,0
1968,1,0,5,13.3288,9424.98
1969,1,0,5,13.3167,9348.63
115,1,0,5,13.3142,9334.21
2113,1,0,5,13.3094,9308.14
2133,1,0,5,13.1894,8630.62
366,1,0,5,13.1857,8603.99
2134,1,0,5,13.1747,8542.45
2136,1,0,5,13.1628,8477.53
393,1,0,5,13.1337,8325.64
401,1,0,5,13.1189,8247.18
400,1,0,5,13.0928,8104.08
411,1,0,5,13.0785,8029.53
412,1,0,5,13.0764,8010.02
398,1,0,5,13.062,7931.31
410,1,0,5,13.0617,7930.1
410,2,0,0,11.7022,1462.66,0.0726667,316.95,0.06,1
398,2,0,0,11.7019,1461.45
397,2,0,0,11.6893,1392.89
390,2,0,0,11.6698,1291.33
382,2,0,0,11.6525,1199.86
376,2,0,0,11.6345,1103.09
369,2,0,0,11.615,998.232
360,2,0,0,11.5927,878.986
361,2,0,0,11.5801,809.873
128,2,0,0,11.5196,481.115
126,2,0,0,11.5123,442.296
125,2,0,0,11.506,408.059
118,2,0,0,11.4731,231.019
1968,2,0,0,11.4453,81.9493
110,2,0,0,11.43,0
710,2,0,1,11.9946,3117.52,0.0443333,193.369,0.36,2
1543,2,0,1,11.9731,2997.25
715,2,0,1,11.9683,2952.99
714,2,0,1,11.9644,2928.98
726,2,0,1,11.9642,2927.1
529,2,0,1,11.9505,2827.61
605,2,0,1,11.9357,2731
603,2,0,1,11.9306,2703.02
604,2,0,1,11.9263,2679.88
596,2,0,1,11.9262,2678.91
580,2,0,1,11.9178,2620.63
574,2,0,1,11.9005,2527.39
573,2,0,1,11.8905,2471.49
564,2,0,1,11.8828,2430.34
557,2,0,1,11.8767,2396.35
561,2,0,1,11.87,2349.83
628,2,0,1,11.8655,2324.18
609,2,0,1,11.8528,2247.52
423,2,0,1,11.8469,2191.2
419,2,0,1,11.8422,2156.76
418,2,0,1,11.8269,2071.84
2139,2,0,1,11.823,2050.41
2138,2,0,1,11.8046,1948.97
411,2,0,1,11.791,1874.15
412,2,0,1,11.7885,1855.14
398,2,0,1,11.7751,1780.81
410,2,0,1,11.7748,1779.61
1402,2,0,2,12.4187,5338.74,0.085,370.744,0.2,3
1390,2,0,2,12.4086,5284.34
1382,2,0,2,12.3861,5167.23
1362,2,0,2,12.3668,5062.4
1361,2,0,2,12.3623,5037.88
1354,2,0,2,12.3623,5037.69
1355,2,0,2,12.3568,5007.65
2076,2,0,2,12.355,4998.54
1356,2,0,2,12.3462,4954.1
1357,2,0,2,12.3454,4950.38
1349,2,0,2,12.3321,4882.98
1348,2,0,2,12.3313,4878.64
1340,2,0,2,12.3308,4876.09
1339,2,0,2,12.3246,4844.97
1329,2,0,2,12.3122,4780.37
1158,2,0,2,12.2949,4694.54
2048,2,0,2,12.2746,4587.66
1131,2,0,2,12.2694,4560.43
1130,2,0,2,12.2636,4531.5
1129,2,0,2,12.2443,4440.71
1121,2,0,2,12.225,4340.78
1095,2,0,2,12.2169,4301.97
1093,2,0,2,12.2092,4261.25
1074,2,0,2,12.2026,4225.05
1077,2,0,2,12.1923,4170.99
1080,2,0,2,12.179,4104.54
1079,2,0,2,12.1714,4065.86
1061,2,0,2,12.1671,4044.57
1063,2,0,2,12.1637,4026.76
1062,2,0,2,12.1626,4019.69
2159,2,0,2,12.1625,4018.79
1045,2,0,2,12.1618,4015.64
1012,2,0,2,12.1545,3974.66
1014,2,0,2,12.1541,3972.45
989,2,0,2,12.1436,3916.59
990,2,0,2,12.1336,3866.33
704,2,0,2,12.1223,3808.59
2179,2,0,2,12.1221,3807.73
662,2,0,2,12.1159,3778.08
602,2,0,2,12.1049,3710.39
599,2,0,2,12.101,3688.16
605,2,0,2,12.0972,3664.41
529,2,0,2,12.0799,3564.4
726,2,0,2,12.0652,3464.31
714,2,0,2,12.065,3462.45
1543,2,0,2,12.0607,3432.49
710,2,0,2,12.0389,3310.88
1016,2,0,3,12.7691,7087.39,0.0438333,191.188,0.28,4
2029,2,0,3,12.7626,7054.38
1043,2,0,3,12.7625,7053.96
2158,2,0,3,12.7534,7009.82
2030,2,0,3,12.7494,6989.98
1041,2,0,3,12.7447,6964.99
1059,2,0,3,12.7365,6923.15
1058,2,0,3,12.7313,6897.09
1056,2,0,3,12.7249,6862.66
1072,2,0,3,12.7073,6771.76
1071,2,0,3,12.6991,6729.65
1090,2,0,3,12.6909,6685.01
1089,2,0,3,12.6842,6649.15
1119,2,0,3,12.6771,6609.92
1118,2,0,3,12.6703,6573.72
2044,2,0,3,12.6542,6490.47
2169,2,0,3,12.6477,6455.59
2171,2,0,3,12.6435,6433.46
2046,2,0,3,12.6373,6402.23
1778,2,0,3,12.6119,6273.72
1327,2,0,3,12.6006,6212.94
1343,2,0,3,12.6,6210.21
1355,2,0,3,12.5753,6079.39
1364,2,0,3,12.5752,6079.18
1362,2,0,3,12.565,6025.55
1382,2,0,3,12.5356,5877.96
1390,2,0,3,12.5147,5767.32
1402,2,0,3,12.5037,5709.48
501,2,0,4,13.0036,8204.08,0.0531667,231.897,0.2,5
1747,2,0,4,12.9969,8171.47
1746,2,0,4,12.9677,8026.97
1745,2,0,4,12.9568,7972.91
1844,2,0,4,12.9362,7872.68
575,2,0,4,12.9335,7856.62
571,2,0,4,12.9297,7836.65
570,2,0,4,12.9251,7814.32
569,2,0,4,12.9194,7786.73
640,2,0,4,12.9141,7759.71
649,2,0,4,12.9076,7728.37
646,2,0,4,12.9012,7697.49
691,2,0,4,12.8934,7660.73
689,2,0,4,12.8696,7549.84
979,2,0,4,12.8599,7505.8
980,2,0,4,12.8547,7479.73
978,2,0,4,12.8511,7461.24
1010,2,0,4,12.8354,7381.09
1016,2,0,4,12.8129,7278.58
110,2,0,5,13.3289,9896.75,0,0,0
1968,2,0,5,13.3139,9815.95
114,2,0,5,13.308,9780.76
1719,2,0,5,13.2727,9587.5
1718,2,0,5,13.2547,9488.96
129,2,0,5,13.2307,9355.21
134,2,0,5,13.2258,9326.7
133,2,0,5,13.2138,9261.86
138,2,0,5,13.1929,9157.28
184,2,0,5,13.1761,9066.89
440,2,0,5,13.1536,8950.51
451,2,0,5,13.1372,8865.09
1716,2,0,5,13.1348,8848.67
462,2,0,5,13.1276,8809.85
1990,2,0,5,13.1198,8756.81
463,2,0,5,13.1026,8666.78
474,2,0,5,13.0888,8593.78
2140,2,0,5,13.0806,8555.95
2141,2,0,5,13.0724,8510.97
473,2,0,5,13.0722,8510.21
502,2,0,5,13.0632,8466.31
501,2,0,5,13.0568,8435.98
410,3,0,0,11.7022,1462.66,0.0726667,316.95,0.06,1
398,3,0,0,11.7019,1461.45
397,3,0,0,11.6893,1392.89
390,3,0,0,11.6698,1291.33
382,3,0,0,11.6525,1199.86
376,3,0,0,11.6345,1103.09
369,3,0,0,11.615,998.232
360,3,0,0,11.5927,878.986
361,3,0,0,11.5801,809.873
128,3,0,0,11.5196,481.115
126,3,0,0,11.5123,442.296
125,3,0,0,11.506,408.059
118,3,0,0,11.4731,231.019
1968,3,0,0,11.4453,81.9493
110,3,0,0,11.43,0
710,3,0,1,11.9946,3117.52,0.0443333,193.369,0.36,2
1543,3,0,1,11.9731,2997.25
715,3,0,1,11.9683,2952.99
714,3,0,1,11.9644,2928.98
726,3,0,1,11.9642,2927.1
529,3,0,1,11.9505,2827.61
605,3,0,1,11.9357,2731
603,3,0,1,11.9306,2703.02
604,3,0,1,11.9263,2679.88
596,3,0,1,11.9262,2678.91
580,3,0,1,11.9178,2620.63
574,3,0,1,11.9005,2527.39
573,3,0,1,11.8905,2471.49
564,3,0,1,11.8828,2430.34
557,3,0,1,11.8767,2396.35
561,3,0,1,11.87,2349.83
628,3,0,1,11.8655,2324.18
609,3,0,1,11.8528,2247.52
423,3,0,1,11.8469,2191.2
419,3,0,1,11.8422,2156.76
418,3,0,1,11.8269,2071.84
2139,3,0,1,11.823,2050.41
2138,3,0,1,11.8046,1948.97
411,3,0,1,11.791,1874.15
412,3,0,1,11.7885,1855.14
398,3,0,1,11.7751,1780.81
410,3,0,1,11.7748,1779.61
501,3,0,2,12.1653,4004.15,0.102667,447.801,0.22,3
1747,3,0,2,12.1585,3971.54
505,3,0,2,12.1534,3945.32
506,3,0,2,12.1359,3864.64
507,3,0,2,12.1286,3829.61
510,3,0,2,12.1178,3778.53
509,3,0,2,12.1126,3753.11
508,3,0,2,12.1077,3726.5
512,3,0,2,12.0999,3687.28
511,3,0,2,12.0961,3668.12
2145,3,0,2,12.0954,3664.9
2146,3,0,2,12.0838,3600.57
529,3,0,2,12.0799,3564.4
726,3,0,2,12.0652,3464.31
714,3,0,2,12.065,3462.45
1543,3,0,2,12.0607,3432.49
710,3,0,2,12.0389,3310.88
1402,3,0,3,12.6748,6528.05,0.085,370.744,0.2,4
1390,3,0,3,12.6647,6473.65
1382,3,0,3,12.6422,6356.54
1362,3,0,3,12.6229,6251.71
1361,3,0,3,12.6184,6227.19
1354,3,0,3,12.6183,6227
1355,3,0,3,12.6129,6196.96
2076,3,0,3,12.6111,6187.84
1356,3,0,3,12.6023,6143.41
1357,3,0,3,12.6015,6139.69
1349,3,0,3,12.5882,6072.29
1348,3,0,3,12.5874,6067.95
1340,3,0,3,12.5869,6065.4
1339,3,0,3,12.5807,6034.28
1329,3,0,3,12.5683,5969.68
1158,3,0,3,12.551,5883.85
2048,3,0,3,12.5308,5777.27
1131,3,0,3,12.5253,5748.9
1130,3,0,3,12.5195,5719.97
1129,3,0,3,12.5007,5631.33
1121,3,0,3,12.4814,5531.4
1095,3,0,3,12.4733,5492.59
1093,3,0,3,12.4656,5451.87
1074,3,0,3,12.4591,5415.67
1073,3,0,3,12.4473,5356.8
1057,3,0,3,12.4291,5264.11
1042,3,0,3,12.4238,5237.73
2030,3,0,3,12.4168,5200.7
1011,3,0,3,12.4167,5199.85
1547,3,0,3,12.4024,5129.73
1546,3,0,3,12.3973,5104.04
975,3,0,3,12.3941,5086.89
2026,3,0,3,12.388,5054.16
2027,3,0,3,12.3804,5018.35
1998,3,0,3,12.3704,4967.25
1997,3,0,3,12.3622,4925.17
1996,3,0,3,12.3559,4895.54
1995,3,0,3,12.3493,4863.46
1993,3,0,3,12.3442,4836.65
1994,3,0,3,12.34,4815.17
572,3,0,3,12.3329,4776.05
541,3,0,3,12.324,4729.48
540,3,0,3,12.3133,4674.57
1754,3,0,3,12.3047,4630.38
518,3,0,3,12.2961,4587.43
500,3,0,3,12.2905,4559
501,3,0,3,12.2679,4451.95
1016,3,0,4,13.0252,8276.7,0.0561667,244.982,0.25,5
2029,3,0,4,13.0186,8243.69
1043,3,0,4,13.0186,8243.27
2158,3,0,4,13.0095,8199.12
2030,3,0,4,13.0055,8179.29
1041,3,0,4,13.0008,8154.3
1059,3,0,4,12.9926,8112.46
1058,3,0,4,12.9874,8086.4
1056,3,0,4,12.981,8051.96
1072,3,0,4,12.9634,7961.06
1071,3,0,4,12.9552,7918.96
1090,3,0,4,12.9469,7874.32
1089,3,0,4,12.9403,7838.46
1119,3,0,4,12.9332,7799.23
1118,3,0,4,12.9264,7763.03
2044,3,0,4,12.9103,7679.78
2169,3,0,4,12.9038,7644.9
2171,3,0,4,12.8996,7622.76
2046,3,0,4,12.8934,7591.54
1778,3,0,4,12.868,7463.03
1327,3,0,4,12.8567,7402.25
1343,3,0,4,12.8561,7399.52
1355,3,0,4,12.8314,7268.7
1364,3,0,4,12.8313,7268.49
1362,3,0,4,12.8211,7214.86
1382,3,0,4,12.7917,7067.27
1390,3,0,4,12.7707,6956.63
1402,3,0,4,12.7598,6898.79
110,3,0,5,13.5032,10718,0,0,0
1968,3,0,5,13.4881,10637.2
114,3,0,5,13.4823,10602
1719,3,0,5,13.4467,10407.2
1718,3,0,5,13.4284,10307.8
129,3,0,5,13.4041,10172.7
134,3,0,5,13.3968,10134.3
133,3,0,5,13.3841,10066.7
138,3,0,5,13.3633,9962.14
184,3,0,5,13.3456,9867.87
440,3,0,5,13.3246,9758.01
451,3,0,5,13.3082,9672.59
1716,3,0,5,13.3058,9656.17
462,3,0,5,13.2986,9617.35
1990,3,0,5,13.2908,9564.31
463,3,0,5,13.2736,9474.27
474,3,0,5,13.2598,9401.28
2140,3,0,5,13.2516,9363.45
475,3,0,5,13.2449,9332.18
499,3,0,5,13.2371,9292.59
500,3,0,5,13.2325,9269.18
518,3,0,5,13.227,9241
1754,3,0,5,13.2138,9179.14
540,3,0,5,13.2052,9135.24
541,3,0,5,13.1945,9080.09
572,3,0,5,13.1858,9034.33
1994,3,0,5,13.1761,8984.05
1993,3,0,5,13.1718,8962.57
1995,3,0,5,13.165,8928.2
1996,3,0,5,13.1589,8898.26
1997,3,0,5,13.155,8878.36
2027,3,0,5,13.1301,8757.58
2026,3,0,5,13.1243,8729.1
978,3,0,5,13.1153,8687.1
1010,3,0,5,13.1015,8614.98
1016,3,0,5,13.0814,8521.68
710,4,0,0,13.5525,1706.65,0.0466667,203.546,0.45,1
1543,4,0,0,13.5294,1579.59
459,4,0,0,13.5202,1517.38
458,4,0,0,13.5127,1471.15
456,4,0,0,13.5034,1410.12
457,4,0,0,13.4975,1377.61
454,4,0,0,13.4898,1323.63
455,4,0,0,13.4872,1308.67
453,4,0,0,13.4785,1243.21
446,4,0,0,13.4702,1195.77
442,4,0,0,13.4585,1137.28
1857,4,0,0,13.4497,1091.26
441,4,0,0,13.4436,1062.09
185,4,0,0,13.4326,1004.16
177,4,0,0,13.4203,938.786
184,4,0,0,13.4003,829.279
138,4,0,0,13.3836,739.414
133,4,0,0,13.3697,664.29
134,4,0,0,13.3621,612.333
129,4,0,0,13.355,574.749
1718,4,0,0,13.3291,432.78
1720,4,0,0,13.322,394.625
1719,4,0,0,13.3093,321.152
114,4,0,0,13.2716,117.424
1968,4,0,0,13.2648,79.7523
110,4,0,0,13.25,0
1402,4,0,1,14.0003,4027.57,0.0816667,356.205,0.16,2
1390,4,0,1,13.9911,3977.52
1382,4,0,1,13.9609,3827.77
1362,4,0,1,13.9382,3708.77
1361,4,0,1,13.9332,3681.77
1354,4,0,1,13.9331,3681.58
1355,4,0,1,13.9206,3621.92
2076,4,0,1,13.9188,3612.81
1356,4,0,1,13.9104,3570.09
1357,4,0,1,13.9096,3566.38
1349,4,0,1,13.8961,3498.2
1348,4,0,1,13.8955,3494.87
1340,4,0,1,13.895,3492.33
1339,4,0,1,13.8897,3464.61
1329,4,0,1,13.8787,3406.27
1158,4,0,1,13.8637,3329.94
2048,4,0,1,13.8436,3223.82
1151,4,0,1,13.8338,3171.97
1134,4,0,1,13.828,3141.99
1133,4,0,1,13.823,3115.82
1122,4,0,1,13.8116,3058.27
1096,4,0,1,13.786,2931.66
1099,4,0,1,13.7812,2907
1098,4,0,1,13.7739,2870.34
1101,4,0,1,13.7545,2772.1
1082,4,0,1,13.7461,2730.13
1079,4,0,1,13.737,2683.11
1061,4,0,1,13.7327,2661.83
1063,4,0,1,13.7295,2644.99
1062,4,0,1,13.7285,2637.95
2159,4,0,1,13.7283,2636.96
1045,4,0,1,13.7276,2633.81
1012,4,0,1,13.7204,2592.83
2028,4,0,1,13.7123,2547.36
989,4,0,1,13.7089,2531.63
990,4,0,1,13.6988,2481.36
991,4,0,1,13.6963,2469.01
706,4,0,1,13.6892,2429.55
704,4,0,1,13.6866,2416.78
2179,4,0,1,13.6864,2415.92
662,4,0,1,13.6802,2386.27
602,4,0,1,13.669,2318.13
599,4,0,1,13.6645,2293.43
605,4,0,1,13.6593,2265.31
529,4,0,1,13.6428,2166.41
726,4,0,1,13.6266,2064.88
714,4,0,1,13.6264,2063
1543,4,0,1,13.6206,2030.56
710,4,0,1,13.5991,1910.19
1016,4,0,2,14.34,5736.79,0.0881667,384.556,0.22,3
2029,4,0,2,14.3356,5713.04
1043,4,0,2,14.3356,5712.63
2158,4,0,2,14.3287,5677.85
2030,4,0,2,14.3248,5658.01
1041,4,0,2,14.3196,5631.43
1059,4,0,2,14.3108,5586.59
1058,4,0,2,14.3058,5561.34
1075,4,0,2,14.2882,5471.27
1072,4,0,2,14.2782,5419.83
1071,4,0,2,14.268,5369.35
1090,4,0,2,14.262,5332.13
1089,4,0,2,14.2559,5298.81
1119,4,0,2,14.2473,5252.92
1118,4,0,2,14.2411,5219.33
2044,4,0,2,14.2259,5139.77
2169,4,0,2,14.2179,5098.75
2171,4,0,2,14.2132,5074.6
1549,4,0,2,14.2054,5034.45
1147,4,0,2,14.198,4996.06
1327,4,0,2,14.1696,4848.09
1343,4,0,2,14.169,4845.36
1355,4,0,2,14.1422,4705.94
1364,4,0,2,14.1422,4705.73
1362,4,0,2,14.1324,4653.75
1382,4,0,2,14.1123,4545.92
1390,4,0,2,14.0908,4432.75
1402,4,0,2,14.0819,4383.78
501,4,0,3,14.6177,7043.04,0.107,466.702,0.18,4
1747,4,0,3,14.608,6998.73
1746,4,0,3,14.5801,6859.39
1745,4,0,3,14.567,6796.1
1844,4,0,3,14.5491,6706.86
575,4,0,3,14.5467,6691.35
571,4,0,3,14.5438,6675.23
570,4,0,3,14.539,6651.95
569,4,0,3,14.5338,6626.63
640,4,0,3,14.5257,6587.72
649,4,0,3,14.5164,6545.19
646,4,0,3,14.5086,6508.67
691,4,0,3,14.5027,6479.77
689,4,0,3,14.4806,6375.77
979,4,0,3,14.4721,6336.17
980,4,0,3,14.4662,6307.77
978,4,0,3,14.4627,6289.58
1010,4,0,3,14.4479,6212.81
1016,4,0,3,14.4282,6121.35
110,4,0,4,14.9984,8998.94,0,0,0
111,4,0,4,14.996,8983.06
1968,4,0,4,14.9866,8918.38
114,4,0,4,14.981,8883.65
1719,4,0,4,14.9431,8678.61
1720,4,0,4,14.928,8596.14
1718,4,0,4,14.9222,8563.59
129,4,0,4,14.897,8424.52
134,4,0,4,14.891,8391.56
133,4,0,4,14.8786,8325.03
138,4,0,4,14.8577,8220.45
184,4,0,4,14.8414,8131.91
440,4,0,4,14.8256,8044.29
451,4,0,4,14.809,7958.09
1716,4,0,4,14.8066,7941.67
462,4,0,4,14.7975,7894.59
1990,4,0,4,14.7904,7841.9
463,4,0,4,14.7717,7745.38
474,4,0,4,14.7564,7666.14
2140,4,0,4,14.7473,7624.8
2141,4,0,4,14.7395,7581.6
473,4,0,4,14.7392,7580.32
502,4,0,4,14.7302,7536.42
501,4,0,4,14.7247,7509.74
410,4,1,0,11.4922,1462.66,0.0726667,316.95,0.06,1
398,4,1,0,11.4919,1461.45
397,4,1,0,11.4793,1392.89
390,4,1,0,11.4598,1291.33
382,4,1,0,11.4425,1199.86
376,4,1,0,11.4245,1103.09
369,4,1,0,11.405,998.232
360,4,1,0,11.3827,878.986
361,4,1,0,11.3701,809.873
128,4,1,0,11.3096,481.115
126,4,1,0,11.3023,442.296
125,4,1,0,11.296,408.059
118,4,1,0,11.2631,231.019
1968,4,1,0,11.2353,81.9493
110,4,1,0,11.22,0
110,4,1,1,11.8497,3360.63,0,0,0
1968,4,1,1,11.8346,3279.59
1969,4,1,1,11.8223,3203.08
115,4,1,1,11.8198,3188.51
2113,4,1,1,11.815,3162.69
2133,4,1,1,11.6941,2480.93
366,4,1,1,11.6904,2454.3
2134,4,1,1,11.6788,2390.2
2136,4,1,1,11.6663,2322.55
393,4,1,1,11.6336,2155.53
392,4,1,1,11.6156,2054.99
400,4,1,1,11.5953,1948.22
411,4,1,1,11.581,1874.15
412,4,1,1,11.5785,1855.14
398,4,1,1,11.5651,1780.81
410,4,1,1,11.5648,1779.61
410,5,0,0,13.3943,1471.19,0.074,322.766,0.11,1
398,5,0,0,13.394,1469.98
397,5,0,0,13.3832,1408.71
390,5,0,0,13.3633,1305.9
382,5,0,0,13.3469,1218.33
376,5,0,0,13.3299,1125.74
369,5,0,0,13.3101,1019.33
360,5,0,0,13.2891,906.015
361,5,0,0,13.2746,828.632
128,5,0,0,13.2195,523.193
126,5,0,0,13.211,479.066
125,5,0,0,13.2018,432.83
118,5,0,0,13.167,247.521
1968,5,0,0,13.1348,79.7523
110,5,0,0,13.12,0
1016,5,0,1,13.6827,2978.6,0.0561667,244.982,0.25,2
1010,5,0,1,13.6736,2930.95
2026,5,0,1,13.6462,2797.16
2027,5,0,1,13.6411,2771.32
1998,5,0,1,13.6307,2718.62
1997,5,0,1,13.6221,2675.01
1996,5,0,1,13.6162,2646.71
1995,5,0,1,13.608,2608.39
1993,5,0,1,13.5989,2564.72
1994,5,0,1,13.5946,2543.23
562,5,0,1,13.5851,2494.18
563,5,0,1,13.5814,2475.26
564,5,0,1,13.5757,2444.42
557,5,0,1,13.5698,2411.34
561,5,0,1,13.5631,2364.8
628,5,0,1,13.5588,2339.43
609,5,0,1,13.5466,2263.63
423,5,0,1,13.5407,2207.31
419,5,0,1,13.5354,2172.47
418,5,0,1,13.5171,2074.91
2139,5,0,1,13.5138,2055.44
2138,5,0,1,13.4974,1962.7
411,5,0,1,13.4851,1893.38
412,5,0,1,13.483,1873.87
398,5,0,1,13.4686,1795.16
410,5,0,1,13.4683,1793.95
1402,5,0,2,14.0035,4590.97,0.0816667,356.205,0.16,3
1390,5,0,2,13.9944,4540.91
1382,5,0,2,13.9689,4410.86
1362,5,0,2,13.9483,4300.86
1361,5,0,2,13.9441,4277.69
1354,5,0,2,13.9441,4277.5
1355,5,0,2,13.9376,4243
2076,5,0,2,13.9358,4233.89
1356,5,0,2,13.9282,4194.54
1357,5,0,2,13.9274,4190.82
1349,5,0,2,13.9147,4125.87
1348,5,0,2,13.9141,4122.44
1340,5,0,2,13.9136,4119.9
1339,5,0,2,13.908,4091.16
1330,5,0,2,13.8873,3982.42
1161,5,0,2,13.8779,3934.51
1162,5,0,2,13.8679,3881.51
1136,5,0,2,13.8492,3783.31
1138,5,0,2,13.8425,3748.95
1137,5,0,2,13.8366,3717.85
1123,5,0,2,13.8229,3651.7
1775,5,0,2,13.8143,3607.71
1102,5,0,2,13.7986,3528.52
1100,5,0,2,13.7844,3459.13
1101,5,0,2,13.7734,3402.48
1082,5,0,2,13.765,3360.52
1079,5,0,2,13.7559,3313.5
1061,5,0,2,13.7516,3292.21
1063,5,0,2,13.7484,3275.37
1062,5,0,2,13.7474,3268.33
2159,5,0,2,13.7472,3267.35
1045,5,0,2,13.7465,3264.2
1043,5,0,2,13.7432,3247.52
2029,5,0,2,13.7431,3247.1
1016,5,0,2,13.7388,3223.58
501,5,0,3,14.5055,7106.11,0.107,466.702,0.18,4
1747,5,0,3,14.4995,7076.89
1746,5,0,3,14.4709,6934.48
540,5,0,3,14.4539,6848.54
541,5,0,3,14.4414,6786.03
572,5,0,3,14.4309,6732.79
567,5,0,3,14.4208,6679.38
565,5,0,3,14.4186,6665.89
562,5,0,3,14.4119,6631.38
639,5,0,3,14.4085,6613.94
638,5,0,3,14.4028,6584.27
637,5,0,3,14.3978,6559.24
685,5,0,3,14.3868,6505.46
687,5,0,3,14.3816,6479.43
971,5,0,3,14.3669,6410.53
972,5,0,3,14.3596,6374.32
973,5,0,3,14.3449,6305.19
1008,5,0,3,14.3352,6257.09
1009,5,0,3,14.323,6195.51
1041,5,0,3,14.3229,6194.82
1059,5,0,3,14.314,6149.99
1058,5,0,3,14.309,6124.74
1075,5,0,3,14.2915,6034.67
1072,5,0,3,14.2815,5983.22
1071,5,0,3,14.2713,5932.75
1090,5,0,3,14.2652,5895.53
1089,5,0,3,14.2591,5862.2
1119,5,0,3,14.2505,5816.31
1118,5,0,3,14.2443,5782.73
2044,5,0,3,14.2291,5703.16
2169,5,0,3,14.2211,5662.14
2171,5,0,3,14.2164,5637.99
1549,5,0,3,14.2087,5597.84
1147,5,0,3,14.2012,5559.46
1327,5,0,3,14.1728,5411.48
1343,5,0,3,14.1722,5408.75
1355,5,0,3,14.1455,5269.33
1364,5,0,3,14.1454,5269.12
1362,5,0,3,14.1356,5217.14
1382,5,0,3,14.1156,5109.31
1390,5,0,3,14.0941,4996.14
1402,5,0,3,14.0852,4947.17
110,5,0,4,14.8862,9062.01,0,0,0
111,5,0,4,14.8838,9046.13
1968,5,0,4,14.8744,8981.46
114,5,0,4,14.8688,8946.72
1719,5,0,4,14.8308,8741.69
1720,5,0,4,14.8158,8659.22
1718,5,0,4,14.81,8626.67
129,5,0,4,14.7848,8487.6
134,5,0,4,14.7788,8454.63
133,5,0,4,14.7664,8388.1
138,5,0,4,14.7455,8283.52
184,5,0,4,14.7292,8194.98
440,5,0,4,14.7133,8107.36
451,5,0,4,14.6968,8021.16
1716,5,0,4,14.6944,8004.74
462,5,0,4,14.6852,7957.67
1990,5,0,4,14.6782,7904.97
463,5,0,4,14.6595,7808.45
474,5,0,4,14.6441,7729.21
2140,5,0,4,14.6351,7687.88
2141,5,0,4,14.6273,7644.68
473,5,0,4,14.627,7643.39
502,5,0,4,14.618,7599.49
501,5,0,4,14.6125,7572.81
710,5,1,0,11.6284,1682.36,0.0443333,193.369,0.36,1
1543,5,1,0,11.6033,1546.36
459,5,1,0,11.5934,1483.42
458,5,1,0,11.5864,1437.75
456,5,1,0,11.5772,1376.86
457,5,1,0,11.5718,1346.64
454,5,1,0,11.5642,1292.68
455,5,1,0,11.5618,1278.37
453,5,1,0,11.5526,1212.8
446,5,1,0,11.544,1164.09
442,5,1,0,11.5358,1120.37
1857,5,1,0,11.5274,1076.3
441,5,1,0,11.5225,1051.98
185,5,1,0,11.5115,993.794
177,5,1,0,11.4989,927.553
184,5,1,0,11.4785,816.223
138,5,1,0,11.4628,730.3
133,5,1,0,11.4485,653.53
134,5,1,0,11.4409,601.574
129,5,1,0,11.4333,561.93
1718,5,1,0,11.4069,417.674
1719,5,1,0,11.3902,325.295
114,5,1,0,11.3523,120.486
1968,5,1,0,11.3453,81.9493
110,5,1,0,11.33,0
110,5,1,1,11.9792,3629.63,0,0,0
1968,5,1,1,11.9641,3548.6
114,5,1,1,11.9589,3514.27
1719,5,1,1,11.9159,3287.66
1718,5,1,1,11.9005,3200.61
129,5,1,1,11.876,3064.75
134,5,1,1,11.8696,3030.36
133,5,1,1,11.8568,2962.15
138,5,1,1,11.836,2857.57
184,5,1,1,11.8167,2756.61
440,5,1,1,11.8001,2665.42
451,5,1,1,11.7813,2569.71
1716,5,1,1,11.7789,2553.28
462,5,1,1,11.7685,2500.86
1990,5,1,1,11.7606,2447.83
452,5,1,1,11.7556,2415.39
453,5,1,1,11.7443,2328.21
455,5,1,1,11.7319,2258.28
454,5,1,1,11.729,2242.66
457,5,1,1,11.7223,2188.7
456,5,1,1,11.7172,2159.26
458,5,1,1,11.7077,2098.11
459,5,1,1,11.7018,2053.01
1543,5,1,1,11.6925,1990.78
710,5,1,1,11.6728,1875.73
410,6,0,0,13.3943,1471.19,0.074,322.766,0.11,1
398,6,0,0,13.394,1469.98
397,6,0,0,13.3832,1408.71
390,6,0,0,13.3633,1305.9
382,6,0,0,13.3469,1218.33
376,6,0,0,13.3299,1125.74
369,6,0,0,13.3101,1019.33
360,6,0,0,13.2891,906.015
361,6,0,0,13.2746,828.632
128,6,0,0,13.2195,523.193
126,6,0,0,13.211,479.066
125,6,0,0,13.2018,432.83
118,6,0,0,13.167,247.521
1968,6,0,0,13.1348,79.7523
110,6,0,0,13.12,0
1402,6,0,1,13.8949,4038.37,0.1085,473.244,0.18,2
1390,6,0,1,13.8857,3988.31
1389,6,0,1,13.8595,3847.36
1388,6,0,1,13.8394,3752.17
1323,6,0,1,13.8387,3748.39
2072,6,0,1,13.8145,3630.82
1317,6,0,1,13.7947,3524.14
2071,6,0,1,13.784,3460.08
2165,6,0,1,13.7617,3342.68
1314,6,0,1,13.7449,3253.68
2163,6,0,1,13.7302,3173.84
2023,6,0,1,13.7018,3022.47
1787,6,0,1,13.6937,2981.18
1788,6,0,1,13.6929,2977.48
943,6,0,1,13.677,2896.83
934,6,0,1,13.6682,2848.99
933,6,0,1,13.6579,2795.06
936,6,0,1,13.6573,2792.12
1737,6,0,1,13.6458,2728.89
917,6,0,1,13.629,2645.65
916,6,0,1,13.6289,2644.75
906,6,0,1,13.603,2511.66
889,6,0,1,13.5908,2449.74
890,6,0,1,13.5813,2401.78
2013,6,0,1,13.5583,2283.62
1988,6,0,1,13.5393,2183.84
416,6,0,1,13.5178,2077.27
2139,6,0,1,13.5138,2055.44
2138,6,0,1,13.4974,1962.7
411,6,0,1,13.4851,1893.38
412,6,0,1,13.483,1873.87
398,6,0,1,13.4686,1795.16
410,6,0,1,13.4683,1793.95
1016,6,0,2,14.2614,5864.63,0.0881667,384.556,0.22,3
2029,6,0,2,14.257,5840.88
1043,6,0,2,14.257,5840.46
2158,6,0,2,14.2501,5805.68
2030,6,0,2,14.2462,5785.85
1041,6,0,2,14.241,5759.26
1059,6,0,2,14.2322,5714.43
1058,6,0,2,14.2272,5689.18
1075,6,0,2,14.2097,5599.11
1072,6,0,2,14.1996,5547.66
1071,6,0,2,14.1895,5497.19
1090,6,0,2,14.1834,5459.97
1089,6,0,2,14.1773,5426.64
1119,6,0,2,14.1687,5380.76
1118,6,0,2,14.1625,5347.17
2044,6,0,2,14.1473,5267.61
2169,6,0,2,14.1393,5226.59
2171,6,0,2,14.1346,5202.43
1549,6,0,2,14.1268,5162.28
1147,6,0,2,14.1194,5123.9
1327,6,0,2,14.091,4975.93
1343,6,0,2,14.0904,4973.19
1355,6,0,2,14.0636,4833.77
1364,6,0,2,14.0636,4833.56
1362,6,0,2,14.0538,4781.58
1382,6,0,2,14.0337,4673.75
1390,6,0,2,14.0122,4560.58
1402,6,0,2,14.0034,4511.62
501,6,0,3,14.5391,7170.87,0.107,466.702,0.18,4
1747,6,0,3,14.5294,7126.57
1746,6,0,3,14.5015,6987.23
1745,6,0,3,14.4884,6923.94
1844,6,0,3,14.4705,6834.69
575,6,0,3,14.4681,6819.18
571,6,0,3,14.4652,6803.06
570,6,0,3,14.4604,6779.79
569,6,0,3,14.4553,6754.47
640,6,0,3,14.4471,6715.56
649,6,0,3,14.4378,6673.02
646,6,0,3,14.43,6636.51
691,6,0,3,14.4241,6607.6
689,6,0,3,14.402,6503.61
979,6,0,3,14.3935,6464.01
980,6,0,3,14.3877,6435.6
978,6,0,3,14.3841,6417.41
1010,6,0,3,14.3693,6340.65
1016,6,0,3,14.3496,6249.19
110,6,0,4,14.9198,9126.78,0,0,0
111,6,0,4,14.9174,9110.9
1968,6,0,4,14.908,9046.21
114,6,0,4,14.9025,9011.48
1719,6,0,4,14.8645,8806.45
1720,6,0,4,14.8494,8723.98
1718,6,0,4,14.8436,8691.43
129,6,0,4,14.8184,8552.36
134,6,0,4,14.8124,8519.39
133,6,0,4,14.8,8452.87
138,6,0,4,14.7791,8348.28
184,6,0,4,14.7628,8259.74
440,6,0,4,14.747,8172.12
451,6,0,4,14.7304,8085.93
1716,6,0,4,14.728,8069.5
462,6,0,4,14.7189,8022.43
1990,6,0,4,14.7118,7969.73
463,6,0,4,14.6931,7873.21
474,6,0,4,14.6778,7793.97
2140,6,0,4,14.6687,7752.64
2141,6,0,4,14.6609,7709.44
473,6,0,4,14.6607,7708.15
502,6,0,4,14.6516,7664.25
501,6,0,4,14.6461,7637.58
710,6,1,0,11.6284,1682.36,0.0443333,193.369,0.36,1
1543,6,1,0,11.6033,1546.36
459,6,1,0,11.5934,1483.42
458,6,1,0,11.5864,1437.75
456,6,1,0,11.5772,1376.86
457,6,1,0,11.5718,1346.64
454,6,1,0,11.5642,1292.68
455,6,1,0,11.5618,1278.37
453,6,1,0,11.5526,1212.8
446,6,1,0,11.544,1164.09
442,6,1,0,11.5358,1120.37
1857,6,1,0,11.5274,1076.3
441,6,1,0,11.5225,1051.98
185,6,1,0,11.5115,993.794
177,6,1,0,11.4989,927.553
184,6,1,0,11.4785,816.223
138,6,1,0,11.4628,730.3
133,6,1,0,11.4485,653.53
134,6,1,0,11.4409,601.574
129,6,1,0,11.4333,561.93
1718,6,1,0,11.4069,417.674
1719,6,1,0,11.3902,325.295
114,6,1,0,11.3523,120.486
1968,6,1,0,11.3453,81.9493
110,6,1,0,11.33,0
110,6,1,1,11.9792,3629.63,0,0,0
1968,6,1,1,11.9641,3548.6
114,6,1,1,11.9589,3514.27
1719,6,1,1,11.9159,3287.66
1718,6,1,1,11.9005,3200.61
129,6,1,1,11.876,3064.75
134,6,1,1,11.8696,3030.36
133,6,1,1,11.8568,2962.15
138,6,1,1,11.836,2857.57
184,6,1,1,11.8167,2756.61
440,6,1,1,11.8001,2665.42
451,6,1,1,11.7813,2569.71
1716,6,1,1,11.7789,2553.28
462,6,1,1,11.7685,2500.86
1990,6,1,1,11.7606,2447.83
452,6,1,1,11.7556,2415.39
453,6,1,1,11.7443,2328.21
455,6,1,1,11.7319,2258.28
454,6,1,1,11.729,2242.66
457,6,1,1,11.7223,2188.7
456,6,1,1,11.7172,2159.26
458,6,1,1,11.7077,2098.11
459,6,1,1,11.7018,2053.01
1543,6,1,1,11.6925,1990.78
710,6,1,1,11.6728,1875.73
501,7,0,0,13.6596,1510.92,0.0531667,231.897,0.2,1
502,7,0,0,13.6544,1485.38
473,7,0,0,13.6465,1446.3
2141,7,0,0,13.6463,1445.32
1750,7,0,0,13.642,1424.02
477,7,0,0,13.6375,1400.71
453,7,0,0,13.6085,1243.21
446,7,0,0,13.6002,1195.77
442,7,0,0,13.5885,1137.28
1857,7,0,0,13.5797,1091.26
441,7,0,0,13.5736,1062.09
185,7,0,0,13.5626,1004.16
177,7,0,0,13.5503,938.786
184,7,0,0,13.5303,829.279
138,7,0,0,13.5136,739.414
133,7,0,0,13.4997,664.29
134,7,0,0,13.4921,612.333
129,7,0,0,13.485,574.749
1718,7,0,0,13.4591,432.78
1720,7,0,0,13.452,394.625
1719,7,0,0,13.4393,321.152
114,7,0,0,13.4016,117.424
1968,7,0,0,13.3948,79.7523
110,7,0,0,13.38,0
1016,7,0,1,13.8772,2559.29,0.0561667,244.982,0.25,2
1010,7,0,1,13.8682,2511.64
2026,7,0,1,13.8408,2377.86
2027,7,0,1,13.8357,2352.02
1998,7,0,1,13.8253,2299.32
1997,7,0,1,13.8167,2255.7
1996,7,0,1,13.8108,2227.41
1995,7,0,1,13.8026,2189.09
1993,7,0,1,13.7935,2145.41
1994,7,0,1,13.7892,2123.93
572,7,0,1,13.7822,2085.28
541,7,0,1,13.77,2024.92
540,7,0,1,13.7596,1971.28
1754,7,0,1,13.7512,1927.61
518,7,0,1,13.7433,1887.64
500,7,0,1,13.7383,1861.85
501,7,0,1,13.7128,1742.82
1402,7,0,2,14.1981,4171.66,0.0816667,356.205,0.16,3
1390,7,0,2,14.189,4121.61
1382,7,0,2,14.1634,3991.55
1362,7,0,2,14.1429,3881.56
1361,7,0,2,14.1387,3858.38
1354,7,0,2,14.1387,3858.19
1355,7,0,2,14.1322,3823.7
2076,7,0,2,14.1304,3814.59
1356,7,0,2,14.1228,3775.24
1357,7,0,2,14.122,3771.52
1349,7,0,2,14.1093,3706.57
1348,7,0,2,14.1087,3703.13
1340,7,0,2,14.1082,3700.59
1339,7,0,2,14.1026,3671.86
1330,7,0,2,14.0818,3563.11
1161,7,0,2,14.0725,3515.2
1162,7,0,2,14.0625,3462.21
1136,7,0,2,14.0438,3364.01
1138,7,0,2,14.0371,3329.65
1137,7,0,2,14.0312,3298.54
1123,7,0,2,14.0175,3232.39
1775,7,0,2,14.0089,3188.4
1102,7,0,2,13.9932,3109.22
1100,7,0,2,13.979,3039.82
1101,7,0,2,13.968,2983.18
1082,7,0,2,13.9596,2941.21
1079,7,0,2,13.9505,2894.19
1061,7,0,2,13.9462,2872.91
1063,7,0,2,13.943,2856.07
1062,7,0,2,13.942,2849.03
2159,7,0,2,13.9418,2848.04
1045,7,0,2,13.9411,2844.89
1043,7,0,2,13.9378,2828.21
2029,7,0,2,13.9377,2827.8
1016,7,0,2,13.9334,2804.27
110,7,0,3,14.9146,7948.32,0,0,0
1968,7,0,3,14.897,7856.71
1969,7,0,3,14.8845,7779.85
115,7,0,3,14.882,7765.39
2113,7,0,3,14.8765,7736.2
2133,7,0,3,14.7428,6998.83
366,7,0,3,14.7388,6972.03
2134,7,0,3,14.7296,6914.26
2136,7,0,3,14.7188,6854.11
393,7,0,3,14.6888,6698.35
401,7,0,3,14.6761,6628.9
1739,7,0,3,14.6662,6575.04
1742,7,0,3,14.6597,6540.56
1741,7,0,3,14.6533,6506.07
418,7,0,3,14.6458,6466.55
417,7,0,3,14.643,6450.86
1989,7,0,3,14.625,6358.28
2011,7,0,3,14.6049,6255.21
2156,7,0,3,14.5994,6226.77
2013,7,0,3,14.5987,6223.62
886,7,0,3,14.5877,6169
888,7,0,3,14.5709,6075.87
903,7,0,3,14.5598,6017.61
904,7,0,3,14.5563,5998.75
925,7,0,3,14.5362,5885.54
2019,7,0,3,14.5305,5857.25
929,7,0,3,14.5301,5855.27
938,7,0,3,14.5185,5791
950,7,0,3,14.5036,5714.34
951,7,0,3,14.4927,5662.71
949,7,0,3,14.4804,5600.46
1302,7,0,3,14.4554,5468.03
1307,7,0,3,14.4417,5390.6
1308,7,0,3,14.4305,5331.03
1309,7,0,3,14.4122,5237.67
1314,7,0,3,14.4116,5234.8
2165,7,0,3,14.3961,5151.36
2071,7,0,3,14.3753,5040.21
1317,7,0,3,14.3633,4972.8
2072,7,0,3,14.3443,4870.1
1323,7,0,3,14.3283,4786.41
1388,7,0,3,14.3276,4782.63
1389,7,0,3,14.3189,4734.73
1390,7,0,3,14.2886,4576.84
1402,7,0,3,14.2798,4527.87
410,7,1,0,11.3922,1462.66,0.0726667,316.95,0.06,1
398,7,1,0,11.3919,1461.45
397,7,1,0,11.3793,1392.89
390,7,1,0,11.3598,1291.33
382,7,1,0,11.3425,1199.86
376,7,1,0,11.3245,1103.09
369,7,1,0,11.305,998.232
360,7,1,0,11.2827,878.986
361,7,1,0,11.2701,809.873
128,7,1,0,11.2096,481.115
126,7,1,0,11.2023,442.296
125,7,1,0,11.196,408.059
118,7,1,0,11.1631,231.019
1968,7,1,0,11.1353,81.9493
110,7,1,0,11.12,0
710,7,1,1,11.6846,3117.52,0.0443333,193.369,0.36,2
1543,7,1,1,11.6631,2997.25
715,7,1,1,11.6583,2952.99
714,7,1,1,11.6544,2928.98
726,7,1,1,11.6542,2927.1
529,7,1,1,11.6405,2827.61
605,7,1,1,11.6257,2731
603,7,1,1,11.6206,2703.02
604,7,1,1,11.6163,2679.88
596,7,1,1,11.6162,2678.91
580,7,1,1,11.6078,2620.63
574,7,1,1,11.5905,2527.39
573,7,1,1,11.5805,2471.49
564,7,1,1,11.5728,2430.34
557,7,1,1,11.5667,2396.35
561,7,1,1,11.56,2349.83
628,7,1,1,11.5555,2324.18
609,7,1,1,11.5428,2247.52
423,7,1,1,11.5369,2191.2
419,7,1,1,11.5322,2156.76
418,7,1,1,11.5169,2071.84
2139,7,1,1,11.513,2050.41
2138,7,1,1,11.4946,1948.97
411,7,1,1,11.481,1874.15
412,7,1,1,11.4785,1855.14
398,7,1,1,11.4651,1780.81
410,7,1,1,11.4648,1779.61
110,7,1,2,12.0354,5064.79,0,0,0
1968,7,1,2,12.0203,4983.75
114,7,1,2,12.0151,4949.43
1719,7,1,2,11.9721,4722.82
1718,7,1,2,11.9566,4635.77
129,7,1,2,11.9322,4499.9
134,7,1,2,11.9258,4465.51
133,7,1,2,11.913,4397.31
138,7,1,2,11.8921,4292.72
184,7,1,2,11.8729,4191.76
440,7,1,2,11.8562,4100.57
451,7,1,2,11.8374,4004.86
1716,7,1,2,11.835,3988.43
462,7,1,2,11.8246,3936.01
1990,7,1,2,11.8168,3882.98
452,7,1,2,11.8118,3850.54
453,7,1,2,11.8004,3763.36
455,7,1,2,11.788,3693.43
454,7,1,2,11.7852,3677.82
457,7,1,2,11.7785,3623.85
456,7,1,2,11.7733,3594.41
458,7,1,2,11.7639,3533.26
459,7,1,2,11.7579,3488.16
1543,7,1,2,11.7486,3425.93
710,7,1,2,11.7289,3310.88
501,8,0,0,13.6596,1510.92,0.0531667,231.897,0.2,1
502,8,0,0,13.6544,1485.38
473,8,0,0,13.6465,1446.3
2141,8,0,0,13.6463,1445.32
1750,8,0,0,13.642,1424.02
477,8,0,0,13.6375,1400.71
453,8,0,0,13.6085,1243.21
446,8,0,0,13.6002,1195.77
442,8,0,0,13.5885,1137.28
1857,8,0,0,13.5797,1091.26
441,8,0,0,13.5736,1062.09
185,8,0,0,13.5626,1004.16
177,8,0,0,13.5503,938.786
184,8,0,0,13.5303,829.279
138,8,0,0,13.5136,739.414
133,8,0,0,13.4997,664.29
134,8,0,0,13.4921,612.333
129,8,0,0,13.485,574.749
1718,8,0,0,13.4591,432.78
1720,8,0,0,13.452,394.625
1719,8,0,0,13.4393,321.152
114,8,0,0,13.4016,117.424
1968,8,0,0,13.3948,79.7523
110,8,0,0,13.38,0
1402,8,0,1,14.1438,3925.73,0.0816667,356.205,0.16,2
1390,8,0,1,14.1346,3875.67
1382,8,0,1,14.1044,3725.93
1362,8,0,1,14.0817,3606.92
1361,8,0,1,14.0767,3579.93
1354,8,0,1,14.0766,3579.74
1355,8,0,1,14.0641,3520.08
2076,8,0,1,14.0623,3510.96
1356,8,0,1,14.0539,3468.25
1357,8,0,1,14.0531,3464.53
1349,8,0,1,14.0396,3396.36
1348,8,0,1,14.039,3393.03
1340,8,0,1,14.0385,3390.49
1339,8,0,1,14.0332,3362.77
1329,8,0,1,14.0222,3304.43
1158,8,0,1,14.0072,3228.1
2048,8,0,1,13.9871,3122.06
1131,8,0,1,13.9815,3093.19
1130,8,0,1,13.9757,3064.26
1129,8,0,1,13.9605,2990.07
1121,8,0,1,13.9445,2904.14
1120,8,0,1,13.9405,2882.96
1094,8,0,1,13.9356,2857.02
1091,8,0,1,13.9255,2806.29
1092,8,0,1,13.9203,2780.39
1074,8,0,1,13.9145,2749.97
1073,8,0,1,13.9061,2705.29
1057,8,0,1,13.8863,2606.3
1042,8,0,1,13.881,2579.4
2030,8,0,1,13.8738,2541.56
1011,8,0,1,13.8735,2540.11
1547,8,0,1,13.8561,2457.47
1546,8,0,1,13.8507,2430.1
975,8,0,1,13.8473,2412.13
2026,8,0,1,13.8408,2377.86
2027,8,0,1,13.8357,2352.02
1998,8,0,1,13.8253,2299.32
1997,8,0,1,13.8167,2255.7
1996,8,0,1,13.8108,2227.41
1995,8,0,1,13.8026,2189.09
1993,8,0,1,13.7935,2145.41
1994,8,0,1,13.7892,2123.93
572,8,0,1,13.7822,2085.28
541,8,0,1,13.77,2024.92
540,8,0,1,13.7596,1971.28
1754,8,0,1,13.7512,1927.61
518,8,0,1,13.7433,1887.64
500,8,0,1,13.7383,1861.85
501,8,0,1,13.7128,1742.82
1016,8,0,2,14.4835,5634.95,0.0881667,384.556,0.22,3
2029,8,0,2,14.4791,5611.2
1043,8,0,2,14.479,5610.79
2158,8,0,2,14.4722,5576.01
2030,8,0,2,14.4683,5556.17
1041,8,0,2,14.4631,5529.59
1059,8,0,2,14.4543,5484.75
1058,8,0,2,14.4493,5459.5
1075,8,0,2,14.4317,5369.43
1072,8,0,2,14.4217,5317.99
1071,8,0,2,14.4115,5267.51
1090,8,0,2,14.4055,5230.29
1089,8,0,2,14.3994,5196.97
1119,8,0,2,14.3908,5151.08
1118,8,0,2,14.3846,5117.49
2044,8,0,2,14.3694,5037.93
2169,8,0,2,14.3614,4996.91
2171,8,0,2,14.3567,4972.76
1549,8,0,2,14.3489,4932.61
1147,8,0,2,14.3415,4894.22
1327,8,0,2,14.3131,4746.25
1343,8,0,2,14.3125,4743.51
1355,8,0,2,14.2857,4604.1
1364,8,0,2,14.2857,4603.89
1362,8,0,2,14.2759,4551.9
1382,8,0,2,14.2558,4444.08
1390,8,0,2,14.2343,4330.9
1402,8,0,2,14.2254,4281.94
110,8,0,3,14.9911,8225.21,0,0,0
111,8,0,3,14.9887,8209.33
1968,8,0,3,14.9793,8144.65
114,8,0,3,14.9737,8109.92
1719,8,0,3,14.9375,7912.3
1718,8,0,3,14.9176,7805.99
129,8,0,3,14.8936,7672.2
134,8,0,3,14.8879,7640.78
133,8,0,3,14.8772,7581.41
138,8,0,3,14.8563,7476.83
184,8,0,3,14.8397,7387.22
440,8,0,3,14.8193,7280
451,8,0,3,14.8028,7193.81
1716,8,0,3,14.8004,7177.38
462,8,0,3,14.7912,7130.31
1990,8,0,3,14.7842,7077.61
463,8,0,3,14.7655,6981.09
474,8,0,3,14.7501,6901.85
2140,8,0,3,14.7411,6860.52
475,8,0,3,14.7361,6836.29
499,8,0,3,14.7284,6796.7
500,8,0,3,14.7238,6773.29
518,8,0,3,14.7192,6749.19
1754,8,0,3,14.7155,6724.26
540,8,0,3,14.7073,6681.79
541,8,0,3,14.6955,6621.97
572,8,0,3,14.6859,6572.3
1994,8,0,3,14.6732,6509.9
1993,8,0,3,14.669,6488.41
1995,8,0,3,14.6563,6430.66
1996,8,0,3,14.6504,6401.48
1997,8,0,3,14.6465,6381.58
2027,8,0,3,14.6193,6251.36
2026,8,0,3,14.6135,6222.88
978,8,0,3,14.6062,6187.74
1010,8,0,3,14.5914,6110.97
1016,8,0,3,14.5716,6019.51
410,8,1,0,11.3922,1462.66,0.0726667,316.95,0.06,1
398,8,1,0,11.3919,1461.45
397,8,1,0,11.3793,1392.89
390,8,1,0,11.3598,1291.33
382,8,1,0,11.3425,1199.86
376,8,1,0,11.3245,1103.09
369,8,1,0,11.305,998.232
360,8,1,0,11.2827,878.986
361,8,1,0,11.2701,809.873
128,8,1,0,11.2096,481.115
126,8,1,0,11.2023,442.296
125,8,1,0,11.196,408.059
118,8,1,0,11.1631,231.019
1968,8,1,0,11.1353,81.9493
110,8,1,0,11.12,0
710,8,1,1,11.6846,3117.52,0.0443333,193.369,0.36,2
1543,8,1,1,11.6631,2997.25
715,8,1,1,11.6583,2952.99
714,8,1,1,11.6544,2928.98
726,8,1,1,11.6542,2927.1
529,8,1,1,11.6405,2827.61
605,8,1,1,11.6257,2731
603,8,1,1,11.6206,2703.02
604,8,1,1,11.6163,2679.88
596,8,1,1,11.6162,2678.91
580,8,1,1,11.6078,2620.63
574,8,1,1,11.5905,2527.39
573,8,1,1,11.5805,2471.49
564,8,1,1,11.5728,2430.34
557,8,1,1,11.5667,2396.35
561,8,1,1,11.56,2349.83
628,8,1,1,11.5555,2324.18
609,8,1,1,11.5428,2247.52
423,8,1,1,11.5369,2191.2
419,8,1,1,11.5322,2156.76
418,8,1,1,11.5169,2071.84
2139,8,1,1,11.513,2050.41
2138,8,1,1,11.4946,1948.97
411,8,1,1,11.481,1874.15
412,8,1,1,11.4785,1855.14
398,8,1,1,11.4651,1780.81
410,8,1,1,11.4648,1779.61
110,8,1,2,12.0354,5064.79,0,0,0
1968,8,1,2,12.0203,4983.75
114,8,1,2,12.0151,4949.43
1719,8,1,2,11.9721,4722.82
1718,8,1,2,11.9566,4635.77
129,8,1,2,11.9322,4499.9
134,8,1,2,11.9258,4465.51
133,8,1,2,11.913,4397.31
138,8,1,2,11.8921,4292.72
184,8,1,2,11.8729,4191.76
440,8,1,2,11.8562,4100.57
451,8,1,2,11.8374,4004.86
1716,8,1,2,11.835,3988.43
462,8,1,2,11.8246,3936.01
1990,8,1,2,11.8168,3882.98
452,8,1,2,11.8118,3850.54
453,8,1,2,11.8004,3763.36
455,8,1,2,11.788,3693.43
454,8,1,2,11.7852,3677.82
457,8,1,2,11.7785,3623.85
456,8,1,2,11.7733,3594.41
458,8,1,2,11.7639,3533.26
459,8,1,2,11.7579,3488.16
1543,8,1,2,11.7486,3425.93
710,8,1,2,11.7289,3310.88
1402,9,0,0,14.0234,3372.79,0.0816667,356.205,0.16,1
1390,9,0,0,14.0141,3321.76
1389,9,0,0,13.9855,3170.7
1388,9,0,0,13.9767,3122.71
1370,9,0,0,13.9398,2928.06
1359,9,0,0,13.9389,2923.6
2071,9,0,0,13.9223,2830.9
2165,9,0,0,13.9004,2715.19
1314,9,0,0,13.8831,2623.77
2163,9,0,0,13.8683,2543.94
2023,9,0,0,13.8417,2399.84
1787,9,0,0,13.8336,2358.52
2020,9,0,0,13.8147,2264.44
935,9,0,0,13.8049,2212.99
934,9,0,0,13.8044,2210.39
933,9,0,0,13.7927,2150.9
936,9,0,0,13.7922,2147.96
1737,9,0,0,13.7807,2085.09
917,9,0,0,13.7675,2016.59
916,9,0,0,13.7673,2015.68
906,9,0,0,13.7435,1891.34
889,9,0,0,13.7322,1832.97
890,9,0,0,13.7255,1797.06
2013,9,0,0,13.706,1693.84
1988,9,0,0,13.6884,1599.98
417,9,0,0,13.6679,1495.37
418,9,0,0,13.6639,1474.43
1741,9,0,0,13.6582,1442.44
1740,9,0,0,13.6544,1421.91
1739,9,0,0,13.6497,1395.5
401,9,0,0,13.6391,1338.14
393,9,0,0,13.6259,1266.67
2136,9,0,0,13.6031,1141.76
2134,9,0,0,13.5918,1079.42
360,9,0,0,13.5591,906.015
361,9,0,0,13.5446,828.632
128,9,0,0,13.4895,523.193
126,9,0,0,13.481,479.066
125,9,0,0,13.4718,432.83
118,9,0,0,13.437,247.521
1968,9,0,0,13.4048,79.7523
110,9,0,0,13.39,0
1016,9,0,1,14.3632,5082,0.0881667,384.556,0.22,2
2029,9,0,1,14.3588,5058.25
1043,9,0,1,14.3587,5057.84
2158,9,0,1,14.3519,5023.06
2030,9,0,1,14.3479,5003.22
1041,9,0,1,14.3428,4976.64
1059,9,0,1,14.3339,4931.8
1058,9,0,1,14.3289,4906.55
1075,9,0,1,14.3114,4816.48
1072,9,0,1,14.3014,4765.04
1071,9,0,1,14.2912,4714.56
1090,9,0,1,14.2851,4677.34
1089,9,0,1,14.279,4644.02
1119,9,0,1,14.2704,4598.13
1118,9,0,1,14.2643,4564.54
2044,9,0,1,14.249,4484.98
2169,9,0,1,14.241,4443.96
2171,9,0,1,14.2364,4419.81
1549,9,0,1,14.2286,4379.66
1147,9,0,1,14.2211,4341.27
1327,9,0,1,14.1928,4193.3
1343,9,0,1,14.1922,4190.57
1355,9,0,1,14.1654,4051.15
1364,9,0,1,14.1653,4050.94
1362,9,0,1,14.1555,3998.96
1382,9,0,1,14.1355,3891.13
1390,9,0,1,14.114,3777.96
1402,9,0,1,14.1051,3728.99
110,9,0,2,14.8707,7672.26,0,0,0
111,9,0,2,14.8684,7656.38
1968,9,0,2,14.8589,7591.7
114,9,0,2,14.8534,7556.97
1719,9,0,2,14.8172,7359.36
1718,9,0,2,14.7973,7253.04
129,9,0,2,14.7733,7119.25
134,9,0,2,14.7676,7087.84
133,9,0,2,14.7568,7028.46
138,9,0,2,14.736,6923.88
184,9,0,2,14.7194,6834.28
440,9,0,2,14.699,6727.06
451,9,0,2,14.6825,6640.86
1716,9,0,2,14.68,6624.43
462,9,0,2,14.6709,6577.36
1990,9,0,2,14.6639,6524.67
463,9,0,2,14.6452,6428.15
474,9,0,2,14.6298,6348.91
2140,9,0,2,14.6208,6307.57
475,9,0,2,14.6158,6283.34
499,9,0,2,14.608,6243.75
500,9,0,2,14.6034,6220.35
518,9,0,2,14.5988,6196.24
1754,9,0,2,14.5952,6171.31
540,9,0,2,14.587,6128.84
541,9,0,2,14.5751,6069.02
572,9,0,2,14.5655,6019.35
1994,9,0,2,14.5529,5956.95
1993,9,0,2,14.5486,5935.46
1995,9,0,2,14.536,5877.72
1996,9,0,2,14.5301,5848.54
1997,9,0,2,14.5262,5828.64
2027,9,0,2,14.499,5698.42
2026,9,0,2,14.4932,5669.93
978,9,0,2,14.4859,5634.79
1010,9,0,2,14.471,5558.02
1016,9,0,2,14.4513,5466.56
410,9,1,0,11.3622,1462.66,0.0726667,316.95,0.06,1
398,9,1,0,11.3619,1461.45
397,9,1,0,11.3493,1392.89
390,9,1,0,11.3298,1291.33
382,9,1,0,11.3125,1199.86
376,9,1,0,11.2945,1103.09
369,9,1,0,11.275,998.232
360,9,1,0,11.2527,878.986
361,9,1,0,11.2401,809.873
128,9,1,0,11.1796,481.115
126,9,1,0,11.1723,442.296
125,9,1,0,11.166,408.059
118,9,1,0,11.1331,231.019
1968,9,1,0,11.1053,81.9493
110,9,1,0,11.09,0
710,9,1,1,11.6546,3117.52,0.0443333,193.369,0.36,2
1543,9,1,1,11.6331,2997.25
715,9,1,1,11.6283,2952.99
714,9,1,1,11.6244,2928.98
726,9,1,1,11.6242,2927.1
529,9,1,1,11.6105,2827.61
605,9,1,1,11.5957,2731
603,9,1,1,11.5906,2703.02
604,9,1,1,11.5863,2679.88
596,9,1,1,11.5862,2678.91
580,9,1,1,11.5778,2620.63
574,9,1,1,11.5605,2527.39
573,9,1,1,11.5505,2471.49
564,9,1,1,11.5428,2430.34
557,9,1,1,11.5367,2396.35
561,9,1,1,11.53,2349.83
628,9,1,1,11.5255,2324.18
609,9,1,1,11.5128,2247.52
423,9,1,1,11.5069,2191.2
419,9,1,1,11.5022,2156.76
418,9,1,1,11.4869,2071.84
2139,9,1,1,11.483,2050.41
2138,9,1,1,11.4646,1948.97
411,9,1,1,11.451,1874.15
412,9,1,1,11.4485,1855.14
398,9,1,1,11.4351,1780.81
410,9,1,1,11.4348,1779.61
110,9,1,2,12.0054,5064.79,0,0,0
1968,9,1,2,11.9903,4983.75
114,9,1,2,11.9851,4949.43
1719,9,1,2,11.9421,4722.82
1718,9,1,2,11.9266,4635.77
129,9,1,2,11.9022,4499.9
134,9,1,2,11.8958,4465.51
133,9,1,2,11.883,4397.31
138,9,1,2,11.8621,4292.72
184,9,1,2,11.8429,4191.76
440,9,1,2,11.8262,4100.57
451,9,1,2,11.8074,4004.86
1716,9,1,2,11.805,3988.43
462,9,1,2,11.7946,3936.01
1990,9,1,2,11.7868,3882.98
452,9,1,2,11.7818,3850.54
453,9,1,2,11.7704,3763.36
455,9,1,2,11.758,3693.43
454,9,1,2,11.7552,3677.82
457,9,1,2,11.7485,3623.85
456,9,1,2,11.7433,3594.41
458,9,1,2,11.7339,3533.26
459,9,1,2,11.7279,3488.16
1543,9,1,2,11.7186,3425.93
710,9,1,2,11.6989,3310.88
501,9,2,0,13.0421,1508.45,0.0531667,231.897,0.2,1
502,9,2,0,13.0369,1482.92
473,9,2,0,13.0267,1434.29
2141,9,2,0,13.0265,1433.31
2140,9,2,0,13.0134,1367.84
475,9,2,0,13.0075,1339.48
474,9,2,0,13.0034,1318.65
463,9,2,0,12.9861,1231.14
1990,9,2,0,12.9676,1135.57
462,9,2,0,12.9581,1080.35
461,9,2,0,12.9556,1065.62
1716,9,2,0,12.9472,1021.71
451,9,2,0,12.9426,997.904
440,9,2,0,12.9256,909.841
184,9,2,0,12.9097,821.613
138,9,2,0,12.8924,728.996
133,9,2,0,12.8771,647.895
134,9,2,0,12.8695,595.939
129,9,2,0,12.8614,554.222
1718,9,2,0,12.838,423.217
1719,9,2,0,12.8189,320.2
114,9,2,0,12.7804,112.847
1968,9,2,0,12.7742,77.2014
110,9,2,0,12.76,0
110,9,2,1,13.3675,3201.12,0,0,0
1968,9,2,1,13.3524,3120.32
114,9,2,1,13.3465,3085.13
1719,9,2,1,13.3113,2891.86
1718,9,2,1,13.2932,2793.33
129,9,2,1,13.2692,2659.57
134,9,2,1,13.2643,2631.07
133,9,2,1,13.2523,2566.23
138,9,2,1,13.2314,2461.65
184,9,2,1,13.2147,2371.26
440,9,2,1,13.1921,2254.88
451,9,2,1,13.1758,2169.46
1716,9,2,1,13.1734,2153.04
462,9,2,1,13.1662,2114.22
1990,9,2,1,13.1583,2061.18
463,9,2,1,13.1412,1971.14
474,9,2,1,13.1273,1898.15
2140,9,2,1,13.1191,1860.32
2141,9,2,1,13.1109,1815.34
473,9,2,1,13.1108,1814.58
502,9,2,1,13.1017,1770.68
501,9,2,1,13.0953,1740.35
1402,10,0,0,14.0234,3372.79,0.0816667,356.205,0.16,1
1390,10,0,0,14.0141,3321.76
1389,10,0,0,13.9855,3170.7
1388,10,0,0,13.9767,3122.71
1370,10,0,0,13.9398,2928.06
1359,10,0,0,13.9389,2923.6
2071,10,0,0,13.9223,2830.9
2165,10,0,0,13.9004,2715.19
1314,10,0,0,13.8831,2623.77
2163,10,0,0,13.8683,2543.94
2023,10,0,0,13.8417,2399.84
1787,10,0,0,13.8336,2358.52
2020,10,0,0,13.8147,2264.44
935,10,0,0,13.8049,2212.99
934,10,0,0,13.8044,2210.39
933,10,0,0,13.7927,2150.9
936,10,0,0,13.7922,2147.96
1737,10,0,0,13.7807,2085.09
917,10,0,0,13.7675,2016.59
916,10,0,0,13.7673,2015.68
906,10,0,0,13.7435,1891.34
889,10,0,0,13.7322,1832.97
890,10,0,0,13.7255,1797.06
2013,10,0,0,13.706,1693.84
1988,10,0,0,13.6884,1599.98
417,10,0,0,13.6679,1495.37
418,10,0,0,13.6639,1474.43
1741,10,0,0,13.6582,1442.44
1740,10,0,0,13.6544,1421.91
1739,10,0,0,13.6497,1395.5
401,10,0,0,13.6391,1338.14
393,10,0,0,13.6259,1266.67
2136,10,0,0,13.6031,1141.76
2134,10,0,0,13.5918,1079.42
360,10,0,0,13.5591,906.015
361,10,0,0,13.5446,828.632
128,10,0,0,13.4895,523.193
126,10,0,0,13.481,479.066
125,10,0,0,13.4718,432.83
118,10,0,0,13.437,247.521
1968,10,0,0,13.4048,79.7523
110,10,0,0,13.39,0
1016,10,0,1,14.3632,5082,0.0881667,384.556,0.22,2
2029,10,0,1,14.3588,5058.25
1043,10,0,1,14.3587,5057.84
2158,10,0,1,14.3519,5023.06
2030,10,0,1,14.3479,5003.22
1041,10,0,1,14.3428,4976.64
1059,10,0,1,14.3339,4931.8
1058,10,0,1,14.3289,4906.55
1075,10,0,1,14.3114,4816.48
1072,10,0,1,14.3014,4765.04
1071,10,0,1,14.2912,4714.56
1090,10,0,1,14.2851,4677.34
1089,10,0,1,14.279,4644.02
1119,10,0,1,14.2704,4598.13
1118,10,0,1,14.2643,4564.54
2044,10,0,1,14.249,4484.98
2169,10,0,1,14.241,4443.96
2171,10,0,1,14.2364,4419.81
1549,10,0,1,14.2286,4379.66
1147,10,0,1,14.2211,4341.27
1327,10,0,1,14.1928,4193.3
1343,10,0,1,14.1922,4190.57
1355,10,0,1,14.1654,4051.15
1364,10,0,1,14.1653,4050.94
1362,10,0,1,14.1555,3998.96
1382,10,0,1,14.1355,3891.13
1390,10,0,1,14.114,3777.96
1402,10,0,1,14.1051,3728.99
110,10,0,2,14.8707,7672.26,0,0,0
111,10,0,2,14.8684,7656.38
1968,10,0,2,14.8589,7591.7
114,10,0,2,14.8534,7556.97
1719,10,0,2,14.8172,7359.36
1718,10,0,2,14.7973,7253.04
129,10,0,2,14.7733,7119.25
134,10,0,2,14.7676,7087.84
133,10,0,2,14.7568,7028.46
138,10,0,2,14.736,6923.88
184,10,0,2,14.7194,6834.28
440,10,0,2,14.699,6727.06
451,10,0,2,14.6825,6640.86
1716,10,0,2,14.68,6624.43
462,10,0,2,14.6709,6577.36
1990,10,0,2,14.6639,6524.67
463,10,0,2,14.6452,6428.15
474,10,0,2,14.6298,6348.91
2140,10,0,2,14.6208,6307.57
475,10,0,2,14.6158,6283.34
499,10,0,2,14.608,6243.75
500,10,0,2,14.6034,6220.35
518,10,0,2,14.5988,6196.24
1754,10,0,2,14.5952,6171.31
540,10,0,2,14.587,6128.84
541,10,0,2,14.5751,6069.02
572,10,0,2,14.5655,6019.35
1994,10,0,2,14.5529,5956.95
1993,10,0,2,14.5486,5935.46
1995,10,0,2,14.536,5877.72
1996,10,0,2,14.5301,5848.54
1997,10,0,2,14.5262,5828.64
2027,10,0,2,14.499,5698.42
2026,10,0,2,14.4932,5669.93
978,10,0,2,14.4859,5634.79
1010,10,0,2,14.471,5558.02
1016,10,0,2,14.4513,5466.56
410,10,1,0,11.3322,1462.66,0.0726667,316.95,0.06,1
398,10,1,0,11.3319,1461.45
397,10,1,0,11.3193,1392.89
390,10,1,0,11.2998,1291.33
382,10,1,0,11.2825,1199.86
376,10,1,0,11.2645,1103.09
369,10,1,0,11.245,998.232
360,10,1,0,11.2227,878.986
361,10,1,0,11.2101,809.873
128,10,1,0,11.1496,481.115
126,10,1,0,11.1423,442.296
125,10,1,0,11.136,408.059
118,10,1,0,11.1031,231.019
1968,10,1,0,11.0753,81.9493
110,10,1,0,11.06,0
710,10,1,1,11.6246,3117.52,0.0443333,193.369,0.36,2
1543,10,1,1,11.6031,2997.25
715,10,1,1,11.5983,2952.99
714,10,1,1,11.5944,2928.98
726,10,1,1,11.5942,2927.1
529,10,1,1,11.5805,2827.61
605,10,1,1,11.5657,2731
603,10,1,1,11.5606,2703.02
604,10,1,1,11.5563,2679.88
596,10,1,1,11.5562,2678.91
580,10,1,1,11.5478,2620.63
574,10,1,1,11.5305,2527.39
573,10,1,1,11.5205,2471.49
564,10,1,1,11.5128,2430.34
557,10,1,1,11.5067,2396.35
561,10,1,1,11.5,2349.83
628,10,1,1,11.4955,2324.18
609,10,1,1,11.4828,2247.52
423,10,1,1,11.4769,2191.2
419,10,1,1,11.4722,2156.76
418,10,1,1,11.4569,2071.84
2139,10,1,1,11.453,2050.41
2138,10,1,1,11.4346,1948.97
411,10,1,1,11.421,1874.15
412,10,1,1,11.4185,1855.14
398,10,1,1,11.4051,1780.81
410,10,1,1,11.4048,1779.61
110,10,1,2,11.9754,5064.79,0,0,0
1968,10,1,2,11.9603,4983.75
114,10,1,2,11.9551,4949.43
1719,10,1,2,11.9121,4722.82
1718,10,1,2,11.8966,4635.77
129,10,1,2,11.8722,4499.9
134,10,1,2,11.8658,4465.51
133,10,1,2,11.853,4397.31
138,10,1,2,11.8321,4292.72
184,10,1,2,11.8129,4191.76
440,10,1,2,11.7962,4100.57
451,10,1,2,11.7774,4004.86
1716,10,1,2,11.775,3988.43
462,10,1,2,11.7646,3936.01
1990,10,1,2,11.7568,3882.98
452,10,1,2,11.7518,3850.54
453,10,1,2,11.7404,3763.36
455,10,1,2,11.728,3693.43
454,10,1,2,11.7252,3677.82
457,10,1,2,11.7185,3623.85
456,10,1,2,11.7133,3594.41
458,10,1,2,11.7039,3533.26
459,10,1,2,11.6979,3488.16
1543,10,1,2,11.6886,3425.93
710,10,1,2,11.6689,3310.88
501,10,2,0,14.0796,1510.92,0.107,466.702,0.18,1
502,10,2,0,14.0744,1485.38
473,10,2,0,14.0665,1446.3
2141,10,2,0,14.0663,1445.32
1750,10,2,0,14.062,1424.02
477,10,2,0,14.0575,1400.71
453,10,2,0,14.0285,1243.21
446,10,2,0,14.0202,1195.77
442,10,2,0,14.0085,1137.28
1857,10,2,0,13.9997,1091.26
441,10,2,0,13.9936,1062.09
185,10,2,0,13.9826,1004.16
177,10,2,0,13.9703,938.786
184,10,2,0,13.9503,829.279
138,10,2,0,13.9336,739.414
133,10,2,0,13.9197,664.29
134,10,2,0,13.9121,612.333
129,10,2,0,13.905,574.749
1718,10,2,0,13.8791,432.78
1720,10,2,0,13.872,394.625
1719,10,2,0,13.8593,321.152
114,10,2,0,13.8216,117.424
1968,10,2,0,13.8148,79.7523
110,10,2,0,13.8,0
110,10,2,1,14.4603,3466.82,0,0,0
111,10,2,1,14.458,3450.94
1968,10,2,1,14.4485,3386.26
114,10,2,1,14.443,3351.53
1719,10,2,1,14.405,3146.49
1720,10,2,1,14.3899,3064.02
1718,10,2,1,14.3842,3031.47
129,10,2,1,14.359,2892.4
134,10,2,1,14.3529,2859.44
133,10,2,1,14.3405,2792.91
138,10,2,1,14.3197,2688.33
184,10,2,1,14.3033,2599.79
440,10,2,1,14.2875,2512.17
451,10,2,1,14.2709,2425.97
1716,10,2,1,14.2685,2409.55
462,10,2,1,14.2594,2362.47
1990,10,2,1,14.2523,2309.78
463,10,2,1,14.2336,2213.26
474,10,2,1,14.2183,2134.02
2140,10,2,1,14.2093,2092.69
2141,10,2,1,14.2014,2049.48
473,10,2,1,14.2012,2048.2
502,10,2,1,14.1921,2004.3
501,10,2,1,14.1866,1977.62
