Node, Individual, Route,Segment, Travel time, Travel cost, Attention time, Attention cost, Failure rate, Demand
2090,0,0,0,12.3583,194.986,0.0353333,154.113,0.07,1
1524,0,0,0,12.3492,100.283
2095,0,0,0,12.33,0
2124,0,0,1,12.4057,413.155,0.0435,189.734,0.02,2
2089,0,0,1,12.4025,395.598
2102,0,0,1,12.4021,393.567
1497,0,0,1,12.4009,387.027
1660,0,0,1,12.3981,372.374
2090,0,0,1,12.3936,349.1
1445,0,0,2,12.5186,962.714,0.0491667,214.45,0.02,3
2087,0,0,2,12.4933,833.788
2088,0,0,2,12.4809,769.709
1644,0,0,2,12.4759,743.566
2089,0,0,2,12.4581,644.103
2124,0,0,2,12.4492,602.888
1658,0,0,3,12.6095,1391.33,0.0986667,430.354,0.47,4
1649,0,0,3,12.5855,1270.06
1444,0,0,3,12.5839,1261.4
1445,0,0,3,12.5677,1177.16
1655,0,0,4,12.7926,2251.13,0.0521667,227.535,0.27,5
2121,0,0,4,12.7904,2239.95
1424,0,0,4,12.7647,2108.39
2083,0,0,4,12.7332,1949.45
2101,0,0,4,12.7197,1878.27
1658,0,0,4,12.7082,1821.69
2077,0,0,5,12.8813,2658.28,0.0555,242.074,0.02,6
2078,0,0,5,12.8724,2614.62
1823,0,0,5,12.8631,2567.33
2097,0,0,5,12.8501,2505.72
1655,0,0,5,12.8447,2478.66
2058,0,0,6,12.9675,3054.19,0.0493333,215.177,0.21,7
2062,0,0,6,12.9551,2994.03
2077,0,0,6,12.9368,2900.35
1101,0,0,7,13.1164,3761,0.0546667,238.44,0.12,8
1100,0,0,7,13.1028,3693.74
1102,0,0,7,13.0792,3586.42
2038,0,0,7,13.0695,3536.4
1124,0,0,7,13.0568,3473.49
1144,0,0,7,13.0513,3443.51
1191,0,0,7,13.0443,3407.1
1193,0,0,7,13.0378,3372.88
1197,0,0,7,13.0227,3298.44
2058,0,0,7,13.0169,3269.36
2038,0,0,8,13.206,4175.91,0.0538333,234.805,0.02,9
1102,0,0,8,13.1962,4125.48
1100,0,0,8,13.182,4056.08
1101,0,0,8,13.171,3999.44
1624,0,0,9,13.4566,5495.8,0.0715,311.861,0.1,10
2090,0,0,9,13.4364,5388.7
1497,0,0,9,13.4332,5372.08
2102,0,0,9,13.4313,5362.44
2089,0,0,9,13.431,5360.78
2124,0,0,9,13.4243,5328.66
1826,0,0,9,13.4086,5253.6
1450,0,0,9,13.4062,5238.11
1829,0,0,9,13.4013,5208.43
1447,0,0,9,13.3954,5174.05
1832,0,0,9,13.386,5119.64
1833,0,0,9,13.3774,5046.66
1835,0,0,9,13.3671,4988.6
2103,0,0,9,13.3618,4959.71
2177,0,0,9,13.3617,4959.35
1841,0,0,9,13.3616,4958
2060,0,0,9,13.3247,4755.77
1551,0,0,9,13.324,4751.6
1550,0,0,9,13.3232,4747.82
1196,0,0,9,13.3166,4704.22
1194,0,0,9,13.3163,4702.7
1190,0,0,9,13.3053,4637.24
1186,0,0,9,13.2903,4561.98
1187,0,0,9,13.2877,4546.1
1124,0,0,9,13.2711,4467.65
2038,0,0,9,13.2599,4410.72
2095,0,0,10,13.5523,5933.53,0,0,0
1524,0,0,10,13.5328,5831.8
1624,0,0,10,13.5281,5807.66
2090,1,0,0,12.1483,194.986,0.0353333,154.113,0.07,1
1524,1,0,0,12.1392,100.283
2095,1,0,0,12.12,0
2124,1,0,1,12.1957,413.155,0.0435,189.734,0.02,2
2089,1,0,1,12.1925,395.598
2102,1,0,1,12.1921,393.567
1497,1,0,1,12.1909,387.027
1660,1,0,1,12.1881,372.374
2090,1,0,1,12.1836,349.1
1445,1,0,2,12.3086,962.714,0.0491667,214.45,0.02,3
2087,1,0,2,12.2833,833.788
2088,1,0,2,12.2709,769.709
1644,1,0,2,12.2659,743.566
2089,1,0,2,12.2481,644.103
2124,1,0,2,12.2392,602.888
1658,1,0,3,12.3995,1391.33,0.0986667,430.354,0.47,4
1649,1,0,3,12.3755,1270.06
1444,1,0,3,12.3739,1261.4
1445,1,0,3,12.3577,1177.16
1655,1,0,4,12.5826,2251.13,0.0521667,227.535,0.27,5
2121,1,0,4,12.5804,2239.95
1424,1,0,4,12.5547,2108.39
2083,1,0,4,12.5232,1949.45
2101,1,0,4,12.5097,1878.27
1658,1,0,4,12.4982,1821.69
2077,1,0,5,12.6713,2658.28,0.0555,242.074,0.02,6
2078,1,0,5,12.6624,2614.62
1823,1,0,5,12.6531,2567.33
2097,1,0,5,12.6401,2505.72
1655,1,0,5,12.6347,2478.66
2058,1,0,6,12.7575,3054.19,0.0493333,215.177,0.21,7
2062,1,0,6,12.7451,2994.03
2077,1,0,6,12.7268,2900.35
1101,1,0,7,12.909,3772.65,0.0638333,278.422,0.11,8
1100,1,0,7,12.894,3699.44
1102,1,0,7,12.8764,3615.98
2038,1,0,7,12.8664,3564.9
1124,1,0,7,12.8542,3503.96
1144,1,0,7,12.8457,3461.43
1191,1,0,7,12.8401,3430.8
1193,1,0,7,12.8324,3391.54
1197,1,0,7,12.8127,3298.44
2058,1,0,7,12.8069,3269.36
2038,1,0,8,13.0075,4226.15,0.0538333,234.805,0.02,9
1102,1,0,8,12.997,4172.79
1100,1,0,8,12.9841,4108.9
1101,1,0,8,12.9728,4051.07
1624,1,0,9,13.2581,5546.04,0.0715,311.861,0.1,10
2090,1,0,9,13.2378,5438.94
1497,1,0,9,13.2347,5422.31
2102,1,0,9,13.2327,5412.68
2089,1,0,9,13.2324,5411.02
2124,1,0,9,13.2257,5378.9
1826,1,0,9,13.21,5303.84
1450,1,0,9,13.2077,5288.35
1829,1,0,9,13.2027,5258.67
1447,1,0,9,13.1969,5224.29
1832,1,0,9,13.1874,5169.88
1833,1,0,9,13.1788,5096.89
1835,1,0,9,13.1685,5038.84
2103,1,0,9,13.1633,5009.94
2177,1,0,9,13.1632,5009.58
1841,1,0,9,13.163,5008.24
2060,1,0,9,13.1262,4806.01
1551,1,0,9,13.1254,4801.84
1550,1,0,9,13.1247,4798.06
1196,1,0,9,13.118,4754.46
1194,1,0,9,13.1178,4752.94
1190,1,0,9,13.1067,4687.48
1186,1,0,9,13.0918,4612.22
1187,1,0,9,13.0892,4596.33
1124,1,0,9,13.0726,4517.89
2038,1,0,9,13.0613,4460.96
2095,1,0,10,13.3538,5983.77,0,0,0
1524,1,0,10,13.3342,5882.04
1624,1,0,10,13.3296,5857.9
2090,2,0,0,12.5483,194.986,0.0353333,154.113,0.07,1
1524,2,0,0,12.5392,100.283
2095,2,0,0,12.52,0
2124,2,0,1,12.5957,413.155,0.0435,189.734,0.02,2
2089,2,0,1,12.5925,395.598
2102,2,0,1,12.5921,393.567
1497,2,0,1,12.5909,387.027
1660,2,0,1,12.5881,372.374
2090,2,0,1,12.5836,349.1
1445,2,0,2,12.7086,962.714,0.0491667,214.45,0.02,3
2087,2,0,2,12.6833,833.788
2088,2,0,2,12.6709,769.709
1644,2,0,2,12.6659,743.566
2089,2,0,2,12.6481,644.103
2124,2,0,2,12.6392,602.888
1658,2,0,3,12.7995,1391.33,0.0986667,430.354,0.47,4
1649,2,0,3,12.7755,1270.06
1444,2,0,3,12.7739,1261.4
1445,2,0,3,12.7577,1177.16
1655,2,0,4,12.9826,2251.13,0.0521667,227.535,0.27,5
2121,2,0,4,12.9804,2239.95
1424,2,0,4,12.9547,2108.39
2083,2,0,4,12.9232,1949.45
2101,2,0,4,12.9097,1878.27
1658,2,0,4,12.8982,1821.69
2077,2,0,5,13.0651,2632.28,0.0361667,157.748,0,6
2078,2,0,5,13.0563,2589.43
1823,2,0,5,13.0479,2546.19
2097,2,0,5,13.0389,2500.7
1655,2,0,5,13.0347,2478.66
2058,2,0,6,13.1305,2938.02,0.0933333,407.092,0.2,7
2062,2,0,6,13.1194,2883.22
2077,2,0,6,13.1012,2790.02
2038,2,0,7,13.2765,3612.15,0.0538333,234.805,0.02,8
1124,2,0,7,13.2638,3549.24
1144,2,0,7,13.2583,3519.26
1191,2,0,7,13.2513,3482.85
1193,2,0,7,13.2448,3448.63
1197,2,0,7,13.2296,3374.19
2058,2,0,7,13.2238,3345.11
1101,2,0,8,13.3772,4071.56,0.0546667,238.44,0.12,9
1100,2,0,8,13.3637,4004.3
1102,2,0,8,13.3401,3896.98
2038,2,0,8,13.3303,3846.96
1624,2,0,9,13.6636,5571.55,0.0715,311.861,0.1,10
2090,2,0,9,13.6433,5464.45
1497,2,0,9,13.6402,5447.83
2102,2,0,9,13.6383,5438.19
2089,2,0,9,13.6379,5436.53
2124,2,0,9,13.6313,5404.41
1826,2,0,9,13.6156,5329.35
1450,2,0,9,13.6132,5313.87
1829,2,0,9,13.6082,5284.18
1447,2,0,9,13.6024,5249.8
1832,2,0,9,13.593,5195.39
1833,2,0,9,13.5844,5122.41
1835,2,0,9,13.574,5064.35
2103,2,0,9,13.5688,5035.46
2177,2,0,9,13.5687,5035.1
1841,2,0,9,13.5686,5033.75
2060,2,0,9,13.5317,4831.52
1551,2,0,9,13.531,4827.35
1550,2,0,9,13.5302,4823.57
1196,2,0,9,13.5235,4779.97
1194,2,0,9,13.5233,4778.45
1190,2,0,9,13.5123,4712.99
1186,2,0,9,13.4973,4637.73
1187,2,0,9,13.4947,4621.85
1124,2,0,9,13.4781,4543.4
2038,2,0,9,13.4668,4486.47
1102,2,0,9,13.457,4436.03
1100,2,0,9,13.4428,4366.64
1101,2,0,9,13.4319,4310
2095,2,0,10,13.7593,6009.28,0,0,0
1524,2,0,10,13.7397,5907.55
1624,2,0,10,13.7351,5883.41
2090,3,0,0,12.6483,194.986,0.0353333,154.113,0.07,1
1524,3,0,0,12.6392,100.283
2095,3,0,0,12.62,0
2124,3,0,1,12.6957,413.155,0.0435,189.734,0.02,2
2089,3,0,1,12.6925,395.598
2102,3,0,1,12.6921,393.567
1497,3,0,1,12.6909,387.027
1660,3,0,1,12.6881,372.374
2090,3,0,1,12.6836,349.1
1445,3,0,2,12.8086,962.714,0.0491667,214.45,0.02,3
2087,3,0,2,12.7833,833.788
2088,3,0,2,12.7709,769.709
1644,3,0,2,12.7659,743.566
2089,3,0,2,12.7481,644.103
2124,3,0,2,12.7392,602.888
1655,3,0,3,12.9839,1820.77,0.0521667,227.535,0.27,4
2121,3,0,3,12.9817,1809.6
1424,3,0,3,12.956,1678.04
2083,3,0,3,12.9246,1519.1
2101,3,0,3,12.9111,1447.92
1658,3,0,3,12.8995,1391.33
1649,3,0,3,12.8755,1270.06
1444,3,0,3,12.8739,1261.4
1445,3,0,3,12.8577,1177.16
2077,3,0,4,13.0664,2201.92,0.0361667,157.748,0,5
2078,3,0,4,13.0577,2159.07
1823,3,0,4,13.0493,2115.84
2097,3,0,4,13.0403,2070.35
1655,3,0,4,13.0361,2048.31
2058,3,0,5,13.1318,2507.67,0.0933333,407.092,0.2,6
2062,3,0,5,13.1207,2452.86
2077,3,0,5,13.1026,2359.67
2038,3,0,6,13.2778,3181.8,0.0538333,234.805,0.02,7
1124,3,0,6,13.2651,3118.89
1144,3,0,6,13.2596,3088.91
1191,3,0,6,13.2526,3052.5
1193,3,0,6,13.2461,3018.27
1197,3,0,6,13.231,2943.83
2058,3,0,6,13.2252,2914.76
1101,3,0,7,13.3785,3641.2,0.0546667,238.44,0.12,8
1100,3,0,7,13.365,3573.94
1102,3,0,7,13.3414,3466.62
2038,3,0,7,13.3317,3416.6
1658,3,0,8,13.6367,4943.62,0.0673333,293.688,0.46,9
1436,3,0,8,13.6324,4920.08
2101,3,0,8,13.6289,4902.52
2083,3,0,8,13.6127,4820.15
1430,3,0,8,13.5979,4744.4
1428,3,0,8,13.5836,4674.31
1426,3,0,8,13.5757,4634.32
2103,3,0,8,13.5701,4605.1
2177,3,0,8,13.57,4604.74
1841,3,0,8,13.5699,4603.39
2060,3,0,8,13.533,4401.17
1551,3,0,8,13.5323,4397
1550,3,0,8,13.5315,4393.22
1196,3,0,8,13.5249,4349.62
1194,3,0,8,13.5247,4348.1
1190,3,0,8,13.5136,4282.64
1186,3,0,8,13.4986,4207.37
1187,3,0,8,13.496,4191.49
1124,3,0,8,13.4795,4113.05
2038,3,0,8,13.4682,4056.11
1102,3,0,8,13.4584,4005.68
1100,3,0,8,13.4442,3936.28
1101,3,0,8,13.4332,3879.64
1624,3,0,9,13.8183,5837.88,0.0715,311.861,0.1,10
2090,3,0,9,13.7981,5730.78
1497,3,0,9,13.7949,5714.16
2102,3,0,9,13.793,5704.52
2089,3,0,9,13.7927,5702.86
2124,3,0,9,13.786,5670.74
1826,3,0,9,13.7703,5595.68
1450,3,0,9,13.7679,5580.2
1829,3,0,9,13.763,5550.52
1447,3,0,9,13.7571,5516.14
1446,3,0,9,13.7466,5460.17
1648,3,0,9,13.7343,5391.05
1444,3,0,9,13.7291,5365.14
1649,3,0,9,13.7268,5353.51
1658,3,0,9,13.7041,5237.3
2095,3,0,10,13.914,6275.61,0,0,0
1524,3,0,10,13.8945,6173.89
1624,3,0,10,13.8898,6149.74
1624,4,0,0,12.4487,302.839,0.104,453.617,0.08,1
2090,4,0,0,12.4283,194.986
1524,4,0,0,12.4192,100.283
2095,4,0,0,12.4,0
2090,4,0,1,12.5656,871.663,0.0353333,154.113,0.07,2
1524,4,0,1,12.5565,776.96
1624,4,0,1,12.5527,756.456
2124,4,0,2,12.613,1089.83,0.0435,189.734,0.02,3
2089,4,0,2,12.6098,1072.28
2102,4,0,2,12.6094,1070.24
1497,4,0,2,12.6082,1063.7
1660,4,0,2,12.6055,1049.05
2090,4,0,2,12.6009,1025.78
1445,4,0,3,12.7259,1639.39,0.0491667,214.45,0.02,4
2087,4,0,3,12.7006,1510.46
2088,4,0,3,12.6882,1446.39
1644,4,0,3,12.6832,1420.24
2089,4,0,3,12.6654,1320.78
2124,4,0,3,12.6565,1279.57
1658,4,0,4,12.8168,2068.01,0.0986667,430.354,0.47,5
1649,4,0,4,12.7928,1946.74
1444,4,0,4,12.7912,1938.08
1445,4,0,4,12.775,1853.84
1655,4,0,5,12.9999,2927.8,0.0521667,227.535,0.27,6
2121,4,0,5,12.9977,2916.63
1424,4,0,5,12.972,2785.07
2083,4,0,5,12.9406,2626.13
2101,4,0,5,12.9271,2554.95
1658,4,0,5,12.9155,2498.37
2077,4,0,6,13.0824,3308.95,0.0361667,157.748,0,7
2078,4,0,6,13.0736,3266.1
1823,4,0,6,13.0653,3222.87
2097,4,0,6,13.0562,3177.38
1655,4,0,6,13.0521,3155.34
2058,4,0,7,13.1478,3614.7,0.0933333,407.092,0.2,8
2062,4,0,7,13.1367,3559.89
2077,4,0,7,13.1185,3466.7
1101,4,0,8,13.3407,4513.43,0.0546667,238.44,0.12,9
1100,4,0,8,13.3271,4446.17
1102,4,0,8,13.3035,4338.85
2038,4,0,8,13.2938,4288.83
1124,4,0,8,13.2811,4225.92
1144,4,0,8,13.2756,4195.94
1191,4,0,8,13.2686,4159.53
1193,4,0,8,13.2621,4125.3
1197,4,0,8,13.2469,4050.87
2058,4,0,8,13.2412,4021.79
2038,4,0,9,13.4303,4928.34,0.0538333,234.805,0.02,10
1102,4,0,9,13.4205,4877.9
1100,4,0,9,13.4063,4808.51
1101,4,0,9,13.3953,4751.87
2095,4,0,10,13.7051,6374.09,0,0,0
1524,4,0,10,13.6856,6272.37
1624,4,0,10,13.6809,6248.23
2090,4,0,10,13.6607,6141.13
1497,4,0,10,13.6575,6124.5
2102,4,0,10,13.6556,6114.87
2089,4,0,10,13.6553,6113.21
2124,4,0,10,13.6486,6081.09
1826,4,0,10,13.6329,6006.02
1450,4,0,10,13.6305,5990.54
1829,4,0,10,13.6256,5960.86
1447,4,0,10,13.6197,5926.48
1832,4,0,10,13.6103,5872.06
1833,4,0,10,13.6017,5799.08
1835,4,0,10,13.5914,5741.03
2103,4,0,10,13.5861,5712.13
2177,4,0,10,13.586,5711.77
1841,4,0,10,13.5859,5710.42
2060,4,0,10,13.549,5508.2
1551,4,0,10,13.5483,5504.03
1550,4,0,10,13.5475,5500.25
1196,4,0,10,13.5408,5456.65
1194,4,0,10,13.5406,5455.13
1190,4,0,10,13.5296,5389.67
1186,4,0,10,13.5146,5314.4
1187,4,0,10,13.512,5298.52
1124,4,0,10,13.4954,5220.08
2038,4,0,10,13.4841,5163.15
2124,5,0,0,12.5703,259.041,0.0435,189.734,0.02,1
2089,5,0,0,12.5671,241.485
2102,5,0,0,12.5667,239.454
1497,5,0,0,12.5655,232.914
1660,5,0,0,12.5628,218.261
2090,5,0,0,12.5583,194.986
1524,5,0,0,12.5492,100.283
2095,5,0,0,12.53,0
1445,5,0,1,12.6832,808.6,0.0491667,214.45,0.02,2
2087,5,0,1,12.658,679.675
2088,5,0,1,12.6456,615.595
1644,5,0,1,12.6406,589.452
2089,5,0,1,12.6228,489.99
2124,5,0,1,12.6138,448.775
1658,5,0,2,12.7742,1237.22,0.0986667,430.354,0.47,3
1649,5,0,2,12.7502,1115.95
1444,5,0,2,12.7486,1107.29
1445,5,0,2,12.7324,1023.05
1655,5,0,3,12.9572,2097.01,0.0521667,227.535,0.27,4
2121,5,0,3,12.9551,2085.84
1424,5,0,3,12.9293,1954.28
2083,5,0,3,12.8979,1795.34
2101,5,0,3,12.8844,1724.16
1658,5,0,3,12.8728,1667.58
2077,5,0,4,13.0397,2478.16,0.0361667,157.748,0,5
2078,5,0,4,13.031,2435.32
1823,5,0,4,13.0226,2392.08
2097,5,0,4,13.0136,2346.59
1655,5,0,4,13.0094,2324.55
2058,5,0,5,13.1052,2783.91,0.0933333,407.092,0.2,6
2062,5,0,5,13.0941,2729.1
2077,5,0,5,13.0759,2635.91
2038,5,0,6,13.2512,3458.04,0.0538333,234.805,0.02,7
1124,5,0,6,13.2385,3395.13
1144,5,0,6,13.233,3365.15
1191,5,0,6,13.226,3328.74
1193,5,0,6,13.2195,3294.51
1197,5,0,6,13.2043,3220.08
2058,5,0,6,13.1985,3191
1101,5,0,7,13.3519,3917.44,0.0546667,238.44,0.12,8
1100,5,0,7,13.3383,3850.18
1102,5,0,7,13.3147,3742.87
2038,5,0,7,13.305,3692.84
1624,5,0,8,13.6383,5417.44,0.0715,311.861,0.1,9
2090,5,0,8,13.618,5310.34
1497,5,0,8,13.6149,5293.71
2102,5,0,8,13.6129,5284.08
2089,5,0,8,13.6126,5282.42
2124,5,0,8,13.6059,5250.3
1826,5,0,8,13.5902,5175.23
1450,5,0,8,13.5879,5159.75
1829,5,0,8,13.5829,5130.07
1447,5,0,8,13.5771,5095.69
1832,5,0,8,13.5676,5041.28
1833,5,0,8,13.559,4968.29
1835,5,0,8,13.5487,4910.24
2103,5,0,8,13.5434,4881.34
2177,5,0,8,13.5434,4880.98
1841,5,0,8,13.5432,4879.63
2060,5,0,8,13.5063,4677.41
1551,5,0,8,13.5056,4673.24
1550,5,0,8,13.5049,4669.46
1196,5,0,8,13.4982,4625.86
1194,5,0,8,13.498,4624.34
1190,5,0,8,13.4869,4558.88
1186,5,0,8,13.472,4483.62
1187,5,0,8,13.4694,4467.73
1124,5,0,8,13.4528,4389.29
2038,5,0,8,13.4415,4332.36
1102,5,0,8,13.4317,4281.92
1100,5,0,8,13.4175,4212.52
1101,5,0,8,13.4065,4155.88
2095,5,0,9,13.734,5855.17,0,0,0
1524,5,0,9,13.7144,5753.44
1624,5,0,9,13.7098,5729.3
2090,5,1,0,15.737,192.482,0.0666667,290.78,0.04,1
1524,5,1,0,15.7283,96.317
2095,5,1,0,15.71,0
2095,5,1,1,15.8461,707.482,0,0,0
1524,5,1,1,15.8288,615.255
1624,5,1,1,15.8255,596.858
2090,5,1,1,15.8037,483.262
2090,6,0,0,12.2183,194.986,0.0353333,154.113,0.07,1
1524,6,0,0,12.2092,100.283
2095,6,0,0,12.19,0
1624,6,0,1,12.2741,456.953,0.104,453.617,0.08,2
2090,6,0,1,12.2536,349.1
2124,6,0,2,12.403,1089.83,0.0435,189.734,0.02,3
2089,6,0,2,12.3998,1072.28
2102,6,0,2,12.3994,1070.24
1497,6,0,2,12.3982,1063.7
1660,6,0,2,12.3955,1049.05
2090,6,0,2,12.3909,1025.78
1524,6,0,2,12.3819,931.073
1624,6,0,2,12.3781,910.569
1445,6,0,3,12.5159,1639.39,0.0491667,214.45,0.02,4
2087,6,0,3,12.4906,1510.46
2088,6,0,3,12.4782,1446.39
1644,6,0,3,12.4732,1420.24
2089,6,0,3,12.4554,1320.78
2124,6,0,3,12.4465,1279.57
1655,6,0,4,12.6912,2497.45,0.0521667,227.535,0.27,5
2121,6,0,4,12.689,2486.27
1424,6,0,4,12.6633,2354.72
2083,6,0,4,12.6319,2195.77
2101,6,0,4,12.6184,2124.59
1658,6,0,4,12.6068,2068.01
1649,6,0,4,12.5828,1946.74
1444,6,0,4,12.5812,1938.08
1445,6,0,4,12.565,1853.84
1101,6,0,5,12.9128,3561.72,0.0638333,278.422,0.11,6
1100,6,0,5,12.8978,3488.51
1102,6,0,5,12.8802,3405.05
2038,6,0,5,12.8703,3353.98
1124,6,0,5,12.858,3293.03
1144,6,0,5,12.8495,3250.5
1191,6,0,5,12.8439,3219.87
1193,6,0,5,12.8362,3180.62
1197,6,0,5,12.8165,3087.51
2058,6,0,5,12.8107,3058.44
2062,6,0,5,12.7983,2998.27
2077,6,0,5,12.78,2904.6
2078,6,0,5,12.7711,2860.94
1823,6,0,5,12.7617,2813.66
2097,6,0,5,12.7488,2752.04
1655,6,0,5,12.7434,2724.98
2038,6,0,6,13.0113,4015.22,0.0538333,234.805,0.02,7
1102,6,0,6,13.0008,3961.86
1100,6,0,6,12.9879,3897.97
1101,6,0,6,12.9767,3840.14
2058,6,0,7,13.1266,4550.12,0.0933333,407.092,0.2,8
1197,6,0,7,13.1199,4517.34
1191,6,0,7,13.1002,4420.29
1144,6,0,7,13.0892,4367.34
1124,6,0,7,13.0764,4306.96
2038,6,0,7,13.0651,4250.03
2077,6,0,8,13.2513,5114.01,0.0361667,157.748,0,9
2062,6,0,8,13.2308,5010.9
2058,6,0,8,13.2199,4957.21
1658,6,0,9,13.397,5830.8,0.0673333,293.688,0.46,10
1436,6,0,9,13.3926,5807.27
2101,6,0,9,13.3891,5789.71
2083,6,0,9,13.373,5707.33
1424,6,0,9,13.341,5546.04
2121,6,0,9,13.3169,5421.15
2098,6,0,9,13.3083,5377.31
1823,6,0,9,13.3034,5352.98
2078,6,0,9,13.2962,5314.69
2077,6,0,9,13.2875,5271.76
2095,6,0,10,13.6028,6850.93,0,0,0
1524,6,0,10,13.5832,6749.21
1624,6,0,10,13.5786,6725.07
2090,6,0,10,13.5583,6617.97
1497,6,0,10,13.5552,6601.34
2102,6,0,10,13.5532,6591.71
2089,6,0,10,13.5529,6590.05
2124,6,0,10,13.5462,6557.93
1826,6,0,10,13.5305,6482.86
1450,6,0,10,13.5282,6467.38
1829,6,0,10,13.5232,6437.7
1447,6,0,10,13.5174,6403.32
1446,6,0,10,13.5069,6347.35
1648,6,0,10,13.4946,6278.24
1444,6,0,10,13.4894,6252.32
1649,6,0,10,13.4871,6240.69
1658,6,0,10,13.4643,6124.49
1624,7,0,0,12.4487,302.839,0.104,453.617,0.08,1
2090,7,0,0,12.4283,194.986
1524,7,0,0,12.4192,100.283
2095,7,0,0,12.4,0
2124,7,0,1,12.5776,935.718,0.0435,189.734,0.02,2
2089,7,0,1,12.5744,918.162
2102,7,0,1,12.574,916.131
1497,7,0,1,12.5728,909.591
1660,7,0,1,12.5701,894.938
2090,7,0,1,12.5656,871.663
1524,7,0,1,12.5565,776.96
1624,7,0,1,12.5527,756.456
1445,7,0,2,12.6905,1485.28,0.0491667,214.45,0.02,3
2087,7,0,2,12.6653,1356.35
2088,7,0,2,12.6529,1292.27
1644,7,0,2,12.6479,1266.13
2089,7,0,2,12.6301,1166.67
2124,7,0,2,12.6211,1125.45
1658,7,0,3,12.7815,1913.9,0.0986667,430.354,0.47,4
1649,7,0,3,12.7575,1792.63
1444,7,0,3,12.7559,1783.96
1445,7,0,3,12.7397,1699.73
1655,7,0,4,12.9646,2773.69,0.0521667,227.535,0.27,5
2121,7,0,4,12.9624,2762.51
1424,7,0,4,12.9366,2630.96
2083,7,0,4,12.9052,2472.01
2101,7,0,4,12.8917,2400.84
1658,7,0,4,12.8801,2344.25
2077,7,0,5,13.047,3154.84,0.0361667,157.748,0,6
2078,7,0,5,13.0383,3111.99
1823,7,0,5,13.0299,3068.76
2097,7,0,5,13.0209,3023.26
1655,7,0,5,13.0167,3001.23
2058,7,0,6,13.1125,3460.59,0.0933333,407.092,0.2,7
2062,7,0,6,13.1014,3405.78
2077,7,0,6,13.0832,3312.59
1101,7,0,7,13.3053,4359.31,0.0546667,238.44,0.12,8
1100,7,0,7,13.2918,4292.05
1102,7,0,7,13.2682,4184.74
2038,7,0,7,13.2585,4134.71
1124,7,0,7,13.2458,4071.81
1144,7,0,7,13.2403,4041.82
1191,7,0,7,13.2333,4005.42
1193,7,0,7,13.2268,3971.19
1197,7,0,7,13.2116,3896.75
2058,7,0,7,13.2058,3867.68
2038,7,0,8,13.395,4774.23,0.0538333,234.805,0.02,9
1102,7,0,8,13.3852,4723.79
1100,7,0,8,13.371,4654.4
1101,7,0,8,13.36,4597.75
2095,7,0,9,13.6698,6219.98,0,0,0
1524,7,0,9,13.6502,6118.26
1624,7,0,9,13.6456,6094.11
2090,7,0,9,13.6253,5987.02
1497,7,0,9,13.6222,5970.39
2102,7,0,9,13.6202,5960.75
2089,7,0,9,13.6199,5959.09
2124,7,0,9,13.6132,5926.97
1826,7,0,9,13.5975,5851.91
1450,7,0,9,13.5952,5836.43
1829,7,0,9,13.5902,5806.75
1447,7,0,9,13.5844,5772.37
1832,7,0,9,13.5749,5717.95
1833,7,0,9,13.5663,5644.97
1835,7,0,9,13.556,5586.91
2103,7,0,9,13.5508,5558.02
2177,7,0,9,13.5507,5557.66
1841,7,0,9,13.5505,5556.31
2060,7,0,9,13.5137,5354.09
1551,7,0,9,13.5129,5349.92
1550,7,0,9,13.5122,5346.13
1196,7,0,9,13.5055,5302.54
1194,7,0,9,13.5053,5301.02
1190,7,0,9,13.4942,5235.55
1186,7,0,9,13.4793,5160.29
1187,7,0,9,13.4767,5144.41
1124,7,0,9,13.4601,5065.96
2038,7,0,9,13.4488,5009.03
2090,7,1,0,15.587,192.482,0.0666667,290.78,0.04,1
1524,7,1,0,15.5783,96.317
2095,7,1,0,15.56,0
2095,7,1,1,15.6961,707.482,0,0,0
1524,7,1,1,15.6788,615.255
1624,7,1,1,15.6755,596.858
2090,7,1,1,15.6537,483.262
1624,8,0,0,12.5587,302.839,0.104,453.617,0.08,1
2090,8,0,0,12.5383,194.986
1524,8,0,0,12.5292,100.283
2095,8,0,0,12.51,0
2124,8,0,1,12.6876,935.718,0.0435,189.734,0.02,2
2089,8,0,1,12.6844,918.162
2102,8,0,1,12.684,916.131
1497,8,0,1,12.6828,909.591
1660,8,0,1,12.6801,894.938
2090,8,0,1,12.6756,871.663
1524,8,0,1,12.6665,776.96
1624,8,0,1,12.6627,756.456
1445,8,0,2,12.8005,1485.28,0.0491667,214.45,0.02,3
2087,8,0,2,12.7753,1356.35
2088,8,0,2,12.7629,1292.27
1644,8,0,2,12.7579,1266.13
2089,8,0,2,12.7401,1166.67
2124,8,0,2,12.7311,1125.45
1655,8,0,3,12.9759,2343.34,0.0521667,227.535,0.27,4
2121,8,0,3,12.9737,2332.16
1424,8,0,3,12.948,2200.6
2083,8,0,3,12.9166,2041.66
2101,8,0,3,12.9031,1970.48
1658,8,0,3,12.8915,1913.9
1649,8,0,3,12.8675,1792.63
1444,8,0,3,12.8659,1783.96
1445,8,0,3,12.8497,1699.73
2077,8,0,4,13.0584,2724.49,0.0361667,157.748,0,5
2078,8,0,4,13.0496,2681.64
1823,8,0,4,13.0413,2638.4
2097,8,0,4,13.0322,2592.91
1655,8,0,4,13.0281,2570.87
2058,8,0,5,13.1238,3030.23,0.0933333,407.092,0.2,6
2062,8,0,5,13.1127,2975.42
2077,8,0,5,13.0945,2882.23
1101,8,0,6,13.3167,3928.96,0.0546667,238.44,0.12,7
1100,8,0,6,13.3031,3861.7
1102,8,0,6,13.2795,3754.38
2038,8,0,6,13.2698,3704.36
1124,8,0,6,13.2571,3641.45
1144,8,0,6,13.2516,3611.47
1191,8,0,6,13.2446,3575.06
1193,8,0,6,13.2381,3540.84
1197,8,0,6,13.2229,3466.4
2058,8,0,6,13.2172,3437.32
2038,8,0,7,13.4063,4343.87,0.0538333,234.805,0.02,8
1102,8,0,7,13.3965,4293.44
1100,8,0,7,13.3823,4224.04
1101,8,0,7,13.3713,4167.4
1658,8,0,8,13.6287,5466.18,0.0673333,293.688,0.46,9
1436,8,0,8,13.6243,5442.65
2101,8,0,8,13.6209,5425.09
2083,8,0,8,13.6047,5342.71
1430,8,0,8,13.5898,5266.96
1428,8,0,8,13.5756,5196.87
1426,8,0,8,13.5676,5156.89
2103,8,0,8,13.5621,5127.67
2177,8,0,8,13.562,5127.31
1841,8,0,8,13.5619,5125.96
2060,8,0,8,13.525,4923.73
1551,8,0,8,13.5243,4919.56
1550,8,0,8,13.5235,4915.78
1196,8,0,8,13.5168,4872.18
1194,8,0,8,13.5166,4870.66
1190,8,0,8,13.5056,4805.2
1186,8,0,8,13.4906,4729.94
1187,8,0,8,13.488,4714.06
1124,8,0,8,13.4714,4635.61
2038,8,0,8,13.4601,4578.68
2095,8,0,9,13.8345,6486.31,0,0,0
1524,8,0,9,13.815,6384.59
1624,8,0,9,13.8103,6360.45
2090,8,0,9,13.7901,6253.35
1497,8,0,9,13.7869,6236.72
2102,8,0,9,13.785,6227.09
2089,8,0,9,13.7846,6225.43
2124,8,0,9,13.778,6193.31
1826,8,0,9,13.7623,6118.24
1450,8,0,9,13.7599,6102.76
1829,8,0,9,13.755,6073.08
1447,8,0,9,13.7491,6038.7
1446,8,0,9,13.7386,5982.73
1648,8,0,9,13.7263,5913.62
1444,8,0,9,13.7211,5887.7
1649,8,0,9,13.7188,5876.07
1658,8,0,9,13.696,5759.87
2090,8,1,0,15.067,192.482,0.0666667,290.78,0.04,1
1524,8,1,0,15.0583,96.317
2095,8,1,0,15.04,0
2095,8,1,1,15.1761,707.482,0,0,0
1524,8,1,1,15.1588,615.255
1624,8,1,1,15.1555,596.858
2090,8,1,1,15.1337,483.262
1624,9,0,0,12.6387,302.839,0.104,453.617,0.08,1
2090,9,0,0,12.6183,194.986
1524,9,0,0,12.6092,100.283
2095,9,0,0,12.59,0
2124,9,0,1,12.7676,935.718,0.0435,189.734,0.02,2
2089,9,0,1,12.7644,918.162
2102,9,0,1,12.764,916.131
1497,9,0,1,12.7628,909.591
1660,9,0,1,12.7601,894.938
2090,9,0,1,12.7556,871.663
1524,9,0,1,12.7465,776.96
1624,9,0,1,12.7427,756.456
1655,9,0,2,12.9737,2037.1,0.0521667,227.535,0.27,3
1425,9,0,2,12.9368,1845.31
1430,9,0,2,12.9174,1747.53
1428,9,0,2,12.9038,1680.14
1426,9,0,2,12.896,1640.7
2103,9,0,2,12.89,1609.46
1677,9,0,2,12.8853,1586.67
1836,9,0,2,12.8785,1554.45
1834,9,0,2,12.8615,1465.58
1830,9,0,2,12.8536,1389.36
1828,9,0,2,12.8447,1303.95
1449,9,0,2,12.834,1251.09
1825,9,0,2,12.8287,1224.06
2124,9,0,2,12.8111,1125.45
2077,9,0,3,13.0562,2418.25,0.0361667,157.748,0,4
2078,9,0,3,13.0475,2375.4
1823,9,0,3,13.0391,2332.17
2097,9,0,3,13.0301,2286.68
1655,9,0,3,13.0259,2264.64
2058,9,0,4,13.1217,2724,0.0933333,407.092,0.2,5
2062,9,0,4,13.1105,2669.19
2077,9,0,4,13.0924,2576
2038,9,0,5,13.2677,3398.13,0.0538333,234.805,0.02,6
1124,9,0,5,13.2549,3335.22
1144,9,0,5,13.2494,3305.24
1191,9,0,5,13.2424,3268.83
1193,9,0,5,13.2359,3234.6
1197,9,0,5,13.2208,3160.17
2058,9,0,5,13.215,3131.09
1101,9,0,6,13.3683,3857.53,0.0546667,238.44,0.12,7
1100,9,0,6,13.3548,3790.27
1102,9,0,6,13.3312,3682.95
2038,9,0,6,13.3215,3632.93
1658,9,0,7,13.6265,5159.95,0.0673333,293.688,0.46,8
1436,9,0,7,13.6222,5136.41
2101,9,0,7,13.6187,5118.85
2083,9,0,7,13.6026,5036.48
1430,9,0,7,13.5877,4960.73
1428,9,0,7,13.5734,4890.64
1426,9,0,7,13.5655,4850.65
2103,9,0,7,13.5599,4821.43
2177,9,0,7,13.5599,4821.07
1841,9,0,7,13.5597,4819.72
2060,9,0,7,13.5228,4617.5
1551,9,0,7,13.5221,4613.33
1550,9,0,7,13.5213,4609.55
1196,9,0,7,13.5147,4565.95
1194,9,0,7,13.5145,4564.43
1190,9,0,7,13.5034,4498.97
1186,9,0,7,13.4884,4423.7
1187,9,0,7,13.4859,4407.82
1124,9,0,7,13.4693,4329.38
2038,9,0,7,13.458,4272.44
1102,9,0,7,13.4482,4222.01
1100,9,0,7,13.434,4152.61
1101,9,0,7,13.423,4095.97
1445,9,0,8,13.7337,5659.6,0.105333,459.432,0.01,9
1444,9,0,8,13.719,5581.47
1649,9,0,8,13.7166,5569.84
1658,9,0,8,13.6939,5453.63
2095,9,0,9,13.9489,6696.76,0,0,0
1524,9,0,9,13.9294,6595.04
1624,9,0,9,13.9247,6570.9
2090,9,0,9,13.9045,6463.8
1497,9,0,9,13.9013,6447.17
2102,9,0,9,13.8994,6437.54
2089,9,0,9,13.899,6435.88
1644,9,0,9,13.8803,6332.5
2088,9,0,9,13.8741,6301.21
2087,9,0,9,13.8613,6235.47
1445,9,0,9,13.839,6119.03
2090,9,1,0,15.207,192.482,0.0666667,290.78,0.04,1
1524,9,1,0,15.1983,96.317
2095,9,1,0,15.18,0
2095,9,1,1,15.3161,707.482,0,0,0
1524,9,1,1,15.2988,615.255
1624,9,1,1,15.2955,596.858
2090,9,1,1,15.2737,483.262
1624,10,0,0,12.3787,302.839,0.104,453.617,0.08,1
2090,10,0,0,12.3583,194.986
1524,10,0,0,12.3492,100.283
2095,10,0,0,12.33,0
2124,10,0,1,12.5076,935.718,0.0435,189.734,0.02,2
2089,10,0,1,12.5044,918.162
2102,10,0,1,12.504,916.131
1497,10,0,1,12.5028,909.591
1660,10,0,1,12.5001,894.938
2090,10,0,1,12.4956,871.663
1524,10,0,1,12.4865,776.96
1624,10,0,1,12.4827,756.456
1655,10,0,2,12.7137,2037.1,0.0521667,227.535,0.27,3
1425,10,0,2,12.6768,1845.31
1430,10,0,2,12.6574,1747.53
1428,10,0,2,12.6438,1680.14
1426,10,0,2,12.636,1640.7
2103,10,0,2,12.63,1609.46
1677,10,0,2,12.6253,1586.67
1836,10,0,2,12.6185,1554.45
1834,10,0,2,12.6015,1465.58
1830,10,0,2,12.5936,1389.36
1828,10,0,2,12.5847,1303.95
1449,10,0,2,12.574,1251.09
1825,10,0,2,12.5687,1224.06
2124,10,0,2,12.5511,1125.45
1101,10,0,3,12.9353,3101.38,0.0638333,278.422,0.11,4
1100,10,0,3,12.9204,3028.16
1102,10,0,3,12.9027,2944.7
2038,10,0,3,12.8928,2893.63
1124,10,0,3,12.8805,2832.68
1144,10,0,3,12.872,2790.15
1191,10,0,3,12.8664,2759.52
1193,10,0,3,12.8587,2720.27
1197,10,0,3,12.839,2627.16
2058,10,0,3,12.8332,2598.09
2062,10,0,3,12.8208,2537.93
2077,10,0,3,12.8025,2444.25
2078,10,0,3,12.7936,2400.59
1823,10,0,3,12.7842,2353.31
2097,10,0,3,12.7713,2291.69
1655,10,0,3,12.7659,2264.64
2038,10,0,4,13.0338,3554.88,0.0538333,234.805,0.02,5
1102,10,0,4,13.0233,3501.52
1100,10,0,4,13.0104,3437.63
1101,10,0,4,12.9992,3379.8
2058,10,0,5,13.1491,4089.77,0.0933333,407.092,0.2,6
1197,10,0,5,13.1424,4057
1191,10,0,5,13.1227,3959.95
1144,10,0,5,13.1117,3906.99
1124,10,0,5,13.0989,3846.61
2038,10,0,5,13.0876,3789.68
2077,10,0,6,13.2738,4653.67,0.0361667,157.748,0,7
2062,10,0,6,13.2533,4550.55
2058,10,0,6,13.2424,4496.86
1658,10,0,7,13.4195,5370.45,0.0673333,293.688,0.46,8
1436,10,0,7,13.4151,5346.92
2101,10,0,7,13.4116,5329.36
2083,10,0,7,13.3955,5246.99
1424,10,0,7,13.3635,5085.69
2121,10,0,7,13.3394,4960.81
2098,10,0,7,13.3308,4916.96
1823,10,0,7,13.3259,4892.63
2078,10,0,7,13.3187,4854.34
2077,10,0,7,13.31,4811.42
1445,10,0,8,13.5266,5870.11,0.105333,459.432,0.01,9
1444,10,0,8,13.5119,5791.97
1649,10,0,8,13.5096,5780.35
1658,10,0,8,13.4868,5664.14
2095,10,0,9,13.7418,6907.27,0,0,0
1524,10,0,9,13.7223,6805.55
1624,10,0,9,13.7176,6781.4
2090,10,0,9,13.6974,6674.31
1497,10,0,9,13.6942,6657.68
2102,10,0,9,13.6923,6648.04
2089,10,0,9,13.692,6646.38
1644,10,0,9,13.6733,6543
2088,10,0,9,13.667,6511.71
2087,10,0,9,13.6542,6445.98
1445,10,0,9,13.632,6329.54
2090,10,1,0,15.037,192.482,0.0666667,290.78,0.04,1
1524,10,1,0,15.0283,96.317
2095,10,1,0,15.01,0
2095,10,1,1,15.1461,707.482,0,0,0
1524,10,1,1,15.1288,615.255
1624,10,1,1,15.1255,596.858
2090,10,1,1,15.1037,483.262
1624,11,0,0,12.5487,302.839,0.104,453.617,0.08,1
2090,11,0,0,12.5283,194.986
1524,11,0,0,12.5192,100.283
2095,11,0,0,12.5,0
2124,11,0,1,12.6776,935.718,0.0435,189.734,0.02,2
2089,11,0,1,12.6744,918.162
2102,11,0,1,12.674,916.131
1497,11,0,1,12.6728,909.591
1660,11,0,1,12.6701,894.938
2090,11,0,1,12.6656,871.663
1524,11,0,1,12.6565,776.96
1624,11,0,1,12.6527,756.456
1445,11,0,2,12.7905,1485.28,0.0491667,214.45,0.02,3
2087,11,0,2,12.7653,1356.35
2088,11,0,2,12.7529,1292.27
1644,11,0,2,12.7479,1266.13
2089,11,0,2,12.7301,1166.67
2124,11,0,2,12.7211,1125.45
1655,11,0,3,12.9659,2343.34,0.0521667,227.535,0.27,4
2121,11,0,3,12.9637,2332.16
1424,11,0,3,12.938,2200.6
2083,11,0,3,12.9066,2041.66
2101,11,0,3,12.8931,1970.48
1658,11,0,3,12.8815,1913.9
1649,11,0,3,12.8575,1792.63
1444,11,0,3,12.8559,1783.96
1445,11,0,3,12.8397,1699.73
2077,11,0,4,13.0484,2724.49,0.0361667,157.748,0,5
2078,11,0,4,13.0396,2681.64
1823,11,0,4,13.0313,2638.4
2097,11,0,4,13.0222,2592.91
1655,11,0,4,13.0181,2570.87
2058,11,0,5,13.1138,3030.23,0.0933333,407.092,0.2,6
2062,11,0,5,13.1027,2975.42
2077,11,0,5,13.0845,2882.23
1101,11,0,6,13.3067,3928.96,0.0546667,238.44,0.12,7
1100,11,0,6,13.2931,3861.7
1102,11,0,6,13.2695,3754.38
2038,11,0,6,13.2598,3704.36
1124,11,0,6,13.2471,3641.45
1144,11,0,6,13.2416,3611.47
1191,11,0,6,13.2346,3575.06
1193,11,0,6,13.2281,3540.84
1197,11,0,6,13.2129,3466.4
2058,11,0,6,13.2072,3437.32
2038,11,0,7,13.3963,4343.87,0.0538333,234.805,0.02,8
1102,11,0,7,13.3865,4293.44
1100,11,0,7,13.3723,4224.04
1101,11,0,7,13.3613,4167.4
2095,11,0,8,13.6711,5789.63,0,0,0
1524,11,0,8,13.6516,5687.9
1624,11,0,8,13.6469,5663.76
2090,11,0,8,13.6267,5556.66
1497,11,0,8,13.6235,5540.04
2102,11,0,8,13.6216,5530.4
2089,11,0,8,13.6213,5528.74
2124,11,0,8,13.6146,5496.62
1826,11,0,8,13.5989,5421.56
1450,11,0,8,13.5965,5406.07
1829,11,0,8,13.5916,5376.39
1447,11,0,8,13.5857,5342.01
1832,11,0,8,13.5763,5287.6
1833,11,0,8,13.5677,5214.62
1835,11,0,8,13.5574,5156.56
2103,11,0,8,13.5521,5127.67
2177,11,0,8,13.552,5127.31
1841,11,0,8,13.5519,5125.96
2060,11,0,8,13.515,4923.73
1551,11,0,8,13.5143,4919.56
1550,11,0,8,13.5135,4915.78
1196,11,0,8,13.5068,4872.18
1194,11,0,8,13.5066,4870.66
1190,11,0,8,13.4956,4805.2
1186,11,0,8,13.4806,4729.94
1187,11,0,8,13.478,4714.06
1124,11,0,8,13.4614,4635.61
2038,11,0,8,13.4501,4578.68
2090,11,1,0,15.377,192.482,0.0666667,290.78,0.04,1
1524,11,1,0,15.3683,96.317
2095,11,1,0,15.35,0
1658,11,1,1,15.554,1059.97,0.09,392.553,0.43,2
1649,11,1,1,15.5317,945.697
1444,11,1,1,15.5301,936.948
1445,11,1,1,15.514,853.305
2087,11,1,1,15.4938,745.449
2088,11,1,1,15.4818,683.135
1644,11,1,1,15.4761,654.019
2089,11,1,1,15.4525,529.75
2102,11,1,1,15.4521,527.719
1497,11,1,1,15.4508,520.684
1660,11,1,1,15.4482,506.537
2090,11,1,1,15.4437,483.262
2095,11,1,2,15.795,2231.21,0,0,0
1524,11,1,2,15.7777,2138.98
1624,11,1,2,15.7744,2120.58
2090,11,1,2,15.7526,2006.99
1497,11,1,2,15.7492,1989.21
2102,11,1,2,15.7473,1979.58
2089,11,1,2,15.747,1978.29
2124,11,1,2,15.7365,1930.89
1826,11,1,2,15.7284,1887.17
1450,11,1,2,15.726,1871.62
1829,11,1,2,15.7207,1841.48
1447,11,1,2,15.7152,1807.53
1446,11,1,2,15.7019,1739.76
1648,11,1,2,15.6801,1630.46
1444,11,1,2,15.6756,1607.17
1649,11,1,2,15.6733,1595.54
1658,11,1,2,15.644,1452.53
1624,12,0,0,12.2687,302.839,0.104,453.617,0.08,1
2090,12,0,0,12.2483,194.986
1524,12,0,0,12.2392,100.283
2095,12,0,0,12.22,0
2124,12,0,1,12.3976,935.718,0.0435,189.734,0.02,2
2089,12,0,1,12.3944,918.162
2102,12,0,1,12.394,916.131
1497,12,0,1,12.3928,909.591
1660,12,0,1,12.3901,894.938
2090,12,0,1,12.3856,871.663
1524,12,0,1,12.3765,776.96
1624,12,0,1,12.3727,756.456
1445,12,0,2,12.5105,1485.28,0.0491667,214.45,0.02,3
2087,12,0,2,12.4853,1356.35
2088,12,0,2,12.4729,1292.27
1644,12,0,2,12.4679,1266.13
2089,12,0,2,12.4501,1166.67
2124,12,0,2,12.4411,1125.45
1655,12,0,3,12.6859,2343.34,0.0521667,227.535,0.27,4
2121,12,0,3,12.6837,2332.16
1424,12,0,3,12.658,2200.6
2083,12,0,3,12.6266,2041.66
2101,12,0,3,12.6131,1970.48
1658,12,0,3,12.6015,1913.9
1649,12,0,3,12.5775,1792.63
1444,12,0,3,12.5759,1783.96
1445,12,0,3,12.5597,1699.73
1101,12,0,4,12.9075,3407.61,0.0638333,278.422,0.11,5
1100,12,0,4,12.8925,3334.4
1102,12,0,4,12.8749,3250.94
2038,12,0,4,12.8649,3199.86
1124,12,0,4,12.8527,3138.91
1144,12,0,4,12.8442,3096.38
1191,12,0,4,12.8386,3065.76
1193,12,0,4,12.8309,3026.5
1197,12,0,4,12.8111,2933.4
2058,12,0,4,12.8053,2904.32
2062,12,0,4,12.7929,2844.16
2077,12,0,4,12.7746,2750.49
2078,12,0,4,12.7657,2706.83
1823,12,0,4,12.7564,2659.54
2097,12,0,4,12.7434,2597.92
1655,12,0,4,12.7381,2570.87
2038,12,0,5,13.006,3861.11,0.0538333,234.805,0.02,6
1102,12,0,5,12.9955,3807.75
1100,12,0,5,12.9826,3743.86
1101,12,0,5,12.9713,3686.03
2058,12,0,6,13.1212,4396,0.0933333,407.092,0.2,7
1197,12,0,6,13.1146,4363.23
1191,12,0,6,13.0949,4266.18
1144,12,0,6,13.0839,4213.23
1124,12,0,6,13.0711,4152.85
2038,12,0,6,13.0598,4095.91
2077,12,0,7,13.246,4959.9,0.0361667,157.748,0,8
2062,12,0,7,13.2254,4856.78
2058,12,0,7,13.2146,4803.1
2095,12,0,8,13.4668,6111.29,0,0,0
1524,12,0,8,13.4473,6009.56
1624,12,0,8,13.4426,5985.42
2090,12,0,8,13.4224,5878.32
1497,12,0,8,13.4192,5861.69
2102,12,0,8,13.4173,5852.06
2089,12,0,8,13.417,5850.4
2124,12,0,8,13.4103,5818.28
1826,12,0,8,13.3946,5743.22
1450,12,0,8,13.3922,5727.73
1829,12,0,8,13.3873,5698.05
1447,12,0,8,13.3814,5663.67
1832,12,0,8,13.372,5609.26
1833,12,0,8,13.3634,5536.27
1835,12,0,8,13.3531,5478.22
2103,12,0,8,13.3478,5449.32
2177,12,0,8,13.3477,5448.96
1841,12,0,8,13.3476,5447.62
1554,12,0,8,13.3415,5415.33
1416,12,0,8,13.34,5407.5
1415,12,0,8,13.3219,5318.83
2097,12,0,8,13.3084,5250.25
2098,12,0,8,13.303,5223.19
1823,12,0,8,13.2981,5198.87
2078,12,0,8,13.2909,5160.58
2077,12,0,8,13.2821,5117.65
1658,12,1,0,15.4474,769.195,0.09,392.553,0.43,1
1649,12,1,0,15.425,654.917
1444,12,1,0,15.4234,646.168
1445,12,1,0,15.4074,562.525
2087,12,1,0,15.3871,454.669
2088,12,1,0,15.3751,392.355
1644,12,1,0,15.3694,363.239
2089,12,1,0,15.3458,238.97
2102,12,1,0,15.3454,236.939
1497,12,1,0,15.3441,229.904
1660,12,1,0,15.3415,215.757
2090,12,1,0,15.337,192.482
1524,12,1,0,15.3283,96.317
2095,12,1,0,15.31,0
2090,12,1,1,15.646,1716.21,0.0666667,290.78,0.04,2
1497,12,1,1,15.6425,1698.43
2102,12,1,1,15.6406,1688.8
2089,12,1,1,15.6404,1687.51
2124,12,1,1,15.6299,1640.11
1826,12,1,1,15.6217,1596.39
1450,12,1,1,15.6193,1580.84
1829,12,1,1,15.614,1550.7
1447,12,1,1,15.6085,1516.75
1446,12,1,1,15.5952,1448.98
1648,12,1,1,15.5735,1339.68
1444,12,1,1,15.5689,1316.39
1649,12,1,1,15.5666,1304.76
1658,12,1,1,15.5374,1161.75
2095,12,1,2,15.755,2231.21,0,0,0
1524,12,1,2,15.7377,2138.98
1624,12,1,2,15.7344,2120.58
2090,12,1,2,15.7126,2006.99
1624,13,0,0,12.3287,302.839,0.104,453.617,0.08,1
2090,13,0,0,12.3083,194.986
1524,13,0,0,12.2992,100.283
2095,13,0,0,12.28,0
2124,13,0,1,12.4576,935.718,0.0435,189.734,0.02,2
2089,13,0,1,12.4544,918.162
2102,13,0,1,12.454,916.131
1497,13,0,1,12.4528,909.591
1660,13,0,1,12.4501,894.938
2090,13,0,1,12.4456,871.663
1524,13,0,1,12.4365,776.96
1624,13,0,1,12.4327,756.456
1445,13,0,2,12.5705,1485.28,0.0491667,214.45,0.02,3
2087,13,0,2,12.5453,1356.35
2088,13,0,2,12.5329,1292.27
1644,13,0,2,12.5279,1266.13
2089,13,0,2,12.5101,1166.67
2124,13,0,2,12.5011,1125.45
1101,13,0,3,12.9094,3178.78,0.0638333,278.422,0.11,4
1083,13,0,3,12.8978,3120.92
1105,13,0,3,12.8815,3037.94
1104,13,0,3,12.8602,2929.78
1183,13,0,3,12.8575,2913.15
1184,13,0,3,12.8509,2879.37
1663,13,0,3,12.836,2808.05
1189,13,0,3,12.8262,2759.26
1194,13,0,3,12.8123,2681.29
1196,13,0,3,12.812,2679.7
1550,13,0,3,12.8053,2641.07
1552,13,0,3,12.8008,2618.3
2059,13,0,3,12.7942,2584.36
2063,13,0,3,12.7692,2458.92
1554,13,0,3,12.7435,2327.62
1417,13,0,3,12.742,2319.67
1418,13,0,3,12.7327,2271.84
1425,13,0,3,12.7163,2186.11
2083,13,0,3,12.6866,2041.66
2101,13,0,3,12.6731,1970.48
1658,13,0,3,12.6615,1913.9
1649,13,0,3,12.6375,1792.63
1444,13,0,3,12.6359,1783.96
1445,13,0,3,12.6197,1699.73
2038,13,0,4,13.0079,3632.28,0.0538333,234.805,0.02,5
1102,13,0,4,12.9974,3578.92
1100,13,0,4,12.9845,3515.03
1101,13,0,4,12.9732,3457.2
2058,13,0,5,13.1232,4167.17,0.0933333,407.092,0.2,6
1197,13,0,5,13.1165,4134.4
1191,13,0,5,13.0968,4037.35
1144,13,0,5,13.0858,3984.4
1124,13,0,5,13.073,3924.02
2038,13,0,5,13.0617,3867.08
2077,13,0,6,13.2479,4731.07,0.0361667,157.748,0,7
2062,13,0,6,13.2273,4627.95
2058,13,0,6,13.2165,4574.26
2095,13,0,7,13.4687,5882.45,0,0,0
1524,13,0,7,13.4492,5780.73
1624,13,0,7,13.4445,5756.59
2090,13,0,7,13.4243,5649.49
1497,13,0,7,13.4211,5632.86
2102,13,0,7,13.4192,5623.23
2089,13,0,7,13.4189,5621.57
2124,13,0,7,13.4122,5589.45
1826,13,0,7,13.3965,5514.38
1450,13,0,7,13.3941,5498.9
1829,13,0,7,13.3892,5469.22
1447,13,0,7,13.3833,5434.84
1832,13,0,7,13.3739,5380.43
1833,13,0,7,13.3653,5307.44
1835,13,0,7,13.355,5249.39
2103,13,0,7,13.3497,5220.49
2177,13,0,7,13.3496,5220.13
1841,13,0,7,13.3495,5218.78
1554,13,0,7,13.3435,5186.5
1416,13,0,7,13.3419,5178.67
1415,13,0,7,13.3238,5090
2097,13,0,7,13.3103,5021.42
2098,13,0,7,13.3049,4994.36
1823,13,0,7,13.3,4970.04
2078,13,0,7,13.2928,4931.74
2077,13,0,7,13.284,4888.82
2090,13,1,0,15.207,192.482,0.0666667,290.78,0.04,1
1524,13,1,0,15.1983,96.317
2095,13,1,0,15.18,0
1658,13,1,1,15.384,1059.97,0.09,392.553,0.43,2
1649,13,1,1,15.3617,945.697
1444,13,1,1,15.3601,936.948
1445,13,1,1,15.344,853.305
2087,13,1,1,15.3238,745.449
2088,13,1,1,15.3118,683.135
1644,13,1,1,15.3061,654.019
2089,13,1,1,15.2825,529.75
2102,13,1,1,15.2821,527.719
1497,13,1,1,15.2808,520.684
1660,13,1,1,15.2782,506.537
2090,13,1,1,15.2737,483.262
1655,13,1,2,15.5619,1896.56,0.0378333,165.018,0.26,3
2121,13,1,2,15.559,1882.36
1424,13,1,2,15.534,1754
2083,13,1,2,15.503,1596.87
2101,13,1,2,15.4844,1504.24
1658,13,1,2,15.474,1452.53
2095,13,1,3,15.7534,2906.1,0,0,0
1524,13,1,3,15.7361,2813.87
1624,13,1,3,15.7328,2795.47
2090,13,1,3,15.711,2681.88
1497,13,1,3,15.7076,2664.1
2102,13,1,3,15.7056,2654.47
2089,13,1,3,15.7054,2653.18
2124,13,1,3,15.6949,2605.78
1826,13,1,3,15.6867,2562.06
1450,13,1,3,15.6843,2546.51
1829,13,1,3,15.6791,2516.37
1832,13,1,3,15.6645,2429.02
1833,13,1,3,15.6556,2356.32
1835,13,1,3,15.6446,2295.17
2103,13,1,3,15.6387,2263.72
2177,13,1,3,15.6387,2263.36
1841,13,1,3,15.6385,2262.01
1554,13,1,3,15.6319,2227.11
1416,13,1,3,15.6303,2219.28
1415,13,1,3,15.616,2146.36
2097,13,1,3,15.6043,2085.14
1655,13,1,3,15.5997,2061.58
1624,14,0,0,12.4687,302.839,0.104,453.617,0.08,1
2090,14,0,0,12.4483,194.986
1524,14,0,0,12.4392,100.283
2095,14,0,0,12.42,0
2124,14,0,1,12.5976,935.718,0.0435,189.734,0.02,2
2089,14,0,1,12.5944,918.162
2102,14,0,1,12.594,916.131
1497,14,0,1,12.5928,909.591
1660,14,0,1,12.5901,894.938
2090,14,0,1,12.5856,871.663
1524,14,0,1,12.5765,776.96
1624,14,0,1,12.5727,756.456
1101,14,0,2,12.9234,2658.15,0.0638333,278.422,0.11,3
1083,14,0,2,12.9118,2600.29
1105,14,0,2,12.8955,2517.31
1104,14,0,2,12.8738,2407.34
1183,14,0,2,12.8711,2390.71
1184,14,0,2,12.8645,2356.93
1663,14,0,2,12.8496,2285.61
1189,14,0,2,12.8398,2236.82
1194,14,0,2,12.8259,2158.85
1196,14,0,2,12.8256,2157.26
1550,14,0,2,12.8189,2118.63
2060,14,0,2,12.8134,2092.01
1843,14,0,2,12.757,1803.13
1840,14,0,2,12.7277,1649.66
1839,14,0,2,12.7195,1608.49
1677,14,0,2,12.7153,1586.67
1836,14,0,2,12.7085,1554.45
1834,14,0,2,12.6915,1465.58
1830,14,0,2,12.6836,1389.36
1828,14,0,2,12.6747,1303.95
1449,14,0,2,12.664,1251.09
1825,14,0,2,12.6587,1224.06
2124,14,0,2,12.6411,1125.45
2038,14,0,3,13.0219,3111.65,0.0538333,234.805,0.02,4
1102,14,0,3,13.0114,3058.29
1100,14,0,3,12.9986,2994.4
1101,14,0,3,12.9873,2936.57
2058,14,0,4,13.1372,3646.54,0.0933333,407.092,0.2,5
1197,14,0,4,13.1305,3613.77
1191,14,0,4,13.1108,3516.72
1144,14,0,4,13.0999,3463.77
1124,14,0,4,13.087,3403.39
2038,14,0,4,13.0757,3346.45
2077,14,0,5,13.2619,4210.44,0.0361667,157.748,0,6
2062,14,0,5,13.2414,4107.32
2058,14,0,5,13.2305,4053.64
1445,14,0,6,13.4393,5102.19,0.105333,459.432,0.01,7
1444,14,0,6,13.4246,5024.05
1649,14,0,6,13.4223,5012.43
1437,14,0,6,13.4076,4938.02
1443,14,0,6,13.3967,4877.38
1831,14,0,6,13.3848,4819.59
1833,14,0,6,13.3793,4786.81
1835,14,0,6,13.369,4728.76
2103,14,0,6,13.3637,4699.86
2177,14,0,6,13.3637,4699.51
1841,14,0,6,13.3635,4698.16
1554,14,0,6,13.3575,4665.87
1416,14,0,6,13.3559,4658.04
1415,14,0,6,13.3378,4569.37
2097,14,0,6,13.3244,4500.79
2098,14,0,6,13.3189,4473.73
1823,14,0,6,13.3141,4449.41
2078,14,0,6,13.3068,4411.12
2077,14,0,6,13.2981,4368.19
2095,14,0,7,13.6545,6139.35,0,0,0
1524,14,0,7,13.635,6037.63
1624,14,0,7,13.6303,6013.48
2090,14,0,7,13.6101,5906.39
1497,14,0,7,13.6069,5889.76
2102,14,0,7,13.605,5880.12
2089,14,0,7,13.6047,5878.46
1644,14,0,7,13.586,5775.08
2088,14,0,7,13.5797,5743.79
2087,14,0,7,13.5669,5678.06
1445,14,0,7,13.5446,5561.62
2090,14,1,0,15.117,192.482,0.0666667,290.78,0.04,1
1524,14,1,0,15.1083,96.317
2095,14,1,0,15.09,0
1658,14,1,1,15.294,1059.97,0.09,392.553,0.43,2
1649,14,1,1,15.2717,945.697
1444,14,1,1,15.2701,936.948
1445,14,1,1,15.254,853.305
2087,14,1,1,15.2338,745.449
2088,14,1,1,15.2218,683.135
1644,14,1,1,15.2161,654.019
2089,14,1,1,15.1925,529.75
2102,14,1,1,15.1921,527.719
1497,14,1,1,15.1908,520.684
1660,14,1,1,15.1882,506.537
2090,14,1,1,15.1837,483.262
1655,14,1,2,15.4719,1896.56,0.0378333,165.018,0.26,3
2121,14,1,2,15.469,1882.36
1424,14,1,2,15.444,1754
2083,14,1,2,15.413,1596.87
2101,14,1,2,15.3944,1504.24
1658,14,1,2,15.384,1452.53
2095,14,1,3,15.6634,2906.1,0,0,0
1524,14,1,3,15.6461,2813.87
1624,14,1,3,15.6428,2795.47
2090,14,1,3,15.621,2681.88
1497,14,1,3,15.6176,2664.1
2102,14,1,3,15.6156,2654.47
2089,14,1,3,15.6154,2653.18
2124,14,1,3,15.6049,2605.78
1826,14,1,3,15.5967,2562.06
1450,14,1,3,15.5943,2546.51
1829,14,1,3,15.5891,2516.37
1832,14,1,3,15.5745,2429.02
1833,14,1,3,15.5656,2356.32
1835,14,1,3,15.5546,2295.17
2103,14,1,3,15.5487,2263.72
2177,14,1,3,15.5487,2263.36
1841,14,1,3,15.5485,2262.01
1554,14,1,3,15.5419,2227.11
1416,14,1,3,15.5403,2219.28
1415,14,1,3,15.526,2146.36
2097,14,1,3,15.5143,2085.14
1655,14,1,3,15.5097,2061.58
