Node, Individual, Route,Segment, Travel time, Travel cost, Attention time, Attention cost, Failure rate, Demand
2090,0,0,0,12.3583,194.986,0.0353333,154.113,0.07,1
1524,0,0,0,12.3492,100.283
2095,0,0,0,12.33,0
2124,0,0,1,12.4057,413.155,0.0435,189.734,0.02,2
2089,0,0,1,12.4025,395.598
2102,0,0,1,12.4021,393.567
1497,0,0,1,12.4009,387.027
1660,0,0,1,12.3981,372.374
2090,0,0,1,12.3936,349.1
1445,0,0,2,12.5186,962.714,0.0491667,214.45,0.02,3
2087,0,0,2,12.4933,833.788
2088,0,0,2,12.4809,769.709
1644,0,0,2,12.4759,743.566
2089,0,0,2,12.4581,644.103
2124,0,0,2,12.4492,602.888
1658,0,0,3,12.6095,1391.33,0.0986667,430.354,0.47,4
1649,0,0,3,12.5855,1270.06
1444,0,0,3,12.5839,1261.4
1445,0,0,3,12.5677,1177.16
1655,0,0,4,12.7926,2251.13,0.0521667,227.535,0.27,5
2121,0,0,4,12.7904,2239.95
1424,0,0,4,12.7647,2108.39
2083,0,0,4,12.7332,1949.45
2101,0,0,4,12.7197,1878.27
1658,0,0,4,12.7082,1821.69
2077,0,0,5,12.8813,2658.28,0.0555,242.074,0.02,6
2078,0,0,5,12.8724,2614.62
1823,0,0,5,12.8631,2567.33
2097,0,0,5,12.8501,2505.72
1655,0,0,5,12.8447,2478.66
2058,0,0,6,12.9675,3054.19,0.0493333,215.177,0.21,7
2062,0,0,6,12.9551,2994.03
2077,0,0,6,12.9368,2900.35
1101,0,0,7,13.1164,3761,0.0546667,238.44,0.12,8
1100,0,0,7,13.1028,3693.74
1102,0,0,7,13.0792,3586.42
2038,0,0,7,13.0695,3536.4
1124,0,0,7,13.0568,3473.49
1144,0,0,7,13.0513,3443.51
1191,0,0,7,13.0443,3407.1
1193,0,0,7,13.0378,3372.88
1197,0,0,7,13.0227,3298.44
2058,0,0,7,13.0169,3269.36
2038,0,0,8,13.206,4175.91,0.0538333,234.805,0.02,9
1102,0,0,8,13.1962,4125.48
1100,0,0,8,13.182,4056.08
1101,0,0,8,13.171,3999.44
1624,0,0,9,13.4566,5495.8,0.0715,311.861,0.1,10
2090,0,0,9,13.4364,5388.7
1497,0,0,9,13.4332,5372.08
2102,0,0,9,13.4313,5362.44
2089,0,0,9,13.431,5360.78
2124,0,0,9,13.4243,5328.66
1826,0,0,9,13.4086,5253.6
1450,0,0,9,13.4062,5238.11
1829,0,0,9,13.4013,5208.43
1447,0,0,9,13.3954,5174.05
1832,0,0,9,13.386,5119.64
1833,0,0,9,13.3774,5046.66
1835,0,0,9,13.3671,4988.6
2103,0,0,9,13.3618,4959.71
2177,0,0,9,13.3617,4959.35
1841,0,0,9,13.3616,4958
2060,0,0,9,13.3247,4755.77
1551,0,0,9,13.324,4751.6
1550,0,0,9,13.3232,4747.82
1196,0,0,9,13.3166,4704.22
1194,0,0,9,13.3163,4702.7
1190,0,0,9,13.3053,4637.24
1186,0,0,9,13.2903,4561.98
1187,0,0,9,13.2877,4546.1
1124,0,0,9,13.2711,4467.65
2038,0,0,9,13.2599,4410.72
2095,0,0,10,13.5523,5933.53,0,0,0
1524,0,0,10,13.5328,5831.8
1624,0,0,10,13.5281,5807.66
2090,1,0,0,12.1683,194.986,0.0353333,154.113,0.07,1
1524,1,0,0,12.1592,100.283
2095,1,0,0,12.14,0
2124,1,0,1,12.2157,413.155,0.0435,189.734,0.02,2
2089,1,0,1,12.2125,395.598
2102,1,0,1,12.2121,393.567
1497,1,0,1,12.2109,387.027
1660,1,0,1,12.2081,372.374
2090,1,0,1,12.2036,349.1
1445,1,0,2,12.3286,962.714,0.0491667,214.45,0.02,3
2087,1,0,2,12.3033,833.788
2088,1,0,2,12.2909,769.709
1644,1,0,2,12.2859,743.566
2089,1,0,2,12.2681,644.103
2124,1,0,2,12.2592,602.888
1658,1,0,3,12.4195,1391.33,0.0986667,430.354,0.47,4
1649,1,0,3,12.3955,1270.06
1444,1,0,3,12.3939,1261.4
1445,1,0,3,12.3777,1177.16
1655,1,0,4,12.6026,2251.13,0.0521667,227.535,0.27,5
2121,1,0,4,12.6004,2239.95
1424,1,0,4,12.5747,2108.39
2083,1,0,4,12.5433,1949.45
2101,1,0,4,12.5297,1878.27
1658,1,0,4,12.5182,1821.69
2077,1,0,5,12.6913,2658.28,0.0555,242.074,0.02,6
2078,1,0,5,12.6824,2614.62
1823,1,0,5,12.6731,2567.33
2097,1,0,5,12.6601,2505.72
1655,1,0,5,12.6547,2478.66
2058,1,0,6,12.7775,3054.19,0.0493333,215.177,0.21,7
2062,1,0,6,12.7651,2994.03
2077,1,0,6,12.7468,2900.35
1101,1,0,7,12.929,3772.65,0.0638333,278.422,0.11,8
1100,1,0,7,12.914,3699.44
1102,1,0,7,12.8964,3615.98
2038,1,0,7,12.8864,3564.9
1124,1,0,7,12.8742,3503.96
1144,1,0,7,12.8657,3461.43
1191,1,0,7,12.8601,3430.8
1193,1,0,7,12.8524,3391.54
1197,1,0,7,12.8327,3298.44
2058,1,0,7,12.8269,3269.36
2038,1,0,8,13.0275,4226.15,0.0538333,234.805,0.02,9
1102,1,0,8,13.017,4172.79
1100,1,0,8,13.0041,4108.9
1101,1,0,8,12.9928,4051.07
1624,1,0,9,13.2781,5546.04,0.0715,311.861,0.1,10
2090,1,0,9,13.2578,5438.94
1497,1,0,9,13.2547,5422.31
2102,1,0,9,13.2527,5412.68
2089,1,0,9,13.2524,5411.02
2124,1,0,9,13.2457,5378.9
1826,1,0,9,13.23,5303.84
1450,1,0,9,13.2277,5288.35
1829,1,0,9,13.2227,5258.67
1447,1,0,9,13.2169,5224.29
1832,1,0,9,13.2074,5169.88
1833,1,0,9,13.1988,5096.89
1835,1,0,9,13.1885,5038.84
2103,1,0,9,13.1833,5009.94
2177,1,0,9,13.1832,5009.58
1841,1,0,9,13.183,5008.24
2060,1,0,9,13.1462,4806.01
1551,1,0,9,13.1454,4801.84
1550,1,0,9,13.1447,4798.06
1196,1,0,9,13.138,4754.46
1194,1,0,9,13.1378,4752.94
1190,1,0,9,13.1267,4687.48
1186,1,0,9,13.1118,4612.22
1187,1,0,9,13.1092,4596.33
1124,1,0,9,13.0926,4517.89
2038,1,0,9,13.0813,4460.96
2095,1,0,10,13.3738,5983.77,0,0,0
1524,1,0,10,13.3542,5882.04
1624,1,0,10,13.3496,5857.9
2090,2,0,0,12.5183,194.986,0.0353333,154.113,0.07,1
1524,2,0,0,12.5092,100.283
2095,2,0,0,12.49,0
2124,2,0,1,12.5657,413.155,0.0435,189.734,0.02,2
2089,2,0,1,12.5625,395.598
2102,2,0,1,12.5621,393.567
1497,2,0,1,12.5609,387.027
1660,2,0,1,12.5581,372.374
2090,2,0,1,12.5536,349.1
1445,2,0,2,12.6786,962.714,0.0491667,214.45,0.02,3
2087,2,0,2,12.6533,833.788
2088,2,0,2,12.6409,769.709
1644,2,0,2,12.6359,743.566
2089,2,0,2,12.6181,644.103
2124,2,0,2,12.6092,602.888
1658,2,0,3,12.7695,1391.33,0.0986667,430.354,0.47,4
1649,2,0,3,12.7455,1270.06
1444,2,0,3,12.7439,1261.4
1445,2,0,3,12.7277,1177.16
1655,2,0,4,12.9526,2251.13,0.0521667,227.535,0.27,5
2121,2,0,4,12.9504,2239.95
1424,2,0,4,12.9247,2108.39
2083,2,0,4,12.8932,1949.45
2101,2,0,4,12.8797,1878.27
1658,2,0,4,12.8682,1821.69
2077,2,0,5,13.0351,2632.28,0.0361667,157.748,0,6
2078,2,0,5,13.0263,2589.43
1823,2,0,5,13.0179,2546.19
2097,2,0,5,13.0089,2500.7
1655,2,0,5,13.0047,2478.66
2058,2,0,6,13.1005,2938.02,0.0933333,407.092,0.2,7
2062,2,0,6,13.0894,2883.22
2077,2,0,6,13.0712,2790.02
2038,2,0,7,13.2465,3612.15,0.0538333,234.805,0.02,8
1124,2,0,7,13.2338,3549.24
1144,2,0,7,13.2283,3519.26
1191,2,0,7,13.2213,3482.85
1193,2,0,7,13.2148,3448.63
1197,2,0,7,13.1996,3374.19
2058,2,0,7,13.1938,3345.11
1101,2,0,8,13.3472,4071.56,0.0546667,238.44,0.12,9
1100,2,0,8,13.3337,4004.3
1102,2,0,8,13.3101,3896.98
2038,2,0,8,13.3003,3846.96
1624,2,0,9,13.6336,5571.55,0.0715,311.861,0.1,10
2090,2,0,9,13.6133,5464.45
1497,2,0,9,13.6102,5447.83
2102,2,0,9,13.6083,5438.19
2089,2,0,9,13.6079,5436.53
2124,2,0,9,13.6013,5404.41
1826,2,0,9,13.5856,5329.35
1450,2,0,9,13.5832,5313.87
1829,2,0,9,13.5782,5284.18
1447,2,0,9,13.5724,5249.8
1832,2,0,9,13.563,5195.39
1833,2,0,9,13.5544,5122.41
1835,2,0,9,13.544,5064.35
2103,2,0,9,13.5388,5035.46
2177,2,0,9,13.5387,5035.1
1841,2,0,9,13.5386,5033.75
2060,2,0,9,13.5017,4831.52
1551,2,0,9,13.501,4827.35
1550,2,0,9,13.5002,4823.57
1196,2,0,9,13.4935,4779.97
1194,2,0,9,13.4933,4778.45
1190,2,0,9,13.4823,4712.99
1186,2,0,9,13.4673,4637.73
1187,2,0,9,13.4647,4621.85
1124,2,0,9,13.4481,4543.4
2038,2,0,9,13.4368,4486.47
1102,2,0,9,13.427,4436.03
1100,2,0,9,13.4128,4366.64
1101,2,0,9,13.4019,4310
2095,2,0,10,13.7293,6009.28,0,0,0
1524,2,0,10,13.7097,5907.55
1624,2,0,10,13.7051,5883.41
2090,3,0,0,12.6183,194.986,0.0353333,154.113,0.07,1
1524,3,0,0,12.6092,100.283
2095,3,0,0,12.59,0
2124,3,0,1,12.6657,413.155,0.0435,189.734,0.02,2
2089,3,0,1,12.6625,395.598
2102,3,0,1,12.6621,393.567
1497,3,0,1,12.6609,387.027
1660,3,0,1,12.6581,372.374
2090,3,0,1,12.6536,349.1
1445,3,0,2,12.7786,962.714,0.0491667,214.45,0.02,3
2087,3,0,2,12.7533,833.788
2088,3,0,2,12.7409,769.709
1644,3,0,2,12.7359,743.566
2089,3,0,2,12.7181,644.103
2124,3,0,2,12.7092,602.888
1655,3,0,3,12.9539,1820.77,0.0521667,227.535,0.27,4
2121,3,0,3,12.9517,1809.6
1424,3,0,3,12.926,1678.04
2083,3,0,3,12.8946,1519.1
2101,3,0,3,12.8811,1447.92
1658,3,0,3,12.8695,1391.33
1649,3,0,3,12.8455,1270.06
1444,3,0,3,12.8439,1261.4
1445,3,0,3,12.8277,1177.16
2077,3,0,4,13.0364,2201.92,0.0361667,157.748,0,5
2078,3,0,4,13.0277,2159.07
1823,3,0,4,13.0193,2115.84
2097,3,0,4,13.0103,2070.35
1655,3,0,4,13.0061,2048.31
2058,3,0,5,13.1018,2507.67,0.0933333,407.092,0.2,6
2062,3,0,5,13.0907,2452.86
2077,3,0,5,13.0726,2359.67
2038,3,0,6,13.2478,3181.8,0.0538333,234.805,0.02,7
1124,3,0,6,13.2351,3118.89
1144,3,0,6,13.2296,3088.91
1191,3,0,6,13.2226,3052.5
1193,3,0,6,13.2161,3018.27
1197,3,0,6,13.201,2943.83
2058,3,0,6,13.1952,2914.76
1101,3,0,7,13.3485,3641.2,0.0546667,238.44,0.12,8
1100,3,0,7,13.335,3573.94
1102,3,0,7,13.3114,3466.62
2038,3,0,7,13.3017,3416.6
1658,3,0,8,13.6067,4943.62,0.0673333,293.688,0.46,9
1436,3,0,8,13.6024,4920.08
2101,3,0,8,13.5989,4902.52
2083,3,0,8,13.5827,4820.15
1430,3,0,8,13.5679,4744.4
1428,3,0,8,13.5536,4674.31
1426,3,0,8,13.5457,4634.32
2103,3,0,8,13.5401,4605.1
2177,3,0,8,13.54,4604.74
1841,3,0,8,13.5399,4603.39
2060,3,0,8,13.503,4401.17
1551,3,0,8,13.5023,4397
1550,3,0,8,13.5015,4393.22
1196,3,0,8,13.4949,4349.62
1194,3,0,8,13.4946,4348.1
1190,3,0,8,13.4836,4282.64
1186,3,0,8,13.4686,4207.37
1187,3,0,8,13.466,4191.49
1124,3,0,8,13.4495,4113.05
2038,3,0,8,13.4382,4056.11
1102,3,0,8,13.4284,4005.68
1100,3,0,8,13.4142,3936.28
1101,3,0,8,13.4032,3879.64
1624,3,0,9,13.7883,5837.88,0.0715,311.861,0.1,10
2090,3,0,9,13.7681,5730.78
1497,3,0,9,13.7649,5714.16
2102,3,0,9,13.763,5704.52
2089,3,0,9,13.7627,5702.86
2124,3,0,9,13.756,5670.74
1826,3,0,9,13.7403,5595.68
1450,3,0,9,13.7379,5580.2
1829,3,0,9,13.733,5550.52
1447,3,0,9,13.7271,5516.14
1446,3,0,9,13.7166,5460.17
1648,3,0,9,13.7043,5391.05
1444,3,0,9,13.6991,5365.14
1649,3,0,9,13.6968,5353.51
1658,3,0,9,13.6741,5237.3
2095,3,0,10,13.884,6275.61,0,0,0
1524,3,0,10,13.8645,6173.89
1624,3,0,10,13.8598,6149.74
1624,4,0,0,12.4387,302.839,0.104,453.617,0.08,1
2090,4,0,0,12.4183,194.986
1524,4,0,0,12.4092,100.283
2095,4,0,0,12.39,0
2090,4,0,1,12.5556,871.663,0.0353333,154.113,0.07,2
1524,4,0,1,12.5465,776.96
1624,4,0,1,12.5427,756.456
2124,4,0,2,12.603,1089.83,0.0435,189.734,0.02,3
2089,4,0,2,12.5998,1072.28
2102,4,0,2,12.5994,1070.24
1497,4,0,2,12.5982,1063.7
1660,4,0,2,12.5955,1049.05
2090,4,0,2,12.5909,1025.78
1445,4,0,3,12.7159,1639.39,0.0491667,214.45,0.02,4
2087,4,0,3,12.6906,1510.46
2088,4,0,3,12.6782,1446.39
1644,4,0,3,12.6732,1420.24
2089,4,0,3,12.6554,1320.78
2124,4,0,3,12.6465,1279.57
1658,4,0,4,12.8068,2068.01,0.0986667,430.354,0.47,5
1649,4,0,4,12.7828,1946.74
1444,4,0,4,12.7812,1938.08
1445,4,0,4,12.765,1853.84
1655,4,0,5,12.9899,2927.8,0.0521667,227.535,0.27,6
2121,4,0,5,12.9877,2916.63
1424,4,0,5,12.962,2785.07
2083,4,0,5,12.9306,2626.13
2101,4,0,5,12.9171,2554.95
1658,4,0,5,12.9055,2498.37
2077,4,0,6,13.0724,3308.95,0.0361667,157.748,0,7
2078,4,0,6,13.0636,3266.1
1823,4,0,6,13.0553,3222.87
2097,4,0,6,13.0462,3177.38
1655,4,0,6,13.0421,3155.34
2058,4,0,7,13.1378,3614.7,0.0933333,407.092,0.2,8
2062,4,0,7,13.1267,3559.89
2077,4,0,7,13.1085,3466.7
1101,4,0,8,13.3307,4513.43,0.0546667,238.44,0.12,9
1100,4,0,8,13.3171,4446.17
1102,4,0,8,13.2935,4338.85
2038,4,0,8,13.2838,4288.83
1124,4,0,8,13.2711,4225.92
1144,4,0,8,13.2656,4195.94
1191,4,0,8,13.2586,4159.53
1193,4,0,8,13.2521,4125.3
1197,4,0,8,13.2369,4050.87
2058,4,0,8,13.2312,4021.79
2038,4,0,9,13.4203,4928.34,0.0538333,234.805,0.02,10
1102,4,0,9,13.4105,4877.9
1100,4,0,9,13.3963,4808.51
1101,4,0,9,13.3853,4751.87
2095,4,0,10,13.6951,6374.09,0,0,0
1524,4,0,10,13.6756,6272.37
1624,4,0,10,13.6709,6248.23
2090,4,0,10,13.6507,6141.13
1497,4,0,10,13.6475,6124.5
2102,4,0,10,13.6456,6114.87
2089,4,0,10,13.6453,6113.21
2124,4,0,10,13.6386,6081.09
1826,4,0,10,13.6229,6006.02
1450,4,0,10,13.6205,5990.54
1829,4,0,10,13.6156,5960.86
1447,4,0,10,13.6097,5926.48
1832,4,0,10,13.6003,5872.06
1833,4,0,10,13.5917,5799.08
1835,4,0,10,13.5814,5741.03
2103,4,0,10,13.5761,5712.13
2177,4,0,10,13.576,5711.77
1841,4,0,10,13.5759,5710.42
2060,4,0,10,13.539,5508.2
1551,4,0,10,13.5383,5504.03
1550,4,0,10,13.5375,5500.25
1196,4,0,10,13.5308,5456.65
1194,4,0,10,13.5306,5455.13
1190,4,0,10,13.5196,5389.67
1186,4,0,10,13.5046,5314.4
1187,4,0,10,13.502,5298.52
1124,4,0,10,13.4854,5220.08
2038,4,0,10,13.4741,5163.15
2124,5,0,0,12.5903,259.041,0.0435,189.734,0.02,1
2089,5,0,0,12.5871,241.485
2102,5,0,0,12.5867,239.454
1497,5,0,0,12.5855,232.914
1660,5,0,0,12.5828,218.261
2090,5,0,0,12.5783,194.986
1524,5,0,0,12.5692,100.283
2095,5,0,0,12.55,0
1445,5,0,1,12.7032,808.6,0.0491667,214.45,0.02,2
2087,5,0,1,12.678,679.675
2088,5,0,1,12.6656,615.595
1644,5,0,1,12.6606,589.452
2089,5,0,1,12.6428,489.99
2124,5,0,1,12.6338,448.775
1658,5,0,2,12.7942,1237.22,0.0986667,430.354,0.47,3
1649,5,0,2,12.7702,1115.95
1444,5,0,2,12.7686,1107.29
1445,5,0,2,12.7524,1023.05
1655,5,0,3,12.9772,2097.01,0.0521667,227.535,0.27,4
2121,5,0,3,12.9751,2085.84
1424,5,0,3,12.9493,1954.28
2083,5,0,3,12.9179,1795.34
2101,5,0,3,12.9044,1724.16
1658,5,0,3,12.8928,1667.58
2077,5,0,4,13.0597,2478.16,0.0361667,157.748,0,5
2078,5,0,4,13.051,2435.32
1823,5,0,4,13.0426,2392.08
2097,5,0,4,13.0336,2346.59
1655,5,0,4,13.0294,2324.55
2058,5,0,5,13.1252,2783.91,0.0933333,407.092,0.2,6
2062,5,0,5,13.1141,2729.1
2077,5,0,5,13.0959,2635.91
1101,5,0,6,13.318,3682.64,0.0546667,238.44,0.12,7
1100,5,0,6,13.3045,3615.38
1102,5,0,6,13.2809,3508.06
2038,5,0,6,13.2712,3458.04
1124,5,0,6,13.2585,3395.13
1144,5,0,6,13.253,3365.15
1191,5,0,6,13.246,3328.74
1193,5,0,6,13.2395,3294.51
1197,5,0,6,13.2243,3220.08
2058,5,0,6,13.2185,3191
2038,5,0,7,13.4077,4097.55,0.0538333,234.805,0.02,8
1102,5,0,7,13.3979,4047.11
1100,5,0,7,13.3837,3977.72
1101,5,0,7,13.3727,3921.08
1624,5,0,8,13.6583,5417.44,0.0715,311.861,0.1,9
2090,5,0,8,13.638,5310.34
1497,5,0,8,13.6349,5293.71
2102,5,0,8,13.6329,5284.08
2089,5,0,8,13.6326,5282.42
2124,5,0,8,13.6259,5250.3
1826,5,0,8,13.6102,5175.23
1450,5,0,8,13.6079,5159.75
1829,5,0,8,13.6029,5130.07
1447,5,0,8,13.5971,5095.69
1832,5,0,8,13.5876,5041.28
1833,5,0,8,13.579,4968.29
1835,5,0,8,13.5687,4910.24
2103,5,0,8,13.5634,4881.34
2177,5,0,8,13.5634,4880.98
1841,5,0,8,13.5632,4879.63
2060,5,0,8,13.5263,4677.41
1551,5,0,8,13.5256,4673.24
1550,5,0,8,13.5249,4669.46
1196,5,0,8,13.5182,4625.86
1194,5,0,8,13.518,4624.34
1190,5,0,8,13.5069,4558.88
1186,5,0,8,13.492,4483.62
1187,5,0,8,13.4894,4467.73
1124,5,0,8,13.4728,4389.29
2038,5,0,8,13.4615,4332.36
2095,5,0,9,13.754,5855.17,0,0,0
1524,5,0,9,13.7344,5753.44
1624,5,0,9,13.7298,5729.3
2090,5,1,0,15.337,192.482,0.0666667,290.78,0.04,1
1524,5,1,0,15.3283,96.317
2095,5,1,0,15.31,0
2095,5,1,1,15.4461,707.482,0,0,0
1524,5,1,1,15.4288,615.255
1624,5,1,1,15.4255,596.858
2090,5,1,1,15.4037,483.262
2124,6,0,0,12.6603,259.041,0.0435,189.734,0.02,1
2089,6,0,0,12.6571,241.485
2102,6,0,0,12.6567,239.454
1497,6,0,0,12.6555,232.914
1660,6,0,0,12.6528,218.261
2090,6,0,0,12.6483,194.986
1524,6,0,0,12.6392,100.283
2095,6,0,0,12.62,0
1445,6,0,1,12.7732,808.6,0.0491667,214.45,0.02,2
2087,6,0,1,12.748,679.675
2088,6,0,1,12.7356,615.595
1644,6,0,1,12.7306,589.452
2089,6,0,1,12.7128,489.99
2124,6,0,1,12.7038,448.775
1655,6,0,2,12.9486,1666.66,0.0521667,227.535,0.27,3
2121,6,0,2,12.9464,1655.48
1424,6,0,2,12.9207,1523.93
2083,6,0,2,12.8892,1364.98
2101,6,0,2,12.8757,1293.8
1658,6,0,2,12.8642,1237.22
1649,6,0,2,12.8402,1115.95
1444,6,0,2,12.8386,1107.29
1445,6,0,2,12.8224,1023.05
2077,6,0,3,13.0311,2047.81,0.0361667,157.748,0,4
2078,6,0,3,13.0223,2004.96
1823,6,0,3,13.0139,1961.73
2097,6,0,3,13.0049,1916.23
1655,6,0,3,13.0007,1894.19
2058,6,0,4,13.0965,2353.56,0.0933333,407.092,0.2,5
2062,6,0,4,13.0854,2298.75
2077,6,0,4,13.0672,2205.56
2038,6,0,5,13.2425,3027.68,0.0538333,234.805,0.02,6
1124,6,0,5,13.2298,2964.78
1144,6,0,5,13.2243,2934.79
1191,6,0,5,13.2173,2898.38
1193,6,0,5,13.2108,2864.16
1197,6,0,5,13.1956,2789.72
2058,6,0,5,13.1898,2760.65
1101,6,0,6,13.3432,3487.09,0.0546667,238.44,0.12,7
1100,6,0,6,13.3297,3419.83
1102,6,0,6,13.3061,3312.51
2038,6,0,6,13.2963,3262.49
1658,6,0,7,13.6014,4789.5,0.0673333,293.688,0.46,8
1436,6,0,7,13.597,4765.97
2101,6,0,7,13.5936,4748.41
2083,6,0,7,13.5774,4666.04
1430,6,0,7,13.5625,4590.28
1428,6,0,7,13.5483,4520.19
1426,6,0,7,13.5403,4480.21
2103,6,0,7,13.5348,4450.99
2177,6,0,7,13.5347,4450.63
1841,6,0,7,13.5346,4449.28
2060,6,0,7,13.4977,4247.05
1551,6,0,7,13.497,4242.89
1550,6,0,7,13.4962,4239.1
1196,6,0,7,13.4895,4195.5
1194,6,0,7,13.4893,4193.99
1190,6,0,7,13.4783,4128.52
1186,6,0,7,13.4633,4053.26
1187,6,0,7,13.4607,4037.38
1124,6,0,7,13.4441,3958.93
2038,6,0,7,13.4328,3902
1102,6,0,7,13.423,3851.56
1100,6,0,7,13.4088,3782.17
1101,6,0,7,13.3979,3725.53
1624,6,0,8,13.783,5683.77,0.0715,311.861,0.1,9
2090,6,0,8,13.7627,5576.67
1497,6,0,8,13.7596,5560.04
2102,6,0,8,13.7577,5550.41
2089,6,0,8,13.7573,5548.75
2124,6,0,8,13.7507,5516.63
1826,6,0,8,13.735,5441.57
1450,6,0,8,13.7326,5426.08
1829,6,0,8,13.7276,5396.4
1447,6,0,8,13.7218,5362.02
1446,6,0,8,13.7113,5306.05
1648,6,0,8,13.699,5236.94
1444,6,0,8,13.6938,5211.02
1649,6,0,8,13.6915,5199.4
1658,6,0,8,13.6687,5083.19
2095,6,0,9,13.8787,6121.5,0,0,0
1524,6,0,9,13.8591,6019.77
1624,6,0,9,13.8545,5995.63
2090,6,1,0,15.867,192.482,0.0666667,290.78,0.04,1
1524,6,1,0,15.8583,96.317
2095,6,1,0,15.84,0
2095,6,1,1,15.9761,707.482,0,0,0
1524,6,1,1,15.9588,615.255
1624,6,1,1,15.9555,596.858
2090,6,1,1,15.9337,483.262
1624,7,0,0,12.4387,302.839,0.104,453.617,0.08,1
2090,7,0,0,12.4183,194.986
1524,7,0,0,12.4092,100.283
2095,7,0,0,12.39,0
2124,7,0,1,12.5676,935.718,0.0435,189.734,0.02,2
2089,7,0,1,12.5644,918.162
2102,7,0,1,12.564,916.131
1497,7,0,1,12.5628,909.591
1660,7,0,1,12.5601,894.938
2090,7,0,1,12.5556,871.663
1524,7,0,1,12.5465,776.96
1624,7,0,1,12.5427,756.456
1445,7,0,2,12.6805,1485.28,0.0491667,214.45,0.02,3
2087,7,0,2,12.6553,1356.35
2088,7,0,2,12.6429,1292.27
1644,7,0,2,12.6379,1266.13
2089,7,0,2,12.6201,1166.67
2124,7,0,2,12.6111,1125.45
1658,7,0,3,12.7715,1913.9,0.0986667,430.354,0.47,4
1649,7,0,3,12.7475,1792.63
1444,7,0,3,12.7459,1783.96
1445,7,0,3,12.7297,1699.73
1655,7,0,4,12.9545,2773.69,0.0521667,227.535,0.27,5
2121,7,0,4,12.9524,2762.51
1424,7,0,4,12.9266,2630.96
2083,7,0,4,12.8952,2472.01
2101,7,0,4,12.8817,2400.84
1658,7,0,4,12.8701,2344.25
2077,7,0,5,13.037,3154.84,0.0361667,157.748,0,6
2078,7,0,5,13.0283,3111.99
1823,7,0,5,13.0199,3068.76
2097,7,0,5,13.0109,3023.26
1655,7,0,5,13.0067,3001.23
2058,7,0,6,13.1025,3460.59,0.0933333,407.092,0.2,7
2062,7,0,6,13.0914,3405.78
2077,7,0,6,13.0732,3312.59
1101,7,0,7,13.2953,4359.31,0.0546667,238.44,0.12,8
1100,7,0,7,13.2818,4292.05
1102,7,0,7,13.2582,4184.74
2038,7,0,7,13.2485,4134.71
1124,7,0,7,13.2358,4071.81
1144,7,0,7,13.2303,4041.82
1191,7,0,7,13.2233,4005.42
1193,7,0,7,13.2168,3971.19
1197,7,0,7,13.2016,3896.75
2058,7,0,7,13.1958,3867.68
2038,7,0,8,13.385,4774.23,0.0538333,234.805,0.02,9
1102,7,0,8,13.3752,4723.79
1100,7,0,8,13.361,4654.4
1101,7,0,8,13.35,4597.75
2095,7,0,9,13.6598,6219.98,0,0,0
1524,7,0,9,13.6402,6118.26
1624,7,0,9,13.6356,6094.11
2090,7,0,9,13.6153,5987.02
1497,7,0,9,13.6122,5970.39
2102,7,0,9,13.6102,5960.75
2089,7,0,9,13.6099,5959.09
2124,7,0,9,13.6032,5926.97
1826,7,0,9,13.5875,5851.91
1450,7,0,9,13.5852,5836.43
1829,7,0,9,13.5802,5806.75
1447,7,0,9,13.5744,5772.37
1832,7,0,9,13.5649,5717.95
1833,7,0,9,13.5563,5644.97
1835,7,0,9,13.546,5586.91
2103,7,0,9,13.5408,5558.02
2177,7,0,9,13.5407,5557.66
1841,7,0,9,13.5405,5556.31
2060,7,0,9,13.5037,5354.09
1551,7,0,9,13.5029,5349.92
1550,7,0,9,13.5022,5346.13
1196,7,0,9,13.4955,5302.54
1194,7,0,9,13.4953,5301.02
1190,7,0,9,13.4842,5235.55
1186,7,0,9,13.4693,5160.29
1187,7,0,9,13.4667,5144.41
1124,7,0,9,13.4501,5065.96
2038,7,0,9,13.4388,5009.03
2090,7,1,0,15.167,192.482,0.0666667,290.78,0.04,1
1524,7,1,0,15.1583,96.317
2095,7,1,0,15.14,0
2095,7,1,1,15.2761,707.482,0,0,0
1524,7,1,1,15.2588,615.255
1624,7,1,1,15.2555,596.858
2090,7,1,1,15.2337,483.262
1624,8,0,0,12.5687,302.839,0.104,453.617,0.08,1
2090,8,0,0,12.5483,194.986
1524,8,0,0,12.5392,100.283
2095,8,0,0,12.52,0
2124,8,0,1,12.6976,935.718,0.0435,189.734,0.02,2
2089,8,0,1,12.6944,918.162
2102,8,0,1,12.694,916.131
1497,8,0,1,12.6928,909.591
1660,8,0,1,12.6901,894.938
2090,8,0,1,12.6856,871.663
1524,8,0,1,12.6765,776.96
1624,8,0,1,12.6727,756.456
1445,8,0,2,12.8105,1485.28,0.0491667,214.45,0.02,3
2087,8,0,2,12.7853,1356.35
2088,8,0,2,12.7729,1292.27
1644,8,0,2,12.7679,1266.13
2089,8,0,2,12.7501,1166.67
2124,8,0,2,12.7411,1125.45
1655,8,0,3,12.9859,2343.34,0.0521667,227.535,0.27,4
2121,8,0,3,12.9837,2332.16
1424,8,0,3,12.958,2200.6
2083,8,0,3,12.9266,2041.66
2101,8,0,3,12.9131,1970.48
1658,8,0,3,12.9015,1913.9
1649,8,0,3,12.8775,1792.63
1444,8,0,3,12.8759,1783.96
1445,8,0,3,12.8597,1699.73
2077,8,0,4,13.0684,2724.49,0.0361667,157.748,0,5
2078,8,0,4,13.0596,2681.64
1823,8,0,4,13.0513,2638.4
2097,8,0,4,13.0422,2592.91
1655,8,0,4,13.0381,2570.87
2058,8,0,5,13.1338,3030.23,0.0933333,407.092,0.2,6
2062,8,0,5,13.1227,2975.42
2077,8,0,5,13.1045,2882.23
1101,8,0,6,13.3267,3928.96,0.0546667,238.44,0.12,7
1100,8,0,6,13.3131,3861.7
1102,8,0,6,13.2895,3754.38
2038,8,0,6,13.2798,3704.36
1124,8,0,6,13.2671,3641.45
1144,8,0,6,13.2616,3611.47
1191,8,0,6,13.2546,3575.06
1193,8,0,6,13.2481,3540.84
1197,8,0,6,13.2329,3466.4
2058,8,0,6,13.2272,3437.32
2038,8,0,7,13.4163,4343.87,0.0538333,234.805,0.02,8
1102,8,0,7,13.4065,4293.44
1100,8,0,7,13.3923,4224.04
1101,8,0,7,13.3813,4167.4
1658,8,0,8,13.6387,5466.18,0.0673333,293.688,0.46,9
1436,8,0,8,13.6343,5442.65
2101,8,0,8,13.6309,5425.09
2083,8,0,8,13.6147,5342.71
1430,8,0,8,13.5998,5266.96
1428,8,0,8,13.5856,5196.87
1426,8,0,8,13.5776,5156.89
2103,8,0,8,13.5721,5127.67
2177,8,0,8,13.572,5127.31
1841,8,0,8,13.5719,5125.96
2060,8,0,8,13.535,4923.73
1551,8,0,8,13.5343,4919.56
1550,8,0,8,13.5335,4915.78
1196,8,0,8,13.5268,4872.18
1194,8,0,8,13.5266,4870.66
1190,8,0,8,13.5156,4805.2
1186,8,0,8,13.5006,4729.94
1187,8,0,8,13.498,4714.06
1124,8,0,8,13.4814,4635.61
2038,8,0,8,13.4701,4578.68
2095,8,0,9,13.8445,6486.31,0,0,0
1524,8,0,9,13.825,6384.59
1624,8,0,9,13.8203,6360.45
2090,8,0,9,13.8001,6253.35
1497,8,0,9,13.7969,6236.72
2102,8,0,9,13.795,6227.09
2089,8,0,9,13.7946,6225.43
2124,8,0,9,13.788,6193.31
1826,8,0,9,13.7723,6118.24
1450,8,0,9,13.7699,6102.76
1829,8,0,9,13.765,6073.08
1447,8,0,9,13.7591,6038.7
1446,8,0,9,13.7486,5982.73
1648,8,0,9,13.7363,5913.62
1444,8,0,9,13.7311,5887.7
1649,8,0,9,13.7288,5876.07
1658,8,0,9,13.706,5759.87
2090,8,1,0,15.197,192.482,0.0666667,290.78,0.04,1
1524,8,1,0,15.1883,96.317
2095,8,1,0,15.17,0
2095,8,1,1,15.3061,707.482,0,0,0
1524,8,1,1,15.2888,615.255
1624,8,1,1,15.2855,596.858
2090,8,1,1,15.2637,483.262
1624,9,0,0,12.6187,302.839,0.104,453.617,0.08,1
2090,9,0,0,12.5983,194.986
1524,9,0,0,12.5892,100.283
2095,9,0,0,12.57,0
2124,9,0,1,12.7476,935.718,0.0435,189.734,0.02,2
2089,9,0,1,12.7444,918.162
2102,9,0,1,12.744,916.131
1497,9,0,1,12.7428,909.591
1660,9,0,1,12.7401,894.938
2090,9,0,1,12.7356,871.663
1524,9,0,1,12.7265,776.96
1624,9,0,1,12.7227,756.456
1655,9,0,2,12.9537,2037.1,0.0521667,227.535,0.27,3
1425,9,0,2,12.9168,1845.31
1430,9,0,2,12.8974,1747.53
1428,9,0,2,12.8838,1680.14
1426,9,0,2,12.876,1640.7
2103,9,0,2,12.87,1609.46
1677,9,0,2,12.8653,1586.67
1836,9,0,2,12.8585,1554.45
1834,9,0,2,12.8415,1465.58
1830,9,0,2,12.8336,1389.36
1828,9,0,2,12.8247,1303.95
1449,9,0,2,12.814,1251.09
1825,9,0,2,12.8087,1224.06
2124,9,0,2,12.7911,1125.45
2077,9,0,3,13.0362,2418.25,0.0361667,157.748,0,4
2078,9,0,3,13.0275,2375.4
1823,9,0,3,13.0191,2332.17
2097,9,0,3,13.0101,2286.68
1655,9,0,3,13.0059,2264.64
2058,9,0,4,13.1017,2724,0.0933333,407.092,0.2,5
2062,9,0,4,13.0905,2669.19
2077,9,0,4,13.0724,2576
2038,9,0,5,13.2477,3398.13,0.0538333,234.805,0.02,6
1124,9,0,5,13.2349,3335.22
1144,9,0,5,13.2294,3305.24
1191,9,0,5,13.2224,3268.83
1193,9,0,5,13.2159,3234.6
1197,9,0,5,13.2008,3160.17
2058,9,0,5,13.195,3131.09
1101,9,0,6,13.3483,3857.53,0.0546667,238.44,0.12,7
1100,9,0,6,13.3348,3790.27
1102,9,0,6,13.3112,3682.95
2038,9,0,6,13.3015,3632.93
1658,9,0,7,13.6065,5159.95,0.0673333,293.688,0.46,8
1436,9,0,7,13.6022,5136.41
2101,9,0,7,13.5987,5118.85
2083,9,0,7,13.5826,5036.48
1430,9,0,7,13.5677,4960.73
1428,9,0,7,13.5534,4890.64
1426,9,0,7,13.5455,4850.65
2103,9,0,7,13.5399,4821.43
2177,9,0,7,13.5399,4821.07
1841,9,0,7,13.5397,4819.72
2060,9,0,7,13.5028,4617.5
1551,9,0,7,13.5021,4613.33
1550,9,0,7,13.5013,4609.55
1196,9,0,7,13.4947,4565.95
1194,9,0,7,13.4945,4564.43
1190,9,0,7,13.4834,4498.97
1186,9,0,7,13.4684,4423.7
1187,9,0,7,13.4659,4407.82
1124,9,0,7,13.4493,4329.38
2038,9,0,7,13.438,4272.44
1102,9,0,7,13.4282,4222.01
1100,9,0,7,13.414,4152.61
1101,9,0,7,13.403,4095.97
1445,9,0,8,13.7137,5659.6,0.105333,459.432,0.01,9
1444,9,0,8,13.699,5581.47
1649,9,0,8,13.6966,5569.84
1658,9,0,8,13.6739,5453.63
2095,9,0,9,13.9289,6696.76,0,0,0
1524,9,0,9,13.9094,6595.04
1624,9,0,9,13.9047,6570.9
2090,9,0,9,13.8845,6463.8
1497,9,0,9,13.8813,6447.17
2102,9,0,9,13.8794,6437.54
2089,9,0,9,13.879,6435.88
1644,9,0,9,13.8603,6332.5
2088,9,0,9,13.8541,6301.21
2087,9,0,9,13.8413,6235.47
1445,9,0,9,13.819,6119.03
2090,9,1,0,15.817,192.482,0.0666667,290.78,0.04,1
1524,9,1,0,15.8083,96.317
2095,9,1,0,15.79,0
2095,9,1,1,15.9261,707.482,0,0,0
1524,9,1,1,15.9088,615.255
1624,9,1,1,15.9055,596.858
2090,9,1,1,15.8837,483.262
1624,10,0,0,12.3787,302.839,0.104,453.617,0.08,1
2090,10,0,0,12.3583,194.986
1524,10,0,0,12.3492,100.283
2095,10,0,0,12.33,0
2124,10,0,1,12.5076,935.718,0.0435,189.734,0.02,2
2089,10,0,1,12.5044,918.162
2102,10,0,1,12.504,916.131
1497,10,0,1,12.5028,909.591
1660,10,0,1,12.5001,894.938
2090,10,0,1,12.4956,871.663
1524,10,0,1,12.4865,776.96
1624,10,0,1,12.4827,756.456
1655,10,0,2,12.7137,2037.1,0.0521667,227.535,0.27,3
1425,10,0,2,12.6768,1845.31
1430,10,0,2,12.6574,1747.53
1428,10,0,2,12.6438,1680.14
1426,10,0,2,12.636,1640.7
2103,10,0,2,12.63,1609.46
1677,10,0,2,12.6253,1586.67
1836,10,0,2,12.6185,1554.45
1834,10,0,2,12.6015,1465.58
1830,10,0,2,12.5936,1389.36
1828,10,0,2,12.5847,1303.95
1449,10,0,2,12.574,1251.09
1825,10,0,2,12.5687,1224.06
2124,10,0,2,12.5511,1125.45
1101,10,0,3,12.9353,3101.38,0.0638333,278.422,0.11,4
1100,10,0,3,12.9204,3028.16
1102,10,0,3,12.9027,2944.7
2038,10,0,3,12.8928,2893.63
1124,10,0,3,12.8805,2832.68
1144,10,0,3,12.872,2790.15
1191,10,0,3,12.8664,2759.52
1193,10,0,3,12.8587,2720.27
1197,10,0,3,12.839,2627.16
2058,10,0,3,12.8332,2598.09
2062,10,0,3,12.8208,2537.93
2077,10,0,3,12.8025,2444.25
2078,10,0,3,12.7936,2400.59
1823,10,0,3,12.7842,2353.31
2097,10,0,3,12.7713,2291.69
1655,10,0,3,12.7659,2264.64
2038,10,0,4,13.0338,3554.88,0.0538333,234.805,0.02,5
1102,10,0,4,13.0233,3501.52
1100,10,0,4,13.0104,3437.63
1101,10,0,4,12.9992,3379.8
2058,10,0,5,13.1491,4089.77,0.0933333,407.092,0.2,6
1197,10,0,5,13.1424,4057
1191,10,0,5,13.1227,3959.95
1144,10,0,5,13.1117,3906.99
1124,10,0,5,13.0989,3846.61
2038,10,0,5,13.0876,3789.68
2077,10,0,6,13.2738,4653.67,0.0361667,157.748,0,7
2062,10,0,6,13.2533,4550.55
2058,10,0,6,13.2424,4496.86
1658,10,0,7,13.4195,5370.45,0.0673333,293.688,0.46,8
1436,10,0,7,13.4151,5346.92
2101,10,0,7,13.4116,5329.36
2083,10,0,7,13.3955,5246.99
1424,10,0,7,13.3635,5085.69
2121,10,0,7,13.3394,4960.81
2098,10,0,7,13.3308,4916.96
1823,10,0,7,13.3259,4892.63
2078,10,0,7,13.3187,4854.34
2077,10,0,7,13.31,4811.42
1445,10,0,8,13.5266,5870.11,0.105333,459.432,0.01,9
1444,10,0,8,13.5119,5791.97
1649,10,0,8,13.5096,5780.35
1658,10,0,8,13.4868,5664.14
2095,10,0,9,13.7418,6907.27,0,0,0
1524,10,0,9,13.7223,6805.55
1624,10,0,9,13.7176,6781.4
2090,10,0,9,13.6974,6674.31
1497,10,0,9,13.6942,6657.68
2102,10,0,9,13.6923,6648.04
2089,10,0,9,13.692,6646.38
1644,10,0,9,13.6733,6543
2088,10,0,9,13.667,6511.71
2087,10,0,9,13.6542,6445.98
1445,10,0,9,13.632,6329.54
2090,10,1,0,15.797,192.482,0.0666667,290.78,0.04,1
1524,10,1,0,15.7883,96.317
2095,10,1,0,15.77,0
2095,10,1,1,15.9061,707.482,0,0,0
1524,10,1,1,15.8888,615.255
1624,10,1,1,15.8855,596.858
2090,10,1,1,15.8637,483.262
1624,11,0,0,12.5587,302.839,0.104,453.617,0.08,1
2090,11,0,0,12.5383,194.986
1524,11,0,0,12.5292,100.283
2095,11,0,0,12.51,0
2124,11,0,1,12.6876,935.718,0.0435,189.734,0.02,2
2089,11,0,1,12.6844,918.162
2102,11,0,1,12.684,916.131
1497,11,0,1,12.6828,909.591
1660,11,0,1,12.6801,894.938
2090,11,0,1,12.6756,871.663
1524,11,0,1,12.6665,776.96
1624,11,0,1,12.6627,756.456
1445,11,0,2,12.8005,1485.28,0.0491667,214.45,0.02,3
2087,11,0,2,12.7753,1356.35
2088,11,0,2,12.7629,1292.27
1644,11,0,2,12.7579,1266.13
2089,11,0,2,12.7401,1166.67
2124,11,0,2,12.7311,1125.45
1655,11,0,3,12.9759,2343.34,0.0521667,227.535,0.27,4
2121,11,0,3,12.9737,2332.16
1424,11,0,3,12.948,2200.6
2083,11,0,3,12.9166,2041.66
2101,11,0,3,12.9031,1970.48
1658,11,0,3,12.8915,1913.9
1649,11,0,3,12.8675,1792.63
1444,11,0,3,12.8659,1783.96
1445,11,0,3,12.8497,1699.73
2077,11,0,4,13.0584,2724.49,0.0361667,157.748,0,5
2078,11,0,4,13.0496,2681.64
1823,11,0,4,13.0413,2638.4
2097,11,0,4,13.0322,2592.91
1655,11,0,4,13.0281,2570.87
2058,11,0,5,13.1238,3030.23,0.0933333,407.092,0.2,6
2062,11,0,5,13.1127,2975.42
2077,11,0,5,13.0945,2882.23
1101,11,0,6,13.3167,3928.96,0.0546667,238.44,0.12,7
1100,11,0,6,13.3031,3861.7
1102,11,0,6,13.2795,3754.38
2038,11,0,6,13.2698,3704.36
1124,11,0,6,13.2571,3641.45
1144,11,0,6,13.2516,3611.47
1191,11,0,6,13.2446,3575.06
1193,11,0,6,13.2381,3540.84
1197,11,0,6,13.2229,3466.4
2058,11,0,6,13.2172,3437.32
2038,11,0,7,13.4063,4343.87,0.0538333,234.805,0.02,8
1102,11,0,7,13.3965,4293.44
1100,11,0,7,13.3823,4224.04
1101,11,0,7,13.3713,4167.4
2095,11,0,8,13.6811,5789.63,0,0,0
1524,11,0,8,13.6616,5687.9
1624,11,0,8,13.6569,5663.76
2090,11,0,8,13.6367,5556.66
1497,11,0,8,13.6335,5540.04
2102,11,0,8,13.6316,5530.4
2089,11,0,8,13.6313,5528.74
2124,11,0,8,13.6246,5496.62
1826,11,0,8,13.6089,5421.56
1450,11,0,8,13.6065,5406.07
1829,11,0,8,13.6016,5376.39
1447,11,0,8,13.5957,5342.01
1832,11,0,8,13.5863,5287.6
1833,11,0,8,13.5777,5214.62
1835,11,0,8,13.5674,5156.56
2103,11,0,8,13.5621,5127.67
2177,11,0,8,13.562,5127.31
1841,11,0,8,13.5619,5125.96
2060,11,0,8,13.525,4923.73
1551,11,0,8,13.5243,4919.56
1550,11,0,8,13.5235,4915.78
1196,11,0,8,13.5168,4872.18
1194,11,0,8,13.5166,4870.66
1190,11,0,8,13.5056,4805.2
1186,11,0,8,13.4906,4729.94
1187,11,0,8,13.488,4714.06
1124,11,0,8,13.4714,4635.61
2038,11,0,8,13.4601,4578.68
2090,11,1,0,15.197,192.482,0.0666667,290.78,0.04,1
1524,11,1,0,15.1883,96.317
2095,11,1,0,15.17,0
1658,11,1,1,15.374,1059.97,0.09,392.553,0.43,2
1649,11,1,1,15.3517,945.697
1444,11,1,1,15.3501,936.948
1445,11,1,1,15.334,853.305
2087,11,1,1,15.3138,745.449
2088,11,1,1,15.3018,683.135
1644,11,1,1,15.2961,654.019
2089,11,1,1,15.2725,529.75
2102,11,1,1,15.2721,527.719
1497,11,1,1,15.2708,520.684
1660,11,1,1,15.2682,506.537
2090,11,1,1,15.2637,483.262
2095,11,1,2,15.615,2231.21,0,0,0
1524,11,1,2,15.5977,2138.98
1624,11,1,2,15.5944,2120.58
2090,11,1,2,15.5726,2006.99
1497,11,1,2,15.5692,1989.21
2102,11,1,2,15.5673,1979.58
2089,11,1,2,15.567,1978.29
2124,11,1,2,15.5565,1930.89
1826,11,1,2,15.5484,1887.17
1450,11,1,2,15.546,1871.62
1829,11,1,2,15.5407,1841.48
1447,11,1,2,15.5352,1807.53
1446,11,1,2,15.5219,1739.76
1648,11,1,2,15.5001,1630.46
1444,11,1,2,15.4956,1607.17
1649,11,1,2,15.4933,1595.54
1658,11,1,2,15.464,1452.53
1624,12,0,0,12.2687,302.839,0.104,453.617,0.08,1
2090,12,0,0,12.2483,194.986
1524,12,0,0,12.2392,100.283
2095,12,0,0,12.22,0
2124,12,0,1,12.3976,935.718,0.0435,189.734,0.02,2
2089,12,0,1,12.3944,918.162
2102,12,0,1,12.394,916.131
1497,12,0,1,12.3928,909.591
1660,12,0,1,12.3901,894.938
2090,12,0,1,12.3856,871.663
1524,12,0,1,12.3765,776.96
1624,12,0,1,12.3727,756.456
1445,12,0,2,12.5105,1485.28,0.0491667,214.45,0.02,3
2087,12,0,2,12.4853,1356.35
2088,12,0,2,12.4729,1292.27
1644,12,0,2,12.4679,1266.13
2089,12,0,2,12.4501,1166.67
2124,12,0,2,12.4411,1125.45
1655,12,0,3,12.6859,2343.34,0.0521667,227.535,0.27,4
2121,12,0,3,12.6837,2332.16
1424,12,0,3,12.658,2200.6
2083,12,0,3,12.6266,2041.66
2101,12,0,3,12.6131,1970.48
1658,12,0,3,12.6015,1913.9
1649,12,0,3,12.5775,1792.63
1444,12,0,3,12.5759,1783.96
1445,12,0,3,12.5597,1699.73
1101,12,0,4,12.9075,3407.61,0.0638333,278.422,0.11,5
1100,12,0,4,12.8925,3334.4
1102,12,0,4,12.8749,3250.94
2038,12,0,4,12.8649,3199.86
1124,12,0,4,12.8527,3138.91
1144,12,0,4,12.8442,3096.38
1191,12,0,4,12.8386,3065.76
1193,12,0,4,12.8309,3026.5
1197,12,0,4,12.8111,2933.4
2058,12,0,4,12.8053,2904.32
2062,12,0,4,12.7929,2844.16
2077,12,0,4,12.7746,2750.49
2078,12,0,4,12.7657,2706.83
1823,12,0,4,12.7564,2659.54
2097,12,0,4,12.7434,2597.92
1655,12,0,4,12.7381,2570.87
2038,12,0,5,13.006,3861.11,0.0538333,234.805,0.02,6
1102,12,0,5,12.9955,3807.75
1100,12,0,5,12.9826,3743.86
1101,12,0,5,12.9713,3686.03
2058,12,0,6,13.1212,4396,0.0933333,407.092,0.2,7
1197,12,0,6,13.1146,4363.23
1191,12,0,6,13.0949,4266.18
1144,12,0,6,13.0839,4213.23
1124,12,0,6,13.0711,4152.85
2038,12,0,6,13.0598,4095.91
2077,12,0,7,13.246,4959.9,0.0361667,157.748,0,8
2062,12,0,7,13.2254,4856.78
2058,12,0,7,13.2146,4803.1
2095,12,0,8,13.4668,6111.29,0,0,0
1524,12,0,8,13.4473,6009.56
1624,12,0,8,13.4426,5985.42
2090,12,0,8,13.4224,5878.32
1497,12,0,8,13.4192,5861.69
2102,12,0,8,13.4173,5852.06
2089,12,0,8,13.417,5850.4
2124,12,0,8,13.4103,5818.28
1826,12,0,8,13.3946,5743.22
1450,12,0,8,13.3922,5727.73
1829,12,0,8,13.3873,5698.05
1447,12,0,8,13.3814,5663.67
1832,12,0,8,13.372,5609.26
1833,12,0,8,13.3634,5536.27
1835,12,0,8,13.3531,5478.22
2103,12,0,8,13.3478,5449.32
2177,12,0,8,13.3477,5448.96
1841,12,0,8,13.3476,5447.62
1554,12,0,8,13.3415,5415.33
1416,12,0,8,13.34,5407.5
1415,12,0,8,13.3219,5318.83
2097,12,0,8,13.3084,5250.25
2098,12,0,8,13.303,5223.19
1823,12,0,8,13.2981,5198.87
2078,12,0,8,13.2909,5160.58
2077,12,0,8,13.2821,5117.65
2090,12,1,0,15.177,192.482,0.0666667,290.78,0.04,1
1524,12,1,0,15.1683,96.317
2095,12,1,0,15.15,0
1658,12,1,1,15.354,1059.97,0.09,392.553,0.43,2
1649,12,1,1,15.3317,945.697
1444,12,1,1,15.3301,936.948
1445,12,1,1,15.314,853.305
2087,12,1,1,15.2938,745.449
2088,12,1,1,15.2818,683.135
1644,12,1,1,15.2761,654.019
2089,12,1,1,15.2525,529.75
2102,12,1,1,15.2521,527.719
1497,12,1,1,15.2508,520.684
1660,12,1,1,15.2482,506.537
2090,12,1,1,15.2437,483.262
2095,12,1,2,15.595,2231.21,0,0,0
1524,12,1,2,15.5777,2138.98
1624,12,1,2,15.5744,2120.58
2090,12,1,2,15.5526,2006.99
1497,12,1,2,15.5492,1989.21
2102,12,1,2,15.5473,1979.58
2089,12,1,2,15.547,1978.29
2124,12,1,2,15.5365,1930.89
1826,12,1,2,15.5284,1887.17
1450,12,1,2,15.526,1871.62
1829,12,1,2,15.5207,1841.48
1447,12,1,2,15.5152,1807.53
1446,12,1,2,15.5019,1739.76
1648,12,1,2,15.4801,1630.46
1444,12,1,2,15.4756,1607.17
1649,12,1,2,15.4733,1595.54
1658,12,1,2,15.444,1452.53
1624,13,0,0,12.7587,302.839,0.104,453.617,0.08,1
2090,13,0,0,12.7383,194.986
1524,13,0,0,12.7292,100.283
2095,13,0,0,12.71,0
2124,13,0,1,12.8876,935.718,0.0435,189.734,0.02,2
2089,13,0,1,12.8844,918.162
2102,13,0,1,12.884,916.131
1497,13,0,1,12.8828,909.591
1660,13,0,1,12.8801,894.938
2090,13,0,1,12.8756,871.663
1524,13,0,1,12.8665,776.96
1624,13,0,1,12.8627,756.456
1445,13,0,2,13.0005,1485.28,0.105333,459.432,0.01,3
2087,13,0,2,12.9753,1356.35
2088,13,0,2,12.9629,1292.27
1644,13,0,2,12.9579,1266.13
2089,13,0,2,12.9401,1166.67
2124,13,0,2,12.9311,1125.45
2077,13,0,3,13.2638,2747.83,0.0361667,157.748,0,4
2078,13,0,3,13.2551,2704.98
1823,13,0,3,13.2467,2661.74
2097,13,0,3,13.2377,2616.25
1655,13,0,3,13.2335,2594.21
2121,13,0,3,13.2314,2583.62
1424,13,0,3,13.2062,2454.32
2083,13,0,3,13.1747,2295.07
2101,13,0,3,13.1585,2212.14
1658,13,0,3,13.1458,2151.03
1649,13,0,3,13.1246,2041.45
1444,13,0,3,13.1228,2032.29
1445,13,0,3,13.1059,1944.71
2058,13,0,4,13.3292,3053.57,0.0933333,407.092,0.2,5
2062,13,0,4,13.3181,2998.77
2077,13,0,4,13.2999,2905.57
1101,13,0,5,13.5221,3952.3,0.0546667,238.44,0.12,6
1100,13,0,5,13.5085,3885.04
1102,13,0,5,13.4849,3777.72
2038,13,0,5,13.4752,3727.7
1124,13,0,5,13.4625,3664.79
1144,13,0,5,13.457,3634.81
1191,13,0,5,13.45,3598.4
1193,13,0,5,13.4435,3564.18
1197,13,0,5,13.4284,3489.74
2058,13,0,5,13.4226,3460.66
2038,13,0,6,13.6117,4367.21,0.0538333,234.805,0.02,7
1102,13,0,6,13.6019,4316.78
1100,13,0,6,13.5877,4247.38
1101,13,0,6,13.5767,4190.74
2095,13,0,7,13.8865,5812.97,0,0,0
1524,13,0,7,13.867,5711.24
1624,13,0,7,13.8623,5687.1
2090,13,0,7,13.8421,5580
1497,13,0,7,13.8389,5563.38
2102,13,0,7,13.837,5553.74
2089,13,0,7,13.8367,5552.08
2124,13,0,7,13.83,5519.96
1826,13,0,7,13.8143,5444.9
1450,13,0,7,13.8119,5429.42
1829,13,0,7,13.807,5399.73
1447,13,0,7,13.8011,5365.35
1832,13,0,7,13.7917,5310.94
1833,13,0,7,13.7831,5237.96
1835,13,0,7,13.7728,5179.9
2103,13,0,7,13.7675,5151.01
2177,13,0,7,13.7674,5150.65
1841,13,0,7,13.7673,5149.3
2060,13,0,7,13.7304,4947.07
1551,13,0,7,13.7297,4942.9
1550,13,0,7,13.7289,4939.12
1196,13,0,7,13.7223,4895.52
1194,13,0,7,13.722,4894
1190,13,0,7,13.711,4828.54
1186,13,0,7,13.696,4753.28
1187,13,0,7,13.6934,4737.4
1124,13,0,7,13.6768,4658.95
2038,13,0,7,13.6656,4602.02
2090,13,1,0,15.027,192.482,0.0666667,290.78,0.04,1
1524,13,1,0,15.0183,96.317
2095,13,1,0,15,0
1658,13,1,1,15.204,1059.97,0.09,392.553,0.43,2
1649,13,1,1,15.1817,945.697
1444,13,1,1,15.1801,936.948
1445,13,1,1,15.164,853.305
2087,13,1,1,15.1438,745.449
2088,13,1,1,15.1318,683.135
1644,13,1,1,15.1261,654.019
2089,13,1,1,15.1025,529.75
2102,13,1,1,15.1021,527.719
1497,13,1,1,15.1008,520.684
1660,13,1,1,15.0982,506.537
2090,13,1,1,15.0937,483.262
1655,13,1,2,15.3819,1896.56,0.0378333,165.018,0.26,3
2121,13,1,2,15.379,1882.36
1424,13,1,2,15.354,1754
2083,13,1,2,15.323,1596.87
2101,13,1,2,15.3044,1504.24
1658,13,1,2,15.294,1452.53
2095,13,1,3,15.5734,2906.1,0,0,0
1524,13,1,3,15.5561,2813.87
1624,13,1,3,15.5528,2795.47
2090,13,1,3,15.531,2681.88
1497,13,1,3,15.5276,2664.1
2102,13,1,3,15.5256,2654.47
2089,13,1,3,15.5254,2653.18
2124,13,1,3,15.5149,2605.78
1826,13,1,3,15.5067,2562.06
1450,13,1,3,15.5043,2546.51
1829,13,1,3,15.4991,2516.37
1832,13,1,3,15.4845,2429.02
1833,13,1,3,15.4756,2356.32
1835,13,1,3,15.4646,2295.17
2103,13,1,3,15.4587,2263.72
2177,13,1,3,15.4587,2263.36
1841,13,1,3,15.4585,2262.01
1554,13,1,3,15.4519,2227.11
1416,13,1,3,15.4503,2219.28
1415,13,1,3,15.436,2146.36
2097,13,1,3,15.4243,2085.14
1655,13,1,3,15.4197,2061.58
1624,14,0,0,12.7687,302.839,0.104,453.617,0.08,1
2090,14,0,0,12.7483,194.986
1524,14,0,0,12.7392,100.283
2095,14,0,0,12.72,0
2124,14,0,1,12.8976,935.718,0.0435,189.734,0.02,2
2089,14,0,1,12.8944,918.162
2102,14,0,1,12.894,916.131
1497,14,0,1,12.8928,909.591
1660,14,0,1,12.8901,894.938
2090,14,0,1,12.8856,871.663
1524,14,0,1,12.8765,776.96
1624,14,0,1,12.8727,756.456
1445,14,0,2,13.0105,1485.28,0.105333,459.432,0.01,3
2087,14,0,2,12.9853,1356.35
2088,14,0,2,12.9729,1292.27
1644,14,0,2,12.9679,1266.13
2089,14,0,2,12.9501,1166.67
2124,14,0,2,12.9411,1125.45
2077,14,0,3,13.2738,2747.83,0.0361667,157.748,0,4
2078,14,0,3,13.2651,2704.98
1823,14,0,3,13.2567,2661.74
2097,14,0,3,13.2477,2616.25
1655,14,0,3,13.2435,2594.21
2121,14,0,3,13.2414,2583.62
1424,14,0,3,13.2162,2454.32
2083,14,0,3,13.1847,2295.07
2101,14,0,3,13.1685,2212.14
1658,14,0,3,13.1558,2151.03
1649,14,0,3,13.1346,2041.45
1444,14,0,3,13.1328,2032.29
1445,14,0,3,13.1159,1944.71
2058,14,0,4,13.3392,3053.57,0.0933333,407.092,0.2,5
2062,14,0,4,13.3281,2998.77
2077,14,0,4,13.3099,2905.57
2038,14,0,5,13.4852,3727.7,0.0538333,234.805,0.02,6
1124,14,0,5,13.4725,3664.79
1144,14,0,5,13.467,3634.81
1191,14,0,5,13.46,3598.4
1193,14,0,5,13.4535,3564.18
1197,14,0,5,13.4384,3489.74
2058,14,0,5,13.4326,3460.66
2095,14,0,6,13.76,5173.46,0,0,0
1524,14,0,6,13.7405,5071.73
1624,14,0,6,13.7358,5047.59
2090,14,0,6,13.7156,4940.49
1497,14,0,6,13.7124,4923.86
2102,14,0,6,13.7105,4914.23
2089,14,0,6,13.7102,4912.57
2124,14,0,6,13.7035,4880.45
1826,14,0,6,13.6878,4805.39
1450,14,0,6,13.6854,4789.9
1829,14,0,6,13.6805,4760.22
1447,14,0,6,13.6746,4725.84
1832,14,0,6,13.6652,4671.43
1833,14,0,6,13.6566,4598.44
1835,14,0,6,13.6463,4540.39
2103,14,0,6,13.641,4511.49
2177,14,0,6,13.6409,4511.13
1841,14,0,6,13.6408,4509.79
2060,14,0,6,13.6039,4307.56
1551,14,0,6,13.6032,4303.39
1550,14,0,6,13.6024,4299.61
1196,14,0,6,13.5958,4256.01
1194,14,0,6,13.5955,4254.49
1190,14,0,6,13.5845,4189.03
1186,14,0,6,13.5695,4113.77
1187,14,0,6,13.5669,4097.88
1124,14,0,6,13.5503,4019.44
2038,14,0,6,13.5391,3962.51
2090,14,1,0,15.047,192.482,0.0666667,290.78,0.04,1
1524,14,1,0,15.0383,96.317
2095,14,1,0,15.02,0
1658,14,1,1,15.224,1059.97,0.09,392.553,0.43,2
1649,14,1,1,15.2017,945.697
1444,14,1,1,15.2001,936.948
1445,14,1,1,15.184,853.305
2087,14,1,1,15.1638,745.449
2088,14,1,1,15.1518,683.135
1644,14,1,1,15.1461,654.019
2089,14,1,1,15.1225,529.75
2102,14,1,1,15.1221,527.719
1497,14,1,1,15.1208,520.684
1660,14,1,1,15.1182,506.537
2090,14,1,1,15.1137,483.262
1655,14,1,2,15.4019,1896.56,0.0378333,165.018,0.26,3
2121,14,1,2,15.399,1882.36
1424,14,1,2,15.374,1754
2083,14,1,2,15.343,1596.87
2101,14,1,2,15.3244,1504.24
1658,14,1,2,15.314,1452.53
1101,14,1,3,15.5945,2838.19,0.0476667,207.908,0.11,4
1100,14,1,3,15.5822,2775.98
1102,14,1,3,15.5658,2697.38
2038,14,1,3,15.558,2655.44
1124,14,1,3,15.5473,2601
1144,14,1,3,15.5394,2560.65
1191,14,1,3,15.5291,2510.63
1193,14,1,3,15.5207,2468.41
1197,14,1,3,15.5045,2389.75
2058,14,1,3,15.4987,2360.68
2062,14,1,3,15.4889,2311.21
2077,14,1,3,15.4719,2222.93
2078,14,1,3,15.4637,2182.47
1823,14,1,3,15.4543,2135.04
2097,14,1,3,15.4443,2085.14
1655,14,1,3,15.4397,2061.58
2095,14,1,4,15.8744,4334.36,0,0,0
1524,14,1,4,15.8571,4242.14
1624,14,1,4,15.8538,4223.74
2090,14,1,4,15.832,4110.14
1497,14,1,4,15.8285,4092.37
2102,14,1,4,15.8266,4082.73
2089,14,1,4,15.8264,4081.45
2124,14,1,4,15.8159,4034.05
1826,14,1,4,15.8077,3990.32
1450,14,1,4,15.8053,3974.78
1829,14,1,4,15.8001,3944.63
1832,14,1,4,15.7855,3857.28
1833,14,1,4,15.7766,3784.59
1835,14,1,4,15.7656,3723.44
2103,14,1,4,15.7597,3691.98
2177,14,1,4,15.7597,3691.62
1841,14,1,4,15.7595,3690.27
2060,14,1,4,15.7263,3503.9
1551,14,1,4,15.7256,3499.73
1550,14,1,4,15.7248,3495.94
1196,14,1,4,15.7185,3452.65
1194,14,1,4,15.7182,3451.1
1190,14,1,4,15.7078,3386.63
1186,14,1,4,15.6956,3322.61
1187,14,1,4,15.692,3303.34
1124,14,1,4,15.6785,3237.53
2038,14,1,4,15.6701,3192.59
1102,14,1,4,15.6607,3144.23
1100,14,1,4,15.6511,3093.59
1101,14,1,4,15.6422,3046.09
