Node, Individual, Route,Segment, Travel time, Travel cost, Attention time, Attention cost, Failure rate, Demand
2090,0,0,0,12.3483,194.986,0.0353333,154.113,0.07,1
1524,0,0,0,12.3392,100.283
2095,0,0,0,12.32,0
2124,0,0,1,12.3957,413.155,0.0435,189.734,0.02,2
2089,0,0,1,12.3925,395.598
2102,0,0,1,12.3921,393.567
1497,0,0,1,12.3909,387.027
1660,0,0,1,12.3881,372.374
2090,0,0,1,12.3836,349.1
1445,0,0,2,12.5086,962.714,0.0491667,214.45,0.02,3
2087,0,0,2,12.4833,833.788
2088,0,0,2,12.4709,769.709
1644,0,0,2,12.4659,743.566
2089,0,0,2,12.4481,644.103
2124,0,0,2,12.4392,602.888
1658,0,0,3,12.5995,1391.33,0.0986667,430.354,0.47,4
1649,0,0,3,12.5755,1270.06
1444,0,0,3,12.5739,1261.4
1445,0,0,3,12.5577,1177.16
1655,0,0,4,12.7826,2251.13,0.0521667,227.535,0.27,5
2121,0,0,4,12.7804,2239.95
1424,0,0,4,12.7547,2108.39
2083,0,0,4,12.7232,1949.45
2101,0,0,4,12.7097,1878.27
1658,0,0,4,12.6982,1821.69
2077,0,0,5,12.8713,2658.28,0.0555,242.074,0.02,6
2078,0,0,5,12.8624,2614.62
1823,0,0,5,12.8531,2567.33
2097,0,0,5,12.8401,2505.72
1655,0,0,5,12.8347,2478.66
2058,0,0,6,12.9575,3054.19,0.0493333,215.177,0.21,7
2062,0,0,6,12.9451,2994.03
2077,0,0,6,12.9268,2900.35
2038,0,0,7,13.0595,3536.4,0.0538333,234.805,0.02,8
1124,0,0,7,13.0468,3473.49
1144,0,0,7,13.0413,3443.51
1191,0,0,7,13.0343,3407.1
1193,0,0,7,13.0278,3372.88
1197,0,0,7,13.0127,3298.44
2058,0,0,7,13.0069,3269.36
1101,0,0,8,13.1602,3995.8,0.0546667,238.44,0.12,9
1100,0,0,8,13.1467,3928.55
1102,0,0,8,13.1231,3821.23
2038,0,0,8,13.1134,3771.21
1624,0,0,9,13.4466,5495.8,0.0715,311.861,0.1,10
2090,0,0,9,13.4264,5388.7
1497,0,0,9,13.4232,5372.08
2102,0,0,9,13.4213,5362.44
2089,0,0,9,13.421,5360.78
2124,0,0,9,13.4143,5328.66
1826,0,0,9,13.3986,5253.6
1450,0,0,9,13.3962,5238.11
1829,0,0,9,13.3913,5208.43
1447,0,0,9,13.3854,5174.05
1832,0,0,9,13.376,5119.64
1833,0,0,9,13.3674,5046.66
1835,0,0,9,13.3571,4988.6
2103,0,0,9,13.3518,4959.71
2177,0,0,9,13.3517,4959.35
1841,0,0,9,13.3516,4958
2060,0,0,9,13.3147,4755.77
1551,0,0,9,13.314,4751.6
1550,0,0,9,13.3132,4747.82
1196,0,0,9,13.3066,4704.22
1194,0,0,9,13.3063,4702.7
1190,0,0,9,13.2953,4637.24
1186,0,0,9,13.2803,4561.98
1187,0,0,9,13.2777,4546.1
1124,0,0,9,13.2611,4467.65
2038,0,0,9,13.2499,4410.72
1102,0,0,9,13.2401,4360.28
1100,0,0,9,13.2259,4290.89
1101,0,0,9,13.2149,4234.24
2095,0,0,10,13.5423,5933.53,0,0,0
1524,0,0,10,13.5228,5831.8
1624,0,0,10,13.5181,5807.66
2090,1,0,0,12.1483,194.986,0.0353333,154.113,0.07,1
1524,1,0,0,12.1392,100.283
2095,1,0,0,12.12,0
2124,1,0,1,12.1957,413.155,0.0435,189.734,0.02,2
2089,1,0,1,12.1925,395.598
2102,1,0,1,12.1921,393.567
1497,1,0,1,12.1909,387.027
1660,1,0,1,12.1881,372.374
2090,1,0,1,12.1836,349.1
1445,1,0,2,12.3086,962.714,0.0491667,214.45,0.02,3
2087,1,0,2,12.2833,833.788
2088,1,0,2,12.2709,769.709
1644,1,0,2,12.2659,743.566
2089,1,0,2,12.2481,644.103
2124,1,0,2,12.2392,602.888
1658,1,0,3,12.3995,1391.33,0.0986667,430.354,0.47,4
1649,1,0,3,12.3755,1270.06
1444,1,0,3,12.3739,1261.4
1445,1,0,3,12.3577,1177.16
1655,1,0,4,12.5826,2251.13,0.0521667,227.535,0.27,5
2121,1,0,4,12.5804,2239.95
1424,1,0,4,12.5547,2108.39
2083,1,0,4,12.5232,1949.45
2101,1,0,4,12.5097,1878.27
1658,1,0,4,12.4982,1821.69
2077,1,0,5,12.6713,2658.28,0.0555,242.074,0.02,6
2078,1,0,5,12.6624,2614.62
1823,1,0,5,12.6531,2567.33
2097,1,0,5,12.6401,2505.72
1655,1,0,5,12.6347,2478.66
2058,1,0,6,12.7575,3054.19,0.0493333,215.177,0.21,7
2062,1,0,6,12.7451,2994.03
2077,1,0,6,12.7268,2900.35
1101,1,0,7,12.909,3772.65,0.0638333,278.422,0.11,8
1100,1,0,7,12.894,3699.44
1102,1,0,7,12.8764,3615.98
2038,1,0,7,12.8664,3564.9
1124,1,0,7,12.8542,3503.96
1144,1,0,7,12.8457,3461.43
1191,1,0,7,12.8401,3430.8
1193,1,0,7,12.8324,3391.54
1197,1,0,7,12.8127,3298.44
2058,1,0,7,12.8069,3269.36
2038,1,0,8,13.0075,4226.15,0.0538333,234.805,0.02,9
1102,1,0,8,12.997,4172.79
1100,1,0,8,12.9841,4108.9
1101,1,0,8,12.9728,4051.07
1624,1,0,9,13.2581,5546.04,0.0715,311.861,0.1,10
2090,1,0,9,13.2378,5438.94
1497,1,0,9,13.2347,5422.31
2102,1,0,9,13.2327,5412.68
2089,1,0,9,13.2324,5411.02
2124,1,0,9,13.2257,5378.9
1826,1,0,9,13.21,5303.84
1450,1,0,9,13.2077,5288.35
1829,1,0,9,13.2027,5258.67
1447,1,0,9,13.1969,5224.29
1832,1,0,9,13.1874,5169.88
1833,1,0,9,13.1788,5096.89
1835,1,0,9,13.1685,5038.84
2103,1,0,9,13.1633,5009.94
2177,1,0,9,13.1632,5009.58
1841,1,0,9,13.163,5008.24
2060,1,0,9,13.1262,4806.01
1551,1,0,9,13.1254,4801.84
1550,1,0,9,13.1247,4798.06
1196,1,0,9,13.118,4754.46
1194,1,0,9,13.1178,4752.94
1190,1,0,9,13.1067,4687.48
1186,1,0,9,13.0918,4612.22
1187,1,0,9,13.0892,4596.33
1124,1,0,9,13.0726,4517.89
2038,1,0,9,13.0613,4460.96
2095,1,0,10,13.3538,5983.77,0,0,0
1524,1,0,10,13.3342,5882.04
1624,1,0,10,13.3296,5857.9
2090,2,0,0,12.5183,194.986,0.0353333,154.113,0.07,1
1524,2,0,0,12.5092,100.283
2095,2,0,0,12.49,0
2124,2,0,1,12.5657,413.155,0.0435,189.734,0.02,2
2089,2,0,1,12.5625,395.598
2102,2,0,1,12.5621,393.567
1497,2,0,1,12.5609,387.027
1660,2,0,1,12.5581,372.374
2090,2,0,1,12.5536,349.1
1445,2,0,2,12.6786,962.714,0.0491667,214.45,0.02,3
2087,2,0,2,12.6533,833.788
2088,2,0,2,12.6409,769.709
1644,2,0,2,12.6359,743.566
2089,2,0,2,12.6181,644.103
2124,2,0,2,12.6092,602.888
1658,2,0,3,12.7695,1391.33,0.0986667,430.354,0.47,4
1649,2,0,3,12.7455,1270.06
1444,2,0,3,12.7439,1261.4
1445,2,0,3,12.7277,1177.16
1655,2,0,4,12.9526,2251.13,0.0521667,227.535,0.27,5
2121,2,0,4,12.9504,2239.95
1424,2,0,4,12.9247,2108.39
2083,2,0,4,12.8932,1949.45
2101,2,0,4,12.8797,1878.27
1658,2,0,4,12.8682,1821.69
2077,2,0,5,13.0351,2632.28,0.0361667,157.748,0,6
2078,2,0,5,13.0263,2589.43
1823,2,0,5,13.0179,2546.19
2097,2,0,5,13.0089,2500.7
1655,2,0,5,13.0047,2478.66
2058,2,0,6,13.1005,2938.02,0.0933333,407.092,0.2,7
2062,2,0,6,13.0894,2883.22
2077,2,0,6,13.0712,2790.02
1101,2,0,7,13.2934,3836.75,0.0546667,238.44,0.12,8
1100,2,0,7,13.2798,3769.49
1102,2,0,7,13.2562,3662.17
2038,2,0,7,13.2465,3612.15
1124,2,0,7,13.2338,3549.24
1144,2,0,7,13.2283,3519.26
1191,2,0,7,13.2213,3482.85
1193,2,0,7,13.2148,3448.63
1197,2,0,7,13.1996,3374.19
2058,2,0,7,13.1938,3345.11
2038,2,0,8,13.383,4251.66,0.0538333,234.805,0.02,9
1102,2,0,8,13.3732,4201.23
1100,2,0,8,13.359,4131.83
1101,2,0,8,13.348,4075.19
1624,2,0,9,13.6336,5571.55,0.0715,311.861,0.1,10
2090,2,0,9,13.6133,5464.45
1497,2,0,9,13.6102,5447.83
2102,2,0,9,13.6083,5438.19
2089,2,0,9,13.6079,5436.53
2124,2,0,9,13.6013,5404.41
1826,2,0,9,13.5856,5329.35
1450,2,0,9,13.5832,5313.87
1829,2,0,9,13.5782,5284.18
1447,2,0,9,13.5724,5249.8
1832,2,0,9,13.563,5195.39
1833,2,0,9,13.5544,5122.41
1835,2,0,9,13.544,5064.35
2103,2,0,9,13.5388,5035.46
2177,2,0,9,13.5387,5035.1
1841,2,0,9,13.5386,5033.75
2060,2,0,9,13.5017,4831.52
1551,2,0,9,13.501,4827.35
1550,2,0,9,13.5002,4823.57
1196,2,0,9,13.4935,4779.97
1194,2,0,9,13.4933,4778.45
1190,2,0,9,13.4823,4712.99
1186,2,0,9,13.4673,4637.73
1187,2,0,9,13.4647,4621.85
1124,2,0,9,13.4481,4543.4
2038,2,0,9,13.4368,4486.47
2095,2,0,10,13.7293,6009.28,0,0,0
1524,2,0,10,13.7097,5907.55
1624,2,0,10,13.7051,5883.41
2090,3,0,0,12.6183,194.986,0.0353333,154.113,0.07,1
1524,3,0,0,12.6092,100.283
2095,3,0,0,12.59,0
2124,3,0,1,12.6657,413.155,0.0435,189.734,0.02,2
2089,3,0,1,12.6625,395.598
2102,3,0,1,12.6621,393.567
1497,3,0,1,12.6609,387.027
1660,3,0,1,12.6581,372.374
2090,3,0,1,12.6536,349.1
1445,3,0,2,12.7786,962.714,0.0491667,214.45,0.02,3
2087,3,0,2,12.7533,833.788
2088,3,0,2,12.7409,769.709
1644,3,0,2,12.7359,743.566
2089,3,0,2,12.7181,644.103
2124,3,0,2,12.7092,602.888
1655,3,0,3,12.9539,1820.77,0.0521667,227.535,0.27,4
2121,3,0,3,12.9517,1809.6
1424,3,0,3,12.926,1678.04
2083,3,0,3,12.8946,1519.1
2101,3,0,3,12.8811,1447.92
1658,3,0,3,12.8695,1391.33
1649,3,0,3,12.8455,1270.06
1444,3,0,3,12.8439,1261.4
1445,3,0,3,12.8277,1177.16
2077,3,0,4,13.0364,2201.92,0.0361667,157.748,0,5
2078,3,0,4,13.0277,2159.07
1823,3,0,4,13.0193,2115.84
2097,3,0,4,13.0103,2070.35
1655,3,0,4,13.0061,2048.31
2058,3,0,5,13.1018,2507.67,0.0933333,407.092,0.2,6
2062,3,0,5,13.0907,2452.86
2077,3,0,5,13.0726,2359.67
2038,3,0,6,13.2478,3181.8,0.0538333,234.805,0.02,7
1124,3,0,6,13.2351,3118.89
1144,3,0,6,13.2296,3088.91
1191,3,0,6,13.2226,3052.5
1193,3,0,6,13.2161,3018.27
1197,3,0,6,13.201,2943.83
2058,3,0,6,13.1952,2914.76
1101,3,0,7,13.3485,3641.2,0.0546667,238.44,0.12,8
1100,3,0,7,13.335,3573.94
1102,3,0,7,13.3114,3466.62
2038,3,0,7,13.3017,3416.6
1658,3,0,8,13.6067,4943.62,0.0673333,293.688,0.46,9
1436,3,0,8,13.6024,4920.08
2101,3,0,8,13.5989,4902.52
2083,3,0,8,13.5827,4820.15
1430,3,0,8,13.5679,4744.4
1428,3,0,8,13.5536,4674.31
1426,3,0,8,13.5457,4634.32
2103,3,0,8,13.5401,4605.1
2177,3,0,8,13.54,4604.74
1841,3,0,8,13.5399,4603.39
2060,3,0,8,13.503,4401.17
1551,3,0,8,13.5023,4397
1550,3,0,8,13.5015,4393.22
1196,3,0,8,13.4949,4349.62
1194,3,0,8,13.4946,4348.1
1190,3,0,8,13.4836,4282.64
1186,3,0,8,13.4686,4207.37
1187,3,0,8,13.466,4191.49
1124,3,0,8,13.4495,4113.05
2038,3,0,8,13.4382,4056.11
1102,3,0,8,13.4284,4005.68
1100,3,0,8,13.4142,3936.28
1101,3,0,8,13.4032,3879.64
1624,3,0,9,13.7883,5837.88,0.0715,311.861,0.1,10
2090,3,0,9,13.7681,5730.78
1497,3,0,9,13.7649,5714.16
2102,3,0,9,13.763,5704.52
2089,3,0,9,13.7627,5702.86
2124,3,0,9,13.756,5670.74
1826,3,0,9,13.7403,5595.68
1450,3,0,9,13.7379,5580.2
1829,3,0,9,13.733,5550.52
1447,3,0,9,13.7271,5516.14
1446,3,0,9,13.7166,5460.17
1648,3,0,9,13.7043,5391.05
1444,3,0,9,13.6991,5365.14
1649,3,0,9,13.6968,5353.51
1658,3,0,9,13.6741,5237.3
2095,3,0,10,13.884,6275.61,0,0,0
1524,3,0,10,13.8645,6173.89
1624,3,0,10,13.8598,6149.74
1624,4,0,0,12.4487,302.839,0.104,453.617,0.08,1
2090,4,0,0,12.4283,194.986
1524,4,0,0,12.4192,100.283
2095,4,0,0,12.4,0
2090,4,0,1,12.5656,871.663,0.0353333,154.113,0.07,2
1524,4,0,1,12.5565,776.96
1624,4,0,1,12.5527,756.456
2124,4,0,2,12.613,1089.83,0.0435,189.734,0.02,3
2089,4,0,2,12.6098,1072.28
2102,4,0,2,12.6094,1070.24
1497,4,0,2,12.6082,1063.7
1660,4,0,2,12.6055,1049.05
2090,4,0,2,12.6009,1025.78
1445,4,0,3,12.7259,1639.39,0.0491667,214.45,0.02,4
2087,4,0,3,12.7006,1510.46
2088,4,0,3,12.6882,1446.39
1644,4,0,3,12.6832,1420.24
2089,4,0,3,12.6654,1320.78
2124,4,0,3,12.6565,1279.57
1658,4,0,4,12.8168,2068.01,0.0986667,430.354,0.47,5
1649,4,0,4,12.7928,1946.74
1444,4,0,4,12.7912,1938.08
1445,4,0,4,12.775,1853.84
1655,4,0,5,12.9999,2927.8,0.0521667,227.535,0.27,6
2121,4,0,5,12.9977,2916.63
1424,4,0,5,12.972,2785.07
2083,4,0,5,12.9406,2626.13
2101,4,0,5,12.9271,2554.95
1658,4,0,5,12.9155,2498.37
2077,4,0,6,13.0824,3308.95,0.0361667,157.748,0,7
2078,4,0,6,13.0736,3266.1
1823,4,0,6,13.0653,3222.87
2097,4,0,6,13.0562,3177.38
1655,4,0,6,13.0521,3155.34
2058,4,0,7,13.1478,3614.7,0.0933333,407.092,0.2,8
2062,4,0,7,13.1367,3559.89
2077,4,0,7,13.1185,3466.7
1101,4,0,8,13.3407,4513.43,0.0546667,238.44,0.12,9
1100,4,0,8,13.3271,4446.17
1102,4,0,8,13.3035,4338.85
2038,4,0,8,13.2938,4288.83
1124,4,0,8,13.2811,4225.92
1144,4,0,8,13.2756,4195.94
1191,4,0,8,13.2686,4159.53
1193,4,0,8,13.2621,4125.3
1197,4,0,8,13.2469,4050.87
2058,4,0,8,13.2412,4021.79
2038,4,0,9,13.4303,4928.34,0.0538333,234.805,0.02,10
1102,4,0,9,13.4205,4877.9
1100,4,0,9,13.4063,4808.51
1101,4,0,9,13.3953,4751.87
2095,4,0,10,13.7051,6374.09,0,0,0
1524,4,0,10,13.6856,6272.37
1624,4,0,10,13.6809,6248.23
2090,4,0,10,13.6607,6141.13
1497,4,0,10,13.6575,6124.5
2102,4,0,10,13.6556,6114.87
2089,4,0,10,13.6553,6113.21
2124,4,0,10,13.6486,6081.09
1826,4,0,10,13.6329,6006.02
1450,4,0,10,13.6305,5990.54
1829,4,0,10,13.6256,5960.86
1447,4,0,10,13.6197,5926.48
1832,4,0,10,13.6103,5872.06
1833,4,0,10,13.6017,5799.08
1835,4,0,10,13.5914,5741.03
2103,4,0,10,13.5861,5712.13
2177,4,0,10,13.586,5711.77
1841,4,0,10,13.5859,5710.42
2060,4,0,10,13.549,5508.2
1551,4,0,10,13.5483,5504.03
1550,4,0,10,13.5475,5500.25
1196,4,0,10,13.5408,5456.65
1194,4,0,10,13.5406,5455.13
1190,4,0,10,13.5296,5389.67
1186,4,0,10,13.5146,5314.4
1187,4,0,10,13.512,5298.52
1124,4,0,10,13.4954,5220.08
2038,4,0,10,13.4841,5163.15
2124,5,0,0,12.6003,259.041,0.0435,189.734,0.02,1
2089,5,0,0,12.5971,241.485
2102,5,0,0,12.5967,239.454
1497,5,0,0,12.5955,232.914
1660,5,0,0,12.5928,218.261
2090,5,0,0,12.5883,194.986
1524,5,0,0,12.5792,100.283
2095,5,0,0,12.56,0
1445,5,0,1,12.7132,808.6,0.0491667,214.45,0.02,2
2087,5,0,1,12.688,679.675
2088,5,0,1,12.6756,615.595
1644,5,0,1,12.6706,589.452
2089,5,0,1,12.6528,489.99
2124,5,0,1,12.6438,448.775
1658,5,0,2,12.8042,1237.22,0.0986667,430.354,0.47,3
1649,5,0,2,12.7802,1115.95
1444,5,0,2,12.7786,1107.29
1445,5,0,2,12.7624,1023.05
1655,5,0,3,12.9872,2097.01,0.0521667,227.535,0.27,4
2121,5,0,3,12.9851,2085.84
1424,5,0,3,12.9593,1954.28
2083,5,0,3,12.9279,1795.34
2101,5,0,3,12.9144,1724.16
1658,5,0,3,12.9028,1667.58
2077,5,0,4,13.0697,2478.16,0.0361667,157.748,0,5
2078,5,0,4,13.061,2435.32
1823,5,0,4,13.0526,2392.08
2097,5,0,4,13.0436,2346.59
1655,5,0,4,13.0394,2324.55
2058,5,0,5,13.1352,2783.91,0.0933333,407.092,0.2,6
2062,5,0,5,13.1241,2729.1
2077,5,0,5,13.1059,2635.91
1101,5,0,6,13.328,3682.64,0.0546667,238.44,0.12,7
1100,5,0,6,13.3145,3615.38
1102,5,0,6,13.2909,3508.06
2038,5,0,6,13.2812,3458.04
1124,5,0,6,13.2685,3395.13
1144,5,0,6,13.263,3365.15
1191,5,0,6,13.256,3328.74
1193,5,0,6,13.2495,3294.51
1197,5,0,6,13.2343,3220.08
2058,5,0,6,13.2285,3191
2038,5,0,7,13.4177,4097.55,0.0538333,234.805,0.02,8
1102,5,0,7,13.4079,4047.11
1100,5,0,7,13.3937,3977.72
1101,5,0,7,13.3827,3921.08
1624,5,0,8,13.6683,5417.44,0.0715,311.861,0.1,9
2090,5,0,8,13.648,5310.34
1497,5,0,8,13.6449,5293.71
2102,5,0,8,13.6429,5284.08
2089,5,0,8,13.6426,5282.42
2124,5,0,8,13.6359,5250.3
1826,5,0,8,13.6202,5175.23
1450,5,0,8,13.6179,5159.75
1829,5,0,8,13.6129,5130.07
1447,5,0,8,13.6071,5095.69
1832,5,0,8,13.5976,5041.28
1833,5,0,8,13.589,4968.29
1835,5,0,8,13.5787,4910.24
2103,5,0,8,13.5734,4881.34
2177,5,0,8,13.5734,4880.98
1841,5,0,8,13.5732,4879.63
2060,5,0,8,13.5363,4677.41
1551,5,0,8,13.5356,4673.24
1550,5,0,8,13.5349,4669.46
1196,5,0,8,13.5282,4625.86
1194,5,0,8,13.528,4624.34
1190,5,0,8,13.5169,4558.88
1186,5,0,8,13.502,4483.62
1187,5,0,8,13.4994,4467.73
1124,5,0,8,13.4828,4389.29
2038,5,0,8,13.4715,4332.36
2095,5,0,9,13.764,5855.17,0,0,0
1524,5,0,9,13.7444,5753.44
1624,5,0,9,13.7398,5729.3
2090,5,1,0,15.287,192.482,0.0666667,290.78,0.04,1
1524,5,1,0,15.2783,96.317
2095,5,1,0,15.26,0
2095,5,1,1,15.3961,707.482,0,0,0
1524,5,1,1,15.3788,615.255
1624,5,1,1,15.3755,596.858
2090,5,1,1,15.3537,483.262
1624,6,0,0,12.4487,302.839,0.104,453.617,0.08,1
2090,6,0,0,12.4283,194.986
1524,6,0,0,12.4192,100.283
2095,6,0,0,12.4,0
2124,6,0,1,12.5776,935.718,0.0435,189.734,0.02,2
2089,6,0,1,12.5744,918.162
2102,6,0,1,12.574,916.131
1497,6,0,1,12.5728,909.591
1660,6,0,1,12.5701,894.938
2090,6,0,1,12.5656,871.663
1524,6,0,1,12.5565,776.96
1624,6,0,1,12.5527,756.456
1445,6,0,2,12.6905,1485.28,0.0491667,214.45,0.02,3
2087,6,0,2,12.6653,1356.35
2088,6,0,2,12.6529,1292.27
1644,6,0,2,12.6479,1266.13
2089,6,0,2,12.6301,1166.67
2124,6,0,2,12.6211,1125.45
1658,6,0,3,12.7815,1913.9,0.0986667,430.354,0.47,4
1649,6,0,3,12.7575,1792.63
1444,6,0,3,12.7559,1783.96
1445,6,0,3,12.7397,1699.73
1655,6,0,4,12.9646,2773.69,0.0521667,227.535,0.27,5
2121,6,0,4,12.9624,2762.51
1424,6,0,4,12.9366,2630.96
2083,6,0,4,12.9052,2472.01
2101,6,0,4,12.8917,2400.84
1658,6,0,4,12.8801,2344.25
2077,6,0,5,13.047,3154.84,0.0361667,157.748,0,6
2078,6,0,5,13.0383,3111.99
1823,6,0,5,13.0299,3068.76
2097,6,0,5,13.0209,3023.26
1655,6,0,5,13.0167,3001.23
2058,6,0,6,13.1125,3460.59,0.0933333,407.092,0.2,7
2062,6,0,6,13.1014,3405.78
2077,6,0,6,13.0832,3312.59
1101,6,0,7,13.3053,4359.31,0.0546667,238.44,0.12,8
1100,6,0,7,13.2918,4292.05
1102,6,0,7,13.2682,4184.74
2038,6,0,7,13.2585,4134.71
1124,6,0,7,13.2458,4071.81
1144,6,0,7,13.2403,4041.82
1191,6,0,7,13.2333,4005.42
1193,6,0,7,13.2268,3971.19
1197,6,0,7,13.2116,3896.75
2058,6,0,7,13.2058,3867.68
2038,6,0,8,13.395,4774.23,0.0538333,234.805,0.02,9
1102,6,0,8,13.3852,4723.79
1100,6,0,8,13.371,4654.4
1101,6,0,8,13.36,4597.75
2095,6,0,9,13.6698,6219.98,0,0,0
1524,6,0,9,13.6502,6118.26
1624,6,0,9,13.6456,6094.11
2090,6,0,9,13.6253,5987.02
1497,6,0,9,13.6222,5970.39
2102,6,0,9,13.6202,5960.75
2089,6,0,9,13.6199,5959.09
2124,6,0,9,13.6132,5926.97
1826,6,0,9,13.5975,5851.91
1450,6,0,9,13.5952,5836.43
1829,6,0,9,13.5902,5806.75
1447,6,0,9,13.5844,5772.37
1832,6,0,9,13.5749,5717.95
1833,6,0,9,13.5663,5644.97
1835,6,0,9,13.556,5586.91
2103,6,0,9,13.5508,5558.02
2177,6,0,9,13.5507,5557.66
1841,6,0,9,13.5505,5556.31
2060,6,0,9,13.5137,5354.09
1551,6,0,9,13.5129,5349.92
1550,6,0,9,13.5122,5346.13
1196,6,0,9,13.5055,5302.54
1194,6,0,9,13.5053,5301.02
1190,6,0,9,13.4942,5235.55
1186,6,0,9,13.4793,5160.29
1187,6,0,9,13.4767,5144.41
1124,6,0,9,13.4601,5065.96
2038,6,0,9,13.4488,5009.03
2090,6,1,0,15.107,192.482,0.0666667,290.78,0.04,1
1524,6,1,0,15.0983,96.317
2095,6,1,0,15.08,0
2095,6,1,1,15.2161,707.482,0,0,0
1524,6,1,1,15.1988,615.255
1624,6,1,1,15.1955,596.858
2090,6,1,1,15.1737,483.262
1624,7,0,0,12.5787,302.839,0.104,453.617,0.08,1
2090,7,0,0,12.5583,194.986
1524,7,0,0,12.5492,100.283
2095,7,0,0,12.53,0
2124,7,0,1,12.7076,935.718,0.0435,189.734,0.02,2
2089,7,0,1,12.7044,918.162
2102,7,0,1,12.704,916.131
1497,7,0,1,12.7028,909.591
1660,7,0,1,12.7001,894.938
2090,7,0,1,12.6956,871.663
1524,7,0,1,12.6865,776.96
1624,7,0,1,12.6827,756.456
1445,7,0,2,12.8205,1485.28,0.0491667,214.45,0.02,3
2087,7,0,2,12.7953,1356.35
2088,7,0,2,12.7829,1292.27
1644,7,0,2,12.7779,1266.13
2089,7,0,2,12.7601,1166.67
2124,7,0,2,12.7511,1125.45
1655,7,0,3,12.9959,2343.34,0.0521667,227.535,0.27,4
2121,7,0,3,12.9937,2332.16
1424,7,0,3,12.968,2200.6
2083,7,0,3,12.9366,2041.66
2101,7,0,3,12.9231,1970.48
1658,7,0,3,12.9115,1913.9
1649,7,0,3,12.8875,1792.63
1444,7,0,3,12.8859,1783.96
1445,7,0,3,12.8697,1699.73
2077,7,0,4,13.0784,2724.49,0.0361667,157.748,0,5
2078,7,0,4,13.0696,2681.64
1823,7,0,4,13.0613,2638.4
2097,7,0,4,13.0522,2592.91
1655,7,0,4,13.048,2570.87
2058,7,0,5,13.1438,3030.23,0.0933333,407.092,0.2,6
2062,7,0,5,13.1327,2975.42
2077,7,0,5,13.1145,2882.23
1101,7,0,6,13.3367,3928.96,0.0546667,238.44,0.12,7
1100,7,0,6,13.3231,3861.7
1102,7,0,6,13.2995,3754.38
2038,7,0,6,13.2898,3704.36
1124,7,0,6,13.2771,3641.45
1144,7,0,6,13.2716,3611.47
1191,7,0,6,13.2646,3575.06
1193,7,0,6,13.2581,3540.84
1197,7,0,6,13.2429,3466.4
2058,7,0,6,13.2372,3437.32
2038,7,0,7,13.4263,4343.87,0.0538333,234.805,0.02,8
1102,7,0,7,13.4165,4293.44
1100,7,0,7,13.4023,4224.04
1101,7,0,7,13.3913,4167.4
1658,7,0,8,13.6487,5466.18,0.0673333,293.688,0.46,9
1436,7,0,8,13.6443,5442.65
2101,7,0,8,13.6409,5425.09
2083,7,0,8,13.6247,5342.71
1430,7,0,8,13.6098,5266.96
1428,7,0,8,13.5956,5196.87
1426,7,0,8,13.5876,5156.89
2103,7,0,8,13.5821,5127.67
2177,7,0,8,13.582,5127.31
1841,7,0,8,13.5819,5125.96
2060,7,0,8,13.545,4923.73
1551,7,0,8,13.5443,4919.56
1550,7,0,8,13.5435,4915.78
1196,7,0,8,13.5368,4872.18
1194,7,0,8,13.5366,4870.66
1190,7,0,8,13.5256,4805.2
1186,7,0,8,13.5106,4729.94
1187,7,0,8,13.508,4714.06
1124,7,0,8,13.4914,4635.61
2038,7,0,8,13.4801,4578.68
2095,7,0,9,13.8545,6486.31,0,0,0
1524,7,0,9,13.835,6384.59
1624,7,0,9,13.8303,6360.45
2090,7,0,9,13.81,6253.35
1497,7,0,9,13.8069,6236.72
2102,7,0,9,13.805,6227.09
2089,7,0,9,13.8046,6225.43
2124,7,0,9,13.798,6193.31
1826,7,0,9,13.7823,6118.24
1450,7,0,9,13.7799,6102.76
1829,7,0,9,13.775,6073.08
1447,7,0,9,13.7691,6038.7
1446,7,0,9,13.7586,5982.73
1648,7,0,9,13.7463,5913.62
1444,7,0,9,13.7411,5887.7
1649,7,0,9,13.7388,5876.07
1658,7,0,9,13.716,5759.87
2090,7,1,0,15.597,192.482,0.0666667,290.78,0.04,1
1524,7,1,0,15.5883,96.317
2095,7,1,0,15.57,0
2095,7,1,1,15.7061,707.482,0,0,0
1524,7,1,1,15.6888,615.255
1624,7,1,1,15.6855,596.858
2090,7,1,1,15.6637,483.262
1624,8,0,0,12.6487,302.839,0.104,453.617,0.08,1
2090,8,0,0,12.6283,194.986
1524,8,0,0,12.6192,100.283
2095,8,0,0,12.6,0
2124,8,0,1,12.7776,935.718,0.0435,189.734,0.02,2
2089,8,0,1,12.7744,918.162
2102,8,0,1,12.774,916.131
1497,8,0,1,12.7728,909.591
1660,8,0,1,12.7701,894.938
2090,8,0,1,12.7656,871.663
1524,8,0,1,12.7565,776.96
1624,8,0,1,12.7527,756.456
1655,8,0,2,12.9837,2037.1,0.0521667,227.535,0.27,3
1425,8,0,2,12.9468,1845.31
1430,8,0,2,12.9274,1747.53
1428,8,0,2,12.9138,1680.14
1426,8,0,2,12.906,1640.7
2103,8,0,2,12.9,1609.46
1677,8,0,2,12.8953,1586.67
1836,8,0,2,12.8885,1554.45
1834,8,0,2,12.8715,1465.58
1830,8,0,2,12.8636,1389.36
1828,8,0,2,12.8547,1303.95
1449,8,0,2,12.844,1251.09
1825,8,0,2,12.8387,1224.06
2124,8,0,2,12.8211,1125.45
2077,8,0,3,13.0662,2418.25,0.0361667,157.748,0,4
2078,8,0,3,13.0575,2375.4
1823,8,0,3,13.0491,2332.17
2097,8,0,3,13.0401,2286.68
1655,8,0,3,13.0359,2264.64
2058,8,0,4,13.1317,2724,0.0933333,407.092,0.2,5
2062,8,0,4,13.1205,2669.19
2077,8,0,4,13.1024,2576
2038,8,0,5,13.2777,3398.13,0.0538333,234.805,0.02,6
1124,8,0,5,13.2649,3335.22
1144,8,0,5,13.2594,3305.24
1191,8,0,5,13.2524,3268.83
1193,8,0,5,13.2459,3234.6
1197,8,0,5,13.2308,3160.17
2058,8,0,5,13.225,3131.09
1101,8,0,6,13.3783,3857.53,0.0546667,238.44,0.12,7
1100,8,0,6,13.3648,3790.27
1102,8,0,6,13.3412,3682.95
2038,8,0,6,13.3315,3632.93
1658,8,0,7,13.6365,5159.95,0.0673333,293.688,0.46,8
1436,8,0,7,13.6322,5136.41
2101,8,0,7,13.6287,5118.85
2083,8,0,7,13.6126,5036.48
1430,8,0,7,13.5977,4960.73
1428,8,0,7,13.5834,4890.64
1426,8,0,7,13.5755,4850.65
2103,8,0,7,13.5699,4821.43
2177,8,0,7,13.5699,4821.07
1841,8,0,7,13.5697,4819.72
2060,8,0,7,13.5328,4617.5
1551,8,0,7,13.5321,4613.33
1550,8,0,7,13.5313,4609.55
1196,8,0,7,13.5247,4565.95
1194,8,0,7,13.5245,4564.43
1190,8,0,7,13.5134,4498.97
1186,8,0,7,13.4984,4423.7
1187,8,0,7,13.4959,4407.82
1124,8,0,7,13.4793,4329.38
2038,8,0,7,13.468,4272.44
1102,8,0,7,13.4582,4222.01
1100,8,0,7,13.444,4152.61
1101,8,0,7,13.433,4095.97
1445,8,0,8,13.7437,5659.6,0.105333,459.432,0.01,9
1444,8,0,8,13.729,5581.47
1649,8,0,8,13.7266,5569.84
1658,8,0,8,13.7039,5453.63
2095,8,0,9,13.9589,6696.76,0,0,0
1524,8,0,9,13.9394,6595.04
1624,8,0,9,13.9347,6570.9
2090,8,0,9,13.9145,6463.8
1497,8,0,9,13.9113,6447.17
2102,8,0,9,13.9094,6437.54
2089,8,0,9,13.909,6435.88
1644,8,0,9,13.8903,6332.5
2088,8,0,9,13.8841,6301.21
2087,8,0,9,13.8713,6235.47
1445,8,0,9,13.849,6119.03
2090,8,1,0,15.877,192.482,0.0666667,290.78,0.04,1
1524,8,1,0,15.8683,96.317
2095,8,1,0,15.85,0
2095,8,1,1,15.9861,707.482,0,0,0
1524,8,1,1,15.9688,615.255
1624,8,1,1,15.9655,596.858
2090,8,1,1,15.9437,483.262
1624,9,0,0,12.5387,302.839,0.104,453.617,0.08,1
2090,9,0,0,12.5183,194.986
1524,9,0,0,12.5092,100.283
2095,9,0,0,12.49,0
2124,9,0,1,12.6676,935.718,0.0435,189.734,0.02,2
2089,9,0,1,12.6644,918.162
2102,9,0,1,12.664,916.131
1497,9,0,1,12.6628,909.591
1660,9,0,1,12.6601,894.938
2090,9,0,1,12.6556,871.663
1524,9,0,1,12.6465,776.96
1624,9,0,1,12.6427,756.456
1445,9,0,2,12.7805,1485.28,0.0491667,214.45,0.02,3
2087,9,0,2,12.7553,1356.35
2088,9,0,2,12.7429,1292.27
1644,9,0,2,12.7379,1266.13
2089,9,0,2,12.7201,1166.67
2124,9,0,2,12.7111,1125.45
1655,9,0,3,12.9559,2343.34,0.0521667,227.535,0.27,4
2121,9,0,3,12.9537,2332.16
1424,9,0,3,12.928,2200.6
2083,9,0,3,12.8966,2041.66
2101,9,0,3,12.8831,1970.48
1658,9,0,3,12.8715,1913.9
1649,9,0,3,12.8475,1792.63
1444,9,0,3,12.8459,1783.96
1445,9,0,3,12.8297,1699.73
2077,9,0,4,13.0384,2724.49,0.0361667,157.748,0,5
2078,9,0,4,13.0296,2681.64
1823,9,0,4,13.0213,2638.4
2097,9,0,4,13.0122,2592.91
1655,9,0,4,13.008,2570.87
2058,9,0,5,13.1038,3030.23,0.0933333,407.092,0.2,6
2062,9,0,5,13.0927,2975.42
2077,9,0,5,13.0745,2882.23
1101,9,0,6,13.2967,3928.96,0.0546667,238.44,0.12,7
1100,9,0,6,13.2831,3861.7
1102,9,0,6,13.2595,3754.38
2038,9,0,6,13.2498,3704.36
1124,9,0,6,13.2371,3641.45
1144,9,0,6,13.2316,3611.47
1191,9,0,6,13.2246,3575.06
1193,9,0,6,13.2181,3540.84
1197,9,0,6,13.2029,3466.4
2058,9,0,6,13.1972,3437.32
2038,9,0,7,13.3863,4343.87,0.0538333,234.805,0.02,8
1102,9,0,7,13.3765,4293.44
1100,9,0,7,13.3623,4224.04
1101,9,0,7,13.3513,4167.4
2095,9,0,8,13.6611,5789.63,0,0,0
1524,9,0,8,13.6416,5687.9
1624,9,0,8,13.6369,5663.76
2090,9,0,8,13.6167,5556.66
1497,9,0,8,13.6135,5540.04
2102,9,0,8,13.6116,5530.4
2089,9,0,8,13.6113,5528.74
2124,9,0,8,13.6046,5496.62
1826,9,0,8,13.5889,5421.56
1450,9,0,8,13.5865,5406.07
1829,9,0,8,13.5816,5376.39
1447,9,0,8,13.5757,5342.01
1832,9,0,8,13.5663,5287.6
1833,9,0,8,13.5577,5214.62
1835,9,0,8,13.5474,5156.56
2103,9,0,8,13.5421,5127.67
2177,9,0,8,13.542,5127.31
1841,9,0,8,13.5419,5125.96
2060,9,0,8,13.505,4923.73
1551,9,0,8,13.5043,4919.56
1550,9,0,8,13.5035,4915.78
1196,9,0,8,13.4968,4872.18
1194,9,0,8,13.4966,4870.66
1190,9,0,8,13.4856,4805.2
1186,9,0,8,13.4706,4729.94
1187,9,0,8,13.468,4714.06
1124,9,0,8,13.4514,4635.61
2038,9,0,8,13.4401,4578.68
1658,9,1,0,15.4874,769.195,0.09,392.553,0.43,1
1649,9,1,0,15.465,654.917
1444,9,1,0,15.4634,646.168
1445,9,1,0,15.4474,562.525
2087,9,1,0,15.4271,454.669
2088,9,1,0,15.4151,392.355
1644,9,1,0,15.4094,363.239
2089,9,1,0,15.3858,238.97
2102,9,1,0,15.3854,236.939
1497,9,1,0,15.3841,229.904
1660,9,1,0,15.3815,215.757
2090,9,1,0,15.377,192.482
1524,9,1,0,15.3683,96.317
2095,9,1,0,15.35,0
2090,9,1,1,15.686,1716.21,0.0666667,290.78,0.04,2
1497,9,1,1,15.6825,1698.43
2102,9,1,1,15.6806,1688.8
2089,9,1,1,15.6804,1687.51
2124,9,1,1,15.6699,1640.11
1826,9,1,1,15.6617,1596.39
1450,9,1,1,15.6593,1580.84
1829,9,1,1,15.654,1550.7
1447,9,1,1,15.6485,1516.75
1446,9,1,1,15.6352,1448.98
1648,9,1,1,15.6135,1339.68
1444,9,1,1,15.6089,1316.39
1649,9,1,1,15.6066,1304.76
1658,9,1,1,15.5774,1161.75
2095,9,1,2,15.795,2231.21,0,0,0
1524,9,1,2,15.7777,2138.98
1624,9,1,2,15.7744,2120.58
2090,9,1,2,15.7526,2006.99
1624,10,0,0,12.7487,302.839,0.104,453.617,0.08,1
2090,10,0,0,12.7283,194.986
1524,10,0,0,12.7192,100.283
2095,10,0,0,12.7,0
2124,10,0,1,12.8776,935.718,0.0435,189.734,0.02,2
2089,10,0,1,12.8744,918.162
2102,10,0,1,12.874,916.131
1497,10,0,1,12.8728,909.591
1660,10,0,1,12.8701,894.938
2090,10,0,1,12.8656,871.663
1524,10,0,1,12.8565,776.96
1624,10,0,1,12.8527,756.456
1445,10,0,2,12.9905,1485.28,0.0491667,214.45,0.02,3
2087,10,0,2,12.9653,1356.35
2088,10,0,2,12.9529,1292.27
1644,10,0,2,12.9479,1266.13
2089,10,0,2,12.9301,1166.67
2124,10,0,2,12.9211,1125.45
2077,10,0,3,13.1976,2502.84,0.0361667,157.748,0,4
2078,10,0,3,13.1889,2460
1823,10,0,3,13.1805,2416.76
2097,10,0,3,13.1715,2371.27
1655,10,0,3,13.1673,2349.23
2121,10,0,3,13.1653,2338.64
1424,10,0,3,13.14,2209.34
2083,10,0,3,13.1086,2050.09
2101,10,0,3,13.0923,1967.16
1658,10,0,3,13.0796,1906.05
1649,10,0,3,13.0584,1796.47
1444,10,0,3,13.0567,1787.31
1445,10,0,3,13.0397,1699.73
2058,10,0,4,13.2631,2808.59,0.0933333,407.092,0.2,5
2062,10,0,4,13.2519,2753.78
2077,10,0,4,13.2338,2660.59
1101,10,0,5,13.4559,3707.32,0.0546667,238.44,0.12,6
1100,10,0,5,13.4424,3640.06
1102,10,0,5,13.4188,3532.74
2038,10,0,5,13.4091,3482.72
1124,10,0,5,13.3963,3419.81
1144,10,0,5,13.3908,3389.83
1191,10,0,5,13.3839,3353.42
1193,10,0,5,13.3773,3319.2
1197,10,0,5,13.3622,3244.76
2058,10,0,5,13.3564,3215.68
2038,10,0,6,13.5456,4122.23,0.0538333,234.805,0.02,7
1102,10,0,6,13.5357,4071.8
1100,10,0,6,13.5216,4002.4
1101,10,0,6,13.5106,3945.76
2095,10,0,7,13.8203,5567.99,0,0,0
1524,10,0,7,13.8008,5466.26
1624,10,0,7,13.7962,5442.12
2090,10,0,7,13.7759,5335.02
1497,10,0,7,13.7727,5318.39
2102,10,0,7,13.7708,5308.76
2089,10,0,7,13.7705,5307.1
2124,10,0,7,13.7638,5274.98
1826,10,0,7,13.7481,5199.92
1450,10,0,7,13.7458,5184.43
1829,10,0,7,13.7408,5154.75
1447,10,0,7,13.735,5120.37
1832,10,0,7,13.7255,5065.96
1833,10,0,7,13.7169,4992.97
1835,10,0,7,13.7066,4934.92
2103,10,0,7,13.7013,4906.02
2177,10,0,7,13.7013,4905.66
1841,10,0,7,13.7011,4904.32
2060,10,0,7,13.6642,4702.09
1551,10,0,7,13.6635,4697.92
1550,10,0,7,13.6628,4694.14
1196,10,0,7,13.6561,4650.54
1194,10,0,7,13.6559,4649.02
1190,10,0,7,13.6448,4583.56
1186,10,0,7,13.6299,4508.3
1187,10,0,7,13.6273,4492.41
1124,10,0,7,13.6107,4413.97
2038,10,0,7,13.5994,4357.04
2090,10,1,0,15.177,192.482,0.0666667,290.78,0.04,1
1524,10,1,0,15.1683,96.317
2095,10,1,0,15.15,0
1658,10,1,1,15.354,1059.97,0.09,392.553,0.43,2
1649,10,1,1,15.3317,945.697
1444,10,1,1,15.3301,936.948
1445,10,1,1,15.314,853.305
2087,10,1,1,15.2938,745.449
2088,10,1,1,15.2818,683.135
1644,10,1,1,15.2761,654.019
2089,10,1,1,15.2525,529.75
2102,10,1,1,15.2521,527.719
1497,10,1,1,15.2508,520.684
1660,10,1,1,15.2482,506.537
2090,10,1,1,15.2437,483.262
1655,10,1,2,15.5319,1896.56,0.0378333,165.018,0.26,3
2121,10,1,2,15.529,1882.36
1424,10,1,2,15.504,1754
2083,10,1,2,15.473,1596.87
2101,10,1,2,15.4544,1504.24
1658,10,1,2,15.444,1452.53
2095,10,1,3,15.7234,2906.1,0,0,0
1524,10,1,3,15.7061,2813.87
1624,10,1,3,15.7028,2795.47
2090,10,1,3,15.681,2681.88
1497,10,1,3,15.6776,2664.1
2102,10,1,3,15.6756,2654.47
2089,10,1,3,15.6754,2653.18
2124,10,1,3,15.6649,2605.78
1826,10,1,3,15.6567,2562.06
1450,10,1,3,15.6543,2546.51
1829,10,1,3,15.6491,2516.37
1832,10,1,3,15.6345,2429.02
1833,10,1,3,15.6256,2356.32
1835,10,1,3,15.6146,2295.17
2103,10,1,3,15.6087,2263.72
2177,10,1,3,15.6087,2263.36
1841,10,1,3,15.6085,2262.01
1554,10,1,3,15.6019,2227.11
1416,10,1,3,15.6003,2219.28
1415,10,1,3,15.586,2146.36
2097,10,1,3,15.5743,2085.14
1655,10,1,3,15.5697,2061.58
1624,11,0,0,12.7787,302.839,0.104,453.617,0.08,1
2090,11,0,0,12.7583,194.986
1524,11,0,0,12.7492,100.283
2095,11,0,0,12.73,0
2124,11,0,1,12.9076,935.718,0.0435,189.734,0.02,2
2089,11,0,1,12.9044,918.162
2102,11,0,1,12.904,916.131
1497,11,0,1,12.9028,909.591
1660,11,0,1,12.9001,894.938
2090,11,0,1,12.8956,871.663
1524,11,0,1,12.8865,776.96
1624,11,0,1,12.8827,756.456
1445,11,0,2,13.0205,1485.28,0.105333,459.432,0.01,3
2087,11,0,2,12.9953,1356.35
2088,11,0,2,12.9829,1292.27
1644,11,0,2,12.9779,1266.13
2089,11,0,2,12.9601,1166.67
2124,11,0,2,12.9511,1125.45
2077,11,0,3,13.2838,2747.83,0.0361667,157.748,0,4
2078,11,0,3,13.2751,2704.98
1823,11,0,3,13.2667,2661.74
2097,11,0,3,13.2577,2616.25
1655,11,0,3,13.2535,2594.21
2121,11,0,3,13.2514,2583.62
1424,11,0,3,13.2262,2454.32
2083,11,0,3,13.1947,2295.07
2101,11,0,3,13.1785,2212.14
1658,11,0,3,13.1658,2151.03
1649,11,0,3,13.1446,2041.45
1444,11,0,3,13.1428,2032.29
1445,11,0,3,13.1259,1944.71
2058,11,0,4,13.3492,3053.57,0.0933333,407.092,0.2,5
2062,11,0,4,13.3381,2998.77
2077,11,0,4,13.3199,2905.57
1101,11,0,5,13.5421,3952.3,0.0546667,238.44,0.12,6
1100,11,0,5,13.5285,3885.04
1102,11,0,5,13.5049,3777.72
2038,11,0,5,13.4952,3727.7
1124,11,0,5,13.4825,3664.79
1144,11,0,5,13.477,3634.81
1191,11,0,5,13.47,3598.4
1193,11,0,5,13.4635,3564.18
1197,11,0,5,13.4484,3489.74
2058,11,0,5,13.4426,3460.66
2038,11,0,6,13.6317,4367.21,0.0538333,234.805,0.02,7
1102,11,0,6,13.6219,4316.78
1100,11,0,6,13.6077,4247.38
1101,11,0,6,13.5967,4190.74
2095,11,0,7,13.9065,5812.97,0,0,0
1524,11,0,7,13.887,5711.24
1624,11,0,7,13.8823,5687.1
2090,11,0,7,13.8621,5580
1497,11,0,7,13.8589,5563.38
2102,11,0,7,13.857,5553.74
2089,11,0,7,13.8567,5552.08
2124,11,0,7,13.85,5519.96
1826,11,0,7,13.8343,5444.9
1450,11,0,7,13.8319,5429.42
1829,11,0,7,13.827,5399.73
1447,11,0,7,13.8211,5365.35
1832,11,0,7,13.8117,5310.94
1833,11,0,7,13.8031,5237.96
1835,11,0,7,13.7928,5179.9
2103,11,0,7,13.7875,5151.01
2177,11,0,7,13.7874,5150.65
1841,11,0,7,13.7873,5149.3
2060,11,0,7,13.7504,4947.07
1551,11,0,7,13.7497,4942.9
1550,11,0,7,13.7489,4939.12
1196,11,0,7,13.7423,4895.52
1194,11,0,7,13.742,4894
1190,11,0,7,13.731,4828.54
1186,11,0,7,13.716,4753.28
1187,11,0,7,13.7134,4737.4
1124,11,0,7,13.6968,4658.95
2038,11,0,7,13.6856,4602.02
2090,11,1,0,15.067,192.482,0.0666667,290.78,0.04,1
1524,11,1,0,15.0583,96.317
2095,11,1,0,15.04,0
1658,11,1,1,15.244,1059.97,0.09,392.553,0.43,2
1649,11,1,1,15.2217,945.697
1444,11,1,1,15.2201,936.948
1445,11,1,1,15.204,853.305
2087,11,1,1,15.1838,745.449
2088,11,1,1,15.1718,683.135
1644,11,1,1,15.1661,654.019
2089,11,1,1,15.1425,529.75
2102,11,1,1,15.1421,527.719
1497,11,1,1,15.1408,520.684
1660,11,1,1,15.1382,506.537
2090,11,1,1,15.1337,483.262
1655,11,1,2,15.4219,1896.56,0.0378333,165.018,0.26,3
2121,11,1,2,15.419,1882.36
1424,11,1,2,15.394,1754
2083,11,1,2,15.363,1596.87
2101,11,1,2,15.3444,1504.24
1658,11,1,2,15.334,1452.53
2095,11,1,3,15.6134,2906.1,0,0,0
1524,11,1,3,15.5961,2813.87
1624,11,1,3,15.5928,2795.47
2090,11,1,3,15.571,2681.88
1497,11,1,3,15.5676,2664.1
2102,11,1,3,15.5656,2654.47
2089,11,1,3,15.5654,2653.18
2124,11,1,3,15.5549,2605.78
1826,11,1,3,15.5467,2562.06
1450,11,1,3,15.5443,2546.51
1829,11,1,3,15.5391,2516.37
1832,11,1,3,15.5245,2429.02
1833,11,1,3,15.5156,2356.32
1835,11,1,3,15.5046,2295.17
2103,11,1,3,15.4987,2263.72
2177,11,1,3,15.4987,2263.36
1841,11,1,3,15.4985,2262.01
1554,11,1,3,15.4919,2227.11
1416,11,1,3,15.4903,2219.28
1415,11,1,3,15.476,2146.36
2097,11,1,3,15.4643,2085.14
1655,11,1,3,15.4597,2061.58
1624,12,0,0,12.7787,302.839,0.104,453.617,0.08,1
2090,12,0,0,12.7583,194.986
1524,12,0,0,12.7492,100.283
2095,12,0,0,12.73,0
2124,12,0,1,12.9076,935.718,0.0435,189.734,0.02,2
2089,12,0,1,12.9044,918.162
2102,12,0,1,12.904,916.131
1497,12,0,1,12.9028,909.591
1660,12,0,1,12.9001,894.938
2090,12,0,1,12.8956,871.663
1524,12,0,1,12.8865,776.96
1624,12,0,1,12.8827,756.456
1445,12,0,2,13.0205,1485.28,0.105333,459.432,0.01,3
2087,12,0,2,12.9953,1356.35
2088,12,0,2,12.9829,1292.27
1644,12,0,2,12.9779,1266.13
2089,12,0,2,12.9601,1166.67
2124,12,0,2,12.9511,1125.45
2077,12,0,3,13.2838,2747.83,0.0361667,157.748,0,4
2078,12,0,3,13.2751,2704.98
1823,12,0,3,13.2667,2661.74
2097,12,0,3,13.2577,2616.25
1655,12,0,3,13.2535,2594.21
2121,12,0,3,13.2514,2583.62
1424,12,0,3,13.2262,2454.32
2083,12,0,3,13.1947,2295.07
2101,12,0,3,13.1785,2212.14
1658,12,0,3,13.1658,2151.03
1649,12,0,3,13.1446,2041.45
1444,12,0,3,13.1428,2032.29
1445,12,0,3,13.1259,1944.71
2058,12,0,4,13.3492,3053.57,0.0933333,407.092,0.2,5
2062,12,0,4,13.3381,2998.77
2077,12,0,4,13.3199,2905.57
2038,12,0,5,13.4952,3727.7,0.0538333,234.805,0.02,6
1124,12,0,5,13.4825,3664.79
1144,12,0,5,13.477,3634.81
1191,12,0,5,13.47,3598.4
1193,12,0,5,13.4635,3564.18
1197,12,0,5,13.4484,3489.74
2058,12,0,5,13.4426,3460.66
2095,12,0,6,13.77,5173.46,0,0,0
1524,12,0,6,13.7505,5071.73
1624,12,0,6,13.7458,5047.59
2090,12,0,6,13.7256,4940.49
1497,12,0,6,13.7224,4923.86
2102,12,0,6,13.7205,4914.23
2089,12,0,6,13.7202,4912.57
2124,12,0,6,13.7135,4880.45
1826,12,0,6,13.6978,4805.39
1450,12,0,6,13.6954,4789.9
1829,12,0,6,13.6905,4760.22
1447,12,0,6,13.6846,4725.84
1832,12,0,6,13.6752,4671.43
1833,12,0,6,13.6666,4598.44
1835,12,0,6,13.6563,4540.39
2103,12,0,6,13.651,4511.49
2177,12,0,6,13.6509,4511.13
1841,12,0,6,13.6508,4509.79
2060,12,0,6,13.6139,4307.56
1551,12,0,6,13.6132,4303.39
1550,12,0,6,13.6124,4299.61
1196,12,0,6,13.6058,4256.01
1194,12,0,6,13.6055,4254.49
1190,12,0,6,13.5945,4189.03
1186,12,0,6,13.5795,4113.77
1187,12,0,6,13.5769,4097.88
1124,12,0,6,13.5603,4019.44
2038,12,0,6,13.5491,3962.51
2090,12,1,0,15.067,192.482,0.0666667,290.78,0.04,1
1524,12,1,0,15.0583,96.317
2095,12,1,0,15.04,0
1658,12,1,1,15.244,1059.97,0.09,392.553,0.43,2
1649,12,1,1,15.2217,945.697
1444,12,1,1,15.2201,936.948
1445,12,1,1,15.204,853.305
2087,12,1,1,15.1838,745.449
2088,12,1,1,15.1718,683.135
1644,12,1,1,15.1661,654.019
2089,12,1,1,15.1425,529.75
2102,12,1,1,15.1421,527.719
1497,12,1,1,15.1408,520.684
1660,12,1,1,15.1382,506.537
2090,12,1,1,15.1337,483.262
1655,12,1,2,15.4219,1896.56,0.0378333,165.018,0.26,3
2121,12,1,2,15.419,1882.36
1424,12,1,2,15.394,1754
2083,12,1,2,15.363,1596.87
2101,12,1,2,15.3444,1504.24
1658,12,1,2,15.334,1452.53
1101,12,1,3,15.6145,2838.19,0.0476667,207.908,0.11,4
1100,12,1,3,15.6022,2775.98
1102,12,1,3,15.5858,2697.38
2038,12,1,3,15.578,2655.44
1124,12,1,3,15.5673,2601
1144,12,1,3,15.5594,2560.65
1191,12,1,3,15.5491,2510.63
1193,12,1,3,15.5407,2468.41
1197,12,1,3,15.5245,2389.75
2058,12,1,3,15.5187,2360.68
2062,12,1,3,15.5089,2311.21
2077,12,1,3,15.4919,2222.93
2078,12,1,3,15.4837,2182.47
1823,12,1,3,15.4743,2135.04
2097,12,1,3,15.4643,2085.14
1655,12,1,3,15.4597,2061.58
2095,12,1,4,15.8944,4334.36,0,0,0
1524,12,1,4,15.8771,4242.14
1624,12,1,4,15.8738,4223.74
2090,12,1,4,15.852,4110.14
1497,12,1,4,15.8485,4092.37
2102,12,1,4,15.8466,4082.73
2089,12,1,4,15.8464,4081.45
2124,12,1,4,15.8359,4034.05
1826,12,1,4,15.8277,3990.32
1450,12,1,4,15.8253,3974.78
1829,12,1,4,15.8201,3944.63
1832,12,1,4,15.8055,3857.28
1833,12,1,4,15.7966,3784.59
1835,12,1,4,15.7856,3723.44
2103,12,1,4,15.7797,3691.98
2177,12,1,4,15.7796,3691.62
1841,12,1,4,15.7795,3690.27
2060,12,1,4,15.7463,3503.9
1551,12,1,4,15.7456,3499.73
1550,12,1,4,15.7448,3495.94
1196,12,1,4,15.7385,3452.65
1194,12,1,4,15.7382,3451.1
1190,12,1,4,15.7278,3386.63
1186,12,1,4,15.7156,3322.61
1187,12,1,4,15.712,3303.34
1124,12,1,4,15.6985,3237.53
2038,12,1,4,15.6901,3192.59
1102,12,1,4,15.6807,3144.23
1100,12,1,4,15.6711,3093.59
1101,12,1,4,15.6622,3046.09
