Node, Individual, Route,Segment, Travel time, Travel cost, Attention time, Attention cost, Failure rate, Demand
2090,0,0,0,12.3683,194.986,0.0353333,154.113,0.07,1
1524,0,0,0,12.3592,100.283
2095,0,0,0,12.34,0
2124,0,0,1,12.4157,413.155,0.0435,189.734,0.02,2
2089,0,0,1,12.4125,395.598
2102,0,0,1,12.4121,393.567
1497,0,0,1,12.4109,387.027
1660,0,0,1,12.4081,372.374
2090,0,0,1,12.4036,349.1
1445,0,0,2,12.5286,962.714,0.0491667,214.45,0.02,3
2087,0,0,2,12.5033,833.788
2088,0,0,2,12.4909,769.709
1644,0,0,2,12.4859,743.566
2089,0,0,2,12.4681,644.103
2124,0,0,2,12.4592,602.888
1658,0,0,3,12.6195,1391.33,0.0986667,430.354,0.47,4
1649,0,0,3,12.5955,1270.06
1444,0,0,3,12.5939,1261.4
1445,0,0,3,12.5777,1177.16
1655,0,0,4,12.8026,2251.13,0.0521667,227.535,0.27,5
2121,0,0,4,12.8004,2239.95
1424,0,0,4,12.7747,2108.39
2083,0,0,4,12.7432,1949.45
2101,0,0,4,12.7297,1878.27
1658,0,0,4,12.7182,1821.69
2077,0,0,5,12.8913,2658.28,0.0555,242.074,0.02,6
2078,0,0,5,12.8824,2614.62
1823,0,0,5,12.8731,2567.33
2097,0,0,5,12.8601,2505.72
1655,0,0,5,12.8547,2478.66
2058,0,0,6,12.9775,3054.19,0.0493333,215.177,0.21,7
2062,0,0,6,12.9651,2994.03
2077,0,0,6,12.9468,2900.35
1101,0,0,7,13.1264,3761,0.0546667,238.44,0.12,8
1100,0,0,7,13.1128,3693.74
1102,0,0,7,13.0892,3586.42
2038,0,0,7,13.0795,3536.4
1124,0,0,7,13.0668,3473.49
1144,0,0,7,13.0613,3443.51
1191,0,0,7,13.0543,3407.1
1193,0,0,7,13.0478,3372.88
1197,0,0,7,13.0327,3298.44
2058,0,0,7,13.0269,3269.36
2038,0,0,8,13.216,4175.91,0.0538333,234.805,0.02,9
1102,0,0,8,13.2062,4125.48
1100,0,0,8,13.192,4056.08
1101,0,0,8,13.181,3999.44
1624,0,0,9,13.4666,5495.8,0.0715,311.861,0.1,10
2090,0,0,9,13.4464,5388.7
1497,0,0,9,13.4432,5372.08
2102,0,0,9,13.4413,5362.44
2089,0,0,9,13.441,5360.78
2124,0,0,9,13.4343,5328.66
1826,0,0,9,13.4186,5253.6
1450,0,0,9,13.4162,5238.11
1829,0,0,9,13.4113,5208.43
1447,0,0,9,13.4054,5174.05
1832,0,0,9,13.396,5119.64
1833,0,0,9,13.3874,5046.66
1835,0,0,9,13.3771,4988.6
2103,0,0,9,13.3718,4959.71
2177,0,0,9,13.3717,4959.35
1841,0,0,9,13.3716,4958
2060,0,0,9,13.3347,4755.77
1551,0,0,9,13.334,4751.6
1550,0,0,9,13.3332,4747.82
1196,0,0,9,13.3266,4704.22
1194,0,0,9,13.3263,4702.7
1190,0,0,9,13.3153,4637.24
1186,0,0,9,13.3003,4561.98
1187,0,0,9,13.2977,4546.1
1124,0,0,9,13.2811,4467.65
2038,0,0,9,13.2699,4410.72
2095,0,0,10,13.5623,5933.53,0,0,0
1524,0,0,10,13.5428,5831.8
1624,0,0,10,13.5381,5807.66
2090,1,0,0,12.1483,194.986,0.0353333,154.113,0.07,1
1524,1,0,0,12.1392,100.283
2095,1,0,0,12.12,0
2124,1,0,1,12.1957,413.155,0.0435,189.734,0.02,2
2089,1,0,1,12.1925,395.598
2102,1,0,1,12.1921,393.567
1497,1,0,1,12.1909,387.027
1660,1,0,1,12.1881,372.374
2090,1,0,1,12.1836,349.1
1445,1,0,2,12.3086,962.714,0.0491667,214.45,0.02,3
2087,1,0,2,12.2833,833.788
2088,1,0,2,12.2709,769.709
1644,1,0,2,12.2659,743.566
2089,1,0,2,12.2481,644.103
2124,1,0,2,12.2392,602.888
1658,1,0,3,12.3995,1391.33,0.0986667,430.354,0.47,4
1649,1,0,3,12.3755,1270.06
1444,1,0,3,12.3739,1261.4
1445,1,0,3,12.3577,1177.16
1655,1,0,4,12.5826,2251.13,0.0521667,227.535,0.27,5
2121,1,0,4,12.5804,2239.95
1424,1,0,4,12.5547,2108.39
2083,1,0,4,12.5232,1949.45
2101,1,0,4,12.5097,1878.27
1658,1,0,4,12.4982,1821.69
2077,1,0,5,12.6713,2658.28,0.0555,242.074,0.02,6
2078,1,0,5,12.6624,2614.62
1823,1,0,5,12.6531,2567.33
2097,1,0,5,12.6401,2505.72
1655,1,0,5,12.6347,2478.66
2058,1,0,6,12.7575,3054.19,0.0493333,215.177,0.21,7
2062,1,0,6,12.7451,2994.03
2077,1,0,6,12.7268,2900.35
1101,1,0,7,12.909,3772.65,0.0638333,278.422,0.11,8
1100,1,0,7,12.894,3699.44
1102,1,0,7,12.8764,3615.98
2038,1,0,7,12.8664,3564.9
1124,1,0,7,12.8542,3503.96
1144,1,0,7,12.8457,3461.43
1191,1,0,7,12.8401,3430.8
1193,1,0,7,12.8324,3391.54
1197,1,0,7,12.8127,3298.44
2058,1,0,7,12.8069,3269.36
2038,1,0,8,13.0075,4226.15,0.0538333,234.805,0.02,9
1102,1,0,8,12.997,4172.79
1100,1,0,8,12.9841,4108.9
1101,1,0,8,12.9728,4051.07
1624,1,0,9,13.2581,5546.04,0.0715,311.861,0.1,10
2090,1,0,9,13.2378,5438.94
1497,1,0,9,13.2347,5422.31
2102,1,0,9,13.2327,5412.68
2089,1,0,9,13.2324,5411.02
2124,1,0,9,13.2257,5378.9
1826,1,0,9,13.21,5303.84
1450,1,0,9,13.2077,5288.35
1829,1,0,9,13.2027,5258.67
1447,1,0,9,13.1969,5224.29
1832,1,0,9,13.1874,5169.88
1833,1,0,9,13.1788,5096.89
1835,1,0,9,13.1685,5038.84
2103,1,0,9,13.1633,5009.94
2177,1,0,9,13.1632,5009.58
1841,1,0,9,13.163,5008.24
2060,1,0,9,13.1262,4806.01
1551,1,0,9,13.1254,4801.84
1550,1,0,9,13.1247,4798.06
1196,1,0,9,13.118,4754.46
1194,1,0,9,13.1178,4752.94
1190,1,0,9,13.1067,4687.48
1186,1,0,9,13.0918,4612.22
1187,1,0,9,13.0892,4596.33
1124,1,0,9,13.0726,4517.89
2038,1,0,9,13.0613,4460.96
2095,1,0,10,13.3538,5983.77,0,0,0
1524,1,0,10,13.3342,5882.04
1624,1,0,10,13.3296,5857.9
2090,2,0,0,12.5383,194.986,0.0353333,154.113,0.07,1
1524,2,0,0,12.5292,100.283
2095,2,0,0,12.51,0
2124,2,0,1,12.5857,413.155,0.0435,189.734,0.02,2
2089,2,0,1,12.5825,395.598
2102,2,0,1,12.5821,393.567
1497,2,0,1,12.5809,387.027
1660,2,0,1,12.5781,372.374
2090,2,0,1,12.5736,349.1
1445,2,0,2,12.6986,962.714,0.0491667,214.45,0.02,3
2087,2,0,2,12.6733,833.788
2088,2,0,2,12.6609,769.709
1644,2,0,2,12.6559,743.566
2089,2,0,2,12.6381,644.103
2124,2,0,2,12.6292,602.888
1658,2,0,3,12.7895,1391.33,0.0986667,430.354,0.47,4
1649,2,0,3,12.7655,1270.06
1444,2,0,3,12.7639,1261.4
1445,2,0,3,12.7477,1177.16
1655,2,0,4,12.9726,2251.13,0.0521667,227.535,0.27,5
2121,2,0,4,12.9704,2239.95
1424,2,0,4,12.9447,2108.39
2083,2,0,4,12.9132,1949.45
2101,2,0,4,12.8997,1878.27
1658,2,0,4,12.8882,1821.69
2077,2,0,5,13.0551,2632.28,0.0361667,157.748,0,6
2078,2,0,5,13.0463,2589.43
1823,2,0,5,13.0379,2546.19
2097,2,0,5,13.0289,2500.7
1655,2,0,5,13.0247,2478.66
2058,2,0,6,13.1205,2938.02,0.0933333,407.092,0.2,7
2062,2,0,6,13.1094,2883.22
2077,2,0,6,13.0912,2790.02
1101,2,0,7,13.3134,3836.75,0.0546667,238.44,0.12,8
1100,2,0,7,13.2998,3769.49
1102,2,0,7,13.2762,3662.17
2038,2,0,7,13.2665,3612.15
1124,2,0,7,13.2538,3549.24
1144,2,0,7,13.2483,3519.26
1191,2,0,7,13.2413,3482.85
1193,2,0,7,13.2348,3448.63
1197,2,0,7,13.2196,3374.19
2058,2,0,7,13.2138,3345.11
2038,2,0,8,13.403,4251.66,0.0538333,234.805,0.02,9
1102,2,0,8,13.3932,4201.23
1100,2,0,8,13.379,4131.83
1101,2,0,8,13.368,4075.19
1624,2,0,9,13.6536,5571.55,0.0715,311.861,0.1,10
2090,2,0,9,13.6333,5464.45
1497,2,0,9,13.6302,5447.83
2102,2,0,9,13.6283,5438.19
2089,2,0,9,13.6279,5436.53
2124,2,0,9,13.6213,5404.41
1826,2,0,9,13.6056,5329.35
1450,2,0,9,13.6032,5313.87
1829,2,0,9,13.5982,5284.18
1447,2,0,9,13.5924,5249.8
1832,2,0,9,13.583,5195.39
1833,2,0,9,13.5744,5122.41
1835,2,0,9,13.564,5064.35
2103,2,0,9,13.5588,5035.46
2177,2,0,9,13.5587,5035.1
1841,2,0,9,13.5586,5033.75
2060,2,0,9,13.5217,4831.52
1551,2,0,9,13.521,4827.35
1550,2,0,9,13.5202,4823.57
1196,2,0,9,13.5135,4779.97
1194,2,0,9,13.5133,4778.45
1190,2,0,9,13.5023,4712.99
1186,2,0,9,13.4873,4637.73
1187,2,0,9,13.4847,4621.85
1124,2,0,9,13.4681,4543.4
2038,2,0,9,13.4568,4486.47
2095,2,0,10,13.7493,6009.28,0,0,0
1524,2,0,10,13.7297,5907.55
1624,2,0,10,13.7251,5883.41
2090,3,0,0,12.6383,194.986,0.0353333,154.113,0.07,1
1524,3,0,0,12.6292,100.283
2095,3,0,0,12.61,0
2124,3,0,1,12.6857,413.155,0.0435,189.734,0.02,2
2089,3,0,1,12.6825,395.598
2102,3,0,1,12.6821,393.567
1497,3,0,1,12.6809,387.027
1660,3,0,1,12.6781,372.374
2090,3,0,1,12.6736,349.1
1445,3,0,2,12.7986,962.714,0.0491667,214.45,0.02,3
2087,3,0,2,12.7733,833.788
2088,3,0,2,12.7609,769.709
1644,3,0,2,12.7559,743.566
2089,3,0,2,12.7381,644.103
2124,3,0,2,12.7292,602.888
1655,3,0,3,12.9739,1820.77,0.0521667,227.535,0.27,4
2121,3,0,3,12.9717,1809.6
1424,3,0,3,12.946,1678.04
2083,3,0,3,12.9146,1519.1
2101,3,0,3,12.9011,1447.92
1658,3,0,3,12.8895,1391.33
1649,3,0,3,12.8655,1270.06
1444,3,0,3,12.8639,1261.4
1445,3,0,3,12.8477,1177.16
2077,3,0,4,13.0564,2201.92,0.0361667,157.748,0,5
2078,3,0,4,13.0477,2159.07
1823,3,0,4,13.0393,2115.84
2097,3,0,4,13.0303,2070.35
1655,3,0,4,13.0261,2048.31
2058,3,0,5,13.1218,2507.67,0.0933333,407.092,0.2,6
2062,3,0,5,13.1107,2452.86
2077,3,0,5,13.0926,2359.67
2038,3,0,6,13.2678,3181.8,0.0538333,234.805,0.02,7
1124,3,0,6,13.2551,3118.89
1144,3,0,6,13.2496,3088.91
1191,3,0,6,13.2426,3052.5
1193,3,0,6,13.2361,3018.27
1197,3,0,6,13.221,2943.83
2058,3,0,6,13.2152,2914.76
1101,3,0,7,13.3685,3641.2,0.0546667,238.44,0.12,8
1100,3,0,7,13.355,3573.94
1102,3,0,7,13.3314,3466.62
2038,3,0,7,13.3217,3416.6
1658,3,0,8,13.6267,4943.62,0.0673333,293.688,0.46,9
1436,3,0,8,13.6224,4920.08
2101,3,0,8,13.6189,4902.52
2083,3,0,8,13.6027,4820.15
1430,3,0,8,13.5879,4744.4
1428,3,0,8,13.5736,4674.31
1426,3,0,8,13.5657,4634.32
2103,3,0,8,13.5601,4605.1
2177,3,0,8,13.56,4604.74
1841,3,0,8,13.5599,4603.39
2060,3,0,8,13.523,4401.17
1551,3,0,8,13.5223,4397
1550,3,0,8,13.5215,4393.22
1196,3,0,8,13.5149,4349.62
1194,3,0,8,13.5147,4348.1
1190,3,0,8,13.5036,4282.64
1186,3,0,8,13.4886,4207.37
1187,3,0,8,13.486,4191.49
1124,3,0,8,13.4695,4113.05
2038,3,0,8,13.4582,4056.11
1102,3,0,8,13.4484,4005.68
1100,3,0,8,13.4342,3936.28
1101,3,0,8,13.4232,3879.64
1624,3,0,9,13.8083,5837.88,0.0715,311.861,0.1,10
2090,3,0,9,13.7881,5730.78
1497,3,0,9,13.7849,5714.16
2102,3,0,9,13.783,5704.52
2089,3,0,9,13.7827,5702.86
2124,3,0,9,13.776,5670.74
1826,3,0,9,13.7603,5595.68
1450,3,0,9,13.7579,5580.2
1829,3,0,9,13.753,5550.52
1447,3,0,9,13.7471,5516.14
1446,3,0,9,13.7366,5460.17
1648,3,0,9,13.7243,5391.05
1444,3,0,9,13.7191,5365.14
1649,3,0,9,13.7168,5353.51
1658,3,0,9,13.6941,5237.3
2095,3,0,10,13.904,6275.61,0,0,0
1524,3,0,10,13.8845,6173.89
1624,3,0,10,13.8798,6149.74
1624,4,0,0,12.3987,302.839,0.104,453.617,0.08,1
2090,4,0,0,12.3783,194.986
1524,4,0,0,12.3692,100.283
2095,4,0,0,12.35,0
2090,4,0,1,12.5156,871.663,0.0353333,154.113,0.07,2
1524,4,0,1,12.5065,776.96
1624,4,0,1,12.5027,756.456
2124,4,0,2,12.563,1089.83,0.0435,189.734,0.02,3
2089,4,0,2,12.5598,1072.28
2102,4,0,2,12.5594,1070.24
1497,4,0,2,12.5582,1063.7
1660,4,0,2,12.5555,1049.05
2090,4,0,2,12.5509,1025.78
1445,4,0,3,12.6759,1639.39,0.0491667,214.45,0.02,4
2087,4,0,3,12.6506,1510.46
2088,4,0,3,12.6382,1446.39
1644,4,0,3,12.6332,1420.24
2089,4,0,3,12.6154,1320.78
2124,4,0,3,12.6065,1279.57
1658,4,0,4,12.7668,2068.01,0.0986667,430.354,0.47,5
1649,4,0,4,12.7428,1946.74
1444,4,0,4,12.7412,1938.08
1445,4,0,4,12.725,1853.84
1655,4,0,5,12.9499,2927.8,0.0521667,227.535,0.27,6
2121,4,0,5,12.9477,2916.63
1424,4,0,5,12.922,2785.07
2083,4,0,5,12.8906,2626.13
2101,4,0,5,12.8771,2554.95
1658,4,0,5,12.8655,2498.37
2077,4,0,6,13.0324,3308.95,0.0361667,157.748,0,7
2078,4,0,6,13.0236,3266.1
1823,4,0,6,13.0153,3222.87
2097,4,0,6,13.0062,3177.38
1655,4,0,6,13.0021,3155.34
2058,4,0,7,13.0978,3614.7,0.0933333,407.092,0.2,8
2062,4,0,7,13.0867,3559.89
2077,4,0,7,13.0685,3466.7
1101,4,0,8,13.2907,4513.43,0.0546667,238.44,0.12,9
1100,4,0,8,13.2771,4446.17
1102,4,0,8,13.2535,4338.85
2038,4,0,8,13.2438,4288.83
1124,4,0,8,13.2311,4225.92
1144,4,0,8,13.2256,4195.94
1191,4,0,8,13.2186,4159.53
1193,4,0,8,13.2121,4125.3
1197,4,0,8,13.1969,4050.87
2058,4,0,8,13.1912,4021.79
2038,4,0,9,13.3803,4928.34,0.0538333,234.805,0.02,10
1102,4,0,9,13.3705,4877.9
1100,4,0,9,13.3563,4808.51
1101,4,0,9,13.3453,4751.87
2095,4,0,10,13.6551,6374.09,0,0,0
1524,4,0,10,13.6356,6272.37
1624,4,0,10,13.6309,6248.23
2090,4,0,10,13.6107,6141.13
1497,4,0,10,13.6075,6124.5
2102,4,0,10,13.6056,6114.87
2089,4,0,10,13.6053,6113.21
2124,4,0,10,13.5986,6081.09
1826,4,0,10,13.5829,6006.02
1450,4,0,10,13.5805,5990.54
1829,4,0,10,13.5756,5960.86
1447,4,0,10,13.5697,5926.48
1832,4,0,10,13.5603,5872.06
1833,4,0,10,13.5517,5799.08
1835,4,0,10,13.5414,5741.03
2103,4,0,10,13.5361,5712.13
2177,4,0,10,13.536,5711.77
1841,4,0,10,13.5359,5710.42
2060,4,0,10,13.499,5508.2
1551,4,0,10,13.4983,5504.03
1550,4,0,10,13.4975,5500.25
1196,4,0,10,13.4909,5456.65
1194,4,0,10,13.4906,5455.13
1190,4,0,10,13.4796,5389.67
1186,4,0,10,13.4646,5314.4
1187,4,0,10,13.462,5298.52
1124,4,0,10,13.4454,5220.08
2038,4,0,10,13.4342,5163.15
2124,5,0,0,12.6103,259.041,0.0435,189.734,0.02,1
2089,5,0,0,12.6071,241.485
2102,5,0,0,12.6067,239.454
1497,5,0,0,12.6055,232.914
1660,5,0,0,12.6028,218.261
2090,5,0,0,12.5983,194.986
1524,5,0,0,12.5892,100.283
2095,5,0,0,12.57,0
1445,5,0,1,12.7232,808.6,0.0491667,214.45,0.02,2
2087,5,0,1,12.698,679.675
2088,5,0,1,12.6856,615.595
1644,5,0,1,12.6806,589.452
2089,5,0,1,12.6628,489.99
2124,5,0,1,12.6538,448.775
1658,5,0,2,12.8142,1237.22,0.0986667,430.354,0.47,3
1649,5,0,2,12.7902,1115.95
1444,5,0,2,12.7886,1107.29
1445,5,0,2,12.7724,1023.05
1655,5,0,3,12.9972,2097.01,0.0521667,227.535,0.27,4
2121,5,0,3,12.9951,2085.84
1424,5,0,3,12.9693,1954.28
2083,5,0,3,12.9379,1795.34
2101,5,0,3,12.9244,1724.16
1658,5,0,3,12.9128,1667.58
2077,5,0,4,13.0797,2478.16,0.0361667,157.748,0,5
2078,5,0,4,13.071,2435.32
1823,5,0,4,13.0626,2392.08
2097,5,0,4,13.0536,2346.59
1655,5,0,4,13.0494,2324.55
2058,5,0,5,13.1452,2783.91,0.0933333,407.092,0.2,6
2062,5,0,5,13.1341,2729.1
2077,5,0,5,13.1159,2635.91
1101,5,0,6,13.338,3682.64,0.0546667,238.44,0.12,7
1100,5,0,6,13.3245,3615.38
1102,5,0,6,13.3009,3508.06
2038,5,0,6,13.2912,3458.04
1124,5,0,6,13.2785,3395.13
1144,5,0,6,13.273,3365.15
1191,5,0,6,13.266,3328.74
1193,5,0,6,13.2595,3294.51
1197,5,0,6,13.2443,3220.08
2058,5,0,6,13.2385,3191
2038,5,0,7,13.4277,4097.55,0.0538333,234.805,0.02,8
1102,5,0,7,13.4179,4047.11
1100,5,0,7,13.4037,3977.72
1101,5,0,7,13.3927,3921.08
1624,5,0,8,13.6783,5417.44,0.0715,311.861,0.1,9
2090,5,0,8,13.658,5310.34
1497,5,0,8,13.6549,5293.71
2102,5,0,8,13.6529,5284.08
2089,5,0,8,13.6526,5282.42
2124,5,0,8,13.6459,5250.3
1826,5,0,8,13.6302,5175.23
1450,5,0,8,13.6279,5159.75
1829,5,0,8,13.6229,5130.07
1447,5,0,8,13.6171,5095.69
1832,5,0,8,13.6076,5041.28
1833,5,0,8,13.599,4968.29
1835,5,0,8,13.5887,4910.24
2103,5,0,8,13.5834,4881.34
2177,5,0,8,13.5834,4880.98
1841,5,0,8,13.5832,4879.63
2060,5,0,8,13.5463,4677.41
1551,5,0,8,13.5456,4673.24
1550,5,0,8,13.5449,4669.46
1196,5,0,8,13.5382,4625.86
1194,5,0,8,13.538,4624.34
1190,5,0,8,13.5269,4558.88
1186,5,0,8,13.512,4483.62
1187,5,0,8,13.5094,4467.73
1124,5,0,8,13.4928,4389.29
2038,5,0,8,13.4815,4332.36
2095,5,0,9,13.774,5855.17,0,0,0
1524,5,0,9,13.7544,5753.44
1624,5,0,9,13.7498,5729.3
2090,5,1,0,15.107,192.482,0.0666667,290.78,0.04,1
1524,5,1,0,15.0983,96.317
2095,5,1,0,15.08,0
2095,5,1,1,15.2161,707.482,0,0,0
1524,5,1,1,15.1988,615.255
1624,5,1,1,15.1955,596.858
2090,5,1,1,15.1737,483.262
1624,6,0,0,12.4687,302.839,0.104,453.617,0.08,1
2090,6,0,0,12.4483,194.986
1524,6,0,0,12.4392,100.283
2095,6,0,0,12.42,0
2124,6,0,1,12.5976,935.718,0.0435,189.734,0.02,2
2089,6,0,1,12.5944,918.162
2102,6,0,1,12.594,916.131
1497,6,0,1,12.5928,909.591
1660,6,0,1,12.5901,894.938
2090,6,0,1,12.5856,871.663
1524,6,0,1,12.5765,776.96
1624,6,0,1,12.5727,756.456
1445,6,0,2,12.7105,1485.28,0.0491667,214.45,0.02,3
2087,6,0,2,12.6853,1356.35
2088,6,0,2,12.6729,1292.27
1644,6,0,2,12.6679,1266.13
2089,6,0,2,12.6501,1166.67
2124,6,0,2,12.6411,1125.45
1658,6,0,3,12.8015,1913.9,0.0986667,430.354,0.47,4
1649,6,0,3,12.7775,1792.63
1444,6,0,3,12.7759,1783.96
1445,6,0,3,12.7597,1699.73
1655,6,0,4,12.9846,2773.69,0.0521667,227.535,0.27,5
2121,6,0,4,12.9824,2762.51
1424,6,0,4,12.9566,2630.96
2083,6,0,4,12.9252,2472.01
2101,6,0,4,12.9117,2400.84
1658,6,0,4,12.9001,2344.25
2077,6,0,5,13.067,3154.84,0.0361667,157.748,0,6
2078,6,0,5,13.0583,3111.99
1823,6,0,5,13.0499,3068.76
2097,6,0,5,13.0409,3023.26
1655,6,0,5,13.0367,3001.23
2058,6,0,6,13.1325,3460.59,0.0933333,407.092,0.2,7
2062,6,0,6,13.1214,3405.78
2077,6,0,6,13.1032,3312.59
1101,6,0,7,13.3253,4359.31,0.0546667,238.44,0.12,8
1100,6,0,7,13.3118,4292.05
1102,6,0,7,13.2882,4184.74
2038,6,0,7,13.2785,4134.71
1124,6,0,7,13.2658,4071.81
1144,6,0,7,13.2603,4041.82
1191,6,0,7,13.2533,4005.42
1193,6,0,7,13.2468,3971.19
1197,6,0,7,13.2316,3896.75
2058,6,0,7,13.2258,3867.68
2038,6,0,8,13.415,4774.23,0.0538333,234.805,0.02,9
1102,6,0,8,13.4052,4723.79
1100,6,0,8,13.391,4654.4
1101,6,0,8,13.38,4597.75
2095,6,0,9,13.6898,6219.98,0,0,0
1524,6,0,9,13.6702,6118.26
1624,6,0,9,13.6656,6094.11
2090,6,0,9,13.6453,5987.02
1497,6,0,9,13.6422,5970.39
2102,6,0,9,13.6402,5960.75
2089,6,0,9,13.6399,5959.09
2124,6,0,9,13.6332,5926.97
1826,6,0,9,13.6175,5851.91
1450,6,0,9,13.6152,5836.43
1829,6,0,9,13.6102,5806.75
1447,6,0,9,13.6044,5772.37
1832,6,0,9,13.5949,5717.95
1833,6,0,9,13.5863,5644.97
1835,6,0,9,13.576,5586.91
2103,6,0,9,13.5708,5558.02
2177,6,0,9,13.5707,5557.66
1841,6,0,9,13.5705,5556.31
2060,6,0,9,13.5337,5354.09
1551,6,0,9,13.5329,5349.92
1550,6,0,9,13.5322,5346.13
1196,6,0,9,13.5255,5302.54
1194,6,0,9,13.5253,5301.02
1190,6,0,9,13.5142,5235.55
1186,6,0,9,13.4993,5160.29
1187,6,0,9,13.4967,5144.41
1124,6,0,9,13.4801,5065.96
2038,6,0,9,13.4688,5009.03
2090,6,1,0,15.767,192.482,0.0666667,290.78,0.04,1
1524,6,1,0,15.7583,96.317
2095,6,1,0,15.74,0
2095,6,1,1,15.8761,707.482,0,0,0
1524,6,1,1,15.8588,615.255
1624,6,1,1,15.8555,596.858
2090,6,1,1,15.8337,483.262
1624,7,0,0,12.5687,302.839,0.104,453.617,0.08,1
2090,7,0,0,12.5483,194.986
1524,7,0,0,12.5392,100.283
2095,7,0,0,12.52,0
2124,7,0,1,12.6976,935.718,0.0435,189.734,0.02,2
2089,7,0,1,12.6944,918.162
2102,7,0,1,12.694,916.131
1497,7,0,1,12.6928,909.591
1660,7,0,1,12.6901,894.938
2090,7,0,1,12.6856,871.663
1524,7,0,1,12.6765,776.96
1624,7,0,1,12.6727,756.456
1445,7,0,2,12.8105,1485.28,0.0491667,214.45,0.02,3
2087,7,0,2,12.7853,1356.35
2088,7,0,2,12.7729,1292.27
1644,7,0,2,12.7679,1266.13
2089,7,0,2,12.7501,1166.67
2124,7,0,2,12.7411,1125.45
1655,7,0,3,12.9859,2343.34,0.0521667,227.535,0.27,4
2121,7,0,3,12.9837,2332.16
1424,7,0,3,12.958,2200.6
2083,7,0,3,12.9266,2041.66
2101,7,0,3,12.9131,1970.48
1658,7,0,3,12.9015,1913.9
1649,7,0,3,12.8775,1792.63
1444,7,0,3,12.8759,1783.96
1445,7,0,3,12.8597,1699.73
2077,7,0,4,13.0684,2724.49,0.0361667,157.748,0,5
2078,7,0,4,13.0596,2681.64
1823,7,0,4,13.0513,2638.4
2097,7,0,4,13.0422,2592.91
1655,7,0,4,13.0381,2570.87
2058,7,0,5,13.1338,3030.23,0.0933333,407.092,0.2,6
2062,7,0,5,13.1227,2975.42
2077,7,0,5,13.1045,2882.23
2038,7,0,6,13.2798,3704.36,0.0538333,234.805,0.02,7
1124,7,0,6,13.2671,3641.45
1144,7,0,6,13.2616,3611.47
1191,7,0,6,13.2546,3575.06
1193,7,0,6,13.2481,3540.84
1197,7,0,6,13.2329,3466.4
2058,7,0,6,13.2272,3437.32
1101,7,0,7,13.3805,4163.76,0.0546667,238.44,0.12,8
1100,7,0,7,13.367,4096.5
1102,7,0,7,13.3434,3989.19
2038,7,0,7,13.3337,3939.17
1658,7,0,8,13.6387,5466.18,0.0673333,293.688,0.46,9
1436,7,0,8,13.6343,5442.65
2101,7,0,8,13.6309,5425.09
2083,7,0,8,13.6147,5342.71
1430,7,0,8,13.5998,5266.96
1428,7,0,8,13.5856,5196.87
1426,7,0,8,13.5776,5156.89
2103,7,0,8,13.5721,5127.67
2177,7,0,8,13.572,5127.31
1841,7,0,8,13.5719,5125.96
2060,7,0,8,13.535,4923.73
1551,7,0,8,13.5343,4919.56
1550,7,0,8,13.5335,4915.78
1196,7,0,8,13.5268,4872.18
1194,7,0,8,13.5266,4870.66
1190,7,0,8,13.5156,4805.2
1186,7,0,8,13.5006,4729.94
1187,7,0,8,13.498,4714.06
1124,7,0,8,13.4814,4635.61
2038,7,0,8,13.4701,4578.68
1102,7,0,8,13.4603,4528.24
1100,7,0,8,13.4462,4458.85
1101,7,0,8,13.4352,4402.2
2095,7,0,9,13.8445,6486.31,0,0,0
1524,7,0,9,13.825,6384.59
1624,7,0,9,13.8203,6360.45
2090,7,0,9,13.8001,6253.35
1497,7,0,9,13.7969,6236.72
2102,7,0,9,13.795,6227.09
2089,7,0,9,13.7946,6225.43
2124,7,0,9,13.788,6193.31
1826,7,0,9,13.7723,6118.24
1450,7,0,9,13.7699,6102.76
1829,7,0,9,13.765,6073.08
1447,7,0,9,13.7591,6038.7
1446,7,0,9,13.7486,5982.73
1648,7,0,9,13.7363,5913.62
1444,7,0,9,13.7311,5887.7
1649,7,0,9,13.7288,5876.07
1658,7,0,9,13.706,5759.87
2090,7,1,0,15.507,192.482,0.0666667,290.78,0.04,1
1524,7,1,0,15.4983,96.317
2095,7,1,0,15.48,0
2095,7,1,1,15.6161,707.482,0,0,0
1524,7,1,1,15.5988,615.255
1624,7,1,1,15.5955,596.858
2090,7,1,1,15.5737,483.262
1624,8,0,0,12.6487,302.839,0.104,453.617,0.08,1
2090,8,0,0,12.6283,194.986
1524,8,0,0,12.6192,100.283
2095,8,0,0,12.6,0
2124,8,0,1,12.7776,935.718,0.0435,189.734,0.02,2
2089,8,0,1,12.7744,918.162
2102,8,0,1,12.774,916.131
1497,8,0,1,12.7728,909.591
1660,8,0,1,12.7701,894.938
2090,8,0,1,12.7656,871.663
1524,8,0,1,12.7565,776.96
1624,8,0,1,12.7527,756.456
1655,8,0,2,12.9837,2037.1,0.0521667,227.535,0.27,3
1425,8,0,2,12.9468,1845.31
1430,8,0,2,12.9274,1747.53
1428,8,0,2,12.9138,1680.14
1426,8,0,2,12.906,1640.7
2103,8,0,2,12.9,1609.46
1677,8,0,2,12.8953,1586.67
1836,8,0,2,12.8885,1554.45
1834,8,0,2,12.8715,1465.58
1830,8,0,2,12.8636,1389.36
1828,8,0,2,12.8547,1303.95
1449,8,0,2,12.844,1251.09
1825,8,0,2,12.8387,1224.06
2124,8,0,2,12.8211,1125.45
2077,8,0,3,13.0662,2418.25,0.0361667,157.748,0,4
2078,8,0,3,13.0575,2375.4
1823,8,0,3,13.0491,2332.17
2097,8,0,3,13.0401,2286.68
1655,8,0,3,13.0359,2264.64
2058,8,0,4,13.1317,2724,0.0933333,407.092,0.2,5
2062,8,0,4,13.1205,2669.19
2077,8,0,4,13.1024,2576
2038,8,0,5,13.2777,3398.13,0.0538333,234.805,0.02,6
1124,8,0,5,13.2649,3335.22
1144,8,0,5,13.2594,3305.24
1191,8,0,5,13.2524,3268.83
1193,8,0,5,13.2459,3234.6
1197,8,0,5,13.2308,3160.17
2058,8,0,5,13.225,3131.09
1101,8,0,6,13.3783,3857.53,0.0546667,238.44,0.12,7
1100,8,0,6,13.3648,3790.27
1102,8,0,6,13.3412,3682.95
2038,8,0,6,13.3315,3632.93
1658,8,0,7,13.6365,5159.95,0.0673333,293.688,0.46,8
1436,8,0,7,13.6322,5136.41
2101,8,0,7,13.6287,5118.85
2083,8,0,7,13.6126,5036.48
1430,8,0,7,13.5977,4960.73
1428,8,0,7,13.5834,4890.64
1426,8,0,7,13.5755,4850.65
2103,8,0,7,13.5699,4821.43
2177,8,0,7,13.5699,4821.07
1841,8,0,7,13.5697,4819.72
2060,8,0,7,13.5328,4617.5
1551,8,0,7,13.5321,4613.33
1550,8,0,7,13.5313,4609.55
1196,8,0,7,13.5247,4565.95
1194,8,0,7,13.5245,4564.43
1190,8,0,7,13.5134,4498.97
1186,8,0,7,13.4984,4423.7
1187,8,0,7,13.4959,4407.82
1124,8,0,7,13.4793,4329.38
2038,8,0,7,13.468,4272.44
1102,8,0,7,13.4582,4222.01
1100,8,0,7,13.444,4152.61
1101,8,0,7,13.433,4095.97
1445,8,0,8,13.7437,5659.6,0.105333,459.432,0.01,9
1444,8,0,8,13.729,5581.47
1649,8,0,8,13.7266,5569.84
1658,8,0,8,13.7039,5453.63
2095,8,0,9,13.9589,6696.76,0,0,0
1524,8,0,9,13.9394,6595.04
1624,8,0,9,13.9347,6570.9
2090,8,0,9,13.9145,6463.8
1497,8,0,9,13.9113,6447.17
2102,8,0,9,13.9094,6437.54
2089,8,0,9,13.909,6435.88
1644,8,0,9,13.8903,6332.5
2088,8,0,9,13.8841,6301.21
2087,8,0,9,13.8713,6235.47
1445,8,0,9,13.849,6119.03
2090,8,1,0,15.267,192.482,0.0666667,290.78,0.04,1
1524,8,1,0,15.2583,96.317
2095,8,1,0,15.24,0
2095,8,1,1,15.3761,707.482,0,0,0
1524,8,1,1,15.3588,615.255
1624,8,1,1,15.3555,596.858
2090,8,1,1,15.3337,483.262
1624,9,0,0,12.3787,302.839,0.104,453.617,0.08,1
2090,9,0,0,12.3583,194.986
1524,9,0,0,12.3492,100.283
2095,9,0,0,12.33,0
2124,9,0,1,12.5076,935.718,0.0435,189.734,0.02,2
2089,9,0,1,12.5044,918.162
2102,9,0,1,12.504,916.131
1497,9,0,1,12.5028,909.591
1660,9,0,1,12.5001,894.938
2090,9,0,1,12.4956,871.663
1524,9,0,1,12.4865,776.96
1624,9,0,1,12.4827,756.456
1655,9,0,2,12.7137,2037.1,0.0521667,227.535,0.27,3
1425,9,0,2,12.6768,1845.31
1430,9,0,2,12.6574,1747.53
1428,9,0,2,12.6438,1680.14
1426,9,0,2,12.636,1640.7
2103,9,0,2,12.63,1609.46
1677,9,0,2,12.6253,1586.67
1836,9,0,2,12.6185,1554.45
1834,9,0,2,12.6015,1465.58
1830,9,0,2,12.5936,1389.36
1828,9,0,2,12.5847,1303.95
1449,9,0,2,12.574,1251.09
1825,9,0,2,12.5687,1224.06
2124,9,0,2,12.5511,1125.45
1101,9,0,3,12.9353,3101.38,0.0638333,278.422,0.11,4
1100,9,0,3,12.9204,3028.16
1102,9,0,3,12.9027,2944.7
2038,9,0,3,12.8928,2893.63
1124,9,0,3,12.8805,2832.68
1144,9,0,3,12.872,2790.15
1191,9,0,3,12.8664,2759.52
1193,9,0,3,12.8587,2720.27
1197,9,0,3,12.839,2627.16
2058,9,0,3,12.8332,2598.09
2062,9,0,3,12.8208,2537.93
2077,9,0,3,12.8025,2444.25
2078,9,0,3,12.7936,2400.59
1823,9,0,3,12.7842,2353.31
2097,9,0,3,12.7713,2291.69
1655,9,0,3,12.7659,2264.64
2038,9,0,4,13.0338,3554.88,0.0538333,234.805,0.02,5
1102,9,0,4,13.0233,3501.52
1100,9,0,4,13.0104,3437.63
1101,9,0,4,12.9992,3379.8
2058,9,0,5,13.1491,4089.77,0.0933333,407.092,0.2,6
1197,9,0,5,13.1424,4057
1191,9,0,5,13.1227,3959.95
1144,9,0,5,13.1117,3906.99
1124,9,0,5,13.0989,3846.61
2038,9,0,5,13.0876,3789.68
2077,9,0,6,13.2738,4653.67,0.0361667,157.748,0,7
2062,9,0,6,13.2533,4550.55
2058,9,0,6,13.2424,4496.86
1658,9,0,7,13.4195,5370.45,0.0673333,293.688,0.46,8
1436,9,0,7,13.4151,5346.92
2101,9,0,7,13.4116,5329.36
2083,9,0,7,13.3955,5246.99
1424,9,0,7,13.3635,5085.69
2121,9,0,7,13.3394,4960.81
2098,9,0,7,13.3308,4916.96
1823,9,0,7,13.3259,4892.63
2078,9,0,7,13.3187,4854.34
2077,9,0,7,13.31,4811.42
1445,9,0,8,13.5266,5870.11,0.105333,459.432,0.01,9
1444,9,0,8,13.5119,5791.97
1649,9,0,8,13.5096,5780.35
1658,9,0,8,13.4868,5664.14
2095,9,0,9,13.7418,6907.27,0,0,0
1524,9,0,9,13.7223,6805.55
1624,9,0,9,13.7176,6781.4
2090,9,0,9,13.6974,6674.31
1497,9,0,9,13.6942,6657.68
2102,9,0,9,13.6923,6648.04
2089,9,0,9,13.692,6646.38
1644,9,0,9,13.6733,6543
2088,9,0,9,13.667,6511.71
2087,9,0,9,13.6542,6445.98
1445,9,0,9,13.632,6329.54
2090,9,1,0,15.817,192.482,0.0666667,290.78,0.04,1
1524,9,1,0,15.8083,96.317
2095,9,1,0,15.79,0
2095,9,1,1,15.9261,707.482,0,0,0
1524,9,1,1,15.9088,615.255
1624,9,1,1,15.9055,596.858
2090,9,1,1,15.8837,483.262
1624,10,0,0,12.5687,302.839,0.104,453.617,0.08,1
2090,10,0,0,12.5483,194.986
1524,10,0,0,12.5392,100.283
2095,10,0,0,12.52,0
2124,10,0,1,12.6976,935.718,0.0435,189.734,0.02,2
2089,10,0,1,12.6944,918.162
2102,10,0,1,12.694,916.131
1497,10,0,1,12.6928,909.591
1660,10,0,1,12.6901,894.938
2090,10,0,1,12.6856,871.663
1524,10,0,1,12.6765,776.96
1624,10,0,1,12.6727,756.456
1445,10,0,2,12.8105,1485.28,0.0491667,214.45,0.02,3
2087,10,0,2,12.7853,1356.35
2088,10,0,2,12.7729,1292.27
1644,10,0,2,12.7679,1266.13
2089,10,0,2,12.7501,1166.67
2124,10,0,2,12.7411,1125.45
1655,10,0,3,12.9859,2343.34,0.0521667,227.535,0.27,4
2121,10,0,3,12.9837,2332.16
1424,10,0,3,12.958,2200.6
2083,10,0,3,12.9266,2041.66
2101,10,0,3,12.9131,1970.48
1658,10,0,3,12.9015,1913.9
1649,10,0,3,12.8775,1792.63
1444,10,0,3,12.8759,1783.96
1445,10,0,3,12.8597,1699.73
2077,10,0,4,13.0684,2724.49,0.0361667,157.748,0,5
2078,10,0,4,13.0596,2681.64
1823,10,0,4,13.0513,2638.4
2097,10,0,4,13.0422,2592.91
1655,10,0,4,13.0381,2570.87
2058,10,0,5,13.1338,3030.23,0.0933333,407.092,0.2,6
2062,10,0,5,13.1227,2975.42
2077,10,0,5,13.1045,2882.23
1101,10,0,6,13.3267,3928.96,0.0546667,238.44,0.12,7
1100,10,0,6,13.3131,3861.7
1102,10,0,6,13.2895,3754.38
2038,10,0,6,13.2798,3704.36
1124,10,0,6,13.2671,3641.45
1144,10,0,6,13.2616,3611.47
1191,10,0,6,13.2546,3575.06
1193,10,0,6,13.2481,3540.84
1197,10,0,6,13.2329,3466.4
2058,10,0,6,13.2272,3437.32
2038,10,0,7,13.4163,4343.87,0.0538333,234.805,0.02,8
1102,10,0,7,13.4065,4293.44
1100,10,0,7,13.3923,4224.04
1101,10,0,7,13.3813,4167.4
2095,10,0,8,13.6911,5789.63,0,0,0
1524,10,0,8,13.6716,5687.9
1624,10,0,8,13.6669,5663.76
2090,10,0,8,13.6467,5556.66
1497,10,0,8,13.6435,5540.04
2102,10,0,8,13.6416,5530.4
2089,10,0,8,13.6413,5528.74
2124,10,0,8,13.6346,5496.62
1826,10,0,8,13.6189,5421.56
1450,10,0,8,13.6165,5406.07
1829,10,0,8,13.6116,5376.39
1447,10,0,8,13.6057,5342.01
1832,10,0,8,13.5963,5287.6
1833,10,0,8,13.5877,5214.62
1835,10,0,8,13.5774,5156.56
2103,10,0,8,13.5721,5127.67
2177,10,0,8,13.572,5127.31
1841,10,0,8,13.5719,5125.96
2060,10,0,8,13.535,4923.73
1551,10,0,8,13.5343,4919.56
1550,10,0,8,13.5335,4915.78
1196,10,0,8,13.5268,4872.18
1194,10,0,8,13.5266,4870.66
1190,10,0,8,13.5156,4805.2
1186,10,0,8,13.5006,4729.94
1187,10,0,8,13.498,4714.06
1124,10,0,8,13.4814,4635.61
2038,10,0,8,13.4701,4578.68
1658,10,1,0,15.6874,769.195,0.09,392.553,0.43,1
1649,10,1,0,15.665,654.917
1444,10,1,0,15.6634,646.168
1445,10,1,0,15.6474,562.525
2087,10,1,0,15.6271,454.669
2088,10,1,0,15.6151,392.355
1644,10,1,0,15.6094,363.239
2089,10,1,0,15.5858,238.97
2102,10,1,0,15.5854,236.939
1497,10,1,0,15.5841,229.904
1660,10,1,0,15.5815,215.757
2090,10,1,0,15.577,192.482
1524,10,1,0,15.5683,96.317
2095,10,1,0,15.55,0
2090,10,1,1,15.886,1716.21,0.0666667,290.78,0.04,2
1497,10,1,1,15.8825,1698.43
2102,10,1,1,15.8806,1688.8
2089,10,1,1,15.8804,1687.51
2124,10,1,1,15.8699,1640.11
1826,10,1,1,15.8617,1596.39
1450,10,1,1,15.8593,1580.84
1829,10,1,1,15.854,1550.7
1447,10,1,1,15.8485,1516.75
1446,10,1,1,15.8352,1448.98
1648,10,1,1,15.8135,1339.68
1444,10,1,1,15.8089,1316.39
1649,10,1,1,15.8066,1304.76
1658,10,1,1,15.7774,1161.75
2095,10,1,2,15.995,2231.21,0,0,0
1524,10,1,2,15.9777,2138.98
1624,10,1,2,15.9744,2120.58
2090,10,1,2,15.9526,2006.99
1624,11,0,0,12.2687,302.839,0.104,453.617,0.08,1
2090,11,0,0,12.2483,194.986
1524,11,0,0,12.2392,100.283
2095,11,0,0,12.22,0
2124,11,0,1,12.3976,935.718,0.0435,189.734,0.02,2
2089,11,0,1,12.3944,918.162
2102,11,0,1,12.394,916.131
1497,11,0,1,12.3928,909.591
1660,11,0,1,12.3901,894.938
2090,11,0,1,12.3856,871.663
1524,11,0,1,12.3765,776.96
1624,11,0,1,12.3727,756.456
1445,11,0,2,12.5105,1485.28,0.0491667,214.45,0.02,3
2087,11,0,2,12.4853,1356.35
2088,11,0,2,12.4729,1292.27
1644,11,0,2,12.4679,1266.13
2089,11,0,2,12.4501,1166.67
2124,11,0,2,12.4411,1125.45
1655,11,0,3,12.6859,2343.34,0.0521667,227.535,0.27,4
2121,11,0,3,12.6837,2332.16
1424,11,0,3,12.658,2200.6
2083,11,0,3,12.6266,2041.66
2101,11,0,3,12.6131,1970.48
1658,11,0,3,12.6015,1913.9
1649,11,0,3,12.5775,1792.63
1444,11,0,3,12.5759,1783.96
1445,11,0,3,12.5597,1699.73
1101,11,0,4,12.9075,3407.61,0.0638333,278.422,0.11,5
1100,11,0,4,12.8925,3334.4
1102,11,0,4,12.8749,3250.94
2038,11,0,4,12.8649,3199.86
1124,11,0,4,12.8527,3138.91
1144,11,0,4,12.8442,3096.38
1191,11,0,4,12.8386,3065.76
1193,11,0,4,12.8309,3026.5
1197,11,0,4,12.8111,2933.4
2058,11,0,4,12.8053,2904.32
2062,11,0,4,12.7929,2844.16
2077,11,0,4,12.7746,2750.49
2078,11,0,4,12.7657,2706.83
1823,11,0,4,12.7564,2659.54
2097,11,0,4,12.7434,2597.92
1655,11,0,4,12.7381,2570.87
2038,11,0,5,13.006,3861.11,0.0538333,234.805,0.02,6
1102,11,0,5,12.9955,3807.75
1100,11,0,5,12.9826,3743.86
1101,11,0,5,12.9713,3686.03
2058,11,0,6,13.1212,4396,0.0933333,407.092,0.2,7
1197,11,0,6,13.1146,4363.23
1191,11,0,6,13.0949,4266.18
1144,11,0,6,13.0839,4213.23
1124,11,0,6,13.0711,4152.85
2038,11,0,6,13.0598,4095.91
2077,11,0,7,13.246,4959.9,0.0361667,157.748,0,8
2062,11,0,7,13.2254,4856.78
2058,11,0,7,13.2146,4803.1
2095,11,0,8,13.4668,6111.29,0,0,0
1524,11,0,8,13.4473,6009.56
1624,11,0,8,13.4426,5985.42
2090,11,0,8,13.4224,5878.32
1497,11,0,8,13.4192,5861.69
2102,11,0,8,13.4173,5852.06
2089,11,0,8,13.417,5850.4
2124,11,0,8,13.4103,5818.28
1826,11,0,8,13.3946,5743.22
1450,11,0,8,13.3922,5727.73
1829,11,0,8,13.3873,5698.05
1447,11,0,8,13.3814,5663.67
1832,11,0,8,13.372,5609.26
1833,11,0,8,13.3634,5536.27
1835,11,0,8,13.3531,5478.22
2103,11,0,8,13.3478,5449.32
2177,11,0,8,13.3477,5448.96
1841,11,0,8,13.3476,5447.62
1554,11,0,8,13.3415,5415.33
1416,11,0,8,13.34,5407.5
1415,11,0,8,13.3219,5318.83
2097,11,0,8,13.3084,5250.25
2098,11,0,8,13.303,5223.19
1823,11,0,8,13.2981,5198.87
2078,11,0,8,13.2909,5160.58
2077,11,0,8,13.2821,5117.65
1658,11,1,0,15.2074,769.195,0.09,392.553,0.43,1
1649,11,1,0,15.185,654.917
1444,11,1,0,15.1834,646.168
1445,11,1,0,15.1674,562.525
2087,11,1,0,15.1471,454.669
2088,11,1,0,15.1351,392.355
1644,11,1,0,15.1294,363.239
2089,11,1,0,15.1058,238.97
2102,11,1,0,15.1054,236.939
1497,11,1,0,15.1041,229.904
1660,11,1,0,15.1015,215.757
2090,11,1,0,15.097,192.482
1524,11,1,0,15.0883,96.317
2095,11,1,0,15.07,0
2090,11,1,1,15.406,1716.21,0.0666667,290.78,0.04,2
1497,11,1,1,15.4025,1698.43
2102,11,1,1,15.4006,1688.8
2089,11,1,1,15.4004,1687.51
2124,11,1,1,15.3899,1640.11
1826,11,1,1,15.3817,1596.39
1450,11,1,1,15.3793,1580.84
1829,11,1,1,15.374,1550.7
1447,11,1,1,15.3685,1516.75
1446,11,1,1,15.3552,1448.98
1648,11,1,1,15.3335,1339.68
1444,11,1,1,15.3289,1316.39
1649,11,1,1,15.3266,1304.76
1658,11,1,1,15.2974,1161.75
2095,11,1,2,15.515,2231.21,0,0,0
1524,11,1,2,15.4977,2138.98
1624,11,1,2,15.4944,2120.58
2090,11,1,2,15.4726,2006.99
1624,12,0,0,12.3387,302.839,0.104,453.617,0.08,1
2090,12,0,0,12.3183,194.986
1524,12,0,0,12.3092,100.283
2095,12,0,0,12.29,0
2124,12,0,1,12.4676,935.718,0.0435,189.734,0.02,2
2089,12,0,1,12.4644,918.162
2102,12,0,1,12.464,916.131
1497,12,0,1,12.4628,909.591
1660,12,0,1,12.4601,894.938
2090,12,0,1,12.4556,871.663
1524,12,0,1,12.4465,776.96
1624,12,0,1,12.4427,756.456
1445,12,0,2,12.5805,1485.28,0.0491667,214.45,0.02,3
2087,12,0,2,12.5553,1356.35
2088,12,0,2,12.5429,1292.27
1644,12,0,2,12.5379,1266.13
2089,12,0,2,12.5201,1166.67
2124,12,0,2,12.5111,1125.45
1101,12,0,3,12.9194,3178.78,0.0638333,278.422,0.11,4
1083,12,0,3,12.9078,3120.92
1105,12,0,3,12.8915,3037.94
1104,12,0,3,12.8702,2929.78
1183,12,0,3,12.8675,2913.15
1184,12,0,3,12.8609,2879.37
1663,12,0,3,12.846,2808.05
1189,12,0,3,12.8362,2759.26
1194,12,0,3,12.8223,2681.29
1196,12,0,3,12.822,2679.7
1550,12,0,3,12.8153,2641.07
1552,12,0,3,12.8108,2618.3
2059,12,0,3,12.8042,2584.36
2063,12,0,3,12.7792,2458.92
1554,12,0,3,12.7535,2327.62
1417,12,0,3,12.752,2319.67
1418,12,0,3,12.7427,2271.84
1425,12,0,3,12.7263,2186.11
2083,12,0,3,12.6966,2041.66
2101,12,0,3,12.6831,1970.48
1658,12,0,3,12.6715,1913.9
1649,12,0,3,12.6475,1792.63
1444,12,0,3,12.6459,1783.96
1445,12,0,3,12.6297,1699.73
2038,12,0,4,13.0179,3632.28,0.0538333,234.805,0.02,5
1102,12,0,4,13.0074,3578.92
1100,12,0,4,12.9945,3515.03
1101,12,0,4,12.9832,3457.2
2058,12,0,5,13.1332,4167.17,0.0933333,407.092,0.2,6
1197,12,0,5,13.1265,4134.4
1191,12,0,5,13.1068,4037.35
1144,12,0,5,13.0958,3984.4
1124,12,0,5,13.083,3924.02
2038,12,0,5,13.0717,3867.08
2077,12,0,6,13.2579,4731.07,0.0361667,157.748,0,7
2062,12,0,6,13.2373,4627.95
2058,12,0,6,13.2265,4574.26
2095,12,0,7,13.4787,5882.45,0,0,0
1524,12,0,7,13.4592,5780.73
1624,12,0,7,13.4545,5756.59
2090,12,0,7,13.4343,5649.49
1497,12,0,7,13.4311,5632.86
2102,12,0,7,13.4292,5623.23
2089,12,0,7,13.4289,5621.57
2124,12,0,7,13.4222,5589.45
1826,12,0,7,13.4065,5514.38
1450,12,0,7,13.4041,5498.9
1829,12,0,7,13.3992,5469.22
1447,12,0,7,13.3933,5434.84
1832,12,0,7,13.3839,5380.43
1833,12,0,7,13.3753,5307.44
1835,12,0,7,13.365,5249.39
2103,12,0,7,13.3597,5220.49
2177,12,0,7,13.3596,5220.13
1841,12,0,7,13.3595,5218.78
1554,12,0,7,13.3535,5186.5
1416,12,0,7,13.3519,5178.67
1415,12,0,7,13.3338,5090
2097,12,0,7,13.3203,5021.42
2098,12,0,7,13.3149,4994.36
1823,12,0,7,13.31,4970.04
2078,12,0,7,13.3028,4931.74
2077,12,0,7,13.294,4888.82
2090,12,1,0,15.297,192.482,0.0666667,290.78,0.04,1
1524,12,1,0,15.2883,96.317
2095,12,1,0,15.27,0
1658,12,1,1,15.474,1059.97,0.09,392.553,0.43,2
1649,12,1,1,15.4517,945.697
1444,12,1,1,15.4501,936.948
1445,12,1,1,15.434,853.305
2087,12,1,1,15.4138,745.449
2088,12,1,1,15.4018,683.135
1644,12,1,1,15.3961,654.019
2089,12,1,1,15.3725,529.75
2102,12,1,1,15.3721,527.719
1497,12,1,1,15.3708,520.684
1660,12,1,1,15.3682,506.537
2090,12,1,1,15.3637,483.262
1655,12,1,2,15.6519,1896.56,0.0378333,165.018,0.26,3
2121,12,1,2,15.649,1882.36
1424,12,1,2,15.624,1754
2083,12,1,2,15.593,1596.87
2101,12,1,2,15.5744,1504.24
1658,12,1,2,15.564,1452.53
2095,12,1,3,15.8434,2906.1,0,0,0
1524,12,1,3,15.8261,2813.87
1624,12,1,3,15.8228,2795.47
2090,12,1,3,15.801,2681.88
1497,12,1,3,15.7976,2664.1
2102,12,1,3,15.7956,2654.47
2089,12,1,3,15.7954,2653.18
2124,12,1,3,15.7849,2605.78
1826,12,1,3,15.7767,2562.06
1450,12,1,3,15.7743,2546.51
1829,12,1,3,15.7691,2516.37
1832,12,1,3,15.7545,2429.02
1833,12,1,3,15.7456,2356.32
1835,12,1,3,15.7346,2295.17
2103,12,1,3,15.7287,2263.72
2177,12,1,3,15.7287,2263.36
1841,12,1,3,15.7285,2262.01
1554,12,1,3,15.7219,2227.11
1416,12,1,3,15.7203,2219.28
1415,12,1,3,15.706,2146.36
2097,12,1,3,15.6943,2085.14
1655,12,1,3,15.6897,2061.58
1624,13,0,0,12.4587,302.839,0.104,453.617,0.08,1
2090,13,0,0,12.4383,194.986
1524,13,0,0,12.4292,100.283
2095,13,0,0,12.41,0
2124,13,0,1,12.5876,935.718,0.0435,189.734,0.02,2
2089,13,0,1,12.5844,918.162
2102,13,0,1,12.584,916.131
1497,13,0,1,12.5828,909.591
1660,13,0,1,12.5801,894.938
2090,13,0,1,12.5756,871.663
1524,13,0,1,12.5665,776.96
1624,13,0,1,12.5627,756.456
1101,13,0,2,12.9134,2658.15,0.0638333,278.422,0.11,3
1083,13,0,2,12.9018,2600.29
1105,13,0,2,12.8855,2517.31
1104,13,0,2,12.8638,2407.34
1183,13,0,2,12.8611,2390.71
1184,13,0,2,12.8545,2356.93
1663,13,0,2,12.8396,2285.61
1189,13,0,2,12.8298,2236.82
1194,13,0,2,12.8159,2158.85
1196,13,0,2,12.8156,2157.26
1550,13,0,2,12.8089,2118.63
2060,13,0,2,12.8034,2092.01
1843,13,0,2,12.747,1803.13
1840,13,0,2,12.7177,1649.66
1839,13,0,2,12.7095,1608.49
1677,13,0,2,12.7053,1586.67
1836,13,0,2,12.6985,1554.45
1834,13,0,2,12.6815,1465.58
1830,13,0,2,12.6736,1389.36
1828,13,0,2,12.6647,1303.95
1449,13,0,2,12.654,1251.09
1825,13,0,2,12.6487,1224.06
2124,13,0,2,12.6311,1125.45
2038,13,0,3,13.0119,3111.65,0.0538333,234.805,0.02,4
1102,13,0,3,13.0014,3058.29
1100,13,0,3,12.9886,2994.4
1101,13,0,3,12.9773,2936.57
2058,13,0,4,13.1272,3646.54,0.0933333,407.092,0.2,5
1197,13,0,4,13.1205,3613.77
1191,13,0,4,13.1008,3516.72
1144,13,0,4,13.0899,3463.77
1124,13,0,4,13.077,3403.39
2038,13,0,4,13.0657,3346.45
2077,13,0,5,13.2519,4210.44,0.0361667,157.748,0,6
2062,13,0,5,13.2314,4107.32
2058,13,0,5,13.2205,4053.64
1445,13,0,6,13.4293,5102.19,0.105333,459.432,0.01,7
1444,13,0,6,13.4146,5024.05
1649,13,0,6,13.4123,5012.43
1437,13,0,6,13.3976,4938.02
1443,13,0,6,13.3867,4877.38
1831,13,0,6,13.3748,4819.59
1833,13,0,6,13.3693,4786.81
1835,13,0,6,13.359,4728.76
2103,13,0,6,13.3537,4699.86
2177,13,0,6,13.3537,4699.51
1841,13,0,6,13.3535,4698.16
1554,13,0,6,13.3475,4665.87
1416,13,0,6,13.3459,4658.04
1415,13,0,6,13.3278,4569.37
2097,13,0,6,13.3144,4500.79
2098,13,0,6,13.3089,4473.73
1823,13,0,6,13.3041,4449.41
2078,13,0,6,13.2968,4411.12
2077,13,0,6,13.2881,4368.19
2095,13,0,7,13.6445,6139.35,0,0,0
1524,13,0,7,13.625,6037.63
1624,13,0,7,13.6203,6013.48
2090,13,0,7,13.6001,5906.39
1497,13,0,7,13.5969,5889.76
2102,13,0,7,13.595,5880.12
2089,13,0,7,13.5947,5878.46
1644,13,0,7,13.576,5775.08
2088,13,0,7,13.5697,5743.79
2087,13,0,7,13.5569,5678.06
1445,13,0,7,13.5346,5561.62
2090,13,1,0,15.097,192.482,0.0666667,290.78,0.04,1
1524,13,1,0,15.0883,96.317
2095,13,1,0,15.07,0
1658,13,1,1,15.274,1059.97,0.09,392.553,0.43,2
1649,13,1,1,15.2517,945.697
1444,13,1,1,15.2501,936.948
1445,13,1,1,15.234,853.305
2087,13,1,1,15.2138,745.449
2088,13,1,1,15.2018,683.135
1644,13,1,1,15.1961,654.019
2089,13,1,1,15.1725,529.75
2102,13,1,1,15.1721,527.719
1497,13,1,1,15.1708,520.684
1660,13,1,1,15.1682,506.537
2090,13,1,1,15.1637,483.262
1655,13,1,2,15.4519,1896.56,0.0378333,165.018,0.26,3
2121,13,1,2,15.449,1882.36
1424,13,1,2,15.424,1754
2083,13,1,2,15.393,1596.87
2101,13,1,2,15.3744,1504.24
1658,13,1,2,15.364,1452.53
2095,13,1,3,15.6434,2906.1,0,0,0
1524,13,1,3,15.6261,2813.87
1624,13,1,3,15.6228,2795.47
2090,13,1,3,15.601,2681.88
1497,13,1,3,15.5976,2664.1
2102,13,1,3,15.5956,2654.47
2089,13,1,3,15.5954,2653.18
2124,13,1,3,15.5849,2605.78
1826,13,1,3,15.5767,2562.06
1450,13,1,3,15.5743,2546.51
1829,13,1,3,15.5691,2516.37
1832,13,1,3,15.5545,2429.02
1833,13,1,3,15.5456,2356.32
1835,13,1,3,15.5346,2295.17
2103,13,1,3,15.5287,2263.72
2177,13,1,3,15.5287,2263.36
1841,13,1,3,15.5285,2262.01
1554,13,1,3,15.5219,2227.11
1416,13,1,3,15.5203,2219.28
1415,13,1,3,15.506,2146.36
2097,13,1,3,15.4943,2085.14
1655,13,1,3,15.4897,2061.58
