Node, Individual, Route,Segment, Travel time, Travel cost, Attention time, Attention cost, Failure rate, Demand
2090,0,0,0,12.3583,194.986,0.0353333,154.113,0.07,1
1524,0,0,0,12.3492,100.283
2095,0,0,0,12.33,0
2124,0,0,1,12.4057,413.155,0.0435,189.734,0.02,2
2089,0,0,1,12.4025,395.598
2102,0,0,1,12.4021,393.567
1497,0,0,1,12.4009,387.027
1660,0,0,1,12.3981,372.374
2090,0,0,1,12.3936,349.1
1445,0,0,2,12.5186,962.714,0.0491667,214.45,0.02,3
2087,0,0,2,12.4933,833.788
2088,0,0,2,12.4809,769.709
1644,0,0,2,12.4759,743.566
2089,0,0,2,12.4581,644.103
2124,0,0,2,12.4492,602.888
1658,0,0,3,12.6095,1391.33,0.0986667,430.354,0.47,4
1649,0,0,3,12.5855,1270.06
1444,0,0,3,12.5839,1261.4
1445,0,0,3,12.5677,1177.16
1655,0,0,4,12.7926,2251.13,0.0521667,227.535,0.27,5
2121,0,0,4,12.7904,2239.95
1424,0,0,4,12.7647,2108.39
2083,0,0,4,12.7332,1949.45
2101,0,0,4,12.7197,1878.27
1658,0,0,4,12.7082,1821.69
2077,0,0,5,12.8813,2658.28,0.0555,242.074,0.02,6
2078,0,0,5,12.8724,2614.62
1823,0,0,5,12.8631,2567.33
2097,0,0,5,12.8501,2505.72
1655,0,0,5,12.8447,2478.66
2058,0,0,6,12.9675,3054.19,0.0493333,215.177,0.21,7
2062,0,0,6,12.9551,2994.03
2077,0,0,6,12.9368,2900.35
1101,0,0,7,13.1164,3761,0.0546667,238.44,0.12,8
1100,0,0,7,13.1028,3693.74
1102,0,0,7,13.0792,3586.42
2038,0,0,7,13.0695,3536.4
1124,0,0,7,13.0568,3473.49
1144,0,0,7,13.0513,3443.51
1191,0,0,7,13.0443,3407.1
1193,0,0,7,13.0378,3372.88
1197,0,0,7,13.0227,3298.44
2058,0,0,7,13.0169,3269.36
2038,0,0,8,13.206,4175.91,0.0538333,234.805,0.02,9
1102,0,0,8,13.1962,4125.48
1100,0,0,8,13.182,4056.08
1101,0,0,8,13.171,3999.44
1624,0,0,9,13.4566,5495.8,0.0715,311.861,0.1,10
2090,0,0,9,13.4364,5388.7
1497,0,0,9,13.4332,5372.08
2102,0,0,9,13.4313,5362.44
2089,0,0,9,13.431,5360.78
2124,0,0,9,13.4243,5328.66
1826,0,0,9,13.4086,5253.6
1450,0,0,9,13.4062,5238.11
1829,0,0,9,13.4013,5208.43
1447,0,0,9,13.3954,5174.05
1832,0,0,9,13.386,5119.64
1833,0,0,9,13.3774,5046.66
1835,0,0,9,13.3671,4988.6
2103,0,0,9,13.3618,4959.71
2177,0,0,9,13.3617,4959.35
1841,0,0,9,13.3616,4958
2060,0,0,9,13.3247,4755.77
1551,0,0,9,13.324,4751.6
1550,0,0,9,13.3232,4747.82
1196,0,0,9,13.3166,4704.22
1194,0,0,9,13.3163,4702.7
1190,0,0,9,13.3053,4637.24
1186,0,0,9,13.2903,4561.98
1187,0,0,9,13.2877,4546.1
1124,0,0,9,13.2711,4467.65
2038,0,0,9,13.2599,4410.72
2095,0,0,10,13.5523,5933.53,0,0,0
1524,0,0,10,13.5328,5831.8
1624,0,0,10,13.5281,5807.66
2090,1,0,0,12.1583,194.986,0.0353333,154.113,0.07,1
1524,1,0,0,12.1492,100.283
2095,1,0,0,12.13,0
2124,1,0,1,12.2057,413.155,0.0435,189.734,0.02,2
2089,1,0,1,12.2025,395.598
2102,1,0,1,12.2021,393.567
1497,1,0,1,12.2009,387.027
1660,1,0,1,12.1981,372.374
2090,1,0,1,12.1936,349.1
1445,1,0,2,12.3186,962.714,0.0491667,214.45,0.02,3
2087,1,0,2,12.2933,833.788
2088,1,0,2,12.2809,769.709
1644,1,0,2,12.2759,743.566
2089,1,0,2,12.2581,644.103
2124,1,0,2,12.2492,602.888
1658,1,0,3,12.4095,1391.33,0.0986667,430.354,0.47,4
1649,1,0,3,12.3855,1270.06
1444,1,0,3,12.3839,1261.4
1445,1,0,3,12.3677,1177.16
1655,1,0,4,12.5926,2251.13,0.0521667,227.535,0.27,5
2121,1,0,4,12.5904,2239.95
1424,1,0,4,12.5647,2108.39
2083,1,0,4,12.5332,1949.45
2101,1,0,4,12.5197,1878.27
1658,1,0,4,12.5082,1821.69
2077,1,0,5,12.6813,2658.28,0.0555,242.074,0.02,6
2078,1,0,5,12.6724,2614.62
1823,1,0,5,12.6631,2567.33
2097,1,0,5,12.6501,2505.72
1655,1,0,5,12.6447,2478.66
2058,1,0,6,12.7675,3054.19,0.0493333,215.177,0.21,7
2062,1,0,6,12.7551,2994.03
2077,1,0,6,12.7368,2900.35
1101,1,0,7,12.919,3772.65,0.0638333,278.422,0.11,8
1100,1,0,7,12.904,3699.44
1102,1,0,7,12.8864,3615.98
2038,1,0,7,12.8764,3564.9
1124,1,0,7,12.8642,3503.96
1144,1,0,7,12.8557,3461.43
1191,1,0,7,12.8501,3430.8
1193,1,0,7,12.8424,3391.54
1197,1,0,7,12.8227,3298.44
2058,1,0,7,12.8169,3269.36
2038,1,0,8,13.0175,4226.15,0.0538333,234.805,0.02,9
1102,1,0,8,13.007,4172.79
1100,1,0,8,12.9941,4108.9
1101,1,0,8,12.9828,4051.07
1624,1,0,9,13.2681,5546.04,0.0715,311.861,0.1,10
2090,1,0,9,13.2478,5438.94
1497,1,0,9,13.2447,5422.31
2102,1,0,9,13.2427,5412.68
2089,1,0,9,13.2424,5411.02
2124,1,0,9,13.2357,5378.9
1826,1,0,9,13.22,5303.84
1450,1,0,9,13.2177,5288.35
1829,1,0,9,13.2127,5258.67
1447,1,0,9,13.2069,5224.29
1832,1,0,9,13.1974,5169.88
1833,1,0,9,13.1888,5096.89
1835,1,0,9,13.1785,5038.84
2103,1,0,9,13.1733,5009.94
2177,1,0,9,13.1732,5009.58
1841,1,0,9,13.173,5008.24
2060,1,0,9,13.1362,4806.01
1551,1,0,9,13.1354,4801.84
1550,1,0,9,13.1347,4798.06
1196,1,0,9,13.128,4754.46
1194,1,0,9,13.1278,4752.94
1190,1,0,9,13.1167,4687.48
1186,1,0,9,13.1018,4612.22
1187,1,0,9,13.0992,4596.33
1124,1,0,9,13.0826,4517.89
2038,1,0,9,13.0713,4460.96
2095,1,0,10,13.3638,5983.77,0,0,0
1524,1,0,10,13.3442,5882.04
1624,1,0,10,13.3396,5857.9
2090,2,0,0,12.5283,194.986,0.0353333,154.113,0.07,1
1524,2,0,0,12.5192,100.283
2095,2,0,0,12.5,0
2124,2,0,1,12.5757,413.155,0.0435,189.734,0.02,2
2089,2,0,1,12.5725,395.598
2102,2,0,1,12.5721,393.567
1497,2,0,1,12.5709,387.027
1660,2,0,1,12.5681,372.374
2090,2,0,1,12.5636,349.1
1445,2,0,2,12.6886,962.714,0.0491667,214.45,0.02,3
2087,2,0,2,12.6633,833.788
2088,2,0,2,12.6509,769.709
1644,2,0,2,12.6459,743.566
2089,2,0,2,12.6281,644.103
2124,2,0,2,12.6192,602.888
1658,2,0,3,12.7795,1391.33,0.0986667,430.354,0.47,4
1649,2,0,3,12.7555,1270.06
1444,2,0,3,12.7539,1261.4
1445,2,0,3,12.7377,1177.16
1655,2,0,4,12.9626,2251.13,0.0521667,227.535,0.27,5
2121,2,0,4,12.9604,2239.95
1424,2,0,4,12.9347,2108.39
2083,2,0,4,12.9032,1949.45
2101,2,0,4,12.8897,1878.27
1658,2,0,4,12.8782,1821.69
2077,2,0,5,13.0451,2632.28,0.0361667,157.748,0,6
2078,2,0,5,13.0363,2589.43
1823,2,0,5,13.0279,2546.19
2097,2,0,5,13.0189,2500.7
1655,2,0,5,13.0147,2478.66
2058,2,0,6,13.1105,2938.02,0.0933333,407.092,0.2,7
2062,2,0,6,13.0994,2883.22
2077,2,0,6,13.0812,2790.02
1101,2,0,7,13.3034,3836.75,0.0546667,238.44,0.12,8
1100,2,0,7,13.2898,3769.49
1102,2,0,7,13.2662,3662.17
2038,2,0,7,13.2565,3612.15
1124,2,0,7,13.2438,3549.24
1144,2,0,7,13.2383,3519.26
1191,2,0,7,13.2313,3482.85
1193,2,0,7,13.2248,3448.63
1197,2,0,7,13.2096,3374.19
2058,2,0,7,13.2038,3345.11
2038,2,0,8,13.393,4251.66,0.0538333,234.805,0.02,9
1102,2,0,8,13.3832,4201.23
1100,2,0,8,13.369,4131.83
1101,2,0,8,13.358,4075.19
1624,2,0,9,13.6436,5571.55,0.0715,311.861,0.1,10
2090,2,0,9,13.6233,5464.45
1497,2,0,9,13.6202,5447.83
2102,2,0,9,13.6183,5438.19
2089,2,0,9,13.6179,5436.53
2124,2,0,9,13.6113,5404.41
1826,2,0,9,13.5956,5329.35
1450,2,0,9,13.5932,5313.87
1829,2,0,9,13.5882,5284.18
1447,2,0,9,13.5824,5249.8
1832,2,0,9,13.573,5195.39
1833,2,0,9,13.5644,5122.41
1835,2,0,9,13.554,5064.35
2103,2,0,9,13.5488,5035.46
2177,2,0,9,13.5487,5035.1
1841,2,0,9,13.5486,5033.75
2060,2,0,9,13.5117,4831.52
1551,2,0,9,13.511,4827.35
1550,2,0,9,13.5102,4823.57
1196,2,0,9,13.5035,4779.97
1194,2,0,9,13.5033,4778.45
1190,2,0,9,13.4923,4712.99
1186,2,0,9,13.4773,4637.73
1187,2,0,9,13.4747,4621.85
1124,2,0,9,13.4581,4543.4
2038,2,0,9,13.4468,4486.47
2095,2,0,10,13.7393,6009.28,0,0,0
1524,2,0,10,13.7197,5907.55
1624,2,0,10,13.7151,5883.41
2090,3,0,0,12.6283,194.986,0.0353333,154.113,0.07,1
1524,3,0,0,12.6192,100.283
2095,3,0,0,12.6,0
2124,3,0,1,12.6757,413.155,0.0435,189.734,0.02,2
2089,3,0,1,12.6725,395.598
2102,3,0,1,12.6721,393.567
1497,3,0,1,12.6709,387.027
1660,3,0,1,12.6681,372.374
2090,3,0,1,12.6636,349.1
1445,3,0,2,12.7886,962.714,0.0491667,214.45,0.02,3
2087,3,0,2,12.7633,833.788
2088,3,0,2,12.7509,769.709
1644,3,0,2,12.7459,743.566
2089,3,0,2,12.7281,644.103
2124,3,0,2,12.7192,602.888
1655,3,0,3,12.9639,1820.77,0.0521667,227.535,0.27,4
2121,3,0,3,12.9617,1809.6
1424,3,0,3,12.936,1678.04
2083,3,0,3,12.9046,1519.1
2101,3,0,3,12.8911,1447.92
1658,3,0,3,12.8795,1391.33
1649,3,0,3,12.8555,1270.06
1444,3,0,3,12.8539,1261.4
1445,3,0,3,12.8377,1177.16
2077,3,0,4,13.0464,2201.92,0.0361667,157.748,0,5
2078,3,0,4,13.0377,2159.07
1823,3,0,4,13.0293,2115.84
2097,3,0,4,13.0203,2070.35
1655,3,0,4,13.0161,2048.31
2058,3,0,5,13.1118,2507.67,0.0933333,407.092,0.2,6
2062,3,0,5,13.1007,2452.86
2077,3,0,5,13.0826,2359.67
2038,3,0,6,13.2578,3181.8,0.0538333,234.805,0.02,7
1124,3,0,6,13.2451,3118.89
1144,3,0,6,13.2396,3088.91
1191,3,0,6,13.2326,3052.5
1193,3,0,6,13.2261,3018.27
1197,3,0,6,13.211,2943.83
2058,3,0,6,13.2052,2914.76
1101,3,0,7,13.3585,3641.2,0.0546667,238.44,0.12,8
1100,3,0,7,13.345,3573.94
1102,3,0,7,13.3214,3466.62
2038,3,0,7,13.3117,3416.6
1658,3,0,8,13.6167,4943.62,0.0673333,293.688,0.46,9
1436,3,0,8,13.6124,4920.08
2101,3,0,8,13.6089,4902.52
2083,3,0,8,13.5927,4820.15
1430,3,0,8,13.5779,4744.4
1428,3,0,8,13.5636,4674.31
1426,3,0,8,13.5557,4634.32
2103,3,0,8,13.5501,4605.1
2177,3,0,8,13.55,4604.74
1841,3,0,8,13.5499,4603.39
2060,3,0,8,13.513,4401.17
1551,3,0,8,13.5123,4397
1550,3,0,8,13.5115,4393.22
1196,3,0,8,13.5049,4349.62
1194,3,0,8,13.5047,4348.1
1190,3,0,8,13.4936,4282.64
1186,3,0,8,13.4786,4207.37
1187,3,0,8,13.476,4191.49
1124,3,0,8,13.4595,4113.05
2038,3,0,8,13.4482,4056.11
1102,3,0,8,13.4384,4005.68
1100,3,0,8,13.4242,3936.28
1101,3,0,8,13.4132,3879.64
1624,3,0,9,13.7983,5837.88,0.0715,311.861,0.1,10
2090,3,0,9,13.7781,5730.78
1497,3,0,9,13.7749,5714.16
2102,3,0,9,13.773,5704.52
2089,3,0,9,13.7727,5702.86
2124,3,0,9,13.766,5670.74
1826,3,0,9,13.7503,5595.68
1450,3,0,9,13.7479,5580.2
1829,3,0,9,13.743,5550.52
1447,3,0,9,13.7371,5516.14
1446,3,0,9,13.7266,5460.17
1648,3,0,9,13.7143,5391.05
1444,3,0,9,13.7091,5365.14
1649,3,0,9,13.7068,5353.51
1658,3,0,9,13.6841,5237.3
2095,3,0,10,13.894,6275.61,0,0,0
1524,3,0,10,13.8745,6173.89
1624,3,0,10,13.8698,6149.74
1624,4,0,0,12.4087,302.839,0.104,453.617,0.08,1
2090,4,0,0,12.3883,194.986
1524,4,0,0,12.3792,100.283
2095,4,0,0,12.36,0
2090,4,0,1,12.5256,871.663,0.0353333,154.113,0.07,2
1524,4,0,1,12.5165,776.96
1624,4,0,1,12.5127,756.456
2124,4,0,2,12.573,1089.83,0.0435,189.734,0.02,3
2089,4,0,2,12.5698,1072.28
2102,4,0,2,12.5694,1070.24
1497,4,0,2,12.5682,1063.7
1660,4,0,2,12.5655,1049.05
2090,4,0,2,12.5609,1025.78
1445,4,0,3,12.6859,1639.39,0.0491667,214.45,0.02,4
2087,4,0,3,12.6606,1510.46
2088,4,0,3,12.6482,1446.39
1644,4,0,3,12.6432,1420.24
2089,4,0,3,12.6254,1320.78
2124,4,0,3,12.6165,1279.57
1658,4,0,4,12.7768,2068.01,0.0986667,430.354,0.47,5
1649,4,0,4,12.7528,1946.74
1444,4,0,4,12.7512,1938.08
1445,4,0,4,12.735,1853.84
1655,4,0,5,12.9599,2927.8,0.0521667,227.535,0.27,6
2121,4,0,5,12.9577,2916.63
1424,4,0,5,12.932,2785.07
2083,4,0,5,12.9006,2626.13
2101,4,0,5,12.8871,2554.95
1658,4,0,5,12.8755,2498.37
2077,4,0,6,13.0424,3308.95,0.0361667,157.748,0,7
2078,4,0,6,13.0336,3266.1
1823,4,0,6,13.0253,3222.87
2097,4,0,6,13.0162,3177.38
1655,4,0,6,13.012,3155.34
2058,4,0,7,13.1078,3614.7,0.0933333,407.092,0.2,8
2062,4,0,7,13.0967,3559.89
2077,4,0,7,13.0785,3466.7
1101,4,0,8,13.3007,4513.43,0.0546667,238.44,0.12,9
1100,4,0,8,13.2871,4446.17
1102,4,0,8,13.2635,4338.85
2038,4,0,8,13.2538,4288.83
1124,4,0,8,13.2411,4225.92
1144,4,0,8,13.2356,4195.94
1191,4,0,8,13.2286,4159.53
1193,4,0,8,13.2221,4125.3
1197,4,0,8,13.2069,4050.87
2058,4,0,8,13.2012,4021.79
2038,4,0,9,13.3903,4928.34,0.0538333,234.805,0.02,10
1102,4,0,9,13.3805,4877.9
1100,4,0,9,13.3663,4808.51
1101,4,0,9,13.3553,4751.87
2095,4,0,10,13.6651,6374.09,0,0,0
1524,4,0,10,13.6456,6272.37
1624,4,0,10,13.6409,6248.23
2090,4,0,10,13.6207,6141.13
1497,4,0,10,13.6175,6124.5
2102,4,0,10,13.6156,6114.87
2089,4,0,10,13.6153,6113.21
2124,4,0,10,13.6086,6081.09
1826,4,0,10,13.5929,6006.02
1450,4,0,10,13.5905,5990.54
1829,4,0,10,13.5856,5960.86
1447,4,0,10,13.5797,5926.48
1832,4,0,10,13.5703,5872.06
1833,4,0,10,13.5617,5799.08
1835,4,0,10,13.5514,5741.03
2103,4,0,10,13.5461,5712.13
2177,4,0,10,13.546,5711.77
1841,4,0,10,13.5459,5710.42
2060,4,0,10,13.509,5508.2
1551,4,0,10,13.5083,5504.03
1550,4,0,10,13.5075,5500.25
1196,4,0,10,13.5008,5456.65
1194,4,0,10,13.5006,5455.13
1190,4,0,10,13.4896,5389.67
1186,4,0,10,13.4746,5314.4
1187,4,0,10,13.472,5298.52
1124,4,0,10,13.4554,5220.08
2038,4,0,10,13.4441,5163.15
2124,5,0,0,12.5903,259.041,0.0435,189.734,0.02,1
2089,5,0,0,12.5871,241.485
2102,5,0,0,12.5867,239.454
1497,5,0,0,12.5855,232.914
1660,5,0,0,12.5828,218.261
2090,5,0,0,12.5783,194.986
1524,5,0,0,12.5692,100.283
2095,5,0,0,12.55,0
1445,5,0,1,12.7032,808.6,0.0491667,214.45,0.02,2
2087,5,0,1,12.678,679.675
2088,5,0,1,12.6656,615.595
1644,5,0,1,12.6606,589.452
2089,5,0,1,12.6428,489.99
2124,5,0,1,12.6338,448.775
1658,5,0,2,12.7942,1237.22,0.0986667,430.354,0.47,3
1649,5,0,2,12.7702,1115.95
1444,5,0,2,12.7686,1107.29
1445,5,0,2,12.7524,1023.05
1655,5,0,3,12.9772,2097.01,0.0521667,227.535,0.27,4
2121,5,0,3,12.9751,2085.84
1424,5,0,3,12.9493,1954.28
2083,5,0,3,12.9179,1795.34
2101,5,0,3,12.9044,1724.16
1658,5,0,3,12.8928,1667.58
2077,5,0,4,13.0597,2478.16,0.0361667,157.748,0,5
2078,5,0,4,13.051,2435.32
1823,5,0,4,13.0426,2392.08
2097,5,0,4,13.0336,2346.59
1655,5,0,4,13.0294,2324.55
2058,5,0,5,13.1252,2783.91,0.0933333,407.092,0.2,6
2062,5,0,5,13.1141,2729.1
2077,5,0,5,13.0959,2635.91
2038,5,0,6,13.2712,3458.04,0.0538333,234.805,0.02,7
1124,5,0,6,13.2585,3395.13
1144,5,0,6,13.253,3365.15
1191,5,0,6,13.246,3328.74
1193,5,0,6,13.2395,3294.51
1197,5,0,6,13.2243,3220.08
2058,5,0,6,13.2185,3191
1101,5,0,7,13.3719,3917.44,0.0546667,238.44,0.12,8
1100,5,0,7,13.3583,3850.18
1102,5,0,7,13.3347,3742.87
2038,5,0,7,13.325,3692.84
1624,5,0,8,13.6583,5417.44,0.0715,311.861,0.1,9
2090,5,0,8,13.638,5310.34
1497,5,0,8,13.6349,5293.71
2102,5,0,8,13.6329,5284.08
2089,5,0,8,13.6326,5282.42
2124,5,0,8,13.6259,5250.3
1826,5,0,8,13.6102,5175.23
1450,5,0,8,13.6079,5159.75
1829,5,0,8,13.6029,5130.07
1447,5,0,8,13.5971,5095.69
1832,5,0,8,13.5876,5041.28
1833,5,0,8,13.579,4968.29
1835,5,0,8,13.5687,4910.24
2103,5,0,8,13.5634,4881.34
2177,5,0,8,13.5634,4880.98
1841,5,0,8,13.5632,4879.63
2060,5,0,8,13.5263,4677.41
1551,5,0,8,13.5256,4673.24
1550,5,0,8,13.5249,4669.46
1196,5,0,8,13.5182,4625.86
1194,5,0,8,13.518,4624.34
1190,5,0,8,13.5069,4558.88
1186,5,0,8,13.492,4483.62
1187,5,0,8,13.4894,4467.73
1124,5,0,8,13.4728,4389.29
2038,5,0,8,13.4615,4332.36
1102,5,0,8,13.4517,4281.92
1100,5,0,8,13.4375,4212.52
1101,5,0,8,13.4265,4155.88
2095,5,0,9,13.754,5855.17,0,0,0
1524,5,0,9,13.7344,5753.44
1624,5,0,9,13.7298,5729.3
2090,5,1,0,15.837,192.482,0.0666667,290.78,0.04,1
1524,5,1,0,15.8283,96.317
2095,5,1,0,15.81,0
2095,5,1,1,15.9461,707.482,0,0,0
1524,5,1,1,15.9288,615.255
1624,5,1,1,15.9255,596.858
2090,5,1,1,15.9037,483.262
1624,6,0,0,12.2387,302.839,0.104,453.617,0.08,1
2090,6,0,0,12.2183,194.986
1524,6,0,0,12.2092,100.283
2095,6,0,0,12.19,0
2090,6,0,1,12.3556,871.663,0.0353333,154.113,0.07,2
1524,6,0,1,12.3465,776.96
1624,6,0,1,12.3427,756.456
2124,6,0,2,12.403,1089.83,0.0435,189.734,0.02,3
2089,6,0,2,12.3998,1072.28
2102,6,0,2,12.3994,1070.24
1497,6,0,2,12.3982,1063.7
1660,6,0,2,12.3955,1049.05
2090,6,0,2,12.3909,1025.78
1445,6,0,3,12.5159,1639.39,0.0491667,214.45,0.02,4
2087,6,0,3,12.4906,1510.46
2088,6,0,3,12.4782,1446.39
1644,6,0,3,12.4732,1420.24
2089,6,0,3,12.4554,1320.78
2124,6,0,3,12.4465,1279.57
1655,6,0,4,12.6912,2497.45,0.0521667,227.535,0.27,5
2121,6,0,4,12.689,2486.27
1424,6,0,4,12.6633,2354.72
2083,6,0,4,12.6319,2195.77
2101,6,0,4,12.6184,2124.59
1658,6,0,4,12.6068,2068.01
1649,6,0,4,12.5828,1946.74
1444,6,0,4,12.5812,1938.08
1445,6,0,4,12.565,1853.84
1101,6,0,5,12.9128,3561.72,0.0638333,278.422,0.11,6
1100,6,0,5,12.8978,3488.51
1102,6,0,5,12.8802,3405.05
2038,6,0,5,12.8703,3353.98
1124,6,0,5,12.858,3293.03
1144,6,0,5,12.8495,3250.5
1191,6,0,5,12.8439,3219.87
1193,6,0,5,12.8362,3180.62
1197,6,0,5,12.8165,3087.51
2058,6,0,5,12.8107,3058.44
2062,6,0,5,12.7983,2998.27
2077,6,0,5,12.78,2904.6
2078,6,0,5,12.7711,2860.94
1823,6,0,5,12.7617,2813.66
2097,6,0,5,12.7488,2752.04
1655,6,0,5,12.7434,2724.98
2038,6,0,6,13.0113,4015.22,0.0538333,234.805,0.02,7
1102,6,0,6,13.0008,3961.86
1100,6,0,6,12.9879,3897.97
1101,6,0,6,12.9767,3840.14
2058,6,0,7,13.1266,4550.12,0.0933333,407.092,0.2,8
1197,6,0,7,13.1199,4517.34
1191,6,0,7,13.1002,4420.29
1144,6,0,7,13.0892,4367.34
1124,6,0,7,13.0764,4306.96
2038,6,0,7,13.0651,4250.03
2077,6,0,8,13.2513,5114.01,0.0361667,157.748,0,9
2062,6,0,8,13.2308,5010.9
2058,6,0,8,13.2199,4957.21
1658,6,0,9,13.397,5830.8,0.0673333,293.688,0.46,10
1436,6,0,9,13.3926,5807.27
2101,6,0,9,13.3891,5789.71
2083,6,0,9,13.373,5707.33
1424,6,0,9,13.341,5546.04
2121,6,0,9,13.3169,5421.15
2098,6,0,9,13.3083,5377.31
1823,6,0,9,13.3034,5352.98
2078,6,0,9,13.2962,5314.69
2077,6,0,9,13.2875,5271.76
2095,6,0,10,13.6028,6850.93,0,0,0
1524,6,0,10,13.5832,6749.21
1624,6,0,10,13.5786,6725.07
2090,6,0,10,13.5583,6617.97
1497,6,0,10,13.5552,6601.34
2102,6,0,10,13.5532,6591.71
2089,6,0,10,13.5529,6590.05
2124,6,0,10,13.5462,6557.93
1826,6,0,10,13.5305,6482.86
1450,6,0,10,13.5282,6467.38
1829,6,0,10,13.5232,6437.7
1447,6,0,10,13.5174,6403.32
1446,6,0,10,13.5069,6347.35
1648,6,0,10,13.4946,6278.24
1444,6,0,10,13.4894,6252.32
1649,6,0,10,13.4871,6240.69
1658,6,0,10,13.4643,6124.49
1624,7,0,0,12.4387,302.839,0.104,453.617,0.08,1
2090,7,0,0,12.4183,194.986
1524,7,0,0,12.4092,100.283
2095,7,0,0,12.39,0
2124,7,0,1,12.5676,935.718,0.0435,189.734,0.02,2
2089,7,0,1,12.5644,918.162
2102,7,0,1,12.564,916.131
1497,7,0,1,12.5628,909.591
1660,7,0,1,12.5601,894.938
2090,7,0,1,12.5556,871.663
1524,7,0,1,12.5465,776.96
1624,7,0,1,12.5427,756.456
1445,7,0,2,12.6805,1485.28,0.0491667,214.45,0.02,3
2087,7,0,2,12.6553,1356.35
2088,7,0,2,12.6429,1292.27
1644,7,0,2,12.6379,1266.13
2089,7,0,2,12.6201,1166.67
2124,7,0,2,12.6111,1125.45
1658,7,0,3,12.7715,1913.9,0.0986667,430.354,0.47,4
1649,7,0,3,12.7475,1792.63
1444,7,0,3,12.7459,1783.96
1445,7,0,3,12.7297,1699.73
1655,7,0,4,12.9545,2773.69,0.0521667,227.535,0.27,5
2121,7,0,4,12.9524,2762.51
1424,7,0,4,12.9266,2630.96
2083,7,0,4,12.8952,2472.01
2101,7,0,4,12.8817,2400.84
1658,7,0,4,12.8701,2344.25
2077,7,0,5,13.037,3154.84,0.0361667,157.748,0,6
2078,7,0,5,13.0283,3111.99
1823,7,0,5,13.0199,3068.76
2097,7,0,5,13.0109,3023.26
1655,7,0,5,13.0067,3001.23
2058,7,0,6,13.1025,3460.59,0.0933333,407.092,0.2,7
2062,7,0,6,13.0914,3405.78
2077,7,0,6,13.0732,3312.59
1101,7,0,7,13.2953,4359.31,0.0546667,238.44,0.12,8
1100,7,0,7,13.2818,4292.05
1102,7,0,7,13.2582,4184.74
2038,7,0,7,13.2485,4134.71
1124,7,0,7,13.2358,4071.81
1144,7,0,7,13.2303,4041.82
1191,7,0,7,13.2233,4005.42
1193,7,0,7,13.2168,3971.19
1197,7,0,7,13.2016,3896.75
2058,7,0,7,13.1958,3867.68
2038,7,0,8,13.385,4774.23,0.0538333,234.805,0.02,9
1102,7,0,8,13.3752,4723.79
1100,7,0,8,13.361,4654.4
1101,7,0,8,13.35,4597.75
2095,7,0,9,13.6598,6219.98,0,0,0
1524,7,0,9,13.6402,6118.26
1624,7,0,9,13.6356,6094.11
2090,7,0,9,13.6153,5987.02
1497,7,0,9,13.6122,5970.39
2102,7,0,9,13.6102,5960.75
2089,7,0,9,13.6099,5959.09
2124,7,0,9,13.6032,5926.97
1826,7,0,9,13.5875,5851.91
1450,7,0,9,13.5852,5836.43
1829,7,0,9,13.5802,5806.75
1447,7,0,9,13.5744,5772.37
1832,7,0,9,13.5649,5717.95
1833,7,0,9,13.5563,5644.97
1835,7,0,9,13.546,5586.91
2103,7,0,9,13.5408,5558.02
2177,7,0,9,13.5407,5557.66
1841,7,0,9,13.5405,5556.31
2060,7,0,9,13.5037,5354.09
1551,7,0,9,13.5029,5349.92
1550,7,0,9,13.5022,5346.13
1196,7,0,9,13.4955,5302.54
1194,7,0,9,13.4953,5301.02
1190,7,0,9,13.4842,5235.55
1186,7,0,9,13.4693,5160.29
1187,7,0,9,13.4667,5144.41
1124,7,0,9,13.4501,5065.96
2038,7,0,9,13.4388,5009.03
2090,7,1,0,15.217,192.482,0.0666667,290.78,0.04,1
1524,7,1,0,15.2083,96.317
2095,7,1,0,15.19,0
2095,7,1,1,15.3261,707.482,0,0,0
1524,7,1,1,15.3088,615.255
1624,7,1,1,15.3055,596.858
2090,7,1,1,15.2837,483.262
1624,8,0,0,12.5687,302.839,0.104,453.617,0.08,1
2090,8,0,0,12.5483,194.986
1524,8,0,0,12.5392,100.283
2095,8,0,0,12.52,0
2124,8,0,1,12.6976,935.718,0.0435,189.734,0.02,2
2089,8,0,1,12.6944,918.162
2102,8,0,1,12.694,916.131
1497,8,0,1,12.6928,909.591
1660,8,0,1,12.6901,894.938
2090,8,0,1,12.6856,871.663
1524,8,0,1,12.6765,776.96
1624,8,0,1,12.6727,756.456
1445,8,0,2,12.8105,1485.28,0.0491667,214.45,0.02,3
2087,8,0,2,12.7853,1356.35
2088,8,0,2,12.7729,1292.27
1644,8,0,2,12.7679,1266.13
2089,8,0,2,12.7501,1166.67
2124,8,0,2,12.7411,1125.45
1655,8,0,3,12.9859,2343.34,0.0521667,227.535,0.27,4
2121,8,0,3,12.9837,2332.16
1424,8,0,3,12.958,2200.6
2083,8,0,3,12.9266,2041.66
2101,8,0,3,12.9131,1970.48
1658,8,0,3,12.9015,1913.9
1649,8,0,3,12.8775,1792.63
1444,8,0,3,12.8759,1783.96
1445,8,0,3,12.8597,1699.73
2077,8,0,4,13.0684,2724.49,0.0361667,157.748,0,5
2078,8,0,4,13.0596,2681.64
1823,8,0,4,13.0513,2638.4
2097,8,0,4,13.0422,2592.91
1655,8,0,4,13.0381,2570.87
2058,8,0,5,13.1338,3030.23,0.0933333,407.092,0.2,6
2062,8,0,5,13.1227,2975.42
2077,8,0,5,13.1045,2882.23
2038,8,0,6,13.2798,3704.36,0.0538333,234.805,0.02,7
1124,8,0,6,13.2671,3641.45
1144,8,0,6,13.2616,3611.47
1191,8,0,6,13.2546,3575.06
1193,8,0,6,13.2481,3540.84
1197,8,0,6,13.2329,3466.4
2058,8,0,6,13.2272,3437.32
1101,8,0,7,13.3805,4163.76,0.0546667,238.44,0.12,8
1100,8,0,7,13.367,4096.5
1102,8,0,7,13.3434,3989.19
2038,8,0,7,13.3337,3939.17
1658,8,0,8,13.6387,5466.18,0.0673333,293.688,0.46,9
1436,8,0,8,13.6343,5442.65
2101,8,0,8,13.6309,5425.09
2083,8,0,8,13.6147,5342.71
1430,8,0,8,13.5998,5266.96
1428,8,0,8,13.5856,5196.87
1426,8,0,8,13.5776,5156.89
2103,8,0,8,13.5721,5127.67
2177,8,0,8,13.572,5127.31
1841,8,0,8,13.5719,5125.96
2060,8,0,8,13.535,4923.73
1551,8,0,8,13.5343,4919.56
1550,8,0,8,13.5335,4915.78
1196,8,0,8,13.5268,4872.18
1194,8,0,8,13.5266,4870.66
1190,8,0,8,13.5156,4805.2
1186,8,0,8,13.5006,4729.94
1187,8,0,8,13.498,4714.06
1124,8,0,8,13.4814,4635.61
2038,8,0,8,13.4701,4578.68
1102,8,0,8,13.4603,4528.24
1100,8,0,8,13.4462,4458.85
1101,8,0,8,13.4352,4402.2
2095,8,0,9,13.8445,6486.31,0,0,0
1524,8,0,9,13.825,6384.59
1624,8,0,9,13.8203,6360.45
2090,8,0,9,13.8001,6253.35
1497,8,0,9,13.7969,6236.72
2102,8,0,9,13.795,6227.09
2089,8,0,9,13.7946,6225.43
2124,8,0,9,13.788,6193.31
1826,8,0,9,13.7723,6118.24
1450,8,0,9,13.7699,6102.76
1829,8,0,9,13.765,6073.08
1447,8,0,9,13.7591,6038.7
1446,8,0,9,13.7486,5982.73
1648,8,0,9,13.7363,5913.62
1444,8,0,9,13.7311,5887.7
1649,8,0,9,13.7288,5876.07
1658,8,0,9,13.706,5759.87
2090,8,1,0,15.707,192.482,0.0666667,290.78,0.04,1
1524,8,1,0,15.6983,96.317
2095,8,1,0,15.68,0
2095,8,1,1,15.8161,707.482,0,0,0
1524,8,1,1,15.7988,615.255
1624,8,1,1,15.7955,596.858
2090,8,1,1,15.7737,483.262
1624,9,0,0,12.6587,302.839,0.104,453.617,0.08,1
2090,9,0,0,12.6383,194.986
1524,9,0,0,12.6292,100.283
2095,9,0,0,12.61,0
2124,9,0,1,12.7876,935.718,0.0435,189.734,0.02,2
2089,9,0,1,12.7844,918.162
2102,9,0,1,12.784,916.131
1497,9,0,1,12.7828,909.591
1660,9,0,1,12.7801,894.938
2090,9,0,1,12.7756,871.663
1524,9,0,1,12.7665,776.96
1624,9,0,1,12.7627,756.456
1655,9,0,2,12.9937,2037.1,0.0521667,227.535,0.27,3
1425,9,0,2,12.9568,1845.31
1430,9,0,2,12.9374,1747.53
1428,9,0,2,12.9238,1680.14
1426,9,0,2,12.916,1640.7
2103,9,0,2,12.91,1609.46
1677,9,0,2,12.9053,1586.67
1836,9,0,2,12.8985,1554.45
1834,9,0,2,12.8815,1465.58
1830,9,0,2,12.8736,1389.36
1828,9,0,2,12.8647,1303.95
1449,9,0,2,12.854,1251.09
1825,9,0,2,12.8487,1224.06
2124,9,0,2,12.8311,1125.45
2077,9,0,3,13.0762,2418.25,0.0361667,157.748,0,4
2078,9,0,3,13.0675,2375.4
1823,9,0,3,13.0591,2332.17
2097,9,0,3,13.0501,2286.68
1655,9,0,3,13.0459,2264.64
2058,9,0,4,13.1417,2724,0.0933333,407.092,0.2,5
2062,9,0,4,13.1305,2669.19
2077,9,0,4,13.1124,2576
2038,9,0,5,13.2877,3398.13,0.0538333,234.805,0.02,6
1124,9,0,5,13.2749,3335.22
1144,9,0,5,13.2694,3305.24
1191,9,0,5,13.2624,3268.83
1193,9,0,5,13.2559,3234.6
1197,9,0,5,13.2408,3160.17
2058,9,0,5,13.235,3131.09
1101,9,0,6,13.3883,3857.53,0.0546667,238.44,0.12,7
1100,9,0,6,13.3748,3790.27
1102,9,0,6,13.3512,3682.95
2038,9,0,6,13.3415,3632.93
1658,9,0,7,13.6465,5159.95,0.0673333,293.688,0.46,8
1436,9,0,7,13.6422,5136.41
2101,9,0,7,13.6387,5118.85
2083,9,0,7,13.6226,5036.48
1430,9,0,7,13.6077,4960.73
1428,9,0,7,13.5934,4890.64
1426,9,0,7,13.5855,4850.65
2103,9,0,7,13.5799,4821.43
2177,9,0,7,13.5799,4821.07
1841,9,0,7,13.5797,4819.72
2060,9,0,7,13.5428,4617.5
1551,9,0,7,13.5421,4613.33
1550,9,0,7,13.5413,4609.55
1196,9,0,7,13.5347,4565.95
1194,9,0,7,13.5345,4564.43
1190,9,0,7,13.5234,4498.97
1186,9,0,7,13.5084,4423.7
1187,9,0,7,13.5059,4407.82
1124,9,0,7,13.4893,4329.38
2038,9,0,7,13.478,4272.44
1102,9,0,7,13.4682,4222.01
1100,9,0,7,13.454,4152.61
1101,9,0,7,13.443,4095.97
1445,9,0,8,13.7537,5659.6,0.105333,459.432,0.01,9
1444,9,0,8,13.739,5581.47
1649,9,0,8,13.7366,5569.84
1658,9,0,8,13.7139,5453.63
2095,9,0,9,13.9689,6696.76,0,0,0
1524,9,0,9,13.9494,6595.04
1624,9,0,9,13.9447,6570.9
2090,9,0,9,13.9245,6463.8
1497,9,0,9,13.9213,6447.17
2102,9,0,9,13.9194,6437.54
2089,9,0,9,13.919,6435.88
1644,9,0,9,13.9003,6332.5
2088,9,0,9,13.8941,6301.21
2087,9,0,9,13.8813,6235.47
1445,9,0,9,13.859,6119.03
2090,9,1,0,15.407,192.482,0.0666667,290.78,0.04,1
1524,9,1,0,15.3983,96.317
2095,9,1,0,15.38,0
2095,9,1,1,15.5161,707.482,0,0,0
1524,9,1,1,15.4988,615.255
1624,9,1,1,15.4955,596.858
2090,9,1,1,15.4737,483.262
1624,10,0,0,12.3787,302.839,0.104,453.617,0.08,1
2090,10,0,0,12.3583,194.986
1524,10,0,0,12.3492,100.283
2095,10,0,0,12.33,0
2124,10,0,1,12.5076,935.718,0.0435,189.734,0.02,2
2089,10,0,1,12.5044,918.162
2102,10,0,1,12.504,916.131
1497,10,0,1,12.5028,909.591
1660,10,0,1,12.5001,894.938
2090,10,0,1,12.4956,871.663
1524,10,0,1,12.4865,776.96
1624,10,0,1,12.4827,756.456
1655,10,0,2,12.7137,2037.1,0.0521667,227.535,0.27,3
1425,10,0,2,12.6768,1845.31
1430,10,0,2,12.6574,1747.53
1428,10,0,2,12.6438,1680.14
1426,10,0,2,12.636,1640.7
2103,10,0,2,12.63,1609.46
1677,10,0,2,12.6253,1586.67
1836,10,0,2,12.6185,1554.45
1834,10,0,2,12.6015,1465.58
1830,10,0,2,12.5936,1389.36
1828,10,0,2,12.5847,1303.95
1449,10,0,2,12.574,1251.09
1825,10,0,2,12.5687,1224.06
2124,10,0,2,12.5511,1125.45
1101,10,0,3,12.9353,3101.38,0.0638333,278.422,0.11,4
1100,10,0,3,12.9204,3028.16
1102,10,0,3,12.9027,2944.7
2038,10,0,3,12.8928,2893.63
1124,10,0,3,12.8805,2832.68
1144,10,0,3,12.872,2790.15
1191,10,0,3,12.8664,2759.52
1193,10,0,3,12.8587,2720.27
1197,10,0,3,12.839,2627.16
2058,10,0,3,12.8332,2598.09
2062,10,0,3,12.8208,2537.93
2077,10,0,3,12.8025,2444.25
2078,10,0,3,12.7936,2400.59
1823,10,0,3,12.7842,2353.31
2097,10,0,3,12.7713,2291.69
1655,10,0,3,12.7659,2264.64
2038,10,0,4,13.0338,3554.88,0.0538333,234.805,0.02,5
1102,10,0,4,13.0233,3501.52
1100,10,0,4,13.0104,3437.63
1101,10,0,4,12.9992,3379.8
2058,10,0,5,13.1491,4089.77,0.0933333,407.092,0.2,6
1197,10,0,5,13.1424,4057
1191,10,0,5,13.1227,3959.95
1144,10,0,5,13.1117,3906.99
1124,10,0,5,13.0989,3846.61
2038,10,0,5,13.0876,3789.68
2077,10,0,6,13.2738,4653.67,0.0361667,157.748,0,7
2062,10,0,6,13.2533,4550.55
2058,10,0,6,13.2424,4496.86
1658,10,0,7,13.4195,5370.45,0.0673333,293.688,0.46,8
1436,10,0,7,13.4151,5346.92
2101,10,0,7,13.4116,5329.36
2083,10,0,7,13.3955,5246.99
1424,10,0,7,13.3635,5085.69
2121,10,0,7,13.3394,4960.81
2098,10,0,7,13.3308,4916.96
1823,10,0,7,13.3259,4892.63
2078,10,0,7,13.3187,4854.34
2077,10,0,7,13.31,4811.42
1445,10,0,8,13.5266,5870.11,0.105333,459.432,0.01,9
1444,10,0,8,13.5119,5791.97
1649,10,0,8,13.5096,5780.35
1658,10,0,8,13.4868,5664.14
2095,10,0,9,13.7418,6907.27,0,0,0
1524,10,0,9,13.7223,6805.55
1624,10,0,9,13.7176,6781.4
2090,10,0,9,13.6974,6674.31
1497,10,0,9,13.6942,6657.68
2102,10,0,9,13.6923,6648.04
2089,10,0,9,13.692,6646.38
1644,10,0,9,13.6733,6543
2088,10,0,9,13.667,6511.71
2087,10,0,9,13.6542,6445.98
1445,10,0,9,13.632,6329.54
2090,10,1,0,15.397,192.482,0.0666667,290.78,0.04,1
1524,10,1,0,15.3883,96.317
2095,10,1,0,15.37,0
2095,10,1,1,15.5061,707.482,0,0,0
1524,10,1,1,15.4888,615.255
1624,10,1,1,15.4855,596.858
2090,10,1,1,15.4637,483.262
1624,11,0,0,12.5587,302.839,0.104,453.617,0.08,1
2090,11,0,0,12.5383,194.986
1524,11,0,0,12.5292,100.283
2095,11,0,0,12.51,0
2124,11,0,1,12.6876,935.718,0.0435,189.734,0.02,2
2089,11,0,1,12.6844,918.162
2102,11,0,1,12.684,916.131
1497,11,0,1,12.6828,909.591
1660,11,0,1,12.6801,894.938
2090,11,0,1,12.6756,871.663
1524,11,0,1,12.6665,776.96
1624,11,0,1,12.6627,756.456
1445,11,0,2,12.8005,1485.28,0.0491667,214.45,0.02,3
2087,11,0,2,12.7753,1356.35
2088,11,0,2,12.7629,1292.27
1644,11,0,2,12.7579,1266.13
2089,11,0,2,12.7401,1166.67
2124,11,0,2,12.7311,1125.45
1655,11,0,3,12.9759,2343.34,0.0521667,227.535,0.27,4
2121,11,0,3,12.9737,2332.16
1424,11,0,3,12.948,2200.6
2083,11,0,3,12.9166,2041.66
2101,11,0,3,12.9031,1970.48
1658,11,0,3,12.8915,1913.9
1649,11,0,3,12.8675,1792.63
1444,11,0,3,12.8659,1783.96
1445,11,0,3,12.8497,1699.73
2077,11,0,4,13.0584,2724.49,0.0361667,157.748,0,5
2078,11,0,4,13.0496,2681.64
1823,11,0,4,13.0413,2638.4
2097,11,0,4,13.0322,2592.91
1655,11,0,4,13.0281,2570.87
2058,11,0,5,13.1238,3030.23,0.0933333,407.092,0.2,6
2062,11,0,5,13.1127,2975.42
2077,11,0,5,13.0945,2882.23
1101,11,0,6,13.3167,3928.96,0.0546667,238.44,0.12,7
1100,11,0,6,13.3031,3861.7
1102,11,0,6,13.2795,3754.38
2038,11,0,6,13.2698,3704.36
1124,11,0,6,13.2571,3641.45
1144,11,0,6,13.2516,3611.47
1191,11,0,6,13.2446,3575.06
1193,11,0,6,13.2381,3540.84
1197,11,0,6,13.2229,3466.4
2058,11,0,6,13.2172,3437.32
2038,11,0,7,13.4063,4343.87,0.0538333,234.805,0.02,8
1102,11,0,7,13.3965,4293.44
1100,11,0,7,13.3823,4224.04
1101,11,0,7,13.3713,4167.4
2095,11,0,8,13.6811,5789.63,0,0,0
1524,11,0,8,13.6616,5687.9
1624,11,0,8,13.6569,5663.76
2090,11,0,8,13.6367,5556.66
1497,11,0,8,13.6335,5540.04
2102,11,0,8,13.6316,5530.4
2089,11,0,8,13.6313,5528.74
2124,11,0,8,13.6246,5496.62
1826,11,0,8,13.6089,5421.56
1450,11,0,8,13.6065,5406.07
1829,11,0,8,13.6016,5376.39
1447,11,0,8,13.5957,5342.01
1832,11,0,8,13.5863,5287.6
1833,11,0,8,13.5777,5214.62
1835,11,0,8,13.5674,5156.56
2103,11,0,8,13.5621,5127.67
2177,11,0,8,13.562,5127.31
1841,11,0,8,13.5619,5125.96
2060,11,0,8,13.525,4923.73
1551,11,0,8,13.5243,4919.56
1550,11,0,8,13.5235,4915.78
1196,11,0,8,13.5168,4872.18
1194,11,0,8,13.5166,4870.66
1190,11,0,8,13.5056,4805.2
1186,11,0,8,13.4906,4729.94
1187,11,0,8,13.488,4714.06
1124,11,0,8,13.4714,4635.61
2038,11,0,8,13.4601,4578.68
2090,11,1,0,15.047,192.482,0.0666667,290.78,0.04,1
1524,11,1,0,15.0383,96.317
2095,11,1,0,15.02,0
1658,11,1,1,15.224,1059.97,0.09,392.553,0.43,2
1649,11,1,1,15.2017,945.697
1444,11,1,1,15.2001,936.948
1445,11,1,1,15.184,853.305
2087,11,1,1,15.1638,745.449
2088,11,1,1,15.1518,683.135
1644,11,1,1,15.1461,654.019
2089,11,1,1,15.1225,529.75
2102,11,1,1,15.1221,527.719
1497,11,1,1,15.1208,520.684
1660,11,1,1,15.1182,506.537
2090,11,1,1,15.1137,483.262
2095,11,1,2,15.465,2231.21,0,0,0
1524,11,1,2,15.4477,2138.98
1624,11,1,2,15.4444,2120.58
2090,11,1,2,15.4226,2006.99
1497,11,1,2,15.4192,1989.21
2102,11,1,2,15.4173,1979.58
2089,11,1,2,15.417,1978.29
2124,11,1,2,15.4065,1930.89
1826,11,1,2,15.3984,1887.17
1450,11,1,2,15.396,1871.62
1829,11,1,2,15.3907,1841.48
1447,11,1,2,15.3852,1807.53
1446,11,1,2,15.3719,1739.76
1648,11,1,2,15.3501,1630.46
1444,11,1,2,15.3456,1607.17
1649,11,1,2,15.3433,1595.54
1658,11,1,2,15.314,1452.53
1624,12,0,0,12.2887,302.839,0.104,453.617,0.08,1
2090,12,0,0,12.2683,194.986
1524,12,0,0,12.2592,100.283
2095,12,0,0,12.24,0
2124,12,0,1,12.4176,935.718,0.0435,189.734,0.02,2
2089,12,0,1,12.4144,918.162
2102,12,0,1,12.414,916.131
1497,12,0,1,12.4128,909.591
1660,12,0,1,12.4101,894.938
2090,12,0,1,12.4056,871.663
1524,12,0,1,12.3965,776.96
1624,12,0,1,12.3927,756.456
1445,12,0,2,12.5305,1485.28,0.0491667,214.45,0.02,3
2087,12,0,2,12.5053,1356.35
2088,12,0,2,12.4929,1292.27
1644,12,0,2,12.4879,1266.13
2089,12,0,2,12.4701,1166.67
2124,12,0,2,12.4611,1125.45
1655,12,0,3,12.7059,2343.34,0.0521667,227.535,0.27,4
2121,12,0,3,12.7037,2332.16
1424,12,0,3,12.678,2200.6
2083,12,0,3,12.6466,2041.66
2101,12,0,3,12.6331,1970.48
1658,12,0,3,12.6215,1913.9
1649,12,0,3,12.5975,1792.63
1444,12,0,3,12.5959,1783.96
1445,12,0,3,12.5797,1699.73
1101,12,0,4,12.9275,3407.61,0.0638333,278.422,0.11,5
1100,12,0,4,12.9125,3334.4
1102,12,0,4,12.8949,3250.94
2038,12,0,4,12.8849,3199.86
1124,12,0,4,12.8727,3138.91
1144,12,0,4,12.8642,3096.38
1191,12,0,4,12.8586,3065.76
1193,12,0,4,12.8509,3026.5
1197,12,0,4,12.8311,2933.4
2058,12,0,4,12.8253,2904.32
2062,12,0,4,12.8129,2844.16
2077,12,0,4,12.7946,2750.49
2078,12,0,4,12.7857,2706.83
1823,12,0,4,12.7764,2659.54
2097,12,0,4,12.7634,2597.92
1655,12,0,4,12.758,2570.87
2038,12,0,5,13.026,3861.11,0.0538333,234.805,0.02,6
1102,12,0,5,13.0155,3807.75
1100,12,0,5,13.0026,3743.86
1101,12,0,5,12.9913,3686.03
2058,12,0,6,13.1412,4396,0.0933333,407.092,0.2,7
1197,12,0,6,13.1346,4363.23
1191,12,0,6,13.1149,4266.18
1144,12,0,6,13.1039,4213.23
1124,12,0,6,13.0911,4152.85
2038,12,0,6,13.0798,4095.91
2077,12,0,7,13.266,4959.9,0.0361667,157.748,0,8
2062,12,0,7,13.2454,4856.78
2058,12,0,7,13.2346,4803.1
2095,12,0,8,13.4868,6111.29,0,0,0
1524,12,0,8,13.4673,6009.56
1624,12,0,8,13.4626,5985.42
2090,12,0,8,13.4424,5878.32
1497,12,0,8,13.4392,5861.69
2102,12,0,8,13.4373,5852.06
2089,12,0,8,13.437,5850.4
2124,12,0,8,13.4303,5818.28
1826,12,0,8,13.4146,5743.22
1450,12,0,8,13.4122,5727.73
1829,12,0,8,13.4073,5698.05
1447,12,0,8,13.4014,5663.67
1832,12,0,8,13.392,5609.26
1833,12,0,8,13.3834,5536.27
1835,12,0,8,13.3731,5478.22
2103,12,0,8,13.3678,5449.32
2177,12,0,8,13.3677,5448.96
1841,12,0,8,13.3676,5447.62
1554,12,0,8,13.3615,5415.33
1416,12,0,8,13.36,5407.5
1415,12,0,8,13.3419,5318.83
2097,12,0,8,13.3284,5250.25
2098,12,0,8,13.323,5223.19
1823,12,0,8,13.3181,5198.87
2078,12,0,8,13.3109,5160.58
2077,12,0,8,13.3021,5117.65
1658,12,1,0,15.2874,769.195,0.09,392.553,0.43,1
1649,12,1,0,15.265,654.917
1444,12,1,0,15.2634,646.168
1445,12,1,0,15.2474,562.525
2087,12,1,0,15.2271,454.669
2088,12,1,0,15.2151,392.355
1644,12,1,0,15.2094,363.239
2089,12,1,0,15.1858,238.97
2102,12,1,0,15.1854,236.939
1497,12,1,0,15.1841,229.904
1660,12,1,0,15.1815,215.757
2090,12,1,0,15.177,192.482
1524,12,1,0,15.1683,96.317
2095,12,1,0,15.15,0
2090,12,1,1,15.486,1716.21,0.0666667,290.78,0.04,2
1497,12,1,1,15.4825,1698.43
2102,12,1,1,15.4806,1688.8
2089,12,1,1,15.4804,1687.51
2124,12,1,1,15.4699,1640.11
1826,12,1,1,15.4617,1596.39
1450,12,1,1,15.4593,1580.84
1829,12,1,1,15.454,1550.7
1447,12,1,1,15.4485,1516.75
1446,12,1,1,15.4352,1448.98
1648,12,1,1,15.4135,1339.68
1444,12,1,1,15.4089,1316.39
1649,12,1,1,15.4066,1304.76
1658,12,1,1,15.3774,1161.75
2095,12,1,2,15.595,2231.21,0,0,0
1524,12,1,2,15.5777,2138.98
1624,12,1,2,15.5744,2120.58
2090,12,1,2,15.5526,2006.99
1624,13,0,0,12.3387,302.839,0.104,453.617,0.08,1
2090,13,0,0,12.3183,194.986
1524,13,0,0,12.3092,100.283
2095,13,0,0,12.29,0
2124,13,0,1,12.4676,935.718,0.0435,189.734,0.02,2
2089,13,0,1,12.4644,918.162
2102,13,0,1,12.464,916.131
1497,13,0,1,12.4628,909.591
1660,13,0,1,12.4601,894.938
2090,13,0,1,12.4556,871.663
1524,13,0,1,12.4465,776.96
1624,13,0,1,12.4427,756.456
1445,13,0,2,12.5805,1485.28,0.0491667,214.45,0.02,3
2087,13,0,2,12.5553,1356.35
2088,13,0,2,12.5429,1292.27
1644,13,0,2,12.5379,1266.13
2089,13,0,2,12.5201,1166.67
2124,13,0,2,12.5111,1125.45
1101,13,0,3,12.9194,3178.78,0.0638333,278.422,0.11,4
1083,13,0,3,12.9078,3120.92
1105,13,0,3,12.8915,3037.94
1104,13,0,3,12.8702,2929.78
1183,13,0,3,12.8675,2913.15
1184,13,0,3,12.8609,2879.37
1663,13,0,3,12.846,2808.05
1189,13,0,3,12.8362,2759.26
1194,13,0,3,12.8223,2681.29
1196,13,0,3,12.822,2679.7
1550,13,0,3,12.8153,2641.07
1552,13,0,3,12.8108,2618.3
2059,13,0,3,12.8042,2584.36
2063,13,0,3,12.7792,2458.92
1554,13,0,3,12.7535,2327.62
1417,13,0,3,12.752,2319.67
1418,13,0,3,12.7427,2271.84
1425,13,0,3,12.7263,2186.11
2083,13,0,3,12.6966,2041.66
2101,13,0,3,12.6831,1970.48
1658,13,0,3,12.6715,1913.9
1649,13,0,3,12.6475,1792.63
1444,13,0,3,12.6459,1783.96
1445,13,0,3,12.6297,1699.73
2038,13,0,4,13.0179,3632.28,0.0538333,234.805,0.02,5
1102,13,0,4,13.0074,3578.92
1100,13,0,4,12.9945,3515.03
1101,13,0,4,12.9832,3457.2
2058,13,0,5,13.1332,4167.17,0.0933333,407.092,0.2,6
1197,13,0,5,13.1265,4134.4
1191,13,0,5,13.1068,4037.35
1144,13,0,5,13.0958,3984.4
1124,13,0,5,13.083,3924.02
2038,13,0,5,13.0717,3867.08
2077,13,0,6,13.2579,4731.07,0.0361667,157.748,0,7
2062,13,0,6,13.2373,4627.95
2058,13,0,6,13.2265,4574.26
2095,13,0,7,13.4787,5882.45,0,0,0
1524,13,0,7,13.4592,5780.73
1624,13,0,7,13.4545,5756.59
2090,13,0,7,13.4343,5649.49
1497,13,0,7,13.4311,5632.86
2102,13,0,7,13.4292,5623.23
2089,13,0,7,13.4289,5621.57
2124,13,0,7,13.4222,5589.45
1826,13,0,7,13.4065,5514.38
1450,13,0,7,13.4041,5498.9
1829,13,0,7,13.3992,5469.22
1447,13,0,7,13.3933,5434.84
1832,13,0,7,13.3839,5380.43
1833,13,0,7,13.3753,5307.44
1835,13,0,7,13.365,5249.39
2103,13,0,7,13.3597,5220.49
2177,13,0,7,13.3596,5220.13
1841,13,0,7,13.3595,5218.78
1554,13,0,7,13.3535,5186.5
1416,13,0,7,13.3519,5178.67
1415,13,0,7,13.3338,5090
2097,13,0,7,13.3203,5021.42
2098,13,0,7,13.3149,4994.36
1823,13,0,7,13.31,4970.04
2078,13,0,7,13.3028,4931.74
2077,13,0,7,13.294,4888.82
2090,13,1,0,15.077,192.482,0.0666667,290.78,0.04,1
1524,13,1,0,15.0683,96.317
2095,13,1,0,15.05,0
1658,13,1,1,15.254,1059.97,0.09,392.553,0.43,2
1649,13,1,1,15.2317,945.697
1444,13,1,1,15.2301,936.948
1445,13,1,1,15.214,853.305
2087,13,1,1,15.1938,745.449
2088,13,1,1,15.1818,683.135
1644,13,1,1,15.1761,654.019
2089,13,1,1,15.1525,529.75
2102,13,1,1,15.1521,527.719
1497,13,1,1,15.1508,520.684
1660,13,1,1,15.1482,506.537
2090,13,1,1,15.1437,483.262
1655,13,1,2,15.4319,1896.56,0.0378333,165.018,0.26,3
2121,13,1,2,15.429,1882.36
1424,13,1,2,15.404,1754
2083,13,1,2,15.373,1596.87
2101,13,1,2,15.3544,1504.24
1658,13,1,2,15.344,1452.53
2095,13,1,3,15.6234,2906.1,0,0,0
1524,13,1,3,15.6061,2813.87
1624,13,1,3,15.6028,2795.47
2090,13,1,3,15.581,2681.88
1497,13,1,3,15.5776,2664.1
2102,13,1,3,15.5756,2654.47
2089,13,1,3,15.5754,2653.18
2124,13,1,3,15.5649,2605.78
1826,13,1,3,15.5567,2562.06
1450,13,1,3,15.5543,2546.51
1829,13,1,3,15.5491,2516.37
1832,13,1,3,15.5345,2429.02
1833,13,1,3,15.5256,2356.32
1835,13,1,3,15.5146,2295.17
2103,13,1,3,15.5087,2263.72
2177,13,1,3,15.5087,2263.36
1841,13,1,3,15.5085,2262.01
1554,13,1,3,15.5019,2227.11
1416,13,1,3,15.5003,2219.28
1415,13,1,3,15.486,2146.36
2097,13,1,3,15.4743,2085.14
1655,13,1,3,15.4697,2061.58
1624,14,0,0,12.4587,302.839,0.104,453.617,0.08,1
2090,14,0,0,12.4383,194.986
1524,14,0,0,12.4292,100.283
2095,14,0,0,12.41,0
2124,14,0,1,12.5876,935.718,0.0435,189.734,0.02,2
2089,14,0,1,12.5844,918.162
2102,14,0,1,12.584,916.131
1497,14,0,1,12.5828,909.591
1660,14,0,1,12.5801,894.938
2090,14,0,1,12.5756,871.663
1524,14,0,1,12.5665,776.96
1624,14,0,1,12.5627,756.456
1101,14,0,2,12.9134,2658.15,0.0638333,278.422,0.11,3
1083,14,0,2,12.9018,2600.29
1105,14,0,2,12.8855,2517.31
1104,14,0,2,12.8638,2407.34
1183,14,0,2,12.8611,2390.71
1184,14,0,2,12.8545,2356.93
1663,14,0,2,12.8396,2285.61
1189,14,0,2,12.8298,2236.82
1194,14,0,2,12.8159,2158.85
1196,14,0,2,12.8156,2157.26
1550,14,0,2,12.8089,2118.63
2060,14,0,2,12.8034,2092.01
1843,14,0,2,12.747,1803.13
1840,14,0,2,12.7177,1649.66
1839,14,0,2,12.7095,1608.49
1677,14,0,2,12.7053,1586.67
1836,14,0,2,12.6985,1554.45
1834,14,0,2,12.6815,1465.58
1830,14,0,2,12.6736,1389.36
1828,14,0,2,12.6647,1303.95
1449,14,0,2,12.654,1251.09
1825,14,0,2,12.6487,1224.06
2124,14,0,2,12.6311,1125.45
2038,14,0,3,13.0119,3111.65,0.0538333,234.805,0.02,4
1102,14,0,3,13.0014,3058.29
1100,14,0,3,12.9886,2994.4
1101,14,0,3,12.9773,2936.57
2058,14,0,4,13.1272,3646.54,0.0933333,407.092,0.2,5
1197,14,0,4,13.1205,3613.77
1191,14,0,4,13.1008,3516.72
1144,14,0,4,13.0899,3463.77
1124,14,0,4,13.077,3403.39
2038,14,0,4,13.0657,3346.45
2077,14,0,5,13.2519,4210.44,0.0361667,157.748,0,6
2062,14,0,5,13.2314,4107.32
2058,14,0,5,13.2205,4053.64
1445,14,0,6,13.4293,5102.19,0.105333,459.432,0.01,7
1444,14,0,6,13.4146,5024.05
1649,14,0,6,13.4123,5012.43
1437,14,0,6,13.3976,4938.02
1443,14,0,6,13.3867,4877.38
1831,14,0,6,13.3748,4819.59
1833,14,0,6,13.3693,4786.81
1835,14,0,6,13.359,4728.76
2103,14,0,6,13.3537,4699.86
2177,14,0,6,13.3537,4699.51
1841,14,0,6,13.3535,4698.16
1554,14,0,6,13.3475,4665.87
1416,14,0,6,13.3459,4658.04
1415,14,0,6,13.3278,4569.37
2097,14,0,6,13.3144,4500.79
2098,14,0,6,13.3089,4473.73
1823,14,0,6,13.3041,4449.41
2078,14,0,6,13.2968,4411.12
2077,14,0,6,13.2881,4368.19
2095,14,0,7,13.6445,6139.35,0,0,0
1524,14,0,7,13.625,6037.63
1624,14,0,7,13.6203,6013.48
2090,14,0,7,13.6001,5906.39
1497,14,0,7,13.5969,5889.76
2102,14,0,7,13.595,5880.12
2089,14,0,7,13.5947,5878.46
1644,14,0,7,13.576,5775.08
2088,14,0,7,13.5697,5743.79
2087,14,0,7,13.5569,5678.06
1445,14,0,7,13.5346,5561.62
2090,14,1,0,15.377,192.482,0.0666667,290.78,0.04,1
1524,14,1,0,15.3683,96.317
2095,14,1,0,15.35,0
1658,14,1,1,15.554,1059.97,0.09,392.553,0.43,2
1649,14,1,1,15.5317,945.697
1444,14,1,1,15.5301,936.948
1445,14,1,1,15.514,853.305
2087,14,1,1,15.4938,745.449
2088,14,1,1,15.4818,683.135
1644,14,1,1,15.4761,654.019
2089,14,1,1,15.4525,529.75
2102,14,1,1,15.4521,527.719
1497,14,1,1,15.4508,520.684
1660,14,1,1,15.4482,506.537
2090,14,1,1,15.4437,483.262
1655,14,1,2,15.7319,1896.56,0.0378333,165.018,0.26,3
2121,14,1,2,15.729,1882.36
1424,14,1,2,15.704,1754
2083,14,1,2,15.673,1596.87
2101,14,1,2,15.6544,1504.24
1658,14,1,2,15.644,1452.53
2095,14,1,3,15.9234,2906.1,0,0,0
1524,14,1,3,15.9061,2813.87
1624,14,1,3,15.9028,2795.47
2090,14,1,3,15.881,2681.88
1497,14,1,3,15.8776,2664.1
2102,14,1,3,15.8756,2654.47
2089,14,1,3,15.8754,2653.18
2124,14,1,3,15.8649,2605.78
1826,14,1,3,15.8567,2562.06
1450,14,1,3,15.8543,2546.51
1829,14,1,3,15.8491,2516.37
1832,14,1,3,15.8345,2429.02
1833,14,1,3,15.8256,2356.32
1835,14,1,3,15.8146,2295.17
2103,14,1,3,15.8087,2263.72
2177,14,1,3,15.8087,2263.36
1841,14,1,3,15.8085,2262.01
1554,14,1,3,15.8019,2227.11
1416,14,1,3,15.8003,2219.28
1415,14,1,3,15.786,2146.36
2097,14,1,3,15.7743,2085.14
1655,14,1,3,15.7697,2061.58
