Node, Individual, Route,Segment, Travel time, Travel cost, Attention time, Attention cost, Failure rate, Demand
398,0,0,0,9.50952,333.558,0.0908333,396.188,0.21,1
410,0,0,0,9.50926,332.349
1986,0,0,0,9.46979,150.606
427,0,0,0,9.44579,29.0576
1987,0,0,0,9.44,0
330,0,0,1,9.7263,1415.19,0.0556667,242.801,0.26,2
336,0,0,1,9.70467,1303.38
388,0,0,1,9.67654,1152
397,0,0,1,9.64685,988.829
399,0,0,1,9.63185,905.688
411,0,0,1,9.61685,823.956
412,0,0,1,9.61394,804.733
398,0,0,1,9.60035,729.745
295,0,0,2,9.91827,2401.36,0.037,161.383,0.36,3
338,0,0,2,9.90271,2317.16
339,0,0,2,9.89727,2280.16
342,0,0,2,9.87115,2149.94
343,0,0,2,9.85511,2071.87
344,0,0,2,9.83733,1976.53
1819,0,0,2,9.82218,1881.29
335,0,0,2,9.81727,1852.45
2114,0,0,2,9.80361,1778.79
329,0,0,2,9.801,1763.62
2115,0,0,2,9.79673,1741.26
330,0,0,2,9.78196,1657.99
819,0,0,3,10.0437,3059.98,0.0483333,210.815,0.55,4
818,0,0,3,10.031,2989.25
804,0,0,3,10.013,2888.48
803,0,0,3,10.0057,2845.47
354,0,0,3,10.0056,2845.1
353,0,0,3,10.0032,2834
314,0,0,3,9.99452,2785.2
312,0,0,3,9.99039,2762.27
313,0,0,3,9.98471,2727.13
306,0,0,3,9.97161,2656.06
297,0,0,3,9.96554,2621.85
295,0,0,3,9.95527,2562.74
824,0,0,4,10.1966,3813.26,0.043,187.553,0.1,5
823,0,0,4,10.1818,3737.42
822,0,0,4,10.1771,3711.55
2153,0,0,4,10.156,3599.34
821,0,0,4,10.1445,3540.13
2008,0,0,4,10.136,3497.34
2152,0,0,4,10.1292,3460.57
820,0,0,4,10.1077,3353.87
819,0,0,4,10.092,3270.8
1987,0,0,5,10.3481,4560.91,0,0,0
428,0,0,5,10.3431,4535.54
885,0,0,5,10.3049,4339.24
2012,0,0,5,10.2992,4311.64
2155,0,0,5,10.2778,4201.71
882,0,0,5,10.2744,4184.52
880,0,0,5,10.2581,4099.77
824,0,0,5,10.2396,4000.82
398,1,0,0,9.74952,333.558,0.0908333,396.188,0.21,1
410,1,0,0,9.74926,332.349
1986,1,0,0,9.70979,150.606
427,1,0,0,9.68579,29.0576
1987,1,0,0,9.68,0
330,1,0,1,9.9663,1415.19,0.0556667,242.801,0.26,2
336,1,0,1,9.94467,1303.38
388,1,0,1,9.91654,1152
397,1,0,1,9.88686,988.829
399,1,0,1,9.87185,905.688
411,1,0,1,9.85686,823.956
412,1,0,1,9.85394,804.733
398,1,0,1,9.84035,729.745
295,1,0,2,10.1534,2386.72,0.0906667,395.461,0.35,3
338,1,0,2,10.1398,2311.01
339,1,0,2,10.1343,2274.01
342,1,0,2,10.1177,2183.82
343,1,0,2,10.1042,2116.01
344,1,0,2,10.0801,1993.98
1819,1,0,2,10.0664,1900.26
335,1,0,2,10.062,1872.09
2114,1,0,2,10.047,1792.99
329,1,0,2,10.0444,1777.8
2115,1,0,2,10.037,1742.27
330,1,0,2,10.022,1657.99
819,1,0,3,10.3357,3293.97,0.0483333,210.815,0.55,4
818,1,0,3,10.3234,3224.92
804,1,0,3,10.3049,3121.93
803,1,0,3,10.297,3077.58
354,1,0,3,10.2969,3077.21
353,1,0,3,10.2945,3066.11
314,1,0,3,10.285,3013.82
307,1,0,3,10.2742,2949.87
306,1,0,3,10.2613,2878.92
297,1,0,3,10.2545,2841.63
295,1,0,3,10.2441,2782.18
824,1,0,4,10.4886,4047.25,0.043,187.553,0.1,5
823,1,0,4,10.4739,3971.41
822,1,0,4,10.4691,3945.54
2153,1,0,4,10.4481,3833.33
821,1,0,4,10.4365,3774.12
2008,1,0,4,10.428,3731.33
2152,1,0,4,10.4212,3694.56
820,1,0,4,10.3997,3587.86
819,1,0,4,10.3841,3504.79
1987,1,0,5,10.6401,4794.9,0,0,0
428,1,0,5,10.6351,4769.53
885,1,0,5,10.5969,4573.23
2012,1,0,5,10.5912,4545.63
2155,1,0,5,10.5698,4435.7
882,1,0,5,10.5664,4418.51
880,1,0,5,10.5501,4333.76
824,1,0,5,10.5316,4234.81
398,2,0,0,11.7135,268.603,0.102667,447.801,0.21,1
410,2,0,0,11.7133,267.395
1986,2,0,0,11.6895,149.487
427,2,0,0,11.6658,29.0576
1987,2,0,0,11.66,0
330,2,0,1,11.9441,1412.15,0.0513333,223.901,0.34,2
336,2,0,1,11.9233,1303.95
388,2,0,1,11.8981,1165.05
397,2,0,1,11.8632,979.274
399,2,0,1,11.8466,889.282
411,2,0,1,11.8321,809.744
412,2,0,1,11.8296,790.732
398,2,0,1,11.8162,716.404
295,2,0,2,12.1233,2349.72,0.113833,496.507,0.26,3
338,2,0,2,12.1096,2273.88
339,2,0,2,12.1042,2236.88
342,2,0,2,12.0887,2151.64
343,2,0,2,12.0782,2096.8
344,2,0,2,12.0512,1962.41
1819,2,0,2,12.0378,1868.88
335,2,0,2,12.0328,1839.93
2114,2,0,2,12.0175,1759.14
329,2,0,2,12.015,1744.08
2115,2,0,2,12.01,1718.57
330,2,0,2,11.9955,1636.05
819,2,0,3,12.3325,3376.68,0.0838333,365.656,0.48,4
818,2,0,3,12.3203,3308.37
817,2,0,3,12.3109,3256.23
780,2,0,3,12.2955,3167.56
778,2,0,3,12.2769,3063.4
2148,2,0,3,12.2763,3060.54
312,2,0,3,12.2762,3060.15
313,2,0,3,12.2692,3021.39
306,2,0,3,12.255,2945.62
297,2,0,3,12.2483,2908.61
295,2,0,3,12.2371,2846.22
824,2,0,4,12.5179,4272.71,0.0978333,426.719,0.15,5
823,2,0,4,12.5028,4195.41
822,2,0,4,12.4973,4166.12
2153,2,0,4,12.4748,4048.12
821,2,0,4,12.4645,3994.07
2008,2,0,4,12.456,3951.28
2152,2,0,4,12.4492,3914.33
820,2,0,4,12.4332,3830.86
819,2,0,4,12.4163,3742.34
1987,2,0,5,12.7225,5255.34,0,0,0
427,2,0,5,12.7171,5227.74
1986,2,0,5,12.6925,5103.53
883,2,0,5,12.6607,4939.47
882,2,0,5,12.6475,4869.97
880,2,0,5,12.6318,4788.01
824,2,0,5,12.6158,4699.43
330,3,0,0,11.9473,792.98,0.0513333,223.901,0.34,1
336,3,0,0,11.9265,684.779
388,3,0,0,11.9013,545.88
397,3,0,0,11.8664,360.101
399,3,0,0,11.8498,270.11
411,3,0,0,11.8353,190.571
412,3,0,0,11.8328,171.559
414,3,0,0,11.8209,109.52
427,3,0,0,11.8058,29.0576
1987,3,0,0,11.8,0
295,3,0,1,12.1264,1730.54,0.113833,496.507,0.26,2
338,3,0,1,12.1128,1654.7
339,3,0,1,12.1074,1617.71
342,3,0,1,12.0919,1532.47
343,3,0,1,12.0814,1477.63
344,3,0,1,12.0544,1343.23
1819,3,0,1,12.041,1249.71
335,3,0,1,12.036,1220.76
2114,3,0,1,12.0207,1139.97
329,3,0,1,12.0182,1124.91
2115,3,0,1,12.0131,1099.4
330,3,0,1,11.9986,1016.88
819,3,0,2,12.3356,2757.51,0.0838333,365.656,0.48,3
818,3,0,2,12.3235,2689.2
817,3,0,2,12.3141,2637.06
780,3,0,2,12.2987,2548.39
778,3,0,2,12.28,2444.23
2148,3,0,2,12.2794,2441.36
312,3,0,2,12.2794,2440.98
313,3,0,2,12.2724,2402.22
306,3,0,2,12.2582,2326.44
297,3,0,2,12.2515,2289.44
295,3,0,2,12.2403,2227.05
824,3,0,3,12.5211,3653.54,0.0978333,426.719,0.15,4
823,3,0,3,12.506,3576.24
822,3,0,3,12.5004,3546.95
2153,3,0,3,12.478,3428.94
821,3,0,3,12.4677,3374.9
2008,3,0,3,12.4592,3332.11
2152,3,0,3,12.4524,3295.16
820,3,0,3,12.4364,3211.69
819,3,0,3,12.4195,3123.17
398,3,0,4,12.7108,4569.48,0.1055,460.159,0.2,5
410,3,0,4,12.7105,4568.27
409,3,0,4,12.6944,4484.54
1985,3,0,4,12.6799,4407.2
881,3,0,4,12.6501,4250.86
880,3,0,4,12.635,4168.83
824,3,0,4,12.6189,4080.26
1987,3,0,5,12.8635,5268.71,0,0,0
413,3,0,5,12.8441,5171.01
414,3,0,5,12.8388,5143.37
410,3,0,5,12.8165,5030.85
398,3,0,5,12.8163,5029.64
330,4,0,0,11.9573,792.98,0.0513333,223.901,0.34,1
336,4,0,0,11.9365,684.779
388,4,0,0,11.9113,545.88
397,4,0,0,11.8764,360.101
399,4,0,0,11.8598,270.11
411,4,0,0,11.8453,190.571
412,4,0,0,11.8428,171.559
414,4,0,0,11.8309,109.52
427,4,0,0,11.8158,29.0576
1987,4,0,0,11.81,0
819,4,0,1,12.1289,1712.56,0.0838333,365.656,0.48,2
811,4,0,1,12.1098,1599.72
805,4,0,1,12.1065,1580.89
358,4,0,1,12.0941,1513.62
349,4,0,1,12.0769,1424.39
344,4,0,1,12.0643,1343.39
1819,4,0,1,12.0505,1249.54
335,4,0,1,12.0464,1221.7
2114,4,0,1,12.0304,1138.04
329,4,0,1,12.0277,1122.86
2115,4,0,1,12.0238,1101.8
330,4,0,1,12.0086,1016.88
295,4,0,2,12.31,2617.98,0.113833,496.507,0.26,3
297,4,0,2,12.3002,2559.53
306,4,0,2,12.2932,2521.6
313,4,0,2,12.2808,2453.24
312,4,0,2,12.2744,2417.02
2148,4,0,2,12.2743,2416.64
778,4,0,2,12.2737,2413.77
780,4,0,2,12.2529,2300.08
817,4,0,2,12.2361,2206.37
818,4,0,2,12.2272,2156.61
819,4,0,2,12.2127,2078.22
824,4,0,3,12.6208,4175.32,0.0978333,426.719,0.15,4
823,4,0,3,12.6057,4098.01
822,4,0,3,12.6002,4068.73
2153,4,0,3,12.5778,3950.72
821,4,0,3,12.5675,3896.67
2008,4,0,3,12.559,3853.88
2152,4,0,3,12.5521,3816.93
820,4,0,3,12.5362,3733.47
819,4,0,3,12.5192,3644.94
818,4,0,3,12.5071,3576.63
817,4,0,3,12.4977,3524.49
780,4,0,3,12.4823,3435.82
778,4,0,3,12.4636,3331.66
2148,4,0,3,12.463,3328.79
312,4,0,3,12.4629,3328.41
313,4,0,3,12.456,3289.65
306,4,0,3,12.4418,3213.87
297,4,0,3,12.435,3176.87
295,4,0,3,12.4239,3114.48
398,4,0,4,12.8105,5091.26,0.1055,460.159,0.2,5
410,4,0,4,12.8103,5090.05
409,4,0,4,12.7941,5006.32
1985,4,0,4,12.7796,4928.97
881,4,0,4,12.7499,4772.63
880,4,0,4,12.7348,4690.61
824,4,0,4,12.7187,4602.04
1987,4,0,5,12.9632,5790.48,0,0,0
413,4,0,5,12.9439,5692.79
414,4,0,5,12.9386,5665.14
410,4,0,5,12.9163,5552.63
398,4,0,5,12.916,5551.42
824,5,0,0,11.6791,513.573,0.0925,403.457,0.11,1
880,5,0,0,11.6628,423.957
882,5,0,0,11.6431,324.778
2155,5,0,0,11.6397,307.732
2012,5,0,0,11.6222,214.129
884,5,0,0,11.6177,191.09
1987,5,0,0,11.58,0
330,5,0,1,11.9448,1820.87,0.0513333,223.901,0.34,2
336,5,0,1,11.9241,1712.67
388,5,0,1,11.8988,1573.77
352,5,0,1,11.8796,1472.47
1983,5,0,1,11.8546,1347.05
1984,5,0,1,11.826,1203.43
814,5,0,1,11.7895,1015.99
824,5,0,1,11.7716,917.03
295,5,0,2,12.124,2758.43,0.113833,496.507,0.26,3
338,5,0,2,12.1103,2682.59
339,5,0,2,12.1049,2645.59
342,5,0,2,12.0894,2560.36
343,5,0,2,12.0789,2505.52
344,5,0,2,12.0519,2371.12
1819,5,0,2,12.0385,2277.6
335,5,0,2,12.0335,2248.65
2114,5,0,2,12.0182,2167.85
329,5,0,2,12.0157,2152.8
2115,5,0,2,12.0107,2127.29
330,5,0,2,11.9962,2044.77
819,5,0,3,12.3332,3785.4,0.0838333,365.656,0.48,4
818,5,0,3,12.321,3717.09
817,5,0,3,12.3116,3664.95
780,5,0,3,12.2962,3576.28
778,5,0,3,12.2776,3472.12
2148,5,0,3,12.277,3469.25
312,5,0,3,12.2769,3468.87
313,5,0,3,12.2699,3430.11
306,5,0,3,12.2557,3354.33
297,5,0,3,12.249,3317.33
295,5,0,3,12.2378,3254.94
398,5,0,4,12.6105,5170.65,0.1055,460.159,0.2,5
410,5,0,4,12.6102,5169.44
409,5,0,4,12.5941,5085.71
1985,5,0,4,12.5796,5008.36
881,5,0,4,12.5498,4852.03
880,5,0,4,12.5347,4770
824,5,0,4,12.5186,4681.43
823,5,0,4,12.5035,4604.12
822,5,0,4,12.498,4574.84
2153,5,0,4,12.4756,4456.83
821,5,0,4,12.4652,4402.79
2008,5,0,4,12.4567,4360
2152,5,0,4,12.4499,4323.05
820,5,0,4,12.4339,4239.58
819,5,0,4,12.417,4151.05
1987,5,0,5,12.7631,5869.88,0,0,0
413,5,0,5,12.7438,5772.18
414,5,0,5,12.7385,5744.53
410,5,0,5,12.7162,5632.02
398,5,0,5,12.716,5630.81
330,6,0,0,11.9473,792.98,0.0513333,223.901,0.34,1
336,6,0,0,11.9265,684.779
388,6,0,0,11.9013,545.88
397,6,0,0,11.8664,360.101
399,6,0,0,11.8498,270.11
411,6,0,0,11.8353,190.571
412,6,0,0,11.8328,171.559
414,6,0,0,11.8209,109.52
427,6,0,0,11.8058,29.0576
1987,6,0,0,11.8,0
295,6,0,1,12.1264,1730.54,0.113833,496.507,0.26,2
338,6,0,1,12.1128,1654.7
339,6,0,1,12.1074,1617.71
342,6,0,1,12.0919,1532.47
343,6,0,1,12.0814,1477.63
344,6,0,1,12.0544,1343.23
1819,6,0,1,12.041,1249.71
335,6,0,1,12.036,1220.76
2114,6,0,1,12.0207,1139.97
329,6,0,1,12.0182,1124.91
2115,6,0,1,12.0131,1099.4
330,6,0,1,11.9986,1016.88
819,6,0,2,12.3356,2757.51,0.0838333,365.656,0.48,3
818,6,0,2,12.3235,2689.2
817,6,0,2,12.3141,2637.06
780,6,0,2,12.2987,2548.39
778,6,0,2,12.28,2444.23
2148,6,0,2,12.2794,2441.36
312,6,0,2,12.2794,2440.98
313,6,0,2,12.2724,2402.22
306,6,0,2,12.2582,2326.44
297,6,0,2,12.2515,2289.44
295,6,0,2,12.2403,2227.05
398,6,0,3,12.613,4142.76,0.1055,460.159,0.2,4
410,6,0,3,12.6127,4141.55
409,6,0,3,12.5966,4057.82
1985,6,0,3,12.5821,3980.48
881,6,0,3,12.5523,3824.14
880,6,0,3,12.5372,3742.11
824,6,0,3,12.5211,3653.54
823,6,0,3,12.506,3576.24
822,6,0,3,12.5004,3546.95
2153,6,0,3,12.478,3428.94
821,6,0,3,12.4677,3374.9
2008,6,0,3,12.4592,3332.11
2152,6,0,3,12.4524,3295.16
820,6,0,3,12.4364,3211.69
819,6,0,3,12.4195,3123.17
1987,6,0,4,12.7656,4841.99,0,0,0
413,6,0,4,12.7463,4744.29
414,6,0,4,12.741,4716.65
410,6,0,4,12.7187,4604.13
398,6,0,4,12.7185,4602.92
824,6,1,0,10.9971,524.077,0.043,187.553,0.1,1
880,6,1,0,10.9788,426.117
881,6,1,0,10.9634,343.023
1985,6,1,0,10.938,205.039
1986,6,1,0,10.9303,152.657
427,6,1,0,10.9058,29.0576
1987,6,1,0,10.9,0
1987,6,1,1,11.1397,1237.34,0,0,0
427,6,1,1,11.1341,1208.82
1986,6,1,1,11.1139,1103.65
883,6,1,1,11.086,955.769
882,6,1,1,11.0742,892.319
880,6,1,1,11.0573,804.973
824,6,1,1,11.0401,711.63
330,7,0,0,11.9573,792.98,0.0513333,223.901,0.34,1
336,7,0,0,11.9365,684.779
388,7,0,0,11.9113,545.88
397,7,0,0,11.8764,360.101
399,7,0,0,11.8598,270.11
411,7,0,0,11.8453,190.571
412,7,0,0,11.8428,171.559
414,7,0,0,11.8309,109.52
427,7,0,0,11.8158,29.0576
1987,7,0,0,11.81,0
819,7,0,1,12.1289,1712.56,0.0838333,365.656,0.48,2
811,7,0,1,12.1098,1599.72
805,7,0,1,12.1065,1580.89
358,7,0,1,12.0941,1513.62
349,7,0,1,12.0769,1424.39
344,7,0,1,12.0643,1343.39
1819,7,0,1,12.0505,1249.54
335,7,0,1,12.0464,1221.7
2114,7,0,1,12.0304,1138.04
329,7,0,1,12.0277,1122.86
2115,7,0,1,12.0238,1101.8
330,7,0,1,12.0086,1016.88
295,7,0,2,12.31,2617.98,0.113833,496.507,0.26,3
297,7,0,2,12.3002,2559.53
306,7,0,2,12.2932,2521.6
313,7,0,2,12.2808,2453.24
312,7,0,2,12.2744,2417.02
2148,7,0,2,12.2743,2416.64
778,7,0,2,12.2737,2413.77
780,7,0,2,12.2529,2300.08
817,7,0,2,12.2361,2206.37
818,7,0,2,12.2272,2156.61
819,7,0,2,12.2127,2078.22
398,7,0,3,12.6475,4306.65,0.1055,460.159,0.2,4
397,7,0,3,12.6347,4237.24
389,7,0,3,12.623,4174.6
388,7,0,3,12.5981,4044.45
2132,7,0,3,12.5713,3893.4
341,7,0,3,12.5705,3889.4
345,7,0,3,12.5649,3851.22
1981,7,0,3,12.5493,3766.96
350,7,0,3,12.5216,3626.53
344,7,0,3,12.5045,3539.07
343,7,0,3,12.4865,3442.85
1980,7,0,3,12.4783,3398.48
342,7,0,3,12.4716,3365
339,7,0,3,12.4524,3263.58
338,7,0,3,12.4417,3208.49
295,7,0,3,12.4239,3114.48
1987,7,0,4,12.8001,5005.87,0,0,0
413,7,0,4,12.7808,4908.18
414,7,0,4,12.7755,4880.53
410,7,0,4,12.7532,4768.02
398,7,0,4,12.753,4766.81
824,7,1,0,10.9871,524.077,0.043,187.553,0.1,1
880,7,1,0,10.9688,426.117
881,7,1,0,10.9534,343.023
1985,7,1,0,10.928,205.039
1986,7,1,0,10.9203,152.657
427,7,1,0,10.8958,29.0576
1987,7,1,0,10.89,0
1987,7,1,1,11.1297,1237.34,0,0,0
427,7,1,1,11.1241,1208.82
1986,7,1,1,11.1039,1103.65
883,7,1,1,11.076,955.769
882,7,1,1,11.0642,892.319
880,7,1,1,11.0473,804.973
824,7,1,1,11.0301,711.63
295,8,0,0,12.2188,1302.3,0.113833,496.507,0.26,1
338,8,0,0,12.2052,1226.46
339,8,0,0,12.1998,1189.46
342,8,0,0,12.1843,1104.22
343,8,0,0,12.1738,1049.39
344,8,0,0,12.1467,914.99
350,8,0,0,12.1307,832.236
1981,8,0,0,12.1032,692.173
351,8,0,0,12.0896,624.148
1982,8,0,0,12.084,586.192
1983,8,0,0,12.0582,456.299
1984,8,0,0,12.0295,312.681
1985,8,0,0,12.0072,201.869
1986,8,0,0,11.9995,149.487
427,8,0,0,11.9758,29.0576
1987,8,0,0,11.97,0
819,8,0,1,12.428,2329.27,0.0838333,365.656,0.48,2
818,8,0,1,12.4159,2260.96
817,8,0,1,12.4065,2208.82
780,8,0,1,12.3911,2120.15
778,8,0,1,12.3724,2015.99
2148,8,0,1,12.3718,2013.12
312,8,0,1,12.3717,2012.74
313,8,0,1,12.3648,1973.98
306,8,0,1,12.3506,1898.2
297,8,0,1,12.3438,1861.2
295,8,0,1,12.3327,1798.81
824,8,0,2,12.6135,3225.3,0.0978333,426.719,0.15,3
823,8,0,2,12.5984,3147.99
822,8,0,2,12.5928,3118.71
2153,8,0,2,12.5704,3000.7
821,8,0,2,12.5601,2946.66
2008,8,0,2,12.5516,2903.87
2152,8,0,2,12.5448,2866.92
820,8,0,2,12.5288,2783.45
819,8,0,2,12.5119,2694.92
1987,8,0,3,12.8181,4207.92,0,0,0
427,8,0,3,12.8127,4180.33
1986,8,0,3,12.788,4056.12
883,8,0,3,12.7562,3892.06
882,8,0,3,12.7431,3822.55
880,8,0,3,12.7274,3740.59
824,8,0,3,12.7113,3652.02
330,8,1,0,9.31343,816.882,0.0556667,242.801,0.26,1
336,8,1,0,9.2918,705.066
388,8,1,0,9.26367,553.686
397,8,1,0,9.23399,390.517
399,8,1,0,9.21898,307.377
411,8,1,0,9.20399,225.644
412,8,1,0,9.20107,206.421
414,8,1,0,9.1863,132.251
427,8,1,0,9.16579,29.0576
1987,8,1,0,9.16,0
398,8,1,1,9.48558,1704.78,0.0908333,396.188,0.21,2
397,8,1,1,9.47153,1629.84
389,8,1,1,9.45996,1567.55
388,8,1,1,9.43547,1439.34
2132,8,1,1,9.40963,1290.24
328,8,1,1,9.39393,1196.3
2115,8,1,1,9.38386,1142.95
330,8,1,1,9.36909,1059.68
1987,8,1,2,9.61533,2305.26,0,0,0
413,8,1,2,9.59895,2219.87
414,8,1,2,9.59315,2190.14
410,8,1,2,9.57667,2102.17
398,8,1,2,9.57641,2100.96
824,9,0,0,11.8991,513.573,0.0925,403.457,0.11,1
880,9,0,0,11.8828,423.957
882,9,0,0,11.8631,324.778
2155,9,0,0,11.8597,307.732
2012,9,0,0,11.8422,214.129
884,9,0,0,11.8377,191.09
1987,9,0,0,11.8,0
819,9,0,1,12.0907,1437.57,0.0838333,365.656,0.48,2
820,9,0,1,12.0685,1326.91
2152,9,0,1,12.0544,1251.6
2008,9,0,1,12.0409,1186.68
821,9,0,1,12.036,1159.17
2153,9,0,1,12.0262,1107.51
831,9,0,1,12.0262,1107.43
825,9,0,1,12.0258,1105.4
822,9,0,1,12.0088,1008.71
823,9,0,1,12.0038,981.901
824,9,0,1,11.9916,917.03
295,9,0,2,12.2718,2342.98,0.113833,496.507,0.26,3
297,9,0,2,12.262,2284.54
306,9,0,2,12.255,2246.61
313,9,0,2,12.2426,2178.24
312,9,0,2,12.2362,2142.03
2148,9,0,2,12.2361,2141.65
778,9,0,2,12.2355,2138.78
780,9,0,2,12.2147,2025.09
817,9,0,2,12.1979,1931.37
818,9,0,2,12.189,1881.62
819,9,0,2,12.1746,1803.23
1987,9,0,3,12.657,4228.3,0,0,0
427,9,0,3,12.6515,4200.46
1986,9,0,3,12.6275,4079.17
1985,9,0,3,12.6084,3984.13
1984,9,0,3,12.5892,3886.17
1983,9,0,3,12.5599,3740.12
1982,9,0,3,12.5361,3618.53
351,9,0,3,12.523,3552.94
1981,9,0,3,12.5111,3491.97
350,9,0,3,12.4834,3351.54
344,9,0,3,12.4663,3264.08
343,9,0,3,12.4483,3167.86
1980,9,0,3,12.4401,3123.48
342,9,0,3,12.4334,3090
339,9,0,3,12.4142,2988.58
338,9,0,3,12.4035,2933.5
295,9,0,3,12.3857,2839.49
330,9,1,0,9.31343,816.882,0.0556667,242.801,0.26,1
336,9,1,0,9.2918,705.066
388,9,1,0,9.26367,553.686
397,9,1,0,9.23399,390.517
399,9,1,0,9.21898,307.377
411,9,1,0,9.20399,225.644
412,9,1,0,9.20107,206.421
414,9,1,0,9.1863,132.251
427,9,1,0,9.16579,29.0576
1987,9,1,0,9.16,0
398,9,1,1,9.48558,1704.78,0.0908333,396.188,0.21,2
397,9,1,1,9.47153,1629.84
389,9,1,1,9.45996,1567.55
388,9,1,1,9.43547,1439.34
2132,9,1,1,9.40963,1290.24
328,9,1,1,9.39393,1196.3
2115,9,1,1,9.38386,1142.95
330,9,1,1,9.36909,1059.68
1987,9,1,2,9.61533,2305.26,0,0,0
413,9,1,2,9.59895,2219.87
414,9,1,2,9.59315,2190.14
410,9,1,2,9.57667,2102.17
398,9,1,2,9.57641,2100.96
824,10,0,0,11.8491,513.573,0.0925,403.457,0.11,1
880,10,0,0,11.8328,423.957
882,10,0,0,11.8131,324.778
2155,10,0,0,11.8097,307.732
2012,10,0,0,11.7922,214.129
884,10,0,0,11.7877,191.09
1987,10,0,0,11.75,0
819,10,0,1,12.0407,1437.57,0.0838333,365.656,0.48,2
820,10,0,1,12.0185,1326.91
2152,10,0,1,12.0044,1251.6
2008,10,0,1,11.9909,1186.68
821,10,0,1,11.986,1159.17
2153,10,0,1,11.9762,1107.51
831,10,0,1,11.9762,1107.43
825,10,0,1,11.9758,1105.4
822,10,0,1,11.9588,1008.71
823,10,0,1,11.9538,981.901
824,10,0,1,11.9416,917.03
295,10,0,2,12.2218,2342.98,0.113833,496.507,0.26,3
297,10,0,2,12.212,2284.54
306,10,0,2,12.205,2246.61
313,10,0,2,12.1926,2178.24
312,10,0,2,12.1862,2142.03
2148,10,0,2,12.1861,2141.65
778,10,0,2,12.1855,2138.78
780,10,0,2,12.1647,2025.09
817,10,0,2,12.1479,1931.37
818,10,0,2,12.139,1881.62
819,10,0,2,12.1246,1803.23
398,10,0,3,12.5593,4031.66,0.1055,460.159,0.2,4
397,10,0,3,12.5465,3962.25
389,10,0,3,12.5348,3899.61
388,10,0,3,12.5099,3769.45
2132,10,0,3,12.4831,3618.41
341,10,0,3,12.4823,3614.4
345,10,0,3,12.4767,3576.22
1981,10,0,3,12.4611,3491.97
350,10,0,3,12.4334,3351.54
344,10,0,3,12.4163,3264.08
343,10,0,3,12.3983,3167.86
1980,10,0,3,12.3901,3123.48
342,10,0,3,12.3834,3090
339,10,0,3,12.3642,2988.58
338,10,0,3,12.3535,2933.5
295,10,0,3,12.3357,2839.49
1987,10,0,4,12.7119,4730.88,0,0,0
413,10,0,4,12.6926,4633.19
414,10,0,4,12.6873,4605.54
410,10,0,4,12.665,4493.02
398,10,0,4,12.6648,4491.82
330,10,1,0,9.52343,816.882,0.0556667,242.801,0.26,1
336,10,1,0,9.5018,705.066
388,10,1,0,9.47367,553.686
397,10,1,0,9.44399,390.517
399,10,1,0,9.42898,307.377
411,10,1,0,9.41399,225.644
412,10,1,0,9.41107,206.421
414,10,1,0,9.3963,132.251
427,10,1,0,9.37579,29.0576
1987,10,1,0,9.37,0
1987,10,1,1,9.7345,1909.08,0,0,0
413,10,1,1,9.71811,1823.69
414,10,1,1,9.71231,1793.95
410,10,1,1,9.69583,1705.98
398,10,1,1,9.69558,1704.78
397,10,1,1,9.68153,1629.84
389,10,1,1,9.66996,1567.55
388,10,1,1,9.64547,1439.34
2132,10,1,1,9.61963,1290.24
328,10,1,1,9.60393,1196.3
2115,10,1,1,9.59386,1142.95
330,10,1,1,9.57909,1059.68
819,11,0,0,12.1082,1034.11,0.0838333,365.656,0.48,1
820,11,0,0,12.086,923.453
2152,11,0,0,12.0719,848.144
2008,11,0,0,12.0584,783.22
821,11,0,0,12.0535,755.708
2153,11,0,0,12.0437,704.051
831,11,0,0,12.0437,703.97
825,11,0,0,12.0433,701.94
822,11,0,0,12.0263,605.252
823,11,0,0,12.0213,578.444
824,11,0,0,12.0091,513.573
880,11,0,0,11.9928,423.957
882,11,0,0,11.9731,324.778
2155,11,0,0,11.9697,307.732
2012,11,0,0,11.9522,214.129
884,11,0,0,11.9477,191.09
1987,11,0,0,11.91,0
295,11,0,1,12.2893,1939.53,0.113833,496.507,0.26,2
297,11,0,1,12.2795,1881.08
306,11,0,1,12.2725,1843.15
313,11,0,1,12.2601,1774.79
312,11,0,1,12.2537,1738.57
2148,11,0,1,12.2536,1738.19
778,11,0,1,12.253,1735.32
780,11,0,1,12.2322,1621.63
817,11,0,1,12.2154,1527.92
818,11,0,1,12.2065,1478.16
819,11,0,1,12.1921,1399.77
398,11,0,2,12.6268,3628.2,0.1055,460.159,0.2,3
397,11,0,2,12.614,3558.79
389,11,0,2,12.6023,3496.15
388,11,0,2,12.5774,3366
2132,11,0,2,12.5506,3214.95
341,11,0,2,12.5498,3210.94
345,11,0,2,12.5442,3172.76
1981,11,0,2,12.5286,3088.51
350,11,0,2,12.5009,2948.08
344,11,0,2,12.4838,2860.62
343,11,0,2,12.4658,2764.4
1980,11,0,2,12.4576,2720.03
342,11,0,2,12.4509,2686.55
339,11,0,2,12.4317,2585.13
338,11,0,2,12.421,2530.04
295,11,0,2,12.4032,2436.03
1987,11,0,3,12.7794,4327.42,0,0,0
413,11,0,3,12.7601,4229.73
414,11,0,3,12.7548,4202.08
410,11,0,3,12.7325,4089.57
398,11,0,3,12.7323,4088.36
330,11,1,0,9.93343,816.882,0.0556667,242.801,0.26,1
336,11,1,0,9.9118,705.066
388,11,1,0,9.88367,553.686
397,11,1,0,9.85399,390.517
399,11,1,0,9.83898,307.377
411,11,1,0,9.82399,225.644
412,11,1,0,9.82107,206.421
414,11,1,0,9.8063,132.251
427,11,1,0,9.78579,29.0576
1987,11,1,0,9.78,0
824,11,1,1,10.1702,2044.17,0.043,187.553,0.1,2
823,11,1,1,10.1574,1976.76
822,11,1,1,10.1514,1945.48
2153,11,1,1,10.1304,1833.58
821,11,1,1,10.1185,1772.63
2008,11,1,1,10.11,1729.84
812,11,1,1,10.0884,1616.81
807,11,1,1,10.0883,1616.02
356,11,1,1,10.0738,1538.36
1981,11,1,1,10.0615,1454.85
345,11,1,1,10.0421,1354.39
341,11,1,1,10.0299,1292.27
2132,11,1,1,10.0296,1290.24
328,11,1,1,10.0139,1196.3
2115,11,1,1,10.0039,1142.95
330,11,1,1,9.98909,1059.68
1987,11,1,2,10.3216,2791.82,0,0,0
428,11,1,2,10.3166,2766.45
885,11,1,2,10.2785,2570.15
2012,11,1,2,10.2727,2542.55
2155,11,1,2,10.2514,2432.62
882,11,1,2,10.248,2415.43
880,11,1,2,10.2317,2330.68
824,11,1,2,10.2132,2231.72
398,12,0,0,12.0035,268.603,0.1055,460.159,0.2,1
410,12,0,0,12.0033,267.395
1986,12,0,0,11.9795,149.487
427,12,0,0,11.9558,29.0576
1987,12,0,0,11.95,0
295,12,0,1,12.3657,2052.68,0.113833,496.507,0.26,2
338,12,0,1,12.3518,1976
339,12,0,1,12.3464,1939
342,12,0,1,12.325,1828.4
343,12,0,1,12.3116,1761.19
344,12,0,1,12.2907,1652.78
350,12,0,1,12.2737,1565.74
1981,12,0,1,12.247,1429.18
351,12,0,1,12.2335,1361.86
1982,12,0,1,12.2244,1313.1
1983,12,0,1,12.2002,1190.04
1984,12,0,1,12.1691,1036.04
1985,12,0,1,12.1469,925.759
1986,12,0,1,12.1392,873.377
410,12,0,1,12.1093,729.971
398,12,0,1,12.109,728.762
819,12,0,2,12.5748,3079.65,0.0838333,365.656,0.48,3
818,12,0,2,12.5627,3011.34
817,12,0,2,12.5533,2959.2
780,12,0,2,12.5379,2870.53
778,12,0,2,12.5192,2766.37
2148,12,0,2,12.5187,2763.5
312,12,0,2,12.5186,2763.12
313,12,0,2,12.5116,2724.36
306,12,0,2,12.4974,2648.58
297,12,0,2,12.4907,2611.58
295,12,0,2,12.4795,2549.19
1987,12,0,3,12.8671,4531.58,0,0,0
427,12,0,3,12.8616,4503.99
1986,12,0,3,12.837,4379.78
883,12,0,3,12.8052,4215.72
882,12,0,3,12.7921,4146.21
880,12,0,3,12.7764,4064.25
824,12,0,3,12.7603,3975.68
823,12,0,3,12.7452,3898.37
822,12,0,3,12.7396,3869.09
2153,12,0,3,12.7172,3751.08
821,12,0,3,12.7069,3697.04
2008,12,0,3,12.6984,3654.25
2152,12,0,3,12.6916,3617.3
820,12,0,3,12.6756,3533.83
819,12,0,3,12.6587,3445.3
330,12,1,0,9.92343,816.882,0.0556667,242.801,0.26,1
336,12,1,0,9.9018,705.066
388,12,1,0,9.87368,553.686
397,12,1,0,9.84399,390.517
399,12,1,0,9.82898,307.377
411,12,1,0,9.81399,225.644
412,12,1,0,9.81107,206.421
414,12,1,0,9.7963,132.251
427,12,1,0,9.77579,29.0576
1987,12,1,0,9.77,0
824,12,1,1,10.1602,2044.17,0.043,187.553,0.1,2
823,12,1,1,10.1474,1976.76
822,12,1,1,10.1414,1945.48
2153,12,1,1,10.1204,1833.58
821,12,1,1,10.1085,1772.63
2008,12,1,1,10.1,1729.84
812,12,1,1,10.0784,1616.81
807,12,1,1,10.0783,1616.02
356,12,1,1,10.0638,1538.36
1981,12,1,1,10.0515,1454.85
345,12,1,1,10.0321,1354.39
341,12,1,1,10.0199,1292.27
2132,12,1,1,10.0196,1290.24
328,12,1,1,10.0039,1196.3
2115,12,1,1,9.99386,1142.95
330,12,1,1,9.9791,1059.68
1987,12,1,2,10.3116,2791.82,0,0,0
428,12,1,2,10.3066,2766.45
885,12,1,2,10.2685,2570.15
2012,12,1,2,10.2627,2542.55
2155,12,1,2,10.2414,2432.62
882,12,1,2,10.238,2415.43
880,12,1,2,10.2217,2330.68
824,12,1,2,10.2032,2231.72
