Node, Individual, Route,Segment, Travel time, Travel cost, Attention time, Attention cost, Failure rate, Demand
398,0,0,0,9.53952,333.558,0.0908333,396.188,0.21,1
410,0,0,0,9.53926,332.349
1986,0,0,0,9.49979,150.606
427,0,0,0,9.47579,29.0576
1987,0,0,0,9.47,0
330,0,0,1,9.7563,1415.19,0.0556667,242.801,0.26,2
336,0,0,1,9.73467,1303.38
388,0,0,1,9.70654,1152
397,0,0,1,9.67686,988.829
399,0,0,1,9.66185,905.688
411,0,0,1,9.64686,823.956
412,0,0,1,9.64394,804.733
398,0,0,1,9.63035,729.745
295,0,0,2,9.94827,2401.36,0.037,161.383,0.36,3
338,0,0,2,9.93271,2317.16
339,0,0,2,9.92727,2280.16
342,0,0,2,9.90116,2149.94
343,0,0,2,9.88511,2071.87
344,0,0,2,9.86733,1976.53
1819,0,0,2,9.85218,1881.29
335,0,0,2,9.84727,1852.45
2114,0,0,2,9.83361,1778.79
329,0,0,2,9.831,1763.62
2115,0,0,2,9.82673,1741.26
330,0,0,2,9.81196,1657.99
819,0,0,3,10.0737,3059.98,0.0483333,210.815,0.55,4
818,0,0,3,10.061,2989.25
804,0,0,3,10.043,2888.48
803,0,0,3,10.0357,2845.47
354,0,0,3,10.0356,2845.1
353,0,0,3,10.0332,2834
314,0,0,3,10.0245,2785.2
312,0,0,3,10.0204,2762.27
313,0,0,3,10.0147,2727.13
306,0,0,3,10.0016,2656.06
297,0,0,3,9.99554,2621.85
295,0,0,3,9.98527,2562.74
824,0,0,4,10.2266,3813.26,0.043,187.553,0.1,5
823,0,0,4,10.2118,3737.42
822,0,0,4,10.2071,3711.55
2153,0,0,4,10.186,3599.34
821,0,0,4,10.1745,3540.13
2008,0,0,4,10.166,3497.34
2152,0,0,4,10.1592,3460.57
820,0,0,4,10.1377,3353.87
819,0,0,4,10.122,3270.8
1987,0,0,5,10.3781,4560.91,0,0,0
428,0,0,5,10.3731,4535.54
885,0,0,5,10.3349,4339.24
2012,0,0,5,10.3292,4311.64
2155,0,0,5,10.3078,4201.71
882,0,0,5,10.3044,4184.52
880,0,0,5,10.2881,4099.77
824,0,0,5,10.2696,4000.82
398,1,0,0,9.74952,333.558,0.0908333,396.188,0.21,1
410,1,0,0,9.74926,332.349
1986,1,0,0,9.70979,150.606
427,1,0,0,9.68579,29.0576
1987,1,0,0,9.68,0
330,1,0,1,9.9663,1415.19,0.0556667,242.801,0.26,2
336,1,0,1,9.94467,1303.38
388,1,0,1,9.91654,1152
397,1,0,1,9.88686,988.829
399,1,0,1,9.87185,905.688
411,1,0,1,9.85686,823.956
412,1,0,1,9.85394,804.733
398,1,0,1,9.84035,729.745
295,1,0,2,10.1534,2386.72,0.0906667,395.461,0.35,3
338,1,0,2,10.1398,2311.01
339,1,0,2,10.1343,2274.01
342,1,0,2,10.1177,2183.82
343,1,0,2,10.1042,2116.01
344,1,0,2,10.0801,1993.98
1819,1,0,2,10.0664,1900.26
335,1,0,2,10.062,1872.09
2114,1,0,2,10.047,1792.99
329,1,0,2,10.0444,1777.8
2115,1,0,2,10.037,1742.27
330,1,0,2,10.022,1657.99
819,1,0,3,10.3357,3293.97,0.0483333,210.815,0.55,4
818,1,0,3,10.3234,3224.92
804,1,0,3,10.3049,3121.93
803,1,0,3,10.297,3077.58
354,1,0,3,10.2969,3077.21
353,1,0,3,10.2945,3066.11
314,1,0,3,10.285,3013.82
307,1,0,3,10.2742,2949.87
306,1,0,3,10.2613,2878.92
297,1,0,3,10.2545,2841.63
295,1,0,3,10.2441,2782.18
824,1,0,4,10.4886,4047.25,0.043,187.553,0.1,5
823,1,0,4,10.4739,3971.41
822,1,0,4,10.4691,3945.54
2153,1,0,4,10.4481,3833.33
821,1,0,4,10.4365,3774.12
2008,1,0,4,10.428,3731.33
2152,1,0,4,10.4212,3694.56
820,1,0,4,10.3997,3587.86
819,1,0,4,10.3841,3504.79
1987,1,0,5,10.6401,4794.9,0,0,0
428,1,0,5,10.6351,4769.53
885,1,0,5,10.5969,4573.23
2012,1,0,5,10.5912,4545.63
2155,1,0,5,10.5698,4435.7
882,1,0,5,10.5664,4418.51
880,1,0,5,10.5501,4333.76
824,1,0,5,10.5316,4234.81
398,2,0,0,11.6035,268.603,0.102667,447.801,0.21,1
410,2,0,0,11.6033,267.395
1986,2,0,0,11.5795,149.487
427,2,0,0,11.5558,29.0576
1987,2,0,0,11.55,0
330,2,0,1,11.8341,1412.15,0.0513333,223.901,0.34,2
336,2,0,1,11.8133,1303.95
388,2,0,1,11.7881,1165.05
397,2,0,1,11.7532,979.274
399,2,0,1,11.7366,889.282
411,2,0,1,11.7221,809.744
412,2,0,1,11.7196,790.732
398,2,0,1,11.7062,716.404
295,2,0,2,12.0133,2349.72,0.113833,496.507,0.26,3
338,2,0,2,11.9996,2273.88
339,2,0,2,11.9942,2236.88
342,2,0,2,11.9787,2151.64
343,2,0,2,11.9682,2096.8
344,2,0,2,11.9412,1962.41
1819,2,0,2,11.9278,1868.88
335,2,0,2,11.9228,1839.93
2114,2,0,2,11.9075,1759.14
329,2,0,2,11.905,1744.08
2115,2,0,2,11.9,1718.57
330,2,0,2,11.8855,1636.05
819,2,0,3,12.2225,3376.68,0.0838333,365.656,0.48,4
818,2,0,3,12.2103,3308.37
817,2,0,3,12.2009,3256.23
780,2,0,3,12.1855,3167.56
778,2,0,3,12.1669,3063.4
2148,2,0,3,12.1663,3060.54
312,2,0,3,12.1662,3060.15
313,2,0,3,12.1592,3021.39
306,2,0,3,12.145,2945.62
297,2,0,3,12.1383,2908.61
295,2,0,3,12.1271,2846.22
824,2,0,4,12.4079,4272.71,0.0978333,426.719,0.15,5
823,2,0,4,12.3928,4195.41
822,2,0,4,12.3873,4166.12
2153,2,0,4,12.3648,4048.12
821,2,0,4,12.3545,3994.07
2008,2,0,4,12.346,3951.28
2152,2,0,4,12.3392,3914.33
820,2,0,4,12.3232,3830.86
819,2,0,4,12.3063,3742.34
1987,2,0,5,12.6125,5255.34,0,0,0
427,2,0,5,12.6071,5227.74
1986,2,0,5,12.5825,5103.53
883,2,0,5,12.5507,4939.47
882,2,0,5,12.5375,4869.97
880,2,0,5,12.5218,4788.01
824,2,0,5,12.5058,4699.43
330,3,0,0,11.8373,792.98,0.0513333,223.901,0.34,1
336,3,0,0,11.8165,684.779
388,3,0,0,11.7913,545.88
397,3,0,0,11.7563,360.101
399,3,0,0,11.7398,270.11
411,3,0,0,11.7253,190.571
412,3,0,0,11.7228,171.559
414,3,0,0,11.7109,109.52
427,3,0,0,11.6958,29.0576
1987,3,0,0,11.69,0
295,3,0,1,12.0164,1730.54,0.113833,496.507,0.26,2
338,3,0,1,12.0028,1654.7
339,3,0,1,11.9974,1617.71
342,3,0,1,11.9819,1532.47
343,3,0,1,11.9714,1477.63
344,3,0,1,11.9444,1343.23
1819,3,0,1,11.931,1249.71
335,3,0,1,11.926,1220.76
2114,3,0,1,11.9107,1139.97
329,3,0,1,11.9082,1124.91
2115,3,0,1,11.9031,1099.4
330,3,0,1,11.8886,1016.88
819,3,0,2,12.2256,2757.51,0.0838333,365.656,0.48,3
818,3,0,2,12.2135,2689.2
817,3,0,2,12.2041,2637.06
780,3,0,2,12.1887,2548.39
778,3,0,2,12.17,2444.23
2148,3,0,2,12.1694,2441.36
312,3,0,2,12.1694,2440.98
313,3,0,2,12.1624,2402.22
306,3,0,2,12.1482,2326.44
297,3,0,2,12.1415,2289.44
295,3,0,2,12.1303,2227.05
824,3,0,3,12.4111,3653.54,0.0978333,426.719,0.15,4
823,3,0,3,12.396,3576.24
822,3,0,3,12.3904,3546.95
2153,3,0,3,12.368,3428.94
821,3,0,3,12.3577,3374.9
2008,3,0,3,12.3492,3332.11
2152,3,0,3,12.3424,3295.16
820,3,0,3,12.3264,3211.69
819,3,0,3,12.3095,3123.17
398,3,0,4,12.6008,4569.48,0.1055,460.159,0.2,5
410,3,0,4,12.6005,4568.27
409,3,0,4,12.5844,4484.54
1985,3,0,4,12.5699,4407.2
881,3,0,4,12.5401,4250.86
880,3,0,4,12.525,4168.83
824,3,0,4,12.5089,4080.26
1987,3,0,5,12.7535,5268.71,0,0,0
413,3,0,5,12.7341,5171.01
414,3,0,5,12.7288,5143.37
410,3,0,5,12.7065,5030.85
398,3,0,5,12.7063,5029.64
330,4,0,0,11.9573,792.98,0.0513333,223.901,0.34,1
336,4,0,0,11.9365,684.779
388,4,0,0,11.9113,545.88
397,4,0,0,11.8764,360.101
399,4,0,0,11.8598,270.11
411,4,0,0,11.8453,190.571
412,4,0,0,11.8428,171.559
414,4,0,0,11.8309,109.52
427,4,0,0,11.8158,29.0576
1987,4,0,0,11.81,0
819,4,0,1,12.1289,1712.56,0.0838333,365.656,0.48,2
811,4,0,1,12.1098,1599.72
805,4,0,1,12.1065,1580.89
358,4,0,1,12.0941,1513.62
349,4,0,1,12.0769,1424.39
344,4,0,1,12.0643,1343.39
1819,4,0,1,12.0505,1249.54
335,4,0,1,12.0464,1221.7
2114,4,0,1,12.0304,1138.04
329,4,0,1,12.0277,1122.86
2115,4,0,1,12.0238,1101.8
330,4,0,1,12.0086,1016.88
295,4,0,2,12.31,2617.98,0.113833,496.507,0.26,3
297,4,0,2,12.3002,2559.53
306,4,0,2,12.2932,2521.6
313,4,0,2,12.2808,2453.24
312,4,0,2,12.2744,2417.02
2148,4,0,2,12.2743,2416.64
778,4,0,2,12.2737,2413.77
780,4,0,2,12.2529,2300.08
817,4,0,2,12.2361,2206.37
818,4,0,2,12.2272,2156.61
819,4,0,2,12.2127,2078.22
824,4,0,3,12.6208,4175.32,0.0978333,426.719,0.15,4
823,4,0,3,12.6057,4098.01
822,4,0,3,12.6002,4068.73
2153,4,0,3,12.5778,3950.72
821,4,0,3,12.5675,3896.67
2008,4,0,3,12.559,3853.88
2152,4,0,3,12.5521,3816.93
820,4,0,3,12.5362,3733.47
819,4,0,3,12.5192,3644.94
818,4,0,3,12.5071,3576.63
817,4,0,3,12.4977,3524.49
780,4,0,3,12.4823,3435.82
778,4,0,3,12.4636,3331.66
2148,4,0,3,12.463,3328.79
312,4,0,3,12.4629,3328.41
313,4,0,3,12.456,3289.65
306,4,0,3,12.4418,3213.87
297,4,0,3,12.435,3176.87
295,4,0,3,12.4239,3114.48
398,4,0,4,12.8105,5091.26,0.1055,460.159,0.2,5
410,4,0,4,12.8103,5090.05
409,4,0,4,12.7941,5006.32
1985,4,0,4,12.7796,4928.97
881,4,0,4,12.7499,4772.63
880,4,0,4,12.7348,4690.61
824,4,0,4,12.7187,4602.04
1987,4,0,5,12.9632,5790.48,0,0,0
413,4,0,5,12.9439,5692.79
414,4,0,5,12.9386,5665.14
410,4,0,5,12.9163,5552.63
398,4,0,5,12.916,5551.42
824,5,0,0,11.5791,513.573,0.0925,403.457,0.11,1
880,5,0,0,11.5628,423.957
882,5,0,0,11.5431,324.778
2155,5,0,0,11.5397,307.732
2012,5,0,0,11.5222,214.129
884,5,0,0,11.5177,191.09
1987,5,0,0,11.48,0
330,5,0,1,11.8448,1820.87,0.0513333,223.901,0.34,2
336,5,0,1,11.8241,1712.67
388,5,0,1,11.7988,1573.77
352,5,0,1,11.7796,1472.47
1983,5,0,1,11.7546,1347.05
1984,5,0,1,11.726,1203.43
814,5,0,1,11.6895,1015.99
824,5,0,1,11.6716,917.03
295,5,0,2,12.024,2758.43,0.113833,496.507,0.26,3
338,5,0,2,12.0103,2682.59
339,5,0,2,12.0049,2645.59
342,5,0,2,11.9894,2560.36
343,5,0,2,11.9789,2505.52
344,5,0,2,11.9519,2371.12
1819,5,0,2,11.9385,2277.6
335,5,0,2,11.9335,2248.65
2114,5,0,2,11.9182,2167.85
329,5,0,2,11.9157,2152.8
2115,5,0,2,11.9107,2127.29
330,5,0,2,11.8962,2044.77
819,5,0,3,12.2332,3785.4,0.0838333,365.656,0.48,4
818,5,0,3,12.221,3717.09
817,5,0,3,12.2116,3664.95
780,5,0,3,12.1962,3576.28
778,5,0,3,12.1776,3472.12
2148,5,0,3,12.177,3469.25
312,5,0,3,12.1769,3468.87
313,5,0,3,12.1699,3430.11
306,5,0,3,12.1557,3354.33
297,5,0,3,12.149,3317.33
295,5,0,3,12.1378,3254.94
398,5,0,4,12.5105,5170.65,0.1055,460.159,0.2,5
410,5,0,4,12.5102,5169.44
409,5,0,4,12.4941,5085.71
1985,5,0,4,12.4796,5008.36
881,5,0,4,12.4498,4852.03
880,5,0,4,12.4347,4770
824,5,0,4,12.4186,4681.43
823,5,0,4,12.4035,4604.12
822,5,0,4,12.398,4574.84
2153,5,0,4,12.3756,4456.83
821,5,0,4,12.3652,4402.79
2008,5,0,4,12.3567,4360
2152,5,0,4,12.3499,4323.05
820,5,0,4,12.3339,4239.58
819,5,0,4,12.317,4151.05
1987,5,0,5,12.6631,5869.88,0,0,0
413,5,0,5,12.6438,5772.18
414,5,0,5,12.6385,5744.53
410,5,0,5,12.6162,5632.02
398,5,0,5,12.616,5630.81
330,6,0,0,11.9373,792.98,0.0513333,223.901,0.34,1
336,6,0,0,11.9165,684.779
388,6,0,0,11.8913,545.88
397,6,0,0,11.8563,360.101
399,6,0,0,11.8398,270.11
411,6,0,0,11.8253,190.571
412,6,0,0,11.8228,171.559
414,6,0,0,11.8109,109.52
427,6,0,0,11.7958,29.0576
1987,6,0,0,11.79,0
295,6,0,1,12.1164,1730.54,0.113833,496.507,0.26,2
338,6,0,1,12.1028,1654.7
339,6,0,1,12.0974,1617.71
342,6,0,1,12.0819,1532.47
343,6,0,1,12.0714,1477.63
344,6,0,1,12.0444,1343.23
1819,6,0,1,12.031,1249.71
335,6,0,1,12.026,1220.76
2114,6,0,1,12.0107,1139.97
329,6,0,1,12.0082,1124.91
2115,6,0,1,12.0031,1099.4
330,6,0,1,11.9886,1016.88
819,6,0,2,12.3256,2757.51,0.0838333,365.656,0.48,3
818,6,0,2,12.3135,2689.2
817,6,0,2,12.3041,2637.06
780,6,0,2,12.2887,2548.39
778,6,0,2,12.27,2444.23
2148,6,0,2,12.2694,2441.36
312,6,0,2,12.2694,2440.98
313,6,0,2,12.2624,2402.22
306,6,0,2,12.2482,2326.44
297,6,0,2,12.2415,2289.44
295,6,0,2,12.2303,2227.05
398,6,0,3,12.603,4142.76,0.1055,460.159,0.2,4
410,6,0,3,12.6027,4141.55
409,6,0,3,12.5866,4057.82
1985,6,0,3,12.5721,3980.48
881,6,0,3,12.5423,3824.14
880,6,0,3,12.5272,3742.11
824,6,0,3,12.5111,3653.54
823,6,0,3,12.496,3576.24
822,6,0,3,12.4904,3546.95
2153,6,0,3,12.468,3428.94
821,6,0,3,12.4577,3374.9
2008,6,0,3,12.4492,3332.11
2152,6,0,3,12.4424,3295.16
820,6,0,3,12.4264,3211.69
819,6,0,3,12.4095,3123.17
1987,6,0,4,12.7556,4841.99,0,0,0
413,6,0,4,12.7363,4744.29
414,6,0,4,12.731,4716.65
410,6,0,4,12.7087,4604.13
398,6,0,4,12.7085,4602.92
824,6,1,0,10.9671,524.077,0.043,187.553,0.1,1
880,6,1,0,10.9488,426.117
881,6,1,0,10.9334,343.023
1985,6,1,0,10.908,205.039
1986,6,1,0,10.9003,152.657
427,6,1,0,10.8758,29.0576
1987,6,1,0,10.87,0
1987,6,1,1,11.1097,1237.34,0,0,0
427,6,1,1,11.1041,1208.82
1986,6,1,1,11.0839,1103.65
883,6,1,1,11.056,955.769
882,6,1,1,11.0442,892.319
880,6,1,1,11.0273,804.973
824,6,1,1,11.0101,711.63
330,7,0,0,11.9573,792.98,0.0513333,223.901,0.34,1
336,7,0,0,11.9365,684.779
388,7,0,0,11.9113,545.88
397,7,0,0,11.8764,360.101
399,7,0,0,11.8598,270.11
411,7,0,0,11.8453,190.571
412,7,0,0,11.8428,171.559
414,7,0,0,11.8309,109.52
427,7,0,0,11.8158,29.0576
1987,7,0,0,11.81,0
819,7,0,1,12.1289,1712.56,0.0838333,365.656,0.48,2
811,7,0,1,12.1098,1599.72
805,7,0,1,12.1065,1580.89
358,7,0,1,12.0941,1513.62
349,7,0,1,12.0769,1424.39
344,7,0,1,12.0643,1343.39
1819,7,0,1,12.0505,1249.54
335,7,0,1,12.0464,1221.7
2114,7,0,1,12.0304,1138.04
329,7,0,1,12.0277,1122.86
2115,7,0,1,12.0238,1101.8
330,7,0,1,12.0086,1016.88
295,7,0,2,12.31,2617.98,0.113833,496.507,0.26,3
297,7,0,2,12.3002,2559.53
306,7,0,2,12.2932,2521.6
313,7,0,2,12.2808,2453.24
312,7,0,2,12.2744,2417.02
2148,7,0,2,12.2743,2416.64
778,7,0,2,12.2737,2413.77
780,7,0,2,12.2529,2300.08
817,7,0,2,12.2361,2206.37
818,7,0,2,12.2272,2156.61
819,7,0,2,12.2127,2078.22
398,7,0,3,12.6475,4306.65,0.1055,460.159,0.2,4
397,7,0,3,12.6347,4237.24
389,7,0,3,12.623,4174.6
388,7,0,3,12.5981,4044.45
2132,7,0,3,12.5713,3893.4
341,7,0,3,12.5705,3889.4
345,7,0,3,12.5649,3851.22
1981,7,0,3,12.5493,3766.96
350,7,0,3,12.5216,3626.53
344,7,0,3,12.5045,3539.07
343,7,0,3,12.4865,3442.85
1980,7,0,3,12.4783,3398.48
342,7,0,3,12.4716,3365
339,7,0,3,12.4524,3263.58
338,7,0,3,12.4417,3208.49
295,7,0,3,12.4239,3114.48
1987,7,0,4,12.8001,5005.87,0,0,0
413,7,0,4,12.7808,4908.18
414,7,0,4,12.7755,4880.53
410,7,0,4,12.7532,4768.02
398,7,0,4,12.753,4766.81
824,7,1,0,10.9971,524.077,0.043,187.553,0.1,1
880,7,1,0,10.9788,426.117
881,7,1,0,10.9634,343.023
1985,7,1,0,10.938,205.039
1986,7,1,0,10.9303,152.657
427,7,1,0,10.9058,29.0576
1987,7,1,0,10.9,0
1987,7,1,1,11.1397,1237.34,0,0,0
427,7,1,1,11.1341,1208.82
1986,7,1,1,11.1139,1103.65
883,7,1,1,11.086,955.769
882,7,1,1,11.0742,892.319
880,7,1,1,11.0573,804.973
824,7,1,1,11.0401,711.63
295,8,0,0,12.1988,1302.3,0.113833,496.507,0.26,1
338,8,0,0,12.1852,1226.46
339,8,0,0,12.1798,1189.46
342,8,0,0,12.1643,1104.22
343,8,0,0,12.1538,1049.39
344,8,0,0,12.1267,914.99
350,8,0,0,12.1107,832.236
1981,8,0,0,12.0832,692.173
351,8,0,0,12.0696,624.148
1982,8,0,0,12.064,586.192
1983,8,0,0,12.0382,456.299
1984,8,0,0,12.0095,312.681
1985,8,0,0,11.9872,201.869
1986,8,0,0,11.9795,149.487
427,8,0,0,11.9558,29.0576
1987,8,0,0,11.95,0
819,8,0,1,12.408,2329.27,0.0838333,365.656,0.48,2
818,8,0,1,12.3959,2260.96
817,8,0,1,12.3865,2208.82
780,8,0,1,12.371,2120.15
778,8,0,1,12.3524,2015.99
2148,8,0,1,12.3518,2013.12
312,8,0,1,12.3517,2012.74
313,8,0,1,12.3448,1973.98
306,8,0,1,12.3306,1898.2
297,8,0,1,12.3238,1861.2
295,8,0,1,12.3127,1798.81
824,8,0,2,12.5935,3225.3,0.0978333,426.719,0.15,3
823,8,0,2,12.5784,3147.99
822,8,0,2,12.5728,3118.71
2153,8,0,2,12.5504,3000.7
821,8,0,2,12.5401,2946.66
2008,8,0,2,12.5316,2903.87
2152,8,0,2,12.5248,2866.92
820,8,0,2,12.5088,2783.45
819,8,0,2,12.4919,2694.92
1987,8,0,3,12.7981,4207.92,0,0,0
427,8,0,3,12.7927,4180.33
1986,8,0,3,12.768,4056.12
883,8,0,3,12.7362,3892.06
882,8,0,3,12.7231,3822.55
880,8,0,3,12.7074,3740.59
824,8,0,3,12.6913,3652.02
330,8,1,0,9.46343,816.882,0.0556667,242.801,0.26,1
336,8,1,0,9.4418,705.066
388,8,1,0,9.41368,553.686
397,8,1,0,9.38399,390.517
399,8,1,0,9.36898,307.377
411,8,1,0,9.35399,225.644
412,8,1,0,9.35107,206.421
414,8,1,0,9.3363,132.251
427,8,1,0,9.31579,29.0576
1987,8,1,0,9.31,0
398,8,1,1,9.63558,1704.78,0.0908333,396.188,0.21,2
397,8,1,1,9.62153,1629.84
389,8,1,1,9.60996,1567.55
388,8,1,1,9.58547,1439.34
2132,8,1,1,9.55963,1290.24
328,8,1,1,9.54393,1196.3
2115,8,1,1,9.53386,1142.95
330,8,1,1,9.5191,1059.68
1987,8,1,2,9.76533,2305.26,0,0,0
413,8,1,2,9.74895,2219.87
414,8,1,2,9.74315,2190.14
410,8,1,2,9.72667,2102.17
398,8,1,2,9.72641,2100.96
824,9,0,0,11.8291,513.573,0.0925,403.457,0.11,1
880,9,0,0,11.8128,423.957
882,9,0,0,11.7931,324.778
2155,9,0,0,11.7897,307.732
2012,9,0,0,11.7722,214.129
884,9,0,0,11.7677,191.09
1987,9,0,0,11.73,0
819,9,0,1,12.0207,1437.57,0.0838333,365.656,0.48,2
820,9,0,1,11.9985,1326.91
2152,9,0,1,11.9844,1251.6
2008,9,0,1,11.9709,1186.68
821,9,0,1,11.966,1159.17
2153,9,0,1,11.9562,1107.51
831,9,0,1,11.9562,1107.43
825,9,0,1,11.9558,1105.4
822,9,0,1,11.9388,1008.71
823,9,0,1,11.9338,981.901
824,9,0,1,11.9216,917.03
295,9,0,2,12.2018,2342.98,0.113833,496.507,0.26,3
297,9,0,2,12.192,2284.54
306,9,0,2,12.185,2246.61
313,9,0,2,12.1726,2178.24
312,9,0,2,12.1662,2142.03
2148,9,0,2,12.1661,2141.65
778,9,0,2,12.1655,2138.78
780,9,0,2,12.1447,2025.09
817,9,0,2,12.1279,1931.37
818,9,0,2,12.119,1881.62
819,9,0,2,12.1046,1803.23
1987,9,0,3,12.587,4228.3,0,0,0
427,9,0,3,12.5815,4200.46
1986,9,0,3,12.5575,4079.17
1985,9,0,3,12.5384,3984.13
1984,9,0,3,12.5192,3886.17
1983,9,0,3,12.4899,3740.12
1982,9,0,3,12.4661,3618.53
351,9,0,3,12.453,3552.94
1981,9,0,3,12.4411,3491.97
350,9,0,3,12.4134,3351.54
344,9,0,3,12.3963,3264.08
343,9,0,3,12.3783,3167.86
1980,9,0,3,12.3701,3123.48
342,9,0,3,12.3634,3090
339,9,0,3,12.3442,2988.58
338,9,0,3,12.3335,2933.5
295,9,0,3,12.3157,2839.49
330,9,1,0,9.47343,816.882,0.0556667,242.801,0.26,1
336,9,1,0,9.4518,705.066
388,9,1,0,9.42367,553.686
397,9,1,0,9.39399,390.517
399,9,1,0,9.37898,307.377
411,9,1,0,9.36399,225.644
412,9,1,0,9.36107,206.421
414,9,1,0,9.3463,132.251
427,9,1,0,9.32579,29.0576
1987,9,1,0,9.32,0
398,9,1,1,9.64558,1704.78,0.0908333,396.188,0.21,2
397,9,1,1,9.63153,1629.84
389,9,1,1,9.61996,1567.55
388,9,1,1,9.59547,1439.34
2132,9,1,1,9.56963,1290.24
328,9,1,1,9.55393,1196.3
2115,9,1,1,9.54386,1142.95
330,9,1,1,9.52909,1059.68
1987,9,1,2,9.77533,2305.26,0,0,0
413,9,1,2,9.75895,2219.87
414,9,1,2,9.75315,2190.14
410,9,1,2,9.73667,2102.17
398,9,1,2,9.73641,2100.96
824,10,0,0,11.8091,513.573,0.0925,403.457,0.11,1
880,10,0,0,11.7928,423.957
882,10,0,0,11.7731,324.778
2155,10,0,0,11.7697,307.732
2012,10,0,0,11.7522,214.129
884,10,0,0,11.7477,191.09
1987,10,0,0,11.71,0
819,10,0,1,12.0007,1437.57,0.0838333,365.656,0.48,2
820,10,0,1,11.9785,1326.91
2152,10,0,1,11.9644,1251.6
2008,10,0,1,11.9509,1186.68
821,10,0,1,11.946,1159.17
2153,10,0,1,11.9362,1107.51
831,10,0,1,11.9362,1107.43
825,10,0,1,11.9358,1105.4
822,10,0,1,11.9188,1008.71
823,10,0,1,11.9138,981.901
824,10,0,1,11.9016,917.03
295,10,0,2,12.1818,2342.98,0.113833,496.507,0.26,3
297,10,0,2,12.172,2284.54
306,10,0,2,12.165,2246.61
313,10,0,2,12.1526,2178.24
312,10,0,2,12.1462,2142.03
2148,10,0,2,12.1461,2141.65
778,10,0,2,12.1455,2138.78
780,10,0,2,12.1247,2025.09
817,10,0,2,12.1079,1931.37
818,10,0,2,12.099,1881.62
819,10,0,2,12.0846,1803.23
398,10,0,3,12.5193,4031.66,0.1055,460.159,0.2,4
397,10,0,3,12.5065,3962.25
389,10,0,3,12.4948,3899.61
388,10,0,3,12.4699,3769.45
2132,10,0,3,12.4431,3618.41
341,10,0,3,12.4423,3614.4
345,10,0,3,12.4367,3576.22
1981,10,0,3,12.4211,3491.97
350,10,0,3,12.3934,3351.54
344,10,0,3,12.3763,3264.08
343,10,0,3,12.3583,3167.86
1980,10,0,3,12.3501,3123.48
342,10,0,3,12.3434,3090
339,10,0,3,12.3242,2988.58
338,10,0,3,12.3135,2933.5
295,10,0,3,12.2957,2839.49
1987,10,0,4,12.6719,4730.88,0,0,0
413,10,0,4,12.6526,4633.19
414,10,0,4,12.6473,4605.54
410,10,0,4,12.625,4493.02
398,10,0,4,12.6248,4491.82
330,10,1,0,9.19343,816.882,0.0556667,242.801,0.26,1
336,10,1,0,9.1718,705.066
388,10,1,0,9.14367,553.686
397,10,1,0,9.11399,390.517
399,10,1,0,9.09898,307.377
411,10,1,0,9.08399,225.644
412,10,1,0,9.08107,206.421
414,10,1,0,9.0663,132.251
427,10,1,0,9.04579,29.0576
1987,10,1,0,9.04,0
1987,10,1,1,9.4045,1909.08,0,0,0
413,10,1,1,9.38811,1823.69
414,10,1,1,9.38231,1793.95
410,10,1,1,9.36583,1705.98
398,10,1,1,9.36558,1704.78
397,10,1,1,9.35153,1629.84
389,10,1,1,9.33996,1567.55
388,10,1,1,9.31547,1439.34
2132,10,1,1,9.28963,1290.24
328,10,1,1,9.27393,1196.3
2115,10,1,1,9.26386,1142.95
330,10,1,1,9.24909,1059.68
819,11,0,0,12.1782,1034.11,0.0838333,365.656,0.48,1
820,11,0,0,12.156,923.453
2152,11,0,0,12.1419,848.144
2008,11,0,0,12.1284,783.22
821,11,0,0,12.1235,755.708
2153,11,0,0,12.1137,704.051
831,11,0,0,12.1137,703.97
825,11,0,0,12.1133,701.94
822,11,0,0,12.0963,605.252
823,11,0,0,12.0913,578.444
824,11,0,0,12.0791,513.573
880,11,0,0,12.0628,423.957
882,11,0,0,12.0431,324.778
2155,11,0,0,12.0397,307.732
2012,11,0,0,12.0222,214.129
884,11,0,0,12.0177,191.09
1987,11,0,0,11.98,0
295,11,0,1,12.3593,1939.53,0.113833,496.507,0.26,2
297,11,0,1,12.3495,1881.08
306,11,0,1,12.3425,1843.15
313,11,0,1,12.3301,1774.79
312,11,0,1,12.3237,1738.57
2148,11,0,1,12.3236,1738.19
778,11,0,1,12.323,1735.32
780,11,0,1,12.3022,1621.63
817,11,0,1,12.2854,1527.92
818,11,0,1,12.2765,1478.16
819,11,0,1,12.2621,1399.77
398,11,0,2,12.6968,3628.2,0.1055,460.159,0.2,3
397,11,0,2,12.684,3558.79
389,11,0,2,12.6723,3496.15
388,11,0,2,12.6474,3366
2132,11,0,2,12.6206,3214.95
341,11,0,2,12.6198,3210.94
345,11,0,2,12.6142,3172.76
1981,11,0,2,12.5986,3088.51
350,11,0,2,12.5709,2948.08
344,11,0,2,12.5538,2860.62
343,11,0,2,12.5358,2764.4
1980,11,0,2,12.5276,2720.03
342,11,0,2,12.5209,2686.55
339,11,0,2,12.5017,2585.13
338,11,0,2,12.491,2530.04
295,11,0,2,12.4732,2436.03
1987,11,0,3,12.8494,4327.42,0,0,0
413,11,0,3,12.8301,4229.73
414,11,0,3,12.8248,4202.08
410,11,0,3,12.8025,4089.57
398,11,0,3,12.8023,4088.36
330,11,1,0,9.86343,816.882,0.0556667,242.801,0.26,1
336,11,1,0,9.8418,705.066
388,11,1,0,9.81367,553.686
397,11,1,0,9.78399,390.517
399,11,1,0,9.76898,307.377
411,11,1,0,9.75399,225.644
412,11,1,0,9.75107,206.421
414,11,1,0,9.7363,132.251
427,11,1,0,9.71579,29.0576
1987,11,1,0,9.71,0
824,11,1,1,10.1002,2044.17,0.043,187.553,0.1,2
823,11,1,1,10.0874,1976.76
822,11,1,1,10.0814,1945.48
2153,11,1,1,10.0604,1833.58
821,11,1,1,10.0485,1772.63
2008,11,1,1,10.04,1729.84
812,11,1,1,10.0184,1616.81
807,11,1,1,10.0183,1616.02
356,11,1,1,10.0038,1538.36
1981,11,1,1,9.99154,1454.85
345,11,1,1,9.97212,1354.39
341,11,1,1,9.95987,1292.27
2132,11,1,1,9.95963,1290.24
328,11,1,1,9.94393,1196.3
2115,11,1,1,9.93386,1142.95
330,11,1,1,9.9191,1059.68
1987,11,1,2,10.2516,2791.82,0,0,0
428,11,1,2,10.2466,2766.45
885,11,1,2,10.2085,2570.15
2012,11,1,2,10.2027,2542.55
2155,11,1,2,10.1814,2432.62
882,11,1,2,10.178,2415.43
880,11,1,2,10.1617,2330.68
824,11,1,2,10.1432,2231.72
398,12,0,0,12.0235,268.603,0.1055,460.159,0.2,1
410,12,0,0,12.0233,267.395
1986,12,0,0,11.9995,149.487
427,12,0,0,11.9758,29.0576
1987,12,0,0,11.97,0
295,12,0,1,12.3857,2052.68,0.113833,496.507,0.26,2
338,12,0,1,12.3718,1976
339,12,0,1,12.3664,1939
342,12,0,1,12.345,1828.4
343,12,0,1,12.3316,1761.19
344,12,0,1,12.3107,1652.78
350,12,0,1,12.2937,1565.74
1981,12,0,1,12.267,1429.18
351,12,0,1,12.2535,1361.86
1982,12,0,1,12.2444,1313.1
1983,12,0,1,12.2202,1190.04
1984,12,0,1,12.1891,1036.04
1985,12,0,1,12.1669,925.759
1986,12,0,1,12.1592,873.377
410,12,0,1,12.1293,729.971
398,12,0,1,12.129,728.762
819,12,0,2,12.5948,3079.65,0.0838333,365.656,0.48,3
818,12,0,2,12.5827,3011.34
817,12,0,2,12.5733,2959.2
780,12,0,2,12.5579,2870.53
778,12,0,2,12.5392,2766.37
2148,12,0,2,12.5387,2763.5
312,12,0,2,12.5386,2763.12
313,12,0,2,12.5316,2724.36
306,12,0,2,12.5174,2648.58
297,12,0,2,12.5107,2611.58
295,12,0,2,12.4995,2549.19
1987,12,0,3,12.8871,4531.58,0,0,0
427,12,0,3,12.8816,4503.99
1986,12,0,3,12.857,4379.78
883,12,0,3,12.8252,4215.72
882,12,0,3,12.8121,4146.21
880,12,0,3,12.7964,4064.25
824,12,0,3,12.7803,3975.68
823,12,0,3,12.7652,3898.37
822,12,0,3,12.7596,3869.09
2153,12,0,3,12.7372,3751.08
821,12,0,3,12.7269,3697.04
2008,12,0,3,12.7184,3654.25
2152,12,0,3,12.7116,3617.3
820,12,0,3,12.6956,3533.83
819,12,0,3,12.6787,3445.3
330,12,1,0,9.79343,816.882,0.0556667,242.801,0.26,1
336,12,1,0,9.7718,705.066
388,12,1,0,9.74368,553.686
397,12,1,0,9.71399,390.517
399,12,1,0,9.69898,307.377
411,12,1,0,9.68399,225.644
412,12,1,0,9.68107,206.421
414,12,1,0,9.6663,132.251
427,12,1,0,9.64579,29.0576
1987,12,1,0,9.64,0
824,12,1,1,10.0302,2044.17,0.043,187.553,0.1,2
823,12,1,1,10.0174,1976.76
822,12,1,1,10.0114,1945.48
2153,12,1,1,9.99041,1833.58
821,12,1,1,9.97846,1772.63
2008,12,1,1,9.96997,1729.84
812,12,1,1,9.94845,1616.81
807,12,1,1,9.94829,1616.02
356,12,1,1,9.9338,1538.36
1981,12,1,1,9.92154,1454.85
345,12,1,1,9.90212,1354.39
341,12,1,1,9.88987,1292.27
2132,12,1,1,9.88963,1290.24
328,12,1,1,9.87393,1196.3
2115,12,1,1,9.86386,1142.95
330,12,1,1,9.8491,1059.68
1987,12,1,2,10.1816,2791.82,0,0,0
428,12,1,2,10.1766,2766.45
885,12,1,2,10.1385,2570.15
2012,12,1,2,10.1327,2542.55
2155,12,1,2,10.1114,2432.62
882,12,1,2,10.108,2415.43
880,12,1,2,10.0917,2330.68
824,12,1,2,10.0732,2231.72
