Node, Individual, Route,Segment, Travel time, Travel cost, Attention time, Attention cost, Failure rate, Demand
398,0,0,0,9.54952,333.558,0.0908333,396.188,0.21,1
410,0,0,0,9.54926,332.349
1986,0,0,0,9.50979,150.606
427,0,0,0,9.48579,29.0576
1987,0,0,0,9.48,0
330,0,0,1,9.7663,1415.19,0.0556667,242.801,0.26,2
336,0,0,1,9.74467,1303.38
388,0,0,1,9.71654,1152
397,0,0,1,9.68685,988.829
399,0,0,1,9.67185,905.688
411,0,0,1,9.65685,823.956
412,0,0,1,9.65394,804.733
398,0,0,1,9.64035,729.745
295,0,0,2,9.95827,2401.36,0.037,161.383,0.36,3
338,0,0,2,9.94271,2317.16
339,0,0,2,9.93727,2280.16
342,0,0,2,9.91115,2149.94
343,0,0,2,9.89511,2071.87
344,0,0,2,9.87733,1976.53
1819,0,0,2,9.86218,1881.29
335,0,0,2,9.85727,1852.45
2114,0,0,2,9.84361,1778.79
329,0,0,2,9.841,1763.62
2115,0,0,2,9.83673,1741.26
330,0,0,2,9.82196,1657.99
819,0,0,3,10.0837,3059.98,0.0483333,210.815,0.55,4
818,0,0,3,10.071,2989.25
804,0,0,3,10.053,2888.48
803,0,0,3,10.0457,2845.47
354,0,0,3,10.0456,2845.1
353,0,0,3,10.0432,2834
314,0,0,3,10.0345,2785.2
312,0,0,3,10.0304,2762.27
313,0,0,3,10.0247,2727.13
306,0,0,3,10.0116,2656.06
297,0,0,3,10.0055,2621.85
295,0,0,3,9.99527,2562.74
824,0,0,4,10.2366,3813.26,0.043,187.553,0.1,5
823,0,0,4,10.2218,3737.42
822,0,0,4,10.2171,3711.55
2153,0,0,4,10.196,3599.34
821,0,0,4,10.1845,3540.13
2008,0,0,4,10.176,3497.34
2152,0,0,4,10.1692,3460.57
820,0,0,4,10.1477,3353.87
819,0,0,4,10.132,3270.8
1987,0,0,5,10.3881,4560.91,0,0,0
428,0,0,5,10.383,4535.54
885,0,0,5,10.3449,4339.24
2012,0,0,5,10.3392,4311.64
2155,0,0,5,10.3178,4201.71
882,0,0,5,10.3144,4184.52
880,0,0,5,10.2981,4099.77
824,0,0,5,10.2796,4000.82
398,1,0,0,9.76952,333.558,0.0908333,396.188,0.21,1
410,1,0,0,9.76926,332.349
1986,1,0,0,9.72979,150.606
427,1,0,0,9.70579,29.0576
1987,1,0,0,9.7,0
330,1,0,1,9.9863,1415.19,0.0556667,242.801,0.26,2
336,1,0,1,9.96467,1303.38
388,1,0,1,9.93654,1152
397,1,0,1,9.90685,988.829
399,1,0,1,9.89185,905.688
411,1,0,1,9.87685,823.956
412,1,0,1,9.87394,804.733
398,1,0,1,9.86035,729.745
295,1,0,2,10.1734,2386.72,0.0906667,395.461,0.35,3
338,1,0,2,10.1598,2311.01
339,1,0,2,10.1543,2274.01
342,1,0,2,10.1377,2183.82
343,1,0,2,10.1242,2116.01
344,1,0,2,10.1001,1993.98
1819,1,0,2,10.0864,1900.26
335,1,0,2,10.082,1872.09
2114,1,0,2,10.067,1792.99
329,1,0,2,10.0644,1777.8
2115,1,0,2,10.057,1742.27
330,1,0,2,10.042,1657.99
819,1,0,3,10.3557,3293.97,0.0483333,210.815,0.55,4
818,1,0,3,10.3434,3224.92
804,1,0,3,10.3249,3121.93
803,1,0,3,10.317,3077.58
354,1,0,3,10.3169,3077.21
353,1,0,3,10.3145,3066.11
314,1,0,3,10.305,3013.82
307,1,0,3,10.2942,2949.87
306,1,0,3,10.2813,2878.92
297,1,0,3,10.2745,2841.63
295,1,0,3,10.2641,2782.18
824,1,0,4,10.5086,4047.25,0.043,187.553,0.1,5
823,1,0,4,10.4939,3971.41
822,1,0,4,10.4891,3945.54
2153,1,0,4,10.4681,3833.33
821,1,0,4,10.4565,3774.12
2008,1,0,4,10.448,3731.33
2152,1,0,4,10.4412,3694.56
820,1,0,4,10.4197,3587.86
819,1,0,4,10.4041,3504.79
1987,1,0,5,10.6601,4794.9,0,0,0
428,1,0,5,10.6551,4769.53
885,1,0,5,10.6169,4573.23
2012,1,0,5,10.6112,4545.63
2155,1,0,5,10.5898,4435.7
882,1,0,5,10.5864,4418.51
880,1,0,5,10.5701,4333.76
824,1,0,5,10.5516,4234.81
398,2,0,0,11.6435,268.603,0.102667,447.801,0.21,1
410,2,0,0,11.6433,267.395
1986,2,0,0,11.6195,149.487
427,2,0,0,11.5958,29.0576
1987,2,0,0,11.59,0
330,2,0,1,11.8741,1412.15,0.0513333,223.901,0.34,2
336,2,0,1,11.8533,1303.95
388,2,0,1,11.8281,1165.05
397,2,0,1,11.7932,979.274
399,2,0,1,11.7766,889.282
411,2,0,1,11.7621,809.744
412,2,0,1,11.7596,790.732
398,2,0,1,11.7462,716.404
295,2,0,2,12.0533,2349.72,0.113833,496.507,0.26,3
338,2,0,2,12.0396,2273.88
339,2,0,2,12.0342,2236.88
342,2,0,2,12.0187,2151.64
343,2,0,2,12.0082,2096.8
344,2,0,2,11.9812,1962.41
1819,2,0,2,11.9678,1868.88
335,2,0,2,11.9628,1839.93
2114,2,0,2,11.9475,1759.14
329,2,0,2,11.945,1744.08
2115,2,0,2,11.94,1718.57
330,2,0,2,11.9255,1636.05
819,2,0,3,12.2625,3376.68,0.0838333,365.656,0.48,4
818,2,0,3,12.2503,3308.37
817,2,0,3,12.2409,3256.23
780,2,0,3,12.2255,3167.56
778,2,0,3,12.2069,3063.4
2148,2,0,3,12.2063,3060.54
312,2,0,3,12.2062,3060.15
313,2,0,3,12.1992,3021.39
306,2,0,3,12.185,2945.62
297,2,0,3,12.1783,2908.61
295,2,0,3,12.1671,2846.22
824,2,0,4,12.4479,4272.71,0.0978333,426.719,0.15,5
823,2,0,4,12.4328,4195.41
822,2,0,4,12.4273,4166.12
2153,2,0,4,12.4048,4048.12
821,2,0,4,12.3945,3994.07
2008,2,0,4,12.386,3951.28
2152,2,0,4,12.3792,3914.33
820,2,0,4,12.3632,3830.86
819,2,0,4,12.3463,3742.34
1987,2,0,5,12.6525,5255.34,0,0,0
427,2,0,5,12.6471,5227.74
1986,2,0,5,12.6225,5103.53
883,2,0,5,12.5907,4939.47
882,2,0,5,12.5775,4869.97
880,2,0,5,12.5618,4788.01
824,2,0,5,12.5458,4699.43
330,3,0,0,11.9573,792.98,0.0513333,223.901,0.34,1
336,3,0,0,11.9365,684.779
388,3,0,0,11.9113,545.88
397,3,0,0,11.8764,360.101
399,3,0,0,11.8598,270.11
411,3,0,0,11.8453,190.571
412,3,0,0,11.8428,171.559
414,3,0,0,11.8309,109.52
427,3,0,0,11.8158,29.0576
1987,3,0,0,11.81,0
819,3,0,1,12.1289,1712.56,0.0838333,365.656,0.48,2
811,3,0,1,12.1098,1599.72
805,3,0,1,12.1065,1580.89
358,3,0,1,12.0941,1513.62
349,3,0,1,12.0769,1424.39
344,3,0,1,12.0643,1343.39
1819,3,0,1,12.0505,1249.54
335,3,0,1,12.0464,1221.7
2114,3,0,1,12.0304,1138.04
329,3,0,1,12.0277,1122.86
2115,3,0,1,12.0238,1101.8
330,3,0,1,12.0086,1016.88
295,3,0,2,12.31,2617.98,0.113833,496.507,0.26,3
297,3,0,2,12.3002,2559.53
306,3,0,2,12.2932,2521.6
313,3,0,2,12.2808,2453.24
312,3,0,2,12.2744,2417.02
2148,3,0,2,12.2743,2416.64
778,3,0,2,12.2737,2413.77
780,3,0,2,12.2529,2300.08
817,3,0,2,12.2361,2206.37
818,3,0,2,12.2272,2156.61
819,3,0,2,12.2127,2078.22
824,3,0,3,12.6208,4175.32,0.0978333,426.719,0.15,4
823,3,0,3,12.6057,4098.01
822,3,0,3,12.6002,4068.73
2153,3,0,3,12.5778,3950.72
821,3,0,3,12.5675,3896.67
2008,3,0,3,12.559,3853.88
2152,3,0,3,12.5521,3816.93
820,3,0,3,12.5362,3733.47
819,3,0,3,12.5192,3644.94
818,3,0,3,12.5071,3576.63
817,3,0,3,12.4977,3524.49
780,3,0,3,12.4823,3435.82
778,3,0,3,12.4636,3331.66
2148,3,0,3,12.463,3328.79
312,3,0,3,12.4629,3328.41
313,3,0,3,12.456,3289.65
306,3,0,3,12.4418,3213.87
297,3,0,3,12.435,3176.87
295,3,0,3,12.4239,3114.48
398,3,0,4,12.8105,5091.26,0.1055,460.159,0.2,5
410,3,0,4,12.8103,5090.05
409,3,0,4,12.7941,5006.32
1985,3,0,4,12.7796,4928.97
881,3,0,4,12.7499,4772.63
880,3,0,4,12.7348,4690.61
824,3,0,4,12.7187,4602.04
1987,3,0,5,12.9632,5790.48,0,0,0
413,3,0,5,12.9439,5692.79
414,3,0,5,12.9386,5665.14
410,3,0,5,12.9163,5552.63
398,3,0,5,12.916,5551.42
824,4,0,0,11.5791,513.573,0.0925,403.457,0.11,1
880,4,0,0,11.5628,423.957
882,4,0,0,11.5431,324.778
2155,4,0,0,11.5397,307.732
2012,4,0,0,11.5222,214.129
884,4,0,0,11.5177,191.09
1987,4,0,0,11.48,0
330,4,0,1,11.8448,1820.87,0.0513333,223.901,0.34,2
336,4,0,1,11.8241,1712.67
388,4,0,1,11.7988,1573.77
352,4,0,1,11.7796,1472.47
1983,4,0,1,11.7546,1347.05
1984,4,0,1,11.726,1203.43
814,4,0,1,11.6895,1015.99
824,4,0,1,11.6716,917.03
295,4,0,2,12.024,2758.43,0.113833,496.507,0.26,3
338,4,0,2,12.0103,2682.59
339,4,0,2,12.0049,2645.59
342,4,0,2,11.9894,2560.36
343,4,0,2,11.9789,2505.52
344,4,0,2,11.9519,2371.12
1819,4,0,2,11.9385,2277.6
335,4,0,2,11.9335,2248.65
2114,4,0,2,11.9182,2167.85
329,4,0,2,11.9157,2152.8
2115,4,0,2,11.9107,2127.29
330,4,0,2,11.8962,2044.77
819,4,0,3,12.2332,3785.4,0.0838333,365.656,0.48,4
818,4,0,3,12.221,3717.09
817,4,0,3,12.2116,3664.95
780,4,0,3,12.1962,3576.28
778,4,0,3,12.1776,3472.12
2148,4,0,3,12.177,3469.25
312,4,0,3,12.1769,3468.87
313,4,0,3,12.1699,3430.11
306,4,0,3,12.1557,3354.33
297,4,0,3,12.149,3317.33
295,4,0,3,12.1378,3254.94
398,4,0,4,12.5105,5170.65,0.1055,460.159,0.2,5
410,4,0,4,12.5102,5169.44
409,4,0,4,12.4941,5085.71
1985,4,0,4,12.4796,5008.36
881,4,0,4,12.4498,4852.03
880,4,0,4,12.4347,4770
824,4,0,4,12.4186,4681.43
823,4,0,4,12.4035,4604.12
822,4,0,4,12.398,4574.84
2153,4,0,4,12.3756,4456.83
821,4,0,4,12.3652,4402.79
2008,4,0,4,12.3567,4360
2152,4,0,4,12.3499,4323.05
820,4,0,4,12.3339,4239.58
819,4,0,4,12.317,4151.05
1987,4,0,5,12.6631,5869.88,0,0,0
413,4,0,5,12.6438,5772.18
414,4,0,5,12.6385,5744.53
410,4,0,5,12.6162,5632.02
398,4,0,5,12.616,5630.81
398,5,0,0,11.6535,268.603,0.102667,447.801,0.21,1
410,5,0,0,11.6533,267.395
1986,5,0,0,11.6295,149.487
427,5,0,0,11.6058,29.0576
1987,5,0,0,11.6,0
330,5,0,1,11.8841,1412.15,0.0513333,223.901,0.34,2
336,5,0,1,11.8633,1303.95
388,5,0,1,11.8381,1165.05
397,5,0,1,11.8032,979.274
399,5,0,1,11.7866,889.282
411,5,0,1,11.7721,809.744
412,5,0,1,11.7696,790.732
398,5,0,1,11.7562,716.404
295,5,0,2,12.0633,2349.72,0.113833,496.507,0.26,3
338,5,0,2,12.0496,2273.88
339,5,0,2,12.0442,2236.88
342,5,0,2,12.0287,2151.64
343,5,0,2,12.0182,2096.8
344,5,0,2,11.9912,1962.41
1819,5,0,2,11.9778,1868.88
335,5,0,2,11.9728,1839.93
2114,5,0,2,11.9575,1759.14
329,5,0,2,11.955,1744.08
2115,5,0,2,11.95,1718.57
330,5,0,2,11.9355,1636.05
819,5,0,3,12.2725,3376.68,0.0838333,365.656,0.48,4
818,5,0,3,12.2603,3308.37
817,5,0,3,12.2509,3256.23
780,5,0,3,12.2355,3167.56
778,5,0,3,12.2169,3063.4
2148,5,0,3,12.2163,3060.54
312,5,0,3,12.2162,3060.15
313,5,0,3,12.2092,3021.39
306,5,0,3,12.195,2945.62
297,5,0,3,12.1883,2908.61
295,5,0,3,12.1771,2846.22
1987,5,0,4,12.5647,4828.62,0,0,0
427,5,0,4,12.5593,4801.02
1986,5,0,4,12.5346,4676.81
883,5,0,4,12.5028,4512.75
882,5,0,4,12.4897,4443.25
880,5,0,4,12.474,4361.29
824,5,0,4,12.4579,4272.71
823,5,0,4,12.4428,4195.41
822,5,0,4,12.4373,4166.12
2153,5,0,4,12.4148,4048.12
821,5,0,4,12.4045,3994.07
2008,5,0,4,12.396,3951.28
2152,5,0,4,12.3892,3914.33
820,5,0,4,12.3732,3830.86
819,5,0,4,12.3563,3742.34
824,5,1,0,10.9771,524.077,0.043,187.553,0.1,1
880,5,1,0,10.9588,426.117
881,5,1,0,10.9434,343.023
1985,5,1,0,10.918,205.039
1986,5,1,0,10.9103,152.657
427,5,1,0,10.8858,29.0576
1987,5,1,0,10.88,0
1987,5,1,1,11.1197,1237.34,0,0,0
427,5,1,1,11.1141,1208.82
1986,5,1,1,11.0939,1103.65
883,5,1,1,11.066,955.769
882,5,1,1,11.0542,892.319
880,5,1,1,11.0373,804.973
824,5,1,1,11.0201,711.63
330,6,0,0,11.9573,792.98,0.0513333,223.901,0.34,1
336,6,0,0,11.9365,684.779
388,6,0,0,11.9113,545.88
397,6,0,0,11.8764,360.101
399,6,0,0,11.8598,270.11
411,6,0,0,11.8453,190.571
412,6,0,0,11.8428,171.559
414,6,0,0,11.8309,109.52
427,6,0,0,11.8158,29.0576
1987,6,0,0,11.81,0
819,6,0,1,12.1289,1712.56,0.0838333,365.656,0.48,2
811,6,0,1,12.1098,1599.72
805,6,0,1,12.1065,1580.89
358,6,0,1,12.0941,1513.62
349,6,0,1,12.0769,1424.39
344,6,0,1,12.0643,1343.39
1819,6,0,1,12.0505,1249.54
335,6,0,1,12.0464,1221.7
2114,6,0,1,12.0304,1138.04
329,6,0,1,12.0277,1122.86
2115,6,0,1,12.0238,1101.8
330,6,0,1,12.0086,1016.88
295,6,0,2,12.31,2617.98,0.113833,496.507,0.26,3
297,6,0,2,12.3002,2559.53
306,6,0,2,12.2932,2521.6
313,6,0,2,12.2808,2453.24
312,6,0,2,12.2744,2417.02
2148,6,0,2,12.2743,2416.64
778,6,0,2,12.2737,2413.77
780,6,0,2,12.2529,2300.08
817,6,0,2,12.2361,2206.37
818,6,0,2,12.2272,2156.61
819,6,0,2,12.2127,2078.22
398,6,0,3,12.6475,4306.65,0.1055,460.159,0.2,4
397,6,0,3,12.6347,4237.24
389,6,0,3,12.623,4174.6
388,6,0,3,12.5981,4044.45
2132,6,0,3,12.5713,3893.4
341,6,0,3,12.5705,3889.4
345,6,0,3,12.5649,3851.22
1981,6,0,3,12.5493,3766.96
350,6,0,3,12.5216,3626.53
344,6,0,3,12.5045,3539.07
343,6,0,3,12.4865,3442.85
1980,6,0,3,12.4783,3398.48
342,6,0,3,12.4716,3365
339,6,0,3,12.4524,3263.58
338,6,0,3,12.4417,3208.49
295,6,0,3,12.4239,3114.48
1987,6,0,4,12.8001,5005.87,0,0,0
413,6,0,4,12.7808,4908.18
414,6,0,4,12.7755,4880.53
410,6,0,4,12.7532,4768.02
398,6,0,4,12.753,4766.81
824,6,1,0,10.9771,524.077,0.043,187.553,0.1,1
880,6,1,0,10.9588,426.117
881,6,1,0,10.9434,343.023
1985,6,1,0,10.918,205.039
1986,6,1,0,10.9103,152.657
427,6,1,0,10.8858,29.0576
1987,6,1,0,10.88,0
1987,6,1,1,11.1197,1237.34,0,0,0
427,6,1,1,11.1141,1208.82
1986,6,1,1,11.0939,1103.65
883,6,1,1,11.066,955.769
882,6,1,1,11.0542,892.319
880,6,1,1,11.0373,804.973
824,6,1,1,11.0201,711.63
295,7,0,0,12.0388,1302.3,0.113833,496.507,0.26,1
338,7,0,0,12.0252,1226.46
339,7,0,0,12.0198,1189.46
342,7,0,0,12.0043,1104.22
343,7,0,0,11.9938,1049.39
344,7,0,0,11.9667,914.99
350,7,0,0,11.9507,832.236
1981,7,0,0,11.9232,692.173
351,7,0,0,11.9096,624.148
1982,7,0,0,11.904,586.192
1983,7,0,0,11.8782,456.299
1984,7,0,0,11.8495,312.681
1985,7,0,0,11.8272,201.869
1986,7,0,0,11.8195,149.487
427,7,0,0,11.7958,29.0576
1987,7,0,0,11.79,0
819,7,0,1,12.248,2329.27,0.0838333,365.656,0.48,2
818,7,0,1,12.2359,2260.96
817,7,0,1,12.2265,2208.82
780,7,0,1,12.2111,2120.15
778,7,0,1,12.1924,2015.99
2148,7,0,1,12.1918,2013.12
312,7,0,1,12.1917,2012.74
313,7,0,1,12.1848,1973.98
306,7,0,1,12.1706,1898.2
297,7,0,1,12.1638,1861.2
295,7,0,1,12.1527,1798.81
824,7,0,2,12.4335,3225.3,0.0978333,426.719,0.15,3
823,7,0,2,12.4184,3147.99
822,7,0,2,12.4128,3118.71
2153,7,0,2,12.3904,3000.7
821,7,0,2,12.3801,2946.66
2008,7,0,2,12.3716,2903.87
2152,7,0,2,12.3648,2866.92
820,7,0,2,12.3488,2783.45
819,7,0,2,12.3319,2694.92
1987,7,0,3,12.6381,4207.92,0,0,0
427,7,0,3,12.6327,4180.33
1986,7,0,3,12.608,4056.12
883,7,0,3,12.5762,3892.06
882,7,0,3,12.5631,3822.55
880,7,0,3,12.5474,3740.59
824,7,0,3,12.5313,3652.02
330,7,1,0,9.16343,816.882,0.0556667,242.801,0.26,1
336,7,1,0,9.1418,705.066
388,7,1,0,9.11368,553.686
397,7,1,0,9.08399,390.517
399,7,1,0,9.06898,307.377
411,7,1,0,9.05399,225.644
412,7,1,0,9.05107,206.421
414,7,1,0,9.0363,132.251
427,7,1,0,9.01579,29.0576
1987,7,1,0,9.01,0
398,7,1,1,9.33558,1704.78,0.0908333,396.188,0.21,2
397,7,1,1,9.32153,1629.84
389,7,1,1,9.30996,1567.55
388,7,1,1,9.28547,1439.34
2132,7,1,1,9.25963,1290.24
328,7,1,1,9.24393,1196.3
2115,7,1,1,9.23386,1142.95
330,7,1,1,9.2191,1059.68
1987,7,1,2,9.46533,2305.26,0,0,0
413,7,1,2,9.44895,2219.87
414,7,1,2,9.44315,2190.14
410,7,1,2,9.42667,2102.17
398,7,1,2,9.42641,2100.96
824,8,0,0,11.8891,513.573,0.0925,403.457,0.11,1
880,8,0,0,11.8728,423.957
882,8,0,0,11.8531,324.778
2155,8,0,0,11.8497,307.732
2012,8,0,0,11.8322,214.129
884,8,0,0,11.8277,191.09
1987,8,0,0,11.79,0
819,8,0,1,12.0807,1437.57,0.0838333,365.656,0.48,2
820,8,0,1,12.0585,1326.91
2152,8,0,1,12.0444,1251.6
2008,8,0,1,12.0309,1186.68
821,8,0,1,12.026,1159.17
2153,8,0,1,12.0162,1107.51
831,8,0,1,12.0162,1107.43
825,8,0,1,12.0158,1105.4
822,8,0,1,11.9988,1008.71
823,8,0,1,11.9938,981.901
824,8,0,1,11.9816,917.03
295,8,0,2,12.2618,2342.98,0.113833,496.507,0.26,3
297,8,0,2,12.252,2284.54
306,8,0,2,12.245,2246.61
313,8,0,2,12.2326,2178.24
312,8,0,2,12.2262,2142.03
2148,8,0,2,12.2261,2141.65
778,8,0,2,12.2255,2138.78
780,8,0,2,12.2047,2025.09
817,8,0,2,12.1879,1931.37
818,8,0,2,12.179,1881.62
819,8,0,2,12.1646,1803.23
1987,8,0,3,12.647,4228.3,0,0,0
427,8,0,3,12.6415,4200.46
1986,8,0,3,12.6175,4079.17
1985,8,0,3,12.5984,3984.13
1984,8,0,3,12.5792,3886.17
1983,8,0,3,12.5499,3740.12
1982,8,0,3,12.5261,3618.53
351,8,0,3,12.513,3552.94
1981,8,0,3,12.5011,3491.97
350,8,0,3,12.4734,3351.54
344,8,0,3,12.4563,3264.08
343,8,0,3,12.4383,3167.86
1980,8,0,3,12.4301,3123.48
342,8,0,3,12.4234,3090
339,8,0,3,12.4042,2988.58
338,8,0,3,12.3935,2933.5
295,8,0,3,12.3757,2839.49
330,8,1,0,9.46343,816.882,0.0556667,242.801,0.26,1
336,8,1,0,9.4418,705.066
388,8,1,0,9.41368,553.686
397,8,1,0,9.38399,390.517
399,8,1,0,9.36898,307.377
411,8,1,0,9.35399,225.644
412,8,1,0,9.35107,206.421
414,8,1,0,9.3363,132.251
427,8,1,0,9.31579,29.0576
1987,8,1,0,9.31,0
398,8,1,1,9.63558,1704.78,0.0908333,396.188,0.21,2
397,8,1,1,9.62153,1629.84
389,8,1,1,9.60996,1567.55
388,8,1,1,9.58547,1439.34
2132,8,1,1,9.55963,1290.24
328,8,1,1,9.54393,1196.3
2115,8,1,1,9.53386,1142.95
330,8,1,1,9.5191,1059.68
1987,8,1,2,9.76533,2305.26,0,0,0
413,8,1,2,9.74895,2219.87
414,8,1,2,9.74315,2190.14
410,8,1,2,9.72667,2102.17
398,8,1,2,9.72641,2100.96
824,9,0,0,11.8091,513.573,0.0925,403.457,0.11,1
880,9,0,0,11.7928,423.957
882,9,0,0,11.7731,324.778
2155,9,0,0,11.7697,307.732
2012,9,0,0,11.7522,214.129
884,9,0,0,11.7477,191.09
1987,9,0,0,11.71,0
819,9,0,1,12.0007,1437.57,0.0838333,365.656,0.48,2
820,9,0,1,11.9785,1326.91
2152,9,0,1,11.9644,1251.6
2008,9,0,1,11.9509,1186.68
821,9,0,1,11.946,1159.17
2153,9,0,1,11.9362,1107.51
831,9,0,1,11.9362,1107.43
825,9,0,1,11.9358,1105.4
822,9,0,1,11.9188,1008.71
823,9,0,1,11.9138,981.901
824,9,0,1,11.9016,917.03
295,9,0,2,12.1818,2342.98,0.113833,496.507,0.26,3
297,9,0,2,12.172,2284.54
306,9,0,2,12.165,2246.61
313,9,0,2,12.1526,2178.24
312,9,0,2,12.1462,2142.03
2148,9,0,2,12.1461,2141.65
778,9,0,2,12.1455,2138.78
780,9,0,2,12.1247,2025.09
817,9,0,2,12.1079,1931.37
818,9,0,2,12.099,1881.62
819,9,0,2,12.0846,1803.23
398,9,0,3,12.5193,4031.66,0.1055,460.159,0.2,4
397,9,0,3,12.5065,3962.25
389,9,0,3,12.4948,3899.61
388,9,0,3,12.4699,3769.45
2132,9,0,3,12.4431,3618.41
341,9,0,3,12.4423,3614.4
345,9,0,3,12.4367,3576.22
1981,9,0,3,12.4211,3491.97
350,9,0,3,12.3934,3351.54
344,9,0,3,12.3763,3264.08
343,9,0,3,12.3583,3167.86
1980,9,0,3,12.3501,3123.48
342,9,0,3,12.3434,3090
339,9,0,3,12.3242,2988.58
338,9,0,3,12.3135,2933.5
295,9,0,3,12.2957,2839.49
1987,9,0,4,12.6719,4730.88,0,0,0
413,9,0,4,12.6526,4633.19
414,9,0,4,12.6473,4605.54
410,9,0,4,12.625,4493.02
398,9,0,4,12.6248,4491.82
330,9,1,0,9.66343,816.882,0.0556667,242.801,0.26,1
336,9,1,0,9.6418,705.066
388,9,1,0,9.61368,553.686
397,9,1,0,9.58399,390.517
399,9,1,0,9.56898,307.377
411,9,1,0,9.55399,225.644
412,9,1,0,9.55107,206.421
414,9,1,0,9.5363,132.251
427,9,1,0,9.51579,29.0576
1987,9,1,0,9.51,0
1987,9,1,1,9.8745,1909.08,0,0,0
413,9,1,1,9.85811,1823.69
414,9,1,1,9.85231,1793.95
410,9,1,1,9.83583,1705.98
398,9,1,1,9.83558,1704.78
397,9,1,1,9.82153,1629.84
389,9,1,1,9.80996,1567.55
388,9,1,1,9.78547,1439.34
2132,9,1,1,9.75963,1290.24
328,9,1,1,9.74393,1196.3
2115,9,1,1,9.73386,1142.95
330,9,1,1,9.7191,1059.68
819,10,0,0,12.0882,1034.11,0.0838333,365.656,0.48,1
820,10,0,0,12.066,923.453
2152,10,0,0,12.0519,848.144
2008,10,0,0,12.0384,783.22
821,10,0,0,12.0335,755.708
2153,10,0,0,12.0237,704.051
831,10,0,0,12.0237,703.97
825,10,0,0,12.0233,701.94
822,10,0,0,12.0063,605.252
823,10,0,0,12.0013,578.444
824,10,0,0,11.9891,513.573
880,10,0,0,11.9728,423.957
882,10,0,0,11.9531,324.778
2155,10,0,0,11.9497,307.732
2012,10,0,0,11.9322,214.129
884,10,0,0,11.9277,191.09
1987,10,0,0,11.89,0
295,10,0,1,12.2693,1939.53,0.113833,496.507,0.26,2
297,10,0,1,12.2595,1881.08
306,10,0,1,12.2525,1843.15
313,10,0,1,12.2401,1774.79
312,10,0,1,12.2337,1738.57
2148,10,0,1,12.2336,1738.19
778,10,0,1,12.233,1735.32
780,10,0,1,12.2122,1621.63
817,10,0,1,12.1954,1527.92
818,10,0,1,12.1865,1478.16
819,10,0,1,12.1721,1399.77
398,10,0,2,12.6068,3628.2,0.1055,460.159,0.2,3
397,10,0,2,12.594,3558.79
389,10,0,2,12.5823,3496.15
388,10,0,2,12.5574,3366
2132,10,0,2,12.5306,3214.95
341,10,0,2,12.5298,3210.94
345,10,0,2,12.5242,3172.76
1981,10,0,2,12.5086,3088.51
350,10,0,2,12.4809,2948.08
344,10,0,2,12.4638,2860.62
343,10,0,2,12.4458,2764.4
1980,10,0,2,12.4376,2720.03
342,10,0,2,12.4309,2686.55
339,10,0,2,12.4117,2585.13
338,10,0,2,12.401,2530.04
295,10,0,2,12.3832,2436.03
1987,10,0,3,12.7594,4327.42,0,0,0
413,10,0,3,12.7401,4229.73
414,10,0,3,12.7348,4202.08
410,10,0,3,12.7125,4089.57
398,10,0,3,12.7123,4088.36
330,10,1,0,9.84343,816.882,0.0556667,242.801,0.26,1
336,10,1,0,9.8218,705.066
388,10,1,0,9.79367,553.686
397,10,1,0,9.76399,390.517
399,10,1,0,9.74898,307.377
411,10,1,0,9.73399,225.644
412,10,1,0,9.73107,206.421
414,10,1,0,9.7163,132.251
427,10,1,0,9.69579,29.0576
1987,10,1,0,9.69,0
824,10,1,1,10.0802,2044.17,0.043,187.553,0.1,2
823,10,1,1,10.0674,1976.76
822,10,1,1,10.0614,1945.48
2153,10,1,1,10.0404,1833.58
821,10,1,1,10.0285,1772.63
2008,10,1,1,10.02,1729.84
812,10,1,1,9.99845,1616.81
807,10,1,1,9.99829,1616.02
356,10,1,1,9.9838,1538.36
1981,10,1,1,9.97154,1454.85
345,10,1,1,9.95212,1354.39
341,10,1,1,9.93987,1292.27
2132,10,1,1,9.93963,1290.24
328,10,1,1,9.92393,1196.3
2115,10,1,1,9.91386,1142.95
330,10,1,1,9.89909,1059.68
1987,10,1,2,10.2316,2791.82,0,0,0
428,10,1,2,10.2266,2766.45
885,10,1,2,10.1885,2570.15
2012,10,1,2,10.1827,2542.55
2155,10,1,2,10.1614,2432.62
882,10,1,2,10.158,2415.43
880,10,1,2,10.1417,2330.68
824,10,1,2,10.1232,2231.72
398,11,0,0,12.0035,268.603,0.1055,460.159,0.2,1
410,11,0,0,12.0033,267.395
1986,11,0,0,11.9795,149.487
427,11,0,0,11.9558,29.0576
1987,11,0,0,11.95,0
295,11,0,1,12.3657,2052.68,0.113833,496.507,0.26,2
338,11,0,1,12.3518,1976
339,11,0,1,12.3464,1939
342,11,0,1,12.325,1828.4
343,11,0,1,12.3116,1761.19
344,11,0,1,12.2907,1652.78
350,11,0,1,12.2737,1565.74
1981,11,0,1,12.247,1429.18
351,11,0,1,12.2335,1361.86
1982,11,0,1,12.2244,1313.1
1983,11,0,1,12.2002,1190.04
1984,11,0,1,12.1691,1036.04
1985,11,0,1,12.1469,925.759
1986,11,0,1,12.1392,873.377
410,11,0,1,12.1093,729.971
398,11,0,1,12.109,728.762
819,11,0,2,12.5748,3079.65,0.0838333,365.656,0.48,3
818,11,0,2,12.5627,3011.34
817,11,0,2,12.5533,2959.2
780,11,0,2,12.5379,2870.53
778,11,0,2,12.5192,2766.37
2148,11,0,2,12.5187,2763.5
312,11,0,2,12.5186,2763.12
313,11,0,2,12.5116,2724.36
306,11,0,2,12.4974,2648.58
297,11,0,2,12.4907,2611.58
295,11,0,2,12.4795,2549.19
1987,11,0,3,12.8671,4531.58,0,0,0
427,11,0,3,12.8616,4503.99
1986,11,0,3,12.837,4379.78
883,11,0,3,12.8052,4215.72
882,11,0,3,12.7921,4146.21
880,11,0,3,12.7764,4064.25
824,11,0,3,12.7603,3975.68
823,11,0,3,12.7452,3898.37
822,11,0,3,12.7396,3869.09
2153,11,0,3,12.7172,3751.08
821,11,0,3,12.7069,3697.04
2008,11,0,3,12.6984,3654.25
2152,11,0,3,12.6916,3617.3
820,11,0,3,12.6756,3533.83
819,11,0,3,12.6587,3445.3
330,11,1,0,9.87343,816.882,0.0556667,242.801,0.26,1
336,11,1,0,9.8518,705.066
388,11,1,0,9.82368,553.686
397,11,1,0,9.79399,390.517
399,11,1,0,9.77898,307.377
411,11,1,0,9.76399,225.644
412,11,1,0,9.76107,206.421
414,11,1,0,9.7463,132.251
427,11,1,0,9.72579,29.0576
1987,11,1,0,9.72,0
824,11,1,1,10.1102,2044.17,0.043,187.553,0.1,2
823,11,1,1,10.0974,1976.76
822,11,1,1,10.0914,1945.48
2153,11,1,1,10.0704,1833.58
821,11,1,1,10.0585,1772.63
2008,11,1,1,10.05,1729.84
812,11,1,1,10.0284,1616.81
807,11,1,1,10.0283,1616.02
356,11,1,1,10.0138,1538.36
1981,11,1,1,10.0015,1454.85
345,11,1,1,9.98212,1354.39
341,11,1,1,9.96987,1292.27
2132,11,1,1,9.96963,1290.24
328,11,1,1,9.95393,1196.3
2115,11,1,1,9.94386,1142.95
330,11,1,1,9.9291,1059.68
1987,11,1,2,10.2616,2791.82,0,0,0
428,11,1,2,10.2566,2766.45
885,11,1,2,10.2185,2570.15
2012,11,1,2,10.2127,2542.55
2155,11,1,2,10.1914,2432.62
882,11,1,2,10.188,2415.43
880,11,1,2,10.1717,2330.68
824,11,1,2,10.1532,2231.72
