Node, Individual, Route,Segment, Travel time, Travel cost, Attention time, Attention cost, Failure rate, Demand
398,0,0,0,9.49952,333.558,0.0908333,396.188,0.21,1
410,0,0,0,9.49926,332.349
1986,0,0,0,9.45979,150.606
427,0,0,0,9.43579,29.0576
1987,0,0,0,9.43,0
330,0,0,1,9.7163,1415.19,0.0556667,242.801,0.26,2
336,0,0,1,9.69467,1303.38
388,0,0,1,9.66654,1152
397,0,0,1,9.63686,988.829
399,0,0,1,9.62185,905.688
411,0,0,1,9.60686,823.956
412,0,0,1,9.60394,804.733
398,0,0,1,9.59035,729.745
295,0,0,2,9.90827,2401.36,0.037,161.383,0.36,3
338,0,0,2,9.89271,2317.16
339,0,0,2,9.88727,2280.16
342,0,0,2,9.86116,2149.94
343,0,0,2,9.84511,2071.87
344,0,0,2,9.82733,1976.53
1819,0,0,2,9.81218,1881.29
335,0,0,2,9.80727,1852.45
2114,0,0,2,9.79361,1778.79
329,0,0,2,9.791,1763.62
2115,0,0,2,9.78673,1741.26
330,0,0,2,9.77196,1657.99
819,0,0,3,10.0337,3059.98,0.0483333,210.815,0.55,4
818,0,0,3,10.021,2989.25
804,0,0,3,10.003,2888.48
803,0,0,3,9.99566,2845.47
354,0,0,3,9.99559,2845.1
353,0,0,3,9.99322,2834
314,0,0,3,9.98452,2785.2
312,0,0,3,9.98039,2762.27
313,0,0,3,9.97471,2727.13
306,0,0,3,9.96161,2656.06
297,0,0,3,9.95554,2621.85
295,0,0,3,9.94527,2562.74
824,0,0,4,10.1866,3813.26,0.043,187.553,0.1,5
823,0,0,4,10.1718,3737.42
822,0,0,4,10.1671,3711.55
2153,0,0,4,10.146,3599.34
821,0,0,4,10.1345,3540.13
2008,0,0,4,10.126,3497.34
2152,0,0,4,10.1192,3460.57
820,0,0,4,10.0977,3353.87
819,0,0,4,10.082,3270.8
1987,0,0,5,10.3381,4560.91,0,0,0
428,0,0,5,10.3331,4535.54
885,0,0,5,10.2949,4339.24
2012,0,0,5,10.2892,4311.64
2155,0,0,5,10.2678,4201.71
882,0,0,5,10.2644,4184.52
880,0,0,5,10.2481,4099.77
824,0,0,5,10.2296,4000.82
398,1,0,0,9.73952,333.558,0.0908333,396.188,0.21,1
410,1,0,0,9.73926,332.349
1986,1,0,0,9.69979,150.606
427,1,0,0,9.67579,29.0576
1987,1,0,0,9.67,0
330,1,0,1,9.9563,1415.19,0.0556667,242.801,0.26,2
336,1,0,1,9.93467,1303.38
388,1,0,1,9.90654,1152
397,1,0,1,9.87685,988.829
399,1,0,1,9.86185,905.688
411,1,0,1,9.84686,823.956
412,1,0,1,9.84394,804.733
398,1,0,1,9.83035,729.745
295,1,0,2,10.1434,2386.72,0.0906667,395.461,0.35,3
338,1,0,2,10.1298,2311.01
339,1,0,2,10.1243,2274.01
342,1,0,2,10.1077,2183.82
343,1,0,2,10.0942,2116.01
344,1,0,2,10.0701,1993.98
1819,1,0,2,10.0564,1900.26
335,1,0,2,10.052,1872.09
2114,1,0,2,10.037,1792.99
329,1,0,2,10.0344,1777.8
2115,1,0,2,10.027,1742.27
330,1,0,2,10.012,1657.99
819,1,0,3,10.3257,3293.97,0.0483333,210.815,0.55,4
818,1,0,3,10.3134,3224.92
804,1,0,3,10.2949,3121.93
803,1,0,3,10.287,3077.58
354,1,0,3,10.2869,3077.21
353,1,0,3,10.2845,3066.11
314,1,0,3,10.275,3013.82
307,1,0,3,10.2642,2949.87
306,1,0,3,10.2513,2878.92
297,1,0,3,10.2445,2841.63
295,1,0,3,10.2341,2782.18
824,1,0,4,10.4786,4047.25,0.043,187.553,0.1,5
823,1,0,4,10.4639,3971.41
822,1,0,4,10.4591,3945.54
2153,1,0,4,10.4381,3833.33
821,1,0,4,10.4265,3774.12
2008,1,0,4,10.418,3731.33
2152,1,0,4,10.4112,3694.56
820,1,0,4,10.3897,3587.86
819,1,0,4,10.3741,3504.79
1987,1,0,5,10.6301,4794.9,0,0,0
428,1,0,5,10.6251,4769.53
885,1,0,5,10.5869,4573.23
2012,1,0,5,10.5812,4545.63
2155,1,0,5,10.5598,4435.7
882,1,0,5,10.5564,4418.51
880,1,0,5,10.5401,4333.76
824,1,0,5,10.5216,4234.81
398,2,0,0,11.6235,268.603,0.102667,447.801,0.21,1
410,2,0,0,11.6233,267.395
1986,2,0,0,11.5995,149.487
427,2,0,0,11.5758,29.0576
1987,2,0,0,11.57,0
330,2,0,1,11.8541,1412.15,0.0513333,223.901,0.34,2
336,2,0,1,11.8333,1303.95
388,2,0,1,11.8081,1165.05
397,2,0,1,11.7732,979.274
399,2,0,1,11.7566,889.282
411,2,0,1,11.7421,809.744
412,2,0,1,11.7396,790.732
398,2,0,1,11.7262,716.404
295,2,0,2,12.0333,2349.72,0.113833,496.507,0.26,3
338,2,0,2,12.0196,2273.88
339,2,0,2,12.0142,2236.88
342,2,0,2,11.9987,2151.64
343,2,0,2,11.9882,2096.8
344,2,0,2,11.9612,1962.41
1819,2,0,2,11.9478,1868.88
335,2,0,2,11.9428,1839.93
2114,2,0,2,11.9275,1759.14
329,2,0,2,11.925,1744.08
2115,2,0,2,11.92,1718.57
330,2,0,2,11.9055,1636.05
819,2,0,3,12.2425,3376.68,0.0838333,365.656,0.48,4
818,2,0,3,12.2303,3308.37
817,2,0,3,12.2209,3256.23
780,2,0,3,12.2055,3167.56
778,2,0,3,12.1869,3063.4
2148,2,0,3,12.1863,3060.54
312,2,0,3,12.1862,3060.15
313,2,0,3,12.1792,3021.39
306,2,0,3,12.165,2945.62
297,2,0,3,12.1583,2908.61
295,2,0,3,12.1471,2846.22
824,2,0,4,12.4279,4272.71,0.0978333,426.719,0.15,5
823,2,0,4,12.4128,4195.41
822,2,0,4,12.4073,4166.12
2153,2,0,4,12.3848,4048.12
821,2,0,4,12.3745,3994.07
2008,2,0,4,12.366,3951.28
2152,2,0,4,12.3592,3914.33
820,2,0,4,12.3432,3830.86
819,2,0,4,12.3263,3742.34
1987,2,0,5,12.6325,5255.34,0,0,0
427,2,0,5,12.6271,5227.74
1986,2,0,5,12.6025,5103.53
883,2,0,5,12.5707,4939.47
882,2,0,5,12.5575,4869.97
880,2,0,5,12.5418,4788.01
824,2,0,5,12.5258,4699.43
330,3,0,0,11.8573,792.98,0.0513333,223.901,0.34,1
336,3,0,0,11.8365,684.779
388,3,0,0,11.8113,545.88
397,3,0,0,11.7764,360.101
399,3,0,0,11.7598,270.11
411,3,0,0,11.7453,190.571
412,3,0,0,11.7428,171.559
414,3,0,0,11.7309,109.52
427,3,0,0,11.7158,29.0576
1987,3,0,0,11.71,0
295,3,0,1,12.0364,1730.54,0.113833,496.507,0.26,2
338,3,0,1,12.0228,1654.7
339,3,0,1,12.0174,1617.71
342,3,0,1,12.0019,1532.47
343,3,0,1,11.9914,1477.63
344,3,0,1,11.9644,1343.23
1819,3,0,1,11.951,1249.71
335,3,0,1,11.946,1220.76
2114,3,0,1,11.9307,1139.97
329,3,0,1,11.9282,1124.91
2115,3,0,1,11.9231,1099.4
330,3,0,1,11.9086,1016.88
819,3,0,2,12.2456,2757.51,0.0838333,365.656,0.48,3
818,3,0,2,12.2335,2689.2
817,3,0,2,12.2241,2637.06
780,3,0,2,12.2087,2548.39
778,3,0,2,12.19,2444.23
2148,3,0,2,12.1894,2441.36
312,3,0,2,12.1894,2440.98
313,3,0,2,12.1824,2402.22
306,3,0,2,12.1682,2326.44
297,3,0,2,12.1615,2289.44
295,3,0,2,12.1503,2227.05
824,3,0,3,12.4311,3653.54,0.0978333,426.719,0.15,4
823,3,0,3,12.416,3576.24
822,3,0,3,12.4104,3546.95
2153,3,0,3,12.388,3428.94
821,3,0,3,12.3777,3374.9
2008,3,0,3,12.3692,3332.11
2152,3,0,3,12.3624,3295.16
820,3,0,3,12.3464,3211.69
819,3,0,3,12.3295,3123.17
398,3,0,4,12.6208,4569.48,0.1055,460.159,0.2,5
410,3,0,4,12.6205,4568.27
409,3,0,4,12.6044,4484.54
1985,3,0,4,12.5899,4407.2
881,3,0,4,12.5601,4250.86
880,3,0,4,12.545,4168.83
824,3,0,4,12.5289,4080.26
1987,3,0,5,12.7735,5268.71,0,0,0
413,3,0,5,12.7541,5171.01
414,3,0,5,12.7488,5143.37
410,3,0,5,12.7265,5030.85
398,3,0,5,12.7263,5029.64
330,4,0,0,11.9573,792.98,0.0513333,223.901,0.34,1
336,4,0,0,11.9365,684.779
388,4,0,0,11.9113,545.88
397,4,0,0,11.8764,360.101
399,4,0,0,11.8598,270.11
411,4,0,0,11.8453,190.571
412,4,0,0,11.8428,171.559
414,4,0,0,11.8309,109.52
427,4,0,0,11.8158,29.0576
1987,4,0,0,11.81,0
819,4,0,1,12.1289,1712.56,0.0838333,365.656,0.48,2
811,4,0,1,12.1098,1599.72
805,4,0,1,12.1065,1580.89
358,4,0,1,12.0941,1513.62
349,4,0,1,12.0769,1424.39
344,4,0,1,12.0643,1343.39
1819,4,0,1,12.0505,1249.54
335,4,0,1,12.0464,1221.7
2114,4,0,1,12.0304,1138.04
329,4,0,1,12.0277,1122.86
2115,4,0,1,12.0238,1101.8
330,4,0,1,12.0086,1016.88
295,4,0,2,12.31,2617.98,0.113833,496.507,0.26,3
297,4,0,2,12.3002,2559.53
306,4,0,2,12.2932,2521.6
313,4,0,2,12.2808,2453.24
312,4,0,2,12.2744,2417.02
2148,4,0,2,12.2743,2416.64
778,4,0,2,12.2737,2413.77
780,4,0,2,12.2529,2300.08
817,4,0,2,12.2361,2206.37
818,4,0,2,12.2272,2156.61
819,4,0,2,12.2127,2078.22
824,4,0,3,12.6208,4175.32,0.0978333,426.719,0.15,4
823,4,0,3,12.6057,4098.01
822,4,0,3,12.6002,4068.73
2153,4,0,3,12.5778,3950.72
821,4,0,3,12.5675,3896.67
2008,4,0,3,12.559,3853.88
2152,4,0,3,12.5521,3816.93
820,4,0,3,12.5362,3733.47
819,4,0,3,12.5192,3644.94
818,4,0,3,12.5071,3576.63
817,4,0,3,12.4977,3524.49
780,4,0,3,12.4823,3435.82
778,4,0,3,12.4636,3331.66
2148,4,0,3,12.463,3328.79
312,4,0,3,12.4629,3328.41
313,4,0,3,12.456,3289.65
306,4,0,3,12.4418,3213.87
297,4,0,3,12.435,3176.87
295,4,0,3,12.4239,3114.48
398,4,0,4,12.8105,5091.26,0.1055,460.159,0.2,5
410,4,0,4,12.8103,5090.05
409,4,0,4,12.7941,5006.32
1985,4,0,4,12.7796,4928.97
881,4,0,4,12.7499,4772.63
880,4,0,4,12.7348,4690.61
824,4,0,4,12.7187,4602.04
1987,4,0,5,12.9632,5790.48,0,0,0
413,4,0,5,12.9439,5692.79
414,4,0,5,12.9386,5665.14
410,4,0,5,12.9163,5552.63
398,4,0,5,12.916,5551.42
824,5,0,0,11.6691,513.573,0.0925,403.457,0.11,1
880,5,0,0,11.6528,423.957
882,5,0,0,11.6331,324.778
2155,5,0,0,11.6297,307.732
2012,5,0,0,11.6122,214.129
884,5,0,0,11.6077,191.09
1987,5,0,0,11.57,0
330,5,0,1,11.9348,1820.87,0.0513333,223.901,0.34,2
336,5,0,1,11.9141,1712.67
388,5,0,1,11.8888,1573.77
352,5,0,1,11.8696,1472.47
1983,5,0,1,11.8446,1347.05
1984,5,0,1,11.816,1203.43
814,5,0,1,11.7795,1015.99
824,5,0,1,11.7616,917.03
295,5,0,2,12.114,2758.43,0.113833,496.507,0.26,3
338,5,0,2,12.1003,2682.59
339,5,0,2,12.0949,2645.59
342,5,0,2,12.0794,2560.36
343,5,0,2,12.0689,2505.52
344,5,0,2,12.0419,2371.12
1819,5,0,2,12.0285,2277.6
335,5,0,2,12.0235,2248.65
2114,5,0,2,12.0082,2167.85
329,5,0,2,12.0057,2152.8
2115,5,0,2,12.0007,2127.29
330,5,0,2,11.9862,2044.77
819,5,0,3,12.3232,3785.4,0.0838333,365.656,0.48,4
818,5,0,3,12.311,3717.09
817,5,0,3,12.3016,3664.95
780,5,0,3,12.2862,3576.28
778,5,0,3,12.2676,3472.12
2148,5,0,3,12.267,3469.25
312,5,0,3,12.2669,3468.87
313,5,0,3,12.2599,3430.11
306,5,0,3,12.2457,3354.33
297,5,0,3,12.239,3317.33
295,5,0,3,12.2278,3254.94
398,5,0,4,12.6005,5170.65,0.1055,460.159,0.2,5
410,5,0,4,12.6002,5169.44
409,5,0,4,12.5841,5085.71
1985,5,0,4,12.5696,5008.36
881,5,0,4,12.5398,4852.03
880,5,0,4,12.5247,4770
824,5,0,4,12.5086,4681.43
823,5,0,4,12.4935,4604.12
822,5,0,4,12.488,4574.84
2153,5,0,4,12.4656,4456.83
821,5,0,4,12.4552,4402.79
2008,5,0,4,12.4467,4360
2152,5,0,4,12.4399,4323.05
820,5,0,4,12.4239,4239.58
819,5,0,4,12.407,4151.05
1987,5,0,5,12.7531,5869.88,0,0,0
413,5,0,5,12.7338,5772.18
414,5,0,5,12.7285,5744.53
410,5,0,5,12.7062,5632.02
398,5,0,5,12.706,5630.81
330,6,0,0,11.8573,792.98,0.0513333,223.901,0.34,1
336,6,0,0,11.8365,684.779
388,6,0,0,11.8113,545.88
397,6,0,0,11.7764,360.101
399,6,0,0,11.7598,270.11
411,6,0,0,11.7453,190.571
412,6,0,0,11.7428,171.559
414,6,0,0,11.7309,109.52
427,6,0,0,11.7158,29.0576
1987,6,0,0,11.71,0
295,6,0,1,12.0364,1730.54,0.113833,496.507,0.26,2
338,6,0,1,12.0228,1654.7
339,6,0,1,12.0174,1617.71
342,6,0,1,12.0019,1532.47
343,6,0,1,11.9914,1477.63
344,6,0,1,11.9644,1343.23
1819,6,0,1,11.951,1249.71
335,6,0,1,11.946,1220.76
2114,6,0,1,11.9307,1139.97
329,6,0,1,11.9282,1124.91
2115,6,0,1,11.9231,1099.4
330,6,0,1,11.9086,1016.88
819,6,0,2,12.2456,2757.51,0.0838333,365.656,0.48,3
818,6,0,2,12.2335,2689.2
817,6,0,2,12.2241,2637.06
780,6,0,2,12.2087,2548.39
778,6,0,2,12.19,2444.23
2148,6,0,2,12.1894,2441.36
312,6,0,2,12.1894,2440.98
313,6,0,2,12.1824,2402.22
306,6,0,2,12.1682,2326.44
297,6,0,2,12.1615,2289.44
295,6,0,2,12.1503,2227.05
398,6,0,3,12.523,4142.76,0.1055,460.159,0.2,4
410,6,0,3,12.5227,4141.55
409,6,0,3,12.5066,4057.82
1985,6,0,3,12.4921,3980.48
881,6,0,3,12.4623,3824.14
880,6,0,3,12.4472,3742.11
824,6,0,3,12.4311,3653.54
823,6,0,3,12.416,3576.24
822,6,0,3,12.4104,3546.95
2153,6,0,3,12.388,3428.94
821,6,0,3,12.3777,3374.9
2008,6,0,3,12.3692,3332.11
2152,6,0,3,12.3624,3295.16
820,6,0,3,12.3464,3211.69
819,6,0,3,12.3295,3123.17
1987,6,0,4,12.6756,4841.99,0,0,0
413,6,0,4,12.6563,4744.29
414,6,0,4,12.651,4716.65
410,6,0,4,12.6287,4604.13
398,6,0,4,12.6285,4602.92
824,6,1,0,10.9571,524.077,0.043,187.553,0.1,1
880,6,1,0,10.9388,426.117
881,6,1,0,10.9234,343.023
1985,6,1,0,10.898,205.039
1986,6,1,0,10.8903,152.657
427,6,1,0,10.8658,29.0576
1987,6,1,0,10.86,0
1987,6,1,1,11.0997,1237.34,0,0,0
427,6,1,1,11.0941,1208.82
1986,6,1,1,11.0739,1103.65
883,6,1,1,11.046,955.769
882,6,1,1,11.0342,892.319
880,6,1,1,11.0173,804.973
824,6,1,1,11.0001,711.63
330,7,0,0,11.9573,792.98,0.0513333,223.901,0.34,1
336,7,0,0,11.9365,684.779
388,7,0,0,11.9113,545.88
397,7,0,0,11.8764,360.101
399,7,0,0,11.8598,270.11
411,7,0,0,11.8453,190.571
412,7,0,0,11.8428,171.559
414,7,0,0,11.8309,109.52
427,7,0,0,11.8158,29.0576
1987,7,0,0,11.81,0
819,7,0,1,12.1289,1712.56,0.0838333,365.656,0.48,2
811,7,0,1,12.1098,1599.72
805,7,0,1,12.1065,1580.89
358,7,0,1,12.0941,1513.62
349,7,0,1,12.0769,1424.39
344,7,0,1,12.0643,1343.39
1819,7,0,1,12.0505,1249.54
335,7,0,1,12.0464,1221.7
2114,7,0,1,12.0304,1138.04
329,7,0,1,12.0277,1122.86
2115,7,0,1,12.0238,1101.8
330,7,0,1,12.0086,1016.88
295,7,0,2,12.31,2617.98,0.113833,496.507,0.26,3
297,7,0,2,12.3002,2559.53
306,7,0,2,12.2932,2521.6
313,7,0,2,12.2808,2453.24
312,7,0,2,12.2744,2417.02
2148,7,0,2,12.2743,2416.64
778,7,0,2,12.2737,2413.77
780,7,0,2,12.2529,2300.08
817,7,0,2,12.2361,2206.37
818,7,0,2,12.2272,2156.61
819,7,0,2,12.2127,2078.22
398,7,0,3,12.6475,4306.65,0.1055,460.159,0.2,4
397,7,0,3,12.6347,4237.24
389,7,0,3,12.623,4174.6
388,7,0,3,12.5981,4044.45
2132,7,0,3,12.5713,3893.4
341,7,0,3,12.5705,3889.4
345,7,0,3,12.5649,3851.22
1981,7,0,3,12.5493,3766.96
350,7,0,3,12.5216,3626.53
344,7,0,3,12.5045,3539.07
343,7,0,3,12.4865,3442.85
1980,7,0,3,12.4783,3398.48
342,7,0,3,12.4716,3365
339,7,0,3,12.4524,3263.58
338,7,0,3,12.4417,3208.49
295,7,0,3,12.4239,3114.48
1987,7,0,4,12.8001,5005.87,0,0,0
413,7,0,4,12.7808,4908.18
414,7,0,4,12.7755,4880.53
410,7,0,4,12.7532,4768.02
398,7,0,4,12.753,4766.81
824,7,1,0,10.9871,524.077,0.043,187.553,0.1,1
880,7,1,0,10.9688,426.117
881,7,1,0,10.9534,343.023
1985,7,1,0,10.928,205.039
1986,7,1,0,10.9203,152.657
427,7,1,0,10.8958,29.0576
1987,7,1,0,10.89,0
1987,7,1,1,11.1297,1237.34,0,0,0
427,7,1,1,11.1241,1208.82
1986,7,1,1,11.1039,1103.65
883,7,1,1,11.076,955.769
882,7,1,1,11.0642,892.319
880,7,1,1,11.0473,804.973
824,7,1,1,11.0301,711.63
295,8,0,0,12.0388,1302.3,0.113833,496.507,0.26,1
338,8,0,0,12.0252,1226.46
339,8,0,0,12.0198,1189.46
342,8,0,0,12.0043,1104.22
343,8,0,0,11.9938,1049.39
344,8,0,0,11.9667,914.99
350,8,0,0,11.9507,832.236
1981,8,0,0,11.9232,692.173
351,8,0,0,11.9096,624.148
1982,8,0,0,11.904,586.192
1983,8,0,0,11.8782,456.299
1984,8,0,0,11.8495,312.681
1985,8,0,0,11.8272,201.869
1986,8,0,0,11.8195,149.487
427,8,0,0,11.7958,29.0576
1987,8,0,0,11.79,0
819,8,0,1,12.248,2329.27,0.0838333,365.656,0.48,2
818,8,0,1,12.2359,2260.96
817,8,0,1,12.2265,2208.82
780,8,0,1,12.2111,2120.15
778,8,0,1,12.1924,2015.99
2148,8,0,1,12.1918,2013.12
312,8,0,1,12.1917,2012.74
313,8,0,1,12.1848,1973.98
306,8,0,1,12.1706,1898.2
297,8,0,1,12.1638,1861.2
295,8,0,1,12.1527,1798.81
824,8,0,2,12.4335,3225.3,0.0978333,426.719,0.15,3
823,8,0,2,12.4184,3147.99
822,8,0,2,12.4128,3118.71
2153,8,0,2,12.3904,3000.7
821,8,0,2,12.3801,2946.66
2008,8,0,2,12.3716,2903.87
2152,8,0,2,12.3648,2866.92
820,8,0,2,12.3488,2783.45
819,8,0,2,12.3319,2694.92
1987,8,0,3,12.6381,4207.92,0,0,0
427,8,0,3,12.6327,4180.33
1986,8,0,3,12.608,4056.12
883,8,0,3,12.5762,3892.06
882,8,0,3,12.5631,3822.55
880,8,0,3,12.5474,3740.59
824,8,0,3,12.5313,3652.02
330,8,1,0,9.42343,816.882,0.0556667,242.801,0.26,1
336,8,1,0,9.4018,705.066
388,8,1,0,9.37368,553.686
397,8,1,0,9.34399,390.517
399,8,1,0,9.32898,307.377
411,8,1,0,9.31399,225.644
412,8,1,0,9.31107,206.421
414,8,1,0,9.2963,132.251
427,8,1,0,9.27579,29.0576
1987,8,1,0,9.27,0
398,8,1,1,9.59558,1704.78,0.0908333,396.188,0.21,2
397,8,1,1,9.58153,1629.84
389,8,1,1,9.56996,1567.55
388,8,1,1,9.54548,1439.34
2132,8,1,1,9.51963,1290.24
328,8,1,1,9.50393,1196.3
2115,8,1,1,9.49386,1142.95
330,8,1,1,9.4791,1059.68
1987,8,1,2,9.72533,2305.26,0,0,0
413,8,1,2,9.70895,2219.87
414,8,1,2,9.70315,2190.14
410,8,1,2,9.68667,2102.17
398,8,1,2,9.68641,2100.96
824,9,0,0,11.8891,513.573,0.0925,403.457,0.11,1
880,9,0,0,11.8728,423.957
882,9,0,0,11.8531,324.778
2155,9,0,0,11.8497,307.732
2012,9,0,0,11.8322,214.129
884,9,0,0,11.8277,191.09
1987,9,0,0,11.79,0
819,9,0,1,12.0807,1437.57,0.0838333,365.656,0.48,2
820,9,0,1,12.0585,1326.91
2152,9,0,1,12.0444,1251.6
2008,9,0,1,12.0309,1186.68
821,9,0,1,12.026,1159.17
2153,9,0,1,12.0162,1107.51
831,9,0,1,12.0162,1107.43
825,9,0,1,12.0158,1105.4
822,9,0,1,11.9988,1008.71
823,9,0,1,11.9938,981.901
824,9,0,1,11.9816,917.03
295,9,0,2,12.2618,2342.98,0.113833,496.507,0.26,3
297,9,0,2,12.252,2284.54
306,9,0,2,12.245,2246.61
313,9,0,2,12.2326,2178.24
312,9,0,2,12.2262,2142.03
2148,9,0,2,12.2261,2141.65
778,9,0,2,12.2255,2138.78
780,9,0,2,12.2047,2025.09
817,9,0,2,12.1879,1931.37
818,9,0,2,12.179,1881.62
819,9,0,2,12.1646,1803.23
1987,9,0,3,12.647,4228.3,0,0,0
427,9,0,3,12.6415,4200.46
1986,9,0,3,12.6175,4079.17
1985,9,0,3,12.5984,3984.13
1984,9,0,3,12.5792,3886.17
1983,9,0,3,12.5499,3740.12
1982,9,0,3,12.5261,3618.53
351,9,0,3,12.513,3552.94
1981,9,0,3,12.5011,3491.97
350,9,0,3,12.4734,3351.54
344,9,0,3,12.4563,3264.08
343,9,0,3,12.4383,3167.86
1980,9,0,3,12.4301,3123.48
342,9,0,3,12.4234,3090
339,9,0,3,12.4042,2988.58
338,9,0,3,12.3935,2933.5
295,9,0,3,12.3757,2839.49
330,9,1,0,9.58343,816.882,0.0556667,242.801,0.26,1
336,9,1,0,9.5618,705.066
388,9,1,0,9.53368,553.686
397,9,1,0,9.50399,390.517
399,9,1,0,9.48898,307.377
411,9,1,0,9.47399,225.644
412,9,1,0,9.47107,206.421
414,9,1,0,9.4563,132.251
427,9,1,0,9.43579,29.0576
1987,9,1,0,9.43,0
398,9,1,1,9.75558,1704.78,0.0908333,396.188,0.21,2
397,9,1,1,9.74153,1629.84
389,9,1,1,9.72996,1567.55
388,9,1,1,9.70547,1439.34
2132,9,1,1,9.67963,1290.24
328,9,1,1,9.66393,1196.3
2115,9,1,1,9.65386,1142.95
330,9,1,1,9.6391,1059.68
1987,9,1,2,9.88533,2305.26,0,0,0
413,9,1,2,9.86895,2219.87
414,9,1,2,9.86315,2190.14
410,9,1,2,9.84667,2102.17
398,9,1,2,9.84641,2100.96
824,10,0,0,11.8791,513.573,0.0925,403.457,0.11,1
880,10,0,0,11.8628,423.957
882,10,0,0,11.8431,324.778
2155,10,0,0,11.8397,307.732
2012,10,0,0,11.8222,214.129
884,10,0,0,11.8177,191.09
1987,10,0,0,11.78,0
819,10,0,1,12.0707,1437.57,0.0838333,365.656,0.48,2
820,10,0,1,12.0485,1326.91
2152,10,0,1,12.0344,1251.6
2008,10,0,1,12.0209,1186.68
821,10,0,1,12.016,1159.17
2153,10,0,1,12.0062,1107.51
831,10,0,1,12.0062,1107.43
825,10,0,1,12.0058,1105.4
822,10,0,1,11.9888,1008.71
823,10,0,1,11.9838,981.901
824,10,0,1,11.9716,917.03
295,10,0,2,12.2518,2342.98,0.113833,496.507,0.26,3
297,10,0,2,12.242,2284.54
306,10,0,2,12.235,2246.61
313,10,0,2,12.2226,2178.24
312,10,0,2,12.2162,2142.03
2148,10,0,2,12.2161,2141.65
778,10,0,2,12.2155,2138.78
780,10,0,2,12.1947,2025.09
817,10,0,2,12.1779,1931.37
818,10,0,2,12.169,1881.62
819,10,0,2,12.1546,1803.23
398,10,0,3,12.5893,4031.66,0.1055,460.159,0.2,4
397,10,0,3,12.5765,3962.25
389,10,0,3,12.5648,3899.61
388,10,0,3,12.5399,3769.45
2132,10,0,3,12.5131,3618.41
341,10,0,3,12.5123,3614.4
345,10,0,3,12.5067,3576.22
1981,10,0,3,12.4911,3491.97
350,10,0,3,12.4634,3351.54
344,10,0,3,12.4463,3264.08
343,10,0,3,12.4283,3167.86
1980,10,0,3,12.4201,3123.48
342,10,0,3,12.4134,3090
339,10,0,3,12.3942,2988.58
338,10,0,3,12.3835,2933.5
295,10,0,3,12.3657,2839.49
1987,10,0,4,12.7419,4730.88,0,0,0
413,10,0,4,12.7226,4633.19
414,10,0,4,12.7173,4605.54
410,10,0,4,12.695,4493.02
398,10,0,4,12.6948,4491.82
330,10,1,0,9.21343,816.882,0.0556667,242.801,0.26,1
336,10,1,0,9.1918,705.066
388,10,1,0,9.16368,553.686
397,10,1,0,9.13399,390.517
399,10,1,0,9.11898,307.377
411,10,1,0,9.10399,225.644
412,10,1,0,9.10107,206.421
414,10,1,0,9.0863,132.251
427,10,1,0,9.06579,29.0576
1987,10,1,0,9.06,0
1987,10,1,1,9.4245,1909.08,0,0,0
413,10,1,1,9.40811,1823.69
414,10,1,1,9.40231,1793.95
410,10,1,1,9.38583,1705.98
398,10,1,1,9.38558,1704.78
397,10,1,1,9.37153,1629.84
389,10,1,1,9.35996,1567.55
388,10,1,1,9.33547,1439.34
2132,10,1,1,9.30963,1290.24
328,10,1,1,9.29393,1196.3
2115,10,1,1,9.28386,1142.95
330,10,1,1,9.2691,1059.68
819,11,0,0,12.1782,1034.11,0.0838333,365.656,0.48,1
820,11,0,0,12.156,923.453
2152,11,0,0,12.1419,848.144
2008,11,0,0,12.1284,783.22
821,11,0,0,12.1235,755.708
2153,11,0,0,12.1137,704.051
831,11,0,0,12.1137,703.97
825,11,0,0,12.1133,701.94
822,11,0,0,12.0963,605.252
823,11,0,0,12.0913,578.444
824,11,0,0,12.0791,513.573
880,11,0,0,12.0628,423.957
882,11,0,0,12.0431,324.778
2155,11,0,0,12.0397,307.732
2012,11,0,0,12.0222,214.129
884,11,0,0,12.0177,191.09
1987,11,0,0,11.98,0
295,11,0,1,12.3593,1939.53,0.113833,496.507,0.26,2
297,11,0,1,12.3495,1881.08
306,11,0,1,12.3425,1843.15
313,11,0,1,12.3301,1774.79
312,11,0,1,12.3237,1738.57
2148,11,0,1,12.3236,1738.19
778,11,0,1,12.323,1735.32
780,11,0,1,12.3022,1621.63
817,11,0,1,12.2854,1527.92
818,11,0,1,12.2765,1478.16
819,11,0,1,12.2621,1399.77
398,11,0,2,12.6968,3628.2,0.1055,460.159,0.2,3
397,11,0,2,12.684,3558.79
389,11,0,2,12.6723,3496.15
388,11,0,2,12.6474,3366
2132,11,0,2,12.6206,3214.95
341,11,0,2,12.6198,3210.94
345,11,0,2,12.6142,3172.76
1981,11,0,2,12.5986,3088.51
350,11,0,2,12.5709,2948.08
344,11,0,2,12.5538,2860.62
343,11,0,2,12.5358,2764.4
1980,11,0,2,12.5276,2720.03
342,11,0,2,12.5209,2686.55
339,11,0,2,12.5017,2585.13
338,11,0,2,12.491,2530.04
295,11,0,2,12.4732,2436.03
1987,11,0,3,12.8494,4327.42,0,0,0
413,11,0,3,12.8301,4229.73
414,11,0,3,12.8248,4202.08
410,11,0,3,12.8025,4089.57
398,11,0,3,12.8023,4088.36
330,11,1,0,9.84343,816.882,0.0556667,242.801,0.26,1
336,11,1,0,9.8218,705.066
388,11,1,0,9.79367,553.686
397,11,1,0,9.76399,390.517
399,11,1,0,9.74898,307.377
411,11,1,0,9.73399,225.644
412,11,1,0,9.73107,206.421
414,11,1,0,9.7163,132.251
427,11,1,0,9.69579,29.0576
1987,11,1,0,9.69,0
824,11,1,1,10.0802,2044.17,0.043,187.553,0.1,2
823,11,1,1,10.0674,1976.76
822,11,1,1,10.0614,1945.48
2153,11,1,1,10.0404,1833.58
821,11,1,1,10.0285,1772.63
2008,11,1,1,10.02,1729.84
812,11,1,1,9.99845,1616.81
807,11,1,1,9.99829,1616.02
356,11,1,1,9.9838,1538.36
1981,11,1,1,9.97154,1454.85
345,11,1,1,9.95212,1354.39
341,11,1,1,9.93987,1292.27
2132,11,1,1,9.93963,1290.24
328,11,1,1,9.92393,1196.3
2115,11,1,1,9.91386,1142.95
330,11,1,1,9.89909,1059.68
1987,11,1,2,10.2316,2791.82,0,0,0
428,11,1,2,10.2266,2766.45
885,11,1,2,10.1885,2570.15
2012,11,1,2,10.1827,2542.55
2155,11,1,2,10.1614,2432.62
882,11,1,2,10.158,2415.43
880,11,1,2,10.1417,2330.68
824,11,1,2,10.1232,2231.72
398,12,0,0,12.0235,268.603,0.1055,460.159,0.2,1
410,12,0,0,12.0233,267.395
1986,12,0,0,11.9995,149.487
427,12,0,0,11.9758,29.0576
1987,12,0,0,11.97,0
295,12,0,1,12.3857,2052.68,0.113833,496.507,0.26,2
338,12,0,1,12.3718,1976
339,12,0,1,12.3664,1939
342,12,0,1,12.345,1828.4
343,12,0,1,12.3316,1761.19
344,12,0,1,12.3107,1652.78
350,12,0,1,12.2937,1565.74
1981,12,0,1,12.267,1429.18
351,12,0,1,12.2535,1361.86
1982,12,0,1,12.2444,1313.1
1983,12,0,1,12.2202,1190.04
1984,12,0,1,12.1891,1036.04
1985,12,0,1,12.1669,925.759
1986,12,0,1,12.1592,873.377
410,12,0,1,12.1293,729.971
398,12,0,1,12.129,728.762
819,12,0,2,12.5948,3079.65,0.0838333,365.656,0.48,3
818,12,0,2,12.5827,3011.34
817,12,0,2,12.5733,2959.2
780,12,0,2,12.5579,2870.53
778,12,0,2,12.5392,2766.37
2148,12,0,2,12.5387,2763.5
312,12,0,2,12.5386,2763.12
313,12,0,2,12.5316,2724.36
306,12,0,2,12.5174,2648.58
297,12,0,2,12.5107,2611.58
295,12,0,2,12.4995,2549.19
1987,12,0,3,12.8871,4531.58,0,0,0
427,12,0,3,12.8816,4503.99
1986,12,0,3,12.857,4379.78
883,12,0,3,12.8252,4215.72
882,12,0,3,12.8121,4146.21
880,12,0,3,12.7964,4064.25
824,12,0,3,12.7803,3975.68
823,12,0,3,12.7652,3898.37
822,12,0,3,12.7596,3869.09
2153,12,0,3,12.7372,3751.08
821,12,0,3,12.7269,3697.04
2008,12,0,3,12.7184,3654.25
2152,12,0,3,12.7116,3617.3
820,12,0,3,12.6956,3533.83
819,12,0,3,12.6787,3445.3
330,12,1,0,9.92343,816.882,0.0556667,242.801,0.26,1
336,12,1,0,9.9018,705.066
388,12,1,0,9.87368,553.686
397,12,1,0,9.84399,390.517
399,12,1,0,9.82898,307.377
411,12,1,0,9.81399,225.644
412,12,1,0,9.81107,206.421
414,12,1,0,9.7963,132.251
427,12,1,0,9.77579,29.0576
1987,12,1,0,9.77,0
824,12,1,1,10.1602,2044.17,0.043,187.553,0.1,2
823,12,1,1,10.1474,1976.76
822,12,1,1,10.1414,1945.48
2153,12,1,1,10.1204,1833.58
821,12,1,1,10.1085,1772.63
2008,12,1,1,10.1,1729.84
812,12,1,1,10.0784,1616.81
807,12,1,1,10.0783,1616.02
356,12,1,1,10.0638,1538.36
1981,12,1,1,10.0515,1454.85
345,12,1,1,10.0321,1354.39
341,12,1,1,10.0199,1292.27
2132,12,1,1,10.0196,1290.24
328,12,1,1,10.0039,1196.3
2115,12,1,1,9.99386,1142.95
330,12,1,1,9.9791,1059.68
1987,12,1,2,10.3116,2791.82,0,0,0
428,12,1,2,10.3066,2766.45
885,12,1,2,10.2685,2570.15
2012,12,1,2,10.2627,2542.55
2155,12,1,2,10.2414,2432.62
882,12,1,2,10.238,2415.43
880,12,1,2,10.2217,2330.68
824,12,1,2,10.2032,2231.72
