Node, Individual, Route,Segment, Travel time, Travel cost, Attention time, Attention cost, Failure rate, Demand
398,0,0,0,9.54952,333.558,0.0908333,396.188,0.21,1
410,0,0,0,9.54926,332.349
1986,0,0,0,9.50979,150.606
427,0,0,0,9.48579,29.0576
1987,0,0,0,9.48,0
330,0,0,1,9.7663,1415.19,0.0556667,242.801,0.26,2
336,0,0,1,9.74467,1303.38
388,0,0,1,9.71654,1152
397,0,0,1,9.68685,988.829
399,0,0,1,9.67185,905.688
411,0,0,1,9.65685,823.956
412,0,0,1,9.65394,804.733
398,0,0,1,9.64035,729.745
295,0,0,2,9.95827,2401.36,0.037,161.383,0.36,3
338,0,0,2,9.94271,2317.16
339,0,0,2,9.93727,2280.16
342,0,0,2,9.91115,2149.94
343,0,0,2,9.89511,2071.87
344,0,0,2,9.87733,1976.53
1819,0,0,2,9.86218,1881.29
335,0,0,2,9.85727,1852.45
2114,0,0,2,9.84361,1778.79
329,0,0,2,9.841,1763.62
2115,0,0,2,9.83673,1741.26
330,0,0,2,9.82196,1657.99
819,0,0,3,10.0837,3059.98,0.0483333,210.815,0.55,4
818,0,0,3,10.071,2989.25
804,0,0,3,10.053,2888.48
803,0,0,3,10.0457,2845.47
354,0,0,3,10.0456,2845.1
353,0,0,3,10.0432,2834
314,0,0,3,10.0345,2785.2
312,0,0,3,10.0304,2762.27
313,0,0,3,10.0247,2727.13
306,0,0,3,10.0116,2656.06
297,0,0,3,10.0055,2621.85
295,0,0,3,9.99527,2562.74
824,0,0,4,10.2366,3813.26,0.043,187.553,0.1,5
823,0,0,4,10.2218,3737.42
822,0,0,4,10.2171,3711.55
2153,0,0,4,10.196,3599.34
821,0,0,4,10.1845,3540.13
2008,0,0,4,10.176,3497.34
2152,0,0,4,10.1692,3460.57
820,0,0,4,10.1477,3353.87
819,0,0,4,10.132,3270.8
1987,0,0,5,10.3881,4560.91,0,0,0
428,0,0,5,10.383,4535.54
885,0,0,5,10.3449,4339.24
2012,0,0,5,10.3392,4311.64
2155,0,0,5,10.3178,4201.71
882,0,0,5,10.3144,4184.52
880,0,0,5,10.2981,4099.77
824,0,0,5,10.2796,4000.82
398,1,0,0,9.73952,333.558,0.0908333,396.188,0.21,1
410,1,0,0,9.73926,332.349
1986,1,0,0,9.69979,150.606
427,1,0,0,9.67579,29.0576
1987,1,0,0,9.67,0
330,1,0,1,9.9563,1415.19,0.0556667,242.801,0.26,2
336,1,0,1,9.93467,1303.38
388,1,0,1,9.90654,1152
397,1,0,1,9.87685,988.829
399,1,0,1,9.86185,905.688
411,1,0,1,9.84686,823.956
412,1,0,1,9.84394,804.733
398,1,0,1,9.83035,729.745
295,1,0,2,10.1434,2386.72,0.0906667,395.461,0.35,3
338,1,0,2,10.1298,2311.01
339,1,0,2,10.1243,2274.01
342,1,0,2,10.1077,2183.82
343,1,0,2,10.0942,2116.01
344,1,0,2,10.0701,1993.98
1819,1,0,2,10.0564,1900.26
335,1,0,2,10.052,1872.09
2114,1,0,2,10.037,1792.99
329,1,0,2,10.0344,1777.8
2115,1,0,2,10.027,1742.27
330,1,0,2,10.012,1657.99
819,1,0,3,10.3257,3293.97,0.0483333,210.815,0.55,4
818,1,0,3,10.3134,3224.92
804,1,0,3,10.2949,3121.93
803,1,0,3,10.287,3077.58
354,1,0,3,10.2869,3077.21
353,1,0,3,10.2845,3066.11
314,1,0,3,10.275,3013.82
307,1,0,3,10.2642,2949.87
306,1,0,3,10.2513,2878.92
297,1,0,3,10.2445,2841.63
295,1,0,3,10.2341,2782.18
824,1,0,4,10.4786,4047.25,0.043,187.553,0.1,5
823,1,0,4,10.4639,3971.41
822,1,0,4,10.4591,3945.54
2153,1,0,4,10.4381,3833.33
821,1,0,4,10.4265,3774.12
2008,1,0,4,10.418,3731.33
2152,1,0,4,10.4112,3694.56
820,1,0,4,10.3897,3587.86
819,1,0,4,10.3741,3504.79
1987,1,0,5,10.6301,4794.9,0,0,0
428,1,0,5,10.6251,4769.53
885,1,0,5,10.5869,4573.23
2012,1,0,5,10.5812,4545.63
2155,1,0,5,10.5598,4435.7
882,1,0,5,10.5564,4418.51
880,1,0,5,10.5401,4333.76
824,1,0,5,10.5216,4234.81
398,2,0,0,11.6835,268.603,0.102667,447.801,0.21,1
410,2,0,0,11.6833,267.395
1986,2,0,0,11.6595,149.487
427,2,0,0,11.6358,29.0576
1987,2,0,0,11.63,0
330,2,0,1,11.9141,1412.15,0.0513333,223.901,0.34,2
336,2,0,1,11.8933,1303.95
388,2,0,1,11.8681,1165.05
397,2,0,1,11.8332,979.274
399,2,0,1,11.8166,889.282
411,2,0,1,11.8021,809.744
412,2,0,1,11.7996,790.732
398,2,0,1,11.7862,716.404
295,2,0,2,12.0933,2349.72,0.113833,496.507,0.26,3
338,2,0,2,12.0796,2273.88
339,2,0,2,12.0742,2236.88
342,2,0,2,12.0587,2151.64
343,2,0,2,12.0482,2096.8
344,2,0,2,12.0212,1962.41
1819,2,0,2,12.0078,1868.88
335,2,0,2,12.0028,1839.93
2114,2,0,2,11.9875,1759.14
329,2,0,2,11.985,1744.08
2115,2,0,2,11.98,1718.57
330,2,0,2,11.9655,1636.05
819,2,0,3,12.3025,3376.68,0.0838333,365.656,0.48,4
818,2,0,3,12.2903,3308.37
817,2,0,3,12.2809,3256.23
780,2,0,3,12.2655,3167.56
778,2,0,3,12.2469,3063.4
2148,2,0,3,12.2463,3060.54
312,2,0,3,12.2462,3060.15
313,2,0,3,12.2392,3021.39
306,2,0,3,12.225,2945.62
297,2,0,3,12.2183,2908.61
295,2,0,3,12.2071,2846.22
824,2,0,4,12.4879,4272.71,0.0978333,426.719,0.15,5
823,2,0,4,12.4728,4195.41
822,2,0,4,12.4673,4166.12
2153,2,0,4,12.4448,4048.12
821,2,0,4,12.4345,3994.07
2008,2,0,4,12.426,3951.28
2152,2,0,4,12.4192,3914.33
820,2,0,4,12.4032,3830.86
819,2,0,4,12.3863,3742.34
1987,2,0,5,12.6925,5255.34,0,0,0
427,2,0,5,12.6871,5227.74
1986,2,0,5,12.6625,5103.53
883,2,0,5,12.6307,4939.47
882,2,0,5,12.6175,4869.97
880,2,0,5,12.6018,4788.01
824,2,0,5,12.5858,4699.43
330,3,0,0,11.9073,792.98,0.0513333,223.901,0.34,1
336,3,0,0,11.8865,684.779
388,3,0,0,11.8613,545.88
397,3,0,0,11.8264,360.101
399,3,0,0,11.8098,270.11
411,3,0,0,11.7953,190.571
412,3,0,0,11.7928,171.559
414,3,0,0,11.7809,109.52
427,3,0,0,11.7658,29.0576
1987,3,0,0,11.76,0
295,3,0,1,12.0864,1730.54,0.113833,496.507,0.26,2
338,3,0,1,12.0728,1654.7
339,3,0,1,12.0674,1617.71
342,3,0,1,12.0519,1532.47
343,3,0,1,12.0414,1477.63
344,3,0,1,12.0144,1343.23
1819,3,0,1,12.001,1249.71
335,3,0,1,11.996,1220.76
2114,3,0,1,11.9807,1139.97
329,3,0,1,11.9782,1124.91
2115,3,0,1,11.9731,1099.4
330,3,0,1,11.9586,1016.88
819,3,0,2,12.2956,2757.51,0.0838333,365.656,0.48,3
818,3,0,2,12.2835,2689.2
817,3,0,2,12.2741,2637.06
780,3,0,2,12.2587,2548.39
778,3,0,2,12.24,2444.23
2148,3,0,2,12.2394,2441.36
312,3,0,2,12.2394,2440.98
313,3,0,2,12.2324,2402.22
306,3,0,2,12.2182,2326.44
297,3,0,2,12.2115,2289.44
295,3,0,2,12.2003,2227.05
824,3,0,3,12.4811,3653.54,0.0978333,426.719,0.15,4
823,3,0,3,12.466,3576.24
822,3,0,3,12.4604,3546.95
2153,3,0,3,12.438,3428.94
821,3,0,3,12.4277,3374.9
2008,3,0,3,12.4192,3332.11
2152,3,0,3,12.4124,3295.16
820,3,0,3,12.3964,3211.69
819,3,0,3,12.3795,3123.17
398,3,0,4,12.6708,4569.48,0.1055,460.159,0.2,5
410,3,0,4,12.6705,4568.27
409,3,0,4,12.6544,4484.54
1985,3,0,4,12.6399,4407.2
881,3,0,4,12.6101,4250.86
880,3,0,4,12.595,4168.83
824,3,0,4,12.5789,4080.26
1987,3,0,5,12.8235,5268.71,0,0,0
413,3,0,5,12.8041,5171.01
414,3,0,5,12.7988,5143.37
410,3,0,5,12.7765,5030.85
398,3,0,5,12.7763,5029.64
330,4,0,0,11.9673,792.98,0.0513333,223.901,0.34,1
336,4,0,0,11.9465,684.779
388,4,0,0,11.9213,545.88
397,4,0,0,11.8863,360.101
399,4,0,0,11.8698,270.11
411,4,0,0,11.8553,190.571
412,4,0,0,11.8528,171.559
414,4,0,0,11.8409,109.52
427,4,0,0,11.8258,29.0576
1987,4,0,0,11.82,0
819,4,0,1,12.1389,1712.56,0.0838333,365.656,0.48,2
811,4,0,1,12.1198,1599.72
805,4,0,1,12.1165,1580.89
358,4,0,1,12.1041,1513.62
349,4,0,1,12.0869,1424.39
344,4,0,1,12.0743,1343.39
1819,4,0,1,12.0605,1249.54
335,4,0,1,12.0564,1221.7
2114,4,0,1,12.0404,1138.04
329,4,0,1,12.0377,1122.86
2115,4,0,1,12.0338,1101.8
330,4,0,1,12.0186,1016.88
295,4,0,2,12.32,2617.98,0.113833,496.507,0.26,3
297,4,0,2,12.3102,2559.53
306,4,0,2,12.3032,2521.6
313,4,0,2,12.2908,2453.24
312,4,0,2,12.2844,2417.02
2148,4,0,2,12.2843,2416.64
778,4,0,2,12.2837,2413.77
780,4,0,2,12.2629,2300.08
817,4,0,2,12.2461,2206.37
818,4,0,2,12.2372,2156.61
819,4,0,2,12.2227,2078.22
824,4,0,3,12.6308,4175.32,0.0978333,426.719,0.15,4
823,4,0,3,12.6157,4098.01
822,4,0,3,12.6102,4068.73
2153,4,0,3,12.5878,3950.72
821,4,0,3,12.5775,3896.67
2008,4,0,3,12.569,3853.88
2152,4,0,3,12.5621,3816.93
820,4,0,3,12.5462,3733.47
819,4,0,3,12.5292,3644.94
818,4,0,3,12.5171,3576.63
817,4,0,3,12.5077,3524.49
780,4,0,3,12.4922,3435.82
778,4,0,3,12.4736,3331.66
2148,4,0,3,12.473,3328.79
312,4,0,3,12.4729,3328.41
313,4,0,3,12.466,3289.65
306,4,0,3,12.4518,3213.87
297,4,0,3,12.445,3176.87
295,4,0,3,12.4339,3114.48
398,4,0,4,12.8205,5091.26,0.1055,460.159,0.2,5
410,4,0,4,12.8203,5090.05
409,4,0,4,12.8041,5006.32
1985,4,0,4,12.7896,4928.97
881,4,0,4,12.7599,4772.63
880,4,0,4,12.7448,4690.61
824,4,0,4,12.7287,4602.04
1987,4,0,5,12.9732,5790.48,0,0,0
413,4,0,5,12.9539,5692.79
414,4,0,5,12.9486,5665.14
410,4,0,5,12.9263,5552.63
398,4,0,5,12.926,5551.42
824,5,0,0,11.5691,513.573,0.0925,403.457,0.11,1
880,5,0,0,11.5528,423.957
882,5,0,0,11.5331,324.778
2155,5,0,0,11.5297,307.732
2012,5,0,0,11.5122,214.129
884,5,0,0,11.5077,191.09
1987,5,0,0,11.47,0
330,5,0,1,11.8348,1820.87,0.0513333,223.901,0.34,2
336,5,0,1,11.8141,1712.67
388,5,0,1,11.7888,1573.77
352,5,0,1,11.7696,1472.47
1983,5,0,1,11.7446,1347.05
1984,5,0,1,11.716,1203.43
814,5,0,1,11.6795,1015.99
824,5,0,1,11.6616,917.03
295,5,0,2,12.014,2758.43,0.113833,496.507,0.26,3
338,5,0,2,12.0003,2682.59
339,5,0,2,11.9949,2645.59
342,5,0,2,11.9794,2560.36
343,5,0,2,11.9689,2505.52
344,5,0,2,11.9419,2371.12
1819,5,0,2,11.9285,2277.6
335,5,0,2,11.9235,2248.65
2114,5,0,2,11.9082,2167.85
329,5,0,2,11.9057,2152.8
2115,5,0,2,11.9007,2127.29
330,5,0,2,11.8862,2044.77
819,5,0,3,12.2232,3785.4,0.0838333,365.656,0.48,4
818,5,0,3,12.211,3717.09
817,5,0,3,12.2016,3664.95
780,5,0,3,12.1862,3576.28
778,5,0,3,12.1676,3472.12
2148,5,0,3,12.167,3469.25
312,5,0,3,12.1669,3468.87
313,5,0,3,12.1599,3430.11
306,5,0,3,12.1457,3354.33
297,5,0,3,12.139,3317.33
295,5,0,3,12.1278,3254.94
398,5,0,4,12.5005,5170.65,0.1055,460.159,0.2,5
410,5,0,4,12.5002,5169.44
409,5,0,4,12.4841,5085.71
1985,5,0,4,12.4696,5008.36
881,5,0,4,12.4398,4852.03
880,5,0,4,12.4247,4770
824,5,0,4,12.4086,4681.43
823,5,0,4,12.3935,4604.12
822,5,0,4,12.388,4574.84
2153,5,0,4,12.3656,4456.83
821,5,0,4,12.3552,4402.79
2008,5,0,4,12.3467,4360
2152,5,0,4,12.3399,4323.05
820,5,0,4,12.3239,4239.58
819,5,0,4,12.307,4151.05
1987,5,0,5,12.6531,5869.88,0,0,0
413,5,0,5,12.6338,5772.18
414,5,0,5,12.6285,5744.53
410,5,0,5,12.6062,5632.02
398,5,0,5,12.606,5630.81
330,6,0,0,11.9073,792.98,0.0513333,223.901,0.34,1
336,6,0,0,11.8865,684.779
388,6,0,0,11.8613,545.88
397,6,0,0,11.8264,360.101
399,6,0,0,11.8098,270.11
411,6,0,0,11.7953,190.571
412,6,0,0,11.7928,171.559
414,6,0,0,11.7809,109.52
427,6,0,0,11.7658,29.0576
1987,6,0,0,11.76,0
295,6,0,1,12.0864,1730.54,0.113833,496.507,0.26,2
338,6,0,1,12.0728,1654.7
339,6,0,1,12.0674,1617.71
342,6,0,1,12.0519,1532.47
343,6,0,1,12.0414,1477.63
344,6,0,1,12.0144,1343.23
1819,6,0,1,12.001,1249.71
335,6,0,1,11.996,1220.76
2114,6,0,1,11.9807,1139.97
329,6,0,1,11.9782,1124.91
2115,6,0,1,11.9731,1099.4
330,6,0,1,11.9586,1016.88
819,6,0,2,12.2956,2757.51,0.0838333,365.656,0.48,3
818,6,0,2,12.2835,2689.2
817,6,0,2,12.2741,2637.06
780,6,0,2,12.2587,2548.39
778,6,0,2,12.24,2444.23
2148,6,0,2,12.2394,2441.36
312,6,0,2,12.2394,2440.98
313,6,0,2,12.2324,2402.22
306,6,0,2,12.2182,2326.44
297,6,0,2,12.2115,2289.44
295,6,0,2,12.2003,2227.05
398,6,0,3,12.573,4142.76,0.1055,460.159,0.2,4
410,6,0,3,12.5727,4141.55
409,6,0,3,12.5566,4057.82
1985,6,0,3,12.5421,3980.48
881,6,0,3,12.5123,3824.14
880,6,0,3,12.4972,3742.11
824,6,0,3,12.4811,3653.54
823,6,0,3,12.466,3576.24
822,6,0,3,12.4604,3546.95
2153,6,0,3,12.438,3428.94
821,6,0,3,12.4277,3374.9
2008,6,0,3,12.4192,3332.11
2152,6,0,3,12.4124,3295.16
820,6,0,3,12.3964,3211.69
819,6,0,3,12.3795,3123.17
1987,6,0,4,12.7256,4841.99,0,0,0
413,6,0,4,12.7063,4744.29
414,6,0,4,12.701,4716.65
410,6,0,4,12.6787,4604.13
398,6,0,4,12.6785,4602.92
824,6,1,0,10.9571,524.077,0.043,187.553,0.1,1
880,6,1,0,10.9388,426.117
881,6,1,0,10.9234,343.023
1985,6,1,0,10.898,205.039
1986,6,1,0,10.8903,152.657
427,6,1,0,10.8658,29.0576
1987,6,1,0,10.86,0
1987,6,1,1,11.0997,1237.34,0,0,0
427,6,1,1,11.0941,1208.82
1986,6,1,1,11.0739,1103.65
883,6,1,1,11.046,955.769
882,6,1,1,11.0342,892.319
880,6,1,1,11.0173,804.973
824,6,1,1,11.0001,711.63
330,7,0,0,11.9673,792.98,0.0513333,223.901,0.34,1
336,7,0,0,11.9465,684.779
388,7,0,0,11.9213,545.88
397,7,0,0,11.8863,360.101
399,7,0,0,11.8698,270.11
411,7,0,0,11.8553,190.571
412,7,0,0,11.8528,171.559
414,7,0,0,11.8409,109.52
427,7,0,0,11.8258,29.0576
1987,7,0,0,11.82,0
819,7,0,1,12.1389,1712.56,0.0838333,365.656,0.48,2
811,7,0,1,12.1198,1599.72
805,7,0,1,12.1165,1580.89
358,7,0,1,12.1041,1513.62
349,7,0,1,12.0869,1424.39
344,7,0,1,12.0743,1343.39
1819,7,0,1,12.0605,1249.54
335,7,0,1,12.0564,1221.7
2114,7,0,1,12.0404,1138.04
329,7,0,1,12.0377,1122.86
2115,7,0,1,12.0338,1101.8
330,7,0,1,12.0186,1016.88
295,7,0,2,12.32,2617.98,0.113833,496.507,0.26,3
297,7,0,2,12.3102,2559.53
306,7,0,2,12.3032,2521.6
313,7,0,2,12.2908,2453.24
312,7,0,2,12.2844,2417.02
2148,7,0,2,12.2843,2416.64
778,7,0,2,12.2837,2413.77
780,7,0,2,12.2629,2300.08
817,7,0,2,12.2461,2206.37
818,7,0,2,12.2372,2156.61
819,7,0,2,12.2227,2078.22
398,7,0,3,12.6575,4306.65,0.1055,460.159,0.2,4
397,7,0,3,12.6447,4237.24
389,7,0,3,12.633,4174.6
388,7,0,3,12.6081,4044.45
2132,7,0,3,12.5813,3893.4
341,7,0,3,12.5805,3889.4
345,7,0,3,12.5749,3851.22
1981,7,0,3,12.5593,3766.96
350,7,0,3,12.5316,3626.53
344,7,0,3,12.5145,3539.07
343,7,0,3,12.4965,3442.85
1980,7,0,3,12.4883,3398.48
342,7,0,3,12.4816,3365
339,7,0,3,12.4624,3263.58
338,7,0,3,12.4517,3208.49
295,7,0,3,12.4339,3114.48
1987,7,0,4,12.8101,5005.87,0,0,0
413,7,0,4,12.7908,4908.18
414,7,0,4,12.7855,4880.53
410,7,0,4,12.7632,4768.02
398,7,0,4,12.763,4766.81
824,7,1,0,10.9671,524.077,0.043,187.553,0.1,1
880,7,1,0,10.9488,426.117
881,7,1,0,10.9334,343.023
1985,7,1,0,10.908,205.039
1986,7,1,0,10.9003,152.657
427,7,1,0,10.8758,29.0576
1987,7,1,0,10.87,0
1987,7,1,1,11.1097,1237.34,0,0,0
427,7,1,1,11.1041,1208.82
1986,7,1,1,11.0839,1103.65
883,7,1,1,11.056,955.769
882,7,1,1,11.0442,892.319
880,7,1,1,11.0273,804.973
824,7,1,1,11.0101,711.63
295,8,0,0,12.1788,1302.3,0.113833,496.507,0.26,1
338,8,0,0,12.1652,1226.46
339,8,0,0,12.1598,1189.46
342,8,0,0,12.1443,1104.22
343,8,0,0,12.1338,1049.39
344,8,0,0,12.1067,914.99
350,8,0,0,12.0907,832.236
1981,8,0,0,12.0632,692.173
351,8,0,0,12.0496,624.148
1982,8,0,0,12.044,586.192
1983,8,0,0,12.0182,456.299
1984,8,0,0,11.9895,312.681
1985,8,0,0,11.9672,201.869
1986,8,0,0,11.9595,149.487
427,8,0,0,11.9358,29.0576
1987,8,0,0,11.93,0
819,8,0,1,12.388,2329.27,0.0838333,365.656,0.48,2
818,8,0,1,12.3759,2260.96
817,8,0,1,12.3665,2208.82
780,8,0,1,12.3511,2120.15
778,8,0,1,12.3324,2015.99
2148,8,0,1,12.3318,2013.12
312,8,0,1,12.3317,2012.74
313,8,0,1,12.3248,1973.98
306,8,0,1,12.3106,1898.2
297,8,0,1,12.3038,1861.2
295,8,0,1,12.2927,1798.81
824,8,0,2,12.5735,3225.3,0.0978333,426.719,0.15,3
823,8,0,2,12.5584,3147.99
822,8,0,2,12.5528,3118.71
2153,8,0,2,12.5304,3000.7
821,8,0,2,12.5201,2946.66
2008,8,0,2,12.5116,2903.87
2152,8,0,2,12.5048,2866.92
820,8,0,2,12.4888,2783.45
819,8,0,2,12.4719,2694.92
1987,8,0,3,12.7781,4207.92,0,0,0
427,8,0,3,12.7727,4180.33
1986,8,0,3,12.748,4056.12
883,8,0,3,12.7162,3892.06
882,8,0,3,12.7031,3822.55
880,8,0,3,12.6874,3740.59
824,8,0,3,12.6713,3652.02
330,8,1,0,9.16343,816.882,0.0556667,242.801,0.26,1
336,8,1,0,9.1418,705.066
388,8,1,0,9.11368,553.686
397,8,1,0,9.08399,390.517
399,8,1,0,9.06898,307.377
411,8,1,0,9.05399,225.644
412,8,1,0,9.05107,206.421
414,8,1,0,9.0363,132.251
427,8,1,0,9.01579,29.0576
1987,8,1,0,9.01,0
398,8,1,1,9.33558,1704.78,0.0908333,396.188,0.21,2
397,8,1,1,9.32153,1629.84
389,8,1,1,9.30996,1567.55
388,8,1,1,9.28547,1439.34
2132,8,1,1,9.25963,1290.24
328,8,1,1,9.24393,1196.3
2115,8,1,1,9.23386,1142.95
330,8,1,1,9.2191,1059.68
1987,8,1,2,9.46533,2305.26,0,0,0
413,8,1,2,9.44895,2219.87
414,8,1,2,9.44315,2190.14
410,8,1,2,9.42667,2102.17
398,8,1,2,9.42641,2100.96
824,9,0,0,11.8191,513.573,0.0925,403.457,0.11,1
880,9,0,0,11.8028,423.957
882,9,0,0,11.7831,324.778
2155,9,0,0,11.7797,307.732
2012,9,0,0,11.7622,214.129
884,9,0,0,11.7577,191.09
1987,9,0,0,11.72,0
819,9,0,1,12.0107,1437.57,0.0838333,365.656,0.48,2
820,9,0,1,11.9885,1326.91
2152,9,0,1,11.9744,1251.6
2008,9,0,1,11.9609,1186.68
821,9,0,1,11.956,1159.17
2153,9,0,1,11.9462,1107.51
831,9,0,1,11.9462,1107.43
825,9,0,1,11.9458,1105.4
822,9,0,1,11.9288,1008.71
823,9,0,1,11.9238,981.901
824,9,0,1,11.9116,917.03
295,9,0,2,12.1918,2342.98,0.113833,496.507,0.26,3
297,9,0,2,12.182,2284.54
306,9,0,2,12.175,2246.61
313,9,0,2,12.1626,2178.24
312,9,0,2,12.1562,2142.03
2148,9,0,2,12.1561,2141.65
778,9,0,2,12.1555,2138.78
780,9,0,2,12.1347,2025.09
817,9,0,2,12.1179,1931.37
818,9,0,2,12.109,1881.62
819,9,0,2,12.0946,1803.23
1987,9,0,3,12.577,4228.3,0,0,0
427,9,0,3,12.5715,4200.46
1986,9,0,3,12.5475,4079.17
1985,9,0,3,12.5284,3984.13
1984,9,0,3,12.5092,3886.17
1983,9,0,3,12.4799,3740.12
1982,9,0,3,12.4561,3618.53
351,9,0,3,12.443,3552.94
1981,9,0,3,12.4311,3491.97
350,9,0,3,12.4034,3351.54
344,9,0,3,12.3863,3264.08
343,9,0,3,12.3683,3167.86
1980,9,0,3,12.3601,3123.48
342,9,0,3,12.3534,3090
339,9,0,3,12.3342,2988.58
338,9,0,3,12.3235,2933.5
295,9,0,3,12.3057,2839.49
330,9,1,0,9.34343,816.882,0.0556667,242.801,0.26,1
336,9,1,0,9.3218,705.066
388,9,1,0,9.29367,553.686
397,9,1,0,9.26399,390.517
399,9,1,0,9.24898,307.377
411,9,1,0,9.23399,225.644
412,9,1,0,9.23107,206.421
414,9,1,0,9.2163,132.251
427,9,1,0,9.19579,29.0576
1987,9,1,0,9.19,0
398,9,1,1,9.51558,1704.78,0.0908333,396.188,0.21,2
397,9,1,1,9.50153,1629.84
389,9,1,1,9.48996,1567.55
388,9,1,1,9.46547,1439.34
2132,9,1,1,9.43963,1290.24
328,9,1,1,9.42393,1196.3
2115,9,1,1,9.41386,1142.95
330,9,1,1,9.39909,1059.68
1987,9,1,2,9.64533,2305.26,0,0,0
413,9,1,2,9.62895,2219.87
414,9,1,2,9.62315,2190.14
410,9,1,2,9.60667,2102.17
398,9,1,2,9.60641,2100.96
824,10,0,0,11.8191,513.573,0.0925,403.457,0.11,1
880,10,0,0,11.8028,423.957
882,10,0,0,11.7831,324.778
2155,10,0,0,11.7797,307.732
2012,10,0,0,11.7622,214.129
884,10,0,0,11.7577,191.09
1987,10,0,0,11.72,0
819,10,0,1,12.0107,1437.57,0.0838333,365.656,0.48,2
820,10,0,1,11.9885,1326.91
2152,10,0,1,11.9744,1251.6
2008,10,0,1,11.9609,1186.68
821,10,0,1,11.956,1159.17
2153,10,0,1,11.9462,1107.51
831,10,0,1,11.9462,1107.43
825,10,0,1,11.9458,1105.4
822,10,0,1,11.9288,1008.71
823,10,0,1,11.9238,981.901
824,10,0,1,11.9116,917.03
295,10,0,2,12.1918,2342.98,0.113833,496.507,0.26,3
297,10,0,2,12.182,2284.54
306,10,0,2,12.175,2246.61
313,10,0,2,12.1626,2178.24
312,10,0,2,12.1562,2142.03
2148,10,0,2,12.1561,2141.65
778,10,0,2,12.1555,2138.78
780,10,0,2,12.1347,2025.09
817,10,0,2,12.1179,1931.37
818,10,0,2,12.109,1881.62
819,10,0,2,12.0946,1803.23
398,10,0,3,12.5293,4031.66,0.1055,460.159,0.2,4
397,10,0,3,12.5165,3962.25
389,10,0,3,12.5048,3899.61
388,10,0,3,12.4799,3769.45
2132,10,0,3,12.4531,3618.41
341,10,0,3,12.4523,3614.4
345,10,0,3,12.4467,3576.22
1981,10,0,3,12.4311,3491.97
350,10,0,3,12.4034,3351.54
344,10,0,3,12.3863,3264.08
343,10,0,3,12.3683,3167.86
1980,10,0,3,12.3601,3123.48
342,10,0,3,12.3534,3090
339,10,0,3,12.3342,2988.58
338,10,0,3,12.3235,2933.5
295,10,0,3,12.3057,2839.49
1987,10,0,4,12.6819,4730.88,0,0,0
413,10,0,4,12.6626,4633.19
414,10,0,4,12.6573,4605.54
410,10,0,4,12.635,4493.02
398,10,0,4,12.6348,4491.82
330,10,1,0,9.81343,816.882,0.0556667,242.801,0.26,1
336,10,1,0,9.7918,705.066
388,10,1,0,9.76367,553.686
397,10,1,0,9.73399,390.517
399,10,1,0,9.71898,307.377
411,10,1,0,9.70399,225.644
412,10,1,0,9.70107,206.421
414,10,1,0,9.6863,132.251
427,10,1,0,9.66579,29.0576
1987,10,1,0,9.66,0
1987,10,1,1,10.0245,1909.08,0,0,0
413,10,1,1,10.0081,1823.69
414,10,1,1,10.0023,1793.95
410,10,1,1,9.98583,1705.98
398,10,1,1,9.98558,1704.78
397,10,1,1,9.97153,1629.84
389,10,1,1,9.95996,1567.55
388,10,1,1,9.93547,1439.34
2132,10,1,1,9.90963,1290.24
328,10,1,1,9.89393,1196.3
2115,10,1,1,9.88386,1142.95
330,10,1,1,9.86909,1059.68
819,11,0,0,12.1282,1034.11,0.0838333,365.656,0.48,1
820,11,0,0,12.106,923.453
2152,11,0,0,12.0919,848.144
2008,11,0,0,12.0784,783.22
821,11,0,0,12.0735,755.708
2153,11,0,0,12.0637,704.051
831,11,0,0,12.0637,703.97
825,11,0,0,12.0633,701.94
822,11,0,0,12.0463,605.252
823,11,0,0,12.0413,578.444
824,11,0,0,12.0291,513.573
880,11,0,0,12.0128,423.957
882,11,0,0,11.9931,324.778
2155,11,0,0,11.9897,307.732
2012,11,0,0,11.9722,214.129
884,11,0,0,11.9677,191.09
1987,11,0,0,11.93,0
295,11,0,1,12.3093,1939.53,0.113833,496.507,0.26,2
297,11,0,1,12.2995,1881.08
306,11,0,1,12.2925,1843.15
313,11,0,1,12.2801,1774.79
312,11,0,1,12.2737,1738.57
2148,11,0,1,12.2736,1738.19
778,11,0,1,12.273,1735.32
780,11,0,1,12.2522,1621.63
817,11,0,1,12.2354,1527.92
818,11,0,1,12.2265,1478.16
819,11,0,1,12.2121,1399.77
398,11,0,2,12.6468,3628.2,0.1055,460.159,0.2,3
397,11,0,2,12.634,3558.79
389,11,0,2,12.6223,3496.15
388,11,0,2,12.5974,3366
2132,11,0,2,12.5706,3214.95
341,11,0,2,12.5698,3210.94
345,11,0,2,12.5642,3172.76
1981,11,0,2,12.5486,3088.51
350,11,0,2,12.5209,2948.08
344,11,0,2,12.5038,2860.62
343,11,0,2,12.4858,2764.4
1980,11,0,2,12.4776,2720.03
342,11,0,2,12.4709,2686.55
339,11,0,2,12.4517,2585.13
338,11,0,2,12.441,2530.04
295,11,0,2,12.4232,2436.03
1987,11,0,3,12.7994,4327.42,0,0,0
413,11,0,3,12.7801,4229.73
414,11,0,3,12.7748,4202.08
410,11,0,3,12.7525,4089.57
398,11,0,3,12.7523,4088.36
330,11,1,0,9.87343,816.882,0.0556667,242.801,0.26,1
336,11,1,0,9.8518,705.066
388,11,1,0,9.82368,553.686
397,11,1,0,9.79399,390.517
399,11,1,0,9.77898,307.377
411,11,1,0,9.76399,225.644
412,11,1,0,9.76107,206.421
414,11,1,0,9.7463,132.251
427,11,1,0,9.72579,29.0576
1987,11,1,0,9.72,0
824,11,1,1,10.1102,2044.17,0.043,187.553,0.1,2
823,11,1,1,10.0974,1976.76
822,11,1,1,10.0914,1945.48
2153,11,1,1,10.0704,1833.58
821,11,1,1,10.0585,1772.63
2008,11,1,1,10.05,1729.84
812,11,1,1,10.0284,1616.81
807,11,1,1,10.0283,1616.02
356,11,1,1,10.0138,1538.36
1981,11,1,1,10.0015,1454.85
345,11,1,1,9.98212,1354.39
341,11,1,1,9.96987,1292.27
2132,11,1,1,9.96963,1290.24
328,11,1,1,9.95393,1196.3
2115,11,1,1,9.94386,1142.95
330,11,1,1,9.9291,1059.68
1987,11,1,2,10.2616,2791.82,0,0,0
428,11,1,2,10.2566,2766.45
885,11,1,2,10.2185,2570.15
2012,11,1,2,10.2127,2542.55
2155,11,1,2,10.1914,2432.62
882,11,1,2,10.188,2415.43
880,11,1,2,10.1717,2330.68
824,11,1,2,10.1532,2231.72
398,12,0,0,12.0135,268.603,0.1055,460.159,0.2,1
410,12,0,0,12.0133,267.395
1986,12,0,0,11.9895,149.487
427,12,0,0,11.9658,29.0576
1987,12,0,0,11.96,0
295,12,0,1,12.3757,2052.68,0.113833,496.507,0.26,2
338,12,0,1,12.3618,1976
339,12,0,1,12.3564,1939
342,12,0,1,12.335,1828.4
343,12,0,1,12.3216,1761.19
344,12,0,1,12.3007,1652.78
350,12,0,1,12.2837,1565.74
1981,12,0,1,12.257,1429.18
351,12,0,1,12.2435,1361.86
1982,12,0,1,12.2344,1313.1
1983,12,0,1,12.2102,1190.04
1984,12,0,1,12.1791,1036.04
1985,12,0,1,12.1569,925.759
1986,12,0,1,12.1492,873.377
410,12,0,1,12.1193,729.971
398,12,0,1,12.119,728.762
819,12,0,2,12.5848,3079.65,0.0838333,365.656,0.48,3
818,12,0,2,12.5727,3011.34
817,12,0,2,12.5633,2959.2
780,12,0,2,12.5479,2870.53
778,12,0,2,12.5292,2766.37
2148,12,0,2,12.5287,2763.5
312,12,0,2,12.5286,2763.12
313,12,0,2,12.5216,2724.36
306,12,0,2,12.5074,2648.58
297,12,0,2,12.5007,2611.58
295,12,0,2,12.4895,2549.19
1987,12,0,3,12.8771,4531.58,0,0,0
427,12,0,3,12.8716,4503.99
1986,12,0,3,12.847,4379.78
883,12,0,3,12.8152,4215.72
882,12,0,3,12.8021,4146.21
880,12,0,3,12.7864,4064.25
824,12,0,3,12.7703,3975.68
823,12,0,3,12.7552,3898.37
822,12,0,3,12.7496,3869.09
2153,12,0,3,12.7272,3751.08
821,12,0,3,12.7169,3697.04
2008,12,0,3,12.7084,3654.25
2152,12,0,3,12.7016,3617.3
820,12,0,3,12.6856,3533.83
819,12,0,3,12.6687,3445.3
330,12,1,0,9.91343,816.882,0.0556667,242.801,0.26,1
336,12,1,0,9.8918,705.066
388,12,1,0,9.86368,553.686
397,12,1,0,9.83399,390.517
399,12,1,0,9.81898,307.377
411,12,1,0,9.80399,225.644
412,12,1,0,9.80107,206.421
414,12,1,0,9.7863,132.251
427,12,1,0,9.76579,29.0576
1987,12,1,0,9.76,0
824,12,1,1,10.1502,2044.17,0.043,187.553,0.1,2
823,12,1,1,10.1374,1976.76
822,12,1,1,10.1314,1945.48
2153,12,1,1,10.1104,1833.58
821,12,1,1,10.0985,1772.63
2008,12,1,1,10.09,1729.84
812,12,1,1,10.0684,1616.81
807,12,1,1,10.0683,1616.02
356,12,1,1,10.0538,1538.36
1981,12,1,1,10.0415,1454.85
345,12,1,1,10.0221,1354.39
341,12,1,1,10.0099,1292.27
2132,12,1,1,10.0096,1290.24
328,12,1,1,9.99393,1196.3
2115,12,1,1,9.98386,1142.95
330,12,1,1,9.9691,1059.68
1987,12,1,2,10.3016,2791.82,0,0,0
428,12,1,2,10.2966,2766.45
885,12,1,2,10.2585,2570.15
2012,12,1,2,10.2527,2542.55
2155,12,1,2,10.2314,2432.62
882,12,1,2,10.228,2415.43
880,12,1,2,10.2117,2330.68
824,12,1,2,10.1932,2231.72
