Node, Individual, Route,Segment, Travel time, Travel cost, Attention time, Attention cost, Failure rate, Demand
1307,0,0,0,15.0255,554.042,0.0428333,186.826,0.28,1
1303,0,0,0,15.0145,496.053
2021,0,0,0,14.9762,306.727
1791,0,0,0,14.9683,267.142
939,0,0,0,14.9515,182.874
940,0,0,0,14.9468,151.022
934,0,0,0,14.9273,42.0448
933,0,0,0,14.9206,2.93996
936,0,0,0,14.92,0
1336,0,0,1,15.1693,1263.92,0.0595,259.521,0.34,2
1792,0,0,1,15.1633,1232.8
1334,0,0,1,15.1538,1186.27
1335,0,0,1,15.1432,1136.04
1341,0,0,1,15.1353,1092.01
1315,0,0,1,15.1177,995.332
1314,0,0,1,15.102,911.668
1309,0,0,1,15.1014,908.797
1308,0,0,1,15.0816,808.959
1307,0,0,1,15.0684,740.869
999,0,0,2,15.4193,2503.53,0.0515,224.627,0.17,3
1002,0,0,2,15.4124,2466.7
1031,0,0,2,15.3982,2395.75
2031,0,0,2,15.3908,2358.75
2032,0,0,2,15.3904,2356.93
1053,0,0,2,15.3827,2318.47
1784,0,0,2,15.3795,2301.77
1066,0,0,2,15.3704,2254.95
1070,0,0,2,15.3598,2198.39
1849,0,0,2,15.3491,2144.14
1108,0,0,2,15.3378,2086.26
1107,0,0,2,15.3243,2016.15
2040,0,0,2,15.3136,1959.09
1783,0,0,2,15.2975,1875.04
1153,0,0,2,15.2903,1838.82
1154,0,0,2,15.2798,1782.55
1324,0,0,2,15.2747,1756.63
1325,0,0,2,15.2637,1702.32
2073,0,0,2,15.256,1664.53
1336,0,0,2,15.2288,1523.44
436,0,0,3,15.5803,3296.28,0.077,335.851,0.12,4
425,0,0,3,15.5738,3261.57
426,0,0,3,15.5692,3238.26
424,0,0,3,15.5673,3225.38
613,0,0,3,15.5626,3198.86
611,0,0,3,15.5576,3166.62
619,0,0,3,15.5397,3074.45
618,0,0,3,15.5373,3062.61
615,0,0,3,15.5358,3050.83
617,0,0,3,15.5323,3033.28
616,0,0,3,15.5247,2995.31
676,0,0,3,15.5185,2964.25
674,0,0,3,15.5074,2910.2
675,0,0,3,15.5009,2877.13
962,0,0,3,15.4884,2819.34
961,0,0,3,15.4836,2793.06
999,0,0,3,15.4708,2728.16
884,0,0,4,15.7967,4334.48,0.0453333,197.73,0.06,5
1987,0,0,4,15.7613,4153.1
428,0,0,4,15.7563,4127.73
429,0,0,4,15.7343,4017.4
1988,0,0,4,15.71,3891.37
430,0,0,4,15.7064,3873.19
1989,0,0,4,15.6975,3832.45
432,0,0,4,15.6925,3807.66
435,0,0,4,15.6872,3781.07
431,0,0,4,15.6804,3747.02
439,0,0,4,15.6662,3675.59
436,0,0,4,15.6573,3632.13
936,0,0,5,15.9666,5183.24,0,0,0
1737,0,0,5,15.9555,5121.97
917,0,0,5,15.942,5052.45
916,0,0,5,15.9419,5051.54
906,0,0,5,15.9186,4929.48
889,0,0,5,15.9061,4866.09
888,0,0,5,15.8861,4759.15
887,0,0,5,15.8694,4669.42
2012,0,0,5,15.8468,4556.38
884,0,0,5,15.8421,4532.22
1307,1,0,0,14.3755,554.042,0.0546667,238.44,0.3,1
1303,1,0,0,14.3645,496.053
2021,1,0,0,14.3262,306.727
1791,1,0,0,14.3183,267.142
939,1,0,0,14.3015,182.874
940,1,0,0,14.2968,151.022
934,1,0,0,14.2773,42.0448
933,1,0,0,14.2706,2.93996
936,1,0,0,14.27,0
1336,1,0,1,14.5411,1357.19,0.0633333,276.241,0.28,2
1792,1,0,1,14.5328,1316.37
1334,1,0,1,14.523,1268.49
1335,1,0,1,14.5124,1218.26
1341,1,0,1,14.5038,1171.29
1315,1,0,1,14.4864,1075.52
1314,1,0,1,14.4663,973.405
1309,1,0,1,14.4657,970.535
1308,1,0,1,14.4494,885.27
1307,1,0,1,14.4302,792.482
999,1,0,2,14.8002,2633.05,0.0648333,282.783,0.16,3
1002,1,0,2,14.7961,2604.98
1031,1,0,2,14.7832,2539.71
2031,1,0,2,14.7759,2502.72
2032,1,0,2,14.7755,2500.89
1053,1,0,2,14.7679,2463
1784,1,0,2,14.7645,2445.25
1069,1,0,2,14.7434,2339.45
1848,1,0,2,14.7376,2305.2
1109,1,0,2,14.7288,2257.6
1113,1,0,2,14.7217,2222.36
2036,1,0,2,14.7142,2185.46
1112,1,0,2,14.7106,2166.62
2041,1,0,2,14.6968,2098.35
2042,1,0,2,14.6834,2030.26
1564,1,0,2,14.6721,1974.64
2107,1,0,2,14.662,1924.73
1145,1,0,2,14.6552,1892.06
2053,1,0,2,14.6422,1825.07
2073,1,0,2,14.6346,1786.93
1336,1,0,2,14.6044,1633.44
436,1,0,3,14.9844,3523.09,0.038,165.745,0.13,4
425,1,0,3,14.9779,3488.71
426,1,0,3,14.9729,3463.16
424,1,0,3,14.9708,3450.15
613,1,0,3,14.9632,3411.22
611,1,0,3,14.9574,3377.78
619,1,0,3,14.9395,3285.62
618,1,0,3,14.9371,3273.85
615,1,0,3,14.9356,3262.06
617,1,0,3,14.9321,3244.51
616,1,0,3,14.9255,3210.58
676,1,0,3,14.9193,3179.52
674,1,0,3,14.9044,3109.87
675,1,0,3,14.8978,3076.79
962,1,0,3,14.8892,3034.7
961,1,0,3,14.8819,2997.65
999,1,0,3,14.865,2915.84
884,1,0,4,15.1618,4391.19,0.0453333,197.73,0.06,5
1987,1,0,4,15.1264,4209.8
428,1,0,4,15.1214,4184.43
429,1,0,4,15.0994,4074.1
1988,1,0,4,15.075,3948.08
430,1,0,4,15.0715,3929.9
1989,1,0,4,15.0626,3889.15
432,1,0,4,15.0576,3864.36
435,1,0,4,15.0523,3837.77
431,1,0,4,15.0454,3803.72
439,1,0,4,15.0313,3732.3
436,1,0,4,15.0224,3688.83
936,1,0,5,15.3317,5239.94,0,0,0
1737,1,0,5,15.3206,5178.68
917,1,0,5,15.3071,5109.15
916,1,0,5,15.3069,5108.24
906,1,0,5,15.2836,4986.19
889,1,0,5,15.2711,4922.79
888,1,0,5,15.2512,4815.85
887,1,0,5,15.2344,4726.13
2012,1,0,5,15.2119,4613.09
884,1,0,5,15.2071,4588.92
1307,2,0,0,13.8417,580.427,0.0495,215.904,0.34,1
1303,2,0,0,13.8269,506.554
2021,2,0,0,13.7952,344.641
1791,2,0,0,13.7859,299.315
939,2,0,0,13.7727,230.444
940,2,0,0,13.768,198.593
934,2,0,0,13.7409,56.8666
933,2,0,0,13.7306,2.93996
936,2,0,0,13.73,0
1336,2,0,1,13.992,1319.25,0.0515,224.627,0.24,2
1792,2,0,1,13.9858,1286.83
1334,2,0,1,13.9778,1246.39
1335,2,0,1,13.9671,1196.16
1341,2,0,1,13.9596,1153.46
1315,2,0,1,13.9394,1045.7
1314,2,0,1,13.9225,956.845
1309,2,0,1,13.9219,953.975
1308,2,0,1,13.9078,878.201
1307,2,0,1,13.8912,796.332
999,2,0,2,14.2393,2543.49,0.0648333,282.783,0.16,3
1002,2,0,2,14.2352,2515.42
1031,2,0,2,14.2223,2450.15
2031,2,0,2,14.215,2413.15
2032,2,0,2,14.2146,2411.33
1053,2,0,2,14.207,2373.44
1784,2,0,2,14.2036,2355.69
1069,2,0,2,14.1826,2249.89
1848,2,0,2,14.1767,2215.63
1109,2,0,2,14.1679,2168.04
1113,2,0,2,14.1608,2132.79
2036,2,0,2,14.1533,2095.89
1112,2,0,2,14.1497,2077.06
2041,2,0,2,14.1359,2008.79
2042,2,0,2,14.1226,1940.7
1564,2,0,2,14.1112,1885.08
2107,2,0,2,14.1011,1835.17
1145,2,0,2,14.0943,1802.49
2053,2,0,2,14.0813,1735.5
2073,2,0,2,14.0737,1697.36
1336,2,0,2,14.0435,1543.87
436,2,0,3,14.4235,3433.53,0.038,165.745,0.13,4
425,2,0,3,14.417,3399.14
426,2,0,3,14.412,3373.6
424,2,0,3,14.4099,3360.59
613,2,0,3,14.4023,3321.66
611,2,0,3,14.3965,3288.22
619,2,0,3,14.3786,3196.05
618,2,0,3,14.3762,3184.29
615,2,0,3,14.3747,3172.5
617,2,0,3,14.3712,3154.95
616,2,0,3,14.3646,3121.02
676,2,0,3,14.3584,3089.96
674,2,0,3,14.3435,3020.31
675,2,0,3,14.3369,2987.23
962,2,0,3,14.3283,2945.14
961,2,0,3,14.321,2908.09
999,2,0,3,14.3042,2826.27
884,2,0,4,14.6157,4363.53,0.0611667,266.791,0.05,5
1987,2,0,4,14.5727,4150.53
428,2,0,4,14.5677,4125.17
429,2,0,4,14.5409,3995.16
1988,2,0,4,14.5124,3851.54
430,2,0,4,14.509,3834.28
1989,2,0,4,14.504,3809.19
432,2,0,4,14.4978,3779.12
435,2,0,4,14.4924,3752.53
431,2,0,4,14.4856,3718.73
439,2,0,4,14.4692,3637.64
436,2,0,4,14.4615,3599.27
936,2,0,5,14.8148,5337.56,0,0,0
1737,2,0,5,14.8026,5271.42
917,2,0,5,14.788,5197.25
916,2,0,5,14.7878,5196.34
906,2,0,5,14.7584,5048.42
889,2,0,5,14.7478,4993.18
888,2,0,5,14.7203,4854.56
887,2,0,5,14.7059,4774.73
2012,2,0,5,14.6813,4653.34
884,2,0,5,14.6769,4630.32
884,3,0,0,14.3883,938.52,0.0611667,266.791,0.05,1
883,3,0,0,14.3559,777.951
882,3,0,0,14.3427,708.309
2155,3,0,0,14.3392,690.597
901,3,0,0,14.3078,524.626
902,3,0,0,14.2949,454.953
904,3,0,0,14.2818,384.906
925,3,0,0,14.2603,265.332
2019,3,0,0,14.2551,239.037
929,3,0,0,14.2547,237.053
930,3,0,0,14.2344,130.978
931,3,0,0,14.2292,102.033
932,3,0,0,14.215,25.8242
933,3,0,0,14.2106,2.93996
936,3,0,0,14.21,0
436,3,0,1,14.568,1816.23,0.038,165.745,0.13,2
425,3,0,1,14.5615,1781.85
420,3,0,1,14.547,1709.7
421,3,0,1,14.543,1682.88
417,3,0,1,14.5389,1660.21
1989,3,0,1,14.521,1568.29
2011,3,0,1,14.5008,1464.73
2156,3,0,1,14.4951,1435.43
2013,3,0,1,14.4944,1432.28
886,3,0,1,14.4841,1380.66
885,3,0,1,14.4597,1255.93
2012,3,0,1,14.454,1228.33
884,3,0,1,14.4495,1205.31
999,3,0,2,14.7031,2469.37,0.0648333,282.783,0.16,3
961,3,0,2,14.6849,2381.87
962,3,0,2,14.6772,2343.18
675,3,0,2,14.6674,2296.4
674,3,0,2,14.6625,2270.37
676,3,0,2,14.6585,2243.04
616,3,0,2,14.6519,2210.39
606,3,0,2,14.6318,2111.68
610,3,0,2,14.6201,2054.36
436,3,0,2,14.606,1981.97
1336,3,0,3,14.958,3741.42,0.0633333,276.241,0.28,4
1792,3,0,3,14.9497,3700.6
1334,3,0,3,14.9399,3652.71
1325,3,0,3,14.9153,3525.25
1156,3,0,3,14.9078,3488.14
1155,3,0,3,14.8962,3427.72
2052,3,0,3,14.8912,3401.84
1782,3,0,3,14.8848,3369.23
2043,3,0,3,14.8762,3310.49
1111,3,0,3,14.8661,3256.31
1110,3,0,3,14.8602,3226.45
1113,3,0,3,14.846,3153.17
1847,3,0,3,14.8373,3105.9
1068,3,0,3,14.8267,3051.77
1785,3,0,3,14.8218,3026.31
1053,3,0,3,14.805,2938.88
2032,3,0,3,14.7956,2893.36
2031,3,0,3,14.7952,2891.54
1031,3,0,3,14.7871,2851.24
1002,3,0,3,14.7742,2785.93
999,3,0,3,14.768,2752.15
1307,3,0,4,15.1332,4587.33,0.0428333,186.826,0.28,5
1308,3,0,4,15.119,4515.06
1309,3,0,4,15.0995,4416.83
1314,3,0,4,15.099,4413.96
1315,3,0,4,15.0786,4310.56
1341,3,0,4,15.0591,4205.84
1342,3,0,4,15.0505,4163.11
1334,3,0,4,15.0395,4106.38
1792,3,0,4,15.0271,4047.85
1336,3,0,4,15.0213,4017.66
936,3,0,5,15.2851,5346.52,0,0,0
933,3,0,5,15.2845,5343.58
934,3,0,5,15.279,5305.93
935,3,0,5,15.2785,5303.32
2020,3,0,5,15.2674,5246.35
943,3,0,5,15.2666,5242.41
942,3,0,5,15.2587,5201.34
941,3,0,5,15.2472,5143.19
1790,3,0,5,15.2343,5076.02
2022,3,0,5,15.2238,5025.13
2021,3,0,5,15.2136,4971.44
1303,3,0,5,15.1918,4851.73
1307,3,0,5,15.176,4774.15
1336,4,0,0,12.8479,764.587,0.0533333,232.624,0.21,1
1792,4,0,0,12.8404,727.242
1334,4,0,0,12.8331,689.424
1335,4,0,0,12.8224,639.192
1333,4,0,0,12.8,524.133
2163,4,0,0,12.7733,383.309
2023,4,0,0,12.7473,241.926
1787,4,0,0,12.7397,202.721
1788,4,0,0,12.7389,199.018
943,4,0,0,12.7195,103.973
934,4,0,0,12.7093,49.9245
933,4,0,0,12.7006,2.93996
936,4,0,0,12.7,0
1307,4,0,1,13.0096,1551.85,0.0495,215.904,0.34,2
1308,4,0,1,12.998,1490.8
1309,4,0,1,12.9805,1400.7
1314,4,0,1,12.98,1397.83
1315,4,0,1,12.967,1325.89
1341,4,0,1,12.9426,1200.6
1342,4,0,1,12.934,1157.87
1334,4,0,1,12.9218,1095.73
1792,4,0,1,12.9093,1037.19
1336,4,0,1,12.9012,997.211
884,4,0,2,13.2694,2884.57,0.0738333,322.039,0.04,3
883,4,0,2,13.2421,2745.5
882,4,0,2,13.2306,2683.23
2155,4,0,2,13.2273,2666.51
901,4,0,2,13.2004,2519.33
902,4,0,2,13.1874,2449.78
904,4,0,2,13.1742,2378.8
925,4,0,2,13.1507,2250.91
2019,4,0,2,13.1453,2223.64
929,4,0,2,13.1449,2221.66
938,4,0,2,13.1329,2155.81
950,4,0,2,13.1194,2085.25
951,4,0,2,13.1124,2049.53
949,4,0,2,13.1014,1993.05
1302,4,0,2,13.0824,1886.33
1307,4,0,2,13.0591,1767.76
436,4,0,3,13.4589,3805.83,0.0588333,256.613,0.14,4
425,4,0,3,13.4514,3767.02
420,4,0,3,13.4357,3689.85
421,4,0,3,13.4317,3663.07
417,4,0,3,13.4272,3638.59
1989,4,0,3,13.4106,3552.18
2011,4,0,3,13.3929,3458.99
2156,4,0,3,13.3876,3431.66
2013,4,0,3,13.3869,3428.51
886,4,0,3,13.375,3370.33
885,4,0,3,13.3531,3256.21
2012,4,0,3,13.3474,3228.61
884,4,0,3,13.3432,3206.6
999,4,0,4,13.6108,4528.39,0.056,244.255,0.15,5
961,4,0,4,13.5951,4451.32
962,4,0,4,13.5874,4412.62
675,4,0,4,13.5763,4360.51
674,4,0,4,13.5701,4329.15
669,4,0,4,13.5536,4245.23
673,4,0,4,13.5441,4196.46
438,4,0,4,13.5385,4168.77
437,4,0,4,13.5288,4119.57
439,4,0,4,13.5249,4098.71
436,4,0,4,13.5178,4062.44
936,4,0,5,13.7888,5401.61,0,0,0
1737,4,0,5,13.7773,5338.38
917,4,0,5,13.7605,5255.15
916,4,0,5,13.7603,5254.24
919,4,0,5,13.7546,5215.15
2017,4,0,5,13.7545,5214.98
2014,4,0,5,13.7535,5209.96
2015,4,0,5,13.7454,5169.25
910,4,0,5,13.7453,5168.76
909,4,0,5,13.737,5126.62
1051,4,0,5,13.7271,5076.46
1025,4,0,5,13.7149,5015.16
1029,4,0,5,13.701,4945.8
1026,4,0,5,13.6904,4893.76
998,4,0,5,13.6859,4870.63
999,4,0,5,13.6668,4772.65
884,5,0,0,13.3834,917.424,0.0738333,322.039,0.04,1
883,5,0,0,13.3561,778.363
882,5,0,0,13.3446,716.093
2155,5,0,0,13.3414,699.368
901,5,0,0,13.3144,552.187
902,5,0,0,13.3015,482.635
904,5,0,0,13.2882,411.663
925,5,0,0,13.2648,283.766
2019,5,0,0,13.2594,256.499
929,5,0,0,13.259,254.516
930,5,0,0,13.242,162.739
931,5,0,0,13.23,105.498
932,5,0,0,13.2161,30.6376
933,5,0,0,13.2106,2.93996
936,5,0,0,13.21,0
436,5,0,1,13.573,1838.69,0.0588333,256.613,0.14,2
425,5,0,1,13.5654,1799.87
420,5,0,1,13.5497,1722.71
421,5,0,1,13.5457,1695.93
417,5,0,1,13.5412,1671.45
1989,5,0,1,13.5247,1585.04
2011,5,0,1,13.5069,1491.85
2156,5,0,1,13.5017,1464.52
2013,5,0,1,13.501,1461.37
886,5,0,1,13.4891,1403.19
885,5,0,1,13.4672,1289.07
2012,5,0,1,13.4615,1261.47
884,5,0,1,13.4573,1239.46
999,5,0,2,13.7248,2561.25,0.056,244.255,0.15,3
961,5,0,2,13.7092,2484.18
962,5,0,2,13.7014,2445.48
675,5,0,2,13.6903,2393.37
674,5,0,2,13.6842,2362
669,5,0,2,13.6677,2278.09
673,5,0,2,13.6581,2229.32
438,5,0,2,13.6526,2201.63
437,5,0,2,13.6429,2152.43
439,5,0,2,13.639,2131.57
436,5,0,2,13.6318,2095.3
1336,5,0,3,13.9933,3875.04,0.0515,224.627,0.24,4
1792,5,0,3,13.987,3842.63
1334,5,0,3,13.979,3802.19
1325,5,0,3,13.9518,3663.75
1156,5,0,3,13.9427,3620.04
1155,5,0,3,13.9297,3553.72
2052,5,0,3,13.9244,3526.72
1782,5,0,3,13.9178,3492.98
2043,5,0,3,13.9048,3422.45
1111,5,0,3,13.8899,3348.01
1109,5,0,3,13.8725,3261.56
1848,5,0,3,13.8524,3167.05
1069,5,0,3,13.8445,3124.51
1784,5,0,3,13.8273,3035.04
1053,5,0,3,13.8234,3015.22
2032,5,0,3,13.813,2965.69
2031,5,0,3,13.8126,2963.86
1031,5,0,3,13.8027,2916.46
1002,5,0,3,13.7885,2845.73
999,5,0,3,13.7808,2805.51
1307,5,0,4,14.1736,4738.18,0.0546667,238.44,0.3,5
1308,5,0,4,14.1624,4678.61
1309,5,0,4,14.1441,4585.25
1314,5,0,4,14.1435,4582.38
1315,5,0,4,14.1054,4406.68
1341,5,0,4,14.0853,4299.2
1342,5,0,4,14.0767,4256.47
1334,5,0,4,14.0659,4200.59
1792,5,0,4,14.0535,4142.05
1336,5,0,4,14.0448,4099.67
936,5,0,5,14.3493,5599.34,0,0,0
933,5,0,5,14.3487,5596.4
934,5,0,5,14.3431,5558.75
935,5,0,5,14.3426,5556.14
2020,5,0,5,14.3316,5499.17
943,5,0,5,14.3307,5495.23
942,5,0,5,14.3233,5456.1
941,5,0,5,14.3114,5396.54
1790,5,0,5,14.295,5314.41
2022,5,0,5,14.2845,5263.51
2021,5,0,5,14.27,5192.08
1303,5,0,5,14.2373,5025.93
1307,5,0,5,14.2283,4976.62
1336,6,0,0,13.9845,750.638,0.0515,224.627,0.24,1
1792,6,0,0,13.9782,718.22
1334,6,0,0,13.9702,677.786
1335,6,0,0,13.9596,627.554
1333,6,0,0,13.9425,535.212
2163,6,0,0,13.9142,387.56
2023,6,0,0,13.8845,230.349
1787,6,0,0,13.8764,189.064
1788,6,0,0,13.8756,185.36
943,6,0,0,13.8597,104.713
934,6,0,0,13.8509,56.8666
933,6,0,0,13.8406,2.93996
936,6,0,0,13.84,0
999,6,0,1,14.2318,1974.88,0.0648333,282.783,0.16,2
1002,6,0,1,14.2277,1946.81
1031,6,0,1,14.2148,1881.54
2031,6,0,1,14.2074,1844.55
2032,6,0,1,14.207,1842.72
1053,6,0,1,14.1994,1804.83
1784,6,0,1,14.196,1787.08
1069,6,0,1,14.175,1681.28
1848,6,0,1,14.1692,1647.03
1109,6,0,1,14.1604,1599.43
1113,6,0,1,14.1533,1564.19
2036,6,0,1,14.1458,1527.29
1112,6,0,1,14.1421,1508.45
2041,6,0,1,14.1284,1440.18
2042,6,0,1,14.115,1372.09
1564,6,0,1,14.1037,1316.47
2107,6,0,1,14.0935,1266.56
1145,6,0,1,14.0868,1233.89
2053,6,0,1,14.0737,1166.9
2073,6,0,1,14.0662,1128.76
1336,6,0,1,14.036,975.265
436,6,0,2,14.416,2864.92,0.038,165.745,0.13,3
425,6,0,2,14.4095,2830.54
426,6,0,2,14.4044,2804.99
424,6,0,2,14.4024,2791.98
613,6,0,2,14.3948,2753.05
611,6,0,2,14.3889,2719.61
619,6,0,2,14.371,2627.45
618,6,0,2,14.3687,2615.68
615,6,0,2,14.3672,2603.89
617,6,0,2,14.3637,2586.34
616,6,0,2,14.3571,2552.41
676,6,0,2,14.3509,2521.35
674,6,0,2,14.336,2451.7
675,6,0,2,14.3294,2418.62
962,6,0,2,14.3208,2376.53
961,6,0,2,14.3134,2339.48
999,6,0,2,14.2966,2257.67
884,6,0,3,14.6081,3794.92,0.0611667,266.791,0.05,4
1987,6,0,3,14.5652,3581.93
428,6,0,3,14.5601,3556.56
429,6,0,3,14.5334,3426.55
1988,6,0,3,14.5048,3282.93
430,6,0,3,14.5015,3265.67
1989,6,0,3,14.4964,3240.59
432,6,0,3,14.4902,3210.51
435,6,0,3,14.4849,3183.92
431,6,0,3,14.4781,3150.12
439,6,0,3,14.4616,3069.03
436,6,0,3,14.454,3030.67
936,6,0,4,14.8072,4768.95,0,0,0
1737,6,0,4,14.795,4702.81
917,6,0,4,14.7804,4628.64
916,6,0,4,14.7803,4627.73
906,6,0,4,14.7508,4479.81
889,6,0,4,14.7402,4424.57
888,6,0,4,14.7128,4285.96
887,6,0,4,14.6984,4206.12
2012,6,0,4,14.6738,4084.73
884,6,0,4,14.6693,4061.71
1307,6,1,0,15.0555,554.042,0.0428333,186.826,0.28,1
1303,6,1,0,15.0445,496.053
2021,6,1,0,15.0062,306.727
1791,6,1,0,14.9983,267.142
939,6,1,0,14.9815,182.874
940,6,1,0,14.9768,151.022
934,6,1,0,14.9573,42.0448
933,6,1,0,14.9506,2.93996
936,6,1,0,14.95,0
936,6,1,1,15.2075,1313.23,0,0,0
933,6,1,1,15.2069,1310.29
934,6,1,1,15.2014,1272.64
935,6,1,1,15.2008,1270.04
2020,6,1,1,15.1898,1213.06
943,6,1,1,15.1889,1209.13
942,6,1,1,15.1811,1168.06
941,6,1,1,15.1695,1109.91
1790,6,1,1,15.1567,1042.74
2022,6,1,1,15.1462,991.844
2021,6,1,1,15.1359,938.155
1303,6,1,1,15.1141,818.443
1307,6,1,1,15.0984,740.869
884,7,0,0,12.1893,985.1,0.115333,503.049,0.04,1
883,7,0,0,12.16,837.705
882,7,0,0,12.1469,768.2
2155,7,0,0,12.1436,751.641
901,7,0,0,12.108,567.326
902,7,0,0,12.0955,499.78
904,7,0,0,12.0824,429.227
925,7,0,0,12.0588,300.744
2019,7,0,0,12.0534,273.424
929,7,0,0,12.0529,271.441
930,7,0,0,12.0329,166.74
931,7,0,0,12.0202,106.514
932,7,0,0,12.0058,29.1229
933,7,0,0,12.0006,2.93996
936,7,0,0,12,0
436,7,0,1,12.4209,2088.05,0.0958333,417.996,0.13,2
425,7,0,1,12.4137,2050.97
420,7,0,1,12.402,1990.24
421,7,0,1,12.3974,1962.75
417,7,0,1,12.3924,1936.03
1989,7,0,1,12.374,1841.82
2011,7,0,1,12.3547,1742.11
2156,7,0,1,12.3492,1714.07
2013,7,0,1,12.3486,1710.91
886,7,0,1,12.3404,1668.31
885,7,0,1,12.3148,1538.68
2012,7,0,1,12.3091,1511.08
884,7,0,1,12.3047,1488.15
999,7,0,2,12.6226,3026,0.0941667,410.727,0.12,3
961,7,0,2,12.6101,2961.84
962,7,0,2,12.6024,2923.15
675,7,0,2,12.5937,2881.1
674,7,0,2,12.5834,2832.53
669,7,0,2,12.5623,2729.74
673,7,0,2,12.5497,2668.55
672,7,0,2,12.5413,2627.67
610,7,0,2,12.5308,2578.28
436,7,0,2,12.5167,2506.04
1336,7,0,3,12.9227,4485.3,0.0533333,232.624,0.21,4
1792,7,0,3,12.9153,4447.95
1334,7,0,3,12.9079,4410.13
1325,7,0,3,12.8807,4271.7
1156,7,0,3,12.8735,4235.68
1155,7,0,3,12.8601,4168.11
2052,7,0,3,12.8546,4140.1
1782,7,0,3,12.8478,4105.73
2043,7,0,3,12.8392,4047
1111,7,0,3,12.8264,3981.39
1109,7,0,3,12.8085,3892.99
1848,7,0,3,12.7884,3798.48
1069,7,0,3,12.7807,3756.73
1784,7,0,3,12.7645,3671.18
1053,7,0,3,12.761,3653.33
2032,7,0,3,12.7522,3610.5
2031,7,0,3,12.7518,3608.68
1031,7,0,3,12.7424,3562.86
1002,7,0,3,12.7258,3482.48
999,7,0,3,12.7168,3436.73
1307,7,0,4,13.0844,5272.56,0.0495,215.904,0.34,5
1308,7,0,4,13.0728,5211.51
1309,7,0,4,13.0553,5121.41
1314,7,0,4,13.0548,5118.54
1315,7,0,4,13.0418,5046.6
1341,7,0,4,13.0174,4921.31
1342,7,0,4,13.0088,4878.58
1334,7,0,4,12.9966,4816.44
1792,7,0,4,12.9841,4757.9
1336,7,0,4,12.976,4717.92
936,7,0,5,13.255,6111.7,0,0,0
933,7,0,5,13.2544,6108.76
934,7,0,5,13.2489,6071.11
935,7,0,5,13.2483,6068.5
2020,7,0,5,13.2373,6011.53
943,7,0,5,13.2365,6007.59
942,7,0,5,13.2279,5963.63
941,7,0,5,13.216,5903.97
1790,7,0,5,13.1989,5819.11
2022,7,0,5,13.1884,5768.21
2021,7,0,5,13.1757,5704.03
1303,7,0,5,13.1428,5537.11
1307,7,0,5,13.1339,5488.47
1336,8,0,0,12.8379,764.587,0.0533333,232.624,0.21,1
1792,8,0,0,12.8304,727.242
1334,8,0,0,12.8231,689.424
1335,8,0,0,12.8124,639.192
1333,8,0,0,12.79,524.133
2163,8,0,0,12.7633,383.309
2023,8,0,0,12.7373,241.926
1787,8,0,0,12.7297,202.721
1788,8,0,0,12.7289,199.018
943,8,0,0,12.7095,103.973
934,8,0,0,12.6993,49.9245
933,8,0,0,12.6906,2.93996
936,8,0,0,12.69,0
999,8,0,1,13.092,2014.06,0.056,244.255,0.15,2
1002,8,0,1,13.0857,1980.01
1031,8,0,1,13.0712,1908.3
2031,8,0,1,13.0639,1871.31
2032,8,0,1,13.0635,1869.48
1053,8,0,1,13.0555,1829.69
1784,8,0,1,13.0522,1812.62
1069,8,0,1,13.0321,1710.61
1848,8,0,1,13.0263,1676.41
1847,8,0,1,13.0228,1656.77
1086,8,0,1,13.0191,1636.54
2036,8,0,1,13.0045,1563.64
1112,8,0,1,13.0009,1544.8
2041,8,0,1,12.9888,1483.73
2042,8,0,1,12.9694,1390.66
1564,8,0,1,12.959,1338.8
2107,8,0,1,12.9509,1297.3
1145,8,0,1,12.9443,1265.29
2053,8,0,1,12.9288,1187.98
2073,8,0,1,12.9205,1146.92
1336,8,0,1,12.8912,997.211
436,8,0,2,13.2591,2856.62,0.0588333,256.613,0.14,3
425,8,0,2,13.2516,2817.81
426,8,0,2,13.2453,2787.07
424,8,0,2,13.243,2773.64
613,8,0,2,13.235,2733.27
611,8,0,2,13.2281,2695.38
609,8,0,2,13.2262,2677.54
628,8,0,2,13.2163,2603.53
615,8,0,2,13.2115,2575.55
617,8,0,2,13.208,2558
616,8,0,2,13.2003,2519.79
676,8,0,2,13.1942,2488.72
674,8,0,2,13.1837,2437.23
675,8,0,2,13.1771,2404.16
962,8,0,2,13.1667,2354.79
961,8,0,2,13.1613,2325.66
999,8,0,2,13.148,2258.32
884,8,0,3,13.4667,3854.6,0.0738333,322.039,0.04,4
1987,8,0,3,13.4288,3662.59
428,8,0,3,13.4238,3637.22
429,8,0,3,13.3987,3514.15
1988,8,0,3,13.3723,3379.49
430,8,0,3,13.3687,3361.32
1989,8,0,3,13.3635,3335.59
432,8,0,3,13.3593,3313.57
435,8,0,3,13.3539,3286.98
431,8,0,3,13.3467,3251.25
439,8,0,3,13.3252,3149.5
436,8,0,3,13.318,3113.24
936,8,0,4,13.673,4861,0,0,0
1737,8,0,4,13.6615,4797.77
917,8,0,4,13.6447,4714.53
916,8,0,4,13.6445,4713.63
906,8,0,4,13.6186,4580.54
889,8,0,4,13.6065,4518.62
888,8,0,4,13.5859,4409.11
887,8,0,4,13.5685,4316.43
2012,8,0,4,13.5448,4198.65
884,8,0,4,13.5406,4176.64
1307,8,1,0,15.0855,554.042,0.0428333,186.826,0.28,1
1303,8,1,0,15.0745,496.053
2021,8,1,0,15.0362,306.727
1791,8,1,0,15.0283,267.142
939,8,1,0,15.0115,182.874
940,8,1,0,15.0068,151.022
934,8,1,0,14.9873,42.0448
933,8,1,0,14.9806,2.93996
936,8,1,0,14.98,0
936,8,1,1,15.2375,1313.23,0,0,0
933,8,1,1,15.2369,1310.29
934,8,1,1,15.2314,1272.64
935,8,1,1,15.2308,1270.04
2020,8,1,1,15.2198,1213.06
943,8,1,1,15.2189,1209.13
942,8,1,1,15.2111,1168.06
941,8,1,1,15.1995,1109.91
1790,8,1,1,15.1867,1042.74
2022,8,1,1,15.1762,991.844
2021,8,1,1,15.1659,938.155
1303,8,1,1,15.1441,818.443
1307,8,1,1,15.1284,740.869
1336,9,0,0,12.6179,764.587,0.0533333,232.624,0.21,1
1792,9,0,0,12.6104,727.242
1334,9,0,0,12.6031,689.424
1335,9,0,0,12.5924,639.192
1333,9,0,0,12.57,524.133
2163,9,0,0,12.5433,383.309
2023,9,0,0,12.5173,241.926
1787,9,0,0,12.5097,202.721
1788,9,0,0,12.5089,199.018
943,9,0,0,12.4895,103.973
934,9,0,0,12.4793,49.9245
933,9,0,0,12.4706,2.93996
936,9,0,0,12.47,0
999,9,0,1,12.872,2014.06,0.0941667,410.727,0.12,2
1002,9,0,1,12.8657,1980.01
1031,9,0,1,12.8512,1908.3
2031,9,0,1,12.8439,1871.31
2032,9,0,1,12.8435,1869.48
1053,9,0,1,12.8355,1829.69
1784,9,0,1,12.8322,1812.62
1069,9,0,1,12.8121,1710.61
1848,9,0,1,12.8063,1676.41
1847,9,0,1,12.8028,1656.77
1086,9,0,1,12.7991,1636.54
2036,9,0,1,12.7845,1563.64
1112,9,0,1,12.7809,1544.8
2041,9,0,1,12.7688,1483.73
2042,9,0,1,12.7494,1390.66
1564,9,0,1,12.739,1338.8
2107,9,0,1,12.7309,1297.3
1145,9,0,1,12.7243,1265.29
2053,9,0,1,12.7088,1187.98
2073,9,0,1,12.7005,1146.92
1336,9,0,1,12.6712,997.211
436,9,0,2,13.0718,3005.31,0.0588333,256.613,0.14,3
425,9,0,2,13.0647,2968.23
426,9,0,2,13.0598,2943.28
424,9,0,2,13.0574,2929.57
613,9,0,2,13.0544,2904.59
611,9,0,2,13.0489,2871.69
609,9,0,2,13.0469,2853.9
628,9,0,2,13.037,2779.89
615,9,0,2,13.0314,2749.24
617,9,0,2,13.0279,2731.69
616,9,0,2,13.0185,2686.21
676,9,0,2,13.0124,2655.15
674,9,0,2,12.9982,2588.46
675,9,0,2,12.9916,2555.38
962,9,0,2,12.9851,2522.25
961,9,0,2,12.9772,2482.83
999,9,0,2,12.9661,2424.79
884,9,0,3,13.2794,4003.28,0.0738333,322.039,0.04,4
1987,9,0,3,13.2415,3811.28
428,9,0,3,13.2365,3785.91
429,9,0,3,13.2114,3662.84
1988,9,0,3,13.185,3528.18
430,9,0,3,13.1814,3510.01
1989,9,0,3,13.1762,3484.27
432,9,0,3,13.172,3462.26
435,9,0,3,13.1666,3435.67
431,9,0,3,13.1594,3399.93
439,9,0,3,13.1379,3298.19
436,9,0,3,13.1307,3261.92
936,9,0,4,13.4857,5009.69,0,0,0
1737,9,0,4,13.4742,4946.46
917,9,0,4,13.4574,4863.22
916,9,0,4,13.4572,4862.31
906,9,0,4,13.4313,4729.22
889,9,0,4,13.4192,4667.3
888,9,0,4,13.3986,4557.79
887,9,0,4,13.3812,4465.11
2012,9,0,4,13.3575,4347.33
884,9,0,4,13.3533,4325.32
1307,9,1,0,15.0655,554.042,0.0428333,186.826,0.28,1
1303,9,1,0,15.0545,496.053
2021,9,1,0,15.0162,306.727
1791,9,1,0,15.0083,267.142
939,9,1,0,14.9915,182.874
940,9,1,0,14.9868,151.022
934,9,1,0,14.9673,42.0448
933,9,1,0,14.9606,2.93996
936,9,1,0,14.96,0
936,9,1,1,15.2175,1313.23,0,0,0
933,9,1,1,15.2169,1310.29
934,9,1,1,15.2114,1272.64
935,9,1,1,15.2108,1270.04
2020,9,1,1,15.1998,1213.06
943,9,1,1,15.1989,1209.13
942,9,1,1,15.1911,1168.06
941,9,1,1,15.1795,1109.91
1790,9,1,1,15.1667,1042.74
2022,9,1,1,15.1562,991.844
2021,9,1,1,15.1459,938.155
1303,9,1,1,15.1241,818.443
1307,9,1,1,15.1084,740.869
1336,10,0,0,12.5379,764.587,0.0533333,232.624,0.21,1
1792,10,0,0,12.5304,727.242
1334,10,0,0,12.5231,689.424
1335,10,0,0,12.5124,639.192
1333,10,0,0,12.49,524.133
2163,10,0,0,12.4633,383.309
2023,10,0,0,12.4373,241.926
1787,10,0,0,12.4297,202.721
1788,10,0,0,12.4289,199.018
943,10,0,0,12.4095,103.973
934,10,0,0,12.3993,49.9245
933,10,0,0,12.3906,2.93996
936,10,0,0,12.39,0
999,10,0,1,12.792,2014.06,0.0941667,410.727,0.12,2
1002,10,0,1,12.7857,1980.01
1031,10,0,1,12.7712,1908.3
2031,10,0,1,12.7639,1871.31
2032,10,0,1,12.7635,1869.48
1053,10,0,1,12.7555,1829.69
1784,10,0,1,12.7522,1812.62
1069,10,0,1,12.7321,1710.61
1848,10,0,1,12.7263,1676.41
1847,10,0,1,12.7228,1656.77
1086,10,0,1,12.7191,1636.54
2036,10,0,1,12.7045,1563.64
1112,10,0,1,12.7009,1544.8
2041,10,0,1,12.6888,1483.73
2042,10,0,1,12.6694,1390.66
1564,10,0,1,12.659,1338.8
2107,10,0,1,12.6509,1297.3
1145,10,0,1,12.6443,1265.29
2053,10,0,1,12.6288,1187.98
2073,10,0,1,12.6205,1146.92
1336,10,0,1,12.5912,997.211
436,10,0,2,12.9918,3005.31,0.0958333,417.996,0.13,3
425,10,0,2,12.9847,2968.23
426,10,0,2,12.9798,2943.28
424,10,0,2,12.9774,2929.57
613,10,0,2,12.9744,2904.59
611,10,0,2,12.9689,2871.69
609,10,0,2,12.9669,2853.9
628,10,0,2,12.957,2779.89
615,10,0,2,12.9514,2749.24
617,10,0,2,12.9479,2731.69
616,10,0,2,12.9385,2686.21
676,10,0,2,12.9324,2655.15
674,10,0,2,12.9182,2588.46
675,10,0,2,12.9116,2555.38
962,10,0,2,12.9051,2522.25
961,10,0,2,12.8972,2482.83
999,10,0,2,12.8861,2424.79
884,10,0,3,13.2365,4164.67,0.0738333,322.039,0.04,4
1987,10,0,3,13.1985,3972.66
428,10,0,3,13.1935,3947.29
429,10,0,3,13.1684,3824.22
1988,10,0,3,13.142,3689.56
430,10,0,3,13.1384,3671.39
1989,10,0,3,13.1332,3645.65
432,10,0,3,13.129,3623.64
435,10,0,3,13.1236,3597.05
431,10,0,3,13.1164,3561.32
439,10,0,3,13.0949,3459.57
436,10,0,3,13.0877,3423.3
936,10,0,4,13.4427,5171.07,0,0,0
1737,10,0,4,13.4312,5107.84
917,10,0,4,13.4144,5024.6
916,10,0,4,13.4142,5023.69
906,10,0,4,13.3883,4890.6
889,10,0,4,13.3762,4828.69
888,10,0,4,13.3556,4719.17
887,10,0,4,13.3382,4626.5
2012,10,0,4,13.3145,4508.71
884,10,0,4,13.3103,4486.71
1307,10,1,0,15.0355,554.042,0.0428333,186.826,0.28,1
1303,10,1,0,15.0245,496.053
2021,10,1,0,14.9862,306.727
1791,10,1,0,14.9783,267.142
939,10,1,0,14.9615,182.874
940,10,1,0,14.9568,151.022
934,10,1,0,14.9373,42.0448
933,10,1,0,14.9306,2.93996
936,10,1,0,14.93,0
936,10,1,1,15.1875,1313.23,0,0,0
933,10,1,1,15.1869,1310.29
934,10,1,1,15.1814,1272.64
935,10,1,1,15.1808,1270.04
2020,10,1,1,15.1698,1213.06
943,10,1,1,15.1689,1209.13
942,10,1,1,15.1611,1168.06
941,10,1,1,15.1495,1109.91
1790,10,1,1,15.1367,1042.74
2022,10,1,1,15.1262,991.844
2021,10,1,1,15.1159,938.155
1303,10,1,1,15.0941,818.443
1307,10,1,1,15.0784,740.869
1336,11,0,0,12.5379,764.587,0.0533333,232.624,0.21,1
1792,11,0,0,12.5304,727.242
1334,11,0,0,12.5231,689.424
1335,11,0,0,12.5124,639.192
1333,11,0,0,12.49,524.133
2163,11,0,0,12.4633,383.309
2023,11,0,0,12.4373,241.926
1787,11,0,0,12.4297,202.721
1788,11,0,0,12.4289,199.018
943,11,0,0,12.4095,103.973
934,11,0,0,12.3993,49.9245
933,11,0,0,12.3906,2.93996
936,11,0,0,12.39,0
999,11,0,1,12.792,2014.06,0.0941667,410.727,0.12,2
1002,11,0,1,12.7857,1980.01
1031,11,0,1,12.7712,1908.3
2031,11,0,1,12.7639,1871.31
2032,11,0,1,12.7635,1869.48
1053,11,0,1,12.7555,1829.69
1784,11,0,1,12.7522,1812.62
1069,11,0,1,12.7321,1710.61
1848,11,0,1,12.7263,1676.41
1847,11,0,1,12.7228,1656.77
1086,11,0,1,12.7191,1636.54
2036,11,0,1,12.7045,1563.64
1112,11,0,1,12.7009,1544.8
2041,11,0,1,12.6888,1483.73
2042,11,0,1,12.6694,1390.66
1564,11,0,1,12.659,1338.8
2107,11,0,1,12.6509,1297.3
1145,11,0,1,12.6443,1265.29
2053,11,0,1,12.6288,1187.98
2073,11,0,1,12.6205,1146.92
1336,11,0,1,12.5912,997.211
884,11,0,2,13.0861,3449.6,0.0738333,322.039,0.04,3
883,11,0,2,13.0568,3302.21
882,11,0,2,13.0436,3232.7
2155,11,0,2,13.0404,3216.14
2012,11,0,2,13.0237,3126.24
885,11,0,2,13.0188,3102.14
886,11,0,2,12.9985,2994.61
2013,11,0,2,12.9911,2955.14
2156,11,0,2,12.9904,2951.98
2011,11,0,2,12.9851,2924.47
891,11,0,2,12.9632,2810.01
893,11,0,2,12.9571,2779.14
894,11,0,2,12.9519,2754.39
897,11,0,2,12.933,2661.18
1028,11,0,2,12.925,2619
1026,11,0,2,12.9135,2561.27
998,11,0,2,12.9085,2536.52
999,11,0,2,12.8861,2424.79
936,11,0,3,13.2923,4456,0,0,0
1737,11,0,3,13.2808,4392.77
917,11,0,3,13.264,4309.54
916,11,0,3,13.2639,4308.63
906,11,0,3,13.238,4175.54
889,11,0,3,13.2258,4113.62
888,11,0,3,13.2052,4004.11
887,11,0,3,13.1878,3911.43
2012,11,0,3,13.1641,3793.65
884,11,0,3,13.1599,3771.64
1307,11,1,0,15.0355,554.042,0.0428333,186.826,0.28,1
1303,11,1,0,15.0245,496.053
2021,11,1,0,14.9862,306.727
1791,11,1,0,14.9783,267.142
939,11,1,0,14.9615,182.874
940,11,1,0,14.9568,151.022
934,11,1,0,14.9373,42.0448
933,11,1,0,14.9306,2.93996
936,11,1,0,14.93,0
436,11,1,1,15.3033,1934.87,0.077,335.851,0.12,2
425,11,1,1,15.2967,1900.16
420,11,1,1,15.2856,1842.37
421,11,1,1,15.2815,1815.47
417,11,1,1,15.2773,1792.19
1989,11,1,1,15.2592,1699.52
2011,11,1,1,15.241,1604.42
2156,11,1,1,15.2363,1579.41
2013,11,1,1,15.2357,1576.26
886,11,1,1,15.225,1523.21
888,11,1,1,15.2069,1424.39
903,11,1,1,15.1978,1374.54
904,11,1,1,15.1937,1353.3
925,11,1,1,15.1704,1225.93
2019,11,1,1,15.1659,1202.53
929,11,1,1,15.1655,1200.54
938,11,1,1,15.1531,1132.9
950,11,1,1,15.1378,1054.74
951,11,1,1,15.1313,1021.01
949,11,1,1,15.1201,963.892
1302,11,1,1,15.0933,823.666
1307,11,1,1,15.0784,740.869
936,11,1,2,15.5075,2927.28,0,0,0
1737,11,1,2,15.4964,2866.02
917,11,1,2,15.4829,2796.49
916,11,1,2,15.4827,2795.59
919,11,1,2,15.477,2756.5
2017,11,1,2,15.477,2756.33
2014,11,1,2,15.476,2751.58
2015,11,1,2,15.4679,2710.87
910,11,1,2,15.4678,2710.38
909,11,1,2,15.4584,2663.7
898,11,1,2,15.4452,2597.12
897,11,1,2,15.4356,2548.74
877,11,1,2,15.4131,2437.89
878,11,1,2,15.4071,2407.18
879,11,1,2,15.3986,2363.29
437,11,1,2,15.3926,2332.96
439,11,1,2,15.3892,2314.19
436,11,1,2,15.3803,2270.72
