Node, Individual, Route,Segment, Travel time, Travel cost, Attention time, Attention cost, Failure rate, Demand
1806,0,0,0,15.1809,534.63,0.038,165.745,0.05,1
1805,0,0,0,15.1736,493.945
1553,0,0,0,15.1525,382.179
1300,0,0,0,15.1447,343.654
1299,0,0,0,15.1425,328.949
1557,0,0,0,15.1213,217.444
2024,0,0,0,15.1069,141.955
2025,0,0,0,15.0897,52.0993
1598,0,0,0,15.0849,26.7231
948,0,0,0,15.08,0
1258,0,0,1,15.344,1385.34,0.0936667,408.546,0.19,2
1260,0,0,1,15.3367,1333.24
1259,0,0,1,15.3234,1263.11
1269,0,0,1,15.3046,1164.69
1268,0,0,1,15.2997,1139.85
1279,0,0,1,15.2885,1081.26
1284,0,0,1,15.273,994.548
2069,0,0,1,15.2607,929.881
2067,0,0,1,15.2336,781.298
2068,0,0,1,15.2249,732.902
1806,0,0,1,15.2189,700.375
2012,0,0,2,15.666,2997.83,0.0538333,234.805,0.36,3
887,0,0,2,15.6488,2907.11
902,0,0,2,15.6296,2811.62
914,0,0,2,15.6239,2777.84
913,0,0,2,15.6103,2706.39
912,0,0,2,15.6068,2687.6
911,0,0,2,15.59,2595.23
835,0,0,2,15.5712,2490.94
848,0,0,2,15.5702,2486.45
843,0,0,2,15.5475,2365.41
855,0,0,2,15.52,2228.93
1856,0,0,2,15.5199,2228.22
869,0,0,2,15.5062,2158.08
868,0,0,2,15.4865,2050.95
1259,0,0,2,15.4678,1948.98
1260,0,0,2,15.4504,1861.76
1258,0,0,2,15.4377,1793.89
877,0,0,3,15.7975,3627.31,0.0345,150.479,0.13,4
870,0,0,3,15.7827,3551.78
876,0,0,3,15.7788,3532.03
875,0,0,3,15.7737,3505.82
2011,0,0,3,15.7661,3466.47
2156,0,0,3,15.7614,3441.47
2013,0,0,3,15.7607,3438.32
886,0,0,3,15.75,3385.27
885,0,0,3,15.7255,3260.23
2012,0,0,3,15.7198,3232.64
2050,0,0,4,15.9808,4544.65,0.0603333,263.156,0.11,5
2106,0,0,4,15.9738,4509.92
2039,0,0,4,15.9539,4406.65
1106,0,0,4,15.9428,4348.32
2035,0,0,4,15.9309,4284.24
1085,0,0,4,15.9169,4211.84
920,0,0,4,15.8999,4119.22
2018,0,0,4,15.8945,4092.17
2015,0,0,4,15.8867,4050.77
910,0,0,4,15.8867,4050.28
909,0,0,4,15.8772,4003.6
898,0,0,4,15.864,3937.02
897,0,0,4,15.8544,3888.64
877,0,0,4,15.832,3777.79
948,0,0,5,16.158,5414.28,0,0,0
950,0,0,5,16.1434,5334.66
951,0,0,5,16.1364,5299.08
2021,0,0,5,16.1171,5200.16
2022,0,0,5,16.1062,5143.64
952,0,0,5,16.096,5091.2
953,0,0,5,16.086,5039.43
2023,0,0,5,16.0851,5035.33
2108,0,0,5,16.0704,4957.46
1794,0,0,5,16.0643,4925.95
2106,0,0,5,16.0503,4851.78
2050,0,0,5,16.0411,4807.81
2012,1,0,0,15.4123,590.211,0.0538333,234.805,0.36,1
887,1,0,0,15.3951,499.49
902,1,0,0,15.3759,404.001
904,1,0,0,15.364,338.372
925,1,0,0,15.3406,210.994
2019,1,0,0,15.3361,187.596
929,1,0,0,15.3357,185.613
928,1,0,0,15.3147,75.8838
948,1,0,0,15.3,0
877,1,0,1,15.5438,1219.69,0.0345,150.479,0.13,2
870,1,0,1,15.529,1144.16
876,1,0,1,15.5251,1124.41
875,1,0,1,15.52,1098.2
2011,1,0,1,15.5124,1058.85
2156,1,0,1,15.5077,1033.85
2013,1,0,1,15.507,1030.7
886,1,0,1,15.4964,977.651
885,1,0,1,15.4719,852.615
2012,1,0,1,15.4662,825.016
2050,1,0,2,15.7271,2137.03,0.0603333,263.156,0.11,3
2106,1,0,2,15.7201,2102.3
2039,1,0,2,15.7002,1999.03
1106,1,0,2,15.6891,1940.7
2035,1,0,2,15.6772,1876.62
1085,1,0,2,15.6632,1804.22
920,1,0,2,15.6463,1711.61
2018,1,0,2,15.6408,1684.55
2015,1,0,2,15.6331,1643.15
910,1,0,2,15.633,1642.67
909,1,0,2,15.6235,1595.98
898,1,0,2,15.6103,1529.4
897,1,0,2,15.6007,1481.02
877,1,0,2,15.5783,1370.17
1806,1,0,3,15.9951,3476.17,0.038,165.745,0.05,4
1805,1,0,3,15.9878,3435.49
1553,1,0,3,15.9667,3323.72
1300,1,0,3,15.9589,3285.2
1299,1,0,3,15.9566,3270.49
1557,1,0,3,15.9355,3158.99
2024,1,0,3,15.9211,3083.5
2025,1,0,3,15.9039,2993.64
949,1,0,3,15.9006,2976.96
951,1,0,3,15.8908,2925.29
2021,1,0,3,15.8695,2817.74
2022,1,0,3,15.858,2758.87
952,1,0,3,15.8462,2699.96
953,1,0,3,15.8345,2641.17
2023,1,0,3,15.8337,2637.07
2108,1,0,3,15.8189,2559.07
1794,1,0,3,15.8126,2526.43
2106,1,0,3,15.7974,2447.41
2050,1,0,3,15.7874,2400.19
1258,1,0,4,16.1483,4287.19,0.0731667,319.131,0.18,5
1260,1,0,4,16.1406,4234.87
1259,1,0,4,16.1267,4162.04
1269,1,0,4,16.1084,4065.94
1268,1,0,4,16.1041,4043.81
1279,1,0,4,16.0938,3988.56
1284,1,0,4,16.0782,3901.85
2069,1,0,4,16.0681,3846.36
2067,1,0,4,16.045,3713.58
2068,1,0,4,16.0378,3669.51
1806,1,0,4,16.0331,3641.92
948,1,0,5,16.3883,5510,0,0,0
947,1,0,5,16.3761,5446.09
946,1,0,5,16.3585,5361.97
945,1,0,5,16.3338,5233.92
954,1,0,5,16.3268,5197.92
2066,1,0,5,16.2974,5037.58
869,1,0,5,16.2881,4962.54
868,1,0,5,16.2678,4852.84
1259,1,0,5,16.2503,4756.13
1260,1,0,5,16.233,4668.92
1258,1,0,5,16.2215,4606.32
1806,2,0,0,14.764,615.886,0.0731667,319.131,0,1
1805,2,0,0,14.7563,573.554
1553,2,0,0,14.7321,448.776
1300,2,0,0,14.7239,408.394
1299,2,0,0,14.7216,393.696
1600,2,0,0,14.7202,380.248
1306,2,0,0,14.7061,293.88
1301,2,0,0,14.6914,216.341
2024,2,0,0,14.6752,135.019
2025,2,0,0,14.658,45.3121
1598,2,0,0,14.655,27.1093
948,2,0,0,14.65,0
1258,2,0,1,14.9572,1598.87,0.0881667,384.556,0.18,2
1260,2,0,1,14.9496,1546.54
1267,2,0,1,14.9375,1480.6
1269,2,0,1,14.9171,1381.3
1268,2,0,1,14.9134,1362
1279,2,0,1,14.9077,1320.22
1284,2,0,1,14.8922,1233.51
2069,2,0,1,14.8786,1162.91
2067,2,0,1,14.8523,1017.99
2068,2,0,1,14.8438,970.291
1806,2,0,1,14.8371,935.017
2012,2,0,2,15.2737,3187.37,0.0538333,234.805,0.36,3
887,2,0,2,15.2564,3096.65
902,2,0,2,15.2373,3001.16
914,2,0,2,15.2316,2967.38
913,2,0,2,15.218,2895.93
912,2,0,2,15.2145,2877.14
911,2,0,2,15.1977,2784.77
835,2,0,2,15.1789,2680.47
848,2,0,2,15.1779,2675.99
843,2,0,2,15.1552,2554.95
855,2,0,2,15.1277,2418.47
1856,2,0,2,15.1275,2417.75
869,2,0,2,15.1139,2347.62
868,2,0,2,15.0942,2240.49
1259,2,0,2,15.0755,2138.52
1260,2,0,2,15.0581,2051.3
1258,2,0,2,15.0454,1983.42
877,2,0,3,15.4052,3816.85,0.0345,150.479,0.13,4
870,2,0,3,15.3904,3741.31
876,2,0,3,15.3864,3721.57
875,2,0,3,15.3814,3695.35
2011,2,0,3,15.3737,3656.01
2156,2,0,3,15.369,3631.01
2013,2,0,3,15.3684,3627.85
886,2,0,3,15.3577,3574.81
885,2,0,3,15.3332,3449.77
2012,2,0,3,15.3275,3422.17
2050,2,0,4,15.5885,4734.19,0.0603333,263.156,0.11,5
2106,2,0,4,15.5815,4699.45
2039,2,0,4,15.5616,4596.18
1106,2,0,4,15.5505,4537.86
2035,2,0,4,15.5386,4473.78
1085,2,0,4,15.5246,4401.38
920,2,0,4,15.5076,4308.76
2018,2,0,4,15.5022,4281.7
2015,2,0,4,15.4944,4240.31
910,2,0,4,15.4943,4239.82
909,2,0,4,15.4849,4193.14
898,2,0,4,15.4717,4126.56
897,2,0,4,15.4621,4078.18
877,2,0,4,15.4397,3967.33
948,2,0,5,15.7749,5630.56,0,0,0
950,2,0,5,15.7607,5552.58
1791,2,0,5,15.7339,5422.08
1790,2,0,5,15.722,5361.58
1789,2,0,5,15.7091,5298.02
1788,2,0,5,15.6955,5231.98
1787,2,0,5,15.6947,5228.27
1736,2,0,5,15.682,5164.18
1794,2,0,5,15.674,5123.59
2106,2,0,5,15.6588,5044.57
2050,2,0,5,15.6488,4997.34
2012,3,0,0,15.6623,590.211,0.0538333,234.805,0.36,1
887,3,0,0,15.6451,499.49
902,3,0,0,15.6259,404.001
904,3,0,0,15.614,338.372
925,3,0,0,15.5906,210.994
2019,3,0,0,15.5861,187.596
929,3,0,0,15.5857,185.613
928,3,0,0,15.5647,75.8838
948,3,0,0,15.55,0
877,3,0,1,15.7938,1219.69,0.0345,150.479,0.13,2
870,3,0,1,15.779,1144.16
876,3,0,1,15.7751,1124.41
875,3,0,1,15.77,1098.2
2011,3,0,1,15.7624,1058.85
2156,3,0,1,15.7577,1033.85
2013,3,0,1,15.757,1030.7
886,3,0,1,15.7464,977.651
885,3,0,1,15.7219,852.615
2012,3,0,1,15.7162,825.016
2050,3,0,2,15.9771,2137.03,0.0603333,263.156,0.11,3
2106,3,0,2,15.9701,2102.3
2039,3,0,2,15.9502,1999.03
1106,3,0,2,15.9391,1940.7
2035,3,0,2,15.9272,1876.62
1085,3,0,2,15.9132,1804.22
920,3,0,2,15.8963,1711.61
2018,3,0,2,15.8908,1684.55
2015,3,0,2,15.8831,1643.15
910,3,0,2,15.883,1642.67
909,3,0,2,15.8735,1595.98
898,3,0,2,15.8603,1529.4
897,3,0,2,15.8507,1481.02
877,3,0,2,15.8283,1370.17
948,3,0,3,16.1543,3006.66,0,0,0
950,3,0,3,16.1397,2927.04
951,3,0,3,16.1327,2891.46
2021,3,0,3,16.1134,2792.54
2022,3,0,3,16.1025,2736.02
952,3,0,3,16.0923,2683.58
953,3,0,3,16.0823,2631.81
2023,3,0,3,16.0815,2627.71
2108,3,0,3,16.0667,2549.84
1794,3,0,3,16.0606,2518.33
2106,3,0,3,16.0466,2444.16
2050,3,0,3,16.0374,2400.19
1806,3,1,0,13.2134,502.976,0.0543333,236.986,0,1
1805,3,1,0,13.2056,460.199
1553,3,1,0,13.1827,340.494
1300,3,1,0,13.1755,304.507
1299,3,1,0,13.1734,289.94
1557,3,1,0,13.157,198.891
2024,3,1,0,13.1414,118.316
2025,3,1,0,13.1296,51.4198
1598,3,1,0,13.1247,26.0378
948,3,1,0,13.12,0
1258,3,1,1,13.4084,1479.11,0.073,318.404,0.17,2
1260,3,1,1,13.3894,1384.83
1259,3,1,1,13.3755,1311.95
868,3,1,1,13.3525,1191.95
869,3,1,1,13.3342,1090.44
2066,3,1,1,13.313,980.433
1262,3,1,1,13.3018,920.36
2068,3,1,1,13.2743,774.858
1806,3,1,1,13.2678,739.961
948,3,1,2,13.6562,2730.18,0,0,0
947,3,1,2,13.644,2666.23
946,3,1,2,13.6332,2610.11
945,3,1,2,13.6065,2474.22
954,3,1,2,13.5998,2439.29
2066,3,1,2,13.5663,2261.39
869,3,1,2,13.5556,2186.3
868,3,1,2,13.5371,2084.21
1259,3,1,2,13.5122,1955.7
1260,3,1,2,13.4948,1868.48
1258,3,1,2,13.4814,1797.51
1806,4,0,0,13.0934,502.976,0.0543333,236.986,0,1
1805,4,0,0,13.0856,460.199
1553,4,0,0,13.0627,340.494
1300,4,0,0,13.0555,304.507
1299,4,0,0,13.0534,289.94
1557,4,0,0,13.037,198.891
2024,4,0,0,13.0214,118.316
2025,4,0,0,13.0096,51.4198
1598,4,0,0,13.0047,26.0378
948,4,0,0,13,0
1258,4,0,1,13.2884,1479.11,0.073,318.404,0.17,2
1260,4,0,1,13.2694,1384.83
1259,4,0,1,13.2555,1311.95
868,4,0,1,13.2325,1191.95
869,4,0,1,13.2142,1090.44
2066,4,0,1,13.193,980.433
1262,4,0,1,13.1818,920.36
2068,4,0,1,13.1543,774.858
1806,4,0,1,13.1478,739.961
2012,4,0,2,13.5895,2999.82,0.107667,469.61,0.35,3
887,4,0,2,13.5741,2916.99
902,4,0,2,13.5542,2818.2
914,4,0,2,13.5467,2777.38
913,4,0,2,13.5342,2711.07
912,4,0,2,13.5308,2692.58
911,4,0,2,13.5144,2602.06
835,4,0,2,13.4946,2493.08
848,4,0,2,13.4936,2488.59
843,4,0,2,13.4731,2377.25
855,4,0,2,13.4456,2240.77
1856,4,0,2,13.4455,2240.06
869,4,0,2,13.4356,2186.3
868,4,0,2,13.4171,2084.21
1259,4,0,2,13.3922,1955.7
1260,4,0,2,13.3748,1868.48
1258,4,0,2,13.3614,1797.51
877,4,0,3,13.7771,3873.33,0.0613333,267.518,0.12,4
870,4,0,3,13.7588,3783.35
876,4,0,3,13.7547,3762.85
875,4,0,3,13.75,3738.06
2011,4,0,3,13.7426,3699.8
2156,4,0,3,13.7374,3672.48
2013,4,0,3,13.7367,3669.32
886,4,0,3,13.7248,3611.15
885,4,0,3,13.7029,3497.03
2012,4,0,3,13.6972,3469.43
2050,4,0,4,13.9914,4924.48,0.0473333,206.454,0.09,5
2106,4,0,4,13.9844,4889.74
2039,4,0,4,13.9659,4792.23
1106,4,0,4,13.9556,4737.83
2035,4,0,4,13.9436,4673.24
1085,4,0,4,13.9318,4609.98
920,4,0,4,13.9138,4512.97
2018,4,0,4,13.9084,4485.91
2015,4,0,4,13.8934,4414.68
910,4,0,4,13.8933,4414.19
909,4,0,4,13.885,4372.05
898,4,0,4,13.8706,4300.67
897,4,0,4,13.8595,4245.82
877,4,0,4,13.8384,4140.84
948,4,0,5,14.1583,5737.42,0,0,0
950,4,0,5,14.1431,5655.55
1791,4,0,5,14.1196,5538.32
1790,4,0,5,14.1071,5475.71
1789,4,0,5,14.0947,5413.85
1788,4,0,5,14.0813,5348.51
1787,4,0,5,14.0805,5344.8
1736,4,0,5,14.0691,5286.11
1794,4,0,5,14.0616,5247.87
2106,4,0,5,14.0468,5170.54
2050,4,0,5,14.0387,5130.93
2012,5,0,0,13.1166,608.245,0.107667,469.61,0.35,1
887,5,0,0,13.1012,525.413
902,5,0,0,13.0813,426.624
904,5,0,0,13.0681,355.652
925,5,0,0,13.0446,227.755
2019,5,0,0,13.0392,200.489
929,5,0,0,13.0388,198.505
928,5,0,0,13.0146,75.7442
948,5,0,0,13,0
877,5,0,1,13.3042,1481.75,0.0613333,267.518,0.12,2
870,5,0,1,13.2859,1391.77
876,5,0,1,13.2818,1371.28
875,5,0,1,13.2771,1346.48
2011,5,0,1,13.2697,1308.23
2156,5,0,1,13.2644,1280.9
2013,5,0,1,13.2638,1277.75
886,5,0,1,13.2519,1219.57
885,5,0,1,13.23,1105.45
2012,5,0,1,13.2243,1077.85
2050,5,0,2,13.5184,2532.9,0.0473333,206.454,0.09,3
2106,5,0,2,13.5115,2498.17
2039,5,0,2,13.4929,2400.65
1106,5,0,2,13.4827,2346.25
2035,5,0,2,13.4707,2281.66
1085,5,0,2,13.4589,2218.4
920,5,0,2,13.4409,2121.4
2018,5,0,2,13.4355,2094.34
2015,5,0,2,13.4205,2023.1
910,5,0,2,13.4204,2022.62
909,5,0,2,13.4121,1980.47
898,5,0,2,13.3977,1909.09
897,5,0,2,13.3865,1854.25
877,5,0,2,13.3655,1749.27
1806,5,0,3,13.7656,3781.75,0.0543333,236.986,0,4
1805,5,0,3,13.7578,3738.97
1553,5,0,3,13.7348,3619.27
1300,5,0,3,13.7277,3583.28
1299,5,0,3,13.7256,3568.71
1557,5,0,3,13.7092,3477.66
2024,5,0,3,13.6936,3397.09
2025,5,0,3,13.6818,3330.19
949,5,0,3,13.6782,3312.36
951,5,0,3,13.6685,3261.39
2021,5,0,3,13.6493,3162.8
2022,5,0,3,13.637,3100.25
952,5,0,3,13.6259,3044.05
953,5,0,3,13.6136,2983
2023,5,0,3,13.6128,2978.89
2108,5,0,3,13.5986,2903.23
1794,5,0,3,13.5923,2870.88
2106,5,0,3,13.5784,2797.13
2050,5,0,3,13.5657,2739.36
1258,5,0,4,13.9606,4757.88,0.073,318.404,0.17,5
1260,5,0,4,13.9416,4663.6
1259,5,0,4,13.9276,4590.72
868,5,0,4,13.9047,4470.72
869,5,0,4,13.8863,4369.21
2066,5,0,4,13.8652,4259.21
1262,5,0,4,13.854,4199.13
2068,5,0,4,13.8265,4053.63
1806,5,0,4,13.8199,4018.73
948,5,0,5,14.2089,6013.4,0,0,0
947,5,0,5,14.1949,5942.23
946,5,0,5,14.1847,5888.39
945,5,0,5,14.1592,5757.34
954,5,0,5,14.1527,5723.08
2066,5,0,5,14.1179,5539.73
869,5,0,5,14.1077,5464.85
868,5,0,5,14.0867,5351.65
1259,5,0,5,14.0629,5228.07
1260,5,0,5,14.0455,5140.86
1258,5,0,5,14.0336,5076.28
877,6,0,0,15.9627,750.324,0.0345,150.479,0.13,1
870,6,0,0,15.9479,674.787
876,6,0,0,15.944,655.04
875,6,0,0,15.9389,628.826
2011,6,0,0,15.9313,589.484
2156,6,0,0,15.9266,564.479
2013,6,0,0,15.9259,561.326
886,6,0,0,15.9152,508.281
888,6,0,0,15.8971,409.455
903,6,0,0,15.888,359.608
904,6,0,0,15.884,338.372
925,6,0,0,15.8606,210.994
2019,6,0,0,15.8561,187.596
929,6,0,0,15.8557,185.613
928,6,0,0,15.8347,75.8838
948,6,0,0,15.82,0
2012,6,0,1,16.1059,1453.53,0.056,244.255,0.33,2
885,6,0,1,16.1022,1434.22
886,6,0,1,16.0736,1292.16
2013,6,0,1,16.064,1243.32
2156,6,0,1,16.0633,1240.17
2011,6,0,1,16.0587,1215.66
875,6,0,1,16.0506,1174.42
871,6,0,1,16.0444,1143.52
1854,6,0,1,16.0393,1117.94
874,6,0,1,16.0342,1092.28
878,6,0,1,16.0194,1016.82
958,6,0,1,16.0119,976.875
959,6,0,1,16.0056,944.978
877,6,0,1,15.9972,900.803
948,6,0,2,16.2773,2293.37,0,0,0
928,6,0,2,16.2661,2232.31
923,6,0,2,16.232,2060.33
924,6,0,2,16.2237,2021.02
914,6,0,2,16.202,1908.5
902,6,0,2,16.1953,1871.72
887,6,0,2,16.1793,1789.08
2012,6,0,2,16.1619,1697.79
2050,6,1,0,13.1922,576.546,0.0473333,206.454,0.09,1
2108,6,1,0,13.175,488.427
2023,6,1,0,13.1604,411.022
953,6,1,0,13.1596,406.921
952,6,1,0,13.1453,337.321
2022,6,1,0,13.1337,279.095
2021,6,1,0,13.1209,214.908
1791,6,1,0,13.1117,169.582
950,6,1,0,13.0957,84.0264
948,6,1,0,13.08,0
1806,6,1,1,13.4394,1825.39,0.0543333,236.986,0,2
1805,6,1,1,13.4316,1782.61
1553,6,1,1,13.4086,1662.91
1300,6,1,1,13.4015,1626.92
1299,6,1,1,13.3994,1612.36
1557,6,1,1,13.383,1521.31
2024,6,1,1,13.3674,1440.73
2025,6,1,1,13.3556,1373.84
949,6,1,1,13.352,1356
951,6,1,1,13.3423,1305.04
2021,6,1,1,13.3231,1206.44
2022,6,1,1,13.3108,1143.89
952,6,1,1,13.2997,1087.69
953,6,1,1,13.2874,1026.64
2023,6,1,1,13.2866,1022.54
2108,6,1,1,13.2724,946.875
1794,6,1,1,13.2661,914.529
2106,6,1,1,13.2522,840.773
2050,6,1,1,13.2396,782.999
1258,6,1,2,13.6344,2801.52,0.073,318.404,0.17,3
1260,6,1,2,13.6154,2707.25
1259,6,1,2,13.6014,2634.36
868,6,1,2,13.5785,2514.36
869,6,1,2,13.5602,2412.86
2066,6,1,2,13.539,2302.85
1262,6,1,2,13.5278,2242.78
2068,6,1,2,13.5003,2097.27
1806,6,1,2,13.4937,2062.38
948,6,1,3,13.8822,4052.6,0,0,0
947,6,1,3,13.8699,3988.65
946,6,1,3,13.8592,3932.52
945,6,1,3,13.8325,3796.64
954,6,1,3,13.8258,3761.71
2066,6,1,3,13.7923,3583.81
869,6,1,3,13.7816,3508.72
868,6,1,3,13.7631,3406.63
1259,6,1,3,13.7382,3278.11
1260,6,1,3,13.7208,3190.9
1258,6,1,3,13.7074,3119.93
877,7,0,0,13.1673,812.205,0.0613333,267.518,0.12,1
870,7,0,0,13.1491,722.225
876,7,0,0,13.145,701.731
875,7,0,0,13.1403,676.935
2011,7,0,0,13.1329,638.683
2156,7,0,0,13.1276,611.357
2013,7,0,0,13.127,608.203
886,7,0,0,13.1151,550.025
888,7,0,0,13.0953,443.915
903,7,0,0,13.0815,374.032
904,7,0,0,13.0781,355.652
925,7,0,0,13.0546,227.755
2019,7,0,0,13.0492,200.489
929,7,0,0,13.0488,198.505
928,7,0,0,13.0246,75.7442
948,7,0,0,13.01,0
2050,7,0,1,13.3816,1863.36,0.0473333,206.454,0.09,2
2106,7,0,1,13.3747,1828.62
2039,7,0,1,13.3561,1731.11
1106,7,0,1,13.3459,1676.7
2035,7,0,1,13.3339,1612.12
1085,7,0,1,13.3221,1548.86
920,7,0,1,13.3041,1451.85
2018,7,0,1,13.2986,1424.79
2015,7,0,1,13.2837,1353.56
910,7,0,1,13.2836,1353.07
909,7,0,1,13.2752,1310.93
898,7,0,1,13.2609,1239.55
897,7,0,1,13.2497,1184.7
877,7,0,1,13.2287,1079.72
1806,7,0,2,13.6288,3112.2,0.0543333,236.986,0,3
1805,7,0,2,13.621,3069.43
1553,7,0,2,13.598,2949.72
1300,7,0,2,13.5909,2913.73
1299,7,0,2,13.5887,2899.17
1557,7,0,2,13.5724,2808.12
2024,7,0,2,13.5567,2727.54
2025,7,0,2,13.545,2660.65
949,7,0,2,13.5414,2642.81
951,7,0,2,13.5317,2591.85
2021,7,0,2,13.5125,2493.25
2022,7,0,2,13.5001,2430.7
952,7,0,2,13.489,2374.5
953,7,0,2,13.4768,2313.45
2023,7,0,2,13.476,2309.35
2108,7,0,2,13.4618,2233.69
1794,7,0,2,13.4555,2201.34
2106,7,0,2,13.4416,2127.58
2050,7,0,2,13.4289,2069.81
1258,7,0,3,13.8238,4088.33,0.073,318.404,0.17,4
1260,7,0,3,13.8048,3994.06
1259,7,0,3,13.7908,3921.17
868,7,0,3,13.7679,3801.17
869,7,0,3,13.7495,3699.67
2066,7,0,3,13.7284,3589.66
1262,7,0,3,13.7172,3529.59
2068,7,0,3,13.6897,3384.09
1806,7,0,3,13.6831,3349.19
948,7,0,4,14.0715,5339.41,0,0,0
947,7,0,4,14.0593,5275.46
946,7,0,4,14.0485,5219.34
945,7,0,4,14.0219,5083.45
954,7,0,4,14.0152,5048.52
2066,7,0,4,13.9817,4870.62
869,7,0,4,13.971,4795.53
868,7,0,4,13.9525,4693.44
1259,7,0,4,13.9276,4564.93
1260,7,0,4,13.9102,4477.71
1258,7,0,4,13.8968,4406.74
2012,7,1,0,16.5671,568.338,0.056,244.255,0.33,1
887,7,1,0,16.552,486.95
902,7,1,0,16.5339,395.582
904,7,1,0,16.5194,319.104
925,7,1,0,16.4997,207.073
2019,7,1,0,16.4944,180.119
929,7,1,0,16.4939,178.135
928,7,1,0,16.4739,72.5925
948,7,1,0,16.46,0
948,7,1,1,16.7385,1408.17,0,0,0
928,7,1,1,16.7273,1347.11
923,7,1,1,16.6931,1175.13
924,7,1,1,16.6849,1135.82
914,7,1,1,16.6632,1023.3
902,7,1,1,16.6565,986.526
887,7,1,1,16.6405,903.888
2012,7,1,1,16.6231,812.593
