Node, Individual, Route,Segment, Travel time, Travel cost, Attention time, Attention cost, Failure rate, Demand
344,0,0,0,10.8978,1192.94,0.0413333,180.284,0.09,1
1819,0,0,0,10.8841,1099.23
335,0,0,0,10.8797,1071.05
2114,0,0,0,10.8647,991.95
329,0,0,0,10.8621,976.767
1979,0,0,0,10.8563,947.483
1978,0,0,0,10.8184,729.589
107,0,0,0,10.81,675.573
1967,0,0,0,10.807,646.867
105,0,0,0,10.7819,497.903
124,0,0,0,10.7698,426.583
1970,0,0,0,10.7544,334.012
122,0,0,0,10.7418,270.034
117,0,0,0,10.7248,184.186
118,0,0,0,10.7164,143.105
1968,0,0,0,10.69,0
819,0,0,1,10.9999,1731.95,0.0483333,210.815,0.55,2
811,0,0,1,10.982,1620.91
805,0,0,1,10.9789,1602.96
358,0,0,1,10.967,1537.83
349,0,0,1,10.951,1453.54
344,0,0,1,10.9391,1373.22
849,0,0,2,11.1018,2249.43,0.0695,303.138,0.23,3
1774,0,0,2,11.0983,2229.43
837,0,0,2,11.086,2158.98
2010,0,0,2,11.0774,2110.69
2009,0,0,2,11.0553,1990.26
819,0,0,2,11.0482,1942.77
850,0,0,3,11.1788,2602.04,0.0711667,310.408,0.1,4
849,0,0,3,11.1713,2552.57
869,0,0,4,11.2793,3090.51,0.0495,215.904,0.11,5
865,0,0,4,11.2628,2997.41
852,0,0,4,11.256,2955.43
850,0,0,4,11.25,2912.45
2176,0,0,5,11.3496,3448.54,0.0568333,247.89,0.16,6
2066,0,0,5,11.3394,3381.43
869,0,0,5,11.3288,3306.41
1306,0,0,6,11.439,3883.86,0.0916667,399.822,0.11,7
1599,0,0,6,11.423,3794.42
1300,0,0,6,11.4192,3768.7
1298,0,0,6,11.413,3735.79
2176,0,0,6,11.4064,3696.43
320,0,0,7,11.8405,6047.84,0.0905,394.734,0.38,8
1978,0,0,7,11.8205,5925.81
1979,0,0,7,11.787,5714.67
329,0,0,7,11.7849,5697.23
2114,0,0,7,11.7795,5670.52
335,0,0,7,11.7689,5609.24
1819,0,0,7,11.7645,5581.06
344,0,0,7,11.749,5485.35
349,0,0,7,11.7371,5405.11
355,0,0,7,11.7202,5319.89
356,0,0,7,11.7034,5221.36
807,0,0,7,11.6883,5140.98
812,0,0,7,11.6881,5140.19
2008,0,0,7,11.6754,5058.27
821,0,0,7,11.6705,5030.76
2153,0,0,7,11.6607,4979.11
831,0,0,7,11.6607,4979.02
832,0,0,7,11.6519,4934.53
843,0,0,7,11.6405,4870.73
855,0,0,7,11.6131,4734.25
1856,0,0,7,11.6129,4733.54
869,0,0,7,11.6007,4669.73
2066,0,0,7,11.5797,4560.17
1297,0,0,7,11.5527,4417.41
1299,0,0,7,11.5468,4384.47
1600,0,0,7,11.5453,4371.02
1306,0,0,7,11.5306,4283.69
105,0,0,8,12.0008,6840.11,0.0435,189.734,0.48,9
1967,0,0,8,11.9647,6648.41
107,0,0,8,11.9595,6618.62
1978,0,0,8,11.9503,6563.5
320,0,0,8,11.931,6442.58
1970,0,0,9,12.0797,7222.2,0.0341667,149.025,0.09,10
124,0,0,9,12.0588,7109.52
105,0,0,9,12.0443,7029.85
1968,0,0,10,12.191,7759.1,0,0,0
118,0,0,10,12.1515,7560.67
117,0,0,10,12.1443,7524.7
122,0,0,10,12.1271,7437.78
1970,0,0,10,12.1139,7371.22
1970,1,0,0,10.6844,334.012,0.0656667,286.418,0.08,1
122,1,0,0,10.6718,270.034
117,1,0,0,10.6548,184.186
118,1,0,0,10.6464,143.105
1968,1,0,0,10.62,0
344,1,0,1,10.8935,1479.36,0.0413333,180.284,0.09,2
1819,1,0,1,10.8798,1385.64
335,1,0,1,10.8753,1357.47
2114,1,0,1,10.8604,1278.37
329,1,0,1,10.8578,1263.19
1979,1,0,1,10.852,1233.9
1978,1,0,1,10.8141,1016.01
107,1,0,1,10.8057,961.991
1967,1,0,1,10.8027,933.285
105,1,0,1,10.7775,784.321
124,1,0,1,10.7655,713.002
1970,1,0,1,10.75,620.43
819,1,0,2,10.9955,2018.37,0.0483333,210.815,0.55,3
811,1,0,2,10.9777,1907.33
805,1,0,2,10.9746,1889.37
358,1,0,2,10.9627,1824.25
349,1,0,2,10.9467,1739.96
344,1,0,2,10.9348,1659.64
849,1,0,3,11.0975,2535.85,0.0695,303.138,0.23,4
1774,1,0,3,11.0939,2515.85
837,1,0,3,11.0816,2445.4
2010,1,0,3,11.0731,2397.11
2009,1,0,3,11.051,2276.68
819,1,0,3,11.0439,2229.18
869,1,0,4,11.2038,3066.52,0.0495,215.904,0.11,5
865,1,0,4,11.1873,2973.42
852,1,0,4,11.1805,2931.44
850,1,0,4,11.1745,2888.46
849,1,0,4,11.167,2838.98
2176,1,0,5,11.2741,3424.55,0.0568333,247.89,0.16,6
2066,1,0,5,11.2639,3357.44
869,1,0,5,11.2533,3282.42
1306,1,0,6,11.3635,3859.87,0.0916667,399.822,0.11,7
1599,1,0,6,11.3475,3770.43
1300,1,0,6,11.3437,3744.71
1298,1,0,6,11.3375,3711.8
2176,1,0,6,11.3309,3672.44
850,1,0,7,11.5552,4825.14,0.0711667,310.408,0.1,8
852,1,0,7,11.549,4782.01
865,1,0,7,11.5411,4737.76
869,1,0,7,11.5252,4645.74
2066,1,0,7,11.5042,4536.18
1297,1,0,7,11.4772,4393.42
1299,1,0,7,11.4713,4360.48
1600,1,0,7,11.4698,4347.04
1306,1,0,7,11.4551,4259.7
320,1,0,8,11.8403,6427.03,0.0905,394.734,0.38,9
1978,1,0,8,11.8217,6306.83
1979,1,0,8,11.7871,6094.28
329,1,0,8,11.785,6076.85
2114,1,0,8,11.7801,6052.3
335,1,0,8,11.7696,5991.01
1819,1,0,8,11.7651,5962.83
344,1,0,8,11.7496,5867.12
349,1,0,8,11.7377,5786.88
358,1,0,8,11.7253,5717.8
805,1,0,8,11.7115,5644.69
811,1,0,8,11.7097,5626.95
819,1,0,8,11.6803,5472.76
2009,1,0,8,11.6731,5425.16
2010,1,0,8,11.6568,5323.66
837,1,0,8,11.6495,5277.49
1774,1,0,8,11.6362,5203.53
849,1,0,8,11.6329,5184.49
850,1,0,8,11.6264,5135.54
105,1,0,9,12.0006,7219.3,0.0435,189.734,0.48,10
1967,1,0,9,11.9645,7027.6
107,1,0,9,11.9592,6997.81
1978,1,0,9,11.95,6942.68
320,1,0,9,11.9308,6821.77
1968,1,0,10,12.1566,7989.26,0,0,0
118,1,0,10,12.1171,7790.83
117,1,0,10,12.1099,7754.86
122,1,0,10,12.0927,7667.94
1970,1,0,10,12.0795,7601.39
124,1,0,10,12.0586,7488.71
105,1,0,10,12.0441,7409.03
344,2,0,0,10.8178,1192.94,0.0413333,180.284,0.09,1
1819,2,0,0,10.8041,1099.23
335,2,0,0,10.7997,1071.05
2114,2,0,0,10.7847,991.95
329,2,0,0,10.7821,976.767
1979,2,0,0,10.7763,947.483
1978,2,0,0,10.7384,729.589
107,2,0,0,10.73,675.573
1967,2,0,0,10.727,646.867
105,2,0,0,10.7019,497.903
124,2,0,0,10.6898,426.583
1970,2,0,0,10.6744,334.012
122,2,0,0,10.6618,270.034
117,2,0,0,10.6448,184.186
118,2,0,0,10.6364,143.105
1968,2,0,0,10.61,0
819,2,0,1,10.9199,1731.95,0.0483333,210.815,0.55,2
811,2,0,1,10.902,1620.91
805,2,0,1,10.8989,1602.96
358,2,0,1,10.887,1537.83
349,2,0,1,10.871,1453.54
344,2,0,1,10.8591,1373.22
849,2,0,2,11.0189,2240.73,0.0695,303.138,0.23,3
1774,2,0,2,11.0152,2220.22
837,2,0,2,11.004,2151.53
2010,2,0,2,10.9962,2104.76
2009,2,0,2,10.9755,1990.47
819,2,0,2,10.9682,1942.77
850,2,0,3,11.0959,2593.34,0.0711667,310.408,0.1,4
849,2,0,3,11.0884,2543.87
2176,2,0,4,11.2171,3223.94,0.0568333,247.89,0.16,5
2066,2,0,4,11.2069,3156.83
869,2,0,4,11.1963,3081.81
865,2,0,4,11.1798,2988.71
852,2,0,4,11.173,2946.73
850,2,0,4,11.167,2903.75
1306,2,0,5,11.3065,3659.26,0.0916667,399.822,0.11,6
1599,2,0,5,11.2905,3569.81
1300,2,0,5,11.2867,3544.1
1298,2,0,5,11.2805,3511.19
2176,2,0,5,11.2739,3471.83
869,2,0,6,11.4682,4445.12,0.0495,215.904,0.11,7
2066,2,0,6,11.4472,4335.56
1297,2,0,6,11.4202,4192.81
1299,2,0,6,11.4143,4159.87
1600,2,0,6,11.4129,4146.42
1306,2,0,6,11.3981,4059.08
320,2,0,7,11.7567,6036.56,0.0905,394.734,0.38,8
1978,2,0,7,11.7381,5916.36
1979,2,0,7,11.7035,5703.81
329,2,0,7,11.7014,5686.38
2114,2,0,7,11.6965,5661.82
335,2,0,7,11.686,5600.54
1819,2,0,7,11.6815,5572.36
344,2,0,7,11.666,5476.65
349,2,0,7,11.6542,5396.41
355,2,0,7,11.6372,5311.19
356,2,0,7,11.6204,5212.66
807,2,0,7,11.6053,5132.28
812,2,0,7,11.6051,5131.49
2008,2,0,7,11.5924,5049.58
821,2,0,7,11.5875,5022.06
2153,2,0,7,11.5778,4970.41
831,2,0,7,11.5777,4970.33
832,2,0,7,11.569,4925.83
843,2,0,7,11.5575,4862.03
855,2,0,7,11.5301,4725.55
1856,2,0,7,11.5299,4724.84
869,2,0,7,11.5177,4661.03
105,2,0,8,11.917,6828.83,0.104333,455.071,0.4,9
1967,2,0,8,11.8809,6637.13
107,2,0,8,11.8756,6607.33
1978,2,0,8,11.8664,6552.21
320,2,0,8,11.8472,6431.29
1970,2,0,9,12.0567,7476.25,0.0341667,149.025,0.09,10
124,2,0,9,12.0358,7363.57
105,2,0,9,12.0213,7283.9
1968,2,0,10,12.168,8013.15,0,0,0
118,2,0,10,12.1285,7814.72
117,2,0,10,12.1213,7778.75
122,2,0,10,12.1041,7691.83
1970,2,0,10,12.0909,7625.28
320,3,0,0,10.6967,849.468,0.0988333,431.081,0.34,1
1978,3,0,0,10.6784,729.589
107,3,0,0,10.67,675.573
1967,3,0,0,10.667,646.867
105,3,0,0,10.6419,497.903
124,3,0,0,10.6298,426.583
1970,3,0,0,10.6144,334.012
122,3,0,0,10.6018,270.034
117,3,0,0,10.5848,184.186
118,3,0,0,10.5764,143.105
1968,3,0,0,10.55,0
344,3,0,1,10.8953,1857.8,0.0413333,180.284,0.09,2
1819,3,0,1,10.8817,1764.09
335,3,0,1,10.8772,1735.92
2114,3,0,1,10.8623,1656.82
329,3,0,1,10.8597,1641.63
2116,3,0,1,10.8548,1615.7
327,3,0,1,10.8408,1539.35
324,3,0,1,10.8373,1520.41
319,3,0,1,10.8081,1366.25
320,3,0,1,10.7955,1280.55
819,3,0,2,10.9974,2396.82,0.0483333,210.815,0.55,3
811,3,0,2,10.9795,2285.78
805,3,0,2,10.9765,2267.82
358,3,0,2,10.9646,2202.7
349,3,0,2,10.9486,2118.4
344,3,0,2,10.9367,2038.09
849,3,0,3,11.0994,2914.29,0.0695,303.138,0.23,4
1774,3,0,3,11.0958,2894.29
837,3,0,3,11.0835,2823.85
2010,3,0,3,11.075,2775.55
2009,3,0,3,11.0528,2655.13
819,3,0,3,11.0457,2607.63
850,3,0,4,11.1764,3266.91,0.0711667,310.408,0.1,5
849,3,0,4,11.1689,3217.43
2176,3,0,5,11.2976,3897.5,0.0568333,247.89,0.16,6
2066,3,0,5,11.2874,3830.39
869,3,0,5,11.2768,3755.37
865,3,0,5,11.2603,3662.27
852,3,0,5,11.2535,3620.3
850,3,0,5,11.2476,3577.32
1306,3,0,6,11.387,4332.82,0.0916667,399.822,0.11,7
1599,3,0,6,11.3711,4243.38
1300,3,0,6,11.3673,4217.66
1298,3,0,6,11.3611,4184.75
2176,3,0,6,11.3544,4145.39
869,3,0,7,11.5488,5118.69,0.0495,215.904,0.11,8
2066,3,0,7,11.5277,5009.13
1297,3,0,7,11.5007,4866.37
1299,3,0,7,11.4948,4833.43
1600,3,0,7,11.4934,4819.99
1306,3,0,7,11.4787,4732.65
105,3,0,8,11.869,6865.62,0.104333,455.071,0.4,9
1967,3,0,8,11.8331,6674.84
107,3,0,8,11.8278,6645.04
1978,3,0,8,11.8186,6589.92
1979,3,0,8,11.7841,6377.37
329,3,0,8,11.7819,6359.94
2114,3,0,8,11.777,6335.39
335,3,0,8,11.7665,6274.11
1819,3,0,8,11.762,6245.92
344,3,0,8,11.7465,6150.22
349,3,0,8,11.7347,6069.97
355,3,0,8,11.7178,5984.75
356,3,0,8,11.701,5886.23
807,3,0,8,11.6858,5805.84
812,3,0,8,11.6857,5805.06
2008,3,0,8,11.6729,5723.14
821,3,0,8,11.668,5695.63
2153,3,0,8,11.6583,5643.97
831,3,0,8,11.6583,5643.89
832,3,0,8,11.6495,5599.4
843,3,0,8,11.6381,5535.6
855,3,0,8,11.6106,5399.12
1856,3,0,8,11.6105,5398.4
869,3,0,8,11.5983,5334.59
1970,3,0,9,12.0058,7500.4,0.0341667,149.025,0.09,10
124,3,0,9,11.9866,7395.38
105,3,0,9,11.9733,7320.69
1968,3,0,10,12.117,8037.29,0,0,0
118,3,0,10,12.0775,7838.87
117,3,0,10,12.0704,7802.89
122,3,0,10,12.0531,7715.98
1970,3,0,10,12.0399,7649.42
105,4,0,0,10.6619,497.903,0.115333,503.049,0.34,1
124,4,0,0,10.6498,426.583
1970,4,0,0,10.6344,334.012
122,4,0,0,10.6218,270.034
117,4,0,0,10.6048,184.186
118,4,0,0,10.5964,143.105
1968,4,0,0,10.57,0
344,4,0,1,10.8931,1695.99,0.0413333,180.284,0.09,2
1819,4,0,1,10.8795,1602.27
335,4,0,1,10.875,1574.1
2114,4,0,1,10.8601,1495
329,4,0,1,10.8575,1479.82
1979,4,0,1,10.8517,1450.53
1978,4,0,1,10.8137,1232.64
107,4,0,1,10.8053,1178.62
1967,4,0,1,10.8023,1149.92
105,4,0,1,10.7772,1000.95
819,4,0,2,10.9952,2235,0.0483333,210.815,0.55,3
811,4,0,2,10.9773,2123.96
805,4,0,2,10.9743,2106
358,4,0,2,10.9623,2040.88
349,4,0,2,10.9464,1956.59
344,4,0,2,10.9345,1876.27
849,4,0,3,11.0972,2752.48,0.0695,303.138,0.23,4
1774,4,0,3,11.0936,2732.48
837,4,0,3,11.0813,2662.03
2010,4,0,3,11.0727,2613.74
2009,4,0,3,11.0506,2493.31
819,4,0,3,11.0435,2445.81
850,4,0,4,11.1742,3105.09,0.0711667,310.408,0.1,5
849,4,0,4,11.1667,3055.61
2176,4,0,5,11.2954,3735.68,0.0568333,247.89,0.16,6
2066,4,0,5,11.2852,3668.57
869,4,0,5,11.2746,3593.56
865,4,0,5,11.2581,3500.45
852,4,0,5,11.2513,3458.48
850,4,0,5,11.2453,3415.5
1306,4,0,6,11.3848,4171.01,0.0916667,399.822,0.11,7
1599,4,0,6,11.3689,4081.56
1300,4,0,6,11.3651,4055.84
1298,4,0,6,11.3589,4022.94
2176,4,0,6,11.3522,3983.57
869,4,0,7,11.5466,4956.87,0.0495,215.904,0.11,8
2066,4,0,7,11.5255,4847.31
1297,4,0,7,11.4985,4704.56
1299,4,0,7,11.4926,4671.62
1600,4,0,7,11.4912,4658.17
1306,4,0,7,11.4765,4570.83
320,4,0,8,11.835,6548.31,0.0905,394.734,0.38,9
1978,4,0,8,11.8164,6428.11
1979,4,0,8,11.7818,6215.56
329,4,0,8,11.7797,6198.12
2114,4,0,8,11.7748,6173.57
335,4,0,8,11.7643,6112.29
1819,4,0,8,11.7598,6084.1
344,4,0,8,11.7443,5988.4
349,4,0,8,11.7325,5908.16
355,4,0,8,11.7155,5822.94
356,4,0,8,11.6987,5724.41
807,4,0,8,11.6836,5644.03
812,4,0,8,11.6835,5643.24
2008,4,0,8,11.6707,5561.32
821,4,0,8,11.6658,5533.81
2153,4,0,8,11.6561,5482.15
831,4,0,8,11.6561,5482.07
832,4,0,8,11.6473,5437.58
843,4,0,8,11.6359,5373.78
855,4,0,8,11.6084,5237.3
1856,4,0,8,11.6083,5236.59
869,4,0,8,11.5961,5172.77
1970,4,0,9,12.0278,7520.29,0.0341667,149.025,0.09,10
124,4,0,9,12.0086,7415.27
105,4,0,9,11.9953,7340.58
1967,4,0,9,11.9592,7148.87
107,4,0,9,11.9539,7119.08
1978,4,0,9,11.9447,7063.96
320,4,0,9,11.9255,6943.04
1968,4,0,10,12.139,8057.18,0,0,0
118,4,0,10,12.0995,7858.76
117,4,0,10,12.0924,7822.78
122,4,0,10,12.0751,7735.87
1970,4,0,10,12.0619,7669.31
1970,5,0,0,9.24717,345.923,0.051,222.447,0.09,1
122,5,0,0,9.2344,281.164
117,5,0,0,9.21485,184.747
118,5,0,0,9.20805,150.127
1968,5,0,0,9.18,0
105,5,0,1,9.32926,745.348,0.1085,473.244,0.3,2
124,5,0,1,9.31372,661.043
1970,5,0,1,9.29817,568.37
320,5,0,2,9.49359,1571.29,0.084,366.383,0.32,3
1978,5,0,2,9.47464,1450.71
107,5,0,2,9.46592,1396.28
1967,5,0,2,9.46291,1367.57
105,5,0,2,9.43776,1218.59
849,5,0,3,9.80583,3220.28,0.089,388.191,0.2,4
1774,5,0,3,9.80248,3201.27
837,5,0,3,9.79106,3132.2
2010,5,0,3,9.77816,3065.31
2009,5,0,3,9.7547,2939.13
819,5,0,3,9.74638,2890.05
811,5,0,3,9.72503,2770.73
805,5,0,3,9.72148,2751.11
358,5,0,3,9.70682,2674.19
349,5,0,3,9.69012,2586.75
344,5,0,3,9.67631,2504.12
1819,5,0,3,9.66115,2408.89
335,5,0,3,9.65624,2380.05
2114,5,0,3,9.64258,2306.39
329,5,0,3,9.63998,2291.22
2116,5,0,3,9.63524,2266.12
327,5,0,3,9.62195,2192.56
324,5,0,3,9.61778,2170.84
319,5,0,3,9.59018,2023.38
320,5,0,3,9.57759,1937.68
850,5,0,4,9.90253,3658.16,0.0346667,151.206,0.14,5
849,5,0,4,9.89483,3608.47
869,5,0,5,9.96857,3993.81,0.0375,163.564,0.11,6
865,5,0,5,9.95077,3894.98
852,5,0,5,9.94385,3852.85
850,5,0,5,9.93719,3809.36
2176,5,0,6,10.0268,4299.89,0.0848333,370.017,0.18,7
2066,5,0,6,10.0161,4232.24
869,5,0,6,10.0061,4157.38
1306,5,0,7,10.1466,4866.99,0.078,340.212,0.16,8
1599,5,0,7,10.1291,4770.51
1300,5,0,7,10.1246,4744
1298,5,0,7,10.1179,4708.78
2176,5,0,7,10.1116,4669.91
819,5,0,8,10.3751,6107.11,0.0483333,210.815,0.55,9
2009,5,0,8,10.3692,6059.94
2010,5,0,8,10.3538,5959.42
837,5,0,8,10.3465,5913.3
1774,5,0,8,10.3353,5844.55
849,5,0,8,10.3311,5821.79
850,5,0,8,10.324,5772.63
852,5,0,8,10.3182,5729.69
865,5,0,8,10.3114,5687.73
869,5,0,8,10.2962,5596.9
2066,5,0,8,10.2742,5483.17
1297,5,0,8,10.2479,5343.51
1299,5,0,8,10.2422,5311.52
1600,5,0,8,10.2408,5298.07
1306,5,0,8,10.2246,5207.2
344,5,0,9,10.4865,6690.23,0.0413333,180.284,0.09,10
349,5,0,9,10.4759,6610.53
358,5,0,9,10.4593,6523.34
805,5,0,9,10.4485,6463.17
811,5,0,9,10.4467,6445.43
819,5,0,9,10.4235,6317.93
1968,5,0,10,10.7507,8120.45,0,0,0
118,5,0,10,10.7182,7951.37
117,5,0,10,10.7109,7914.73
122,5,0,10,10.6943,7830.36
1970,5,0,10,10.6823,7768.78
124,5,0,10,10.6631,7663.43
105,5,0,10,10.6503,7590.81
1967,5,0,10,10.6133,7395.53
107,5,0,10,10.6079,7364.88
1978,5,0,10,10.5988,7309.99
1979,5,0,10,10.5661,7099.81
329,5,0,10,10.564,7082.35
2114,5,0,10,10.5588,7056.43
335,5,0,10,10.5484,6995.28
1819,5,0,10,10.5434,6966.29
344,5,0,10,10.5278,6870.52
320,6,0,0,11.4077,851.082,0.0905,394.734,0.38,1
1978,6,0,0,11.3891,730.88
107,6,0,0,11.3806,676.772
1967,6,0,0,11.3776,648.066
105,6,0,0,11.353,499.965
124,6,0,0,11.3397,425.166
1970,6,0,0,11.3239,332.084
122,6,0,0,11.311,266.81
117,6,0,0,11.2956,187.792
118,6,0,0,11.2878,149.07
1968,6,0,0,11.26,0
344,6,0,1,11.6003,1832.98,0.0798333,348.209,0.09,2
1819,6,0,1,11.587,1739.46
335,6,0,1,11.582,1710.51
2114,6,0,1,11.5667,1629.71
329,6,0,1,11.5641,1614.66
2116,6,0,1,11.559,1587.79
327,6,0,1,11.5445,1509.12
324,6,0,1,11.5402,1486.61
319,6,0,1,11.5108,1331.52
320,6,0,1,11.4982,1245.82
850,6,0,2,11.8072,2907.1,0.0711667,310.408,0.1,3
849,6,0,2,11.7997,2857.62
1774,6,0,2,11.7961,2837.62
837,6,0,2,11.7838,2767.18
2010,6,0,2,11.7753,2718.88
2009,6,0,2,11.7531,2598.46
819,6,0,2,11.746,2550.96
811,6,0,2,11.7248,2432.35
805,6,0,2,11.7213,2412.91
358,6,0,2,11.7107,2353.4
349,6,0,2,11.6933,2262.79
344,6,0,2,11.6802,2181.19
2176,6,0,3,11.9284,3537.69,0.0568333,247.89,0.16,4
2066,6,0,3,11.9182,3470.58
869,6,0,3,11.9076,3395.57
865,6,0,3,11.8911,3302.46
852,6,0,3,11.8843,3260.49
850,6,0,3,11.8783,3217.51
1306,6,0,4,12.0178,3973.02,0.0833333,363.475,0.03,5
1599,6,0,4,12.0019,3883.57
1300,6,0,4,11.9981,3857.85
1298,6,0,4,11.9919,3824.94
2176,6,0,4,11.9852,3785.58
869,6,0,5,12.1804,4763.28,0.0443333,193.369,0.11,6
2066,6,0,5,12.1531,4627.33
1297,6,0,5,12.1226,4469.75
1299,6,0,5,12.1166,4436.2
1600,6,0,5,12.1151,4422.75
1306,6,0,5,12.1011,4336.49
849,6,0,6,12.2585,5181.63,0.0775,338.032,0.22,7
850,6,0,6,12.2529,5132.17
852,6,0,6,12.2453,5087.54
865,6,0,6,12.2386,5045.69
869,6,0,6,12.2248,4956.65
819,6,0,7,12.3831,5811.05,0.0838333,365.656,0.48,8
2009,6,0,7,12.3764,5763.84
2010,6,0,7,12.3607,5663
837,6,0,7,12.3535,5617.04
1774,6,0,7,12.3392,5538.27
849,6,0,7,12.336,5519.66
105,6,0,8,12.6506,7250.01,0.0435,189.734,0.48,9
1967,6,0,8,12.6133,7052.95
107,6,0,8,12.608,7023.33
1978,6,0,8,12.599,6968.43
1979,6,0,8,12.5672,6759.25
329,6,0,8,12.5651,6741.8
2114,6,0,8,12.5605,6718.6
335,6,0,8,12.5501,6657.46
1819,6,0,8,12.5451,6628.52
344,6,0,8,12.5286,6531.27
349,6,0,8,12.5145,6448.19
358,6,0,8,12.502,6378.89
805,6,0,8,12.4905,6315.6
811,6,0,8,12.4887,6297.87
819,6,0,8,12.4669,6176.7
1970,6,0,9,12.7295,7632.09,0.0341667,149.025,0.09,10
124,6,0,9,12.7086,7519.42
105,6,0,9,12.6941,7439.74
1968,6,0,10,12.8407,8168.99,0,0,0
118,6,0,10,12.8012,7970.57
117,6,0,10,12.7941,7934.59
122,6,0,10,12.7768,7847.67
1970,6,0,10,12.7636,7781.12
105,7,0,0,9.32826,522.901,0.1085,473.244,0.3,1
124,7,0,0,9.31272,438.596
1970,7,0,0,9.29717,345.923
122,7,0,0,9.2844,281.164
117,7,0,0,9.26485,184.747
118,7,0,0,9.25805,150.127
1968,7,0,0,9.23,0
320,7,0,1,9.49259,1348.85,0.084,366.383,0.32,2
1978,7,0,1,9.47364,1228.27
107,7,0,1,9.46492,1173.83
1967,7,0,1,9.46191,1145.12
105,7,0,1,9.43676,996.145
849,7,0,2,9.80483,2997.83,0.089,388.191,0.2,3
1774,7,0,2,9.80148,2978.83
837,7,0,2,9.79006,2909.76
2010,7,0,2,9.77717,2842.87
2009,7,0,2,9.75371,2716.69
819,7,0,2,9.74538,2667.61
811,7,0,2,9.72403,2548.28
805,7,0,2,9.72048,2528.67
358,7,0,2,9.70582,2451.74
349,7,0,2,9.68912,2364.31
344,7,0,2,9.67531,2281.68
1819,7,0,2,9.66015,2186.44
335,7,0,2,9.65524,2157.6
2114,7,0,2,9.64158,2083.94
329,7,0,2,9.63898,2068.77
2116,7,0,2,9.63424,2043.68
327,7,0,2,9.62095,1970.11
324,7,0,2,9.61678,1948.4
319,7,0,2,9.58918,1800.93
320,7,0,2,9.57659,1715.23
850,7,0,3,9.90153,3435.71,0.0346667,151.206,0.14,4
849,7,0,3,9.89383,3386.02
869,7,0,4,9.96757,3771.37,0.0375,163.564,0.11,5
865,7,0,4,9.94977,3672.53
852,7,0,4,9.94285,3630.4
850,7,0,4,9.93619,3586.92
2176,7,0,5,10.0258,4077.44,0.0848333,370.017,0.18,6
2066,7,0,5,10.0151,4009.79
869,7,0,5,10.0051,3934.93
1306,7,0,6,10.1456,4644.54,0.078,340.212,0.16,7
1599,7,0,6,10.1281,4548.06
1300,7,0,6,10.1236,4521.55
1298,7,0,6,10.1169,4486.33
2176,7,0,6,10.1106,4447.46
819,7,0,7,10.3741,5884.67,0.0483333,210.815,0.55,8
2009,7,0,7,10.3682,5837.49
2010,7,0,7,10.3528,5736.97
837,7,0,7,10.3455,5690.85
1774,7,0,7,10.3343,5622.11
849,7,0,7,10.3301,5599.34
850,7,0,7,10.323,5550.18
852,7,0,7,10.3172,5507.24
865,7,0,7,10.3104,5465.29
869,7,0,7,10.2952,5374.46
2066,7,0,7,10.2732,5260.73
1297,7,0,7,10.2469,5121.07
1299,7,0,7,10.2412,5089.07
1600,7,0,7,10.2398,5075.62
1306,7,0,7,10.2236,4984.75
344,7,0,8,10.4855,6467.78,0.0413333,180.284,0.09,9
349,7,0,8,10.4749,6388.08
358,7,0,8,10.4583,6300.9
805,7,0,8,10.4475,6240.72
811,7,0,8,10.4457,6222.98
819,7,0,8,10.4225,6095.48
1970,7,0,9,10.6813,7546.34,0.0656667,286.418,0.08,10
124,7,0,9,10.6621,7440.98
105,7,0,9,10.6493,7368.36
1967,7,0,9,10.6123,7173.08
107,7,0,9,10.6069,7142.43
1978,7,0,9,10.5978,7087.55
1979,7,0,9,10.5651,6877.36
329,7,0,9,10.563,6859.9
2114,7,0,9,10.5578,6833.98
335,7,0,9,10.5474,6772.83
1819,7,0,9,10.5424,6743.84
344,7,0,9,10.5268,6648.07
1968,7,0,10,10.8154,8184.42,0,0,0
118,7,0,10,10.7829,8015.34
117,7,0,10,10.7756,7978.7
122,7,0,10,10.759,7894.34
1970,7,0,10,10.7469,7832.76
1970,8,0,0,10.3544,334.012,0.0656667,286.418,0.08,1
122,8,0,0,10.3418,270.034
117,8,0,0,10.3248,184.186
118,8,0,0,10.3164,143.105
1968,8,0,0,10.29,0
105,8,0,1,10.4475,784.321,0.115333,503.049,0.34,2
124,8,0,1,10.4355,713.002
1970,8,0,1,10.42,620.43
320,8,0,2,10.6177,1638.94,0.0988333,431.081,0.34,3
1978,8,0,2,10.5994,1519.06
107,8,0,2,10.591,1465.04
1967,8,0,2,10.588,1436.33
105,8,0,2,10.5629,1287.37
344,8,0,3,10.8163,2647.27,0.0413333,180.284,0.09,4
1819,8,0,3,10.8027,2553.56
335,8,0,3,10.7982,2525.38
2114,8,0,3,10.7833,2446.28
329,8,0,3,10.7807,2431.1
2116,8,0,3,10.7758,2405.17
327,8,0,3,10.7618,2328.82
324,8,0,3,10.7583,2309.88
319,8,0,3,10.7291,2155.72
320,8,0,3,10.7165,2070.02
819,8,0,4,10.9184,3186.28,0.0483333,210.815,0.55,5
811,8,0,4,10.9005,3075.25
805,8,0,4,10.8975,3057.29
358,8,0,4,10.8856,2992.16
349,8,0,4,10.8696,2907.87
344,8,0,4,10.8577,2827.56
849,8,0,5,11.0174,3695.06,0.0695,303.138,0.23,6
1774,8,0,5,11.0137,3674.56
837,8,0,5,11.0025,3605.86
2010,8,0,5,10.9948,3559.09
2009,8,0,5,10.9741,3444.81
819,8,0,5,10.9667,3397.1
850,8,0,6,11.0944,4047.68,0.0711667,310.408,0.1,7
849,8,0,6,11.0869,3998.2
869,8,0,7,11.1949,4536.14,0.0495,215.904,0.11,8
865,8,0,7,11.1783,4443.04
852,8,0,7,11.1715,4401.07
850,8,0,7,11.1656,4358.08
2176,8,0,8,11.2651,4894.17,0.0568333,247.89,0.16,9
2066,8,0,8,11.2549,4827.06
869,8,0,8,11.2444,4752.05
1306,8,0,9,11.3545,5329.5,0.0916667,399.822,0.11,10
1599,8,0,9,11.3386,5240.05
1300,8,0,9,11.3348,5214.33
1298,8,0,9,11.3286,5181.42
2176,8,0,9,11.322,5142.06
1968,8,0,10,11.9011,8190.2,0,0,0
1969,8,0,10,11.8888,8113.69
115,8,0,10,11.8862,8099.12
2113,8,0,10,11.8815,8073.3
2133,8,0,10,11.7595,7386.93
366,8,0,10,11.7552,7359.82
2134,8,0,10,11.7419,7288.14
2136,8,0,10,11.7291,7219.3
393,8,0,10,11.6974,7056.26
401,8,0,10,11.6796,6965.31
1739,8,0,10,11.6699,6912.31
1742,8,0,10,11.6629,6875.79
1741,8,0,10,11.6561,6839.66
418,8,0,10,11.6489,6801.19
417,8,0,10,11.6461,6785.37
1989,8,0,10,11.6291,6697.35
2011,8,0,10,11.6088,6593.51
2156,8,0,10,11.6022,6560.6
2013,8,0,10,11.6016,6557.45
886,8,0,10,11.5921,6509.27
888,8,0,10,11.5757,6417.8
903,8,0,10,11.5662,6366.29
904,8,0,10,11.5622,6345.26
925,8,0,10,11.541,6227.3
2019,8,0,10,11.5357,6200.44
929,8,0,10,11.5353,6198.46
938,8,0,10,11.5229,6131.14
950,8,0,10,11.5058,6045.2
951,8,0,10,11.4983,6007.44
949,8,0,10,11.4868,5948.69
2025,8,0,10,11.4833,5931.24
2024,8,0,10,11.4702,5858.83
1301,8,0,10,11.4594,5800.49
1306,8,0,10,11.4462,5729.32
1970,9,0,0,10.3844,334.012,0.0656667,286.418,0.08,1
122,9,0,0,10.3718,270.034
117,9,0,0,10.3548,184.186
118,9,0,0,10.3464,143.105
1968,9,0,0,10.32,0
105,9,0,1,10.4775,784.321,0.115333,503.049,0.34,2
124,9,0,1,10.4655,713.002
1970,9,0,1,10.45,620.43
320,9,0,2,10.6477,1638.94,0.0988333,431.081,0.34,3
1978,9,0,2,10.6294,1519.06
107,9,0,2,10.621,1465.04
1967,9,0,2,10.618,1436.33
105,9,0,2,10.5929,1287.37
344,9,0,3,10.8463,2647.27,0.0413333,180.284,0.09,4
1819,9,0,3,10.8327,2553.56
335,9,0,3,10.8282,2525.38
2114,9,0,3,10.8133,2446.28
329,9,0,3,10.8107,2431.1
2116,9,0,3,10.8058,2405.17
327,9,0,3,10.7918,2328.82
324,9,0,3,10.7883,2309.88
319,9,0,3,10.7591,2155.72
320,9,0,3,10.7465,2070.02
819,9,0,4,10.9484,3186.28,0.0483333,210.815,0.55,5
811,9,0,4,10.9305,3075.25
805,9,0,4,10.9275,3057.29
358,9,0,4,10.9156,2992.16
349,9,0,4,10.8996,2907.87
344,9,0,4,10.8877,2827.56
849,9,0,5,11.0474,3695.06,0.0695,303.138,0.23,6
1774,9,0,5,11.0437,3674.56
837,9,0,5,11.0325,3605.86
2010,9,0,5,11.0248,3559.09
2009,9,0,5,11.0041,3444.81
819,9,0,5,10.9967,3397.1
850,9,0,6,11.1244,4047.68,0.0711667,310.408,0.1,7
849,9,0,6,11.1169,3998.2
2176,9,0,7,11.2456,4678.27,0.0568333,247.89,0.16,8
2066,9,0,7,11.2354,4611.16
869,9,0,7,11.2249,4536.14
865,9,0,7,11.2083,4443.04
852,9,0,7,11.2015,4401.07
850,9,0,7,11.1956,4358.08
1306,9,0,8,11.335,5113.59,0.0916667,399.822,0.11,9
1599,9,0,8,11.3191,5024.15
1300,9,0,8,11.3153,4998.43
1298,9,0,8,11.3091,4965.52
2176,9,0,8,11.3025,4926.16
869,9,0,9,11.4968,5899.45,0.0495,215.904,0.11,10
2066,9,0,9,11.4757,5789.9
1297,9,0,9,11.4488,5647.14
1299,9,0,9,11.4429,5614.2
1600,9,0,9,11.4414,5600.75
1306,9,0,9,11.4267,5513.41
1968,9,0,10,11.9238,8203.98,0,0,0
118,9,0,10,11.8891,8025.67
117,9,0,10,11.8814,7987.16
122,9,0,10,11.864,7899.62
1970,9,0,10,11.8512,7834.88
124,9,0,10,11.8294,7718.32
105,9,0,10,11.817,7646.38
1967,9,0,10,11.7811,7455.6
107,9,0,10,11.7758,7425.81
1978,9,0,10,11.7666,7370.69
1979,9,0,10,11.7321,7158.14
329,9,0,10,11.7299,7140.71
2114,9,0,10,11.725,7116.16
335,9,0,10,11.7145,7054.88
1819,9,0,10,11.71,7026.69
344,9,0,10,11.6945,6930.99
349,9,0,10,11.6827,6850.74
355,9,0,10,11.6658,6765.52
356,9,0,10,11.649,6666.99
807,9,0,10,11.6339,6586.61
812,9,0,10,11.6337,6585.82
2008,9,0,10,11.621,6503.91
821,9,0,10,11.6161,6476.4
2153,9,0,10,11.6063,6424.74
831,9,0,10,11.6063,6424.66
832,9,0,10,11.5975,6380.16
843,9,0,10,11.5861,6316.36
855,9,0,10,11.5586,6179.88
1856,9,0,10,11.5585,6179.17
869,9,0,10,11.5463,6115.36
320,10,0,0,11.4177,851.082,0.0905,394.734,0.38,1
1978,10,0,0,11.3991,730.88
107,10,0,0,11.3906,676.772
1967,10,0,0,11.3876,648.066
105,10,0,0,11.363,499.965
124,10,0,0,11.3497,425.166
1970,10,0,0,11.3339,332.084
122,10,0,0,11.321,266.81
117,10,0,0,11.3056,187.792
118,10,0,0,11.2978,149.07
1968,10,0,0,11.27,0
344,10,0,1,11.6103,1832.98,0.0798333,348.209,0.09,2
1819,10,0,1,11.597,1739.46
335,10,0,1,11.592,1710.51
2114,10,0,1,11.5767,1629.71
329,10,0,1,11.5741,1614.66
2116,10,0,1,11.569,1587.79
327,10,0,1,11.5545,1509.12
324,10,0,1,11.5502,1486.61
319,10,0,1,11.5208,1331.52
320,10,0,1,11.5082,1245.82
849,10,0,2,11.8097,2857.62,0.0695,303.138,0.23,3
1774,10,0,2,11.8061,2837.62
837,10,0,2,11.7938,2767.18
2010,10,0,2,11.7853,2718.88
2009,10,0,2,11.7631,2598.46
819,10,0,2,11.756,2550.96
811,10,0,2,11.7348,2432.35
805,10,0,2,11.7313,2412.91
358,10,0,2,11.7207,2353.4
349,10,0,2,11.7033,2262.79
344,10,0,2,11.6902,2181.19
2176,10,0,3,11.9367,3530.42,0.0568333,247.89,0.16,4
2066,10,0,3,11.9265,3463.31
869,10,0,3,11.916,3388.3
865,10,0,3,11.8995,3295.19
852,10,0,3,11.8926,3253.22
850,10,0,3,11.8867,3210.24
849,10,0,3,11.8792,3160.76
1306,10,0,4,12.0261,3965.75,0.0833333,363.475,0.03,5
1599,10,0,4,12.0102,3876.3
1300,10,0,4,12.0064,3850.58
1298,10,0,4,12.0002,3817.68
2176,10,0,4,11.9936,3778.31
869,10,0,5,12.1888,4756.01,0.0443333,193.369,0.11,6
2066,10,0,5,12.1614,4620.06
1297,10,0,5,12.1309,4462.48
1299,10,0,5,12.1249,4428.93
1600,10,0,5,12.1235,4415.48
1306,10,0,5,12.1095,4329.22
850,10,0,6,12.2612,5124.9,0.1105,481.968,0.03,7
852,10,0,6,12.2537,5080.27
865,10,0,6,12.247,5038.43
869,10,0,6,12.2331,4949.38
819,10,0,7,12.4244,5947.72,0.0838333,365.656,0.48,8
2009,10,0,7,12.4177,5900.51
2010,10,0,7,12.402,5799.67
837,10,0,7,12.3948,5753.71
1774,10,0,7,12.3805,5674.93
849,10,0,7,12.3774,5656.33
850,10,0,7,12.3717,5606.87
105,10,0,8,12.6919,7386.67,0.0435,189.734,0.48,9
1967,10,0,8,12.6546,7189.61
107,10,0,8,12.6494,7159.99
1978,10,0,8,12.6403,7105.1
1979,10,0,8,12.6086,6895.91
329,10,0,8,12.6064,6878.47
2114,10,0,8,12.6019,6855.26
335,10,0,8,12.5914,6794.13
1819,10,0,8,12.5865,6765.19
344,10,0,8,12.5699,6667.94
349,10,0,8,12.5558,6584.86
358,10,0,8,12.5433,6515.55
805,10,0,8,12.5319,6452.27
811,10,0,8,12.53,6434.53
819,10,0,8,12.5083,6313.37
1970,10,0,9,12.7708,7768.76,0.0341667,149.025,0.09,10
124,10,0,9,12.7499,7656.08
105,10,0,9,12.7354,7576.41
1968,10,0,10,12.8821,8305.66,0,0,0
118,10,0,10,12.8426,8107.23
117,10,0,10,12.8354,8071.26
122,10,0,10,12.8182,7984.34
1970,10,0,10,12.805,7917.79
320,11,0,0,11.4677,851.082,0.0905,394.734,0.38,1
1978,11,0,0,11.4491,730.88
107,11,0,0,11.4406,676.772
1967,11,0,0,11.4376,648.066
105,11,0,0,11.413,499.965
124,11,0,0,11.3997,425.166
1970,11,0,0,11.3839,332.084
122,11,0,0,11.371,266.81
117,11,0,0,11.3556,187.792
118,11,0,0,11.3478,149.07
1968,11,0,0,11.32,0
344,11,0,1,11.6603,1832.98,0.0798333,348.209,0.09,2
1819,11,0,1,11.647,1739.46
335,11,0,1,11.642,1710.51
2114,11,0,1,11.6267,1629.71
329,11,0,1,11.6241,1614.66
2116,11,0,1,11.619,1587.79
327,11,0,1,11.6045,1509.12
324,11,0,1,11.6002,1486.61
319,11,0,1,11.5708,1331.52
320,11,0,1,11.5582,1245.82
2176,11,0,2,11.9172,3227.28,0.0568333,247.89,0.16,3
2066,11,0,2,11.907,3160.17
869,11,0,2,11.8965,3085.16
865,11,0,2,11.8799,2992.05
852,11,0,2,11.8731,2950.08
850,11,0,2,11.8672,2907.1
849,11,0,2,11.8597,2857.62
1774,11,0,2,11.8561,2837.62
837,11,0,2,11.8438,2767.18
2010,11,0,2,11.8353,2718.88
2009,11,0,2,11.8131,2598.46
819,11,0,2,11.806,2550.96
811,11,0,2,11.7848,2432.35
805,11,0,2,11.7813,2412.91
358,11,0,2,11.7707,2353.4
349,11,0,2,11.7533,2262.79
344,11,0,2,11.7402,2181.19
1306,11,0,3,12.0066,3662.61,0.0833333,363.475,0.03,4
1599,11,0,3,11.9907,3573.16
1300,11,0,3,11.9869,3547.45
1298,11,0,3,11.9807,3514.54
2176,11,0,3,11.9741,3475.17
869,11,0,4,12.1693,4452.87,0.0443333,193.369,0.11,5
2066,11,0,4,12.1419,4316.92
1297,11,0,4,12.1114,4159.34
1299,11,0,4,12.1054,4125.79
1600,11,0,4,12.104,4112.35
1306,11,0,4,12.09,4026.08
850,11,0,5,12.2417,4821.76,0.1105,481.968,0.03,6
852,11,0,5,12.2342,4777.13
865,11,0,5,12.2275,4735.29
869,11,0,5,12.2136,4646.24
849,11,0,6,12.3579,5353.19,0.0775,338.032,0.22,7
850,11,0,6,12.3522,5303.73
819,11,0,7,12.4824,5982.61,0.0838333,365.656,0.48,8
2009,11,0,7,12.4757,5935.4
2010,11,0,7,12.46,5834.56
837,11,0,7,12.4528,5788.6
1774,11,0,7,12.4385,5709.83
849,11,0,7,12.4354,5691.23
105,11,0,8,12.7499,7421.57,0.0435,189.734,0.48,9
1967,11,0,8,12.7126,7224.51
107,11,0,8,12.7074,7194.89
1978,11,0,8,12.6983,7139.99
1979,11,0,8,12.6666,6930.81
329,11,0,8,12.6644,6913.36
2114,11,0,8,12.6599,6890.16
335,11,0,8,12.6494,6829.02
1819,11,0,8,12.6445,6800.08
344,11,0,8,12.6279,6702.83
349,11,0,8,12.6138,6619.75
358,11,0,8,12.6013,6550.45
805,11,0,8,12.5899,6487.16
811,11,0,8,12.588,6469.43
819,11,0,8,12.5663,6348.26
1970,11,0,9,12.8288,7803.66,0.0341667,149.025,0.09,10
124,11,0,9,12.8079,7690.98
105,11,0,9,12.7934,7611.3
1968,11,0,10,12.9401,8340.55,0,0,0
118,11,0,10,12.9006,8142.13
117,11,0,10,12.8934,8106.15
122,11,0,10,12.8762,8019.23
1970,11,0,10,12.863,7952.68
105,12,0,0,11.173,499.965,0.104333,455.071,0.4,1
124,12,0,0,11.1597,425.166
1970,12,0,0,11.1439,332.084
122,12,0,0,11.131,266.81
117,12,0,0,11.1156,187.792
118,12,0,0,11.1078,149.07
1968,12,0,0,11.08,0
320,12,0,1,11.332,1306.15,0.0905,394.734,0.38,2
1978,12,0,1,11.3134,1185.95
107,12,0,1,11.3049,1131.84
1967,12,0,1,11.3019,1103.14
105,12,0,1,11.2773,955.035
344,12,0,2,11.5247,2288.05,0.0798333,348.209,0.09,3
1819,12,0,2,11.5113,2194.53
335,12,0,2,11.5063,2165.58
2114,12,0,2,11.491,2084.78
329,12,0,2,11.4885,2069.73
2116,12,0,2,11.4833,2042.86
327,12,0,2,11.4689,1964.19
324,12,0,2,11.4645,1941.68
319,12,0,2,11.4351,1786.59
320,12,0,2,11.4225,1700.89
849,12,0,3,11.724,3312.69,0.0695,303.138,0.23,4
1774,12,0,3,11.7204,3292.69
837,12,0,3,11.7082,3222.25
2010,12,0,3,11.6996,3173.95
2009,12,0,3,11.6775,3053.53
819,12,0,3,11.6704,3006.03
811,12,0,3,11.6492,2887.42
805,12,0,3,11.6457,2867.98
358,12,0,3,11.6351,2808.47
349,12,0,3,11.6176,2717.86
344,12,0,3,11.6045,2636.26
850,12,0,4,11.801,3665.31,0.0711667,310.408,0.1,5
849,12,0,4,11.7935,3615.83
2176,12,0,5,11.9222,4295.9,0.0568333,247.89,0.16,6
2066,12,0,5,11.912,4228.79
869,12,0,5,11.9015,4153.78
865,12,0,5,11.8849,4060.67
852,12,0,5,11.8781,4018.7
850,12,0,5,11.8722,3975.72
1306,12,0,6,12.0116,4731.22,0.0833333,363.475,0.03,7
1599,12,0,6,11.9957,4641.78
1300,12,0,6,11.9919,4616.06
1298,12,0,6,11.9857,4583.15
2176,12,0,6,11.9791,4543.79
869,12,0,7,12.1743,5521.48,0.0443333,193.369,0.11,8
2066,12,0,7,12.1469,5385.54
1297,12,0,7,12.1164,5227.96
1299,12,0,7,12.1104,5194.41
1600,12,0,7,12.109,5180.96
1306,12,0,7,12.095,5094.7
819,12,0,8,12.2994,6231.23,0.0838333,365.656,0.48,9
2009,12,0,8,12.2927,6184.02
2010,12,0,8,12.277,6083.18
837,12,0,8,12.2698,6037.22
1774,12,0,8,12.2555,5958.44
849,12,0,8,12.2524,5939.84
850,12,0,8,12.2467,5890.38
852,12,0,8,12.2392,5845.75
865,12,0,8,12.2325,5803.9
869,12,0,8,12.2186,5714.85
1970,12,0,9,12.6023,7862.54,0.0341667,149.025,0.09,10
124,12,0,9,12.5814,7749.86
105,12,0,9,12.5669,7670.18
1967,12,0,9,12.5296,7473.12
107,12,0,9,12.5244,7443.5
1978,12,0,9,12.5153,7388.61
1979,12,0,9,12.4836,7179.42
329,12,0,9,12.4814,7161.98
2114,12,0,9,12.4769,7138.77
335,12,0,9,12.4664,7077.64
1819,12,0,9,12.4615,7048.7
344,12,0,9,12.4449,6951.45
349,12,0,9,12.4308,6868.37
358,12,0,9,12.4183,6799.06
805,12,0,9,12.4068,6735.78
811,12,0,9,12.405,6718.04
819,12,0,9,12.3833,6596.88
1968,12,0,10,12.7136,8399.44,0,0,0
118,12,0,10,12.6741,8201.01
117,12,0,10,12.6669,8165.03
122,12,0,10,12.6497,8078.12
1970,12,0,10,12.6365,8011.56
105,13,0,0,11.233,499.965,0.104333,455.071,0.4,1
124,13,0,0,11.2197,425.166
1970,13,0,0,11.2039,332.084
122,13,0,0,11.191,266.81
117,13,0,0,11.1756,187.792
118,13,0,0,11.1678,149.07
1968,13,0,0,11.14,0
320,13,0,1,11.392,1306.15,0.0905,394.734,0.38,2
1978,13,0,1,11.3734,1185.95
107,13,0,1,11.3649,1131.84
1967,13,0,1,11.3619,1103.14
105,13,0,1,11.3373,955.035
344,13,0,2,11.5847,2288.05,0.0798333,348.209,0.09,3
1819,13,0,2,11.5713,2194.53
335,13,0,2,11.5663,2165.58
2114,13,0,2,11.551,2084.78
329,13,0,2,11.5485,2069.73
2116,13,0,2,11.5433,2042.86
327,13,0,2,11.5289,1964.19
324,13,0,2,11.5245,1941.68
319,13,0,2,11.4951,1786.59
320,13,0,2,11.4825,1700.89
849,13,0,3,11.784,3312.69,0.0695,303.138,0.23,4
1774,13,0,3,11.7804,3292.69
837,13,0,3,11.7682,3222.25
2010,13,0,3,11.7596,3173.95
2009,13,0,3,11.7375,3053.53
819,13,0,3,11.7304,3006.03
811,13,0,3,11.7092,2887.42
805,13,0,3,11.7057,2867.98
358,13,0,3,11.6951,2808.47
349,13,0,3,11.6776,2717.86
344,13,0,3,11.6645,2636.26
2176,13,0,4,11.9111,3985.49,0.0568333,247.89,0.16,5
2066,13,0,4,11.9009,3918.38
869,13,0,4,11.8903,3843.37
865,13,0,4,11.8738,3750.26
852,13,0,4,11.867,3708.29
850,13,0,4,11.861,3665.31
849,13,0,4,11.8535,3615.83
1306,13,0,5,12.0005,4420.82,0.0833333,363.475,0.03,6
1599,13,0,5,11.9845,4331.37
1300,13,0,5,11.9807,4305.65
1298,13,0,5,11.9745,4272.75
2176,13,0,5,11.9679,4233.38
869,13,0,6,12.1631,5211.08,0.0443333,193.369,0.11,7
2066,13,0,6,12.1357,5075.13
1297,13,0,6,12.1053,4917.55
1299,13,0,6,12.0992,4884
1600,13,0,6,12.0978,4870.55
1306,13,0,6,12.0838,4784.29
850,13,0,7,12.2355,5579.97,0.1105,481.968,0.03,8
852,13,0,7,12.228,5535.34
865,13,0,7,12.2213,5493.5
869,13,0,7,12.2074,5404.45
819,13,0,8,12.3988,6402.79,0.0838333,365.656,0.48,9
2009,13,0,8,12.3921,6355.58
2010,13,0,8,12.3764,6254.74
837,13,0,8,12.3692,6208.78
1774,13,0,8,12.3548,6130
849,13,0,8,12.3517,6111.4
850,13,0,8,12.346,6061.94
1970,13,0,9,12.7016,8034.1,0.0341667,149.025,0.09,10
124,13,0,9,12.6807,7921.42
105,13,0,9,12.6663,7841.75
1967,13,0,9,12.6289,7644.68
107,13,0,9,12.6237,7615.06
1978,13,0,9,12.6147,7560.17
1979,13,0,9,12.5829,7350.98
329,13,0,9,12.5807,7333.54
2114,13,0,9,12.5762,7310.33
335,13,0,9,12.5658,7249.2
1819,13,0,9,12.5608,7220.26
344,13,0,9,12.5442,7123.01
349,13,0,9,12.5301,7039.93
358,13,0,9,12.5177,6970.62
805,13,0,9,12.5062,6907.34
811,13,0,9,12.5044,6889.6
819,13,0,9,12.4826,6768.44
1968,13,0,10,12.8129,8571,0,0,0
118,13,0,10,12.7734,8372.57
117,13,0,10,12.7663,8336.59
122,13,0,10,12.749,8249.68
1970,13,0,10,12.7358,8183.12
105,14,0,0,11.333,499.965,0.104333,455.071,0.4,1
124,14,0,0,11.3197,425.166
1970,14,0,0,11.3039,332.084
122,14,0,0,11.291,266.81
117,14,0,0,11.2756,187.792
118,14,0,0,11.2678,149.07
1968,14,0,0,11.24,0
320,14,0,1,11.492,1306.15,0.0905,394.734,0.38,2
1978,14,0,1,11.4734,1185.95
107,14,0,1,11.4649,1131.84
1967,14,0,1,11.4619,1103.14
105,14,0,1,11.4373,955.035
344,14,0,2,11.6847,2288.05,0.0798333,348.209,0.09,3
1819,14,0,2,11.6713,2194.53
335,14,0,2,11.6663,2165.58
2114,14,0,2,11.651,2084.78
329,14,0,2,11.6485,2069.73
2116,14,0,2,11.6433,2042.86
327,14,0,2,11.6288,1964.19
324,14,0,2,11.6245,1941.68
319,14,0,2,11.5951,1786.59
320,14,0,2,11.5825,1700.89
2176,14,0,3,11.9416,3682.36,0.0568333,247.89,0.16,4
2066,14,0,3,11.9314,3615.25
869,14,0,3,11.9208,3540.23
865,14,0,3,11.9043,3447.12
852,14,0,3,11.8975,3405.15
850,14,0,3,11.8915,3362.17
849,14,0,3,11.884,3312.69
1774,14,0,3,11.8804,3292.69
837,14,0,3,11.8682,3222.25
2010,14,0,3,11.8596,3173.95
2009,14,0,3,11.8375,3053.53
819,14,0,3,11.8304,3006.03
811,14,0,3,11.8092,2887.42
805,14,0,3,11.8057,2867.98
358,14,0,3,11.7951,2808.47
349,14,0,3,11.7776,2717.86
344,14,0,3,11.7645,2636.26
1306,14,0,4,12.031,4117.68,0.0833333,363.475,0.03,5
1599,14,0,4,12.015,4028.23
1300,14,0,4,12.0112,4002.52
1298,14,0,4,12.005,3969.61
2176,14,0,4,11.9984,3930.25
869,14,0,5,12.1936,4907.94,0.0443333,193.369,0.11,6
2066,14,0,5,12.1662,4771.99
1297,14,0,5,12.1358,4614.41
1299,14,0,5,12.1297,4580.86
1600,14,0,5,12.1283,4567.42
1306,14,0,5,12.1143,4481.15
850,14,0,6,12.266,5276.84,0.1105,481.968,0.03,7
852,14,0,6,12.2585,5232.2
865,14,0,6,12.2518,5190.36
869,14,0,6,12.2379,5101.31
849,14,0,7,12.3822,5808.26,0.0775,338.032,0.22,8
850,14,0,7,12.3765,5758.8
819,14,0,8,12.5068,6437.68,0.0838333,365.656,0.48,9
2009,14,0,8,12.5001,6390.47
2010,14,0,8,12.4844,6289.63
837,14,0,8,12.4772,6243.67
1774,14,0,8,12.4628,6164.9
849,14,0,8,12.4597,6146.3
1970,14,0,9,12.8096,8068.99,0.0341667,149.025,0.09,10
124,14,0,9,12.7887,7956.32
105,14,0,9,12.7743,7876.64
1967,14,0,9,12.7369,7679.58
107,14,0,9,12.7317,7649.96
1978,14,0,9,12.7227,7595.07
1979,14,0,9,12.6909,7385.88
329,14,0,9,12.6887,7368.43
2114,14,0,9,12.6842,7345.23
335,14,0,9,12.6738,7284.09
1819,14,0,9,12.6688,7255.16
344,14,0,9,12.6522,7157.9
349,14,0,9,12.6381,7074.82
358,14,0,9,12.6257,7005.52
805,14,0,9,12.6142,6942.24
811,14,0,9,12.6124,6924.5
819,14,0,9,12.5906,6803.34
1968,14,0,10,12.9209,8605.89,0,0,0
118,14,0,10,12.8814,8407.46
117,14,0,10,12.8743,8371.49
122,14,0,10,12.857,8284.57
1970,14,0,10,12.8438,8218.02
105,15,0,0,11.373,499.965,0.104333,455.071,0.4,1
124,15,0,0,11.3597,425.166
1970,15,0,0,11.3439,332.084
122,15,0,0,11.331,266.81
117,15,0,0,11.3156,187.792
118,15,0,0,11.3078,149.07
1968,15,0,0,11.28,0
320,15,0,1,11.532,1306.15,0.0905,394.734,0.38,2
1978,15,0,1,11.5134,1185.95
107,15,0,1,11.5049,1131.84
1967,15,0,1,11.5019,1103.14
105,15,0,1,11.4773,955.035
344,15,0,2,11.7247,2288.05,0.0798333,348.209,0.09,3
1819,15,0,2,11.7113,2194.53
335,15,0,2,11.7063,2165.58
2114,15,0,2,11.691,2084.78
329,15,0,2,11.6885,2069.73
2116,15,0,2,11.6833,2042.86
327,15,0,2,11.6688,1964.19
324,15,0,2,11.6645,1941.68
319,15,0,2,11.6351,1786.59
320,15,0,2,11.6225,1700.89
849,15,0,3,11.924,3312.69,0.0695,303.138,0.23,4
1774,15,0,3,11.9204,3292.69
837,15,0,3,11.9082,3222.25
2010,15,0,3,11.8996,3173.95
2009,15,0,3,11.8775,3053.53
819,15,0,3,11.8704,3006.03
811,15,0,3,11.8492,2887.42
805,15,0,3,11.8457,2867.98
358,15,0,3,11.8351,2808.47
349,15,0,3,11.8176,2717.86
344,15,0,3,11.8045,2636.26
850,15,0,4,12.001,3665.31,0.1105,481.968,0.03,5
849,15,0,4,11.9935,3615.83
869,15,0,5,12.1384,4321.73,0.0443333,193.369,0.11,6
865,15,0,5,12.1237,4231.52
852,15,0,5,12.1175,4190.26
850,15,0,5,12.1115,4147.28
2176,15,0,6,12.2038,4657.41,0.0963333,420.177,0.14,7
2066,15,0,6,12.1936,4590.25
869,15,0,6,12.1828,4515.1
1306,15,0,7,12.3339,5268.82,0.0833333,363.475,0.03,8
1599,15,0,7,12.3164,5172.37
1300,15,0,7,12.312,5145.95
1298,15,0,7,12.3067,5116.77
2176,15,0,7,12.3002,5077.59
819,15,0,8,12.5774,6575.46,0.0838333,365.656,0.48,9
2009,15,0,8,12.5707,6528.25
2010,15,0,8,12.555,6427.41
837,15,0,8,12.5478,6381.45
1774,15,0,8,12.5334,6302.67
849,15,0,8,12.5303,6284.07
850,15,0,8,12.5247,6234.61
852,15,0,8,12.5171,6189.98
865,15,0,8,12.5104,6148.13
869,15,0,8,12.4966,6059.08
2066,15,0,8,12.4692,5923.14
1297,15,0,8,12.4387,5765.55
1299,15,0,8,12.4327,5732.01
1600,15,0,8,12.4313,5718.56
1306,15,0,8,12.4173,5632.3
1970,15,0,9,12.8803,8206.77,0.0341667,149.025,0.09,10
124,15,0,9,12.8594,8094.09
105,15,0,9,12.8449,8014.41
1967,15,0,9,12.8075,7817.35
107,15,0,9,12.8023,7787.73
1978,15,0,9,12.7933,7732.84
1979,15,0,9,12.7615,7523.65
329,15,0,9,12.7594,7506.21
2114,15,0,9,12.7548,7483
335,15,0,9,12.7444,7421.87
1819,15,0,9,12.7394,7392.93
344,15,0,9,12.7229,7295.68
349,15,0,9,12.7088,7212.6
358,15,0,9,12.6963,7143.29
805,15,0,9,12.6848,7080.01
811,15,0,9,12.683,7062.27
819,15,0,9,12.6612,6941.11
1968,15,0,10,12.9915,8743.67,0,0,0
118,15,0,10,12.952,8545.24
117,15,0,10,12.9449,8509.26
122,15,0,10,12.9276,8422.35
1970,15,0,10,12.9144,8355.79
105,16,0,0,11.353,499.965,0.104333,455.071,0.4,1
124,16,0,0,11.3397,425.166
1970,16,0,0,11.3239,332.084
122,16,0,0,11.311,266.81
117,16,0,0,11.2956,187.792
118,16,0,0,11.2878,149.07
1968,16,0,0,11.26,0
320,16,0,1,11.512,1306.15,0.0905,394.734,0.38,2
1978,16,0,1,11.4934,1185.95
107,16,0,1,11.4849,1131.84
1967,16,0,1,11.4819,1103.14
105,16,0,1,11.4573,955.035
344,16,0,2,11.7047,2288.05,0.0798333,348.209,0.09,3
1819,16,0,2,11.6913,2194.53
335,16,0,2,11.6863,2165.58
2114,16,0,2,11.671,2084.78
329,16,0,2,11.6685,2069.73
2116,16,0,2,11.6633,2042.86
327,16,0,2,11.6489,1964.19
324,16,0,2,11.6445,1941.68
319,16,0,2,11.6151,1786.59
320,16,0,2,11.6025,1700.89
869,16,0,3,11.9408,3540.23,0.0495,215.904,0.11,4
865,16,0,3,11.9243,3447.12
852,16,0,3,11.9175,3405.15
850,16,0,3,11.9115,3362.17
849,16,0,3,11.904,3312.69
1774,16,0,3,11.9004,3292.69
837,16,0,3,11.8882,3222.25
2010,16,0,3,11.8796,3173.95
2009,16,0,3,11.8575,3053.53
819,16,0,3,11.8504,3006.03
811,16,0,3,11.8292,2887.42
805,16,0,3,11.8257,2867.98
358,16,0,3,11.8151,2808.47
349,16,0,3,11.7976,2717.86
344,16,0,3,11.7845,2636.26
2176,16,0,4,12.0111,3898.26,0.0963333,420.177,0.14,5
2066,16,0,4,12.0009,3831.15
869,16,0,4,11.9903,3756.13
1306,16,0,5,12.1412,4509.67,0.0833333,363.475,0.03,6
1599,16,0,5,12.1236,4413.22
1300,16,0,5,12.1193,4386.8
1298,16,0,5,12.1139,4357.62
2176,16,0,5,12.1074,4318.44
850,16,0,6,12.3319,5475.46,0.1105,481.968,0.03,7
852,16,0,6,12.3244,5430.82
865,16,0,6,12.3177,5388.98
869,16,0,6,12.3038,5299.93
2066,16,0,6,12.2765,5163.99
1297,16,0,6,12.246,5006.4
1299,16,0,6,12.24,4972.86
1600,16,0,6,12.2385,4959.41
1306,16,0,6,12.2245,4873.15
849,16,0,7,12.4481,6006.89,0.0775,338.032,0.22,8
850,16,0,7,12.4424,5957.43
819,16,0,8,12.5727,6636.3,0.0838333,365.656,0.48,9
2009,16,0,8,12.566,6589.1
2010,16,0,8,12.5502,6488.25
837,16,0,8,12.5431,6442.3
1774,16,0,8,12.5287,6363.52
849,16,0,8,12.5256,6344.92
1970,16,0,9,12.8755,8267.62,0.0341667,149.025,0.09,10
124,16,0,9,12.8546,8154.94
105,16,0,9,12.8402,8075.26
1967,16,0,9,12.8028,7878.2
107,16,0,9,12.7976,7848.58
1978,16,0,9,12.7885,7793.69
1979,16,0,9,12.7568,7584.5
329,16,0,9,12.7546,7567.06
2114,16,0,9,12.7501,7543.85
335,16,0,9,12.7396,7482.72
1819,16,0,9,12.7347,7453.78
344,16,0,9,12.7181,7356.53
349,16,0,9,12.704,7273.45
358,16,0,9,12.6915,7204.14
805,16,0,9,12.6801,7140.86
811,16,0,9,12.6783,7123.12
819,16,0,9,12.6565,7001.96
1968,16,0,10,12.9868,8804.51,0,0,0
118,16,0,10,12.9473,8606.09
117,16,0,10,12.9402,8570.11
122,16,0,10,12.9229,8483.2
1970,16,0,10,12.9097,8416.64
1970,17,0,0,11.2939,332.084,0.0768333,335.124,0.08,1
122,17,0,0,11.281,266.81
117,17,0,0,11.2656,187.792
118,17,0,0,11.2578,149.07
1968,17,0,0,11.23,0
105,17,0,1,11.3998,835.089,0.104333,455.071,0.4,2
124,17,0,1,11.3865,760.29
1970,17,0,1,11.3707,667.208
320,17,0,2,11.5588,1641.28,0.0905,394.734,0.38,3
1978,17,0,2,11.5402,1521.07
107,17,0,2,11.5318,1466.97
1967,17,0,2,11.5288,1438.26
105,17,0,2,11.5042,1290.16
344,17,0,3,11.7515,2623.18,0.0798333,348.209,0.09,4
1819,17,0,3,11.7381,2529.65
335,17,0,3,11.7332,2500.7
2114,17,0,3,11.7178,2419.91
329,17,0,3,11.7153,2404.85
2116,17,0,3,11.7102,2377.98
327,17,0,3,11.6957,2299.31
324,17,0,3,11.6913,2276.8
319,17,0,3,11.6619,2121.71
320,17,0,3,11.6493,2036.01
2176,17,0,4,12.0084,4017.48,0.0963333,420.177,0.14,5
2066,17,0,4,11.9982,3950.37
869,17,0,4,11.9876,3875.35
865,17,0,4,11.9711,3782.25
852,17,0,4,11.9643,3740.28
850,17,0,4,11.9583,3697.29
849,17,0,4,11.9509,3647.82
1774,17,0,4,11.9473,3627.82
837,17,0,4,11.935,3557.37
2010,17,0,4,11.9264,3509.08
2009,17,0,4,11.9043,3388.65
819,17,0,4,11.8972,3341.16
811,17,0,4,11.876,3222.54
805,17,0,4,11.8725,3203.11
358,17,0,4,11.8619,3143.6
349,17,0,4,11.8444,3052.98
344,17,0,4,11.8313,2971.38
1306,17,0,5,12.1385,4628.89,0.0833333,363.475,0.03,6
1599,17,0,5,12.121,4532.44
1300,17,0,5,12.1166,4506.02
1298,17,0,5,12.1113,4476.84
2176,17,0,5,12.1047,4437.66
869,17,0,6,12.3012,5419.15,0.0443333,193.369,0.11,7
2066,17,0,6,12.2738,5283.21
1297,17,0,6,12.2433,5125.62
1299,17,0,6,12.2373,5092.08
1600,17,0,6,12.2358,5078.63
1306,17,0,6,12.2218,4992.37
850,17,0,7,12.3736,5788.05,0.1105,481.968,0.03,8
852,17,0,7,12.3661,5743.41
865,17,0,7,12.3593,5701.57
869,17,0,7,12.3455,5612.52
849,17,0,8,12.4898,6319.48,0.0775,338.032,0.22,9
850,17,0,8,12.4841,6270.02
819,17,0,9,12.6143,6948.89,0.0838333,365.656,0.48,10
2009,17,0,9,12.6076,6901.69
2010,17,0,9,12.5919,6800.84
837,17,0,9,12.5847,6754.89
1774,17,0,9,12.5704,6676.11
849,17,0,9,12.5673,6657.51
1968,17,0,10,12.9943,8968.35,0,0,0
118,17,0,10,12.9551,8771.07
117,17,0,10,12.9477,8733.68
122,17,0,10,12.9304,8646.76
1970,17,0,10,12.9172,8580.21
124,17,0,10,12.8963,8467.53
105,17,0,10,12.8818,8387.85
1967,17,0,10,12.8445,8190.79
107,17,0,10,12.8392,8161.17
1978,17,0,10,12.8302,8106.28
1979,17,0,10,12.7984,7897.09
329,17,0,10,12.7963,7879.65
2114,17,0,10,12.7917,7856.44
335,17,0,10,12.7813,7795.31
1819,17,0,10,12.7763,7766.37
344,17,0,10,12.7598,7669.12
349,17,0,10,12.7457,7586.03
358,17,0,10,12.7332,7516.73
805,17,0,10,12.7217,7453.45
811,17,0,10,12.7199,7435.71
819,17,0,10,12.6982,7314.55
320,18,0,0,11.4177,851.082,0.0905,394.734,0.38,1
1978,18,0,0,11.3991,730.88
107,18,0,0,11.3906,676.772
1967,18,0,0,11.3876,648.066
105,18,0,0,11.363,499.965
124,18,0,0,11.3497,425.166
1970,18,0,0,11.3339,332.084
122,18,0,0,11.321,266.81
117,18,0,0,11.3056,187.792
118,18,0,0,11.2978,149.07
1968,18,0,0,11.27,0
344,18,0,1,11.6103,1832.98,0.0798333,348.209,0.09,2
1819,18,0,1,11.597,1739.46
335,18,0,1,11.592,1710.51
2114,18,0,1,11.5767,1629.71
329,18,0,1,11.5741,1614.66
2116,18,0,1,11.569,1587.79
327,18,0,1,11.5545,1509.12
324,18,0,1,11.5502,1486.61
319,18,0,1,11.5208,1331.52
320,18,0,1,11.5082,1245.82
849,18,0,2,11.8097,2857.62,0.0695,303.138,0.23,3
1774,18,0,2,11.8061,2837.62
837,18,0,2,11.7938,2767.18
2010,18,0,2,11.7853,2718.88
2009,18,0,2,11.7631,2598.46
819,18,0,2,11.756,2550.96
811,18,0,2,11.7348,2432.35
805,18,0,2,11.7313,2412.91
358,18,0,2,11.7207,2353.4
349,18,0,2,11.7033,2262.79
344,18,0,2,11.6902,2181.19
2176,18,0,3,11.9367,3530.42,0.0568333,247.89,0.16,4
2066,18,0,3,11.9265,3463.31
869,18,0,3,11.916,3388.3
865,18,0,3,11.8995,3295.19
852,18,0,3,11.8926,3253.22
850,18,0,3,11.8867,3210.24
849,18,0,3,11.8792,3160.76
1306,18,0,4,12.0261,3965.75,0.0833333,363.475,0.03,5
1599,18,0,4,12.0102,3876.3
1300,18,0,4,12.0064,3850.58
1298,18,0,4,12.0002,3817.68
2176,18,0,4,11.9936,3778.31
869,18,0,5,12.1888,4756.01,0.0443333,193.369,0.11,6
2066,18,0,5,12.1614,4620.06
1297,18,0,5,12.1309,4462.48
1299,18,0,5,12.1249,4428.93
1600,18,0,5,12.1235,4415.48
1306,18,0,5,12.1095,4329.22
850,18,0,6,12.2612,5124.9,0.1105,481.968,0.03,7
852,18,0,6,12.2537,5080.27
865,18,0,6,12.247,5038.43
869,18,0,6,12.2331,4949.38
819,18,0,7,12.4244,5947.72,0.0838333,365.656,0.48,8
2009,18,0,7,12.4177,5900.51
2010,18,0,7,12.402,5799.67
837,18,0,7,12.3948,5753.71
1774,18,0,7,12.3805,5674.93
849,18,0,7,12.3774,5656.33
850,18,0,7,12.3717,5606.87
1970,18,0,8,12.7273,7579.03,0.0341667,149.025,0.09,9
124,18,0,8,12.7064,7466.35
105,18,0,8,12.6919,7386.67
1967,18,0,8,12.6546,7189.61
107,18,0,8,12.6494,7159.99
1978,18,0,8,12.6403,7105.1
1979,18,0,8,12.6086,6895.91
329,18,0,8,12.6064,6878.47
2114,18,0,8,12.6019,6855.26
335,18,0,8,12.5914,6794.13
1819,18,0,8,12.5865,6765.19
344,18,0,8,12.5699,6667.94
349,18,0,8,12.5558,6584.86
358,18,0,8,12.5433,6515.55
805,18,0,8,12.5319,6452.27
811,18,0,8,12.53,6434.53
819,18,0,8,12.5083,6313.37
1968,18,0,9,12.8386,8115.93,0,0,0
118,18,0,9,12.7991,7917.5
117,18,0,9,12.7919,7881.52
122,18,0,9,12.7747,7794.61
1970,18,0,9,12.7615,7728.05
105,18,1,0,9.96826,522.901,0.1085,473.244,0.3,1
124,18,1,0,9.95272,438.596
1970,18,1,0,9.93717,345.923
122,18,1,0,9.9244,281.164
117,18,1,0,9.90485,184.747
118,18,1,0,9.89805,150.127
1968,18,1,0,9.87,0
1968,18,1,1,10.1772,1525.79,0,0,0
118,18,1,1,10.1447,1356.71
117,18,1,1,10.1374,1320.07
122,18,1,1,10.1208,1235.7
1970,18,1,1,10.1088,1174.12
124,18,1,1,10.0895,1068.77
105,18,1,1,10.0768,996.145
320,19,0,0,11.5477,851.082,0.0905,394.734,0.38,1
1978,19,0,0,11.5291,730.88
107,19,0,0,11.5206,676.772
1967,19,0,0,11.5176,648.066
105,19,0,0,11.493,499.965
124,19,0,0,11.4797,425.166
1970,19,0,0,11.4639,332.084
122,19,0,0,11.451,266.81
117,19,0,0,11.4356,187.792
118,19,0,0,11.4278,149.07
1968,19,0,0,11.4,0
2176,19,0,1,11.9268,2838.28,0.0568333,247.89,0.16,2
2066,19,0,1,11.9164,2770.94
869,19,0,1,11.905,2695.31
1856,19,0,1,11.8772,2567.83
855,19,0,1,11.877,2567.12
854,19,0,1,11.8748,2553.53
841,19,0,1,11.8563,2454.48
829,19,0,1,11.8416,2372.13
831,19,0,1,11.8288,2306.55
2153,19,0,1,11.8288,2306.47
821,19,0,1,11.8149,2237.12
2008,19,0,1,11.8064,2194.33
812,19,0,1,11.7899,2103.01
807,19,0,1,11.7897,2102.22
356,19,0,1,11.7769,2031.8
1981,19,0,1,11.7647,1948.29
345,19,0,1,11.743,1838.22
341,19,0,1,11.7335,1787.97
2132,19,0,1,11.7333,1785.93
328,19,0,1,11.7194,1694.35
2115,19,0,1,11.708,1635.36
329,19,0,1,11.7041,1614.66
2116,19,0,1,11.699,1587.79
327,19,0,1,11.6845,1509.12
324,19,0,1,11.6802,1486.61
319,19,0,1,11.6508,1331.52
320,19,0,1,11.6382,1245.82
1306,19,0,2,12.0162,3273.6,0.0833333,363.475,0.03,3
1599,19,0,2,12.0003,3184.16
1300,19,0,2,11.9964,3158.44
1298,19,0,2,11.9903,3125.53
2176,19,0,2,11.9836,3086.17
869,19,0,3,12.1788,4063.86,0.0443333,193.369,0.11,4
2066,19,0,3,12.1515,3927.92
1297,19,0,3,12.121,3770.33
1299,19,0,3,12.115,3736.79
1600,19,0,3,12.1135,3723.34
1306,19,0,3,12.0995,3637.08
850,19,0,4,12.2512,4432.76,0.1105,481.968,0.03,5
852,19,0,4,12.2437,4388.12
865,19,0,4,12.237,4346.28
869,19,0,4,12.2232,4257.23
849,19,0,5,12.3674,4964.19,0.0775,338.032,0.22,6
850,19,0,5,12.3617,4914.73
819,19,0,6,12.492,5593.6,0.0838333,365.656,0.48,7
2009,19,0,6,12.4853,5546.4
2010,19,0,6,12.4696,5445.55
837,19,0,6,12.4624,5399.6
1774,19,0,6,12.448,5320.82
849,19,0,6,12.4449,5302.22
344,19,0,7,12.6375,6313.83,0.0863333,376.56,0.09,8
349,19,0,7,12.6234,6230.74
358,19,0,7,12.6109,6161.44
805,19,0,7,12.5994,6098.16
811,19,0,7,12.5976,6080.42
819,19,0,7,12.5758,5959.26
1970,19,0,8,12.8812,7601.48,0.0341667,149.025,0.09,9
124,19,0,8,12.8603,7488.8
105,19,0,8,12.8458,7409.12
1967,19,0,8,12.8085,7212.06
107,19,0,8,12.8032,7182.44
1978,19,0,8,12.7942,7127.55
1979,19,0,8,12.7624,6918.36
329,19,0,8,12.7603,6900.92
2114,19,0,8,12.7557,6877.71
335,19,0,8,12.7453,6816.58
1819,19,0,8,12.7403,6787.64
344,19,0,8,12.7238,6690.39
1968,19,0,9,12.9924,8138.37,0,0,0
118,19,0,9,12.9529,7939.95
117,19,0,9,12.9458,7903.97
122,19,0,9,12.9286,7817.05
1970,19,0,9,12.9154,7750.5
105,19,1,0,9.99826,522.901,0.1085,473.244,0.3,1
124,19,1,0,9.98272,438.596
1970,19,1,0,9.96717,345.923
122,19,1,0,9.9544,281.164
117,19,1,0,9.93485,184.747
118,19,1,0,9.92805,150.127
1968,19,1,0,9.9,0
1968,19,1,1,10.2072,1525.79,0,0,0
118,19,1,1,10.1747,1356.71
117,19,1,1,10.1674,1320.07
122,19,1,1,10.1508,1235.7
1970,19,1,1,10.1388,1174.12
124,19,1,1,10.1195,1068.77
105,19,1,1,10.1068,996.145
320,20,0,0,11.5577,851.082,0.0905,394.734,0.38,1
1978,20,0,0,11.5391,730.88
107,20,0,0,11.5306,676.772
1967,20,0,0,11.5276,648.066
105,20,0,0,11.503,499.965
124,20,0,0,11.4897,425.166
1970,20,0,0,11.4739,332.084
122,20,0,0,11.461,266.81
117,20,0,0,11.4456,187.792
118,20,0,0,11.4378,149.07
1968,20,0,0,11.41,0
2176,20,0,1,11.9368,2838.28,0.0568333,247.89,0.16,2
2066,20,0,1,11.9264,2770.94
869,20,0,1,11.915,2695.31
1856,20,0,1,11.8872,2567.83
855,20,0,1,11.887,2567.12
854,20,0,1,11.8848,2553.53
841,20,0,1,11.8663,2454.48
829,20,0,1,11.8516,2372.13
831,20,0,1,11.8388,2306.55
2153,20,0,1,11.8388,2306.47
821,20,0,1,11.8249,2237.12
2008,20,0,1,11.8164,2194.33
812,20,0,1,11.7999,2103.01
807,20,0,1,11.7997,2102.22
356,20,0,1,11.7869,2031.8
1981,20,0,1,11.7747,1948.29
345,20,0,1,11.753,1838.22
341,20,0,1,11.7435,1787.97
2132,20,0,1,11.7433,1785.93
328,20,0,1,11.7294,1694.35
2115,20,0,1,11.718,1635.36
329,20,0,1,11.7141,1614.66
2116,20,0,1,11.709,1587.79
327,20,0,1,11.6945,1509.12
324,20,0,1,11.6902,1486.61
319,20,0,1,11.6608,1331.52
320,20,0,1,11.6482,1245.82
1306,20,0,2,12.0262,3273.6,0.0833333,363.475,0.03,3
1599,20,0,2,12.0103,3184.16
1300,20,0,2,12.0064,3158.44
1298,20,0,2,12.0003,3125.53
2176,20,0,2,11.9936,3086.17
869,20,0,3,12.1888,4063.86,0.0443333,193.369,0.11,4
2066,20,0,3,12.1615,3927.92
1297,20,0,3,12.131,3770.33
1299,20,0,3,12.125,3736.79
1600,20,0,3,12.1235,3723.34
1306,20,0,3,12.1095,3637.08
850,20,0,4,12.2612,4432.76,0.1105,481.968,0.03,5
852,20,0,4,12.2537,4388.12
865,20,0,4,12.247,4346.28
869,20,0,4,12.2332,4257.23
849,20,0,5,12.3774,4964.19,0.0775,338.032,0.22,6
850,20,0,5,12.3717,4914.73
819,20,0,6,12.502,5593.6,0.0838333,365.656,0.48,7
2009,20,0,6,12.4953,5546.4
2010,20,0,6,12.4796,5445.55
837,20,0,6,12.4724,5399.6
1774,20,0,6,12.458,5320.82
849,20,0,6,12.4549,5302.22
344,20,0,7,12.6475,6313.83,0.0863333,376.56,0.09,8
349,20,0,7,12.6334,6230.74
358,20,0,7,12.6209,6161.44
805,20,0,7,12.6094,6098.16
811,20,0,7,12.6076,6080.42
819,20,0,7,12.5858,5959.26
1968,20,0,8,12.9683,7989.35,0,0,0
118,20,0,8,12.9288,7790.92
117,20,0,8,12.9217,7754.95
122,20,0,8,12.9044,7668.03
1970,20,0,8,12.8912,7601.48
124,20,0,8,12.8703,7488.8
105,20,0,8,12.8558,7409.12
1967,20,0,8,12.8185,7212.06
107,20,0,8,12.8132,7182.44
1978,20,0,8,12.8042,7127.55
1979,20,0,8,12.7724,6918.36
329,20,0,8,12.7703,6900.92
2114,20,0,8,12.7657,6877.71
335,20,0,8,12.7553,6816.58
1819,20,0,8,12.7503,6787.64
344,20,0,8,12.7338,6690.39
105,20,1,0,9.94826,522.901,0.1085,473.244,0.3,1
124,20,1,0,9.93272,438.596
1970,20,1,0,9.91717,345.923
122,20,1,0,9.9044,281.164
117,20,1,0,9.88485,184.747
118,20,1,0,9.87805,150.127
1968,20,1,0,9.85,0
1970,20,1,1,10.0888,1174.12,0.0656667,286.418,0.08,2
124,20,1,1,10.0695,1068.77
105,20,1,1,10.0568,996.145
1968,20,1,2,10.2229,1812.21,0,0,0
118,20,1,2,10.1904,1643.13
117,20,1,2,10.1831,1606.49
122,20,1,2,10.1664,1522.12
1970,20,1,2,10.1544,1460.54
320,21,0,0,11.5077,851.082,0.0905,394.734,0.38,1
1978,21,0,0,11.4891,730.88
107,21,0,0,11.4806,676.772
1967,21,0,0,11.4776,648.066
105,21,0,0,11.453,499.965
124,21,0,0,11.4397,425.166
1970,21,0,0,11.4239,332.084
122,21,0,0,11.411,266.81
117,21,0,0,11.3956,187.792
118,21,0,0,11.3878,149.07
1968,21,0,0,11.36,0
344,21,0,1,11.7003,1832.98,0.0798333,348.209,0.09,2
1819,21,0,1,11.687,1739.46
335,21,0,1,11.682,1710.51
2114,21,0,1,11.6667,1629.71
329,21,0,1,11.6641,1614.66
2116,21,0,1,11.659,1587.79
327,21,0,1,11.6445,1509.12
324,21,0,1,11.6402,1486.61
319,21,0,1,11.6108,1331.52
320,21,0,1,11.5982,1245.82
869,21,0,2,11.9365,3085.16,0.0495,215.904,0.11,3
865,21,0,2,11.9199,2992.05
852,21,0,2,11.9131,2950.08
850,21,0,2,11.9072,2907.1
849,21,0,2,11.8997,2857.62
1774,21,0,2,11.8961,2837.62
837,21,0,2,11.8838,2767.18
2010,21,0,2,11.8753,2718.88
2009,21,0,2,11.8531,2598.46
819,21,0,2,11.846,2550.96
811,21,0,2,11.8248,2432.35
805,21,0,2,11.8213,2412.91
358,21,0,2,11.8107,2353.4
349,21,0,2,11.7933,2262.79
344,21,0,2,11.7802,2181.19
2176,21,0,3,12.0067,3443.19,0.0963333,420.177,0.14,4
2066,21,0,3,11.9965,3376.08
869,21,0,3,11.986,3301.06
1306,21,0,4,12.1368,4054.6,0.0833333,363.475,0.03,5
1599,21,0,4,12.1193,3958.15
1300,21,0,4,12.1149,3931.73
1298,21,0,4,12.1096,3902.55
2176,21,0,4,12.1031,3863.37
850,21,0,5,12.3276,5020.39,0.1105,481.968,0.03,6
852,21,0,5,12.3201,4975.75
865,21,0,5,12.3133,4933.91
869,21,0,5,12.2995,4844.86
2066,21,0,5,12.2721,4708.92
1297,21,0,5,12.2417,4551.33
1299,21,0,5,12.2356,4517.79
1600,21,0,5,12.2342,4504.34
1306,21,0,5,12.2202,4418.08
849,21,0,6,12.4438,5551.82,0.0775,338.032,0.22,7
850,21,0,6,12.4381,5502.36
819,21,0,7,12.5683,6181.23,0.0838333,365.656,0.48,8
2009,21,0,7,12.5616,6134.03
2010,21,0,7,12.5459,6033.18
837,21,0,7,12.5387,5987.23
1774,21,0,7,12.5244,5908.45
849,21,0,7,12.5213,5889.85
1970,21,0,8,12.8712,7812.54,0.0341667,149.025,0.09,9
124,21,0,8,12.8503,7699.87
105,21,0,8,12.8358,7620.19
1967,21,0,8,12.7985,7423.13
107,21,0,8,12.7932,7393.51
1978,21,0,8,12.7842,7338.62
1979,21,0,8,12.7524,7129.43
329,21,0,8,12.7503,7111.99
2114,21,0,8,12.7457,7088.78
335,21,0,8,12.7353,7027.65
1819,21,0,8,12.7303,6998.71
344,21,0,8,12.7138,6901.46
349,21,0,8,12.6997,6818.37
358,21,0,8,12.6872,6749.07
805,21,0,8,12.6757,6685.79
811,21,0,8,12.6739,6668.05
819,21,0,8,12.6522,6546.89
1968,21,0,9,12.9824,8349.44,0,0,0
118,21,0,9,12.9429,8151.02
117,21,0,9,12.9358,8115.04
122,21,0,9,12.9186,8028.12
1970,21,0,9,12.9054,7961.57
105,21,1,0,9.98826,522.901,0.1085,473.244,0.3,1
124,21,1,0,9.97272,438.596
1970,21,1,0,9.95717,345.923
122,21,1,0,9.9444,281.164
117,21,1,0,9.92485,184.747
118,21,1,0,9.91805,150.127
1968,21,1,0,9.89,0
1968,21,1,1,10.1972,1525.79,0,0,0
118,21,1,1,10.1647,1356.71
117,21,1,1,10.1574,1320.07
122,21,1,1,10.1408,1235.7
1970,21,1,1,10.1288,1174.12
124,21,1,1,10.1095,1068.77
105,21,1,1,10.0968,996.145
320,22,0,0,11.5577,851.082,0.0905,394.734,0.38,1
1978,22,0,0,11.5391,730.88
107,22,0,0,11.5306,676.772
1967,22,0,0,11.5276,648.066
105,22,0,0,11.503,499.965
124,22,0,0,11.4897,425.166
1970,22,0,0,11.4739,332.084
122,22,0,0,11.461,266.81
117,22,0,0,11.4456,187.792
118,22,0,0,11.4378,149.07
1968,22,0,0,11.41,0
344,22,0,1,11.7503,1832.98,0.0798333,348.209,0.09,2
1819,22,0,1,11.737,1739.46
335,22,0,1,11.732,1710.51
2114,22,0,1,11.7167,1629.71
329,22,0,1,11.7141,1614.66
2116,22,0,1,11.709,1587.79
327,22,0,1,11.6945,1509.12
324,22,0,1,11.6902,1486.61
319,22,0,1,11.6608,1331.52
320,22,0,1,11.6482,1245.82
2176,22,0,2,12.0072,3227.28,0.0963333,420.177,0.14,3
2066,22,0,2,11.997,3160.17
869,22,0,2,11.9865,3085.16
865,22,0,2,11.9699,2992.05
852,22,0,2,11.9631,2950.08
850,22,0,2,11.9572,2907.1
849,22,0,2,11.9497,2857.62
1774,22,0,2,11.9461,2837.62
837,22,0,2,11.9338,2767.18
2010,22,0,2,11.9253,2718.88
2009,22,0,2,11.9031,2598.46
819,22,0,2,11.896,2550.96
811,22,0,2,11.8748,2432.35
805,22,0,2,11.8713,2412.91
358,22,0,2,11.8607,2353.4
349,22,0,2,11.8433,2262.79
344,22,0,2,11.8302,2181.19
1306,22,0,3,12.1373,3838.7,0.0833333,363.475,0.03,4
1599,22,0,3,12.1198,3742.25
1300,22,0,3,12.1154,3715.82
1298,22,0,3,12.1101,3686.64
2176,22,0,3,12.1036,3647.46
869,22,0,4,12.3,4628.96,0.0443333,193.369,0.11,5
2066,22,0,4,12.2726,4493.01
1297,22,0,4,12.2422,4335.43
1299,22,0,4,12.2361,4301.88
1600,22,0,4,12.2347,4288.43
1306,22,0,4,12.2207,4202.17
850,22,0,5,12.3724,4997.85,0.1105,481.968,0.03,6
852,22,0,5,12.3649,4953.22
865,22,0,5,12.3582,4911.38
869,22,0,5,12.3443,4822.33
849,22,0,6,12.4886,5529.28,0.0775,338.032,0.22,7
850,22,0,6,12.4829,5479.82
819,22,0,7,12.6132,6158.7,0.0838333,365.656,0.48,8
2009,22,0,7,12.6065,6111.49
2010,22,0,7,12.5907,6010.65
837,22,0,7,12.5836,5964.69
1774,22,0,7,12.5692,5885.92
849,22,0,7,12.5661,5867.31
1968,22,0,8,12.9932,8178.15,0,0,0
118,22,0,8,12.9539,7980.87
117,22,0,8,12.9465,7943.48
122,22,0,8,12.9292,7856.56
1970,22,0,8,12.916,7790.01
124,22,0,8,12.8951,7677.33
105,22,0,8,12.8807,7597.66
1967,22,0,8,12.8433,7400.6
107,22,0,8,12.8381,7370.98
1978,22,0,8,12.829,7316.08
1979,22,0,8,12.7973,7106.9
329,22,0,8,12.7951,7089.45
2114,22,0,8,12.7906,7066.25
335,22,0,8,12.7801,7005.11
1819,22,0,8,12.7752,6976.17
344,22,0,8,12.7586,6878.92
349,22,0,8,12.7445,6795.84
358,22,0,8,12.732,6726.54
805,22,0,8,12.7206,6663.25
811,22,0,8,12.7188,6645.52
819,22,0,8,12.697,6524.35
105,22,1,0,9.92826,522.901,0.1085,473.244,0.3,1
124,22,1,0,9.91272,438.596
1970,22,1,0,9.89717,345.923
122,22,1,0,9.8844,281.164
117,22,1,0,9.86485,184.747
118,22,1,0,9.85805,150.127
1968,22,1,0,9.83,0
1970,22,1,1,10.0688,1174.12,0.0656667,286.418,0.08,2
124,22,1,1,10.0495,1068.77
105,22,1,1,10.0368,996.145
1968,22,1,2,10.2029,1812.21,0,0,0
118,22,1,2,10.1704,1643.13
117,22,1,2,10.1631,1606.49
122,22,1,2,10.1464,1522.12
1970,22,1,2,10.1344,1460.54
2176,23,0,0,11.927,2151.6,0.0568333,247.89,0.16,1
2066,23,0,0,11.9166,2084.26
869,23,0,0,11.9052,2008.63
1856,23,0,0,11.8769,1878.96
855,23,0,0,11.8767,1878.25
843,23,0,0,11.8629,1798.75
832,23,0,0,11.8521,1737.49
831,23,0,0,11.8442,1696.96
2153,23,0,0,11.8442,1696.88
821,23,0,0,11.8313,1632.02
2008,23,0,0,11.8228,1589.23
812,23,0,0,11.8056,1494.65
807,23,0,0,11.8055,1493.87
356,23,0,0,11.7902,1412.75
1981,23,0,0,11.7779,1329.24
345,23,0,0,11.7562,1219.17
341,23,0,0,11.7468,1168.93
2132,23,0,0,11.7465,1166.89
328,23,0,0,11.7327,1075.3
2115,23,0,0,11.7213,1016.31
329,23,0,0,11.7174,995.611
1979,23,0,0,11.7115,965.863
1978,23,0,0,11.6691,730.88
107,23,0,0,11.6606,676.772
1967,23,0,0,11.6576,648.066
105,23,0,0,11.633,499.965
124,23,0,0,11.6197,425.166
1970,23,0,0,11.6039,332.084
122,23,0,0,11.591,266.81
117,23,0,0,11.5756,187.792
118,23,0,0,11.5678,149.07
1968,23,0,0,11.54,0
1306,23,0,1,12.0164,2586.93,0.0833333,363.475,0.03,2
1599,23,0,1,12.0005,2497.48
1300,23,0,1,11.9967,2471.76
1298,23,0,1,11.9905,2438.85
2176,23,0,1,11.9839,2399.49
869,23,0,2,12.1791,3377.19,0.0443333,193.369,0.11,3
2066,23,0,2,12.1517,3241.24
1297,23,0,2,12.1212,3083.66
1299,23,0,2,12.1152,3050.11
1600,23,0,2,12.1138,3036.66
1306,23,0,2,12.0998,2950.4
850,23,0,3,12.2515,3746.08,0.1105,481.968,0.03,4
852,23,0,3,12.244,3701.45
865,23,0,3,12.2373,3659.6
869,23,0,3,12.2234,3570.56
849,23,0,4,12.3677,4277.51,0.0775,338.032,0.22,5
850,23,0,4,12.362,4228.05
819,23,0,5,12.4922,4906.93,0.0838333,365.656,0.48,6
2009,23,0,5,12.4855,4859.72
2010,23,0,5,12.4698,4758.88
837,23,0,5,12.4626,4712.92
1774,23,0,5,12.4483,4634.14
849,23,0,5,12.4452,4615.54
344,23,0,6,12.6377,5627.15,0.0863333,376.56,0.09,7
349,23,0,6,12.6236,5544.07
358,23,0,6,12.6111,5474.76
805,23,0,6,12.5996,5411.48
811,23,0,6,12.5978,5393.74
819,23,0,6,12.5761,5272.58
1970,23,0,7,12.8814,6914.8,0.0341667,149.025,0.09,8
124,23,0,7,12.8605,6802.12
105,23,0,7,12.8461,6722.45
1967,23,0,7,12.8087,6525.38
107,23,0,7,12.8035,6495.76
1978,23,0,7,12.7944,6440.87
1979,23,0,7,12.7627,6231.68
329,23,0,7,12.7605,6214.24
2114,23,0,7,12.756,6191.03
335,23,0,7,12.7455,6129.9
1819,23,0,7,12.7406,6100.96
344,23,0,7,12.724,6003.71
1968,23,0,8,12.9927,7451.7,0,0,0
118,23,0,8,12.9532,7253.27
117,23,0,8,12.9461,7217.3
122,23,0,8,12.9288,7130.38
1970,23,0,8,12.9156,7063.82
320,23,1,0,9.75409,875.602,0.084,366.383,0.32,1
1978,23,1,0,9.73514,755.022
107,23,1,0,9.72642,700.585
1967,23,1,0,9.72341,671.88
105,23,1,0,9.69826,522.901
124,23,1,0,9.68272,438.596
1970,23,1,0,9.66717,345.923
122,23,1,0,9.6544,281.164
117,23,1,0,9.63485,184.747
118,23,1,0,9.62805,150.127
1968,23,1,0,9.6,0
105,23,1,1,9.90898,1639.24,0.1085,473.244,0.3,2
1967,23,1,1,9.87377,1451.36
107,23,1,1,9.86828,1420.63
1978,23,1,1,9.85855,1364.65
320,23,1,1,9.83809,1241.98
1968,23,1,2,10.1179,2642.13,0,0,0
118,23,1,2,10.0854,2473.05
117,23,1,2,10.0781,2436.41
122,23,1,2,10.0615,2352.05
1970,23,1,2,10.0495,2290.47
124,23,1,2,10.0303,2185.11
105,23,1,2,10.0175,2112.49
2176,24,0,0,11.937,2151.6,0.0568333,247.89,0.16,1
2066,24,0,0,11.9266,2084.26
869,24,0,0,11.9152,2008.63
1856,24,0,0,11.8869,1878.96
855,24,0,0,11.8867,1878.25
843,24,0,0,11.8729,1798.75
832,24,0,0,11.8621,1737.49
831,24,0,0,11.8542,1696.96
2153,24,0,0,11.8542,1696.88
821,24,0,0,11.8413,1632.02
2008,24,0,0,11.8328,1589.23
812,24,0,0,11.8156,1494.65
807,24,0,0,11.8155,1493.87
356,24,0,0,11.8002,1412.75
1981,24,0,0,11.7879,1329.24
345,24,0,0,11.7662,1219.17
341,24,0,0,11.7568,1168.93
2132,24,0,0,11.7565,1166.89
328,24,0,0,11.7427,1075.3
2115,24,0,0,11.7313,1016.31
329,24,0,0,11.7274,995.611
1979,24,0,0,11.7215,965.863
1978,24,0,0,11.6791,730.88
107,24,0,0,11.6706,676.772
1967,24,0,0,11.6676,648.066
105,24,0,0,11.643,499.965
124,24,0,0,11.6297,425.166
1970,24,0,0,11.6139,332.084
122,24,0,0,11.601,266.81
117,24,0,0,11.5856,187.792
118,24,0,0,11.5778,149.07
1968,24,0,0,11.55,0
1306,24,0,1,12.0264,2586.93,0.0833333,363.475,0.03,2
1599,24,0,1,12.0105,2497.48
1300,24,0,1,12.0067,2471.76
1298,24,0,1,12.0005,2438.85
2176,24,0,1,11.9939,2399.49
869,24,0,2,12.1891,3377.19,0.0443333,193.369,0.11,3
2066,24,0,2,12.1617,3241.24
1297,24,0,2,12.1312,3083.66
1299,24,0,2,12.1252,3050.11
1600,24,0,2,12.1238,3036.66
1306,24,0,2,12.1098,2950.4
850,24,0,3,12.2615,3746.08,0.1105,481.968,0.03,4
852,24,0,3,12.254,3701.45
865,24,0,3,12.2473,3659.6
869,24,0,3,12.2334,3570.56
849,24,0,4,12.3777,4277.51,0.0775,338.032,0.22,5
850,24,0,4,12.372,4228.05
819,24,0,5,12.5022,4906.93,0.0838333,365.656,0.48,6
2009,24,0,5,12.4955,4859.72
2010,24,0,5,12.4798,4758.88
837,24,0,5,12.4726,4712.92
1774,24,0,5,12.4583,4634.14
849,24,0,5,12.4552,4615.54
344,24,0,6,12.6477,5627.15,0.0863333,376.56,0.09,7
349,24,0,6,12.6336,5544.07
358,24,0,6,12.6211,5474.76
805,24,0,6,12.6096,5411.48
811,24,0,6,12.6078,5393.74
819,24,0,6,12.5861,5272.58
1968,24,0,7,12.9685,7302.67,0,0,0
118,24,0,7,12.929,7104.25
117,24,0,7,12.9219,7068.27
122,24,0,7,12.9046,6981.35
1970,24,0,7,12.8914,6914.8
124,24,0,7,12.8705,6802.12
105,24,0,7,12.8561,6722.45
1967,24,0,7,12.8187,6525.38
107,24,0,7,12.8135,6495.76
1978,24,0,7,12.8045,6440.87
1979,24,0,7,12.7727,6231.68
329,24,0,7,12.7705,6214.24
2114,24,0,7,12.766,6191.03
335,24,0,7,12.7555,6129.9
1819,24,0,7,12.7506,6100.96
344,24,0,7,12.734,6003.71
320,24,1,0,9.81409,875.602,0.084,366.383,0.32,1
1978,24,1,0,9.79514,755.022
107,24,1,0,9.78642,700.585
1967,24,1,0,9.78341,671.88
105,24,1,0,9.75826,522.901
124,24,1,0,9.74272,438.596
1970,24,1,0,9.72717,345.923
122,24,1,0,9.7144,281.164
117,24,1,0,9.69485,184.747
118,24,1,0,9.68805,150.127
1968,24,1,0,9.66,0
105,24,1,1,9.96898,1639.24,0.1085,473.244,0.3,2
1967,24,1,1,9.93377,1451.36
107,24,1,1,9.92828,1420.63
1978,24,1,1,9.91855,1364.65
320,24,1,1,9.89809,1241.98
1970,24,1,2,10.1095,2290.47,0.0656667,286.418,0.08,3
124,24,1,2,10.0903,2185.11
105,24,1,2,10.0775,2112.49
1968,24,1,3,10.2436,2928.55,0,0,0
118,24,1,3,10.2111,2759.47
117,24,1,3,10.2038,2722.83
122,24,1,3,10.1872,2638.47
1970,24,1,3,10.1751,2576.89
344,25,0,0,11.6736,1213.94,0.0798333,348.209,0.09,1
1819,25,0,0,11.6602,1120.41
335,25,0,0,11.6552,1091.46
2114,25,0,0,11.6399,1010.67
329,25,0,0,11.6374,995.611
1979,25,0,0,11.6315,965.863
1978,25,0,0,11.5891,730.88
107,25,0,0,11.5806,676.772
1967,25,0,0,11.5776,648.066
105,25,0,0,11.553,499.965
124,25,0,0,11.5397,425.166
1970,25,0,0,11.5239,332.084
122,25,0,0,11.511,266.81
117,25,0,0,11.4956,187.792
118,25,0,0,11.4878,149.07
1968,25,0,0,11.46,0
2176,25,0,1,11.9305,2608.24,0.0568333,247.89,0.16,2
2066,25,0,1,11.9203,2541.13
869,25,0,1,11.9097,2466.11
865,25,0,1,11.8932,2373.01
852,25,0,1,11.8864,2331.04
850,25,0,1,11.8804,2288.05
849,25,0,1,11.8729,2238.58
1774,25,0,1,11.8693,2218.58
837,25,0,1,11.8571,2148.13
2010,25,0,1,11.8485,2099.84
2009,25,0,1,11.8264,1979.41
819,25,0,1,11.8193,1931.92
811,25,0,1,11.7981,1813.3
805,25,0,1,11.7946,1793.87
358,25,0,1,11.784,1734.36
349,25,0,1,11.7665,1643.75
344,25,0,1,11.7534,1562.15
1306,25,0,2,12.0199,3043.56,0.0833333,363.475,0.03,3
1599,25,0,2,12.0039,2954.12
1300,25,0,2,12.0001,2928.4
1298,25,0,2,11.9939,2895.49
2176,25,0,2,11.9873,2856.13
869,25,0,3,12.1825,3833.82,0.0443333,193.369,0.11,4
2066,25,0,3,12.1552,3697.88
1297,25,0,3,12.1247,3540.3
1299,25,0,3,12.1187,3506.75
1600,25,0,3,12.1172,3493.3
1306,25,0,3,12.1032,3407.04
850,25,0,4,12.2549,4202.72,0.1105,481.968,0.03,5
852,25,0,4,12.2474,4158.08
865,25,0,4,12.2407,4116.24
869,25,0,4,12.2269,4027.19
849,25,0,5,12.3711,4734.15,0.0775,338.032,0.22,6
850,25,0,5,12.3654,4684.69
819,25,0,6,12.4957,5363.56,0.0838333,365.656,0.48,7
2009,25,0,6,12.489,5316.36
2010,25,0,6,12.4733,5215.52
837,25,0,6,12.4661,5169.56
1774,25,0,6,12.4517,5090.78
849,25,0,6,12.4486,5072.18
1968,25,0,7,12.8757,7383.02,0,0,0
118,25,0,7,12.8365,7185.74
117,25,0,7,12.829,7148.35
122,25,0,7,12.8118,7061.43
1970,25,0,7,12.7986,6994.88
124,25,0,7,12.7776,6882.2
105,25,0,7,12.7632,6802.52
1967,25,0,7,12.7258,6605.46
107,25,0,7,12.7206,6575.84
1978,25,0,7,12.7116,6520.95
1979,25,0,7,12.6798,6311.76
329,25,0,7,12.6777,6294.32
2114,25,0,7,12.6731,6271.11
335,25,0,7,12.6627,6209.98
1819,25,0,7,12.6577,6181.04
344,25,0,7,12.6412,6083.79
349,25,0,7,12.6271,6000.71
358,25,0,7,12.6146,5931.4
805,25,0,7,12.6031,5868.12
811,25,0,7,12.6013,5850.38
819,25,0,7,12.5795,5729.22
320,25,1,0,9.75409,875.602,0.084,366.383,0.32,1
1978,25,1,0,9.73514,755.022
107,25,1,0,9.72642,700.585
1967,25,1,0,9.72341,671.88
105,25,1,0,9.69826,522.901
124,25,1,0,9.68272,438.596
1970,25,1,0,9.66717,345.923
122,25,1,0,9.6544,281.164
117,25,1,0,9.63485,184.747
118,25,1,0,9.62805,150.127
1968,25,1,0,9.6,0
105,25,1,1,9.90898,1639.24,0.1085,473.244,0.3,2
1967,25,1,1,9.87377,1451.36
107,25,1,1,9.86828,1420.63
1978,25,1,1,9.85855,1364.65
320,25,1,1,9.83809,1241.98
1970,25,1,2,10.0495,2290.47,0.0656667,286.418,0.08,3
124,25,1,2,10.0303,2185.11
105,25,1,2,10.0175,2112.49
1968,25,1,3,10.1836,2928.55,0,0,0
118,25,1,3,10.1511,2759.47
117,25,1,3,10.1438,2722.83
122,25,1,3,10.1272,2638.47
1970,25,1,3,10.1151,2576.89
344,26,0,0,11.7536,1213.94,0.0798333,348.209,0.09,1
1819,26,0,0,11.7402,1120.41
335,26,0,0,11.7352,1091.46
2114,26,0,0,11.7199,1010.67
329,26,0,0,11.7174,995.611
1979,26,0,0,11.7115,965.863
1978,26,0,0,11.6691,730.88
107,26,0,0,11.6606,676.772
1967,26,0,0,11.6576,648.066
105,26,0,0,11.633,499.965
124,26,0,0,11.6197,425.166
1970,26,0,0,11.6039,332.084
122,26,0,0,11.591,266.81
117,26,0,0,11.5756,187.792
118,26,0,0,11.5678,149.07
1968,26,0,0,11.54,0
849,26,0,1,11.9529,2238.58,0.0695,303.138,0.23,2
1774,26,0,1,11.9493,2218.58
837,26,0,1,11.9371,2148.13
2010,26,0,1,11.9285,2099.84
2009,26,0,1,11.9064,1979.41
819,26,0,1,11.8993,1931.92
811,26,0,1,11.8781,1813.3
805,26,0,1,11.8746,1793.87
358,26,0,1,11.864,1734.36
349,26,0,1,11.8465,1643.75
344,26,0,1,11.8334,1562.15
850,26,0,2,12.0298,2591.04,0.1105,481.968,0.03,3
849,26,0,2,12.0224,2541.72
869,26,0,3,12.1672,3247.46,0.0443333,193.369,0.11,4
865,26,0,3,12.1524,3157.24
852,26,0,3,12.1462,3115.99
850,26,0,3,12.1403,3073
2176,26,0,4,12.2326,3583.14,0.0963333,420.177,0.14,5
2066,26,0,4,12.2223,3515.98
869,26,0,4,12.2115,3440.83
1306,26,0,5,12.3627,4194.55,0.0833333,363.475,0.03,6
1599,26,0,5,12.3451,4098.1
1300,26,0,5,12.3407,4071.68
1298,26,0,5,12.3354,4042.5
2176,26,0,5,12.3289,4003.31
819,26,0,6,12.6061,5501.18,0.0838333,365.656,0.48,7
2009,26,0,6,12.5994,5453.98
2010,26,0,6,12.5837,5353.13
837,26,0,6,12.5765,5307.18
1774,26,0,6,12.5622,5228.4
849,26,0,6,12.5591,5209.8
850,26,0,6,12.5534,5160.34
852,26,0,6,12.5459,5115.7
865,26,0,6,12.5392,5073.86
869,26,0,6,12.5253,4984.81
2066,26,0,6,12.4979,4848.86
1297,26,0,6,12.4675,4691.28
1299,26,0,6,12.4614,4657.74
1600,26,0,6,12.46,4644.29
1306,26,0,6,12.446,4558.02
1968,26,0,7,12.9862,7520.64,0,0,0
118,26,0,7,12.9469,7323.36
117,26,0,7,12.9395,7285.97
122,26,0,7,12.9222,7199.05
1970,26,0,7,12.909,7132.5
124,26,0,7,12.8881,7019.82
105,26,0,7,12.8736,6940.14
1967,26,0,7,12.8363,6743.08
107,26,0,7,12.8311,6713.46
1978,26,0,7,12.822,6658.57
1979,26,0,7,12.7903,6449.38
329,26,0,7,12.7881,6431.94
2114,26,0,7,12.7836,6408.73
335,26,0,7,12.7731,6347.6
1819,26,0,7,12.7681,6318.66
344,26,0,7,12.7516,6221.41
349,26,0,7,12.7375,6138.32
358,26,0,7,12.725,6069.02
805,26,0,7,12.7135,6005.74
811,26,0,7,12.7117,5988
819,26,0,7,12.69,5866.84
320,26,1,0,9.80409,875.602,0.084,366.383,0.32,1
1978,26,1,0,9.78514,755.022
107,26,1,0,9.77642,700.585
1967,26,1,0,9.77341,671.88
105,26,1,0,9.74826,522.901
124,26,1,0,9.73272,438.596
1970,26,1,0,9.71717,345.923
122,26,1,0,9.7044,281.164
117,26,1,0,9.68485,184.747
118,26,1,0,9.67805,150.127
1968,26,1,0,9.65,0
105,26,1,1,9.95898,1639.24,0.1085,473.244,0.3,2
1967,26,1,1,9.92377,1451.36
107,26,1,1,9.91828,1420.63
1978,26,1,1,9.90855,1364.65
320,26,1,1,9.88809,1241.98
1970,26,1,2,10.0995,2290.47,0.0656667,286.418,0.08,3
124,26,1,2,10.0803,2185.11
105,26,1,2,10.0675,2112.49
1968,26,1,3,10.2336,2928.55,0,0,0
118,26,1,3,10.2011,2759.47
117,26,1,3,10.1938,2722.83
122,26,1,3,10.1772,2638.47
1970,26,1,3,10.1651,2576.89
344,27,0,0,11.7536,1213.94,0.0798333,348.209,0.09,1
1819,27,0,0,11.7402,1120.41
335,27,0,0,11.7352,1091.46
2114,27,0,0,11.7199,1010.67
329,27,0,0,11.7174,995.611
1979,27,0,0,11.7115,965.863
1978,27,0,0,11.6691,730.88
107,27,0,0,11.6606,676.772
1967,27,0,0,11.6576,648.066
105,27,0,0,11.633,499.965
124,27,0,0,11.6197,425.166
1970,27,0,0,11.6039,332.084
122,27,0,0,11.591,266.81
117,27,0,0,11.5756,187.792
118,27,0,0,11.5678,149.07
1968,27,0,0,11.54,0
2176,27,0,1,12.0105,2608.24,0.0963333,420.177,0.14,2
2066,27,0,1,12.0003,2541.13
869,27,0,1,11.9897,2466.11
865,27,0,1,11.9732,2373.01
852,27,0,1,11.9664,2331.04
850,27,0,1,11.9604,2288.05
849,27,0,1,11.9529,2238.58
1774,27,0,1,11.9493,2218.58
837,27,0,1,11.9371,2148.13
2010,27,0,1,11.9285,2099.84
2009,27,0,1,11.9064,1979.41
819,27,0,1,11.8993,1931.92
811,27,0,1,11.8781,1813.3
805,27,0,1,11.8746,1793.87
358,27,0,1,11.864,1734.36
349,27,0,1,11.8465,1643.75
344,27,0,1,11.8334,1562.15
1306,27,0,2,12.1406,3219.65,0.0833333,363.475,0.03,3
1599,27,0,2,12.1231,3123.2
1300,27,0,2,12.1187,3096.78
1298,27,0,2,12.1133,3067.6
2176,27,0,2,12.1068,3028.42
869,27,0,3,12.3032,4009.91,0.0443333,193.369,0.11,4
2066,27,0,3,12.2759,3873.97
1297,27,0,3,12.2454,3716.38
1299,27,0,3,12.2394,3682.84
1600,27,0,3,12.2379,3669.39
1306,27,0,3,12.2239,3583.13
850,27,0,4,12.3757,4378.81,0.1105,481.968,0.03,5
852,27,0,4,12.3681,4334.17
865,27,0,4,12.3614,4292.33
869,27,0,4,12.3476,4203.28
849,27,0,5,12.4918,4910.24,0.0775,338.032,0.22,6
850,27,0,5,12.4862,4860.78
819,27,0,6,12.6164,5539.65,0.0838333,365.656,0.48,7
2009,27,0,6,12.6097,5492.45
2010,27,0,6,12.594,5391.6
837,27,0,6,12.5868,5345.65
1774,27,0,6,12.5724,5266.87
849,27,0,6,12.5693,5248.27
1968,27,0,7,12.9964,7559.11,0,0,0
118,27,0,7,12.9572,7361.83
117,27,0,7,12.9497,7324.44
122,27,0,7,12.9325,7237.52
1970,27,0,7,12.9193,7170.97
124,27,0,7,12.8984,7058.29
105,27,0,7,12.8839,6978.61
1967,27,0,7,12.8465,6781.55
107,27,0,7,12.8413,6751.93
1978,27,0,7,12.8323,6697.04
1979,27,0,7,12.8005,6487.85
329,27,0,7,12.7984,6470.41
2114,27,0,7,12.7938,6447.2
335,27,0,7,12.7834,6386.07
1819,27,0,7,12.7784,6357.13
344,27,0,7,12.7619,6259.88
349,27,0,7,12.7478,6176.79
358,27,0,7,12.7353,6107.49
805,27,0,7,12.7238,6044.21
811,27,0,7,12.722,6026.47
819,27,0,7,12.7002,5905.31
320,27,1,0,9.75409,875.602,0.084,366.383,0.32,1
1978,27,1,0,9.73514,755.022
107,27,1,0,9.72642,700.585
1967,27,1,0,9.72341,671.88
105,27,1,0,9.69826,522.901
124,27,1,0,9.68272,438.596
1970,27,1,0,9.66717,345.923
122,27,1,0,9.6544,281.164
117,27,1,0,9.63485,184.747
118,27,1,0,9.62805,150.127
1968,27,1,0,9.6,0
105,27,1,1,9.90898,1639.24,0.1085,473.244,0.3,2
1967,27,1,1,9.87377,1451.36
107,27,1,1,9.86828,1420.63
1978,27,1,1,9.85855,1364.65
320,27,1,1,9.83809,1241.98
1970,27,1,2,10.0495,2290.47,0.0656667,286.418,0.08,3
124,27,1,2,10.0303,2185.11
105,27,1,2,10.0175,2112.49
1968,27,1,3,10.1836,2928.55,0,0,0
118,27,1,3,10.1511,2759.47
117,27,1,3,10.1438,2722.83
122,27,1,3,10.1272,2638.47
1970,27,1,3,10.1151,2576.89
869,28,0,0,12.0052,2008.63,0.0443333,193.369,0.11,1
1856,28,0,0,11.9769,1878.96
855,28,0,0,11.9767,1878.25
843,28,0,0,11.9629,1798.75
832,28,0,0,11.9521,1737.49
831,28,0,0,11.9442,1696.96
2153,28,0,0,11.9442,1696.88
821,28,0,0,11.9313,1632.02
2008,28,0,0,11.9228,1589.23
812,28,0,0,11.9056,1494.65
807,28,0,0,11.9055,1493.87
356,28,0,0,11.8902,1412.75
1981,28,0,0,11.8779,1329.24
345,28,0,0,11.8562,1219.17
341,28,0,0,11.8468,1168.93
2132,28,0,0,11.8465,1166.89
328,28,0,0,11.8327,1075.3
2115,28,0,0,11.8213,1016.31
329,28,0,0,11.8174,995.611
1979,28,0,0,11.8115,965.863
1978,28,0,0,11.7691,730.88
107,28,0,0,11.7606,676.772
1967,28,0,0,11.7576,648.066
105,28,0,0,11.733,499.965
124,28,0,0,11.7197,425.166
1970,28,0,0,11.7039,332.084
122,28,0,0,11.691,266.81
117,28,0,0,11.6756,187.792
118,28,0,0,11.6678,149.07
1968,28,0,0,11.64,0
2176,28,0,1,12.0706,2344.32,0.0963333,420.177,0.14,2
2066,28,0,1,12.0604,2277.15
869,28,0,1,12.0495,2202
1306,28,0,2,12.2007,2955.73,0.0833333,363.475,0.03,3
1599,28,0,2,12.1832,2859.28
1300,28,0,2,12.1788,2832.85
1298,28,0,2,12.1735,2803.67
2176,28,0,2,12.1669,2764.49
850,28,0,3,12.3914,3921.52,0.1105,481.968,0.03,4
852,28,0,3,12.3839,3876.88
865,28,0,3,12.3772,3835.04
869,28,0,3,12.3634,3745.99
2066,28,0,3,12.336,3610.04
1297,28,0,3,12.3055,3452.46
1299,28,0,3,12.2995,3418.91
1600,28,0,3,12.298,3405.46
1306,28,0,3,12.284,3319.2
819,28,0,4,12.5547,4744.33,0.0838333,365.656,0.48,5
2009,28,0,4,12.548,4697.12
2010,28,0,4,12.5323,4596.28
837,28,0,4,12.5251,4550.32
1774,28,0,4,12.5107,4471.55
849,28,0,4,12.5076,4452.94
850,28,0,4,12.5019,4403.48
1968,28,0,5,12.9347,6763.78,0,0,0
118,28,0,5,12.8955,6566.5
117,28,0,5,12.888,6529.11
122,28,0,5,12.8708,6442.19
1970,28,0,5,12.8576,6375.64
124,28,0,5,12.8366,6262.96
105,28,0,5,12.8222,6183.29
1967,28,0,5,12.7848,5986.23
107,28,0,5,12.7796,5956.61
1978,28,0,5,12.7706,5901.71
1979,28,0,5,12.7388,5692.53
329,28,0,5,12.7367,5675.08
2114,28,0,5,12.7321,5651.88
335,28,0,5,12.7217,5590.74
1819,28,0,5,12.7167,5561.8
344,28,0,5,12.7002,5464.55
349,28,0,5,12.6861,5381.47
358,28,0,5,12.6736,5312.17
805,28,0,5,12.6621,5248.88
811,28,0,5,12.6603,5231.15
819,28,0,5,12.6385,5109.98
1970,28,1,0,9.40717,345.923,0.051,222.447,0.09,1
122,28,1,0,9.3944,281.164
117,28,1,0,9.37485,184.747
118,28,1,0,9.36805,150.127
1968,28,1,0,9.34,0
105,28,1,1,9.48926,745.348,0.1085,473.244,0.3,2
124,28,1,1,9.47372,661.043
1970,28,1,1,9.45817,568.37
320,28,1,2,9.65359,1571.29,0.084,366.383,0.32,3
1978,28,1,2,9.63464,1450.71
107,28,1,2,9.62592,1396.28
1967,28,1,2,9.62291,1367.57
105,28,1,2,9.59776,1218.59
849,28,1,3,9.96583,3220.28,0.089,388.191,0.2,4
1774,28,1,3,9.96248,3201.27
837,28,1,3,9.95106,3132.2
2010,28,1,3,9.93816,3065.31
2009,28,1,3,9.9147,2939.13
819,28,1,3,9.90638,2890.05
811,28,1,3,9.88503,2770.73
805,28,1,3,9.88148,2751.11
358,28,1,3,9.86682,2674.19
349,28,1,3,9.85012,2586.75
344,28,1,3,9.83631,2504.12
1819,28,1,3,9.82115,2408.89
335,28,1,3,9.81624,2380.05
2114,28,1,3,9.80258,2306.39
329,28,1,3,9.79998,2291.22
2116,28,1,3,9.79524,2266.12
327,28,1,3,9.78195,2192.56
324,28,1,3,9.77778,2170.84
319,28,1,3,9.75018,2023.38
320,28,1,3,9.73759,1937.68
344,28,1,4,10.1619,4266.1,0.0413333,180.284,0.09,5
349,28,1,4,10.1513,4186.4
358,28,1,4,10.1347,4099.21
805,28,1,4,10.1239,4039.03
811,28,1,4,10.1221,4021.3
819,28,1,4,10.0989,3893.79
2009,28,1,4,10.093,3846.62
2010,28,1,4,10.0776,3746.1
837,28,1,4,10.0703,3699.98
1774,28,1,4,10.0591,3631.24
849,28,1,4,10.0548,3608.47
1968,28,1,5,10.4261,5696.32,0,0,0
118,28,1,5,10.3936,5527.24
117,28,1,5,10.3864,5490.59
122,28,1,5,10.3697,5406.23
1970,28,1,5,10.3577,5344.65
124,28,1,5,10.3385,5239.3
105,28,1,5,10.3257,5166.67
1967,28,1,5,10.2888,4971.4
107,28,1,5,10.2833,4940.74
1978,28,1,5,10.2742,4885.86
1979,28,1,5,10.2416,4675.68
329,28,1,5,10.2394,4658.22
2114,28,1,5,10.2342,4632.29
335,28,1,5,10.2238,4571.14
1819,28,1,5,10.2188,4542.16
344,28,1,5,10.2032,4446.38
869,29,0,0,12.0652,2008.63,0.0443333,193.369,0.11,1
1856,29,0,0,12.0369,1878.96
855,29,0,0,12.0367,1878.25
843,29,0,0,12.0229,1798.75
832,29,0,0,12.0121,1737.49
831,29,0,0,12.0042,1696.96
2153,29,0,0,12.0042,1696.88
821,29,0,0,11.9913,1632.02
2008,29,0,0,11.9828,1589.23
812,29,0,0,11.9656,1494.65
807,29,0,0,11.9655,1493.87
356,29,0,0,11.9502,1412.75
1981,29,0,0,11.9379,1329.24
345,29,0,0,11.9162,1219.17
341,29,0,0,11.9068,1168.93
2132,29,0,0,11.9065,1166.89
328,29,0,0,11.8927,1075.3
2115,29,0,0,11.8813,1016.31
329,29,0,0,11.8774,995.611
1979,29,0,0,11.8715,965.863
1978,29,0,0,11.8291,730.88
107,29,0,0,11.8206,676.772
1967,29,0,0,11.8176,648.066
105,29,0,0,11.793,499.965
124,29,0,0,11.7797,425.166
1970,29,0,0,11.7639,332.084
122,29,0,0,11.751,266.81
117,29,0,0,11.7356,187.792
118,29,0,0,11.7278,149.07
1968,29,0,0,11.7,0
2176,29,0,1,12.1306,2344.32,0.0963333,420.177,0.14,2
2066,29,0,1,12.1204,2277.15
869,29,0,1,12.1095,2202
1306,29,0,2,12.2607,2955.73,0.0833333,363.475,0.03,3
1599,29,0,2,12.2432,2859.28
1300,29,0,2,12.2388,2832.85
1298,29,0,2,12.2335,2803.67
2176,29,0,2,12.2269,2764.49
850,29,0,3,12.4514,3921.52,0.1105,481.968,0.03,4
852,29,0,3,12.4439,3876.88
865,29,0,3,12.4372,3835.04
869,29,0,3,12.4234,3745.99
2066,29,0,3,12.396,3610.04
1297,29,0,3,12.3655,3452.46
1299,29,0,3,12.3595,3418.91
1600,29,0,3,12.358,3405.46
1306,29,0,3,12.344,3319.2
819,29,0,4,12.6147,4744.33,0.0838333,365.656,0.48,5
2009,29,0,4,12.608,4697.12
2010,29,0,4,12.5923,4596.28
837,29,0,4,12.5851,4550.32
1774,29,0,4,12.5707,4471.55
849,29,0,4,12.5676,4452.94
850,29,0,4,12.5619,4403.48
1968,29,0,5,12.9947,6763.78,0,0,0
118,29,0,5,12.9555,6566.5
117,29,0,5,12.948,6529.11
122,29,0,5,12.9308,6442.19
1970,29,0,5,12.9176,6375.64
124,29,0,5,12.8966,6262.96
105,29,0,5,12.8822,6183.29
1967,29,0,5,12.8448,5986.23
107,29,0,5,12.8396,5956.61
1978,29,0,5,12.8306,5901.71
1979,29,0,5,12.7988,5692.53
329,29,0,5,12.7967,5675.08
2114,29,0,5,12.7921,5651.88
335,29,0,5,12.7817,5590.74
1819,29,0,5,12.7767,5561.8
344,29,0,5,12.7602,5464.55
349,29,0,5,12.7461,5381.47
358,29,0,5,12.7336,5312.17
805,29,0,5,12.7221,5248.88
811,29,0,5,12.7203,5231.15
819,29,0,5,12.6985,5109.98
105,29,1,0,9.49826,522.901,0.1085,473.244,0.3,1
124,29,1,0,9.48272,438.596
1970,29,1,0,9.46717,345.923
122,29,1,0,9.4544,281.164
117,29,1,0,9.43485,184.747
118,29,1,0,9.42805,150.127
1968,29,1,0,9.4,0
320,29,1,1,9.66259,1348.85,0.084,366.383,0.32,2
1978,29,1,1,9.64364,1228.27
107,29,1,1,9.63492,1173.83
1967,29,1,1,9.63191,1145.12
105,29,1,1,9.60676,996.145
849,29,1,2,9.97483,2997.83,0.089,388.191,0.2,3
1774,29,1,2,9.97148,2978.83
837,29,1,2,9.96006,2909.76
2010,29,1,2,9.94717,2842.87
2009,29,1,2,9.92371,2716.69
819,29,1,2,9.91538,2667.61
811,29,1,2,9.89403,2548.28
805,29,1,2,9.89048,2528.67
358,29,1,2,9.87582,2451.74
349,29,1,2,9.85912,2364.31
344,29,1,2,9.84531,2281.68
1819,29,1,2,9.83015,2186.44
335,29,1,2,9.82524,2157.6
2114,29,1,2,9.81158,2083.94
329,29,1,2,9.80898,2068.77
2116,29,1,2,9.80424,2043.68
327,29,1,2,9.79095,1970.11
324,29,1,2,9.78678,1948.4
319,29,1,2,9.75918,1800.93
320,29,1,2,9.74659,1715.23
344,29,1,3,10.1709,4043.65,0.0413333,180.284,0.09,4
349,29,1,3,10.1603,3963.95
358,29,1,3,10.1437,3876.76
805,29,1,3,10.1329,3816.59
811,29,1,3,10.1311,3798.85
819,29,1,3,10.1079,3671.35
2009,29,1,3,10.102,3624.17
2010,29,1,3,10.0866,3523.65
837,29,1,3,10.0793,3477.53
1774,29,1,3,10.0681,3408.79
849,29,1,3,10.0638,3386.02
1970,29,1,4,10.3667,5122.2,0.0656667,286.418,0.08,5
124,29,1,4,10.3475,5016.85
105,29,1,4,10.3347,4944.23
1967,29,1,4,10.2978,4748.95
107,29,1,4,10.2923,4718.29
1978,29,1,4,10.2832,4663.41
1979,29,1,4,10.2506,4453.23
329,29,1,4,10.2484,4435.77
2114,29,1,4,10.2432,4409.85
335,29,1,4,10.2328,4348.7
1819,29,1,4,10.2278,4319.71
344,29,1,4,10.2122,4223.94
1968,29,1,5,10.5008,5760.29,0,0,0
118,29,1,5,10.4683,5591.21
117,29,1,5,10.461,5554.57
122,29,1,5,10.4444,5470.2
1970,29,1,5,10.4324,5408.62
