Node, Individual, Route,Segment, Travel time, Travel cost, Attention time, Attention cost, Failure rate, Demand
344,0,0,0,10.8978,1192.94,0.0413333,180.284,0.09,1
1819,0,0,0,10.8841,1099.23
335,0,0,0,10.8797,1071.05
2114,0,0,0,10.8647,991.95
329,0,0,0,10.8621,976.767
1979,0,0,0,10.8563,947.483
1978,0,0,0,10.8184,729.589
107,0,0,0,10.81,675.573
1967,0,0,0,10.807,646.867
105,0,0,0,10.7819,497.903
124,0,0,0,10.7698,426.583
1970,0,0,0,10.7544,334.012
122,0,0,0,10.7418,270.034
117,0,0,0,10.7248,184.186
118,0,0,0,10.7164,143.105
1968,0,0,0,10.69,0
819,0,0,1,10.9999,1731.95,0.0483333,210.815,0.55,2
811,0,0,1,10.982,1620.91
805,0,0,1,10.9789,1602.96
358,0,0,1,10.967,1537.83
349,0,0,1,10.951,1453.54
344,0,0,1,10.9391,1373.22
849,0,0,2,11.1018,2249.43,0.0695,303.138,0.23,3
1774,0,0,2,11.0983,2229.43
837,0,0,2,11.086,2158.98
2010,0,0,2,11.0774,2110.69
2009,0,0,2,11.0553,1990.26
819,0,0,2,11.0482,1942.77
850,0,0,3,11.1788,2602.04,0.0711667,310.408,0.1,4
849,0,0,3,11.1713,2552.57
869,0,0,4,11.2793,3090.51,0.0495,215.904,0.11,5
865,0,0,4,11.2628,2997.41
852,0,0,4,11.256,2955.43
850,0,0,4,11.25,2912.45
2176,0,0,5,11.3496,3448.54,0.0568333,247.89,0.16,6
2066,0,0,5,11.3394,3381.43
869,0,0,5,11.3288,3306.41
1306,0,0,6,11.439,3883.86,0.0916667,399.822,0.11,7
1599,0,0,6,11.423,3794.42
1300,0,0,6,11.4192,3768.7
1298,0,0,6,11.413,3735.79
2176,0,0,6,11.4064,3696.43
320,0,0,7,11.8405,6047.84,0.0905,394.734,0.38,8
1978,0,0,7,11.8205,5925.81
1979,0,0,7,11.787,5714.67
329,0,0,7,11.7849,5697.23
2114,0,0,7,11.7795,5670.52
335,0,0,7,11.7689,5609.24
1819,0,0,7,11.7645,5581.06
344,0,0,7,11.749,5485.35
349,0,0,7,11.7371,5405.11
355,0,0,7,11.7202,5319.89
356,0,0,7,11.7034,5221.36
807,0,0,7,11.6883,5140.98
812,0,0,7,11.6881,5140.19
2008,0,0,7,11.6754,5058.27
821,0,0,7,11.6705,5030.76
2153,0,0,7,11.6607,4979.11
831,0,0,7,11.6607,4979.02
832,0,0,7,11.6519,4934.53
843,0,0,7,11.6405,4870.73
855,0,0,7,11.6131,4734.25
1856,0,0,7,11.6129,4733.54
869,0,0,7,11.6007,4669.73
2066,0,0,7,11.5797,4560.17
1297,0,0,7,11.5527,4417.41
1299,0,0,7,11.5468,4384.47
1600,0,0,7,11.5453,4371.02
1306,0,0,7,11.5306,4283.69
105,0,0,8,12.0008,6840.11,0.0435,189.734,0.48,9
1967,0,0,8,11.9647,6648.41
107,0,0,8,11.9595,6618.62
1978,0,0,8,11.9503,6563.5
320,0,0,8,11.931,6442.58
1970,0,0,9,12.0797,7222.2,0.0341667,149.025,0.09,10
124,0,0,9,12.0588,7109.52
105,0,0,9,12.0443,7029.85
1968,0,0,10,12.191,7759.1,0,0,0
118,0,0,10,12.1515,7560.67
117,0,0,10,12.1443,7524.7
122,0,0,10,12.1271,7437.78
1970,0,0,10,12.1139,7371.22
1970,1,0,0,10.6844,334.012,0.0656667,286.418,0.08,1
122,1,0,0,10.6718,270.034
117,1,0,0,10.6548,184.186
118,1,0,0,10.6464,143.105
1968,1,0,0,10.62,0
344,1,0,1,10.8935,1479.36,0.0413333,180.284,0.09,2
1819,1,0,1,10.8798,1385.64
335,1,0,1,10.8753,1357.47
2114,1,0,1,10.8604,1278.37
329,1,0,1,10.8578,1263.19
1979,1,0,1,10.852,1233.9
1978,1,0,1,10.8141,1016.01
107,1,0,1,10.8057,961.991
1967,1,0,1,10.8027,933.285
105,1,0,1,10.7775,784.321
124,1,0,1,10.7655,713.002
1970,1,0,1,10.75,620.43
819,1,0,2,10.9955,2018.37,0.0483333,210.815,0.55,3
811,1,0,2,10.9777,1907.33
805,1,0,2,10.9746,1889.37
358,1,0,2,10.9627,1824.25
349,1,0,2,10.9467,1739.96
344,1,0,2,10.9348,1659.64
849,1,0,3,11.0975,2535.85,0.0695,303.138,0.23,4
1774,1,0,3,11.0939,2515.85
837,1,0,3,11.0816,2445.4
2010,1,0,3,11.0731,2397.11
2009,1,0,3,11.051,2276.68
819,1,0,3,11.0439,2229.18
869,1,0,4,11.2038,3066.52,0.0495,215.904,0.11,5
865,1,0,4,11.1873,2973.42
852,1,0,4,11.1805,2931.44
850,1,0,4,11.1745,2888.46
849,1,0,4,11.167,2838.98
2176,1,0,5,11.2741,3424.55,0.0568333,247.89,0.16,6
2066,1,0,5,11.2639,3357.44
869,1,0,5,11.2533,3282.42
1306,1,0,6,11.3635,3859.87,0.0916667,399.822,0.11,7
1599,1,0,6,11.3475,3770.43
1300,1,0,6,11.3437,3744.71
1298,1,0,6,11.3375,3711.8
2176,1,0,6,11.3309,3672.44
850,1,0,7,11.5552,4825.14,0.0711667,310.408,0.1,8
852,1,0,7,11.549,4782.01
865,1,0,7,11.5411,4737.76
869,1,0,7,11.5252,4645.74
2066,1,0,7,11.5042,4536.18
1297,1,0,7,11.4772,4393.42
1299,1,0,7,11.4713,4360.48
1600,1,0,7,11.4698,4347.04
1306,1,0,7,11.4551,4259.7
320,1,0,8,11.8403,6427.03,0.0905,394.734,0.38,9
1978,1,0,8,11.8217,6306.83
1979,1,0,8,11.7871,6094.28
329,1,0,8,11.785,6076.85
2114,1,0,8,11.7801,6052.3
335,1,0,8,11.7696,5991.01
1819,1,0,8,11.7651,5962.83
344,1,0,8,11.7496,5867.12
349,1,0,8,11.7377,5786.88
358,1,0,8,11.7253,5717.8
805,1,0,8,11.7115,5644.69
811,1,0,8,11.7097,5626.95
819,1,0,8,11.6803,5472.76
2009,1,0,8,11.6731,5425.16
2010,1,0,8,11.6568,5323.66
837,1,0,8,11.6495,5277.49
1774,1,0,8,11.6362,5203.53
849,1,0,8,11.6329,5184.49
850,1,0,8,11.6264,5135.54
105,1,0,9,12.0006,7219.3,0.0435,189.734,0.48,10
1967,1,0,9,11.9645,7027.6
107,1,0,9,11.9592,6997.81
1978,1,0,9,11.95,6942.68
320,1,0,9,11.9308,6821.77
1968,1,0,10,12.1566,7989.26,0,0,0
118,1,0,10,12.1171,7790.83
117,1,0,10,12.1099,7754.86
122,1,0,10,12.0927,7667.94
1970,1,0,10,12.0795,7601.39
124,1,0,10,12.0586,7488.71
105,1,0,10,12.0441,7409.03
344,2,0,0,10.8378,1192.94,0.0413333,180.284,0.09,1
1819,2,0,0,10.8241,1099.23
335,2,0,0,10.8197,1071.05
2114,2,0,0,10.8048,991.95
329,2,0,0,10.8021,976.767
1979,2,0,0,10.7963,947.483
1978,2,0,0,10.7584,729.589
107,2,0,0,10.75,675.573
1967,2,0,0,10.747,646.867
105,2,0,0,10.7219,497.903
124,2,0,0,10.7098,426.583
1970,2,0,0,10.6944,334.012
122,2,0,0,10.6818,270.034
117,2,0,0,10.6648,184.186
118,2,0,0,10.6564,143.105
1968,2,0,0,10.63,0
819,2,0,1,10.9399,1731.95,0.0483333,210.815,0.55,2
811,2,0,1,10.922,1620.91
805,2,0,1,10.9189,1602.96
358,2,0,1,10.907,1537.83
349,2,0,1,10.891,1453.54
344,2,0,1,10.8791,1373.22
849,2,0,2,11.0389,2240.73,0.0695,303.138,0.23,3
1774,2,0,2,11.0352,2220.22
837,2,0,2,11.024,2151.53
2010,2,0,2,11.0162,2104.76
2009,2,0,2,10.9955,1990.47
819,2,0,2,10.9882,1942.77
850,2,0,3,11.1159,2593.34,0.0711667,310.408,0.1,4
849,2,0,3,11.1084,2543.87
2176,2,0,4,11.2371,3223.94,0.0568333,247.89,0.16,5
2066,2,0,4,11.2269,3156.83
869,2,0,4,11.2163,3081.81
865,2,0,4,11.1998,2988.71
852,2,0,4,11.193,2946.73
850,2,0,4,11.187,2903.75
1306,2,0,5,11.3265,3659.26,0.0916667,399.822,0.11,6
1599,2,0,5,11.3105,3569.81
1300,2,0,5,11.3067,3544.1
1298,2,0,5,11.3005,3511.19
2176,2,0,5,11.2939,3471.83
869,2,0,6,11.4882,4445.12,0.0495,215.904,0.11,7
2066,2,0,6,11.4672,4335.56
1297,2,0,6,11.4402,4192.81
1299,2,0,6,11.4343,4159.87
1600,2,0,6,11.4329,4146.42
1306,2,0,6,11.4181,4059.08
320,2,0,7,11.7767,6036.56,0.0905,394.734,0.38,8
1978,2,0,7,11.7581,5916.36
1979,2,0,7,11.7235,5703.81
329,2,0,7,11.7214,5686.38
2114,2,0,7,11.7165,5661.82
335,2,0,7,11.706,5600.54
1819,2,0,7,11.7015,5572.36
344,2,0,7,11.686,5476.65
349,2,0,7,11.6742,5396.41
355,2,0,7,11.6572,5311.19
356,2,0,7,11.6404,5212.66
807,2,0,7,11.6253,5132.28
812,2,0,7,11.6251,5131.49
2008,2,0,7,11.6124,5049.58
821,2,0,7,11.6075,5022.06
2153,2,0,7,11.5978,4970.41
831,2,0,7,11.5977,4970.33
832,2,0,7,11.589,4925.83
843,2,0,7,11.5775,4862.03
855,2,0,7,11.5501,4725.55
1856,2,0,7,11.5499,4724.84
869,2,0,7,11.5377,4661.03
105,2,0,8,11.937,6828.83,0.104333,455.071,0.4,9
1967,2,0,8,11.9009,6637.13
107,2,0,8,11.8956,6607.33
1978,2,0,8,11.8864,6552.21
320,2,0,8,11.8672,6431.29
1970,2,0,9,12.0767,7476.25,0.0341667,149.025,0.09,10
124,2,0,9,12.0558,7363.57
105,2,0,9,12.0413,7283.9
1968,2,0,10,12.188,8013.15,0,0,0
118,2,0,10,12.1485,7814.72
117,2,0,10,12.1413,7778.75
122,2,0,10,12.1241,7691.83
1970,2,0,10,12.1109,7625.28
320,3,0,0,10.6967,849.468,0.0988333,431.081,0.34,1
1978,3,0,0,10.6784,729.589
107,3,0,0,10.67,675.573
1967,3,0,0,10.667,646.867
105,3,0,0,10.6419,497.903
124,3,0,0,10.6298,426.583
1970,3,0,0,10.6144,334.012
122,3,0,0,10.6018,270.034
117,3,0,0,10.5848,184.186
118,3,0,0,10.5764,143.105
1968,3,0,0,10.55,0
344,3,0,1,10.8953,1857.8,0.0413333,180.284,0.09,2
1819,3,0,1,10.8817,1764.09
335,3,0,1,10.8772,1735.92
2114,3,0,1,10.8623,1656.82
329,3,0,1,10.8597,1641.63
2116,3,0,1,10.8548,1615.7
327,3,0,1,10.8408,1539.35
324,3,0,1,10.8373,1520.41
319,3,0,1,10.8081,1366.25
320,3,0,1,10.7955,1280.55
819,3,0,2,10.9974,2396.82,0.0483333,210.815,0.55,3
811,3,0,2,10.9795,2285.78
805,3,0,2,10.9765,2267.82
358,3,0,2,10.9646,2202.7
349,3,0,2,10.9486,2118.4
344,3,0,2,10.9367,2038.09
849,3,0,3,11.0994,2914.29,0.0695,303.138,0.23,4
1774,3,0,3,11.0958,2894.29
837,3,0,3,11.0835,2823.85
2010,3,0,3,11.075,2775.55
2009,3,0,3,11.0528,2655.13
819,3,0,3,11.0457,2607.63
850,3,0,4,11.1764,3266.91,0.0711667,310.408,0.1,5
849,3,0,4,11.1689,3217.43
2176,3,0,5,11.2976,3897.5,0.0568333,247.89,0.16,6
2066,3,0,5,11.2874,3830.39
869,3,0,5,11.2768,3755.37
865,3,0,5,11.2603,3662.27
852,3,0,5,11.2535,3620.3
850,3,0,5,11.2476,3577.32
1306,3,0,6,11.387,4332.82,0.0916667,399.822,0.11,7
1599,3,0,6,11.3711,4243.38
1300,3,0,6,11.3673,4217.66
1298,3,0,6,11.3611,4184.75
2176,3,0,6,11.3544,4145.39
869,3,0,7,11.5488,5118.69,0.0495,215.904,0.11,8
2066,3,0,7,11.5277,5009.13
1297,3,0,7,11.5007,4866.37
1299,3,0,7,11.4948,4833.43
1600,3,0,7,11.4934,4819.99
1306,3,0,7,11.4787,4732.65
105,3,0,8,11.869,6865.62,0.104333,455.071,0.4,9
1967,3,0,8,11.8331,6674.84
107,3,0,8,11.8278,6645.04
1978,3,0,8,11.8186,6589.92
1979,3,0,8,11.7841,6377.37
329,3,0,8,11.7819,6359.94
2114,3,0,8,11.777,6335.39
335,3,0,8,11.7665,6274.11
1819,3,0,8,11.762,6245.92
344,3,0,8,11.7465,6150.22
349,3,0,8,11.7347,6069.97
355,3,0,8,11.7178,5984.75
356,3,0,8,11.701,5886.23
807,3,0,8,11.6858,5805.84
812,3,0,8,11.6857,5805.06
2008,3,0,8,11.6729,5723.14
821,3,0,8,11.668,5695.63
2153,3,0,8,11.6583,5643.97
831,3,0,8,11.6583,5643.89
832,3,0,8,11.6495,5599.4
843,3,0,8,11.6381,5535.6
855,3,0,8,11.6106,5399.12
1856,3,0,8,11.6105,5398.4
869,3,0,8,11.5983,5334.59
1970,3,0,9,12.0058,7500.4,0.0341667,149.025,0.09,10
124,3,0,9,11.9866,7395.38
105,3,0,9,11.9733,7320.69
1968,3,0,10,12.117,8037.29,0,0,0
118,3,0,10,12.0775,7838.87
117,3,0,10,12.0704,7802.89
122,3,0,10,12.0531,7715.98
1970,3,0,10,12.0399,7649.42
105,4,0,0,10.6519,497.903,0.115333,503.049,0.34,1
124,4,0,0,10.6398,426.583
1970,4,0,0,10.6244,334.012
122,4,0,0,10.6118,270.034
117,4,0,0,10.5948,184.186
118,4,0,0,10.5864,143.105
1968,4,0,0,10.56,0
344,4,0,1,10.8831,1695.99,0.0413333,180.284,0.09,2
1819,4,0,1,10.8695,1602.27
335,4,0,1,10.865,1574.1
2114,4,0,1,10.8501,1495
329,4,0,1,10.8475,1479.82
1979,4,0,1,10.8417,1450.53
1978,4,0,1,10.8037,1232.64
107,4,0,1,10.7953,1178.62
1967,4,0,1,10.7923,1149.92
105,4,0,1,10.7672,1000.95
819,4,0,2,10.9852,2235,0.0483333,210.815,0.55,3
811,4,0,2,10.9673,2123.96
805,4,0,2,10.9643,2106
358,4,0,2,10.9523,2040.88
349,4,0,2,10.9364,1956.59
344,4,0,2,10.9245,1876.27
849,4,0,3,11.0872,2752.48,0.0695,303.138,0.23,4
1774,4,0,3,11.0836,2732.48
837,4,0,3,11.0713,2662.03
2010,4,0,3,11.0627,2613.74
2009,4,0,3,11.0406,2493.31
819,4,0,3,11.0335,2445.81
850,4,0,4,11.1642,3105.09,0.0711667,310.408,0.1,5
849,4,0,4,11.1567,3055.61
2176,4,0,5,11.2854,3735.68,0.0568333,247.89,0.16,6
2066,4,0,5,11.2752,3668.57
869,4,0,5,11.2646,3593.56
865,4,0,5,11.2481,3500.45
852,4,0,5,11.2413,3458.48
850,4,0,5,11.2353,3415.5
1306,4,0,6,11.3748,4171.01,0.0916667,399.822,0.11,7
1599,4,0,6,11.3589,4081.56
1300,4,0,6,11.3551,4055.84
1298,4,0,6,11.3489,4022.94
2176,4,0,6,11.3422,3983.57
869,4,0,7,11.5366,4956.87,0.0495,215.904,0.11,8
2066,4,0,7,11.5155,4847.31
1297,4,0,7,11.4885,4704.56
1299,4,0,7,11.4826,4671.62
1600,4,0,7,11.4812,4658.17
1306,4,0,7,11.4665,4570.83
320,4,0,8,11.825,6548.31,0.0905,394.734,0.38,9
1978,4,0,8,11.8064,6428.11
1979,4,0,8,11.7718,6215.56
329,4,0,8,11.7697,6198.12
2114,4,0,8,11.7648,6173.57
335,4,0,8,11.7543,6112.29
1819,4,0,8,11.7498,6084.1
344,4,0,8,11.7343,5988.4
349,4,0,8,11.7225,5908.16
355,4,0,8,11.7055,5822.94
356,4,0,8,11.6887,5724.41
807,4,0,8,11.6736,5644.03
812,4,0,8,11.6735,5643.24
2008,4,0,8,11.6607,5561.32
821,4,0,8,11.6558,5533.81
2153,4,0,8,11.6461,5482.15
831,4,0,8,11.6461,5482.07
832,4,0,8,11.6373,5437.58
843,4,0,8,11.6259,5373.78
855,4,0,8,11.5984,5237.3
1856,4,0,8,11.5983,5236.59
869,4,0,8,11.5861,5172.77
1970,4,0,9,12.0178,7520.29,0.0341667,149.025,0.09,10
124,4,0,9,11.9986,7415.27
105,4,0,9,11.9853,7340.58
1967,4,0,9,11.9492,7148.87
107,4,0,9,11.9439,7119.08
1978,4,0,9,11.9347,7063.96
320,4,0,9,11.9155,6943.04
1968,4,0,10,12.129,8057.18,0,0,0
118,4,0,10,12.0895,7858.76
117,4,0,10,12.0824,7822.78
122,4,0,10,12.0651,7735.87
1970,4,0,10,12.0519,7669.31
1970,5,0,0,9.24717,345.923,0.051,222.447,0.09,1
122,5,0,0,9.2344,281.164
117,5,0,0,9.21485,184.747
118,5,0,0,9.20805,150.127
1968,5,0,0,9.18,0
105,5,0,1,9.32926,745.348,0.1085,473.244,0.3,2
124,5,0,1,9.31372,661.043
1970,5,0,1,9.29817,568.37
320,5,0,2,9.49359,1571.29,0.084,366.383,0.32,3
1978,5,0,2,9.47464,1450.71
107,5,0,2,9.46592,1396.28
1967,5,0,2,9.46291,1367.57
105,5,0,2,9.43776,1218.59
849,5,0,3,9.80583,3220.28,0.089,388.191,0.2,4
1774,5,0,3,9.80248,3201.27
837,5,0,3,9.79106,3132.2
2010,5,0,3,9.77816,3065.31
2009,5,0,3,9.7547,2939.13
819,5,0,3,9.74638,2890.05
811,5,0,3,9.72503,2770.73
805,5,0,3,9.72148,2751.11
358,5,0,3,9.70682,2674.19
349,5,0,3,9.69012,2586.75
344,5,0,3,9.67631,2504.12
1819,5,0,3,9.66115,2408.89
335,5,0,3,9.65624,2380.05
2114,5,0,3,9.64258,2306.39
329,5,0,3,9.63998,2291.22
2116,5,0,3,9.63524,2266.12
327,5,0,3,9.62195,2192.56
324,5,0,3,9.61778,2170.84
319,5,0,3,9.59018,2023.38
320,5,0,3,9.57759,1937.68
850,5,0,4,9.90253,3658.16,0.0346667,151.206,0.14,5
849,5,0,4,9.89483,3608.47
869,5,0,5,9.96857,3993.81,0.0375,163.564,0.11,6
865,5,0,5,9.95077,3894.98
852,5,0,5,9.94385,3852.85
850,5,0,5,9.93719,3809.36
2176,5,0,6,10.0268,4299.89,0.0848333,370.017,0.18,7
2066,5,0,6,10.0161,4232.24
869,5,0,6,10.0061,4157.38
1306,5,0,7,10.1466,4866.99,0.078,340.212,0.16,8
1599,5,0,7,10.1291,4770.51
1300,5,0,7,10.1246,4744
1298,5,0,7,10.1179,4708.78
2176,5,0,7,10.1116,4669.91
819,5,0,8,10.3751,6107.11,0.0483333,210.815,0.55,9
2009,5,0,8,10.3692,6059.94
2010,5,0,8,10.3538,5959.42
837,5,0,8,10.3465,5913.3
1774,5,0,8,10.3353,5844.55
849,5,0,8,10.3311,5821.79
850,5,0,8,10.324,5772.63
852,5,0,8,10.3182,5729.69
865,5,0,8,10.3114,5687.73
869,5,0,8,10.2962,5596.9
2066,5,0,8,10.2742,5483.17
1297,5,0,8,10.2479,5343.51
1299,5,0,8,10.2422,5311.52
1600,5,0,8,10.2408,5298.07
1306,5,0,8,10.2246,5207.2
344,5,0,9,10.4865,6690.23,0.0413333,180.284,0.09,10
349,5,0,9,10.4759,6610.53
358,5,0,9,10.4593,6523.34
805,5,0,9,10.4485,6463.17
811,5,0,9,10.4467,6445.43
819,5,0,9,10.4235,6317.93
1968,5,0,10,10.7507,8120.45,0,0,0
118,5,0,10,10.7182,7951.37
117,5,0,10,10.7109,7914.73
122,5,0,10,10.6943,7830.36
1970,5,0,10,10.6823,7768.78
124,5,0,10,10.6631,7663.43
105,5,0,10,10.6503,7590.81
1967,5,0,10,10.6133,7395.53
107,5,0,10,10.6079,7364.88
1978,5,0,10,10.5988,7309.99
1979,5,0,10,10.5661,7099.81
329,5,0,10,10.564,7082.35
2114,5,0,10,10.5588,7056.43
335,5,0,10,10.5484,6995.28
1819,5,0,10,10.5434,6966.29
344,5,0,10,10.5278,6870.52
320,6,0,0,11.4077,851.082,0.0905,394.734,0.38,1
1978,6,0,0,11.3891,730.88
107,6,0,0,11.3806,676.772
1967,6,0,0,11.3776,648.066
105,6,0,0,11.353,499.965
124,6,0,0,11.3397,425.166
1970,6,0,0,11.3239,332.084
122,6,0,0,11.311,266.81
117,6,0,0,11.2956,187.792
118,6,0,0,11.2878,149.07
1968,6,0,0,11.26,0
344,6,0,1,11.6003,1832.98,0.0798333,348.209,0.09,2
1819,6,0,1,11.587,1739.46
335,6,0,1,11.582,1710.51
2114,6,0,1,11.5667,1629.71
329,6,0,1,11.5641,1614.66
2116,6,0,1,11.559,1587.79
327,6,0,1,11.5445,1509.12
324,6,0,1,11.5402,1486.61
319,6,0,1,11.5108,1331.52
320,6,0,1,11.4982,1245.82
850,6,0,2,11.8072,2907.1,0.0711667,310.408,0.1,3
849,6,0,2,11.7997,2857.62
1774,6,0,2,11.7961,2837.62
837,6,0,2,11.7838,2767.18
2010,6,0,2,11.7753,2718.88
2009,6,0,2,11.7531,2598.46
819,6,0,2,11.746,2550.96
811,6,0,2,11.7248,2432.35
805,6,0,2,11.7213,2412.91
358,6,0,2,11.7107,2353.4
349,6,0,2,11.6933,2262.79
344,6,0,2,11.6802,2181.19
2176,6,0,3,11.9284,3537.69,0.0568333,247.89,0.16,4
2066,6,0,3,11.9182,3470.58
869,6,0,3,11.9076,3395.57
865,6,0,3,11.8911,3302.46
852,6,0,3,11.8843,3260.49
850,6,0,3,11.8783,3217.51
1306,6,0,4,12.0178,3973.02,0.0833333,363.475,0.03,5
1599,6,0,4,12.0019,3883.57
1300,6,0,4,11.9981,3857.85
1298,6,0,4,11.9919,3824.94
2176,6,0,4,11.9852,3785.58
869,6,0,5,12.1804,4763.28,0.0443333,193.369,0.11,6
2066,6,0,5,12.1531,4627.33
1297,6,0,5,12.1226,4469.75
1299,6,0,5,12.1166,4436.2
1600,6,0,5,12.1151,4422.75
1306,6,0,5,12.1011,4336.49
849,6,0,6,12.2585,5181.63,0.0775,338.032,0.22,7
850,6,0,6,12.2529,5132.17
852,6,0,6,12.2453,5087.54
865,6,0,6,12.2386,5045.69
869,6,0,6,12.2248,4956.65
819,6,0,7,12.3831,5811.05,0.0838333,365.656,0.48,8
2009,6,0,7,12.3764,5763.84
2010,6,0,7,12.3607,5663
837,6,0,7,12.3535,5617.04
1774,6,0,7,12.3392,5538.27
849,6,0,7,12.336,5519.66
105,6,0,8,12.6506,7250.01,0.0435,189.734,0.48,9
1967,6,0,8,12.6133,7052.95
107,6,0,8,12.608,7023.33
1978,6,0,8,12.599,6968.43
1979,6,0,8,12.5672,6759.25
329,6,0,8,12.5651,6741.8
2114,6,0,8,12.5605,6718.6
335,6,0,8,12.5501,6657.46
1819,6,0,8,12.5451,6628.52
344,6,0,8,12.5286,6531.27
349,6,0,8,12.5145,6448.19
358,6,0,8,12.502,6378.89
805,6,0,8,12.4905,6315.6
811,6,0,8,12.4887,6297.87
819,6,0,8,12.4669,6176.7
1970,6,0,9,12.7295,7632.09,0.0341667,149.025,0.09,10
124,6,0,9,12.7086,7519.42
105,6,0,9,12.6941,7439.74
1968,6,0,10,12.8407,8168.99,0,0,0
118,6,0,10,12.8012,7970.57
117,6,0,10,12.7941,7934.59
122,6,0,10,12.7768,7847.67
1970,6,0,10,12.7636,7781.12
105,7,0,0,9.32826,522.901,0.1085,473.244,0.3,1
124,7,0,0,9.31272,438.596
1970,7,0,0,9.29717,345.923
122,7,0,0,9.2844,281.164
117,7,0,0,9.26485,184.747
118,7,0,0,9.25805,150.127
1968,7,0,0,9.23,0
320,7,0,1,9.49259,1348.85,0.084,366.383,0.32,2
1978,7,0,1,9.47364,1228.27
107,7,0,1,9.46492,1173.83
1967,7,0,1,9.46191,1145.12
105,7,0,1,9.43676,996.145
849,7,0,2,9.80483,2997.83,0.089,388.191,0.2,3
1774,7,0,2,9.80148,2978.83
837,7,0,2,9.79006,2909.76
2010,7,0,2,9.77717,2842.87
2009,7,0,2,9.75371,2716.69
819,7,0,2,9.74538,2667.61
811,7,0,2,9.72403,2548.28
805,7,0,2,9.72048,2528.67
358,7,0,2,9.70582,2451.74
349,7,0,2,9.68912,2364.31
344,7,0,2,9.67531,2281.68
1819,7,0,2,9.66015,2186.44
335,7,0,2,9.65524,2157.6
2114,7,0,2,9.64158,2083.94
329,7,0,2,9.63898,2068.77
2116,7,0,2,9.63424,2043.68
327,7,0,2,9.62095,1970.11
324,7,0,2,9.61678,1948.4
319,7,0,2,9.58918,1800.93
320,7,0,2,9.57659,1715.23
850,7,0,3,9.90153,3435.71,0.0346667,151.206,0.14,4
849,7,0,3,9.89383,3386.02
869,7,0,4,9.96757,3771.37,0.0375,163.564,0.11,5
865,7,0,4,9.94977,3672.53
852,7,0,4,9.94285,3630.4
850,7,0,4,9.93619,3586.92
2176,7,0,5,10.0258,4077.44,0.0848333,370.017,0.18,6
2066,7,0,5,10.0151,4009.79
869,7,0,5,10.0051,3934.93
1306,7,0,6,10.1456,4644.54,0.078,340.212,0.16,7
1599,7,0,6,10.1281,4548.06
1300,7,0,6,10.1236,4521.55
1298,7,0,6,10.1169,4486.33
2176,7,0,6,10.1106,4447.46
819,7,0,7,10.3741,5884.67,0.0483333,210.815,0.55,8
2009,7,0,7,10.3682,5837.49
2010,7,0,7,10.3528,5736.97
837,7,0,7,10.3455,5690.85
1774,7,0,7,10.3343,5622.11
849,7,0,7,10.3301,5599.34
850,7,0,7,10.323,5550.18
852,7,0,7,10.3172,5507.24
865,7,0,7,10.3104,5465.29
869,7,0,7,10.2952,5374.46
2066,7,0,7,10.2732,5260.73
1297,7,0,7,10.2469,5121.07
1299,7,0,7,10.2412,5089.07
1600,7,0,7,10.2398,5075.62
1306,7,0,7,10.2236,4984.75
344,7,0,8,10.4855,6467.78,0.0413333,180.284,0.09,9
349,7,0,8,10.4749,6388.08
358,7,0,8,10.4583,6300.9
805,7,0,8,10.4475,6240.72
811,7,0,8,10.4457,6222.98
819,7,0,8,10.4225,6095.48
1970,7,0,9,10.6813,7546.34,0.0656667,286.418,0.08,10
124,7,0,9,10.6621,7440.98
105,7,0,9,10.6493,7368.36
1967,7,0,9,10.6123,7173.08
107,7,0,9,10.6069,7142.43
1978,7,0,9,10.5978,7087.55
1979,7,0,9,10.5651,6877.36
329,7,0,9,10.563,6859.9
2114,7,0,9,10.5578,6833.98
335,7,0,9,10.5474,6772.83
1819,7,0,9,10.5424,6743.84
344,7,0,9,10.5268,6648.07
1968,7,0,10,10.8154,8184.42,0,0,0
118,7,0,10,10.7829,8015.34
117,7,0,10,10.7756,7978.7
122,7,0,10,10.759,7894.34
1970,7,0,10,10.7469,7832.76
1970,8,0,0,10.3644,334.012,0.0656667,286.418,0.08,1
122,8,0,0,10.3518,270.034
117,8,0,0,10.3348,184.186
118,8,0,0,10.3264,143.105
1968,8,0,0,10.3,0
105,8,0,1,10.4575,784.321,0.115333,503.049,0.34,2
124,8,0,1,10.4455,713.002
1970,8,0,1,10.43,620.43
320,8,0,2,10.6277,1638.94,0.0988333,431.081,0.34,3
1978,8,0,2,10.6094,1519.06
107,8,0,2,10.601,1465.04
1967,8,0,2,10.598,1436.33
105,8,0,2,10.5729,1287.37
344,8,0,3,10.8263,2647.27,0.0413333,180.284,0.09,4
1819,8,0,3,10.8127,2553.56
335,8,0,3,10.8082,2525.38
2114,8,0,3,10.7933,2446.28
329,8,0,3,10.7907,2431.1
2116,8,0,3,10.7858,2405.17
327,8,0,3,10.7718,2328.82
324,8,0,3,10.7683,2309.88
319,8,0,3,10.7391,2155.72
320,8,0,3,10.7265,2070.02
819,8,0,4,10.9284,3186.28,0.0483333,210.815,0.55,5
811,8,0,4,10.9105,3075.25
805,8,0,4,10.9075,3057.29
358,8,0,4,10.8956,2992.16
349,8,0,4,10.8796,2907.87
344,8,0,4,10.8677,2827.56
849,8,0,5,11.0274,3695.06,0.0695,303.138,0.23,6
1774,8,0,5,11.0237,3674.56
837,8,0,5,11.0125,3605.86
2010,8,0,5,11.0048,3559.09
2009,8,0,5,10.9841,3444.81
819,8,0,5,10.9767,3397.1
850,8,0,6,11.1044,4047.68,0.0711667,310.408,0.1,7
849,8,0,6,11.0969,3998.2
869,8,0,7,11.2049,4536.14,0.0495,215.904,0.11,8
865,8,0,7,11.1883,4443.04
852,8,0,7,11.1815,4401.07
850,8,0,7,11.1756,4358.08
2176,8,0,8,11.2751,4894.17,0.0568333,247.89,0.16,9
2066,8,0,8,11.2649,4827.06
869,8,0,8,11.2544,4752.05
1306,8,0,9,11.3645,5329.5,0.0916667,399.822,0.11,10
1599,8,0,9,11.3486,5240.05
1300,8,0,9,11.3448,5214.33
1298,8,0,9,11.3386,5181.42
2176,8,0,9,11.332,5142.06
1968,8,0,10,11.9111,8190.2,0,0,0
1969,8,0,10,11.8988,8113.69
115,8,0,10,11.8962,8099.12
2113,8,0,10,11.8915,8073.3
2133,8,0,10,11.7695,7386.93
366,8,0,10,11.7652,7359.82
2134,8,0,10,11.7519,7288.14
2136,8,0,10,11.7391,7219.3
393,8,0,10,11.7074,7056.26
401,8,0,10,11.6896,6965.31
1739,8,0,10,11.6799,6912.31
1742,8,0,10,11.6729,6875.79
1741,8,0,10,11.6661,6839.66
418,8,0,10,11.6589,6801.19
417,8,0,10,11.6561,6785.37
1989,8,0,10,11.6391,6697.35
2011,8,0,10,11.6188,6593.51
2156,8,0,10,11.6122,6560.6
2013,8,0,10,11.6116,6557.45
886,8,0,10,11.6021,6509.27
888,8,0,10,11.5857,6417.8
903,8,0,10,11.5762,6366.29
904,8,0,10,11.5722,6345.26
925,8,0,10,11.551,6227.3
2019,8,0,10,11.5457,6200.44
929,8,0,10,11.5453,6198.46
938,8,0,10,11.5329,6131.14
950,8,0,10,11.5158,6045.2
951,8,0,10,11.5083,6007.44
949,8,0,10,11.4968,5948.69
2025,8,0,10,11.4933,5931.24
2024,8,0,10,11.4802,5858.83
1301,8,0,10,11.4694,5800.49
1306,8,0,10,11.4562,5729.32
1970,9,0,0,10.3744,334.012,0.0656667,286.418,0.08,1
122,9,0,0,10.3618,270.034
117,9,0,0,10.3448,184.186
118,9,0,0,10.3364,143.105
1968,9,0,0,10.31,0
105,9,0,1,10.4675,784.321,0.115333,503.049,0.34,2
124,9,0,1,10.4555,713.002
1970,9,0,1,10.44,620.43
320,9,0,2,10.6377,1638.94,0.0988333,431.081,0.34,3
1978,9,0,2,10.6194,1519.06
107,9,0,2,10.611,1465.04
1967,9,0,2,10.608,1436.33
105,9,0,2,10.5829,1287.37
344,9,0,3,10.8363,2647.27,0.0413333,180.284,0.09,4
1819,9,0,3,10.8227,2553.56
335,9,0,3,10.8182,2525.38
2114,9,0,3,10.8033,2446.28
329,9,0,3,10.8007,2431.1
2116,9,0,3,10.7958,2405.17
327,9,0,3,10.7818,2328.82
324,9,0,3,10.7783,2309.88
319,9,0,3,10.7491,2155.72
320,9,0,3,10.7365,2070.02
819,9,0,4,10.9384,3186.28,0.0483333,210.815,0.55,5
811,9,0,4,10.9205,3075.25
805,9,0,4,10.9175,3057.29
358,9,0,4,10.9056,2992.16
349,9,0,4,10.8896,2907.87
344,9,0,4,10.8777,2827.56
849,9,0,5,11.0374,3695.06,0.0695,303.138,0.23,6
1774,9,0,5,11.0337,3674.56
837,9,0,5,11.0225,3605.86
2010,9,0,5,11.0148,3559.09
2009,9,0,5,10.9941,3444.81
819,9,0,5,10.9867,3397.1
850,9,0,6,11.1144,4047.68,0.0711667,310.408,0.1,7
849,9,0,6,11.1069,3998.2
2176,9,0,7,11.2356,4678.27,0.0568333,247.89,0.16,8
2066,9,0,7,11.2254,4611.16
869,9,0,7,11.2149,4536.14
865,9,0,7,11.1983,4443.04
852,9,0,7,11.1915,4401.07
850,9,0,7,11.1856,4358.08
1306,9,0,8,11.325,5113.59,0.0916667,399.822,0.11,9
1599,9,0,8,11.3091,5024.15
1300,9,0,8,11.3053,4998.43
1298,9,0,8,11.2991,4965.52
2176,9,0,8,11.2925,4926.16
869,9,0,9,11.4868,5899.45,0.0495,215.904,0.11,10
2066,9,0,9,11.4657,5789.9
1297,9,0,9,11.4388,5647.14
1299,9,0,9,11.4329,5614.2
1600,9,0,9,11.4314,5600.75
1306,9,0,9,11.4167,5513.41
1968,9,0,10,11.9138,8203.98,0,0,0
118,9,0,10,11.8791,8025.67
117,9,0,10,11.8714,7987.16
122,9,0,10,11.854,7899.62
1970,9,0,10,11.8412,7834.88
124,9,0,10,11.8194,7718.32
105,9,0,10,11.807,7646.38
1967,9,0,10,11.7711,7455.6
107,9,0,10,11.7658,7425.81
1978,9,0,10,11.7566,7370.69
1979,9,0,10,11.7221,7158.14
329,9,0,10,11.7199,7140.71
2114,9,0,10,11.715,7116.16
335,9,0,10,11.7045,7054.88
1819,9,0,10,11.7001,7026.69
344,9,0,10,11.6845,6930.99
349,9,0,10,11.6727,6850.74
355,9,0,10,11.6558,6765.52
356,9,0,10,11.639,6666.99
807,9,0,10,11.6239,6586.61
812,9,0,10,11.6237,6585.82
2008,9,0,10,11.611,6503.91
821,9,0,10,11.6061,6476.4
2153,9,0,10,11.5963,6424.74
831,9,0,10,11.5963,6424.66
832,9,0,10,11.5875,6380.16
843,9,0,10,11.5761,6316.36
855,9,0,10,11.5486,6179.88
1856,9,0,10,11.5485,6179.17
869,9,0,10,11.5363,6115.36
320,10,0,0,11.3977,851.082,0.0905,394.734,0.38,1
1978,10,0,0,11.3791,730.88
107,10,0,0,11.3706,676.772
1967,10,0,0,11.3676,648.066
105,10,0,0,11.343,499.965
124,10,0,0,11.3297,425.166
1970,10,0,0,11.3139,332.084
122,10,0,0,11.301,266.81
117,10,0,0,11.2856,187.792
118,10,0,0,11.2778,149.07
1968,10,0,0,11.25,0
344,10,0,1,11.5903,1832.98,0.0798333,348.209,0.09,2
1819,10,0,1,11.577,1739.46
335,10,0,1,11.572,1710.51
2114,10,0,1,11.5567,1629.71
329,10,0,1,11.5541,1614.66
2116,10,0,1,11.549,1587.79
327,10,0,1,11.5345,1509.12
324,10,0,1,11.5302,1486.61
319,10,0,1,11.5008,1331.52
320,10,0,1,11.4882,1245.82
849,10,0,2,11.7897,2857.62,0.0695,303.138,0.23,3
1774,10,0,2,11.7861,2837.62
837,10,0,2,11.7738,2767.18
2010,10,0,2,11.7653,2718.88
2009,10,0,2,11.7431,2598.46
819,10,0,2,11.736,2550.96
811,10,0,2,11.7148,2432.35
805,10,0,2,11.7113,2412.91
358,10,0,2,11.7007,2353.4
349,10,0,2,11.6833,2262.79
344,10,0,2,11.6702,2181.19
2176,10,0,3,11.9167,3530.42,0.0568333,247.89,0.16,4
2066,10,0,3,11.9065,3463.31
869,10,0,3,11.896,3388.3
865,10,0,3,11.8794,3295.19
852,10,0,3,11.8726,3253.22
850,10,0,3,11.8667,3210.24
849,10,0,3,11.8592,3160.76
1306,10,0,4,12.0061,3965.75,0.0833333,363.475,0.03,5
1599,10,0,4,11.9902,3876.3
1300,10,0,4,11.9864,3850.58
1298,10,0,4,11.9802,3817.68
2176,10,0,4,11.9736,3778.31
869,10,0,5,12.1688,4756.01,0.0443333,193.369,0.11,6
2066,10,0,5,12.1414,4620.06
1297,10,0,5,12.1109,4462.48
1299,10,0,5,12.1049,4428.93
1600,10,0,5,12.1035,4415.48
1306,10,0,5,12.0895,4329.22
850,10,0,6,12.2412,5124.9,0.1105,481.968,0.03,7
852,10,0,6,12.2337,5080.27
865,10,0,6,12.227,5038.43
869,10,0,6,12.2131,4949.38
819,10,0,7,12.4044,5947.72,0.0838333,365.656,0.48,8
2009,10,0,7,12.3977,5900.51
2010,10,0,7,12.382,5799.67
837,10,0,7,12.3748,5753.71
1774,10,0,7,12.3605,5674.93
849,10,0,7,12.3574,5656.33
850,10,0,7,12.3517,5606.87
105,10,0,8,12.6719,7386.67,0.0435,189.734,0.48,9
1967,10,0,8,12.6346,7189.61
107,10,0,8,12.6294,7159.99
1978,10,0,8,12.6203,7105.1
1979,10,0,8,12.5886,6895.91
329,10,0,8,12.5864,6878.47
2114,10,0,8,12.5819,6855.26
335,10,0,8,12.5714,6794.13
1819,10,0,8,12.5665,6765.19
344,10,0,8,12.5499,6667.94
349,10,0,8,12.5358,6584.86
358,10,0,8,12.5233,6515.55
805,10,0,8,12.5119,6452.27
811,10,0,8,12.51,6434.53
819,10,0,8,12.4883,6313.37
1970,10,0,9,12.7508,7768.76,0.0341667,149.025,0.09,10
124,10,0,9,12.7299,7656.08
105,10,0,9,12.7154,7576.41
1968,10,0,10,12.8621,8305.66,0,0,0
118,10,0,10,12.8226,8107.23
117,10,0,10,12.8154,8071.26
122,10,0,10,12.7982,7984.34
1970,10,0,10,12.785,7917.79
320,11,0,0,11.4177,851.082,0.0905,394.734,0.38,1
1978,11,0,0,11.3991,730.88
107,11,0,0,11.3906,676.772
1967,11,0,0,11.3876,648.066
105,11,0,0,11.363,499.965
124,11,0,0,11.3497,425.166
1970,11,0,0,11.3339,332.084
122,11,0,0,11.321,266.81
117,11,0,0,11.3056,187.792
118,11,0,0,11.2978,149.07
1968,11,0,0,11.27,0
344,11,0,1,11.6103,1832.98,0.0798333,348.209,0.09,2
1819,11,0,1,11.597,1739.46
335,11,0,1,11.592,1710.51
2114,11,0,1,11.5767,1629.71
329,11,0,1,11.5741,1614.66
2116,11,0,1,11.569,1587.79
327,11,0,1,11.5545,1509.12
324,11,0,1,11.5502,1486.61
319,11,0,1,11.5208,1331.52
320,11,0,1,11.5082,1245.82
849,11,0,2,11.8097,2857.62,0.0695,303.138,0.23,3
1774,11,0,2,11.8061,2837.62
837,11,0,2,11.7938,2767.18
2010,11,0,2,11.7853,2718.88
2009,11,0,2,11.7631,2598.46
819,11,0,2,11.756,2550.96
811,11,0,2,11.7348,2432.35
805,11,0,2,11.7313,2412.91
358,11,0,2,11.7207,2353.4
349,11,0,2,11.7033,2262.79
344,11,0,2,11.6902,2181.19
2176,11,0,3,11.9367,3530.42,0.0568333,247.89,0.16,4
2066,11,0,3,11.9265,3463.31
869,11,0,3,11.916,3388.3
865,11,0,3,11.8995,3295.19
852,11,0,3,11.8926,3253.22
850,11,0,3,11.8867,3210.24
849,11,0,3,11.8792,3160.76
1306,11,0,4,12.0261,3965.75,0.0833333,363.475,0.03,5
1599,11,0,4,12.0102,3876.3
1300,11,0,4,12.0064,3850.58
1298,11,0,4,12.0002,3817.68
2176,11,0,4,11.9936,3778.31
869,11,0,5,12.1888,4756.01,0.0443333,193.369,0.11,6
2066,11,0,5,12.1614,4620.06
1297,11,0,5,12.1309,4462.48
1299,11,0,5,12.1249,4428.93
1600,11,0,5,12.1235,4415.48
1306,11,0,5,12.1095,4329.22
850,11,0,6,12.2612,5124.9,0.1105,481.968,0.03,7
852,11,0,6,12.2537,5080.27
865,11,0,6,12.247,5038.43
869,11,0,6,12.2331,4949.38
819,11,0,7,12.4244,5947.72,0.0838333,365.656,0.48,8
2009,11,0,7,12.4177,5900.51
2010,11,0,7,12.402,5799.67
837,11,0,7,12.3948,5753.71
1774,11,0,7,12.3805,5674.93
849,11,0,7,12.3774,5656.33
850,11,0,7,12.3717,5606.87
105,11,0,8,12.6919,7386.67,0.0435,189.734,0.48,9
1967,11,0,8,12.6546,7189.61
107,11,0,8,12.6494,7159.99
1978,11,0,8,12.6403,7105.1
1979,11,0,8,12.6086,6895.91
329,11,0,8,12.6064,6878.47
2114,11,0,8,12.6019,6855.26
335,11,0,8,12.5914,6794.13
1819,11,0,8,12.5865,6765.19
344,11,0,8,12.5699,6667.94
349,11,0,8,12.5558,6584.86
358,11,0,8,12.5433,6515.55
805,11,0,8,12.5319,6452.27
811,11,0,8,12.53,6434.53
819,11,0,8,12.5083,6313.37
1970,11,0,9,12.7708,7768.76,0.0341667,149.025,0.09,10
124,11,0,9,12.7499,7656.08
105,11,0,9,12.7354,7576.41
1968,11,0,10,12.8821,8305.66,0,0,0
118,11,0,10,12.8426,8107.23
117,11,0,10,12.8354,8071.26
122,11,0,10,12.8182,7984.34
1970,11,0,10,12.805,7917.79
320,12,0,0,11.4677,851.082,0.0905,394.734,0.38,1
1978,12,0,0,11.4491,730.88
107,12,0,0,11.4406,676.772
1967,12,0,0,11.4376,648.066
105,12,0,0,11.413,499.965
124,12,0,0,11.3997,425.166
1970,12,0,0,11.3839,332.084
122,12,0,0,11.371,266.81
117,12,0,0,11.3556,187.792
118,12,0,0,11.3478,149.07
1968,12,0,0,11.32,0
344,12,0,1,11.6603,1832.98,0.0798333,348.209,0.09,2
1819,12,0,1,11.647,1739.46
335,12,0,1,11.642,1710.51
2114,12,0,1,11.6267,1629.71
329,12,0,1,11.6241,1614.66
2116,12,0,1,11.619,1587.79
327,12,0,1,11.6045,1509.12
324,12,0,1,11.6002,1486.61
319,12,0,1,11.5708,1331.52
320,12,0,1,11.5582,1245.82
2176,12,0,2,11.9172,3227.28,0.0568333,247.89,0.16,3
2066,12,0,2,11.907,3160.17
869,12,0,2,11.8965,3085.16
865,12,0,2,11.8799,2992.05
852,12,0,2,11.8731,2950.08
850,12,0,2,11.8672,2907.1
849,12,0,2,11.8597,2857.62
1774,12,0,2,11.8561,2837.62
837,12,0,2,11.8438,2767.18
2010,12,0,2,11.8353,2718.88
2009,12,0,2,11.8131,2598.46
819,12,0,2,11.806,2550.96
811,12,0,2,11.7848,2432.35
805,12,0,2,11.7813,2412.91
358,12,0,2,11.7707,2353.4
349,12,0,2,11.7533,2262.79
344,12,0,2,11.7402,2181.19
1306,12,0,3,12.0066,3662.61,0.0833333,363.475,0.03,4
1599,12,0,3,11.9907,3573.16
1300,12,0,3,11.9869,3547.45
1298,12,0,3,11.9807,3514.54
2176,12,0,3,11.9741,3475.17
869,12,0,4,12.1693,4452.87,0.0443333,193.369,0.11,5
2066,12,0,4,12.1419,4316.92
1297,12,0,4,12.1114,4159.34
1299,12,0,4,12.1054,4125.79
1600,12,0,4,12.104,4112.35
1306,12,0,4,12.09,4026.08
850,12,0,5,12.2417,4821.76,0.1105,481.968,0.03,6
852,12,0,5,12.2342,4777.13
865,12,0,5,12.2275,4735.29
869,12,0,5,12.2136,4646.24
849,12,0,6,12.3579,5353.19,0.0775,338.032,0.22,7
850,12,0,6,12.3522,5303.73
819,12,0,7,12.4824,5982.61,0.0838333,365.656,0.48,8
2009,12,0,7,12.4757,5935.4
2010,12,0,7,12.46,5834.56
837,12,0,7,12.4528,5788.6
1774,12,0,7,12.4385,5709.83
849,12,0,7,12.4354,5691.23
105,12,0,8,12.7499,7421.57,0.0435,189.734,0.48,9
1967,12,0,8,12.7126,7224.51
107,12,0,8,12.7074,7194.89
1978,12,0,8,12.6983,7139.99
1979,12,0,8,12.6666,6930.81
329,12,0,8,12.6644,6913.36
2114,12,0,8,12.6599,6890.16
335,12,0,8,12.6494,6829.02
1819,12,0,8,12.6445,6800.08
344,12,0,8,12.6279,6702.83
349,12,0,8,12.6138,6619.75
358,12,0,8,12.6013,6550.45
805,12,0,8,12.5899,6487.16
811,12,0,8,12.588,6469.43
819,12,0,8,12.5663,6348.26
1970,12,0,9,12.8288,7803.66,0.0341667,149.025,0.09,10
124,12,0,9,12.8079,7690.98
105,12,0,9,12.7934,7611.3
1968,12,0,10,12.9401,8340.55,0,0,0
118,12,0,10,12.9006,8142.13
117,12,0,10,12.8934,8106.15
122,12,0,10,12.8762,8019.23
1970,12,0,10,12.863,7952.68
105,13,0,0,11.233,499.965,0.104333,455.071,0.4,1
124,13,0,0,11.2197,425.166
1970,13,0,0,11.2039,332.084
122,13,0,0,11.191,266.81
117,13,0,0,11.1756,187.792
118,13,0,0,11.1678,149.07
1968,13,0,0,11.14,0
320,13,0,1,11.392,1306.15,0.0905,394.734,0.38,2
1978,13,0,1,11.3734,1185.95
107,13,0,1,11.3649,1131.84
1967,13,0,1,11.3619,1103.14
105,13,0,1,11.3373,955.035
344,13,0,2,11.5847,2288.05,0.0798333,348.209,0.09,3
1819,13,0,2,11.5713,2194.53
335,13,0,2,11.5663,2165.58
2114,13,0,2,11.551,2084.78
329,13,0,2,11.5485,2069.73
2116,13,0,2,11.5433,2042.86
327,13,0,2,11.5289,1964.19
324,13,0,2,11.5245,1941.68
319,13,0,2,11.4951,1786.59
320,13,0,2,11.4825,1700.89
850,13,0,3,11.7915,3362.17,0.0711667,310.408,0.1,4
849,13,0,3,11.784,3312.69
1774,13,0,3,11.7804,3292.69
837,13,0,3,11.7682,3222.25
2010,13,0,3,11.7596,3173.95
2009,13,0,3,11.7375,3053.53
819,13,0,3,11.7304,3006.03
811,13,0,3,11.7092,2887.42
805,13,0,3,11.7057,2867.98
358,13,0,3,11.6951,2808.47
349,13,0,3,11.6776,2717.86
344,13,0,3,11.6645,2636.26
2176,13,0,4,11.9127,3992.76,0.0568333,247.89,0.16,5
2066,13,0,4,11.9025,3925.65
869,13,0,4,11.892,3850.64
865,13,0,4,11.8755,3757.53
852,13,0,4,11.8686,3715.56
850,13,0,4,11.8627,3672.58
1306,13,0,5,12.0021,4428.09,0.0833333,363.475,0.03,6
1599,13,0,5,11.9862,4338.64
1300,13,0,5,11.9824,4312.92
1298,13,0,5,11.9762,4280.02
2176,13,0,5,11.9696,4240.65
869,13,0,6,12.1648,5218.35,0.0443333,193.369,0.11,7
2066,13,0,6,12.1374,5082.4
1297,13,0,6,12.1069,4924.82
1299,13,0,6,12.1009,4891.27
1600,13,0,6,12.0995,4877.82
1306,13,0,6,12.0855,4791.56
849,13,0,7,12.2429,5636.7,0.0775,338.032,0.22,8
850,13,0,7,12.2372,5587.24
852,13,0,7,12.2297,5542.61
865,13,0,7,12.223,5500.77
869,13,0,7,12.2091,5411.72
819,13,0,8,12.3674,6266.12,0.0838333,365.656,0.48,9
2009,13,0,8,12.3607,6218.91
2010,13,0,8,12.345,6118.07
837,13,0,8,12.3378,6072.11
1774,13,0,8,12.3235,5993.34
849,13,0,8,12.3204,5974.74
1970,13,0,9,12.6703,7897.43,0.0341667,149.025,0.09,10
124,13,0,9,12.6494,7784.75
105,13,0,9,12.6349,7705.08
1967,13,0,9,12.5976,7508.02
107,13,0,9,12.5924,7478.4
1978,13,0,9,12.5833,7423.5
1979,13,0,9,12.5516,7214.32
329,13,0,9,12.5494,7196.87
2114,13,0,9,12.5449,7173.67
335,13,0,9,12.5344,7112.53
1819,13,0,9,12.5295,7083.6
344,13,0,9,12.5129,6986.34
349,13,0,9,12.4988,6903.26
358,13,0,9,12.4863,6833.96
805,13,0,9,12.4749,6770.67
811,13,0,9,12.473,6752.94
819,13,0,9,12.4513,6631.77
1968,13,0,10,12.7816,8434.33,0,0,0
118,13,0,10,12.7421,8235.9
117,13,0,10,12.7349,8199.93
122,13,0,10,12.7177,8113.01
1970,13,0,10,12.7045,8046.46
105,14,0,0,11.243,499.965,0.104333,455.071,0.4,1
124,14,0,0,11.2297,425.166
1970,14,0,0,11.2139,332.084
122,14,0,0,11.201,266.81
117,14,0,0,11.1856,187.792
118,14,0,0,11.1778,149.07
1968,14,0,0,11.15,0
320,14,0,1,11.402,1306.15,0.0905,394.734,0.38,2
1978,14,0,1,11.3834,1185.95
107,14,0,1,11.3749,1131.84
1967,14,0,1,11.3719,1103.14
105,14,0,1,11.3473,955.035
344,14,0,2,11.5947,2288.05,0.0798333,348.209,0.09,3
1819,14,0,2,11.5813,2194.53
335,14,0,2,11.5763,2165.58
2114,14,0,2,11.561,2084.78
329,14,0,2,11.5585,2069.73
2116,14,0,2,11.5533,2042.86
327,14,0,2,11.5388,1964.19
324,14,0,2,11.5345,1941.68
319,14,0,2,11.5051,1786.59
320,14,0,2,11.4925,1700.89
849,14,0,3,11.794,3312.69,0.0695,303.138,0.23,4
1774,14,0,3,11.7904,3292.69
837,14,0,3,11.7782,3222.25
2010,14,0,3,11.7696,3173.95
2009,14,0,3,11.7475,3053.53
819,14,0,3,11.7404,3006.03
811,14,0,3,11.7192,2887.42
805,14,0,3,11.7157,2867.98
358,14,0,3,11.7051,2808.47
349,14,0,3,11.6876,2717.86
344,14,0,3,11.6745,2636.26
2176,14,0,4,11.9211,3985.49,0.0568333,247.89,0.16,5
2066,14,0,4,11.9109,3918.38
869,14,0,4,11.9003,3843.37
865,14,0,4,11.8838,3750.26
852,14,0,4,11.877,3708.29
850,14,0,4,11.871,3665.31
849,14,0,4,11.8635,3615.83
1306,14,0,5,12.0105,4420.82,0.0833333,363.475,0.03,6
1599,14,0,5,11.9945,4331.37
1300,14,0,5,11.9907,4305.65
1298,14,0,5,11.9845,4272.75
2176,14,0,5,11.9779,4233.38
869,14,0,6,12.1731,5211.08,0.0443333,193.369,0.11,7
2066,14,0,6,12.1457,5075.13
1297,14,0,6,12.1153,4917.55
1299,14,0,6,12.1092,4884
1600,14,0,6,12.1078,4870.55
1306,14,0,6,12.0938,4784.29
850,14,0,7,12.2455,5579.97,0.1105,481.968,0.03,8
852,14,0,7,12.238,5535.34
865,14,0,7,12.2313,5493.5
869,14,0,7,12.2174,5404.45
819,14,0,8,12.4088,6402.79,0.0838333,365.656,0.48,9
2009,14,0,8,12.4021,6355.58
2010,14,0,8,12.3864,6254.74
837,14,0,8,12.3792,6208.78
1774,14,0,8,12.3648,6130
849,14,0,8,12.3617,6111.4
850,14,0,8,12.356,6061.94
1970,14,0,9,12.7116,8034.1,0.0341667,149.025,0.09,10
124,14,0,9,12.6907,7921.42
105,14,0,9,12.6763,7841.75
1967,14,0,9,12.6389,7644.68
107,14,0,9,12.6337,7615.06
1978,14,0,9,12.6247,7560.17
1979,14,0,9,12.5929,7350.98
329,14,0,9,12.5907,7333.54
2114,14,0,9,12.5862,7310.33
335,14,0,9,12.5758,7249.2
1819,14,0,9,12.5708,7220.26
344,14,0,9,12.5542,7123.01
349,14,0,9,12.5401,7039.93
358,14,0,9,12.5277,6970.62
805,14,0,9,12.5162,6907.34
811,14,0,9,12.5144,6889.6
819,14,0,9,12.4926,6768.44
1968,14,0,10,12.8229,8571,0,0,0
118,14,0,10,12.7834,8372.57
117,14,0,10,12.7763,8336.59
122,14,0,10,12.759,8249.68
1970,14,0,10,12.7458,8183.12
105,15,0,0,11.323,499.965,0.104333,455.071,0.4,1
124,15,0,0,11.3097,425.166
1970,15,0,0,11.2939,332.084
122,15,0,0,11.281,266.81
117,15,0,0,11.2656,187.792
118,15,0,0,11.2578,149.07
1968,15,0,0,11.23,0
320,15,0,1,11.482,1306.15,0.0905,394.734,0.38,2
1978,15,0,1,11.4634,1185.95
107,15,0,1,11.4549,1131.84
1967,15,0,1,11.4519,1103.14
105,15,0,1,11.4273,955.035
344,15,0,2,11.6747,2288.05,0.0798333,348.209,0.09,3
1819,15,0,2,11.6613,2194.53
335,15,0,2,11.6563,2165.58
2114,15,0,2,11.641,2084.78
329,15,0,2,11.6385,2069.73
2116,15,0,2,11.6333,2042.86
327,15,0,2,11.6188,1964.19
324,15,0,2,11.6145,1941.68
319,15,0,2,11.5851,1786.59
320,15,0,2,11.5725,1700.89
2176,15,0,3,11.9316,3682.36,0.0568333,247.89,0.16,4
2066,15,0,3,11.9214,3615.25
869,15,0,3,11.9108,3540.23
865,15,0,3,11.8943,3447.12
852,15,0,3,11.8875,3405.15
850,15,0,3,11.8815,3362.17
849,15,0,3,11.874,3312.69
1774,15,0,3,11.8704,3292.69
837,15,0,3,11.8582,3222.25
2010,15,0,3,11.8496,3173.95
2009,15,0,3,11.8275,3053.53
819,15,0,3,11.8204,3006.03
811,15,0,3,11.7992,2887.42
805,15,0,3,11.7957,2867.98
358,15,0,3,11.7851,2808.47
349,15,0,3,11.7676,2717.86
344,15,0,3,11.7545,2636.26
1306,15,0,4,12.021,4117.68,0.0833333,363.475,0.03,5
1599,15,0,4,12.005,4028.23
1300,15,0,4,12.0012,4002.52
1298,15,0,4,11.995,3969.61
2176,15,0,4,11.9884,3930.25
869,15,0,5,12.1836,4907.94,0.0443333,193.369,0.11,6
2066,15,0,5,12.1562,4771.99
1297,15,0,5,12.1258,4614.41
1299,15,0,5,12.1197,4580.86
1600,15,0,5,12.1183,4567.42
1306,15,0,5,12.1043,4481.15
850,15,0,6,12.256,5276.84,0.1105,481.968,0.03,7
852,15,0,6,12.2485,5232.2
865,15,0,6,12.2418,5190.36
869,15,0,6,12.2279,5101.31
849,15,0,7,12.3722,5808.26,0.0775,338.032,0.22,8
850,15,0,7,12.3665,5758.8
819,15,0,8,12.4968,6437.68,0.0838333,365.656,0.48,9
2009,15,0,8,12.4901,6390.47
2010,15,0,8,12.4744,6289.63
837,15,0,8,12.4672,6243.67
1774,15,0,8,12.4528,6164.9
849,15,0,8,12.4497,6146.3
1970,15,0,9,12.7996,8068.99,0.0341667,149.025,0.09,10
124,15,0,9,12.7787,7956.32
105,15,0,9,12.7643,7876.64
1967,15,0,9,12.7269,7679.58
107,15,0,9,12.7217,7649.96
1978,15,0,9,12.7127,7595.07
1979,15,0,9,12.6809,7385.88
329,15,0,9,12.6787,7368.43
2114,15,0,9,12.6742,7345.23
335,15,0,9,12.6638,7284.09
1819,15,0,9,12.6588,7255.16
344,15,0,9,12.6422,7157.9
349,15,0,9,12.6281,7074.82
358,15,0,9,12.6157,7005.52
805,15,0,9,12.6042,6942.24
811,15,0,9,12.6024,6924.5
819,15,0,9,12.5806,6803.34
1968,15,0,10,12.9109,8605.89,0,0,0
118,15,0,10,12.8714,8407.46
117,15,0,10,12.8643,8371.49
122,15,0,10,12.847,8284.57
1970,15,0,10,12.8338,8218.02
105,16,0,0,11.373,499.965,0.104333,455.071,0.4,1
124,16,0,0,11.3597,425.166
1970,16,0,0,11.3439,332.084
122,16,0,0,11.331,266.81
117,16,0,0,11.3156,187.792
118,16,0,0,11.3078,149.07
1968,16,0,0,11.28,0
320,16,0,1,11.532,1306.15,0.0905,394.734,0.38,2
1978,16,0,1,11.5134,1185.95
107,16,0,1,11.5049,1131.84
1967,16,0,1,11.5019,1103.14
105,16,0,1,11.4773,955.035
344,16,0,2,11.7247,2288.05,0.0798333,348.209,0.09,3
1819,16,0,2,11.7113,2194.53
335,16,0,2,11.7063,2165.58
2114,16,0,2,11.691,2084.78
329,16,0,2,11.6885,2069.73
2116,16,0,2,11.6833,2042.86
327,16,0,2,11.6688,1964.19
324,16,0,2,11.6645,1941.68
319,16,0,2,11.6351,1786.59
320,16,0,2,11.6225,1700.89
849,16,0,3,11.924,3312.69,0.0695,303.138,0.23,4
1774,16,0,3,11.9204,3292.69
837,16,0,3,11.9082,3222.25
2010,16,0,3,11.8996,3173.95
2009,16,0,3,11.8775,3053.53
819,16,0,3,11.8704,3006.03
811,16,0,3,11.8492,2887.42
805,16,0,3,11.8457,2867.98
358,16,0,3,11.8351,2808.47
349,16,0,3,11.8176,2717.86
344,16,0,3,11.8045,2636.26
850,16,0,4,12.001,3665.31,0.1105,481.968,0.03,5
849,16,0,4,11.9935,3615.83
2176,16,0,5,12.1595,4464.04,0.0963333,420.177,0.14,6
2066,16,0,5,12.1492,4396.88
869,16,0,5,12.1384,4321.73
865,16,0,5,12.1237,4231.52
852,16,0,5,12.1175,4190.26
850,16,0,5,12.1115,4147.28
1306,16,0,6,12.2896,5075.45,0.0833333,363.475,0.03,7
1599,16,0,6,12.2721,4979
1300,16,0,6,12.2677,4952.58
1298,16,0,6,12.2623,4923.4
2176,16,0,6,12.2558,4884.22
869,16,0,7,12.4522,5865.72,0.0443333,193.369,0.11,8
2066,16,0,7,12.4249,5729.77
1297,16,0,7,12.3944,5572.19
1299,16,0,7,12.3884,5538.64
1600,16,0,7,12.3869,5525.19
1306,16,0,7,12.3729,5438.93
819,16,0,8,12.5774,6575.46,0.0838333,365.656,0.48,9
2009,16,0,8,12.5707,6528.25
2010,16,0,8,12.555,6427.41
837,16,0,8,12.5478,6381.45
1774,16,0,8,12.5334,6302.67
849,16,0,8,12.5303,6284.07
850,16,0,8,12.5247,6234.61
852,16,0,8,12.5171,6189.98
865,16,0,8,12.5104,6148.13
869,16,0,8,12.4966,6059.08
1970,16,0,9,12.8803,8206.77,0.0341667,149.025,0.09,10
124,16,0,9,12.8594,8094.09
105,16,0,9,12.8449,8014.42
1967,16,0,9,12.8075,7817.35
107,16,0,9,12.8023,7787.73
1978,16,0,9,12.7933,7732.84
1979,16,0,9,12.7615,7523.65
329,16,0,9,12.7594,7506.21
2114,16,0,9,12.7548,7483
335,16,0,9,12.7444,7421.87
1819,16,0,9,12.7394,7392.93
344,16,0,9,12.7229,7295.68
349,16,0,9,12.7088,7212.6
358,16,0,9,12.6963,7143.29
805,16,0,9,12.6848,7080.01
811,16,0,9,12.683,7062.27
819,16,0,9,12.6612,6941.11
1968,16,0,10,12.9915,8743.67,0,0,0
118,16,0,10,12.952,8545.24
117,16,0,10,12.9449,8509.26
122,16,0,10,12.9276,8422.35
1970,16,0,10,12.9144,8355.79
105,17,0,0,11.353,499.965,0.104333,455.071,0.4,1
124,17,0,0,11.3397,425.166
1970,17,0,0,11.3239,332.084
122,17,0,0,11.311,266.81
117,17,0,0,11.2956,187.792
118,17,0,0,11.2878,149.07
1968,17,0,0,11.26,0
320,17,0,1,11.512,1306.15,0.0905,394.734,0.38,2
1978,17,0,1,11.4934,1185.95
107,17,0,1,11.4849,1131.84
1967,17,0,1,11.4819,1103.14
105,17,0,1,11.4573,955.035
344,17,0,2,11.7047,2288.05,0.0798333,348.209,0.09,3
1819,17,0,2,11.6913,2194.53
335,17,0,2,11.6863,2165.58
2114,17,0,2,11.671,2084.78
329,17,0,2,11.6685,2069.73
2116,17,0,2,11.6633,2042.86
327,17,0,2,11.6489,1964.19
324,17,0,2,11.6445,1941.68
319,17,0,2,11.6151,1786.59
320,17,0,2,11.6025,1700.89
869,17,0,3,11.9408,3540.23,0.0495,215.904,0.11,4
865,17,0,3,11.9243,3447.12
852,17,0,3,11.9175,3405.15
850,17,0,3,11.9115,3362.17
849,17,0,3,11.904,3312.69
1774,17,0,3,11.9004,3292.69
837,17,0,3,11.8882,3222.25
2010,17,0,3,11.8796,3173.95
2009,17,0,3,11.8575,3053.53
819,17,0,3,11.8504,3006.03
811,17,0,3,11.8292,2887.42
805,17,0,3,11.8257,2867.98
358,17,0,3,11.8151,2808.47
349,17,0,3,11.7976,2717.86
344,17,0,3,11.7845,2636.26
2176,17,0,4,12.0111,3898.26,0.0963333,420.177,0.14,5
2066,17,0,4,12.0009,3831.15
869,17,0,4,11.9903,3756.13
1306,17,0,5,12.1412,4509.67,0.0833333,363.475,0.03,6
1599,17,0,5,12.1236,4413.22
1300,17,0,5,12.1193,4386.8
1298,17,0,5,12.1139,4357.62
2176,17,0,5,12.1074,4318.44
850,17,0,6,12.3319,5475.46,0.1105,481.968,0.03,7
852,17,0,6,12.3244,5430.82
865,17,0,6,12.3177,5388.98
869,17,0,6,12.3038,5299.93
2066,17,0,6,12.2765,5163.99
1297,17,0,6,12.246,5006.4
1299,17,0,6,12.24,4972.86
1600,17,0,6,12.2385,4959.41
1306,17,0,6,12.2245,4873.15
849,17,0,7,12.4481,6006.89,0.0775,338.032,0.22,8
850,17,0,7,12.4424,5957.43
819,17,0,8,12.5727,6636.3,0.0838333,365.656,0.48,9
2009,17,0,8,12.566,6589.1
2010,17,0,8,12.5502,6488.25
837,17,0,8,12.5431,6442.3
1774,17,0,8,12.5287,6363.52
849,17,0,8,12.5256,6344.92
1970,17,0,9,12.8755,8267.62,0.0341667,149.025,0.09,10
124,17,0,9,12.8546,8154.94
105,17,0,9,12.8402,8075.26
1967,17,0,9,12.8028,7878.2
107,17,0,9,12.7976,7848.58
1978,17,0,9,12.7885,7793.69
1979,17,0,9,12.7568,7584.5
329,17,0,9,12.7546,7567.06
2114,17,0,9,12.7501,7543.85
335,17,0,9,12.7396,7482.72
1819,17,0,9,12.7347,7453.78
344,17,0,9,12.7181,7356.53
349,17,0,9,12.704,7273.45
358,17,0,9,12.6915,7204.14
805,17,0,9,12.6801,7140.86
811,17,0,9,12.6783,7123.12
819,17,0,9,12.6565,7001.96
1968,17,0,10,12.9868,8804.51,0,0,0
118,17,0,10,12.9473,8606.09
117,17,0,10,12.9402,8570.11
122,17,0,10,12.9229,8483.2
1970,17,0,10,12.9097,8416.64
1970,18,0,0,11.2939,332.084,0.0768333,335.124,0.08,1
122,18,0,0,11.281,266.81
117,18,0,0,11.2656,187.792
118,18,0,0,11.2578,149.07
1968,18,0,0,11.23,0
105,18,0,1,11.3998,835.089,0.104333,455.071,0.4,2
124,18,0,1,11.3865,760.29
1970,18,0,1,11.3707,667.208
320,18,0,2,11.5588,1641.28,0.0905,394.734,0.38,3
1978,18,0,2,11.5402,1521.07
107,18,0,2,11.5318,1466.97
1967,18,0,2,11.5288,1438.26
105,18,0,2,11.5042,1290.16
344,18,0,3,11.7515,2623.18,0.0798333,348.209,0.09,4
1819,18,0,3,11.7381,2529.65
335,18,0,3,11.7332,2500.7
2114,18,0,3,11.7178,2419.91
329,18,0,3,11.7153,2404.85
2116,18,0,3,11.7102,2377.98
327,18,0,3,11.6957,2299.31
324,18,0,3,11.6913,2276.8
319,18,0,3,11.6619,2121.71
320,18,0,3,11.6493,2036.01
2176,18,0,4,12.0084,4017.48,0.0963333,420.177,0.14,5
2066,18,0,4,11.9982,3950.37
869,18,0,4,11.9876,3875.35
865,18,0,4,11.9711,3782.25
852,18,0,4,11.9643,3740.28
850,18,0,4,11.9583,3697.29
849,18,0,4,11.9509,3647.82
1774,18,0,4,11.9473,3627.82
837,18,0,4,11.935,3557.37
2010,18,0,4,11.9264,3509.08
2009,18,0,4,11.9043,3388.65
819,18,0,4,11.8972,3341.16
811,18,0,4,11.876,3222.54
805,18,0,4,11.8725,3203.11
358,18,0,4,11.8619,3143.6
349,18,0,4,11.8444,3052.98
344,18,0,4,11.8313,2971.38
1306,18,0,5,12.1385,4628.89,0.0833333,363.475,0.03,6
1599,18,0,5,12.121,4532.44
1300,18,0,5,12.1166,4506.02
1298,18,0,5,12.1113,4476.84
2176,18,0,5,12.1047,4437.66
869,18,0,6,12.3012,5419.15,0.0443333,193.369,0.11,7
2066,18,0,6,12.2738,5283.21
1297,18,0,6,12.2433,5125.62
1299,18,0,6,12.2373,5092.08
1600,18,0,6,12.2358,5078.63
1306,18,0,6,12.2218,4992.37
850,18,0,7,12.3736,5788.05,0.1105,481.968,0.03,8
852,18,0,7,12.3661,5743.41
865,18,0,7,12.3593,5701.57
869,18,0,7,12.3455,5612.52
849,18,0,8,12.4898,6319.48,0.0775,338.032,0.22,9
850,18,0,8,12.4841,6270.02
819,18,0,9,12.6143,6948.89,0.0838333,365.656,0.48,10
2009,18,0,9,12.6076,6901.69
2010,18,0,9,12.5919,6800.84
837,18,0,9,12.5847,6754.89
1774,18,0,9,12.5704,6676.11
849,18,0,9,12.5673,6657.51
1968,18,0,10,12.9943,8968.35,0,0,0
118,18,0,10,12.9551,8771.07
117,18,0,10,12.9477,8733.68
122,18,0,10,12.9304,8646.76
1970,18,0,10,12.9172,8580.21
124,18,0,10,12.8963,8467.53
105,18,0,10,12.8818,8387.85
1967,18,0,10,12.8445,8190.79
107,18,0,10,12.8392,8161.17
1978,18,0,10,12.8302,8106.28
1979,18,0,10,12.7984,7897.09
329,18,0,10,12.7963,7879.65
2114,18,0,10,12.7917,7856.44
335,18,0,10,12.7813,7795.31
1819,18,0,10,12.7763,7766.37
344,18,0,10,12.7598,7669.12
349,18,0,10,12.7457,7586.03
358,18,0,10,12.7332,7516.73
805,18,0,10,12.7217,7453.45
811,18,0,10,12.7199,7435.71
819,18,0,10,12.6982,7314.55
105,19,0,0,10.9919,497.903,0.115333,503.049,0.34,1
124,19,0,0,10.9798,426.583
1970,19,0,0,10.9644,334.012
122,19,0,0,10.9518,270.034
117,19,0,0,10.9348,184.186
118,19,0,0,10.9264,143.105
1968,19,0,0,10.9,0
1970,19,0,1,11.1396,1180.66,0.0768333,335.124,0.08,2
124,19,0,1,11.1205,1075.65
105,19,0,1,11.1072,1000.95
320,19,0,2,11.3003,2034.79,0.0905,394.734,0.38,3
1978,19,0,2,11.2817,1914.58
107,19,0,2,11.2732,1860.47
1967,19,0,2,11.2702,1831.77
105,19,0,2,11.2456,1683.67
124,19,0,2,11.2323,1608.87
1970,19,0,2,11.2165,1515.79
344,19,0,3,11.493,3016.68,0.0798333,348.209,0.09,4
1819,19,0,3,11.4796,2923.16
335,19,0,3,11.4746,2894.21
2114,19,0,3,11.4593,2813.42
329,19,0,3,11.4568,2798.36
2116,19,0,3,11.4516,2771.49
327,19,0,3,11.4371,2692.82
324,19,0,3,11.4328,2670.31
319,19,0,3,11.4034,2515.22
320,19,0,3,11.3908,2429.52
849,19,0,4,11.6923,4041.33,0.0695,303.138,0.23,5
1774,19,0,4,11.6887,4021.33
837,19,0,4,11.6765,3950.88
2010,19,0,4,11.6679,3902.59
2009,19,0,4,11.6458,3782.16
819,19,0,4,11.6387,3734.66
811,19,0,4,11.6175,3616.05
805,19,0,4,11.614,3596.61
358,19,0,4,11.6034,3537.1
349,19,0,4,11.5859,3446.49
344,19,0,4,11.5728,3364.89
2176,19,0,5,11.8194,4714.13,0.0568333,247.89,0.16,6
2066,19,0,5,11.8092,4647.02
869,19,0,5,11.7986,4572
865,19,0,5,11.7821,4478.9
852,19,0,5,11.7753,4436.92
850,19,0,5,11.7693,4393.94
849,19,0,5,11.7618,4344.46
869,19,0,6,11.9343,5271.13,0.0495,215.904,0.11,7
2066,19,0,6,11.9133,5161.57
1297,19,0,6,11.8863,5018.81
1298,19,0,6,11.8828,5001.38
2176,19,0,6,11.8762,4962.02
1306,19,0,7,12.0372,5816.59,0.0833333,363.475,0.03,8
1599,19,0,7,12.0212,5727.15
1300,19,0,7,12.0174,5701.43
1298,19,0,7,12.0112,5668.52
2176,19,0,7,12.0046,5629.16
2066,19,0,7,11.9944,5562.05
869,19,0,7,11.9838,5487.03
850,19,0,8,12.2279,6782.38,0.1105,481.968,0.03,9
852,19,0,8,12.2204,6737.74
865,19,0,8,12.2137,6695.9
869,19,0,8,12.1998,6606.85
2066,19,0,8,12.1724,6470.91
1297,19,0,8,12.142,6313.32
1299,19,0,8,12.136,6279.78
1600,19,0,8,12.1345,6266.33
1306,19,0,8,12.1205,6180.07
819,19,0,9,12.3912,7605.19,0.0838333,365.656,0.48,10
2009,19,0,9,12.3845,7557.99
2010,19,0,9,12.3687,7457.14
837,19,0,9,12.3616,7411.19
1774,19,0,9,12.3472,7332.41
849,19,0,9,12.3441,7313.81
850,19,0,9,12.3384,7264.35
1968,19,0,10,12.7712,9624.65,0,0,0
118,19,0,10,12.7319,9427.37
117,19,0,10,12.7245,9389.98
122,19,0,10,12.7072,9303.06
1970,19,0,10,12.694,9236.5
124,19,0,10,12.6731,9123.83
105,19,0,10,12.6586,9044.15
1967,19,0,10,12.6213,8847.09
107,19,0,10,12.6161,8817.47
1978,19,0,10,12.607,8762.58
1979,19,0,10,12.5753,8553.39
329,19,0,10,12.5731,8535.95
2114,19,0,10,12.5686,8512.74
335,19,0,10,12.5581,8451.61
1819,19,0,10,12.5532,8422.67
344,19,0,10,12.5366,8325.42
349,19,0,10,12.5225,8242.33
358,19,0,10,12.51,8173.03
805,19,0,10,12.4986,8109.75
811,19,0,10,12.4968,8092.01
819,19,0,10,12.475,7970.85
320,20,0,0,11.4077,851.082,0.0905,394.734,0.38,1
1978,20,0,0,11.3891,730.88
107,20,0,0,11.3806,676.772
1967,20,0,0,11.3776,648.066
105,20,0,0,11.353,499.965
124,20,0,0,11.3397,425.166
1970,20,0,0,11.3239,332.084
122,20,0,0,11.311,266.81
117,20,0,0,11.2956,187.792
118,20,0,0,11.2878,149.07
1968,20,0,0,11.26,0
344,20,0,1,11.6003,1832.98,0.0798333,348.209,0.09,2
1819,20,0,1,11.587,1739.46
335,20,0,1,11.582,1710.51
2114,20,0,1,11.5667,1629.71
329,20,0,1,11.5641,1614.66
2116,20,0,1,11.559,1587.79
327,20,0,1,11.5445,1509.12
324,20,0,1,11.5402,1486.61
319,20,0,1,11.5108,1331.52
320,20,0,1,11.4982,1245.82
849,20,0,2,11.7997,2857.62,0.0695,303.138,0.23,3
1774,20,0,2,11.7961,2837.62
837,20,0,2,11.7838,2767.18
2010,20,0,2,11.7753,2718.88
2009,20,0,2,11.7531,2598.46
819,20,0,2,11.746,2550.96
811,20,0,2,11.7248,2432.35
805,20,0,2,11.7213,2412.91
358,20,0,2,11.7107,2353.4
349,20,0,2,11.6933,2262.79
344,20,0,2,11.6802,2181.19
2176,20,0,3,11.9267,3530.42,0.0568333,247.89,0.16,4
2066,20,0,3,11.9165,3463.31
869,20,0,3,11.906,3388.3
865,20,0,3,11.8895,3295.19
852,20,0,3,11.8826,3253.22
850,20,0,3,11.8767,3210.24
849,20,0,3,11.8692,3160.76
1306,20,0,4,12.0161,3965.75,0.0833333,363.475,0.03,5
1599,20,0,4,12.0002,3876.3
1300,20,0,4,11.9964,3850.58
1298,20,0,4,11.9902,3817.68
2176,20,0,4,11.9836,3778.31
869,20,0,5,12.1788,4756.01,0.0443333,193.369,0.11,6
2066,20,0,5,12.1514,4620.06
1297,20,0,5,12.1209,4462.48
1299,20,0,5,12.1149,4428.93
1600,20,0,5,12.1135,4415.48
1306,20,0,5,12.0995,4329.22
850,20,0,6,12.2512,5124.9,0.1105,481.968,0.03,7
852,20,0,6,12.2437,5080.27
865,20,0,6,12.237,5038.43
869,20,0,6,12.2231,4949.38
819,20,0,7,12.4144,5947.72,0.0838333,365.656,0.48,8
2009,20,0,7,12.4077,5900.51
2010,20,0,7,12.392,5799.67
837,20,0,7,12.3848,5753.71
1774,20,0,7,12.3705,5674.93
849,20,0,7,12.3674,5656.33
850,20,0,7,12.3617,5606.87
1970,20,0,8,12.7173,7579.03,0.0341667,149.025,0.09,9
124,20,0,8,12.6964,7466.35
105,20,0,8,12.6819,7386.67
1967,20,0,8,12.6446,7189.61
107,20,0,8,12.6394,7159.99
1978,20,0,8,12.6303,7105.1
1979,20,0,8,12.5986,6895.91
329,20,0,8,12.5964,6878.47
2114,20,0,8,12.5919,6855.26
335,20,0,8,12.5814,6794.13
1819,20,0,8,12.5765,6765.19
344,20,0,8,12.5599,6667.94
349,20,0,8,12.5458,6584.86
358,20,0,8,12.5333,6515.55
805,20,0,8,12.5219,6452.27
811,20,0,8,12.52,6434.53
819,20,0,8,12.4983,6313.37
1968,20,0,9,12.8286,8115.93,0,0,0
118,20,0,9,12.7891,7917.5
117,20,0,9,12.7819,7881.52
122,20,0,9,12.7647,7794.61
1970,20,0,9,12.7515,7728.05
105,20,1,0,9.93826,522.901,0.1085,473.244,0.3,1
124,20,1,0,9.92272,438.596
1970,20,1,0,9.90717,345.923
122,20,1,0,9.8944,281.164
117,20,1,0,9.87485,184.747
118,20,1,0,9.86805,150.127
1968,20,1,0,9.84,0
1968,20,1,1,10.1472,1525.79,0,0,0
118,20,1,1,10.1147,1356.71
117,20,1,1,10.1074,1320.07
122,20,1,1,10.0908,1235.7
1970,20,1,1,10.0788,1174.12
124,20,1,1,10.0595,1068.77
105,20,1,1,10.0468,996.145
320,21,0,0,11.5377,851.082,0.0905,394.734,0.38,1
1978,21,0,0,11.5191,730.88
107,21,0,0,11.5106,676.772
1967,21,0,0,11.5076,648.066
105,21,0,0,11.483,499.965
124,21,0,0,11.4697,425.166
1970,21,0,0,11.4539,332.084
122,21,0,0,11.441,266.81
117,21,0,0,11.4256,187.792
118,21,0,0,11.4178,149.07
1968,21,0,0,11.39,0
2176,21,0,1,11.9168,2838.28,0.0568333,247.89,0.16,2
2066,21,0,1,11.9064,2770.94
869,21,0,1,11.895,2695.31
1856,21,0,1,11.8672,2567.83
855,21,0,1,11.867,2567.12
854,21,0,1,11.8648,2553.53
841,21,0,1,11.8463,2454.48
829,21,0,1,11.8316,2372.13
831,21,0,1,11.8188,2306.55
2153,21,0,1,11.8188,2306.47
821,21,0,1,11.8049,2237.12
2008,21,0,1,11.7964,2194.33
812,21,0,1,11.7799,2103.01
807,21,0,1,11.7797,2102.22
356,21,0,1,11.7669,2031.8
1981,21,0,1,11.7547,1948.29
345,21,0,1,11.733,1838.22
341,21,0,1,11.7235,1787.97
2132,21,0,1,11.7233,1785.93
328,21,0,1,11.7094,1694.35
2115,21,0,1,11.698,1635.36
329,21,0,1,11.6941,1614.66
2116,21,0,1,11.689,1587.79
327,21,0,1,11.6745,1509.12
324,21,0,1,11.6702,1486.61
319,21,0,1,11.6408,1331.52
320,21,0,1,11.6282,1245.82
1306,21,0,2,12.0062,3273.6,0.0833333,363.475,0.03,3
1599,21,0,2,11.9903,3184.16
1300,21,0,2,11.9864,3158.44
1298,21,0,2,11.9803,3125.53
2176,21,0,2,11.9736,3086.17
869,21,0,3,12.1688,4063.86,0.0443333,193.369,0.11,4
2066,21,0,3,12.1415,3927.92
1297,21,0,3,12.111,3770.33
1299,21,0,3,12.105,3736.79
1600,21,0,3,12.1035,3723.34
1306,21,0,3,12.0895,3637.08
850,21,0,4,12.2412,4432.76,0.1105,481.968,0.03,5
852,21,0,4,12.2337,4388.12
865,21,0,4,12.227,4346.28
869,21,0,4,12.2132,4257.23
849,21,0,5,12.3574,4964.19,0.0775,338.032,0.22,6
850,21,0,5,12.3517,4914.73
819,21,0,6,12.482,5593.6,0.0838333,365.656,0.48,7
2009,21,0,6,12.4753,5546.4
2010,21,0,6,12.4596,5445.55
837,21,0,6,12.4524,5399.6
1774,21,0,6,12.438,5320.82
849,21,0,6,12.4349,5302.22
344,21,0,7,12.6275,6313.83,0.0863333,376.56,0.09,8
349,21,0,7,12.6134,6230.74
358,21,0,7,12.6009,6161.44
805,21,0,7,12.5894,6098.16
811,21,0,7,12.5876,6080.42
819,21,0,7,12.5658,5959.26
1970,21,0,8,12.8712,7601.48,0.0341667,149.025,0.09,9
124,21,0,8,12.8503,7488.8
105,21,0,8,12.8358,7409.12
1967,21,0,8,12.7985,7212.06
107,21,0,8,12.7932,7182.44
1978,21,0,8,12.7842,7127.55
1979,21,0,8,12.7524,6918.36
329,21,0,8,12.7503,6900.92
2114,21,0,8,12.7457,6877.71
335,21,0,8,12.7353,6816.58
1819,21,0,8,12.7303,6787.64
344,21,0,8,12.7138,6690.39
1968,21,0,9,12.9824,8138.37,0,0,0
118,21,0,9,12.9429,7939.95
117,21,0,9,12.9358,7903.97
122,21,0,9,12.9186,7817.05
1970,21,0,9,12.9054,7750.5
105,21,1,0,9.89826,522.901,0.1085,473.244,0.3,1
124,21,1,0,9.88272,438.596
1970,21,1,0,9.86717,345.923
122,21,1,0,9.8544,281.164
117,21,1,0,9.83485,184.747
118,21,1,0,9.82805,150.127
1968,21,1,0,9.8,0
1968,21,1,1,10.1072,1525.79,0,0,0
118,21,1,1,10.0747,1356.71
117,21,1,1,10.0674,1320.07
122,21,1,1,10.0508,1235.7
1970,21,1,1,10.0388,1174.12
124,21,1,1,10.0195,1068.77
105,21,1,1,10.0068,996.145
320,22,0,0,11.5377,851.082,0.0905,394.734,0.38,1
1978,22,0,0,11.5191,730.88
107,22,0,0,11.5106,676.772
1967,22,0,0,11.5076,648.066
105,22,0,0,11.483,499.965
124,22,0,0,11.4697,425.166
1970,22,0,0,11.4539,332.084
122,22,0,0,11.441,266.81
117,22,0,0,11.4256,187.792
118,22,0,0,11.4178,149.07
1968,22,0,0,11.39,0
2176,22,0,1,11.9168,2838.28,0.0568333,247.89,0.16,2
2066,22,0,1,11.9064,2770.94
869,22,0,1,11.895,2695.31
1856,22,0,1,11.8672,2567.83
855,22,0,1,11.867,2567.12
854,22,0,1,11.8648,2553.53
841,22,0,1,11.8463,2454.48
829,22,0,1,11.8316,2372.13
831,22,0,1,11.8188,2306.55
2153,22,0,1,11.8188,2306.47
821,22,0,1,11.8049,2237.12
2008,22,0,1,11.7964,2194.33
812,22,0,1,11.7799,2103.01
807,22,0,1,11.7797,2102.22
356,22,0,1,11.7669,2031.8
1981,22,0,1,11.7547,1948.29
345,22,0,1,11.733,1838.22
341,22,0,1,11.7235,1787.97
2132,22,0,1,11.7233,1785.93
328,22,0,1,11.7094,1694.35
2115,22,0,1,11.698,1635.36
329,22,0,1,11.6941,1614.66
2116,22,0,1,11.689,1587.79
327,22,0,1,11.6745,1509.12
324,22,0,1,11.6702,1486.61
319,22,0,1,11.6408,1331.52
320,22,0,1,11.6282,1245.82
1306,22,0,2,12.0062,3273.6,0.0833333,363.475,0.03,3
1599,22,0,2,11.9903,3184.16
1300,22,0,2,11.9864,3158.44
1298,22,0,2,11.9803,3125.53
2176,22,0,2,11.9736,3086.17
869,22,0,3,12.1688,4063.86,0.0443333,193.369,0.11,4
2066,22,0,3,12.1415,3927.92
1297,22,0,3,12.111,3770.33
1299,22,0,3,12.105,3736.79
1600,22,0,3,12.1035,3723.34
1306,22,0,3,12.0895,3637.08
850,22,0,4,12.2412,4432.76,0.1105,481.968,0.03,5
852,22,0,4,12.2337,4388.12
865,22,0,4,12.227,4346.28
869,22,0,4,12.2132,4257.23
849,22,0,5,12.3574,4964.19,0.0775,338.032,0.22,6
850,22,0,5,12.3517,4914.73
819,22,0,6,12.482,5593.6,0.0838333,365.656,0.48,7
2009,22,0,6,12.4753,5546.4
2010,22,0,6,12.4596,5445.55
837,22,0,6,12.4524,5399.6
1774,22,0,6,12.438,5320.82
849,22,0,6,12.4349,5302.22
344,22,0,7,12.6275,6313.83,0.0863333,376.56,0.09,8
349,22,0,7,12.6134,6230.74
358,22,0,7,12.6009,6161.44
805,22,0,7,12.5894,6098.16
811,22,0,7,12.5876,6080.42
819,22,0,7,12.5658,5959.26
1968,22,0,8,12.9483,7989.35,0,0,0
118,22,0,8,12.9088,7790.92
117,22,0,8,12.9017,7754.95
122,22,0,8,12.8844,7668.03
1970,22,0,8,12.8712,7601.48
124,22,0,8,12.8503,7488.8
105,22,0,8,12.8358,7409.12
1967,22,0,8,12.7985,7212.06
107,22,0,8,12.7932,7182.44
1978,22,0,8,12.7842,7127.55
1979,22,0,8,12.7524,6918.36
329,22,0,8,12.7503,6900.92
2114,22,0,8,12.7457,6877.71
335,22,0,8,12.7353,6816.58
1819,22,0,8,12.7303,6787.64
344,22,0,8,12.7138,6690.39
105,22,1,0,9.98826,522.901,0.1085,473.244,0.3,1
124,22,1,0,9.97272,438.596
1970,22,1,0,9.95717,345.923
122,22,1,0,9.9444,281.164
117,22,1,0,9.92485,184.747
118,22,1,0,9.91805,150.127
1968,22,1,0,9.89,0
1970,22,1,1,10.1288,1174.12,0.0656667,286.418,0.08,2
124,22,1,1,10.1095,1068.77
105,22,1,1,10.0968,996.145
1968,22,1,2,10.2629,1812.21,0,0,0
118,22,1,2,10.2304,1643.13
117,22,1,2,10.2231,1606.49
122,22,1,2,10.2064,1522.12
1970,22,1,2,10.1944,1460.54
320,23,0,0,11.5077,851.082,0.0905,394.734,0.38,1
1978,23,0,0,11.4891,730.88
107,23,0,0,11.4806,676.772
1967,23,0,0,11.4776,648.066
105,23,0,0,11.453,499.965
124,23,0,0,11.4397,425.166
1970,23,0,0,11.4239,332.084
122,23,0,0,11.411,266.81
117,23,0,0,11.3956,187.792
118,23,0,0,11.3878,149.07
1968,23,0,0,11.36,0
344,23,0,1,11.7003,1832.98,0.0798333,348.209,0.09,2
1819,23,0,1,11.687,1739.46
335,23,0,1,11.682,1710.51
2114,23,0,1,11.6667,1629.71
329,23,0,1,11.6641,1614.66
2116,23,0,1,11.659,1587.79
327,23,0,1,11.6445,1509.12
324,23,0,1,11.6402,1486.61
319,23,0,1,11.6108,1331.52
320,23,0,1,11.5982,1245.82
869,23,0,2,11.9365,3085.16,0.0495,215.904,0.11,3
865,23,0,2,11.9199,2992.05
852,23,0,2,11.9131,2950.08
850,23,0,2,11.9072,2907.1
849,23,0,2,11.8997,2857.62
1774,23,0,2,11.8961,2837.62
837,23,0,2,11.8838,2767.18
2010,23,0,2,11.8753,2718.88
2009,23,0,2,11.8531,2598.46
819,23,0,2,11.846,2550.96
811,23,0,2,11.8248,2432.35
805,23,0,2,11.8213,2412.91
358,23,0,2,11.8107,2353.4
349,23,0,2,11.7933,2262.79
344,23,0,2,11.7802,2181.19
2176,23,0,3,12.0067,3443.19,0.0963333,420.177,0.14,4
2066,23,0,3,11.9965,3376.08
869,23,0,3,11.986,3301.06
1306,23,0,4,12.1368,4054.6,0.0833333,363.475,0.03,5
1599,23,0,4,12.1193,3958.15
1300,23,0,4,12.1149,3931.73
1298,23,0,4,12.1096,3902.55
2176,23,0,4,12.1031,3863.37
850,23,0,5,12.3276,5020.39,0.1105,481.968,0.03,6
852,23,0,5,12.3201,4975.75
865,23,0,5,12.3133,4933.91
869,23,0,5,12.2995,4844.86
2066,23,0,5,12.2721,4708.92
1297,23,0,5,12.2417,4551.33
1299,23,0,5,12.2356,4517.79
1600,23,0,5,12.2342,4504.34
1306,23,0,5,12.2202,4418.08
849,23,0,6,12.4438,5551.82,0.0775,338.032,0.22,7
850,23,0,6,12.4381,5502.36
819,23,0,7,12.5683,6181.23,0.0838333,365.656,0.48,8
2009,23,0,7,12.5616,6134.03
2010,23,0,7,12.5459,6033.18
837,23,0,7,12.5387,5987.23
1774,23,0,7,12.5244,5908.45
849,23,0,7,12.5213,5889.85
1970,23,0,8,12.8712,7812.54,0.0341667,149.025,0.09,9
124,23,0,8,12.8503,7699.87
105,23,0,8,12.8358,7620.19
1967,23,0,8,12.7985,7423.13
107,23,0,8,12.7932,7393.51
1978,23,0,8,12.7842,7338.62
1979,23,0,8,12.7524,7129.43
329,23,0,8,12.7503,7111.99
2114,23,0,8,12.7457,7088.78
335,23,0,8,12.7353,7027.65
1819,23,0,8,12.7303,6998.71
344,23,0,8,12.7138,6901.46
349,23,0,8,12.6997,6818.37
358,23,0,8,12.6872,6749.07
805,23,0,8,12.6757,6685.79
811,23,0,8,12.6739,6668.05
819,23,0,8,12.6522,6546.89
1968,23,0,9,12.9824,8349.44,0,0,0
118,23,0,9,12.9429,8151.02
117,23,0,9,12.9358,8115.04
122,23,0,9,12.9186,8028.12
1970,23,0,9,12.9054,7961.57
105,23,1,0,9.92826,522.901,0.1085,473.244,0.3,1
124,23,1,0,9.91272,438.596
1970,23,1,0,9.89717,345.923
122,23,1,0,9.8844,281.164
117,23,1,0,9.86485,184.747
118,23,1,0,9.85805,150.127
1968,23,1,0,9.83,0
1968,23,1,1,10.1372,1525.79,0,0,0
118,23,1,1,10.1047,1356.71
117,23,1,1,10.0974,1320.07
122,23,1,1,10.0808,1235.7
1970,23,1,1,10.0688,1174.12
124,23,1,1,10.0495,1068.77
105,23,1,1,10.0368,996.145
320,24,0,0,11.5577,851.082,0.0905,394.734,0.38,1
1978,24,0,0,11.5391,730.88
107,24,0,0,11.5306,676.772
1967,24,0,0,11.5276,648.066
105,24,0,0,11.503,499.965
124,24,0,0,11.4897,425.166
1970,24,0,0,11.4739,332.084
122,24,0,0,11.461,266.81
117,24,0,0,11.4456,187.792
118,24,0,0,11.4378,149.07
1968,24,0,0,11.41,0
344,24,0,1,11.7503,1832.98,0.0798333,348.209,0.09,2
1819,24,0,1,11.737,1739.46
335,24,0,1,11.732,1710.51
2114,24,0,1,11.7167,1629.71
329,24,0,1,11.7141,1614.66
2116,24,0,1,11.709,1587.79
327,24,0,1,11.6945,1509.12
324,24,0,1,11.6902,1486.61
319,24,0,1,11.6608,1331.52
320,24,0,1,11.6482,1245.82
2176,24,0,2,12.0072,3227.28,0.0963333,420.177,0.14,3
2066,24,0,2,11.997,3160.17
869,24,0,2,11.9865,3085.16
865,24,0,2,11.9699,2992.05
852,24,0,2,11.9631,2950.08
850,24,0,2,11.9572,2907.1
849,24,0,2,11.9497,2857.62
1774,24,0,2,11.9461,2837.62
837,24,0,2,11.9338,2767.18
2010,24,0,2,11.9253,2718.88
2009,24,0,2,11.9031,2598.46
819,24,0,2,11.896,2550.96
811,24,0,2,11.8748,2432.35
805,24,0,2,11.8713,2412.91
358,24,0,2,11.8607,2353.4
349,24,0,2,11.8433,2262.79
344,24,0,2,11.8302,2181.19
1306,24,0,3,12.1373,3838.7,0.0833333,363.475,0.03,4
1599,24,0,3,12.1198,3742.25
1300,24,0,3,12.1154,3715.82
1298,24,0,3,12.1101,3686.64
2176,24,0,3,12.1036,3647.46
869,24,0,4,12.3,4628.96,0.0443333,193.369,0.11,5
2066,24,0,4,12.2726,4493.01
1297,24,0,4,12.2422,4335.43
1299,24,0,4,12.2361,4301.88
1600,24,0,4,12.2347,4288.43
1306,24,0,4,12.2207,4202.17
850,24,0,5,12.3724,4997.85,0.1105,481.968,0.03,6
852,24,0,5,12.3649,4953.22
865,24,0,5,12.3582,4911.38
869,24,0,5,12.3443,4822.33
849,24,0,6,12.4886,5529.28,0.0775,338.032,0.22,7
850,24,0,6,12.4829,5479.82
819,24,0,7,12.6132,6158.7,0.0838333,365.656,0.48,8
2009,24,0,7,12.6065,6111.49
2010,24,0,7,12.5907,6010.65
837,24,0,7,12.5836,5964.69
1774,24,0,7,12.5692,5885.92
849,24,0,7,12.5661,5867.31
1968,24,0,8,12.9932,8178.15,0,0,0
118,24,0,8,12.9539,7980.87
117,24,0,8,12.9465,7943.48
122,24,0,8,12.9292,7856.56
1970,24,0,8,12.916,7790.01
124,24,0,8,12.8951,7677.33
105,24,0,8,12.8807,7597.66
1967,24,0,8,12.8433,7400.6
107,24,0,8,12.8381,7370.98
1978,24,0,8,12.829,7316.08
1979,24,0,8,12.7973,7106.9
329,24,0,8,12.7951,7089.45
2114,24,0,8,12.7906,7066.25
335,24,0,8,12.7801,7005.11
1819,24,0,8,12.7752,6976.17
344,24,0,8,12.7586,6878.92
349,24,0,8,12.7445,6795.84
358,24,0,8,12.732,6726.54
805,24,0,8,12.7206,6663.25
811,24,0,8,12.7188,6645.52
819,24,0,8,12.697,6524.35
105,24,1,0,9.91826,522.901,0.1085,473.244,0.3,1
124,24,1,0,9.90272,438.596
1970,24,1,0,9.88717,345.923
122,24,1,0,9.8744,281.164
117,24,1,0,9.85485,184.747
118,24,1,0,9.84805,150.127
1968,24,1,0,9.82,0
1970,24,1,1,10.0588,1174.12,0.0656667,286.418,0.08,2
124,24,1,1,10.0395,1068.77
105,24,1,1,10.0268,996.145
1968,24,1,2,10.1929,1812.21,0,0,0
118,24,1,2,10.1604,1643.13
117,24,1,2,10.1531,1606.49
122,24,1,2,10.1364,1522.12
1970,24,1,2,10.1244,1460.54
2176,25,0,0,11.927,2151.6,0.0568333,247.89,0.16,1
2066,25,0,0,11.9166,2084.26
869,25,0,0,11.9052,2008.63
1856,25,0,0,11.8769,1878.96
855,25,0,0,11.8767,1878.25
843,25,0,0,11.8629,1798.75
832,25,0,0,11.8521,1737.49
831,25,0,0,11.8442,1696.96
2153,25,0,0,11.8442,1696.88
821,25,0,0,11.8313,1632.02
2008,25,0,0,11.8228,1589.23
812,25,0,0,11.8056,1494.65
807,25,0,0,11.8055,1493.87
356,25,0,0,11.7902,1412.75
1981,25,0,0,11.7779,1329.24
345,25,0,0,11.7562,1219.17
341,25,0,0,11.7468,1168.93
2132,25,0,0,11.7465,1166.89
328,25,0,0,11.7327,1075.3
2115,25,0,0,11.7213,1016.31
329,25,0,0,11.7174,995.611
1979,25,0,0,11.7115,965.863
1978,25,0,0,11.6691,730.88
107,25,0,0,11.6606,676.772
1967,25,0,0,11.6576,648.066
105,25,0,0,11.633,499.965
124,25,0,0,11.6197,425.166
1970,25,0,0,11.6039,332.084
122,25,0,0,11.591,266.81
117,25,0,0,11.5756,187.792
118,25,0,0,11.5678,149.07
1968,25,0,0,11.54,0
1306,25,0,1,12.0164,2586.93,0.0833333,363.475,0.03,2
1599,25,0,1,12.0005,2497.48
1300,25,0,1,11.9967,2471.76
1298,25,0,1,11.9905,2438.85
2176,25,0,1,11.9839,2399.49
869,25,0,2,12.1791,3377.19,0.0443333,193.369,0.11,3
2066,25,0,2,12.1517,3241.24
1297,25,0,2,12.1212,3083.66
1299,25,0,2,12.1152,3050.11
1600,25,0,2,12.1138,3036.66
1306,25,0,2,12.0998,2950.4
850,25,0,3,12.2515,3746.08,0.1105,481.968,0.03,4
852,25,0,3,12.244,3701.45
865,25,0,3,12.2373,3659.6
869,25,0,3,12.2234,3570.56
849,25,0,4,12.3677,4277.51,0.0775,338.032,0.22,5
850,25,0,4,12.362,4228.05
819,25,0,5,12.4922,4906.93,0.0838333,365.656,0.48,6
2009,25,0,5,12.4855,4859.72
2010,25,0,5,12.4698,4758.88
837,25,0,5,12.4626,4712.92
1774,25,0,5,12.4483,4634.14
849,25,0,5,12.4452,4615.54
344,25,0,6,12.6377,5627.15,0.0863333,376.56,0.09,7
349,25,0,6,12.6236,5544.07
358,25,0,6,12.6111,5474.76
805,25,0,6,12.5996,5411.48
811,25,0,6,12.5978,5393.74
819,25,0,6,12.5761,5272.58
1970,25,0,7,12.8814,6914.8,0.0341667,149.025,0.09,8
124,25,0,7,12.8605,6802.12
105,25,0,7,12.8461,6722.45
1967,25,0,7,12.8087,6525.38
107,25,0,7,12.8035,6495.76
1978,25,0,7,12.7944,6440.87
1979,25,0,7,12.7627,6231.68
329,25,0,7,12.7605,6214.24
2114,25,0,7,12.756,6191.03
335,25,0,7,12.7455,6129.9
1819,25,0,7,12.7406,6100.96
344,25,0,7,12.724,6003.71
1968,25,0,8,12.9927,7451.7,0,0,0
118,25,0,8,12.9532,7253.27
117,25,0,8,12.9461,7217.3
122,25,0,8,12.9288,7130.38
1970,25,0,8,12.9156,7063.82
320,25,1,0,9.74409,875.602,0.084,366.383,0.32,1
1978,25,1,0,9.72514,755.022
107,25,1,0,9.71642,700.585
1967,25,1,0,9.71341,671.88
105,25,1,0,9.68826,522.901
124,25,1,0,9.67272,438.596
1970,25,1,0,9.65717,345.923
122,25,1,0,9.6444,281.164
117,25,1,0,9.62485,184.747
118,25,1,0,9.61805,150.127
1968,25,1,0,9.59,0
105,25,1,1,9.89898,1639.24,0.1085,473.244,0.3,2
1967,25,1,1,9.86377,1451.36
107,25,1,1,9.85828,1420.63
1978,25,1,1,9.84855,1364.65
320,25,1,1,9.82809,1241.98
1968,25,1,2,10.1079,2642.13,0,0,0
118,25,1,2,10.0754,2473.05
117,25,1,2,10.0681,2436.41
122,25,1,2,10.0515,2352.05
1970,25,1,2,10.0395,2290.47
124,25,1,2,10.0203,2185.11
105,25,1,2,10.0075,2112.49
2176,26,0,0,11.917,2151.6,0.0568333,247.89,0.16,1
2066,26,0,0,11.9066,2084.26
869,26,0,0,11.8952,2008.63
1856,26,0,0,11.8669,1878.96
855,26,0,0,11.8667,1878.25
843,26,0,0,11.8529,1798.75
832,26,0,0,11.8421,1737.49
831,26,0,0,11.8342,1696.96
2153,26,0,0,11.8342,1696.88
821,26,0,0,11.8213,1632.02
2008,26,0,0,11.8128,1589.23
812,26,0,0,11.7956,1494.65
807,26,0,0,11.7955,1493.87
356,26,0,0,11.7802,1412.75
1981,26,0,0,11.7679,1329.24
345,26,0,0,11.7462,1219.17
341,26,0,0,11.7368,1168.93
2132,26,0,0,11.7365,1166.89
328,26,0,0,11.7227,1075.3
2115,26,0,0,11.7113,1016.31
329,26,0,0,11.7074,995.611
1979,26,0,0,11.7015,965.863
1978,26,0,0,11.6591,730.88
107,26,0,0,11.6506,676.772
1967,26,0,0,11.6476,648.066
105,26,0,0,11.623,499.965
124,26,0,0,11.6097,425.166
1970,26,0,0,11.5939,332.084
122,26,0,0,11.581,266.81
117,26,0,0,11.5656,187.792
118,26,0,0,11.5578,149.07
1968,26,0,0,11.53,0
1306,26,0,1,12.0064,2586.93,0.0833333,363.475,0.03,2
1599,26,0,1,11.9905,2497.48
1300,26,0,1,11.9867,2471.76
1298,26,0,1,11.9805,2438.85
2176,26,0,1,11.9739,2399.49
869,26,0,2,12.1691,3377.19,0.0443333,193.369,0.11,3
2066,26,0,2,12.1417,3241.24
1297,26,0,2,12.1112,3083.66
1299,26,0,2,12.1052,3050.11
1600,26,0,2,12.1038,3036.66
1306,26,0,2,12.0898,2950.4
850,26,0,3,12.2415,3746.08,0.1105,481.968,0.03,4
852,26,0,3,12.234,3701.45
865,26,0,3,12.2273,3659.6
869,26,0,3,12.2134,3570.56
849,26,0,4,12.3577,4277.51,0.0775,338.032,0.22,5
850,26,0,4,12.352,4228.05
819,26,0,5,12.4822,4906.93,0.0838333,365.656,0.48,6
2009,26,0,5,12.4755,4859.72
2010,26,0,5,12.4598,4758.88
837,26,0,5,12.4526,4712.92
1774,26,0,5,12.4383,4634.14
849,26,0,5,12.4352,4615.54
344,26,0,6,12.6277,5627.15,0.0863333,376.56,0.09,7
349,26,0,6,12.6136,5544.07
358,26,0,6,12.6011,5474.76
805,26,0,6,12.5896,5411.48
811,26,0,6,12.5878,5393.74
819,26,0,6,12.5661,5272.58
1968,26,0,7,12.9485,7302.67,0,0,0
118,26,0,7,12.909,7104.25
117,26,0,7,12.9019,7068.27
122,26,0,7,12.8846,6981.35
1970,26,0,7,12.8714,6914.8
124,26,0,7,12.8505,6802.12
105,26,0,7,12.8361,6722.45
1967,26,0,7,12.7987,6525.38
107,26,0,7,12.7935,6495.76
1978,26,0,7,12.7844,6440.87
1979,26,0,7,12.7527,6231.68
329,26,0,7,12.7505,6214.24
2114,26,0,7,12.746,6191.03
335,26,0,7,12.7355,6129.9
1819,26,0,7,12.7306,6100.96
344,26,0,7,12.714,6003.71
320,26,1,0,9.83409,875.602,0.084,366.383,0.32,1
1978,26,1,0,9.81514,755.022
107,26,1,0,9.80642,700.585
1967,26,1,0,9.80341,671.88
105,26,1,0,9.77826,522.901
124,26,1,0,9.76272,438.596
1970,26,1,0,9.74717,345.923
122,26,1,0,9.7344,281.164
117,26,1,0,9.71485,184.747
118,26,1,0,9.70805,150.127
1968,26,1,0,9.68,0
105,26,1,1,9.98898,1639.24,0.1085,473.244,0.3,2
1967,26,1,1,9.95377,1451.36
107,26,1,1,9.94828,1420.63
1978,26,1,1,9.93855,1364.65
320,26,1,1,9.91809,1241.98
1970,26,1,2,10.1295,2290.47,0.0656667,286.418,0.08,3
124,26,1,2,10.1103,2185.11
105,26,1,2,10.0975,2112.49
1968,26,1,3,10.2636,2928.55,0,0,0
118,26,1,3,10.2311,2759.47
117,26,1,3,10.2238,2722.83
122,26,1,3,10.2072,2638.47
1970,26,1,3,10.1951,2576.89
344,27,0,0,11.6636,1213.94,0.0798333,348.209,0.09,1
1819,27,0,0,11.6502,1120.41
335,27,0,0,11.6452,1091.46
2114,27,0,0,11.6299,1010.67
329,27,0,0,11.6274,995.611
1979,27,0,0,11.6215,965.863
1978,27,0,0,11.5791,730.88
107,27,0,0,11.5706,676.772
1967,27,0,0,11.5676,648.066
105,27,0,0,11.543,499.965
124,27,0,0,11.5297,425.166
1970,27,0,0,11.5139,332.084
122,27,0,0,11.501,266.81
117,27,0,0,11.4856,187.792
118,27,0,0,11.4778,149.07
1968,27,0,0,11.45,0
2176,27,0,1,11.9205,2608.24,0.0568333,247.89,0.16,2
2066,27,0,1,11.9103,2541.13
869,27,0,1,11.8997,2466.11
865,27,0,1,11.8832,2373.01
852,27,0,1,11.8764,2331.04
850,27,0,1,11.8704,2288.05
849,27,0,1,11.8629,2238.58
1774,27,0,1,11.8593,2218.58
837,27,0,1,11.8471,2148.13
2010,27,0,1,11.8385,2099.84
2009,27,0,1,11.8164,1979.41
819,27,0,1,11.8093,1931.92
811,27,0,1,11.7881,1813.3
805,27,0,1,11.7846,1793.87
358,27,0,1,11.774,1734.36
349,27,0,1,11.7565,1643.75
344,27,0,1,11.7434,1562.15
1306,27,0,2,12.0099,3043.56,0.0833333,363.475,0.03,3
1599,27,0,2,11.9939,2954.12
1300,27,0,2,11.9901,2928.4
1298,27,0,2,11.9839,2895.49
2176,27,0,2,11.9773,2856.13
869,27,0,3,12.1725,3833.82,0.0443333,193.369,0.11,4
2066,27,0,3,12.1452,3697.88
1297,27,0,3,12.1147,3540.3
1299,27,0,3,12.1087,3506.75
1600,27,0,3,12.1072,3493.3
1306,27,0,3,12.0932,3407.04
850,27,0,4,12.2449,4202.72,0.1105,481.968,0.03,5
852,27,0,4,12.2374,4158.08
865,27,0,4,12.2307,4116.24
869,27,0,4,12.2169,4027.19
849,27,0,5,12.3611,4734.15,0.0775,338.032,0.22,6
850,27,0,5,12.3554,4684.69
819,27,0,6,12.4857,5363.56,0.0838333,365.656,0.48,7
2009,27,0,6,12.479,5316.36
2010,27,0,6,12.4633,5215.52
837,27,0,6,12.4561,5169.56
1774,27,0,6,12.4417,5090.78
849,27,0,6,12.4386,5072.18
1968,27,0,7,12.8657,7383.02,0,0,0
118,27,0,7,12.8265,7185.74
117,27,0,7,12.819,7148.35
122,27,0,7,12.8018,7061.43
1970,27,0,7,12.7886,6994.88
124,27,0,7,12.7676,6882.2
105,27,0,7,12.7532,6802.52
1967,27,0,7,12.7158,6605.46
107,27,0,7,12.7106,6575.84
1978,27,0,7,12.7016,6520.95
1979,27,0,7,12.6698,6311.76
329,27,0,7,12.6677,6294.32
2114,27,0,7,12.6631,6271.11
335,27,0,7,12.6527,6209.98
1819,27,0,7,12.6477,6181.04
344,27,0,7,12.6312,6083.79
349,27,0,7,12.6171,6000.71
358,27,0,7,12.6046,5931.4
805,27,0,7,12.5931,5868.12
811,27,0,7,12.5913,5850.38
819,27,0,7,12.5695,5729.22
320,27,1,0,9.75409,875.602,0.084,366.383,0.32,1
1978,27,1,0,9.73514,755.022
107,27,1,0,9.72642,700.585
1967,27,1,0,9.72341,671.88
105,27,1,0,9.69826,522.901
124,27,1,0,9.68272,438.596
1970,27,1,0,9.66717,345.923
122,27,1,0,9.6544,281.164
117,27,1,0,9.63485,184.747
118,27,1,0,9.62805,150.127
1968,27,1,0,9.6,0
105,27,1,1,9.90898,1639.24,0.1085,473.244,0.3,2
1967,27,1,1,9.87377,1451.36
107,27,1,1,9.86828,1420.63
1978,27,1,1,9.85855,1364.65
320,27,1,1,9.83809,1241.98
1970,27,1,2,10.0495,2290.47,0.0656667,286.418,0.08,3
124,27,1,2,10.0303,2185.11
105,27,1,2,10.0175,2112.49
1968,27,1,3,10.1836,2928.55,0,0,0
118,27,1,3,10.1511,2759.47
117,27,1,3,10.1438,2722.83
122,27,1,3,10.1272,2638.47
1970,27,1,3,10.1151,2576.89
344,28,0,0,11.7436,1213.94,0.0798333,348.209,0.09,1
1819,28,0,0,11.7302,1120.41
335,28,0,0,11.7252,1091.46
2114,28,0,0,11.7099,1010.67
329,28,0,0,11.7074,995.611
1979,28,0,0,11.7015,965.863
1978,28,0,0,11.6591,730.88
107,28,0,0,11.6506,676.772
1967,28,0,0,11.6476,648.066
105,28,0,0,11.623,499.965
124,28,0,0,11.6097,425.166
1970,28,0,0,11.5939,332.084
122,28,0,0,11.581,266.81
117,28,0,0,11.5656,187.792
118,28,0,0,11.5578,149.07
1968,28,0,0,11.53,0
849,28,0,1,11.9429,2238.58,0.0695,303.138,0.23,2
1774,28,0,1,11.9393,2218.58
837,28,0,1,11.9271,2148.13
2010,28,0,1,11.9185,2099.84
2009,28,0,1,11.8964,1979.41
819,28,0,1,11.8893,1931.92
811,28,0,1,11.8681,1813.3
805,28,0,1,11.8646,1793.87
358,28,0,1,11.854,1734.36
349,28,0,1,11.8365,1643.75
344,28,0,1,11.8234,1562.15
850,28,0,2,12.0198,2591.04,0.1105,481.968,0.03,3
849,28,0,2,12.0124,2541.72
869,28,0,3,12.1572,3247.46,0.0443333,193.369,0.11,4
865,28,0,3,12.1424,3157.24
852,28,0,3,12.1362,3115.99
850,28,0,3,12.1303,3073
2176,28,0,4,12.2226,3583.14,0.0963333,420.177,0.14,5
2066,28,0,4,12.2123,3515.98
869,28,0,4,12.2015,3440.83
1306,28,0,5,12.3527,4194.55,0.0833333,363.475,0.03,6
1599,28,0,5,12.3351,4098.1
1300,28,0,5,12.3307,4071.68
1298,28,0,5,12.3254,4042.5
2176,28,0,5,12.3189,4003.31
819,28,0,6,12.5961,5501.18,0.0838333,365.656,0.48,7
2009,28,0,6,12.5894,5453.98
2010,28,0,6,12.5737,5353.13
837,28,0,6,12.5665,5307.18
1774,28,0,6,12.5522,5228.4
849,28,0,6,12.5491,5209.8
850,28,0,6,12.5434,5160.34
852,28,0,6,12.5359,5115.7
865,28,0,6,12.5292,5073.86
869,28,0,6,12.5153,4984.81
2066,28,0,6,12.4879,4848.86
1297,28,0,6,12.4575,4691.28
1299,28,0,6,12.4514,4657.74
1600,28,0,6,12.45,4644.29
1306,28,0,6,12.436,4558.02
1968,28,0,7,12.9762,7520.64,0,0,0
118,28,0,7,12.9369,7323.36
117,28,0,7,12.9295,7285.97
122,28,0,7,12.9122,7199.05
1970,28,0,7,12.899,7132.5
124,28,0,7,12.8781,7019.82
105,28,0,7,12.8636,6940.14
1967,28,0,7,12.8263,6743.08
107,28,0,7,12.8211,6713.46
1978,28,0,7,12.812,6658.57
1979,28,0,7,12.7803,6449.38
329,28,0,7,12.7781,6431.94
2114,28,0,7,12.7736,6408.73
335,28,0,7,12.7631,6347.6
1819,28,0,7,12.7581,6318.66
344,28,0,7,12.7416,6221.41
349,28,0,7,12.7275,6138.32
358,28,0,7,12.715,6069.02
805,28,0,7,12.7035,6005.74
811,28,0,7,12.7017,5988
819,28,0,7,12.68,5866.84
320,28,1,0,9.79409,875.602,0.084,366.383,0.32,1
1978,28,1,0,9.77514,755.022
107,28,1,0,9.76642,700.585
1967,28,1,0,9.76341,671.88
105,28,1,0,9.73826,522.901
124,28,1,0,9.72272,438.596
1970,28,1,0,9.70717,345.923
122,28,1,0,9.6944,281.164
117,28,1,0,9.67485,184.747
118,28,1,0,9.66805,150.127
1968,28,1,0,9.64,0
105,28,1,1,9.94898,1639.24,0.1085,473.244,0.3,2
1967,28,1,1,9.91377,1451.36
107,28,1,1,9.90828,1420.63
1978,28,1,1,9.89855,1364.65
320,28,1,1,9.87809,1241.98
1970,28,1,2,10.0895,2290.47,0.0656667,286.418,0.08,3
124,28,1,2,10.0703,2185.11
105,28,1,2,10.0575,2112.49
1968,28,1,3,10.2236,2928.55,0,0,0
118,28,1,3,10.1911,2759.47
117,28,1,3,10.1838,2722.83
122,28,1,3,10.1672,2638.47
1970,28,1,3,10.1551,2576.89
344,29,0,0,11.7436,1213.94,0.0798333,348.209,0.09,1
1819,29,0,0,11.7302,1120.41
335,29,0,0,11.7252,1091.46
2114,29,0,0,11.7099,1010.67
329,29,0,0,11.7074,995.611
1979,29,0,0,11.7015,965.863
1978,29,0,0,11.6591,730.88
107,29,0,0,11.6506,676.772
1967,29,0,0,11.6476,648.066
105,29,0,0,11.623,499.965
124,29,0,0,11.6097,425.166
1970,29,0,0,11.5939,332.084
122,29,0,0,11.581,266.81
117,29,0,0,11.5656,187.792
118,29,0,0,11.5578,149.07
1968,29,0,0,11.53,0
2176,29,0,1,12.0005,2608.24,0.0963333,420.177,0.14,2
2066,29,0,1,11.9903,2541.13
869,29,0,1,11.9797,2466.11
865,29,0,1,11.9632,2373.01
852,29,0,1,11.9564,2331.04
850,29,0,1,11.9504,2288.05
849,29,0,1,11.9429,2238.58
1774,29,0,1,11.9393,2218.58
837,29,0,1,11.9271,2148.13
2010,29,0,1,11.9185,2099.84
2009,29,0,1,11.8964,1979.41
819,29,0,1,11.8893,1931.92
811,29,0,1,11.8681,1813.3
805,29,0,1,11.8646,1793.87
358,29,0,1,11.854,1734.36
349,29,0,1,11.8365,1643.75
344,29,0,1,11.8234,1562.15
1306,29,0,2,12.1306,3219.65,0.0833333,363.475,0.03,3
1599,29,0,2,12.1131,3123.2
1300,29,0,2,12.1087,3096.78
1298,29,0,2,12.1033,3067.6
2176,29,0,2,12.0968,3028.42
869,29,0,3,12.2932,4009.91,0.0443333,193.369,0.11,4
2066,29,0,3,12.2659,3873.97
1297,29,0,3,12.2354,3716.38
1299,29,0,3,12.2294,3682.84
1600,29,0,3,12.2279,3669.39
1306,29,0,3,12.2139,3583.13
850,29,0,4,12.3657,4378.81,0.1105,481.968,0.03,5
852,29,0,4,12.3581,4334.17
865,29,0,4,12.3514,4292.33
869,29,0,4,12.3376,4203.28
849,29,0,5,12.4818,4910.24,0.0775,338.032,0.22,6
850,29,0,5,12.4762,4860.78
819,29,0,6,12.6064,5539.65,0.0838333,365.656,0.48,7
2009,29,0,6,12.5997,5492.45
2010,29,0,6,12.584,5391.6
837,29,0,6,12.5768,5345.65
1774,29,0,6,12.5624,5266.87
849,29,0,6,12.5593,5248.27
1968,29,0,7,12.9864,7559.11,0,0,0
118,29,0,7,12.9472,7361.83
117,29,0,7,12.9397,7324.44
122,29,0,7,12.9225,7237.52
1970,29,0,7,12.9093,7170.97
124,29,0,7,12.8884,7058.29
105,29,0,7,12.8739,6978.61
1967,29,0,7,12.8365,6781.55
107,29,0,7,12.8313,6751.93
1978,29,0,7,12.8223,6697.04
1979,29,0,7,12.7905,6487.85
329,29,0,7,12.7884,6470.41
2114,29,0,7,12.7838,6447.2
335,29,0,7,12.7734,6386.07
1819,29,0,7,12.7684,6357.13
344,29,0,7,12.7519,6259.88
349,29,0,7,12.7378,6176.79
358,29,0,7,12.7253,6107.49
805,29,0,7,12.7138,6044.21
811,29,0,7,12.712,6026.47
819,29,0,7,12.6902,5905.31
320,29,1,0,9.75409,875.602,0.084,366.383,0.32,1
1978,29,1,0,9.73514,755.022
107,29,1,0,9.72642,700.585
1967,29,1,0,9.72341,671.88
105,29,1,0,9.69826,522.901
124,29,1,0,9.68272,438.596
1970,29,1,0,9.66717,345.923
122,29,1,0,9.6544,281.164
117,29,1,0,9.63485,184.747
118,29,1,0,9.62805,150.127
1968,29,1,0,9.6,0
105,29,1,1,9.90898,1639.24,0.1085,473.244,0.3,2
1967,29,1,1,9.87377,1451.36
107,29,1,1,9.86828,1420.63
1978,29,1,1,9.85855,1364.65
320,29,1,1,9.83809,1241.98
1970,29,1,2,10.0495,2290.47,0.0656667,286.418,0.08,3
124,29,1,2,10.0303,2185.11
105,29,1,2,10.0175,2112.49
1968,29,1,3,10.1836,2928.55,0,0,0
118,29,1,3,10.1511,2759.47
117,29,1,3,10.1438,2722.83
122,29,1,3,10.1272,2638.47
1970,29,1,3,10.1151,2576.89
869,30,0,0,12.0652,2008.63,0.0443333,193.369,0.11,1
1856,30,0,0,12.0369,1878.96
855,30,0,0,12.0367,1878.25
843,30,0,0,12.0229,1798.75
832,30,0,0,12.0121,1737.49
831,30,0,0,12.0042,1696.96
2153,30,0,0,12.0042,1696.88
821,30,0,0,11.9913,1632.02
2008,30,0,0,11.9828,1589.23
812,30,0,0,11.9656,1494.65
807,30,0,0,11.9655,1493.87
356,30,0,0,11.9502,1412.75
1981,30,0,0,11.9379,1329.24
345,30,0,0,11.9162,1219.17
341,30,0,0,11.9068,1168.93
2132,30,0,0,11.9065,1166.89
328,30,0,0,11.8927,1075.3
2115,30,0,0,11.8813,1016.31
329,30,0,0,11.8774,995.611
1979,30,0,0,11.8715,965.863
1978,30,0,0,11.8291,730.88
107,30,0,0,11.8206,676.772
1967,30,0,0,11.8176,648.066
105,30,0,0,11.793,499.965
124,30,0,0,11.7797,425.166
1970,30,0,0,11.7639,332.084
122,30,0,0,11.751,266.81
117,30,0,0,11.7356,187.792
118,30,0,0,11.7278,149.07
1968,30,0,0,11.7,0
2176,30,0,1,12.1306,2344.32,0.0963333,420.177,0.14,2
2066,30,0,1,12.1204,2277.15
869,30,0,1,12.1095,2202
1306,30,0,2,12.2607,2955.73,0.0833333,363.475,0.03,3
1599,30,0,2,12.2432,2859.28
1300,30,0,2,12.2388,2832.85
1298,30,0,2,12.2335,2803.67
2176,30,0,2,12.2269,2764.49
850,30,0,3,12.4514,3921.52,0.1105,481.968,0.03,4
852,30,0,3,12.4439,3876.88
865,30,0,3,12.4372,3835.04
869,30,0,3,12.4234,3745.99
2066,30,0,3,12.396,3610.04
1297,30,0,3,12.3655,3452.46
1299,30,0,3,12.3595,3418.91
1600,30,0,3,12.358,3405.46
1306,30,0,3,12.344,3319.2
819,30,0,4,12.6147,4744.33,0.0838333,365.656,0.48,5
2009,30,0,4,12.608,4697.12
2010,30,0,4,12.5923,4596.28
837,30,0,4,12.5851,4550.32
1774,30,0,4,12.5707,4471.55
849,30,0,4,12.5676,4452.94
850,30,0,4,12.5619,4403.48
1968,30,0,5,12.9947,6763.78,0,0,0
118,30,0,5,12.9555,6566.5
117,30,0,5,12.948,6529.11
122,30,0,5,12.9308,6442.19
1970,30,0,5,12.9176,6375.64
124,30,0,5,12.8966,6262.96
105,30,0,5,12.8822,6183.29
1967,30,0,5,12.8448,5986.23
107,30,0,5,12.8396,5956.61
1978,30,0,5,12.8306,5901.71
1979,30,0,5,12.7988,5692.53
329,30,0,5,12.7967,5675.08
2114,30,0,5,12.7921,5651.88
335,30,0,5,12.7817,5590.74
1819,30,0,5,12.7767,5561.8
344,30,0,5,12.7602,5464.55
349,30,0,5,12.7461,5381.47
358,30,0,5,12.7336,5312.17
805,30,0,5,12.7221,5248.88
811,30,0,5,12.7203,5231.15
819,30,0,5,12.6985,5109.98
1970,30,1,0,9.36717,345.923,0.051,222.447,0.09,1
122,30,1,0,9.3544,281.164
117,30,1,0,9.33485,184.747
118,30,1,0,9.32805,150.127
1968,30,1,0,9.3,0
105,30,1,1,9.44926,745.348,0.1085,473.244,0.3,2
124,30,1,1,9.43372,661.043
1970,30,1,1,9.41817,568.37
320,30,1,2,9.61359,1571.29,0.084,366.383,0.32,3
1978,30,1,2,9.59464,1450.71
107,30,1,2,9.58592,1396.28
1967,30,1,2,9.58291,1367.57
105,30,1,2,9.55776,1218.59
849,30,1,3,9.92583,3220.28,0.089,388.191,0.2,4
1774,30,1,3,9.92248,3201.27
837,30,1,3,9.91106,3132.2
2010,30,1,3,9.89817,3065.31
2009,30,1,3,9.87471,2939.13
819,30,1,3,9.86638,2890.05
811,30,1,3,9.84503,2770.73
805,30,1,3,9.84149,2751.11
358,30,1,3,9.82683,2674.19
349,30,1,3,9.81012,2586.75
344,30,1,3,9.79631,2504.12
1819,30,1,3,9.78115,2408.89
335,30,1,3,9.77624,2380.05
2114,30,1,3,9.76258,2306.39
329,30,1,3,9.75998,2291.22
2116,30,1,3,9.75524,2266.12
327,30,1,3,9.74195,2192.56
324,30,1,3,9.73778,2170.84
319,30,1,3,9.71018,2023.38
320,30,1,3,9.69759,1937.68
344,30,1,4,10.1219,4266.1,0.0413333,180.284,0.09,5
349,30,1,4,10.1113,4186.4
358,30,1,4,10.0947,4099.21
805,30,1,4,10.0839,4039.03
811,30,1,4,10.0821,4021.3
819,30,1,4,10.0589,3893.79
2009,30,1,4,10.053,3846.62
2010,30,1,4,10.0376,3746.1
837,30,1,4,10.0303,3699.98
1774,30,1,4,10.0191,3631.24
849,30,1,4,10.0148,3608.47
1968,30,1,5,10.3861,5696.32,0,0,0
118,30,1,5,10.3536,5527.24
117,30,1,5,10.3464,5490.59
122,30,1,5,10.3297,5406.23
1970,30,1,5,10.3177,5344.65
124,30,1,5,10.2985,5239.3
105,30,1,5,10.2857,5166.67
1967,30,1,5,10.2488,4971.4
107,30,1,5,10.2433,4940.74
1978,30,1,5,10.2342,4885.86
1979,30,1,5,10.2016,4675.68
329,30,1,5,10.1994,4658.22
2114,30,1,5,10.1942,4632.29
335,30,1,5,10.1838,4571.14
1819,30,1,5,10.1788,4542.16
344,30,1,5,10.1632,4446.38
869,31,0,0,12.0152,2008.63,0.0443333,193.369,0.11,1
1856,31,0,0,11.9869,1878.96
855,31,0,0,11.9867,1878.25
843,31,0,0,11.9729,1798.75
832,31,0,0,11.9621,1737.49
831,31,0,0,11.9542,1696.96
2153,31,0,0,11.9542,1696.88
821,31,0,0,11.9413,1632.02
2008,31,0,0,11.9328,1589.23
812,31,0,0,11.9156,1494.65
807,31,0,0,11.9155,1493.87
356,31,0,0,11.9002,1412.75
1981,31,0,0,11.8879,1329.24
345,31,0,0,11.8662,1219.17
341,31,0,0,11.8568,1168.93
2132,31,0,0,11.8565,1166.89
328,31,0,0,11.8427,1075.3
2115,31,0,0,11.8313,1016.31
329,31,0,0,11.8274,995.611
1979,31,0,0,11.8215,965.863
1978,31,0,0,11.7791,730.88
107,31,0,0,11.7706,676.772
1967,31,0,0,11.7676,648.066
105,31,0,0,11.743,499.965
124,31,0,0,11.7297,425.166
1970,31,0,0,11.7139,332.084
122,31,0,0,11.701,266.81
117,31,0,0,11.6856,187.792
118,31,0,0,11.6778,149.07
1968,31,0,0,11.65,0
2176,31,0,1,12.0806,2344.32,0.0963333,420.177,0.14,2
2066,31,0,1,12.0704,2277.15
869,31,0,1,12.0595,2202
1306,31,0,2,12.2107,2955.73,0.0833333,363.475,0.03,3
1599,31,0,2,12.1932,2859.28
1300,31,0,2,12.1888,2832.85
1298,31,0,2,12.1835,2803.67
2176,31,0,2,12.1769,2764.49
850,31,0,3,12.4014,3921.52,0.1105,481.968,0.03,4
852,31,0,3,12.3939,3876.88
865,31,0,3,12.3872,3835.04
869,31,0,3,12.3734,3745.99
2066,31,0,3,12.346,3610.04
1297,31,0,3,12.3155,3452.46
1299,31,0,3,12.3095,3418.91
1600,31,0,3,12.308,3405.46
1306,31,0,3,12.294,3319.2
819,31,0,4,12.5647,4744.33,0.0838333,365.656,0.48,5
2009,31,0,4,12.558,4697.12
2010,31,0,4,12.5423,4596.28
837,31,0,4,12.5351,4550.32
1774,31,0,4,12.5207,4471.55
849,31,0,4,12.5176,4452.94
850,31,0,4,12.5119,4403.48
1968,31,0,5,12.9447,6763.78,0,0,0
118,31,0,5,12.9055,6566.5
117,31,0,5,12.898,6529.11
122,31,0,5,12.8808,6442.19
1970,31,0,5,12.8676,6375.64
124,31,0,5,12.8466,6262.96
105,31,0,5,12.8322,6183.29
1967,31,0,5,12.7948,5986.23
107,31,0,5,12.7896,5956.61
1978,31,0,5,12.7806,5901.71
1979,31,0,5,12.7488,5692.53
329,31,0,5,12.7467,5675.08
2114,31,0,5,12.7421,5651.88
335,31,0,5,12.7317,5590.74
1819,31,0,5,12.7267,5561.8
344,31,0,5,12.7102,5464.55
349,31,0,5,12.6961,5381.47
358,31,0,5,12.6836,5312.17
805,31,0,5,12.6721,5248.88
811,31,0,5,12.6703,5231.15
819,31,0,5,12.6485,5109.98
105,31,1,0,9.47826,522.901,0.1085,473.244,0.3,1
124,31,1,0,9.46272,438.596
1970,31,1,0,9.44717,345.923
122,31,1,0,9.4344,281.164
117,31,1,0,9.41485,184.747
118,31,1,0,9.40805,150.127
1968,31,1,0,9.38,0
320,31,1,1,9.64259,1348.85,0.084,366.383,0.32,2
1978,31,1,1,9.62364,1228.27
107,31,1,1,9.61492,1173.83
1967,31,1,1,9.61191,1145.12
105,31,1,1,9.58676,996.145
849,31,1,2,9.95483,2997.83,0.089,388.191,0.2,3
1774,31,1,2,9.95148,2978.83
837,31,1,2,9.94006,2909.76
2010,31,1,2,9.92717,2842.87
2009,31,1,2,9.9037,2716.69
819,31,1,2,9.89538,2667.61
811,31,1,2,9.87403,2548.28
805,31,1,2,9.87048,2528.67
358,31,1,2,9.85582,2451.74
349,31,1,2,9.83912,2364.31
344,31,1,2,9.82531,2281.68
1819,31,1,2,9.81015,2186.44
335,31,1,2,9.80524,2157.6
2114,31,1,2,9.79158,2083.94
329,31,1,2,9.78898,2068.77
2116,31,1,2,9.78424,2043.68
327,31,1,2,9.77095,1970.11
324,31,1,2,9.76678,1948.4
319,31,1,2,9.73918,1800.93
320,31,1,2,9.72659,1715.23
344,31,1,3,10.1509,4043.65,0.0413333,180.284,0.09,4
349,31,1,3,10.1403,3963.95
358,31,1,3,10.1237,3876.76
805,31,1,3,10.1129,3816.59
811,31,1,3,10.1111,3798.85
819,31,1,3,10.0879,3671.35
2009,31,1,3,10.082,3624.17
2010,31,1,3,10.0666,3523.65
837,31,1,3,10.0593,3477.53
1774,31,1,3,10.0481,3408.79
849,31,1,3,10.0438,3386.02
1970,31,1,4,10.3467,5122.2,0.0656667,286.418,0.08,5
124,31,1,4,10.3275,5016.85
105,31,1,4,10.3147,4944.23
1967,31,1,4,10.2778,4748.95
107,31,1,4,10.2723,4718.29
1978,31,1,4,10.2632,4663.41
1979,31,1,4,10.2306,4453.23
329,31,1,4,10.2284,4435.77
2114,31,1,4,10.2232,4409.85
335,31,1,4,10.2128,4348.7
1819,31,1,4,10.2078,4319.71
344,31,1,4,10.1922,4223.94
1968,31,1,5,10.4808,5760.29,0,0,0
118,31,1,5,10.4483,5591.21
117,31,1,5,10.441,5554.57
122,31,1,5,10.4244,5470.2
1970,31,1,5,10.4124,5408.62
