Node, Individual, Route,Segment, Travel time, Travel cost, Attention time, Attention cost, Failure rate, Demand
344,0,0,0,10.8978,1192.94,0.0413333,180.284,0.09,1
1819,0,0,0,10.8841,1099.23
335,0,0,0,10.8797,1071.05
2114,0,0,0,10.8647,991.95
329,0,0,0,10.8621,976.767
1979,0,0,0,10.8563,947.483
1978,0,0,0,10.8184,729.589
107,0,0,0,10.81,675.573
1967,0,0,0,10.807,646.867
105,0,0,0,10.7819,497.903
124,0,0,0,10.7698,426.583
1970,0,0,0,10.7544,334.012
122,0,0,0,10.7418,270.034
117,0,0,0,10.7248,184.186
118,0,0,0,10.7164,143.105
1968,0,0,0,10.69,0
819,0,0,1,10.9999,1731.95,0.0483333,210.815,0.55,2
811,0,0,1,10.982,1620.91
805,0,0,1,10.9789,1602.96
358,0,0,1,10.967,1537.83
349,0,0,1,10.951,1453.54
344,0,0,1,10.9391,1373.22
849,0,0,2,11.1018,2249.43,0.0695,303.138,0.23,3
1774,0,0,2,11.0983,2229.43
837,0,0,2,11.086,2158.98
2010,0,0,2,11.0774,2110.69
2009,0,0,2,11.0553,1990.26
819,0,0,2,11.0482,1942.77
850,0,0,3,11.1788,2602.04,0.0711667,310.408,0.1,4
849,0,0,3,11.1713,2552.57
869,0,0,4,11.2793,3090.51,0.0495,215.904,0.11,5
865,0,0,4,11.2628,2997.41
852,0,0,4,11.256,2955.43
850,0,0,4,11.25,2912.45
2176,0,0,5,11.3496,3448.54,0.0568333,247.89,0.16,6
2066,0,0,5,11.3394,3381.43
869,0,0,5,11.3288,3306.41
1306,0,0,6,11.439,3883.86,0.0916667,399.822,0.11,7
1599,0,0,6,11.423,3794.42
1300,0,0,6,11.4192,3768.7
1298,0,0,6,11.413,3735.79
2176,0,0,6,11.4064,3696.43
320,0,0,7,11.8405,6047.84,0.0905,394.734,0.38,8
1978,0,0,7,11.8205,5925.81
1979,0,0,7,11.787,5714.67
329,0,0,7,11.7849,5697.23
2114,0,0,7,11.7795,5670.52
335,0,0,7,11.7689,5609.24
1819,0,0,7,11.7645,5581.06
344,0,0,7,11.749,5485.35
349,0,0,7,11.7371,5405.11
355,0,0,7,11.7202,5319.89
356,0,0,7,11.7034,5221.36
807,0,0,7,11.6883,5140.98
812,0,0,7,11.6881,5140.19
2008,0,0,7,11.6754,5058.27
821,0,0,7,11.6705,5030.76
2153,0,0,7,11.6607,4979.11
831,0,0,7,11.6607,4979.02
832,0,0,7,11.6519,4934.53
843,0,0,7,11.6405,4870.73
855,0,0,7,11.6131,4734.25
1856,0,0,7,11.6129,4733.54
869,0,0,7,11.6007,4669.73
2066,0,0,7,11.5797,4560.17
1297,0,0,7,11.5527,4417.41
1299,0,0,7,11.5468,4384.47
1600,0,0,7,11.5453,4371.02
1306,0,0,7,11.5306,4283.69
105,0,0,8,12.0008,6840.11,0.0435,189.734,0.48,9
1967,0,0,8,11.9647,6648.41
107,0,0,8,11.9595,6618.62
1978,0,0,8,11.9503,6563.5
320,0,0,8,11.931,6442.58
1970,0,0,9,12.0797,7222.2,0.0341667,149.025,0.09,10
124,0,0,9,12.0588,7109.52
105,0,0,9,12.0443,7029.85
1968,0,0,10,12.191,7759.1,0,0,0
118,0,0,10,12.1515,7560.67
117,0,0,10,12.1443,7524.7
122,0,0,10,12.1271,7437.78
1970,0,0,10,12.1139,7371.22
1970,1,0,0,10.6844,334.012,0.0656667,286.418,0.08,1
122,1,0,0,10.6718,270.034
117,1,0,0,10.6548,184.186
118,1,0,0,10.6464,143.105
1968,1,0,0,10.62,0
344,1,0,1,10.8935,1479.36,0.0413333,180.284,0.09,2
1819,1,0,1,10.8798,1385.64
335,1,0,1,10.8753,1357.47
2114,1,0,1,10.8604,1278.37
329,1,0,1,10.8578,1263.19
1979,1,0,1,10.852,1233.9
1978,1,0,1,10.8141,1016.01
107,1,0,1,10.8057,961.991
1967,1,0,1,10.8027,933.285
105,1,0,1,10.7775,784.321
124,1,0,1,10.7655,713.002
1970,1,0,1,10.75,620.43
819,1,0,2,10.9955,2018.37,0.0483333,210.815,0.55,3
811,1,0,2,10.9777,1907.33
805,1,0,2,10.9746,1889.37
358,1,0,2,10.9627,1824.25
349,1,0,2,10.9467,1739.96
344,1,0,2,10.9348,1659.64
849,1,0,3,11.0975,2535.85,0.0695,303.138,0.23,4
1774,1,0,3,11.0939,2515.85
837,1,0,3,11.0816,2445.4
2010,1,0,3,11.0731,2397.11
2009,1,0,3,11.051,2276.68
819,1,0,3,11.0439,2229.18
869,1,0,4,11.2038,3066.52,0.0495,215.904,0.11,5
865,1,0,4,11.1873,2973.42
852,1,0,4,11.1805,2931.44
850,1,0,4,11.1745,2888.46
849,1,0,4,11.167,2838.98
2176,1,0,5,11.2741,3424.55,0.0568333,247.89,0.16,6
2066,1,0,5,11.2639,3357.44
869,1,0,5,11.2533,3282.42
1306,1,0,6,11.3635,3859.87,0.0916667,399.822,0.11,7
1599,1,0,6,11.3475,3770.43
1300,1,0,6,11.3437,3744.71
1298,1,0,6,11.3375,3711.8
2176,1,0,6,11.3309,3672.44
850,1,0,7,11.5552,4825.14,0.0711667,310.408,0.1,8
852,1,0,7,11.549,4782.01
865,1,0,7,11.5411,4737.76
869,1,0,7,11.5252,4645.74
2066,1,0,7,11.5042,4536.18
1297,1,0,7,11.4772,4393.42
1299,1,0,7,11.4713,4360.48
1600,1,0,7,11.4698,4347.04
1306,1,0,7,11.4551,4259.7
320,1,0,8,11.8403,6427.03,0.0905,394.734,0.38,9
1978,1,0,8,11.8217,6306.83
1979,1,0,8,11.7871,6094.28
329,1,0,8,11.785,6076.85
2114,1,0,8,11.7801,6052.3
335,1,0,8,11.7696,5991.01
1819,1,0,8,11.7651,5962.83
344,1,0,8,11.7496,5867.12
349,1,0,8,11.7377,5786.88
358,1,0,8,11.7253,5717.8
805,1,0,8,11.7115,5644.69
811,1,0,8,11.7097,5626.95
819,1,0,8,11.6803,5472.76
2009,1,0,8,11.6731,5425.16
2010,1,0,8,11.6568,5323.66
837,1,0,8,11.6495,5277.49
1774,1,0,8,11.6362,5203.53
849,1,0,8,11.6329,5184.49
850,1,0,8,11.6264,5135.54
105,1,0,9,12.0006,7219.3,0.0435,189.734,0.48,10
1967,1,0,9,11.9645,7027.6
107,1,0,9,11.9592,6997.81
1978,1,0,9,11.95,6942.68
320,1,0,9,11.9308,6821.77
1968,1,0,10,12.1566,7989.26,0,0,0
118,1,0,10,12.1171,7790.83
117,1,0,10,12.1099,7754.86
122,1,0,10,12.0927,7667.94
1970,1,0,10,12.0795,7601.39
124,1,0,10,12.0586,7488.71
105,1,0,10,12.0441,7409.03
344,2,0,0,10.8178,1192.94,0.0413333,180.284,0.09,1
1819,2,0,0,10.8041,1099.23
335,2,0,0,10.7997,1071.05
2114,2,0,0,10.7847,991.95
329,2,0,0,10.7821,976.767
1979,2,0,0,10.7763,947.483
1978,2,0,0,10.7384,729.589
107,2,0,0,10.73,675.573
1967,2,0,0,10.727,646.867
105,2,0,0,10.7019,497.903
124,2,0,0,10.6898,426.583
1970,2,0,0,10.6744,334.012
122,2,0,0,10.6618,270.034
117,2,0,0,10.6448,184.186
118,2,0,0,10.6364,143.105
1968,2,0,0,10.61,0
819,2,0,1,10.9199,1731.95,0.0483333,210.815,0.55,2
811,2,0,1,10.902,1620.91
805,2,0,1,10.8989,1602.96
358,2,0,1,10.887,1537.83
349,2,0,1,10.871,1453.54
344,2,0,1,10.8591,1373.22
849,2,0,2,11.0189,2240.73,0.0695,303.138,0.23,3
1774,2,0,2,11.0152,2220.22
837,2,0,2,11.004,2151.53
2010,2,0,2,10.9962,2104.76
2009,2,0,2,10.9755,1990.47
819,2,0,2,10.9682,1942.77
850,2,0,3,11.0959,2593.34,0.0711667,310.408,0.1,4
849,2,0,3,11.0884,2543.87
2176,2,0,4,11.2171,3223.94,0.0568333,247.89,0.16,5
2066,2,0,4,11.2069,3156.83
869,2,0,4,11.1963,3081.81
865,2,0,4,11.1798,2988.71
852,2,0,4,11.173,2946.73
850,2,0,4,11.167,2903.75
1306,2,0,5,11.3065,3659.26,0.0916667,399.822,0.11,6
1599,2,0,5,11.2905,3569.81
1300,2,0,5,11.2867,3544.1
1298,2,0,5,11.2805,3511.19
2176,2,0,5,11.2739,3471.83
869,2,0,6,11.4682,4445.12,0.0495,215.904,0.11,7
2066,2,0,6,11.4472,4335.56
1297,2,0,6,11.4202,4192.81
1299,2,0,6,11.4143,4159.87
1600,2,0,6,11.4129,4146.42
1306,2,0,6,11.3981,4059.08
320,2,0,7,11.7567,6036.56,0.0905,394.734,0.38,8
1978,2,0,7,11.7381,5916.36
1979,2,0,7,11.7035,5703.81
329,2,0,7,11.7014,5686.38
2114,2,0,7,11.6965,5661.82
335,2,0,7,11.686,5600.54
1819,2,0,7,11.6815,5572.36
344,2,0,7,11.666,5476.65
349,2,0,7,11.6542,5396.41
355,2,0,7,11.6372,5311.19
356,2,0,7,11.6204,5212.66
807,2,0,7,11.6053,5132.28
812,2,0,7,11.6051,5131.49
2008,2,0,7,11.5924,5049.58
821,2,0,7,11.5875,5022.06
2153,2,0,7,11.5778,4970.41
831,2,0,7,11.5777,4970.33
832,2,0,7,11.569,4925.83
843,2,0,7,11.5575,4862.03
855,2,0,7,11.5301,4725.55
1856,2,0,7,11.5299,4724.84
869,2,0,7,11.5177,4661.03
105,2,0,8,11.917,6828.83,0.104333,455.071,0.4,9
1967,2,0,8,11.8809,6637.13
107,2,0,8,11.8756,6607.33
1978,2,0,8,11.8664,6552.21
320,2,0,8,11.8472,6431.29
1970,2,0,9,12.0567,7476.25,0.0341667,149.025,0.09,10
124,2,0,9,12.0358,7363.57
105,2,0,9,12.0213,7283.9
1968,2,0,10,12.168,8013.15,0,0,0
118,2,0,10,12.1285,7814.72
117,2,0,10,12.1213,7778.75
122,2,0,10,12.1041,7691.83
1970,2,0,10,12.0909,7625.28
320,3,0,0,10.6967,849.468,0.0988333,431.081,0.34,1
1978,3,0,0,10.6784,729.589
107,3,0,0,10.67,675.573
1967,3,0,0,10.667,646.867
105,3,0,0,10.6419,497.903
124,3,0,0,10.6298,426.583
1970,3,0,0,10.6144,334.012
122,3,0,0,10.6018,270.034
117,3,0,0,10.5848,184.186
118,3,0,0,10.5764,143.105
1968,3,0,0,10.55,0
344,3,0,1,10.8953,1857.8,0.0413333,180.284,0.09,2
1819,3,0,1,10.8817,1764.09
335,3,0,1,10.8772,1735.92
2114,3,0,1,10.8623,1656.82
329,3,0,1,10.8597,1641.63
2116,3,0,1,10.8548,1615.7
327,3,0,1,10.8408,1539.35
324,3,0,1,10.8373,1520.41
319,3,0,1,10.8081,1366.25
320,3,0,1,10.7955,1280.55
819,3,0,2,10.9974,2396.82,0.0483333,210.815,0.55,3
811,3,0,2,10.9795,2285.78
805,3,0,2,10.9765,2267.82
358,3,0,2,10.9646,2202.7
349,3,0,2,10.9486,2118.4
344,3,0,2,10.9367,2038.09
849,3,0,3,11.0994,2914.29,0.0695,303.138,0.23,4
1774,3,0,3,11.0958,2894.29
837,3,0,3,11.0835,2823.85
2010,3,0,3,11.075,2775.55
2009,3,0,3,11.0528,2655.13
819,3,0,3,11.0457,2607.63
850,3,0,4,11.1764,3266.91,0.0711667,310.408,0.1,5
849,3,0,4,11.1689,3217.43
2176,3,0,5,11.2976,3897.5,0.0568333,247.89,0.16,6
2066,3,0,5,11.2874,3830.39
869,3,0,5,11.2768,3755.37
865,3,0,5,11.2603,3662.27
852,3,0,5,11.2535,3620.3
850,3,0,5,11.2476,3577.32
1306,3,0,6,11.387,4332.82,0.0916667,399.822,0.11,7
1599,3,0,6,11.3711,4243.38
1300,3,0,6,11.3673,4217.66
1298,3,0,6,11.3611,4184.75
2176,3,0,6,11.3544,4145.39
869,3,0,7,11.5488,5118.69,0.0495,215.904,0.11,8
2066,3,0,7,11.5277,5009.13
1297,3,0,7,11.5007,4866.37
1299,3,0,7,11.4948,4833.43
1600,3,0,7,11.4934,4819.99
1306,3,0,7,11.4787,4732.65
105,3,0,8,11.869,6865.62,0.104333,455.071,0.4,9
1967,3,0,8,11.8331,6674.84
107,3,0,8,11.8278,6645.04
1978,3,0,8,11.8186,6589.92
1979,3,0,8,11.7841,6377.37
329,3,0,8,11.7819,6359.94
2114,3,0,8,11.777,6335.39
335,3,0,8,11.7665,6274.11
1819,3,0,8,11.762,6245.92
344,3,0,8,11.7465,6150.22
349,3,0,8,11.7347,6069.97
355,3,0,8,11.7178,5984.75
356,3,0,8,11.701,5886.23
807,3,0,8,11.6858,5805.84
812,3,0,8,11.6857,5805.06
2008,3,0,8,11.6729,5723.14
821,3,0,8,11.668,5695.63
2153,3,0,8,11.6583,5643.97
831,3,0,8,11.6583,5643.89
832,3,0,8,11.6495,5599.4
843,3,0,8,11.6381,5535.6
855,3,0,8,11.6106,5399.12
1856,3,0,8,11.6105,5398.4
869,3,0,8,11.5983,5334.59
1970,3,0,9,12.0058,7500.4,0.0341667,149.025,0.09,10
124,3,0,9,11.9866,7395.38
105,3,0,9,11.9733,7320.69
1968,3,0,10,12.117,8037.29,0,0,0
118,3,0,10,12.0775,7838.87
117,3,0,10,12.0704,7802.89
122,3,0,10,12.0531,7715.98
1970,3,0,10,12.0399,7649.42
105,4,0,0,10.6619,497.903,0.115333,503.049,0.34,1
124,4,0,0,10.6498,426.583
1970,4,0,0,10.6344,334.012
122,4,0,0,10.6218,270.034
117,4,0,0,10.6048,184.186
118,4,0,0,10.5964,143.105
1968,4,0,0,10.57,0
344,4,0,1,10.8931,1695.99,0.0413333,180.284,0.09,2
1819,4,0,1,10.8795,1602.27
335,4,0,1,10.875,1574.1
2114,4,0,1,10.8601,1495
329,4,0,1,10.8575,1479.82
1979,4,0,1,10.8517,1450.53
1978,4,0,1,10.8137,1232.64
107,4,0,1,10.8053,1178.62
1967,4,0,1,10.8023,1149.92
105,4,0,1,10.7772,1000.95
819,4,0,2,10.9952,2235,0.0483333,210.815,0.55,3
811,4,0,2,10.9773,2123.96
805,4,0,2,10.9743,2106
358,4,0,2,10.9623,2040.88
349,4,0,2,10.9464,1956.59
344,4,0,2,10.9345,1876.27
849,4,0,3,11.0972,2752.48,0.0695,303.138,0.23,4
1774,4,0,3,11.0936,2732.48
837,4,0,3,11.0813,2662.03
2010,4,0,3,11.0727,2613.74
2009,4,0,3,11.0506,2493.31
819,4,0,3,11.0435,2445.81
850,4,0,4,11.1742,3105.09,0.0711667,310.408,0.1,5
849,4,0,4,11.1667,3055.61
2176,4,0,5,11.2954,3735.68,0.0568333,247.89,0.16,6
2066,4,0,5,11.2852,3668.57
869,4,0,5,11.2746,3593.56
865,4,0,5,11.2581,3500.45
852,4,0,5,11.2513,3458.48
850,4,0,5,11.2453,3415.5
1306,4,0,6,11.3848,4171.01,0.0916667,399.822,0.11,7
1599,4,0,6,11.3689,4081.56
1300,4,0,6,11.3651,4055.84
1298,4,0,6,11.3589,4022.94
2176,4,0,6,11.3522,3983.57
869,4,0,7,11.5466,4956.87,0.0495,215.904,0.11,8
2066,4,0,7,11.5255,4847.31
1297,4,0,7,11.4985,4704.56
1299,4,0,7,11.4926,4671.62
1600,4,0,7,11.4912,4658.17
1306,4,0,7,11.4765,4570.83
320,4,0,8,11.835,6548.31,0.0905,394.734,0.38,9
1978,4,0,8,11.8164,6428.11
1979,4,0,8,11.7818,6215.56
329,4,0,8,11.7797,6198.12
2114,4,0,8,11.7748,6173.57
335,4,0,8,11.7643,6112.29
1819,4,0,8,11.7598,6084.1
344,4,0,8,11.7443,5988.4
349,4,0,8,11.7325,5908.16
355,4,0,8,11.7155,5822.94
356,4,0,8,11.6987,5724.41
807,4,0,8,11.6836,5644.03
812,4,0,8,11.6835,5643.24
2008,4,0,8,11.6707,5561.32
821,4,0,8,11.6658,5533.81
2153,4,0,8,11.6561,5482.15
831,4,0,8,11.6561,5482.07
832,4,0,8,11.6473,5437.58
843,4,0,8,11.6359,5373.78
855,4,0,8,11.6084,5237.3
1856,4,0,8,11.6083,5236.59
869,4,0,8,11.5961,5172.77
1970,4,0,9,12.0278,7520.29,0.0341667,149.025,0.09,10
124,4,0,9,12.0086,7415.27
105,4,0,9,11.9953,7340.58
1967,4,0,9,11.9592,7148.87
107,4,0,9,11.9539,7119.08
1978,4,0,9,11.9447,7063.96
320,4,0,9,11.9255,6943.04
1968,4,0,10,12.139,8057.18,0,0,0
118,4,0,10,12.0995,7858.76
117,4,0,10,12.0924,7822.78
122,4,0,10,12.0751,7735.87
1970,4,0,10,12.0619,7669.31
1970,5,0,0,9.27717,345.923,0.051,222.447,0.09,1
122,5,0,0,9.2644,281.164
117,5,0,0,9.24485,184.747
118,5,0,0,9.23805,150.127
1968,5,0,0,9.21,0
105,5,0,1,9.35926,745.348,0.1085,473.244,0.3,2
124,5,0,1,9.34372,661.043
1970,5,0,1,9.32817,568.37
320,5,0,2,9.52359,1571.29,0.084,366.383,0.32,3
1978,5,0,2,9.50464,1450.71
107,5,0,2,9.49592,1396.28
1967,5,0,2,9.49291,1367.57
105,5,0,2,9.46776,1218.59
849,5,0,3,9.83583,3220.28,0.089,388.191,0.2,4
1774,5,0,3,9.83248,3201.27
837,5,0,3,9.82106,3132.2
2010,5,0,3,9.80817,3065.31
2009,5,0,3,9.78471,2939.13
819,5,0,3,9.77638,2890.05
811,5,0,3,9.75503,2770.73
805,5,0,3,9.75148,2751.11
358,5,0,3,9.73682,2674.19
349,5,0,3,9.72012,2586.75
344,5,0,3,9.70631,2504.12
1819,5,0,3,9.69115,2408.89
335,5,0,3,9.68624,2380.05
2114,5,0,3,9.67258,2306.39
329,5,0,3,9.66998,2291.22
2116,5,0,3,9.66524,2266.12
327,5,0,3,9.65195,2192.56
324,5,0,3,9.64778,2170.84
319,5,0,3,9.62018,2023.38
320,5,0,3,9.60759,1937.68
850,5,0,4,9.93253,3658.16,0.0346667,151.206,0.14,5
849,5,0,4,9.92483,3608.47
869,5,0,5,9.99857,3993.81,0.0375,163.564,0.11,6
865,5,0,5,9.98077,3894.98
852,5,0,5,9.97385,3852.85
850,5,0,5,9.96719,3809.36
2176,5,0,6,10.0568,4299.89,0.0848333,370.017,0.18,7
2066,5,0,6,10.0461,4232.24
869,5,0,6,10.0361,4157.38
1306,5,0,7,10.1766,4866.99,0.078,340.212,0.16,8
1599,5,0,7,10.1591,4770.51
1300,5,0,7,10.1546,4744
1298,5,0,7,10.1479,4708.78
2176,5,0,7,10.1416,4669.91
819,5,0,8,10.4051,6107.11,0.0483333,210.815,0.55,9
2009,5,0,8,10.3992,6059.94
2010,5,0,8,10.3838,5959.42
837,5,0,8,10.3765,5913.3
1774,5,0,8,10.3653,5844.55
849,5,0,8,10.3611,5821.79
850,5,0,8,10.354,5772.63
852,5,0,8,10.3482,5729.69
865,5,0,8,10.3414,5687.73
869,5,0,8,10.3262,5596.9
2066,5,0,8,10.3042,5483.17
1297,5,0,8,10.2779,5343.51
1299,5,0,8,10.2722,5311.52
1600,5,0,8,10.2708,5298.07
1306,5,0,8,10.2546,5207.2
344,5,0,9,10.5165,6690.23,0.0413333,180.284,0.09,10
349,5,0,9,10.5059,6610.53
358,5,0,9,10.4893,6523.34
805,5,0,9,10.4785,6463.17
811,5,0,9,10.4767,6445.43
819,5,0,9,10.4535,6317.93
1968,5,0,10,10.7807,8120.45,0,0,0
118,5,0,10,10.7482,7951.37
117,5,0,10,10.7409,7914.73
122,5,0,10,10.7243,7830.36
1970,5,0,10,10.7123,7768.78
124,5,0,10,10.6931,7663.43
105,5,0,10,10.6803,7590.81
1967,5,0,10,10.6433,7395.53
107,5,0,10,10.6379,7364.88
1978,5,0,10,10.6288,7309.99
1979,5,0,10,10.5961,7099.81
329,5,0,10,10.594,7082.35
2114,5,0,10,10.5888,7056.43
335,5,0,10,10.5784,6995.28
1819,5,0,10,10.5734,6966.29
344,5,0,10,10.5578,6870.52
320,6,0,0,11.4177,851.082,0.0905,394.734,0.38,1
1978,6,0,0,11.3991,730.88
107,6,0,0,11.3906,676.772
1967,6,0,0,11.3876,648.066
105,6,0,0,11.363,499.965
124,6,0,0,11.3497,425.166
1970,6,0,0,11.3339,332.084
122,6,0,0,11.321,266.81
117,6,0,0,11.3056,187.792
118,6,0,0,11.2978,149.07
1968,6,0,0,11.27,0
344,6,0,1,11.6103,1832.98,0.0798333,348.209,0.09,2
1819,6,0,1,11.597,1739.46
335,6,0,1,11.592,1710.51
2114,6,0,1,11.5767,1629.71
329,6,0,1,11.5741,1614.66
2116,6,0,1,11.569,1587.79
327,6,0,1,11.5545,1509.12
324,6,0,1,11.5502,1486.61
319,6,0,1,11.5208,1331.52
320,6,0,1,11.5082,1245.82
850,6,0,2,11.8172,2907.1,0.0711667,310.408,0.1,3
849,6,0,2,11.8097,2857.62
1774,6,0,2,11.8061,2837.62
837,6,0,2,11.7938,2767.18
2010,6,0,2,11.7853,2718.88
2009,6,0,2,11.7631,2598.46
819,6,0,2,11.756,2550.96
811,6,0,2,11.7348,2432.35
805,6,0,2,11.7313,2412.91
358,6,0,2,11.7207,2353.4
349,6,0,2,11.7033,2262.79
344,6,0,2,11.6902,2181.19
2176,6,0,3,11.9384,3537.69,0.0568333,247.89,0.16,4
2066,6,0,3,11.9282,3470.58
869,6,0,3,11.9176,3395.57
865,6,0,3,11.9011,3302.46
852,6,0,3,11.8943,3260.49
850,6,0,3,11.8883,3217.51
1306,6,0,4,12.0278,3973.02,0.0833333,363.475,0.03,5
1599,6,0,4,12.0119,3883.57
1300,6,0,4,12.0081,3857.85
1298,6,0,4,12.0019,3824.94
2176,6,0,4,11.9952,3785.58
869,6,0,5,12.1904,4763.28,0.0443333,193.369,0.11,6
2066,6,0,5,12.1631,4627.33
1297,6,0,5,12.1326,4469.75
1299,6,0,5,12.1266,4436.2
1600,6,0,5,12.1251,4422.75
1306,6,0,5,12.1111,4336.49
849,6,0,6,12.2685,5181.63,0.0775,338.032,0.22,7
850,6,0,6,12.2629,5132.17
852,6,0,6,12.2553,5087.54
865,6,0,6,12.2486,5045.69
869,6,0,6,12.2348,4956.65
819,6,0,7,12.3931,5811.05,0.0838333,365.656,0.48,8
2009,6,0,7,12.3864,5763.84
2010,6,0,7,12.3707,5663
837,6,0,7,12.3635,5617.04
1774,6,0,7,12.3492,5538.27
849,6,0,7,12.346,5519.66
105,6,0,8,12.6606,7250.01,0.0435,189.734,0.48,9
1967,6,0,8,12.6233,7052.95
107,6,0,8,12.618,7023.33
1978,6,0,8,12.609,6968.43
1979,6,0,8,12.5772,6759.25
329,6,0,8,12.5751,6741.8
2114,6,0,8,12.5705,6718.6
335,6,0,8,12.5601,6657.46
1819,6,0,8,12.5551,6628.52
344,6,0,8,12.5386,6531.27
349,6,0,8,12.5245,6448.19
358,6,0,8,12.512,6378.89
805,6,0,8,12.5005,6315.6
811,6,0,8,12.4987,6297.87
819,6,0,8,12.4769,6176.7
1970,6,0,9,12.7395,7632.09,0.0341667,149.025,0.09,10
124,6,0,9,12.7186,7519.42
105,6,0,9,12.7041,7439.74
1968,6,0,10,12.8507,8168.99,0,0,0
118,6,0,10,12.8112,7970.57
117,6,0,10,12.8041,7934.59
122,6,0,10,12.7868,7847.67
1970,6,0,10,12.7737,7781.12
105,7,0,0,9.33826,522.901,0.1085,473.244,0.3,1
124,7,0,0,9.32272,438.596
1970,7,0,0,9.30717,345.923
122,7,0,0,9.2944,281.164
117,7,0,0,9.27485,184.747
118,7,0,0,9.26805,150.127
1968,7,0,0,9.24,0
320,7,0,1,9.50259,1348.85,0.084,366.383,0.32,2
1978,7,0,1,9.48364,1228.27
107,7,0,1,9.47492,1173.83
1967,7,0,1,9.47191,1145.12
105,7,0,1,9.44676,996.145
849,7,0,2,9.81483,2997.83,0.089,388.191,0.2,3
1774,7,0,2,9.81148,2978.83
837,7,0,2,9.80006,2909.76
2010,7,0,2,9.78717,2842.87
2009,7,0,2,9.76371,2716.69
819,7,0,2,9.75538,2667.61
811,7,0,2,9.73403,2548.28
805,7,0,2,9.73048,2528.67
358,7,0,2,9.71583,2451.74
349,7,0,2,9.69912,2364.31
344,7,0,2,9.68531,2281.68
1819,7,0,2,9.67015,2186.44
335,7,0,2,9.66524,2157.6
2114,7,0,2,9.65158,2083.94
329,7,0,2,9.64898,2068.77
2116,7,0,2,9.64424,2043.68
327,7,0,2,9.63095,1970.11
324,7,0,2,9.62678,1948.4
319,7,0,2,9.59918,1800.93
320,7,0,2,9.58659,1715.23
850,7,0,3,9.91153,3435.71,0.0346667,151.206,0.14,4
849,7,0,3,9.90383,3386.02
869,7,0,4,9.97757,3771.37,0.0375,163.564,0.11,5
865,7,0,4,9.95977,3672.53
852,7,0,4,9.95285,3630.4
850,7,0,4,9.94619,3586.92
2176,7,0,5,10.0358,4077.44,0.0848333,370.017,0.18,6
2066,7,0,5,10.0251,4009.79
869,7,0,5,10.0151,3934.93
1306,7,0,6,10.1556,4644.54,0.078,340.212,0.16,7
1599,7,0,6,10.1381,4548.06
1300,7,0,6,10.1336,4521.55
1298,7,0,6,10.1269,4486.33
2176,7,0,6,10.1206,4447.46
819,7,0,7,10.3841,5884.67,0.0483333,210.815,0.55,8
2009,7,0,7,10.3782,5837.49
2010,7,0,7,10.3628,5736.97
837,7,0,7,10.3555,5690.85
1774,7,0,7,10.3443,5622.11
849,7,0,7,10.3401,5599.34
850,7,0,7,10.333,5550.18
852,7,0,7,10.3272,5507.24
865,7,0,7,10.3204,5465.29
869,7,0,7,10.3052,5374.46
2066,7,0,7,10.2832,5260.73
1297,7,0,7,10.2569,5121.07
1299,7,0,7,10.2512,5089.07
1600,7,0,7,10.2498,5075.62
1306,7,0,7,10.2336,4984.75
344,7,0,8,10.4955,6467.78,0.0413333,180.284,0.09,9
349,7,0,8,10.4849,6388.08
358,7,0,8,10.4683,6300.9
805,7,0,8,10.4575,6240.72
811,7,0,8,10.4557,6222.98
819,7,0,8,10.4325,6095.48
1970,7,0,9,10.6913,7546.34,0.0656667,286.418,0.08,10
124,7,0,9,10.6721,7440.98
105,7,0,9,10.6593,7368.36
1967,7,0,9,10.6223,7173.08
107,7,0,9,10.6169,7142.43
1978,7,0,9,10.6078,7087.55
1979,7,0,9,10.5751,6877.36
329,7,0,9,10.573,6859.9
2114,7,0,9,10.5678,6833.98
335,7,0,9,10.5574,6772.83
1819,7,0,9,10.5524,6743.84
344,7,0,9,10.5368,6648.07
1968,7,0,10,10.8254,8184.42,0,0,0
118,7,0,10,10.7929,8015.34
117,7,0,10,10.7856,7978.7
122,7,0,10,10.769,7894.34
1970,7,0,10,10.7569,7832.76
1970,8,0,0,10.3744,334.012,0.0656667,286.418,0.08,1
122,8,0,0,10.3618,270.034
117,8,0,0,10.3448,184.186
118,8,0,0,10.3364,143.105
1968,8,0,0,10.31,0
105,8,0,1,10.4675,784.321,0.115333,503.049,0.34,2
124,8,0,1,10.4555,713.002
1970,8,0,1,10.44,620.43
320,8,0,2,10.6377,1638.94,0.0988333,431.081,0.34,3
1978,8,0,2,10.6194,1519.06
107,8,0,2,10.611,1465.04
1967,8,0,2,10.608,1436.33
105,8,0,2,10.5829,1287.37
344,8,0,3,10.8363,2647.27,0.0413333,180.284,0.09,4
1819,8,0,3,10.8227,2553.56
335,8,0,3,10.8182,2525.38
2114,8,0,3,10.8033,2446.28
329,8,0,3,10.8007,2431.1
2116,8,0,3,10.7958,2405.17
327,8,0,3,10.7818,2328.82
324,8,0,3,10.7783,2309.88
319,8,0,3,10.7491,2155.72
320,8,0,3,10.7365,2070.02
819,8,0,4,10.9384,3186.28,0.0483333,210.815,0.55,5
811,8,0,4,10.9205,3075.25
805,8,0,4,10.9175,3057.29
358,8,0,4,10.9056,2992.16
349,8,0,4,10.8896,2907.87
344,8,0,4,10.8777,2827.56
849,8,0,5,11.0374,3695.06,0.0695,303.138,0.23,6
1774,8,0,5,11.0337,3674.56
837,8,0,5,11.0225,3605.86
2010,8,0,5,11.0148,3559.09
2009,8,0,5,10.9941,3444.81
819,8,0,5,10.9867,3397.1
850,8,0,6,11.1144,4047.68,0.0711667,310.408,0.1,7
849,8,0,6,11.1069,3998.2
869,8,0,7,11.2149,4536.14,0.0495,215.904,0.11,8
865,8,0,7,11.1983,4443.04
852,8,0,7,11.1915,4401.07
850,8,0,7,11.1856,4358.08
2176,8,0,8,11.2851,4894.17,0.0568333,247.89,0.16,9
2066,8,0,8,11.2749,4827.06
869,8,0,8,11.2644,4752.05
1306,8,0,9,11.3745,5329.5,0.0916667,399.822,0.11,10
1599,8,0,9,11.3586,5240.05
1300,8,0,9,11.3548,5214.33
1298,8,0,9,11.3486,5181.42
2176,8,0,9,11.342,5142.06
1968,8,0,10,11.9211,8190.2,0,0,0
1969,8,0,10,11.9088,8113.69
115,8,0,10,11.9062,8099.12
2113,8,0,10,11.9015,8073.3
2133,8,0,10,11.7795,7386.93
366,8,0,10,11.7752,7359.82
2134,8,0,10,11.7619,7288.14
2136,8,0,10,11.7491,7219.3
393,8,0,10,11.7174,7056.26
401,8,0,10,11.6996,6965.31
1739,8,0,10,11.6899,6912.31
1742,8,0,10,11.6829,6875.79
1741,8,0,10,11.6761,6839.66
418,8,0,10,11.6689,6801.19
417,8,0,10,11.6661,6785.37
1989,8,0,10,11.6491,6697.35
2011,8,0,10,11.6288,6593.51
2156,8,0,10,11.6222,6560.6
2013,8,0,10,11.6216,6557.45
886,8,0,10,11.6121,6509.27
888,8,0,10,11.5957,6417.8
903,8,0,10,11.5862,6366.29
904,8,0,10,11.5822,6345.26
925,8,0,10,11.561,6227.3
2019,8,0,10,11.5557,6200.44
929,8,0,10,11.5553,6198.46
938,8,0,10,11.5429,6131.14
950,8,0,10,11.5258,6045.2
951,8,0,10,11.5183,6007.44
949,8,0,10,11.5068,5948.69
2025,8,0,10,11.5033,5931.24
2024,8,0,10,11.4902,5858.83
1301,8,0,10,11.4794,5800.49
1306,8,0,10,11.4662,5729.32
1970,9,0,0,10.3544,334.012,0.0656667,286.418,0.08,1
122,9,0,0,10.3418,270.034
117,9,0,0,10.3248,184.186
118,9,0,0,10.3164,143.105
1968,9,0,0,10.29,0
105,9,0,1,10.4475,784.321,0.115333,503.049,0.34,2
124,9,0,1,10.4355,713.002
1970,9,0,1,10.42,620.43
320,9,0,2,10.6177,1638.94,0.0988333,431.081,0.34,3
1978,9,0,2,10.5994,1519.06
107,9,0,2,10.591,1465.04
1967,9,0,2,10.588,1436.33
105,9,0,2,10.5629,1287.37
344,9,0,3,10.8163,2647.27,0.0413333,180.284,0.09,4
1819,9,0,3,10.8027,2553.56
335,9,0,3,10.7982,2525.38
2114,9,0,3,10.7833,2446.28
329,9,0,3,10.7807,2431.1
2116,9,0,3,10.7758,2405.17
327,9,0,3,10.7618,2328.82
324,9,0,3,10.7583,2309.88
319,9,0,3,10.7291,2155.72
320,9,0,3,10.7165,2070.02
819,9,0,4,10.9184,3186.28,0.0483333,210.815,0.55,5
811,9,0,4,10.9005,3075.25
805,9,0,4,10.8975,3057.29
358,9,0,4,10.8856,2992.16
349,9,0,4,10.8696,2907.87
344,9,0,4,10.8577,2827.56
849,9,0,5,11.0174,3695.06,0.0695,303.138,0.23,6
1774,9,0,5,11.0137,3674.56
837,9,0,5,11.0025,3605.86
2010,9,0,5,10.9948,3559.09
2009,9,0,5,10.9741,3444.81
819,9,0,5,10.9667,3397.1
850,9,0,6,11.0944,4047.68,0.0711667,310.408,0.1,7
849,9,0,6,11.0869,3998.2
2176,9,0,7,11.2156,4678.27,0.0568333,247.89,0.16,8
2066,9,0,7,11.2054,4611.16
869,9,0,7,11.1949,4536.14
865,9,0,7,11.1783,4443.04
852,9,0,7,11.1715,4401.07
850,9,0,7,11.1656,4358.08
1306,9,0,8,11.305,5113.59,0.0916667,399.822,0.11,9
1599,9,0,8,11.2891,5024.15
1300,9,0,8,11.2853,4998.43
1298,9,0,8,11.2791,4965.52
2176,9,0,8,11.2725,4926.16
869,9,0,9,11.4668,5899.45,0.0495,215.904,0.11,10
2066,9,0,9,11.4457,5789.9
1297,9,0,9,11.4188,5647.14
1299,9,0,9,11.4129,5614.2
1600,9,0,9,11.4114,5600.75
1306,9,0,9,11.3967,5513.41
1968,9,0,10,11.8938,8203.98,0,0,0
118,9,0,10,11.8591,8025.67
117,9,0,10,11.8514,7987.16
122,9,0,10,11.834,7899.62
1970,9,0,10,11.8212,7834.88
124,9,0,10,11.7994,7718.32
105,9,0,10,11.787,7646.38
1967,9,0,10,11.7511,7455.6
107,9,0,10,11.7458,7425.81
1978,9,0,10,11.7366,7370.69
1979,9,0,10,11.7021,7158.14
329,9,0,10,11.6999,7140.71
2114,9,0,10,11.695,7116.16
335,9,0,10,11.6845,7054.88
1819,9,0,10,11.68,7026.69
344,9,0,10,11.6645,6930.99
349,9,0,10,11.6527,6850.74
355,9,0,10,11.6358,6765.52
356,9,0,10,11.619,6666.99
807,9,0,10,11.6039,6586.61
812,9,0,10,11.6037,6585.82
2008,9,0,10,11.591,6503.91
821,9,0,10,11.5861,6476.4
2153,9,0,10,11.5763,6424.74
831,9,0,10,11.5763,6424.66
832,9,0,10,11.5675,6380.16
843,9,0,10,11.5561,6316.36
855,9,0,10,11.5286,6179.88
1856,9,0,10,11.5285,6179.17
869,9,0,10,11.5163,6115.36
320,10,0,0,11.4077,851.082,0.0905,394.734,0.38,1
1978,10,0,0,11.3891,730.88
107,10,0,0,11.3806,676.772
1967,10,0,0,11.3776,648.066
105,10,0,0,11.353,499.965
124,10,0,0,11.3397,425.166
1970,10,0,0,11.3239,332.084
122,10,0,0,11.311,266.81
117,10,0,0,11.2956,187.792
118,10,0,0,11.2878,149.07
1968,10,0,0,11.26,0
344,10,0,1,11.6003,1832.98,0.0798333,348.209,0.09,2
1819,10,0,1,11.587,1739.46
335,10,0,1,11.582,1710.51
2114,10,0,1,11.5667,1629.71
329,10,0,1,11.5641,1614.66
2116,10,0,1,11.559,1587.79
327,10,0,1,11.5445,1509.12
324,10,0,1,11.5402,1486.61
319,10,0,1,11.5108,1331.52
320,10,0,1,11.4982,1245.82
849,10,0,2,11.7997,2857.62,0.0695,303.138,0.23,3
1774,10,0,2,11.7961,2837.62
837,10,0,2,11.7838,2767.18
2010,10,0,2,11.7753,2718.88
2009,10,0,2,11.7531,2598.46
819,10,0,2,11.746,2550.96
811,10,0,2,11.7248,2432.35
805,10,0,2,11.7213,2412.91
358,10,0,2,11.7107,2353.4
349,10,0,2,11.6933,2262.79
344,10,0,2,11.6802,2181.19
2176,10,0,3,11.9267,3530.42,0.0568333,247.89,0.16,4
2066,10,0,3,11.9165,3463.31
869,10,0,3,11.906,3388.3
865,10,0,3,11.8895,3295.19
852,10,0,3,11.8826,3253.22
850,10,0,3,11.8767,3210.24
849,10,0,3,11.8692,3160.76
1306,10,0,4,12.0161,3965.75,0.0833333,363.475,0.03,5
1599,10,0,4,12.0002,3876.3
1300,10,0,4,11.9964,3850.58
1298,10,0,4,11.9902,3817.68
2176,10,0,4,11.9836,3778.31
869,10,0,5,12.1788,4756.01,0.0443333,193.369,0.11,6
2066,10,0,5,12.1514,4620.06
1297,10,0,5,12.1209,4462.48
1299,10,0,5,12.1149,4428.93
1600,10,0,5,12.1135,4415.48
1306,10,0,5,12.0995,4329.22
850,10,0,6,12.2512,5124.9,0.1105,481.968,0.03,7
852,10,0,6,12.2437,5080.27
865,10,0,6,12.237,5038.43
869,10,0,6,12.2231,4949.38
819,10,0,7,12.4144,5947.72,0.0838333,365.656,0.48,8
2009,10,0,7,12.4077,5900.51
2010,10,0,7,12.392,5799.67
837,10,0,7,12.3848,5753.71
1774,10,0,7,12.3705,5674.93
849,10,0,7,12.3674,5656.33
850,10,0,7,12.3617,5606.87
105,10,0,8,12.6819,7386.67,0.0435,189.734,0.48,9
1967,10,0,8,12.6446,7189.61
107,10,0,8,12.6394,7159.99
1978,10,0,8,12.6303,7105.1
1979,10,0,8,12.5986,6895.91
329,10,0,8,12.5964,6878.47
2114,10,0,8,12.5919,6855.26
335,10,0,8,12.5814,6794.13
1819,10,0,8,12.5765,6765.19
344,10,0,8,12.5599,6667.94
349,10,0,8,12.5458,6584.86
358,10,0,8,12.5333,6515.55
805,10,0,8,12.5219,6452.27
811,10,0,8,12.52,6434.53
819,10,0,8,12.4983,6313.37
1970,10,0,9,12.7608,7768.76,0.0341667,149.025,0.09,10
124,10,0,9,12.7399,7656.08
105,10,0,9,12.7254,7576.41
1968,10,0,10,12.8721,8305.66,0,0,0
118,10,0,10,12.8326,8107.23
117,10,0,10,12.8254,8071.26
122,10,0,10,12.8082,7984.34
1970,10,0,10,12.795,7917.79
320,11,0,0,11.4877,851.082,0.0905,394.734,0.38,1
1978,11,0,0,11.4691,730.88
107,11,0,0,11.4606,676.772
1967,11,0,0,11.4576,648.066
105,11,0,0,11.433,499.965
124,11,0,0,11.4197,425.166
1970,11,0,0,11.4039,332.084
122,11,0,0,11.391,266.81
117,11,0,0,11.3756,187.792
118,11,0,0,11.3678,149.07
1968,11,0,0,11.34,0
344,11,0,1,11.6803,1832.98,0.0798333,348.209,0.09,2
1819,11,0,1,11.667,1739.46
335,11,0,1,11.662,1710.51
2114,11,0,1,11.6467,1629.71
329,11,0,1,11.6441,1614.66
2116,11,0,1,11.639,1587.79
327,11,0,1,11.6245,1509.12
324,11,0,1,11.6202,1486.61
319,11,0,1,11.5908,1331.52
320,11,0,1,11.5782,1245.82
2176,11,0,2,11.9372,3227.28,0.0568333,247.89,0.16,3
2066,11,0,2,11.927,3160.17
869,11,0,2,11.9165,3085.16
865,11,0,2,11.9,2992.05
852,11,0,2,11.8931,2950.08
850,11,0,2,11.8872,2907.1
849,11,0,2,11.8797,2857.62
1774,11,0,2,11.8761,2837.62
837,11,0,2,11.8638,2767.18
2010,11,0,2,11.8553,2718.88
2009,11,0,2,11.8331,2598.46
819,11,0,2,11.826,2550.96
811,11,0,2,11.8048,2432.35
805,11,0,2,11.8013,2412.91
358,11,0,2,11.7907,2353.4
349,11,0,2,11.7733,2262.79
344,11,0,2,11.7602,2181.19
1306,11,0,3,12.0266,3662.61,0.0833333,363.475,0.03,4
1599,11,0,3,12.0107,3573.16
1300,11,0,3,12.0069,3547.45
1298,11,0,3,12.0007,3514.54
2176,11,0,3,11.9941,3475.17
869,11,0,4,12.1893,4452.87,0.0443333,193.369,0.11,5
2066,11,0,4,12.1619,4316.92
1297,11,0,4,12.1314,4159.34
1299,11,0,4,12.1254,4125.79
1600,11,0,4,12.124,4112.35
1306,11,0,4,12.11,4026.08
850,11,0,5,12.2617,4821.76,0.1105,481.968,0.03,6
852,11,0,5,12.2542,4777.13
865,11,0,5,12.2475,4735.29
869,11,0,5,12.2336,4646.24
849,11,0,6,12.3779,5353.19,0.0775,338.032,0.22,7
850,11,0,6,12.3722,5303.73
819,11,0,7,12.5024,5982.61,0.0838333,365.656,0.48,8
2009,11,0,7,12.4957,5935.4
2010,11,0,7,12.48,5834.56
837,11,0,7,12.4728,5788.6
1774,11,0,7,12.4585,5709.83
849,11,0,7,12.4554,5691.23
105,11,0,8,12.7699,7421.57,0.0435,189.734,0.48,9
1967,11,0,8,12.7326,7224.51
107,11,0,8,12.7274,7194.89
1978,11,0,8,12.7183,7139.99
1979,11,0,8,12.6866,6930.81
329,11,0,8,12.6844,6913.36
2114,11,0,8,12.6799,6890.16
335,11,0,8,12.6694,6829.02
1819,11,0,8,12.6645,6800.08
344,11,0,8,12.6479,6702.83
349,11,0,8,12.6338,6619.75
358,11,0,8,12.6213,6550.45
805,11,0,8,12.6099,6487.16
811,11,0,8,12.608,6469.43
819,11,0,8,12.5863,6348.26
1970,11,0,9,12.8488,7803.66,0.0341667,149.025,0.09,10
124,11,0,9,12.8279,7690.98
105,11,0,9,12.8134,7611.3
1968,11,0,10,12.9601,8340.55,0,0,0
118,11,0,10,12.9206,8142.13
117,11,0,10,12.9134,8106.15
122,11,0,10,12.8962,8019.23
1970,11,0,10,12.883,7952.68
105,12,0,0,11.243,499.965,0.104333,455.071,0.4,1
124,12,0,0,11.2297,425.166
1970,12,0,0,11.2139,332.084
122,12,0,0,11.201,266.81
117,12,0,0,11.1856,187.792
118,12,0,0,11.1778,149.07
1968,12,0,0,11.15,0
320,12,0,1,11.402,1306.15,0.0905,394.734,0.38,2
1978,12,0,1,11.3834,1185.95
107,12,0,1,11.3749,1131.84
1967,12,0,1,11.3719,1103.14
105,12,0,1,11.3473,955.035
344,12,0,2,11.5947,2288.05,0.0798333,348.209,0.09,3
1819,12,0,2,11.5813,2194.53
335,12,0,2,11.5763,2165.58
2114,12,0,2,11.561,2084.78
329,12,0,2,11.5585,2069.73
2116,12,0,2,11.5533,2042.86
327,12,0,2,11.5388,1964.19
324,12,0,2,11.5345,1941.68
319,12,0,2,11.5051,1786.59
320,12,0,2,11.4925,1700.89
850,12,0,3,11.8015,3362.17,0.0711667,310.408,0.1,4
849,12,0,3,11.794,3312.69
1774,12,0,3,11.7904,3292.69
837,12,0,3,11.7782,3222.25
2010,12,0,3,11.7696,3173.95
2009,12,0,3,11.7475,3053.53
819,12,0,3,11.7404,3006.03
811,12,0,3,11.7192,2887.42
805,12,0,3,11.7157,2867.98
358,12,0,3,11.7051,2808.47
349,12,0,3,11.6876,2717.86
344,12,0,3,11.6745,2636.26
2176,12,0,4,11.9227,3992.76,0.0568333,247.89,0.16,5
2066,12,0,4,11.9125,3925.65
869,12,0,4,11.902,3850.64
865,12,0,4,11.8854,3757.53
852,12,0,4,11.8786,3715.56
850,12,0,4,11.8727,3672.58
1306,12,0,5,12.0121,4428.09,0.0833333,363.475,0.03,6
1599,12,0,5,11.9962,4338.64
1300,12,0,5,11.9924,4312.92
1298,12,0,5,11.9862,4280.02
2176,12,0,5,11.9796,4240.65
869,12,0,6,12.1748,5218.35,0.0443333,193.369,0.11,7
2066,12,0,6,12.1474,5082.4
1297,12,0,6,12.1169,4924.82
1299,12,0,6,12.1109,4891.27
1600,12,0,6,12.1095,4877.82
1306,12,0,6,12.0955,4791.56
849,12,0,7,12.2529,5636.7,0.0775,338.032,0.22,8
850,12,0,7,12.2472,5587.24
852,12,0,7,12.2397,5542.61
865,12,0,7,12.233,5500.77
869,12,0,7,12.2191,5411.72
819,12,0,8,12.3774,6266.12,0.0838333,365.656,0.48,9
2009,12,0,8,12.3707,6218.91
2010,12,0,8,12.355,6118.07
837,12,0,8,12.3478,6072.11
1774,12,0,8,12.3335,5993.34
849,12,0,8,12.3304,5974.74
1970,12,0,9,12.6803,7897.43,0.0341667,149.025,0.09,10
124,12,0,9,12.6594,7784.75
105,12,0,9,12.6449,7705.08
1967,12,0,9,12.6076,7508.02
107,12,0,9,12.6024,7478.4
1978,12,0,9,12.5933,7423.5
1979,12,0,9,12.5616,7214.32
329,12,0,9,12.5594,7196.87
2114,12,0,9,12.5549,7173.67
335,12,0,9,12.5444,7112.53
1819,12,0,9,12.5395,7083.6
344,12,0,9,12.5229,6986.34
349,12,0,9,12.5088,6903.26
358,12,0,9,12.4963,6833.96
805,12,0,9,12.4848,6770.67
811,12,0,9,12.483,6752.94
819,12,0,9,12.4613,6631.77
1968,12,0,10,12.7916,8434.33,0,0,0
118,12,0,10,12.7521,8235.9
117,12,0,10,12.7449,8199.93
122,12,0,10,12.7277,8113.01
1970,12,0,10,12.7145,8046.46
105,13,0,0,11.263,499.965,0.104333,455.071,0.4,1
124,13,0,0,11.2497,425.166
1970,13,0,0,11.2339,332.084
122,13,0,0,11.221,266.81
117,13,0,0,11.2056,187.792
118,13,0,0,11.1978,149.07
1968,13,0,0,11.17,0
320,13,0,1,11.422,1306.15,0.0905,394.734,0.38,2
1978,13,0,1,11.4034,1185.95
107,13,0,1,11.3949,1131.84
1967,13,0,1,11.3919,1103.14
105,13,0,1,11.3673,955.035
344,13,0,2,11.6147,2288.05,0.0798333,348.209,0.09,3
1819,13,0,2,11.6013,2194.53
335,13,0,2,11.5963,2165.58
2114,13,0,2,11.581,2084.78
329,13,0,2,11.5785,2069.73
2116,13,0,2,11.5733,2042.86
327,13,0,2,11.5589,1964.19
324,13,0,2,11.5545,1941.68
319,13,0,2,11.5251,1786.59
320,13,0,2,11.5125,1700.89
849,13,0,3,11.814,3312.69,0.0695,303.138,0.23,4
1774,13,0,3,11.8104,3292.69
837,13,0,3,11.7982,3222.25
2010,13,0,3,11.7896,3173.95
2009,13,0,3,11.7675,3053.53
819,13,0,3,11.7604,3006.03
811,13,0,3,11.7392,2887.42
805,13,0,3,11.7357,2867.98
358,13,0,3,11.7251,2808.47
349,13,0,3,11.7076,2717.86
344,13,0,3,11.6945,2636.26
2176,13,0,4,11.9411,3985.49,0.0568333,247.89,0.16,5
2066,13,0,4,11.9309,3918.38
869,13,0,4,11.9203,3843.37
865,13,0,4,11.9038,3750.26
852,13,0,4,11.897,3708.29
850,13,0,4,11.891,3665.31
849,13,0,4,11.8835,3615.83
1306,13,0,5,12.0305,4420.82,0.0833333,363.475,0.03,6
1599,13,0,5,12.0145,4331.37
1300,13,0,5,12.0107,4305.65
1298,13,0,5,12.0045,4272.75
2176,13,0,5,11.9979,4233.38
869,13,0,6,12.1931,5211.08,0.0443333,193.369,0.11,7
2066,13,0,6,12.1657,5075.13
1297,13,0,6,12.1353,4917.55
1299,13,0,6,12.1292,4884
1600,13,0,6,12.1278,4870.55
1306,13,0,6,12.1138,4784.29
850,13,0,7,12.2655,5579.97,0.1105,481.968,0.03,8
852,13,0,7,12.258,5535.34
865,13,0,7,12.2513,5493.5
869,13,0,7,12.2374,5404.45
819,13,0,8,12.4288,6402.79,0.0838333,365.656,0.48,9
2009,13,0,8,12.4221,6355.58
2010,13,0,8,12.4064,6254.74
837,13,0,8,12.3992,6208.78
1774,13,0,8,12.3848,6130
849,13,0,8,12.3817,6111.4
850,13,0,8,12.376,6061.94
1970,13,0,9,12.7316,8034.1,0.0341667,149.025,0.09,10
124,13,0,9,12.7107,7921.42
105,13,0,9,12.6963,7841.75
1967,13,0,9,12.6589,7644.68
107,13,0,9,12.6537,7615.06
1978,13,0,9,12.6447,7560.17
1979,13,0,9,12.6129,7350.98
329,13,0,9,12.6107,7333.54
2114,13,0,9,12.6062,7310.33
335,13,0,9,12.5958,7249.2
1819,13,0,9,12.5908,7220.26
344,13,0,9,12.5742,7123.01
349,13,0,9,12.5601,7039.93
358,13,0,9,12.5477,6970.62
805,13,0,9,12.5362,6907.34
811,13,0,9,12.5344,6889.6
819,13,0,9,12.5126,6768.44
1968,13,0,10,12.8429,8571,0,0,0
118,13,0,10,12.8034,8372.57
117,13,0,10,12.7963,8336.59
122,13,0,10,12.779,8249.68
1970,13,0,10,12.7658,8183.12
105,14,0,0,11.393,499.965,0.104333,455.071,0.4,1
124,14,0,0,11.3797,425.166
1970,14,0,0,11.3639,332.084
122,14,0,0,11.351,266.81
117,14,0,0,11.3356,187.792
118,14,0,0,11.3278,149.07
1968,14,0,0,11.3,0
320,14,0,1,11.552,1306.15,0.0905,394.734,0.38,2
1978,14,0,1,11.5334,1185.95
107,14,0,1,11.5249,1131.84
1967,14,0,1,11.5219,1103.14
105,14,0,1,11.4973,955.035
2176,14,0,2,11.9311,3293.35,0.0568333,247.89,0.16,3
2066,14,0,2,11.9207,3226.01
869,14,0,2,11.9093,3150.38
1856,14,0,2,11.8815,3022.9
855,14,0,2,11.8814,3022.19
854,14,0,2,11.8791,3008.6
841,14,0,2,11.8606,2909.55
829,14,0,2,11.846,2827.2
831,14,0,2,11.8332,2761.62
2153,14,0,2,11.8332,2761.54
821,14,0,2,11.8192,2692.19
2008,14,0,2,11.8107,2649.4
812,14,0,2,11.7942,2558.08
807,14,0,2,11.7941,2557.29
356,14,0,2,11.7813,2486.87
1981,14,0,2,11.769,2403.36
345,14,0,2,11.7473,2293.29
341,14,0,2,11.7379,2243.04
2132,14,0,2,11.7376,2241
328,14,0,2,11.7238,2149.42
2115,14,0,2,11.7124,2090.43
329,14,0,2,11.7085,2069.73
2116,14,0,2,11.7033,2042.86
327,14,0,2,11.6889,1964.19
324,14,0,2,11.6845,1941.68
319,14,0,2,11.6551,1786.59
320,14,0,2,11.6425,1700.89
1306,14,0,3,12.0205,3728.67,0.0833333,363.475,0.03,4
1599,14,0,3,12.0046,3639.23
1300,14,0,3,12.0008,3613.51
1298,14,0,3,11.9946,3580.6
2176,14,0,3,11.988,3541.24
869,14,0,4,12.1832,4518.93,0.0443333,193.369,0.11,5
2066,14,0,4,12.1558,4382.99
1297,14,0,4,12.1253,4225.41
1299,14,0,4,12.1193,4191.86
1600,14,0,4,12.1178,4178.41
1306,14,0,4,12.1038,4092.15
850,14,0,5,12.2556,4887.83,0.1105,481.968,0.03,6
852,14,0,5,12.2481,4843.19
865,14,0,5,12.2413,4801.35
869,14,0,5,12.2275,4712.3
849,14,0,6,12.3718,5419.26,0.0775,338.032,0.22,7
850,14,0,6,12.3661,5369.8
819,14,0,7,12.4963,6048.67,0.0838333,365.656,0.48,8
2009,14,0,7,12.4896,6001.47
2010,14,0,7,12.4739,5900.62
837,14,0,7,12.4667,5854.67
1774,14,0,7,12.4524,5775.89
849,14,0,7,12.4493,5757.29
344,14,0,8,12.6418,6768.9,0.0863333,376.56,0.09,9
349,14,0,8,12.6277,6685.81
358,14,0,8,12.6152,6616.51
805,14,0,8,12.6037,6553.23
811,14,0,8,12.6019,6535.49
819,14,0,8,12.5802,6414.33
1970,14,0,9,12.8855,8056.55,0.0341667,149.025,0.09,10
124,14,0,9,12.8646,7943.87
105,14,0,9,12.8502,7864.19
1967,14,0,9,12.8128,7667.13
107,14,0,9,12.8076,7637.51
1978,14,0,9,12.7985,7582.62
1979,14,0,9,12.7668,7373.43
329,14,0,9,12.7646,7355.99
2114,14,0,9,12.7601,7332.78
335,14,0,9,12.7496,7271.65
1819,14,0,9,12.7447,7242.71
344,14,0,9,12.7281,7145.46
1968,14,0,10,12.9968,8593.44,0,0,0
118,14,0,10,12.9573,8395.02
117,14,0,10,12.9502,8359.04
122,14,0,10,12.9329,8272.12
1970,14,0,10,12.9197,8205.57
105,15,0,0,11.373,499.965,0.104333,455.071,0.4,1
124,15,0,0,11.3597,425.166
1970,15,0,0,11.3439,332.084
122,15,0,0,11.331,266.81
117,15,0,0,11.3156,187.792
118,15,0,0,11.3078,149.07
1968,15,0,0,11.28,0
320,15,0,1,11.532,1306.15,0.0905,394.734,0.38,2
1978,15,0,1,11.5134,1185.95
107,15,0,1,11.5049,1131.84
1967,15,0,1,11.5019,1103.14
105,15,0,1,11.4773,955.035
344,15,0,2,11.7247,2288.05,0.0798333,348.209,0.09,3
1819,15,0,2,11.7113,2194.53
335,15,0,2,11.7063,2165.58
2114,15,0,2,11.691,2084.78
329,15,0,2,11.6885,2069.73
2116,15,0,2,11.6833,2042.86
327,15,0,2,11.6688,1964.19
324,15,0,2,11.6645,1941.68
319,15,0,2,11.6351,1786.59
320,15,0,2,11.6225,1700.89
849,15,0,3,11.924,3312.69,0.0695,303.138,0.23,4
1774,15,0,3,11.9204,3292.69
837,15,0,3,11.9082,3222.25
2010,15,0,3,11.8996,3173.95
2009,15,0,3,11.8775,3053.53
819,15,0,3,11.8704,3006.03
811,15,0,3,11.8492,2887.42
805,15,0,3,11.8457,2867.98
358,15,0,3,11.8351,2808.47
349,15,0,3,11.8176,2717.86
344,15,0,3,11.8045,2636.26
850,15,0,4,12.001,3665.31,0.1105,481.968,0.03,5
849,15,0,4,11.9935,3615.83
869,15,0,5,12.1384,4321.73,0.0443333,193.369,0.11,6
865,15,0,5,12.1237,4231.52
852,15,0,5,12.1175,4190.26
850,15,0,5,12.1115,4147.28
2176,15,0,6,12.2038,4657.41,0.0963333,420.177,0.14,7
2066,15,0,6,12.1936,4590.25
869,15,0,6,12.1828,4515.1
1306,15,0,7,12.3339,5268.82,0.0833333,363.475,0.03,8
1599,15,0,7,12.3164,5172.37
1300,15,0,7,12.312,5145.95
1298,15,0,7,12.3067,5116.77
2176,15,0,7,12.3002,5077.59
819,15,0,8,12.5774,6575.46,0.0838333,365.656,0.48,9
2009,15,0,8,12.5707,6528.25
2010,15,0,8,12.555,6427.41
837,15,0,8,12.5478,6381.45
1774,15,0,8,12.5334,6302.67
849,15,0,8,12.5303,6284.07
850,15,0,8,12.5247,6234.61
852,15,0,8,12.5171,6189.98
865,15,0,8,12.5104,6148.13
869,15,0,8,12.4966,6059.08
2066,15,0,8,12.4692,5923.14
1297,15,0,8,12.4387,5765.55
1299,15,0,8,12.4327,5732.01
1600,15,0,8,12.4313,5718.56
1306,15,0,8,12.4173,5632.3
1970,15,0,9,12.8803,8206.77,0.0341667,149.025,0.09,10
124,15,0,9,12.8594,8094.09
105,15,0,9,12.8449,8014.41
1967,15,0,9,12.8075,7817.35
107,15,0,9,12.8023,7787.73
1978,15,0,9,12.7933,7732.84
1979,15,0,9,12.7615,7523.65
329,15,0,9,12.7594,7506.21
2114,15,0,9,12.7548,7483
335,15,0,9,12.7444,7421.87
1819,15,0,9,12.7394,7392.93
344,15,0,9,12.7229,7295.68
349,15,0,9,12.7088,7212.6
358,15,0,9,12.6963,7143.29
805,15,0,9,12.6848,7080.01
811,15,0,9,12.683,7062.27
819,15,0,9,12.6612,6941.11
1968,15,0,10,12.9915,8743.67,0,0,0
118,15,0,10,12.952,8545.24
117,15,0,10,12.9449,8509.26
122,15,0,10,12.9276,8422.35
1970,15,0,10,12.9144,8355.79
105,16,0,0,11.343,499.965,0.104333,455.071,0.4,1
124,16,0,0,11.3297,425.166
1970,16,0,0,11.3139,332.084
122,16,0,0,11.301,266.81
117,16,0,0,11.2856,187.792
118,16,0,0,11.2778,149.07
1968,16,0,0,11.25,0
320,16,0,1,11.502,1306.15,0.0905,394.734,0.38,2
1978,16,0,1,11.4834,1185.95
107,16,0,1,11.4749,1131.84
1967,16,0,1,11.4719,1103.14
105,16,0,1,11.4473,955.035
344,16,0,2,11.6947,2288.05,0.0798333,348.209,0.09,3
1819,16,0,2,11.6813,2194.53
335,16,0,2,11.6763,2165.58
2114,16,0,2,11.661,2084.78
329,16,0,2,11.6585,2069.73
2116,16,0,2,11.6533,2042.86
327,16,0,2,11.6389,1964.19
324,16,0,2,11.6345,1941.68
319,16,0,2,11.6051,1786.59
320,16,0,2,11.5925,1700.89
869,16,0,3,11.9308,3540.23,0.0495,215.904,0.11,4
865,16,0,3,11.9143,3447.12
852,16,0,3,11.9075,3405.15
850,16,0,3,11.9015,3362.17
849,16,0,3,11.894,3312.69
1774,16,0,3,11.8904,3292.69
837,16,0,3,11.8782,3222.25
2010,16,0,3,11.8696,3173.95
2009,16,0,3,11.8475,3053.53
819,16,0,3,11.8404,3006.03
811,16,0,3,11.8192,2887.42
805,16,0,3,11.8157,2867.98
358,16,0,3,11.8051,2808.47
349,16,0,3,11.7876,2717.86
344,16,0,3,11.7745,2636.26
2176,16,0,4,12.0011,3898.26,0.0963333,420.177,0.14,5
2066,16,0,4,11.9909,3831.15
869,16,0,4,11.9803,3756.13
1306,16,0,5,12.1312,4509.67,0.0833333,363.475,0.03,6
1599,16,0,5,12.1136,4413.22
1300,16,0,5,12.1093,4386.8
1298,16,0,5,12.1039,4357.62
2176,16,0,5,12.0974,4318.44
850,16,0,6,12.3219,5475.46,0.1105,481.968,0.03,7
852,16,0,6,12.3144,5430.82
865,16,0,6,12.3077,5388.98
869,16,0,6,12.2938,5299.93
2066,16,0,6,12.2665,5163.99
1297,16,0,6,12.236,5006.4
1299,16,0,6,12.23,4972.86
1600,16,0,6,12.2285,4959.41
1306,16,0,6,12.2145,4873.15
849,16,0,7,12.4381,6006.89,0.0775,338.032,0.22,8
850,16,0,7,12.4324,5957.43
819,16,0,8,12.5627,6636.3,0.0838333,365.656,0.48,9
2009,16,0,8,12.556,6589.1
2010,16,0,8,12.5402,6488.25
837,16,0,8,12.5331,6442.3
1774,16,0,8,12.5187,6363.52
849,16,0,8,12.5156,6344.92
1970,16,0,9,12.8655,8267.62,0.0341667,149.025,0.09,10
124,16,0,9,12.8446,8154.94
105,16,0,9,12.8302,8075.26
1967,16,0,9,12.7928,7878.2
107,16,0,9,12.7876,7848.58
1978,16,0,9,12.7785,7793.69
1979,16,0,9,12.7468,7584.5
329,16,0,9,12.7446,7567.06
2114,16,0,9,12.7401,7543.85
335,16,0,9,12.7296,7482.72
1819,16,0,9,12.7247,7453.78
344,16,0,9,12.7081,7356.53
349,16,0,9,12.694,7273.45
358,16,0,9,12.6815,7204.14
805,16,0,9,12.6701,7140.86
811,16,0,9,12.6683,7123.12
819,16,0,9,12.6465,7001.96
1968,16,0,10,12.9768,8804.51,0,0,0
118,16,0,10,12.9373,8606.09
117,16,0,10,12.9302,8570.11
122,16,0,10,12.9129,8483.2
1970,16,0,10,12.8997,8416.64
1970,17,0,0,11.2439,332.084,0.0768333,335.124,0.08,1
122,17,0,0,11.231,266.81
117,17,0,0,11.2156,187.792
118,17,0,0,11.2078,149.07
1968,17,0,0,11.18,0
105,17,0,1,11.3498,835.089,0.104333,455.071,0.4,2
124,17,0,1,11.3365,760.29
1970,17,0,1,11.3207,667.208
320,17,0,2,11.5089,1641.28,0.0905,394.734,0.38,3
1978,17,0,2,11.4902,1521.07
107,17,0,2,11.4818,1466.97
1967,17,0,2,11.4788,1438.26
105,17,0,2,11.4542,1290.16
344,17,0,3,11.7015,2623.18,0.0798333,348.209,0.09,4
1819,17,0,3,11.6881,2529.65
335,17,0,3,11.6832,2500.7
2114,17,0,3,11.6678,2419.91
329,17,0,3,11.6653,2404.85
2116,17,0,3,11.6602,2377.98
327,17,0,3,11.6457,2299.31
324,17,0,3,11.6413,2276.8
319,17,0,3,11.6119,2121.71
320,17,0,3,11.5993,2036.01
869,17,0,4,11.9376,3875.35,0.0495,215.904,0.11,5
865,17,0,4,11.9211,3782.25
852,17,0,4,11.9143,3740.28
850,17,0,4,11.9083,3697.29
849,17,0,4,11.9009,3647.82
1774,17,0,4,11.8973,3627.82
837,17,0,4,11.885,3557.37
2010,17,0,4,11.8764,3509.08
2009,17,0,4,11.8543,3388.65
819,17,0,4,11.8472,3341.16
811,17,0,4,11.826,3222.54
805,17,0,4,11.8225,3203.11
358,17,0,4,11.8119,3143.6
349,17,0,4,11.7944,3052.98
344,17,0,4,11.7813,2971.38
2176,17,0,5,12.0079,4233.38,0.0963333,420.177,0.14,6
2066,17,0,5,11.9977,4166.27
869,17,0,5,11.9871,4091.26
1306,17,0,6,12.138,4844.8,0.0833333,363.475,0.03,7
1599,17,0,6,12.1205,4748.35
1300,17,0,6,12.1161,4721.92
1298,17,0,6,12.1108,4692.74
2176,17,0,6,12.1042,4653.56
850,17,0,7,12.3287,5810.58,0.1105,481.968,0.03,8
852,17,0,7,12.3212,5765.95
865,17,0,7,12.3145,5724.11
869,17,0,7,12.3007,5635.06
2066,17,0,7,12.2733,5499.11
1297,17,0,7,12.2428,5341.53
1299,17,0,7,12.2368,5307.98
1600,17,0,7,12.2353,5294.53
1306,17,0,7,12.2213,5208.27
849,17,0,8,12.4449,6342.01,0.0775,338.032,0.22,9
850,17,0,8,12.4392,6292.55
819,17,0,9,12.5695,6971.43,0.0838333,365.656,0.48,10
2009,17,0,9,12.5628,6924.22
2010,17,0,9,12.5471,6823.38
837,17,0,9,12.5399,6777.42
1774,17,0,9,12.5255,6698.65
849,17,0,9,12.5224,6680.04
1968,17,0,10,12.9495,8990.88,0,0,0
118,17,0,10,12.9103,8793.6
117,17,0,10,12.9028,8756.21
122,17,0,10,12.8856,8669.29
1970,17,0,10,12.8724,8602.74
124,17,0,10,12.8515,8490.06
105,17,0,10,12.837,8410.39
1967,17,0,10,12.7996,8213.33
107,17,0,10,12.7944,8183.71
1978,17,0,10,12.7854,8128.81
1979,17,0,10,12.7536,7919.63
329,17,0,10,12.7515,7902.18
2114,17,0,10,12.7469,7878.98
335,17,0,10,12.7365,7817.84
1819,17,0,10,12.7315,7788.9
344,17,0,10,12.715,7691.65
349,17,0,10,12.7009,7608.57
358,17,0,10,12.6884,7539.27
805,17,0,10,12.6769,7475.98
811,17,0,10,12.6751,7458.25
819,17,0,10,12.6533,7337.08
105,18,0,0,10.9719,497.903,0.115333,503.049,0.34,1
124,18,0,0,10.9598,426.583
1970,18,0,0,10.9444,334.012
122,18,0,0,10.9318,270.034
117,18,0,0,10.9148,184.186
118,18,0,0,10.9064,143.105
1968,18,0,0,10.88,0
1970,18,0,1,11.1196,1180.66,0.0768333,335.124,0.08,2
124,18,0,1,11.1005,1075.65
105,18,0,1,11.0872,1000.95
320,18,0,2,11.2803,2034.79,0.0905,394.734,0.38,3
1978,18,0,2,11.2617,1914.58
107,18,0,2,11.2532,1860.47
1967,18,0,2,11.2502,1831.77
105,18,0,2,11.2256,1683.67
124,18,0,2,11.2123,1608.87
1970,18,0,2,11.1965,1515.79
344,18,0,3,11.473,3016.68,0.0798333,348.209,0.09,4
1819,18,0,3,11.4596,2923.16
335,18,0,3,11.4546,2894.21
2114,18,0,3,11.4393,2813.42
329,18,0,3,11.4368,2798.36
2116,18,0,3,11.4316,2771.49
327,18,0,3,11.4171,2692.82
324,18,0,3,11.4128,2670.31
319,18,0,3,11.3834,2515.22
320,18,0,3,11.3708,2429.52
849,18,0,4,11.6723,4041.33,0.0695,303.138,0.23,5
1774,18,0,4,11.6687,4021.33
837,18,0,4,11.6565,3950.88
2010,18,0,4,11.6479,3902.59
2009,18,0,4,11.6258,3782.16
819,18,0,4,11.6187,3734.66
811,18,0,4,11.5975,3616.05
805,18,0,4,11.594,3596.61
358,18,0,4,11.5834,3537.1
349,18,0,4,11.5659,3446.49
344,18,0,4,11.5528,3364.89
2176,18,0,5,11.7994,4714.13,0.0568333,247.89,0.16,6
2066,18,0,5,11.7892,4647.02
869,18,0,5,11.7786,4572
865,18,0,5,11.7621,4478.9
852,18,0,5,11.7553,4436.92
850,18,0,5,11.7493,4393.94
849,18,0,5,11.7418,4344.46
869,18,0,6,11.9143,5271.13,0.0495,215.904,0.11,7
2066,18,0,6,11.8933,5161.57
1297,18,0,6,11.8663,5018.81
1298,18,0,6,11.8628,5001.38
2176,18,0,6,11.8562,4962.02
1306,18,0,7,12.0172,5816.59,0.0833333,363.475,0.03,8
1599,18,0,7,12.0012,5727.15
1300,18,0,7,11.9974,5701.43
1298,18,0,7,11.9912,5668.52
2176,18,0,7,11.9846,5629.16
2066,18,0,7,11.9744,5562.05
869,18,0,7,11.9638,5487.03
850,18,0,8,12.2079,6782.38,0.1105,481.968,0.03,9
852,18,0,8,12.2004,6737.74
865,18,0,8,12.1937,6695.9
869,18,0,8,12.1798,6606.85
2066,18,0,8,12.1524,6470.91
1297,18,0,8,12.122,6313.32
1299,18,0,8,12.116,6279.78
1600,18,0,8,12.1145,6266.33
1306,18,0,8,12.1005,6180.07
819,18,0,9,12.3712,7605.19,0.0838333,365.656,0.48,10
2009,18,0,9,12.3645,7557.99
2010,18,0,9,12.3487,7457.14
837,18,0,9,12.3416,7411.19
1774,18,0,9,12.3272,7332.41
849,18,0,9,12.3241,7313.81
850,18,0,9,12.3184,7264.35
1968,18,0,10,12.7512,9624.65,0,0,0
118,18,0,10,12.7119,9427.37
117,18,0,10,12.7045,9389.98
122,18,0,10,12.6872,9303.06
1970,18,0,10,12.674,9236.5
124,18,0,10,12.6531,9123.83
105,18,0,10,12.6386,9044.15
1967,18,0,10,12.6013,8847.09
107,18,0,10,12.5961,8817.47
1978,18,0,10,12.587,8762.58
1979,18,0,10,12.5553,8553.39
329,18,0,10,12.5531,8535.95
2114,18,0,10,12.5486,8512.74
335,18,0,10,12.5381,8451.61
1819,18,0,10,12.5332,8422.67
344,18,0,10,12.5166,8325.42
349,18,0,10,12.5025,8242.33
358,18,0,10,12.49,8173.03
805,18,0,10,12.4786,8109.75
811,18,0,10,12.4768,8092.01
819,18,0,10,12.455,7970.85
320,19,0,0,11.4177,851.082,0.0905,394.734,0.38,1
1978,19,0,0,11.3991,730.88
107,19,0,0,11.3906,676.772
1967,19,0,0,11.3876,648.066
105,19,0,0,11.363,499.965
124,19,0,0,11.3497,425.166
1970,19,0,0,11.3339,332.084
122,19,0,0,11.321,266.81
117,19,0,0,11.3056,187.792
118,19,0,0,11.2978,149.07
1968,19,0,0,11.27,0
344,19,0,1,11.6103,1832.98,0.0798333,348.209,0.09,2
1819,19,0,1,11.597,1739.46
335,19,0,1,11.592,1710.51
2114,19,0,1,11.5767,1629.71
329,19,0,1,11.5741,1614.66
2116,19,0,1,11.569,1587.79
327,19,0,1,11.5545,1509.12
324,19,0,1,11.5502,1486.61
319,19,0,1,11.5208,1331.52
320,19,0,1,11.5082,1245.82
849,19,0,2,11.8097,2857.62,0.0695,303.138,0.23,3
1774,19,0,2,11.8061,2837.62
837,19,0,2,11.7938,2767.18
2010,19,0,2,11.7853,2718.88
2009,19,0,2,11.7631,2598.46
819,19,0,2,11.756,2550.96
811,19,0,2,11.7348,2432.35
805,19,0,2,11.7313,2412.91
358,19,0,2,11.7207,2353.4
349,19,0,2,11.7033,2262.79
344,19,0,2,11.6902,2181.19
2176,19,0,3,11.9367,3530.42,0.0568333,247.89,0.16,4
2066,19,0,3,11.9265,3463.31
869,19,0,3,11.916,3388.3
865,19,0,3,11.8995,3295.19
852,19,0,3,11.8926,3253.22
850,19,0,3,11.8867,3210.24
849,19,0,3,11.8792,3160.76
1306,19,0,4,12.0261,3965.75,0.0833333,363.475,0.03,5
1599,19,0,4,12.0102,3876.3
1300,19,0,4,12.0064,3850.58
1298,19,0,4,12.0002,3817.68
2176,19,0,4,11.9936,3778.31
869,19,0,5,12.1888,4756.01,0.0443333,193.369,0.11,6
2066,19,0,5,12.1614,4620.06
1297,19,0,5,12.1309,4462.48
1299,19,0,5,12.1249,4428.93
1600,19,0,5,12.1235,4415.48
1306,19,0,5,12.1095,4329.22
850,19,0,6,12.2612,5124.9,0.1105,481.968,0.03,7
852,19,0,6,12.2537,5080.27
865,19,0,6,12.247,5038.43
869,19,0,6,12.2331,4949.38
819,19,0,7,12.4244,5947.72,0.0838333,365.656,0.48,8
2009,19,0,7,12.4177,5900.51
2010,19,0,7,12.402,5799.67
837,19,0,7,12.3948,5753.71
1774,19,0,7,12.3805,5674.93
849,19,0,7,12.3774,5656.33
850,19,0,7,12.3717,5606.87
1970,19,0,8,12.7273,7579.03,0.0341667,149.025,0.09,9
124,19,0,8,12.7064,7466.35
105,19,0,8,12.6919,7386.67
1967,19,0,8,12.6546,7189.61
107,19,0,8,12.6494,7159.99
1978,19,0,8,12.6403,7105.1
1979,19,0,8,12.6086,6895.91
329,19,0,8,12.6064,6878.47
2114,19,0,8,12.6019,6855.26
335,19,0,8,12.5914,6794.13
1819,19,0,8,12.5865,6765.19
344,19,0,8,12.5699,6667.94
349,19,0,8,12.5558,6584.86
358,19,0,8,12.5433,6515.55
805,19,0,8,12.5319,6452.27
811,19,0,8,12.53,6434.53
819,19,0,8,12.5083,6313.37
1968,19,0,9,12.8386,8115.93,0,0,0
118,19,0,9,12.7991,7917.5
117,19,0,9,12.7919,7881.52
122,19,0,9,12.7747,7794.61
1970,19,0,9,12.7615,7728.05
105,19,1,0,9.97826,522.901,0.1085,473.244,0.3,1
124,19,1,0,9.96272,438.596
1970,19,1,0,9.94717,345.923
122,19,1,0,9.9344,281.164
117,19,1,0,9.91485,184.747
118,19,1,0,9.90805,150.127
1968,19,1,0,9.88,0
1968,19,1,1,10.1872,1525.79,0,0,0
118,19,1,1,10.1547,1356.71
117,19,1,1,10.1474,1320.07
122,19,1,1,10.1308,1235.7
1970,19,1,1,10.1188,1174.12
124,19,1,1,10.0995,1068.77
105,19,1,1,10.0868,996.145
320,20,0,0,11.5377,851.082,0.0905,394.734,0.38,1
1978,20,0,0,11.5191,730.88
107,20,0,0,11.5106,676.772
1967,20,0,0,11.5076,648.066
105,20,0,0,11.483,499.965
124,20,0,0,11.4697,425.166
1970,20,0,0,11.4539,332.084
122,20,0,0,11.441,266.81
117,20,0,0,11.4256,187.792
118,20,0,0,11.4178,149.07
1968,20,0,0,11.39,0
2176,20,0,1,11.9168,2838.28,0.0568333,247.89,0.16,2
2066,20,0,1,11.9064,2770.94
869,20,0,1,11.895,2695.31
1856,20,0,1,11.8672,2567.83
855,20,0,1,11.867,2567.12
854,20,0,1,11.8648,2553.53
841,20,0,1,11.8463,2454.48
829,20,0,1,11.8316,2372.13
831,20,0,1,11.8188,2306.55
2153,20,0,1,11.8188,2306.47
821,20,0,1,11.8049,2237.12
2008,20,0,1,11.7964,2194.33
812,20,0,1,11.7799,2103.01
807,20,0,1,11.7797,2102.22
356,20,0,1,11.7669,2031.8
1981,20,0,1,11.7547,1948.29
345,20,0,1,11.733,1838.22
341,20,0,1,11.7235,1787.97
2132,20,0,1,11.7233,1785.93
328,20,0,1,11.7094,1694.35
2115,20,0,1,11.698,1635.36
329,20,0,1,11.6941,1614.66
2116,20,0,1,11.689,1587.79
327,20,0,1,11.6745,1509.12
324,20,0,1,11.6702,1486.61
319,20,0,1,11.6408,1331.52
320,20,0,1,11.6282,1245.82
1306,20,0,2,12.0062,3273.6,0.0833333,363.475,0.03,3
1599,20,0,2,11.9903,3184.16
1300,20,0,2,11.9864,3158.44
1298,20,0,2,11.9803,3125.53
2176,20,0,2,11.9736,3086.17
869,20,0,3,12.1688,4063.86,0.0443333,193.369,0.11,4
2066,20,0,3,12.1415,3927.92
1297,20,0,3,12.111,3770.33
1299,20,0,3,12.105,3736.79
1600,20,0,3,12.1035,3723.34
1306,20,0,3,12.0895,3637.08
850,20,0,4,12.2412,4432.76,0.1105,481.968,0.03,5
852,20,0,4,12.2337,4388.12
865,20,0,4,12.227,4346.28
869,20,0,4,12.2132,4257.23
849,20,0,5,12.3574,4964.19,0.0775,338.032,0.22,6
850,20,0,5,12.3517,4914.73
819,20,0,6,12.482,5593.6,0.0838333,365.656,0.48,7
2009,20,0,6,12.4753,5546.4
2010,20,0,6,12.4596,5445.55
837,20,0,6,12.4524,5399.6
1774,20,0,6,12.438,5320.82
849,20,0,6,12.4349,5302.22
344,20,0,7,12.6275,6313.83,0.0863333,376.56,0.09,8
349,20,0,7,12.6134,6230.74
358,20,0,7,12.6009,6161.44
805,20,0,7,12.5894,6098.16
811,20,0,7,12.5876,6080.42
819,20,0,7,12.5658,5959.26
1970,20,0,8,12.8712,7601.48,0.0341667,149.025,0.09,9
124,20,0,8,12.8503,7488.8
105,20,0,8,12.8358,7409.12
1967,20,0,8,12.7985,7212.06
107,20,0,8,12.7932,7182.44
1978,20,0,8,12.7842,7127.55
1979,20,0,8,12.7524,6918.36
329,20,0,8,12.7503,6900.92
2114,20,0,8,12.7457,6877.71
335,20,0,8,12.7353,6816.58
1819,20,0,8,12.7303,6787.64
344,20,0,8,12.7138,6690.39
1968,20,0,9,12.9824,8138.37,0,0,0
118,20,0,9,12.9429,7939.95
117,20,0,9,12.9358,7903.97
122,20,0,9,12.9186,7817.05
1970,20,0,9,12.9054,7750.5
105,20,1,0,9.96826,522.901,0.1085,473.244,0.3,1
124,20,1,0,9.95272,438.596
1970,20,1,0,9.93717,345.923
122,20,1,0,9.9244,281.164
117,20,1,0,9.90485,184.747
118,20,1,0,9.89805,150.127
1968,20,1,0,9.87,0
1968,20,1,1,10.1772,1525.79,0,0,0
118,20,1,1,10.1447,1356.71
117,20,1,1,10.1374,1320.07
122,20,1,1,10.1208,1235.7
1970,20,1,1,10.1088,1174.12
124,20,1,1,10.0895,1068.77
105,20,1,1,10.0768,996.145
320,21,0,0,11.5577,851.082,0.0905,394.734,0.38,1
1978,21,0,0,11.5391,730.88
107,21,0,0,11.5306,676.772
1967,21,0,0,11.5276,648.066
105,21,0,0,11.503,499.965
124,21,0,0,11.4897,425.166
1970,21,0,0,11.4739,332.084
122,21,0,0,11.461,266.81
117,21,0,0,11.4456,187.792
118,21,0,0,11.4378,149.07
1968,21,0,0,11.41,0
2176,21,0,1,11.9368,2838.28,0.0568333,247.89,0.16,2
2066,21,0,1,11.9264,2770.94
869,21,0,1,11.915,2695.31
1856,21,0,1,11.8872,2567.83
855,21,0,1,11.887,2567.12
854,21,0,1,11.8848,2553.53
841,21,0,1,11.8663,2454.48
829,21,0,1,11.8516,2372.13
831,21,0,1,11.8388,2306.55
2153,21,0,1,11.8388,2306.47
821,21,0,1,11.8249,2237.12
2008,21,0,1,11.8164,2194.33
812,21,0,1,11.7999,2103.01
807,21,0,1,11.7997,2102.22
356,21,0,1,11.7869,2031.8
1981,21,0,1,11.7747,1948.29
345,21,0,1,11.753,1838.22
341,21,0,1,11.7435,1787.97
2132,21,0,1,11.7433,1785.93
328,21,0,1,11.7294,1694.35
2115,21,0,1,11.718,1635.36
329,21,0,1,11.7141,1614.66
2116,21,0,1,11.709,1587.79
327,21,0,1,11.6945,1509.12
324,21,0,1,11.6902,1486.61
319,21,0,1,11.6608,1331.52
320,21,0,1,11.6482,1245.82
1306,21,0,2,12.0262,3273.6,0.0833333,363.475,0.03,3
1599,21,0,2,12.0103,3184.16
1300,21,0,2,12.0064,3158.44
1298,21,0,2,12.0003,3125.53
2176,21,0,2,11.9936,3086.17
869,21,0,3,12.1888,4063.86,0.0443333,193.369,0.11,4
2066,21,0,3,12.1615,3927.92
1297,21,0,3,12.131,3770.33
1299,21,0,3,12.125,3736.79
1600,21,0,3,12.1235,3723.34
1306,21,0,3,12.1095,3637.08
850,21,0,4,12.2612,4432.76,0.1105,481.968,0.03,5
852,21,0,4,12.2537,4388.12
865,21,0,4,12.247,4346.28
869,21,0,4,12.2332,4257.23
849,21,0,5,12.3774,4964.19,0.0775,338.032,0.22,6
850,21,0,5,12.3717,4914.73
819,21,0,6,12.502,5593.6,0.0838333,365.656,0.48,7
2009,21,0,6,12.4953,5546.4
2010,21,0,6,12.4796,5445.55
837,21,0,6,12.4724,5399.6
1774,21,0,6,12.458,5320.82
849,21,0,6,12.4549,5302.22
344,21,0,7,12.6475,6313.83,0.0863333,376.56,0.09,8
349,21,0,7,12.6334,6230.74
358,21,0,7,12.6209,6161.44
805,21,0,7,12.6094,6098.16
811,21,0,7,12.6076,6080.42
819,21,0,7,12.5858,5959.26
1968,21,0,8,12.9683,7989.35,0,0,0
118,21,0,8,12.9288,7790.92
117,21,0,8,12.9217,7754.95
122,21,0,8,12.9044,7668.03
1970,21,0,8,12.8912,7601.48
124,21,0,8,12.8703,7488.8
105,21,0,8,12.8558,7409.12
1967,21,0,8,12.8185,7212.06
107,21,0,8,12.8132,7182.44
1978,21,0,8,12.8042,7127.55
1979,21,0,8,12.7724,6918.36
329,21,0,8,12.7703,6900.92
2114,21,0,8,12.7657,6877.71
335,21,0,8,12.7553,6816.58
1819,21,0,8,12.7503,6787.64
344,21,0,8,12.7338,6690.39
105,21,1,0,9.92826,522.901,0.1085,473.244,0.3,1
124,21,1,0,9.91272,438.596
1970,21,1,0,9.89717,345.923
122,21,1,0,9.8844,281.164
117,21,1,0,9.86485,184.747
118,21,1,0,9.85805,150.127
1968,21,1,0,9.83,0
1970,21,1,1,10.0688,1174.12,0.0656667,286.418,0.08,2
124,21,1,1,10.0495,1068.77
105,21,1,1,10.0368,996.145
1968,21,1,2,10.2029,1812.21,0,0,0
118,21,1,2,10.1704,1643.13
117,21,1,2,10.1631,1606.49
122,21,1,2,10.1464,1522.12
1970,21,1,2,10.1344,1460.54
320,22,0,0,11.5177,851.082,0.0905,394.734,0.38,1
1978,22,0,0,11.4991,730.88
107,22,0,0,11.4906,676.772
1967,22,0,0,11.4876,648.066
105,22,0,0,11.463,499.965
124,22,0,0,11.4497,425.166
1970,22,0,0,11.4339,332.084
122,22,0,0,11.421,266.81
117,22,0,0,11.4056,187.792
118,22,0,0,11.3978,149.07
1968,22,0,0,11.37,0
344,22,0,1,11.7103,1832.98,0.0798333,348.209,0.09,2
1819,22,0,1,11.697,1739.46
335,22,0,1,11.692,1710.51
2114,22,0,1,11.6767,1629.71
329,22,0,1,11.6741,1614.66
2116,22,0,1,11.669,1587.79
327,22,0,1,11.6545,1509.12
324,22,0,1,11.6502,1486.61
319,22,0,1,11.6208,1331.52
320,22,0,1,11.6082,1245.82
869,22,0,2,11.9465,3085.16,0.0495,215.904,0.11,3
865,22,0,2,11.9299,2992.05
852,22,0,2,11.9231,2950.08
850,22,0,2,11.9172,2907.1
849,22,0,2,11.9097,2857.62
1774,22,0,2,11.9061,2837.62
837,22,0,2,11.8938,2767.18
2010,22,0,2,11.8853,2718.88
2009,22,0,2,11.8631,2598.46
819,22,0,2,11.856,2550.96
811,22,0,2,11.8348,2432.35
805,22,0,2,11.8313,2412.91
358,22,0,2,11.8207,2353.4
349,22,0,2,11.8033,2262.79
344,22,0,2,11.7902,2181.19
2176,22,0,3,12.0167,3443.19,0.0963333,420.177,0.14,4
2066,22,0,3,12.0065,3376.08
869,22,0,3,11.996,3301.06
1306,22,0,4,12.1468,4054.6,0.0833333,363.475,0.03,5
1599,22,0,4,12.1293,3958.15
1300,22,0,4,12.1249,3931.73
1298,22,0,4,12.1196,3902.55
2176,22,0,4,12.1131,3863.37
850,22,0,5,12.3376,5020.39,0.1105,481.968,0.03,6
852,22,0,5,12.3301,4975.75
865,22,0,5,12.3233,4933.91
869,22,0,5,12.3095,4844.86
2066,22,0,5,12.2821,4708.92
1297,22,0,5,12.2517,4551.33
1299,22,0,5,12.2456,4517.79
1600,22,0,5,12.2442,4504.34
1306,22,0,5,12.2302,4418.08
849,22,0,6,12.4538,5551.82,0.0775,338.032,0.22,7
850,22,0,6,12.4481,5502.36
819,22,0,7,12.5783,6181.23,0.0838333,365.656,0.48,8
2009,22,0,7,12.5716,6134.03
2010,22,0,7,12.5559,6033.18
837,22,0,7,12.5487,5987.23
1774,22,0,7,12.5344,5908.45
849,22,0,7,12.5313,5889.85
1970,22,0,8,12.8812,7812.54,0.0341667,149.025,0.09,9
124,22,0,8,12.8603,7699.87
105,22,0,8,12.8458,7620.19
1967,22,0,8,12.8085,7423.13
107,22,0,8,12.8032,7393.51
1978,22,0,8,12.7942,7338.62
1979,22,0,8,12.7624,7129.43
329,22,0,8,12.7603,7111.99
2114,22,0,8,12.7557,7088.78
335,22,0,8,12.7453,7027.65
1819,22,0,8,12.7403,6998.71
344,22,0,8,12.7238,6901.46
349,22,0,8,12.7097,6818.37
358,22,0,8,12.6972,6749.07
805,22,0,8,12.6857,6685.79
811,22,0,8,12.6839,6668.05
819,22,0,8,12.6622,6546.89
1968,22,0,9,12.9924,8349.44,0,0,0
118,22,0,9,12.9529,8151.02
117,22,0,9,12.9458,8115.04
122,22,0,9,12.9286,8028.12
1970,22,0,9,12.9154,7961.57
105,22,1,0,9.90826,522.901,0.1085,473.244,0.3,1
124,22,1,0,9.89272,438.596
1970,22,1,0,9.87717,345.923
122,22,1,0,9.8644,281.164
117,22,1,0,9.84485,184.747
118,22,1,0,9.83805,150.127
1968,22,1,0,9.81,0
1968,22,1,1,10.1172,1525.79,0,0,0
118,22,1,1,10.0847,1356.71
117,22,1,1,10.0774,1320.07
122,22,1,1,10.0608,1235.7
1970,22,1,1,10.0488,1174.12
124,22,1,1,10.0295,1068.77
105,22,1,1,10.0168,996.145
320,23,0,0,11.5577,851.082,0.0905,394.734,0.38,1
1978,23,0,0,11.5391,730.88
107,23,0,0,11.5306,676.772
1967,23,0,0,11.5276,648.066
105,23,0,0,11.503,499.965
124,23,0,0,11.4897,425.166
1970,23,0,0,11.4739,332.084
122,23,0,0,11.461,266.81
117,23,0,0,11.4456,187.792
118,23,0,0,11.4378,149.07
1968,23,0,0,11.41,0
344,23,0,1,11.7503,1832.98,0.0798333,348.209,0.09,2
1819,23,0,1,11.737,1739.46
335,23,0,1,11.732,1710.51
2114,23,0,1,11.7167,1629.71
329,23,0,1,11.7141,1614.66
2116,23,0,1,11.709,1587.79
327,23,0,1,11.6945,1509.12
324,23,0,1,11.6902,1486.61
319,23,0,1,11.6608,1331.52
320,23,0,1,11.6482,1245.82
2176,23,0,2,12.0072,3227.28,0.0963333,420.177,0.14,3
2066,23,0,2,11.997,3160.17
869,23,0,2,11.9865,3085.16
865,23,0,2,11.9699,2992.05
852,23,0,2,11.9631,2950.08
850,23,0,2,11.9572,2907.1
849,23,0,2,11.9497,2857.62
1774,23,0,2,11.9461,2837.62
837,23,0,2,11.9338,2767.18
2010,23,0,2,11.9253,2718.88
2009,23,0,2,11.9031,2598.46
819,23,0,2,11.896,2550.96
811,23,0,2,11.8748,2432.35
805,23,0,2,11.8713,2412.91
358,23,0,2,11.8607,2353.4
349,23,0,2,11.8433,2262.79
344,23,0,2,11.8302,2181.19
1306,23,0,3,12.1373,3838.7,0.0833333,363.475,0.03,4
1599,23,0,3,12.1198,3742.25
1300,23,0,3,12.1154,3715.82
1298,23,0,3,12.1101,3686.64
2176,23,0,3,12.1036,3647.46
869,23,0,4,12.3,4628.96,0.0443333,193.369,0.11,5
2066,23,0,4,12.2726,4493.01
1297,23,0,4,12.2422,4335.43
1299,23,0,4,12.2361,4301.88
1600,23,0,4,12.2347,4288.43
1306,23,0,4,12.2207,4202.17
850,23,0,5,12.3724,4997.85,0.1105,481.968,0.03,6
852,23,0,5,12.3649,4953.22
865,23,0,5,12.3582,4911.38
869,23,0,5,12.3443,4822.33
849,23,0,6,12.4886,5529.28,0.0775,338.032,0.22,7
850,23,0,6,12.4829,5479.82
819,23,0,7,12.6132,6158.7,0.0838333,365.656,0.48,8
2009,23,0,7,12.6065,6111.49
2010,23,0,7,12.5907,6010.65
837,23,0,7,12.5836,5964.69
1774,23,0,7,12.5692,5885.92
849,23,0,7,12.5661,5867.31
1968,23,0,8,12.9932,8178.15,0,0,0
118,23,0,8,12.9539,7980.87
117,23,0,8,12.9465,7943.48
122,23,0,8,12.9292,7856.56
1970,23,0,8,12.916,7790.01
124,23,0,8,12.8951,7677.33
105,23,0,8,12.8807,7597.66
1967,23,0,8,12.8433,7400.6
107,23,0,8,12.8381,7370.98
1978,23,0,8,12.829,7316.08
1979,23,0,8,12.7973,7106.9
329,23,0,8,12.7951,7089.45
2114,23,0,8,12.7906,7066.25
335,23,0,8,12.7801,7005.11
1819,23,0,8,12.7752,6976.17
344,23,0,8,12.7586,6878.92
349,23,0,8,12.7445,6795.84
358,23,0,8,12.732,6726.54
805,23,0,8,12.7206,6663.25
811,23,0,8,12.7188,6645.52
819,23,0,8,12.697,6524.35
105,23,1,0,9.91826,522.901,0.1085,473.244,0.3,1
124,23,1,0,9.90272,438.596
1970,23,1,0,9.88717,345.923
122,23,1,0,9.8744,281.164
117,23,1,0,9.85485,184.747
118,23,1,0,9.84805,150.127
1968,23,1,0,9.82,0
1970,23,1,1,10.0588,1174.12,0.0656667,286.418,0.08,2
124,23,1,1,10.0395,1068.77
105,23,1,1,10.0268,996.145
1968,23,1,2,10.1929,1812.21,0,0,0
118,23,1,2,10.1604,1643.13
117,23,1,2,10.1531,1606.49
122,23,1,2,10.1364,1522.12
1970,23,1,2,10.1244,1460.54
2176,24,0,0,11.917,2151.6,0.0568333,247.89,0.16,1
2066,24,0,0,11.9066,2084.26
869,24,0,0,11.8952,2008.63
1856,24,0,0,11.8669,1878.96
855,24,0,0,11.8667,1878.25
843,24,0,0,11.8529,1798.75
832,24,0,0,11.8421,1737.49
831,24,0,0,11.8342,1696.96
2153,24,0,0,11.8342,1696.88
821,24,0,0,11.8213,1632.02
2008,24,0,0,11.8128,1589.23
812,24,0,0,11.7956,1494.65
807,24,0,0,11.7955,1493.87
356,24,0,0,11.7802,1412.75
1981,24,0,0,11.7679,1329.24
345,24,0,0,11.7462,1219.17
341,24,0,0,11.7368,1168.93
2132,24,0,0,11.7365,1166.89
328,24,0,0,11.7227,1075.3
2115,24,0,0,11.7113,1016.31
329,24,0,0,11.7074,995.611
1979,24,0,0,11.7015,965.863
1978,24,0,0,11.6591,730.88
107,24,0,0,11.6506,676.772
1967,24,0,0,11.6476,648.066
105,24,0,0,11.623,499.965
124,24,0,0,11.6097,425.166
1970,24,0,0,11.5939,332.084
122,24,0,0,11.581,266.81
117,24,0,0,11.5656,187.792
118,24,0,0,11.5578,149.07
1968,24,0,0,11.53,0
1306,24,0,1,12.0064,2586.93,0.0833333,363.475,0.03,2
1599,24,0,1,11.9905,2497.48
1300,24,0,1,11.9867,2471.76
1298,24,0,1,11.9805,2438.85
2176,24,0,1,11.9739,2399.49
869,24,0,2,12.1691,3377.19,0.0443333,193.369,0.11,3
2066,24,0,2,12.1417,3241.24
1297,24,0,2,12.1112,3083.66
1299,24,0,2,12.1052,3050.11
1600,24,0,2,12.1038,3036.66
1306,24,0,2,12.0898,2950.4
850,24,0,3,12.2415,3746.08,0.1105,481.968,0.03,4
852,24,0,3,12.234,3701.45
865,24,0,3,12.2273,3659.6
869,24,0,3,12.2134,3570.56
849,24,0,4,12.3577,4277.51,0.0775,338.032,0.22,5
850,24,0,4,12.352,4228.05
819,24,0,5,12.4822,4906.93,0.0838333,365.656,0.48,6
2009,24,0,5,12.4755,4859.72
2010,24,0,5,12.4598,4758.88
837,24,0,5,12.4526,4712.92
1774,24,0,5,12.4383,4634.14
849,24,0,5,12.4352,4615.54
344,24,0,6,12.6277,5627.15,0.0863333,376.56,0.09,7
349,24,0,6,12.6136,5544.07
358,24,0,6,12.6011,5474.76
805,24,0,6,12.5896,5411.48
811,24,0,6,12.5878,5393.74
819,24,0,6,12.5661,5272.58
1970,24,0,7,12.8714,6914.8,0.0341667,149.025,0.09,8
124,24,0,7,12.8505,6802.12
105,24,0,7,12.8361,6722.45
1967,24,0,7,12.7987,6525.38
107,24,0,7,12.7935,6495.76
1978,24,0,7,12.7844,6440.87
1979,24,0,7,12.7527,6231.68
329,24,0,7,12.7505,6214.24
2114,24,0,7,12.746,6191.03
335,24,0,7,12.7355,6129.9
1819,24,0,7,12.7306,6100.96
344,24,0,7,12.714,6003.71
1968,24,0,8,12.9827,7451.7,0,0,0
118,24,0,8,12.9432,7253.27
117,24,0,8,12.9361,7217.3
122,24,0,8,12.9188,7130.38
1970,24,0,8,12.9056,7063.82
320,24,1,0,9.82409,875.602,0.084,366.383,0.32,1
1978,24,1,0,9.80514,755.022
107,24,1,0,9.79642,700.585
1967,24,1,0,9.79341,671.88
105,24,1,0,9.76826,522.901
124,24,1,0,9.75272,438.596
1970,24,1,0,9.73717,345.923
122,24,1,0,9.7244,281.164
117,24,1,0,9.70485,184.747
118,24,1,0,9.69805,150.127
1968,24,1,0,9.67,0
105,24,1,1,9.97898,1639.24,0.1085,473.244,0.3,2
1967,24,1,1,9.94377,1451.36
107,24,1,1,9.93828,1420.63
1978,24,1,1,9.92855,1364.65
320,24,1,1,9.90809,1241.98
1968,24,1,2,10.1879,2642.13,0,0,0
118,24,1,2,10.1554,2473.05
117,24,1,2,10.1481,2436.41
122,24,1,2,10.1315,2352.05
1970,24,1,2,10.1195,2290.47
124,24,1,2,10.1003,2185.11
105,24,1,2,10.0875,2112.49
2176,25,0,0,11.927,2151.6,0.0568333,247.89,0.16,1
2066,25,0,0,11.9166,2084.26
869,25,0,0,11.9052,2008.63
1856,25,0,0,11.8769,1878.96
855,25,0,0,11.8767,1878.25
843,25,0,0,11.8629,1798.75
832,25,0,0,11.8521,1737.49
831,25,0,0,11.8442,1696.96
2153,25,0,0,11.8442,1696.88
821,25,0,0,11.8313,1632.02
2008,25,0,0,11.8228,1589.23
812,25,0,0,11.8056,1494.65
807,25,0,0,11.8055,1493.87
356,25,0,0,11.7902,1412.75
1981,25,0,0,11.7779,1329.24
345,25,0,0,11.7562,1219.17
341,25,0,0,11.7468,1168.93
2132,25,0,0,11.7465,1166.89
328,25,0,0,11.7327,1075.3
2115,25,0,0,11.7213,1016.31
329,25,0,0,11.7174,995.611
1979,25,0,0,11.7115,965.863
1978,25,0,0,11.6691,730.88
107,25,0,0,11.6606,676.772
1967,25,0,0,11.6576,648.066
105,25,0,0,11.633,499.965
124,25,0,0,11.6197,425.166
1970,25,0,0,11.6039,332.084
122,25,0,0,11.591,266.81
117,25,0,0,11.5756,187.792
118,25,0,0,11.5678,149.07
1968,25,0,0,11.54,0
1306,25,0,1,12.0164,2586.93,0.0833333,363.475,0.03,2
1599,25,0,1,12.0005,2497.48
1300,25,0,1,11.9967,2471.76
1298,25,0,1,11.9905,2438.85
2176,25,0,1,11.9839,2399.49
869,25,0,2,12.1791,3377.19,0.0443333,193.369,0.11,3
2066,25,0,2,12.1517,3241.24
1297,25,0,2,12.1212,3083.66
1299,25,0,2,12.1152,3050.11
1600,25,0,2,12.1138,3036.66
1306,25,0,2,12.0998,2950.4
850,25,0,3,12.2515,3746.08,0.1105,481.968,0.03,4
852,25,0,3,12.244,3701.45
865,25,0,3,12.2373,3659.6
869,25,0,3,12.2234,3570.56
849,25,0,4,12.3677,4277.51,0.0775,338.032,0.22,5
850,25,0,4,12.362,4228.05
819,25,0,5,12.4922,4906.93,0.0838333,365.656,0.48,6
2009,25,0,5,12.4855,4859.72
2010,25,0,5,12.4698,4758.88
837,25,0,5,12.4626,4712.92
1774,25,0,5,12.4483,4634.14
849,25,0,5,12.4452,4615.54
344,25,0,6,12.6377,5627.15,0.0863333,376.56,0.09,7
349,25,0,6,12.6236,5544.07
358,25,0,6,12.6111,5474.76
805,25,0,6,12.5996,5411.48
811,25,0,6,12.5978,5393.74
819,25,0,6,12.5761,5272.58
1968,25,0,7,12.9585,7302.67,0,0,0
118,25,0,7,12.919,7104.25
117,25,0,7,12.9119,7068.27
122,25,0,7,12.8946,6981.35
1970,25,0,7,12.8814,6914.8
124,25,0,7,12.8605,6802.12
105,25,0,7,12.8461,6722.45
1967,25,0,7,12.8087,6525.38
107,25,0,7,12.8035,6495.76
1978,25,0,7,12.7944,6440.87
1979,25,0,7,12.7627,6231.68
329,25,0,7,12.7605,6214.24
2114,25,0,7,12.756,6191.03
335,25,0,7,12.7455,6129.9
1819,25,0,7,12.7406,6100.96
344,25,0,7,12.724,6003.71
320,25,1,0,9.83409,875.602,0.084,366.383,0.32,1
1978,25,1,0,9.81514,755.022
107,25,1,0,9.80642,700.585
1967,25,1,0,9.80341,671.88
105,25,1,0,9.77826,522.901
124,25,1,0,9.76272,438.596
1970,25,1,0,9.74717,345.923
122,25,1,0,9.7344,281.164
117,25,1,0,9.71485,184.747
118,25,1,0,9.70805,150.127
1968,25,1,0,9.68,0
105,25,1,1,9.98898,1639.24,0.1085,473.244,0.3,2
1967,25,1,1,9.95377,1451.36
107,25,1,1,9.94828,1420.63
1978,25,1,1,9.93855,1364.65
320,25,1,1,9.91809,1241.98
1970,25,1,2,10.1295,2290.47,0.0656667,286.418,0.08,3
124,25,1,2,10.1103,2185.11
105,25,1,2,10.0975,2112.49
1968,25,1,3,10.2636,2928.55,0,0,0
118,25,1,3,10.2311,2759.47
117,25,1,3,10.2238,2722.83
122,25,1,3,10.2072,2638.47
1970,25,1,3,10.1951,2576.89
344,26,0,0,11.6736,1213.94,0.0798333,348.209,0.09,1
1819,26,0,0,11.6602,1120.41
335,26,0,0,11.6552,1091.46
2114,26,0,0,11.6399,1010.67
329,26,0,0,11.6374,995.611
1979,26,0,0,11.6315,965.863
1978,26,0,0,11.5891,730.88
107,26,0,0,11.5806,676.772
1967,26,0,0,11.5776,648.066
105,26,0,0,11.553,499.965
124,26,0,0,11.5397,425.166
1970,26,0,0,11.5239,332.084
122,26,0,0,11.511,266.81
117,26,0,0,11.4956,187.792
118,26,0,0,11.4878,149.07
1968,26,0,0,11.46,0
2176,26,0,1,11.9305,2608.24,0.0568333,247.89,0.16,2
2066,26,0,1,11.9203,2541.13
869,26,0,1,11.9097,2466.11
865,26,0,1,11.8932,2373.01
852,26,0,1,11.8864,2331.04
850,26,0,1,11.8804,2288.05
849,26,0,1,11.8729,2238.58
1774,26,0,1,11.8693,2218.58
837,26,0,1,11.8571,2148.13
2010,26,0,1,11.8485,2099.84
2009,26,0,1,11.8264,1979.41
819,26,0,1,11.8193,1931.92
811,26,0,1,11.7981,1813.3
805,26,0,1,11.7946,1793.87
358,26,0,1,11.784,1734.36
349,26,0,1,11.7665,1643.75
344,26,0,1,11.7534,1562.15
1306,26,0,2,12.0199,3043.56,0.0833333,363.475,0.03,3
1599,26,0,2,12.0039,2954.12
1300,26,0,2,12.0001,2928.4
1298,26,0,2,11.9939,2895.49
2176,26,0,2,11.9873,2856.13
869,26,0,3,12.1825,3833.82,0.0443333,193.369,0.11,4
2066,26,0,3,12.1552,3697.88
1297,26,0,3,12.1247,3540.3
1299,26,0,3,12.1187,3506.75
1600,26,0,3,12.1172,3493.3
1306,26,0,3,12.1032,3407.04
850,26,0,4,12.2549,4202.72,0.1105,481.968,0.03,5
852,26,0,4,12.2474,4158.08
865,26,0,4,12.2407,4116.24
869,26,0,4,12.2269,4027.19
849,26,0,5,12.3711,4734.15,0.0775,338.032,0.22,6
850,26,0,5,12.3654,4684.69
819,26,0,6,12.4957,5363.56,0.0838333,365.656,0.48,7
2009,26,0,6,12.489,5316.36
2010,26,0,6,12.4733,5215.52
837,26,0,6,12.4661,5169.56
1774,26,0,6,12.4517,5090.78
849,26,0,6,12.4486,5072.18
1968,26,0,7,12.8757,7383.02,0,0,0
118,26,0,7,12.8365,7185.74
117,26,0,7,12.829,7148.35
122,26,0,7,12.8118,7061.43
1970,26,0,7,12.7986,6994.88
124,26,0,7,12.7776,6882.2
105,26,0,7,12.7632,6802.52
1967,26,0,7,12.7258,6605.46
107,26,0,7,12.7206,6575.84
1978,26,0,7,12.7116,6520.95
1979,26,0,7,12.6798,6311.76
329,26,0,7,12.6777,6294.32
2114,26,0,7,12.6731,6271.11
335,26,0,7,12.6627,6209.98
1819,26,0,7,12.6577,6181.04
344,26,0,7,12.6412,6083.79
349,26,0,7,12.6271,6000.71
358,26,0,7,12.6146,5931.4
805,26,0,7,12.6031,5868.12
811,26,0,7,12.6013,5850.38
819,26,0,7,12.5795,5729.22
320,26,1,0,9.76409,875.602,0.084,366.383,0.32,1
1978,26,1,0,9.74514,755.022
107,26,1,0,9.73642,700.585
1967,26,1,0,9.73341,671.88
105,26,1,0,9.70826,522.901
124,26,1,0,9.69272,438.596
1970,26,1,0,9.67717,345.923
122,26,1,0,9.6644,281.164
117,26,1,0,9.64485,184.747
118,26,1,0,9.63805,150.127
1968,26,1,0,9.61,0
105,26,1,1,9.91898,1639.24,0.1085,473.244,0.3,2
1967,26,1,1,9.88377,1451.36
107,26,1,1,9.87828,1420.63
1978,26,1,1,9.86855,1364.65
320,26,1,1,9.84809,1241.98
1970,26,1,2,10.0595,2290.47,0.0656667,286.418,0.08,3
124,26,1,2,10.0403,2185.11
105,26,1,2,10.0275,2112.49
1968,26,1,3,10.1936,2928.55,0,0,0
118,26,1,3,10.1611,2759.47
117,26,1,3,10.1538,2722.83
122,26,1,3,10.1372,2638.47
1970,26,1,3,10.1251,2576.89
344,27,0,0,11.7536,1213.94,0.0798333,348.209,0.09,1
1819,27,0,0,11.7402,1120.41
335,27,0,0,11.7352,1091.46
2114,27,0,0,11.7199,1010.67
329,27,0,0,11.7174,995.611
1979,27,0,0,11.7115,965.863
1978,27,0,0,11.6691,730.88
107,27,0,0,11.6606,676.772
1967,27,0,0,11.6576,648.066
105,27,0,0,11.633,499.965
124,27,0,0,11.6197,425.166
1970,27,0,0,11.6039,332.084
122,27,0,0,11.591,266.81
117,27,0,0,11.5756,187.792
118,27,0,0,11.5678,149.07
1968,27,0,0,11.54,0
849,27,0,1,11.9529,2238.58,0.0695,303.138,0.23,2
1774,27,0,1,11.9493,2218.58
837,27,0,1,11.9371,2148.13
2010,27,0,1,11.9285,2099.84
2009,27,0,1,11.9064,1979.41
819,27,0,1,11.8993,1931.92
811,27,0,1,11.8781,1813.3
805,27,0,1,11.8746,1793.87
358,27,0,1,11.864,1734.36
349,27,0,1,11.8465,1643.75
344,27,0,1,11.8334,1562.15
850,27,0,2,12.0298,2591.04,0.1105,481.968,0.03,3
849,27,0,2,12.0224,2541.72
869,27,0,3,12.1672,3247.46,0.0443333,193.369,0.11,4
865,27,0,3,12.1524,3157.24
852,27,0,3,12.1462,3115.99
850,27,0,3,12.1403,3073
2176,27,0,4,12.2326,3583.14,0.0963333,420.177,0.14,5
2066,27,0,4,12.2223,3515.98
869,27,0,4,12.2115,3440.83
1306,27,0,5,12.3627,4194.55,0.0833333,363.475,0.03,6
1599,27,0,5,12.3451,4098.1
1300,27,0,5,12.3407,4071.68
1298,27,0,5,12.3354,4042.5
2176,27,0,5,12.3289,4003.31
819,27,0,6,12.6061,5501.18,0.0838333,365.656,0.48,7
2009,27,0,6,12.5994,5453.98
2010,27,0,6,12.5837,5353.13
837,27,0,6,12.5765,5307.18
1774,27,0,6,12.5622,5228.4
849,27,0,6,12.5591,5209.8
850,27,0,6,12.5534,5160.34
852,27,0,6,12.5459,5115.7
865,27,0,6,12.5392,5073.86
869,27,0,6,12.5253,4984.81
2066,27,0,6,12.4979,4848.86
1297,27,0,6,12.4675,4691.28
1299,27,0,6,12.4614,4657.74
1600,27,0,6,12.46,4644.29
1306,27,0,6,12.446,4558.02
1968,27,0,7,12.9862,7520.64,0,0,0
118,27,0,7,12.9469,7323.36
117,27,0,7,12.9395,7285.97
122,27,0,7,12.9222,7199.05
1970,27,0,7,12.909,7132.5
124,27,0,7,12.8881,7019.82
105,27,0,7,12.8736,6940.14
1967,27,0,7,12.8363,6743.08
107,27,0,7,12.8311,6713.46
1978,27,0,7,12.822,6658.57
1979,27,0,7,12.7903,6449.38
329,27,0,7,12.7881,6431.94
2114,27,0,7,12.7836,6408.73
335,27,0,7,12.7731,6347.6
1819,27,0,7,12.7681,6318.66
344,27,0,7,12.7516,6221.41
349,27,0,7,12.7375,6138.32
358,27,0,7,12.725,6069.02
805,27,0,7,12.7135,6005.74
811,27,0,7,12.7117,5988
819,27,0,7,12.69,5866.84
320,27,1,0,9.75409,875.602,0.084,366.383,0.32,1
1978,27,1,0,9.73514,755.022
107,27,1,0,9.72642,700.585
1967,27,1,0,9.72341,671.88
105,27,1,0,9.69826,522.901
124,27,1,0,9.68272,438.596
1970,27,1,0,9.66717,345.923
122,27,1,0,9.6544,281.164
117,27,1,0,9.63485,184.747
118,27,1,0,9.62805,150.127
1968,27,1,0,9.6,0
105,27,1,1,9.90898,1639.24,0.1085,473.244,0.3,2
1967,27,1,1,9.87377,1451.36
107,27,1,1,9.86828,1420.63
1978,27,1,1,9.85855,1364.65
320,27,1,1,9.83809,1241.98
1970,27,1,2,10.0495,2290.47,0.0656667,286.418,0.08,3
124,27,1,2,10.0303,2185.11
105,27,1,2,10.0175,2112.49
1968,27,1,3,10.1836,2928.55,0,0,0
118,27,1,3,10.1511,2759.47
117,27,1,3,10.1438,2722.83
122,27,1,3,10.1272,2638.47
1970,27,1,3,10.1151,2576.89
344,28,0,0,11.7436,1213.94,0.0798333,348.209,0.09,1
1819,28,0,0,11.7302,1120.41
335,28,0,0,11.7252,1091.46
2114,28,0,0,11.7099,1010.67
329,28,0,0,11.7074,995.611
1979,28,0,0,11.7015,965.863
1978,28,0,0,11.6591,730.88
107,28,0,0,11.6506,676.772
1967,28,0,0,11.6476,648.066
105,28,0,0,11.623,499.965
124,28,0,0,11.6097,425.166
1970,28,0,0,11.5939,332.084
122,28,0,0,11.581,266.81
117,28,0,0,11.5656,187.792
118,28,0,0,11.5578,149.07
1968,28,0,0,11.53,0
2176,28,0,1,12.0005,2608.24,0.0963333,420.177,0.14,2
2066,28,0,1,11.9903,2541.13
869,28,0,1,11.9797,2466.11
865,28,0,1,11.9632,2373.01
852,28,0,1,11.9564,2331.04
850,28,0,1,11.9504,2288.05
849,28,0,1,11.9429,2238.58
1774,28,0,1,11.9393,2218.58
837,28,0,1,11.9271,2148.13
2010,28,0,1,11.9185,2099.84
2009,28,0,1,11.8964,1979.41
819,28,0,1,11.8893,1931.92
811,28,0,1,11.8681,1813.3
805,28,0,1,11.8646,1793.87
358,28,0,1,11.854,1734.36
349,28,0,1,11.8365,1643.75
344,28,0,1,11.8234,1562.15
1306,28,0,2,12.1306,3219.65,0.0833333,363.475,0.03,3
1599,28,0,2,12.1131,3123.2
1300,28,0,2,12.1087,3096.78
1298,28,0,2,12.1033,3067.6
2176,28,0,2,12.0968,3028.42
869,28,0,3,12.2932,4009.91,0.0443333,193.369,0.11,4
2066,28,0,3,12.2659,3873.97
1297,28,0,3,12.2354,3716.38
1299,28,0,3,12.2294,3682.84
1600,28,0,3,12.2279,3669.39
1306,28,0,3,12.2139,3583.13
850,28,0,4,12.3657,4378.81,0.1105,481.968,0.03,5
852,28,0,4,12.3581,4334.17
865,28,0,4,12.3514,4292.33
869,28,0,4,12.3376,4203.28
849,28,0,5,12.4818,4910.24,0.0775,338.032,0.22,6
850,28,0,5,12.4762,4860.78
819,28,0,6,12.6064,5539.65,0.0838333,365.656,0.48,7
2009,28,0,6,12.5997,5492.45
2010,28,0,6,12.584,5391.6
837,28,0,6,12.5768,5345.65
1774,28,0,6,12.5624,5266.87
849,28,0,6,12.5593,5248.27
1968,28,0,7,12.9864,7559.11,0,0,0
118,28,0,7,12.9472,7361.83
117,28,0,7,12.9397,7324.44
122,28,0,7,12.9225,7237.52
1970,28,0,7,12.9093,7170.97
124,28,0,7,12.8884,7058.29
105,28,0,7,12.8739,6978.61
1967,28,0,7,12.8365,6781.55
107,28,0,7,12.8313,6751.93
1978,28,0,7,12.8223,6697.04
1979,28,0,7,12.7905,6487.85
329,28,0,7,12.7884,6470.41
2114,28,0,7,12.7838,6447.2
335,28,0,7,12.7734,6386.07
1819,28,0,7,12.7684,6357.13
344,28,0,7,12.7519,6259.88
349,28,0,7,12.7378,6176.79
358,28,0,7,12.7253,6107.49
805,28,0,7,12.7138,6044.21
811,28,0,7,12.712,6026.47
819,28,0,7,12.6902,5905.31
320,28,1,0,9.76409,875.602,0.084,366.383,0.32,1
1978,28,1,0,9.74514,755.022
107,28,1,0,9.73642,700.585
1967,28,1,0,9.73341,671.88
105,28,1,0,9.70826,522.901
124,28,1,0,9.69272,438.596
1970,28,1,0,9.67717,345.923
122,28,1,0,9.6644,281.164
117,28,1,0,9.64485,184.747
118,28,1,0,9.63805,150.127
1968,28,1,0,9.61,0
105,28,1,1,9.91898,1639.24,0.1085,473.244,0.3,2
1967,28,1,1,9.88377,1451.36
107,28,1,1,9.87828,1420.63
1978,28,1,1,9.86855,1364.65
320,28,1,1,9.84809,1241.98
1970,28,1,2,10.0595,2290.47,0.0656667,286.418,0.08,3
124,28,1,2,10.0403,2185.11
105,28,1,2,10.0275,2112.49
1968,28,1,3,10.1936,2928.55,0,0,0
118,28,1,3,10.1611,2759.47
117,28,1,3,10.1538,2722.83
122,28,1,3,10.1372,2638.47
1970,28,1,3,10.1251,2576.89
869,29,0,0,12.0152,2008.63,0.0443333,193.369,0.11,1
1856,29,0,0,11.9869,1878.96
855,29,0,0,11.9867,1878.25
843,29,0,0,11.9729,1798.75
832,29,0,0,11.9621,1737.49
831,29,0,0,11.9542,1696.96
2153,29,0,0,11.9542,1696.88
821,29,0,0,11.9413,1632.02
2008,29,0,0,11.9328,1589.23
812,29,0,0,11.9156,1494.65
807,29,0,0,11.9155,1493.87
356,29,0,0,11.9002,1412.75
1981,29,0,0,11.8879,1329.24
345,29,0,0,11.8662,1219.17
341,29,0,0,11.8568,1168.93
2132,29,0,0,11.8565,1166.89
328,29,0,0,11.8427,1075.3
2115,29,0,0,11.8313,1016.31
329,29,0,0,11.8274,995.611
1979,29,0,0,11.8215,965.863
1978,29,0,0,11.7791,730.88
107,29,0,0,11.7706,676.772
1967,29,0,0,11.7676,648.066
105,29,0,0,11.743,499.965
124,29,0,0,11.7297,425.166
1970,29,0,0,11.7139,332.084
122,29,0,0,11.701,266.81
117,29,0,0,11.6856,187.792
118,29,0,0,11.6778,149.07
1968,29,0,0,11.65,0
2176,29,0,1,12.0806,2344.32,0.0963333,420.177,0.14,2
2066,29,0,1,12.0704,2277.15
869,29,0,1,12.0595,2202
1306,29,0,2,12.2107,2955.73,0.0833333,363.475,0.03,3
1599,29,0,2,12.1932,2859.28
1300,29,0,2,12.1888,2832.85
1298,29,0,2,12.1835,2803.67
2176,29,0,2,12.1769,2764.49
850,29,0,3,12.4014,3921.52,0.1105,481.968,0.03,4
852,29,0,3,12.3939,3876.88
865,29,0,3,12.3872,3835.04
869,29,0,3,12.3734,3745.99
2066,29,0,3,12.346,3610.04
1297,29,0,3,12.3155,3452.46
1299,29,0,3,12.3095,3418.91
1600,29,0,3,12.308,3405.46
1306,29,0,3,12.294,3319.2
819,29,0,4,12.5647,4744.33,0.0838333,365.656,0.48,5
2009,29,0,4,12.558,4697.12
2010,29,0,4,12.5423,4596.28
837,29,0,4,12.5351,4550.32
1774,29,0,4,12.5207,4471.55
849,29,0,4,12.5176,4452.94
850,29,0,4,12.5119,4403.48
1968,29,0,5,12.9447,6763.78,0,0,0
118,29,0,5,12.9055,6566.5
117,29,0,5,12.898,6529.11
122,29,0,5,12.8808,6442.19
1970,29,0,5,12.8676,6375.64
124,29,0,5,12.8466,6262.96
105,29,0,5,12.8322,6183.29
1967,29,0,5,12.7948,5986.23
107,29,0,5,12.7896,5956.61
1978,29,0,5,12.7806,5901.71
1979,29,0,5,12.7488,5692.53
329,29,0,5,12.7467,5675.08
2114,29,0,5,12.7421,5651.88
335,29,0,5,12.7317,5590.74
1819,29,0,5,12.7267,5561.8
344,29,0,5,12.7102,5464.55
349,29,0,5,12.6961,5381.47
358,29,0,5,12.6836,5312.17
805,29,0,5,12.6721,5248.88
811,29,0,5,12.6703,5231.15
819,29,0,5,12.6485,5109.98
1970,29,1,0,9.38717,345.923,0.051,222.447,0.09,1
122,29,1,0,9.3744,281.164
117,29,1,0,9.35485,184.747
118,29,1,0,9.34805,150.127
1968,29,1,0,9.32,0
105,29,1,1,9.46926,745.348,0.1085,473.244,0.3,2
124,29,1,1,9.45372,661.043
1970,29,1,1,9.43817,568.37
320,29,1,2,9.63359,1571.29,0.084,366.383,0.32,3
1978,29,1,2,9.61464,1450.71
107,29,1,2,9.60592,1396.28
1967,29,1,2,9.60291,1367.57
105,29,1,2,9.57776,1218.59
849,29,1,3,9.94583,3220.28,0.089,388.191,0.2,4
1774,29,1,3,9.94248,3201.27
837,29,1,3,9.93106,3132.2
2010,29,1,3,9.91816,3065.31
2009,29,1,3,9.8947,2939.13
819,29,1,3,9.88638,2890.05
811,29,1,3,9.86503,2770.73
805,29,1,3,9.86148,2751.11
358,29,1,3,9.84682,2674.19
349,29,1,3,9.83012,2586.75
344,29,1,3,9.81631,2504.12
1819,29,1,3,9.80115,2408.89
335,29,1,3,9.79624,2380.05
2114,29,1,3,9.78258,2306.39
329,29,1,3,9.77998,2291.22
2116,29,1,3,9.77524,2266.12
327,29,1,3,9.76195,2192.56
324,29,1,3,9.75778,2170.84
319,29,1,3,9.73018,2023.38
320,29,1,3,9.71759,1937.68
344,29,1,4,10.1419,4266.1,0.0413333,180.284,0.09,5
349,29,1,4,10.1313,4186.4
358,29,1,4,10.1147,4099.21
805,29,1,4,10.1039,4039.03
811,29,1,4,10.1021,4021.3
819,29,1,4,10.0789,3893.79
2009,29,1,4,10.073,3846.62
2010,29,1,4,10.0576,3746.1
837,29,1,4,10.0503,3699.98
1774,29,1,4,10.0391,3631.24
849,29,1,4,10.0348,3608.47
1968,29,1,5,10.4061,5696.32,0,0,0
118,29,1,5,10.3736,5527.24
117,29,1,5,10.3664,5490.59
122,29,1,5,10.3497,5406.23
1970,29,1,5,10.3377,5344.65
124,29,1,5,10.3185,5239.3
105,29,1,5,10.3057,5166.67
1967,29,1,5,10.2688,4971.4
107,29,1,5,10.2633,4940.74
1978,29,1,5,10.2542,4885.86
1979,29,1,5,10.2216,4675.68
329,29,1,5,10.2194,4658.22
2114,29,1,5,10.2142,4632.29
335,29,1,5,10.2038,4571.14
1819,29,1,5,10.1988,4542.16
344,29,1,5,10.1832,4446.38
869,30,0,0,12.0152,2008.63,0.0443333,193.369,0.11,1
1856,30,0,0,11.9869,1878.96
855,30,0,0,11.9867,1878.25
843,30,0,0,11.9729,1798.75
832,30,0,0,11.9621,1737.49
831,30,0,0,11.9542,1696.96
2153,30,0,0,11.9542,1696.88
821,30,0,0,11.9413,1632.02
2008,30,0,0,11.9328,1589.23
812,30,0,0,11.9156,1494.65
807,30,0,0,11.9155,1493.87
356,30,0,0,11.9002,1412.75
1981,30,0,0,11.8879,1329.24
345,30,0,0,11.8662,1219.17
341,30,0,0,11.8568,1168.93
2132,30,0,0,11.8565,1166.89
328,30,0,0,11.8427,1075.3
2115,30,0,0,11.8313,1016.31
329,30,0,0,11.8274,995.611
1979,30,0,0,11.8215,965.863
1978,30,0,0,11.7791,730.88
107,30,0,0,11.7706,676.772
1967,30,0,0,11.7676,648.066
105,30,0,0,11.743,499.965
124,30,0,0,11.7297,425.166
1970,30,0,0,11.7139,332.084
122,30,0,0,11.701,266.81
117,30,0,0,11.6856,187.792
118,30,0,0,11.6778,149.07
1968,30,0,0,11.65,0
2176,30,0,1,12.0806,2344.32,0.0963333,420.177,0.14,2
2066,30,0,1,12.0704,2277.15
869,30,0,1,12.0595,2202
1306,30,0,2,12.2107,2955.73,0.0833333,363.475,0.03,3
1599,30,0,2,12.1932,2859.28
1300,30,0,2,12.1888,2832.85
1298,30,0,2,12.1835,2803.67
2176,30,0,2,12.1769,2764.49
850,30,0,3,12.4014,3921.52,0.1105,481.968,0.03,4
852,30,0,3,12.3939,3876.88
865,30,0,3,12.3872,3835.04
869,30,0,3,12.3734,3745.99
2066,30,0,3,12.346,3610.04
1297,30,0,3,12.3155,3452.46
1299,30,0,3,12.3095,3418.91
1600,30,0,3,12.308,3405.46
1306,30,0,3,12.294,3319.2
819,30,0,4,12.5647,4744.33,0.0838333,365.656,0.48,5
2009,30,0,4,12.558,4697.12
2010,30,0,4,12.5423,4596.28
837,30,0,4,12.5351,4550.32
1774,30,0,4,12.5207,4471.55
849,30,0,4,12.5176,4452.94
850,30,0,4,12.5119,4403.48
1968,30,0,5,12.9447,6763.78,0,0,0
118,30,0,5,12.9055,6566.5
117,30,0,5,12.898,6529.11
122,30,0,5,12.8808,6442.19
1970,30,0,5,12.8676,6375.64
124,30,0,5,12.8466,6262.96
105,30,0,5,12.8322,6183.29
1967,30,0,5,12.7948,5986.23
107,30,0,5,12.7896,5956.61
1978,30,0,5,12.7806,5901.71
1979,30,0,5,12.7488,5692.53
329,30,0,5,12.7467,5675.08
2114,30,0,5,12.7421,5651.88
335,30,0,5,12.7317,5590.74
1819,30,0,5,12.7267,5561.8
344,30,0,5,12.7102,5464.55
349,30,0,5,12.6961,5381.47
358,30,0,5,12.6836,5312.17
805,30,0,5,12.6721,5248.88
811,30,0,5,12.6703,5231.15
819,30,0,5,12.6485,5109.98
105,30,1,0,9.50826,522.901,0.1085,473.244,0.3,1
124,30,1,0,9.49272,438.596
1970,30,1,0,9.47717,345.923
122,30,1,0,9.4644,281.164
117,30,1,0,9.44485,184.747
118,30,1,0,9.43805,150.127
1968,30,1,0,9.41,0
320,30,1,1,9.67259,1348.85,0.084,366.383,0.32,2
1978,30,1,1,9.65364,1228.27
107,30,1,1,9.64492,1173.83
1967,30,1,1,9.64191,1145.12
105,30,1,1,9.61676,996.145
849,30,1,2,9.98483,2997.83,0.089,388.191,0.2,3
1774,30,1,2,9.98148,2978.83
837,30,1,2,9.97006,2909.76
2010,30,1,2,9.95717,2842.87
2009,30,1,2,9.93371,2716.69
819,30,1,2,9.92538,2667.61
811,30,1,2,9.90403,2548.28
805,30,1,2,9.90049,2528.67
358,30,1,2,9.88583,2451.74
349,30,1,2,9.86912,2364.31
344,30,1,2,9.85531,2281.68
1819,30,1,2,9.84015,2186.44
335,30,1,2,9.83524,2157.6
2114,30,1,2,9.82158,2083.94
329,30,1,2,9.81898,2068.77
2116,30,1,2,9.81424,2043.68
327,30,1,2,9.80095,1970.11
324,30,1,2,9.79678,1948.4
319,30,1,2,9.76918,1800.93
320,30,1,2,9.75659,1715.23
344,30,1,3,10.1809,4043.65,0.0413333,180.284,0.09,4
349,30,1,3,10.1703,3963.95
358,30,1,3,10.1537,3876.76
805,30,1,3,10.1429,3816.59
811,30,1,3,10.1411,3798.85
819,30,1,3,10.1179,3671.35
2009,30,1,3,10.112,3624.17
2010,30,1,3,10.0966,3523.65
837,30,1,3,10.0893,3477.53
1774,30,1,3,10.0781,3408.79
849,30,1,3,10.0738,3386.02
1970,30,1,4,10.3767,5122.2,0.0656667,286.418,0.08,5
124,30,1,4,10.3575,5016.85
105,30,1,4,10.3447,4944.23
1967,30,1,4,10.3078,4748.95
107,30,1,4,10.3023,4718.29
1978,30,1,4,10.2932,4663.41
1979,30,1,4,10.2606,4453.23
329,30,1,4,10.2584,4435.77
2114,30,1,4,10.2532,4409.85
335,30,1,4,10.2428,4348.7
1819,30,1,4,10.2378,4319.71
344,30,1,4,10.2222,4223.94
1968,30,1,5,10.5108,5760.29,0,0,0
118,30,1,5,10.4783,5591.21
117,30,1,5,10.471,5554.57
122,30,1,5,10.4544,5470.2
1970,30,1,5,10.4424,5408.62
