Node, Individual, Route,Segment, Travel time, Travel cost, Attention time, Attention cost, Failure rate, Demand
344,0,0,0,10.8978,1192.94,0.0413333,180.284,0.09,1
1819,0,0,0,10.8841,1099.23
335,0,0,0,10.8797,1071.05
2114,0,0,0,10.8647,991.95
329,0,0,0,10.8621,976.767
1979,0,0,0,10.8563,947.483
1978,0,0,0,10.8184,729.589
107,0,0,0,10.81,675.573
1967,0,0,0,10.807,646.867
105,0,0,0,10.7819,497.903
124,0,0,0,10.7698,426.583
1970,0,0,0,10.7544,334.012
122,0,0,0,10.7418,270.034
117,0,0,0,10.7248,184.186
118,0,0,0,10.7164,143.105
1968,0,0,0,10.69,0
819,0,0,1,10.9999,1731.95,0.0483333,210.815,0.55,2
811,0,0,1,10.982,1620.91
805,0,0,1,10.9789,1602.96
358,0,0,1,10.967,1537.83
349,0,0,1,10.951,1453.54
344,0,0,1,10.9391,1373.22
849,0,0,2,11.1018,2249.43,0.0695,303.138,0.23,3
1774,0,0,2,11.0983,2229.43
837,0,0,2,11.086,2158.98
2010,0,0,2,11.0774,2110.69
2009,0,0,2,11.0553,1990.26
819,0,0,2,11.0482,1942.77
850,0,0,3,11.1788,2602.04,0.0711667,310.408,0.1,4
849,0,0,3,11.1713,2552.57
869,0,0,4,11.2793,3090.51,0.0495,215.904,0.11,5
865,0,0,4,11.2628,2997.41
852,0,0,4,11.256,2955.43
850,0,0,4,11.25,2912.45
2176,0,0,5,11.3496,3448.54,0.0568333,247.89,0.16,6
2066,0,0,5,11.3394,3381.43
869,0,0,5,11.3288,3306.41
1306,0,0,6,11.439,3883.86,0.0916667,399.822,0.11,7
1599,0,0,6,11.423,3794.42
1300,0,0,6,11.4192,3768.7
1298,0,0,6,11.413,3735.79
2176,0,0,6,11.4064,3696.43
320,0,0,7,11.8405,6047.84,0.0905,394.734,0.38,8
1978,0,0,7,11.8205,5925.81
1979,0,0,7,11.787,5714.67
329,0,0,7,11.7849,5697.23
2114,0,0,7,11.7795,5670.52
335,0,0,7,11.7689,5609.24
1819,0,0,7,11.7645,5581.06
344,0,0,7,11.749,5485.35
349,0,0,7,11.7371,5405.11
355,0,0,7,11.7202,5319.89
356,0,0,7,11.7034,5221.36
807,0,0,7,11.6883,5140.98
812,0,0,7,11.6881,5140.19
2008,0,0,7,11.6754,5058.27
821,0,0,7,11.6705,5030.76
2153,0,0,7,11.6607,4979.11
831,0,0,7,11.6607,4979.02
832,0,0,7,11.6519,4934.53
843,0,0,7,11.6405,4870.73
855,0,0,7,11.6131,4734.25
1856,0,0,7,11.6129,4733.54
869,0,0,7,11.6007,4669.73
2066,0,0,7,11.5797,4560.17
1297,0,0,7,11.5527,4417.41
1299,0,0,7,11.5468,4384.47
1600,0,0,7,11.5453,4371.02
1306,0,0,7,11.5306,4283.69
105,0,0,8,12.0008,6840.11,0.0435,189.734,0.48,9
1967,0,0,8,11.9647,6648.41
107,0,0,8,11.9595,6618.62
1978,0,0,8,11.9503,6563.5
320,0,0,8,11.931,6442.58
1970,0,0,9,12.0797,7222.2,0.0341667,149.025,0.09,10
124,0,0,9,12.0588,7109.52
105,0,0,9,12.0443,7029.85
1968,0,0,10,12.191,7759.1,0,0,0
118,0,0,10,12.1515,7560.67
117,0,0,10,12.1443,7524.7
122,0,0,10,12.1271,7437.78
1970,0,0,10,12.1139,7371.22
1970,1,0,0,10.6844,334.012,0.0656667,286.418,0.08,1
122,1,0,0,10.6718,270.034
117,1,0,0,10.6548,184.186
118,1,0,0,10.6464,143.105
1968,1,0,0,10.62,0
344,1,0,1,10.8935,1479.36,0.0413333,180.284,0.09,2
1819,1,0,1,10.8798,1385.64
335,1,0,1,10.8753,1357.47
2114,1,0,1,10.8604,1278.37
329,1,0,1,10.8578,1263.19
1979,1,0,1,10.852,1233.9
1978,1,0,1,10.8141,1016.01
107,1,0,1,10.8057,961.991
1967,1,0,1,10.8027,933.285
105,1,0,1,10.7775,784.321
124,1,0,1,10.7655,713.002
1970,1,0,1,10.75,620.43
819,1,0,2,10.9955,2018.37,0.0483333,210.815,0.55,3
811,1,0,2,10.9777,1907.33
805,1,0,2,10.9746,1889.37
358,1,0,2,10.9627,1824.25
349,1,0,2,10.9467,1739.96
344,1,0,2,10.9348,1659.64
849,1,0,3,11.0975,2535.85,0.0695,303.138,0.23,4
1774,1,0,3,11.0939,2515.85
837,1,0,3,11.0816,2445.4
2010,1,0,3,11.0731,2397.11
2009,1,0,3,11.051,2276.68
819,1,0,3,11.0439,2229.18
869,1,0,4,11.2038,3066.52,0.0495,215.904,0.11,5
865,1,0,4,11.1873,2973.42
852,1,0,4,11.1805,2931.44
850,1,0,4,11.1745,2888.46
849,1,0,4,11.167,2838.98
2176,1,0,5,11.2741,3424.55,0.0568333,247.89,0.16,6
2066,1,0,5,11.2639,3357.44
869,1,0,5,11.2533,3282.42
1306,1,0,6,11.3635,3859.87,0.0916667,399.822,0.11,7
1599,1,0,6,11.3475,3770.43
1300,1,0,6,11.3437,3744.71
1298,1,0,6,11.3375,3711.8
2176,1,0,6,11.3309,3672.44
850,1,0,7,11.5552,4825.14,0.0711667,310.408,0.1,8
852,1,0,7,11.549,4782.01
865,1,0,7,11.5411,4737.76
869,1,0,7,11.5252,4645.74
2066,1,0,7,11.5042,4536.18
1297,1,0,7,11.4772,4393.42
1299,1,0,7,11.4713,4360.48
1600,1,0,7,11.4698,4347.04
1306,1,0,7,11.4551,4259.7
320,1,0,8,11.8403,6427.03,0.0905,394.734,0.38,9
1978,1,0,8,11.8217,6306.83
1979,1,0,8,11.7871,6094.28
329,1,0,8,11.785,6076.85
2114,1,0,8,11.7801,6052.3
335,1,0,8,11.7696,5991.01
1819,1,0,8,11.7651,5962.83
344,1,0,8,11.7496,5867.12
349,1,0,8,11.7377,5786.88
358,1,0,8,11.7253,5717.8
805,1,0,8,11.7115,5644.69
811,1,0,8,11.7097,5626.95
819,1,0,8,11.6803,5472.76
2009,1,0,8,11.6731,5425.16
2010,1,0,8,11.6568,5323.66
837,1,0,8,11.6495,5277.49
1774,1,0,8,11.6362,5203.53
849,1,0,8,11.6329,5184.49
850,1,0,8,11.6264,5135.54
105,1,0,9,12.0006,7219.3,0.0435,189.734,0.48,10
1967,1,0,9,11.9645,7027.6
107,1,0,9,11.9592,6997.81
1978,1,0,9,11.95,6942.68
320,1,0,9,11.9308,6821.77
1968,1,0,10,12.1566,7989.26,0,0,0
118,1,0,10,12.1171,7790.83
117,1,0,10,12.1099,7754.86
122,1,0,10,12.0927,7667.94
1970,1,0,10,12.0795,7601.39
124,1,0,10,12.0586,7488.71
105,1,0,10,12.0441,7409.03
344,2,0,0,10.8178,1192.94,0.0413333,180.284,0.09,1
1819,2,0,0,10.8041,1099.23
335,2,0,0,10.7997,1071.05
2114,2,0,0,10.7847,991.95
329,2,0,0,10.7821,976.767
1979,2,0,0,10.7763,947.483
1978,2,0,0,10.7384,729.589
107,2,0,0,10.73,675.573
1967,2,0,0,10.727,646.867
105,2,0,0,10.7019,497.903
124,2,0,0,10.6898,426.583
1970,2,0,0,10.6744,334.012
122,2,0,0,10.6618,270.034
117,2,0,0,10.6448,184.186
118,2,0,0,10.6364,143.105
1968,2,0,0,10.61,0
819,2,0,1,10.9199,1731.95,0.0483333,210.815,0.55,2
811,2,0,1,10.902,1620.91
805,2,0,1,10.8989,1602.96
358,2,0,1,10.887,1537.83
349,2,0,1,10.871,1453.54
344,2,0,1,10.8591,1373.22
849,2,0,2,11.0189,2240.73,0.0695,303.138,0.23,3
1774,2,0,2,11.0152,2220.22
837,2,0,2,11.004,2151.53
2010,2,0,2,10.9962,2104.76
2009,2,0,2,10.9755,1990.47
819,2,0,2,10.9682,1942.77
850,2,0,3,11.0959,2593.34,0.0711667,310.408,0.1,4
849,2,0,3,11.0884,2543.87
2176,2,0,4,11.2171,3223.94,0.0568333,247.89,0.16,5
2066,2,0,4,11.2069,3156.83
869,2,0,4,11.1963,3081.81
865,2,0,4,11.1798,2988.71
852,2,0,4,11.173,2946.73
850,2,0,4,11.167,2903.75
1306,2,0,5,11.3065,3659.26,0.0916667,399.822,0.11,6
1599,2,0,5,11.2905,3569.81
1300,2,0,5,11.2867,3544.1
1298,2,0,5,11.2805,3511.19
2176,2,0,5,11.2739,3471.83
869,2,0,6,11.4682,4445.12,0.0495,215.904,0.11,7
2066,2,0,6,11.4472,4335.56
1297,2,0,6,11.4202,4192.81
1299,2,0,6,11.4143,4159.87
1600,2,0,6,11.4129,4146.42
1306,2,0,6,11.3981,4059.08
320,2,0,7,11.7567,6036.56,0.0905,394.734,0.38,8
1978,2,0,7,11.7381,5916.36
1979,2,0,7,11.7035,5703.81
329,2,0,7,11.7014,5686.38
2114,2,0,7,11.6965,5661.82
335,2,0,7,11.686,5600.54
1819,2,0,7,11.6815,5572.36
344,2,0,7,11.666,5476.65
349,2,0,7,11.6542,5396.41
355,2,0,7,11.6372,5311.19
356,2,0,7,11.6204,5212.66
807,2,0,7,11.6053,5132.28
812,2,0,7,11.6051,5131.49
2008,2,0,7,11.5924,5049.58
821,2,0,7,11.5875,5022.06
2153,2,0,7,11.5778,4970.41
831,2,0,7,11.5777,4970.33
832,2,0,7,11.569,4925.83
843,2,0,7,11.5575,4862.03
855,2,0,7,11.5301,4725.55
1856,2,0,7,11.5299,4724.84
869,2,0,7,11.5177,4661.03
105,2,0,8,11.917,6828.83,0.104333,455.071,0.4,9
1967,2,0,8,11.8809,6637.13
107,2,0,8,11.8756,6607.33
1978,2,0,8,11.8664,6552.21
320,2,0,8,11.8472,6431.29
1970,2,0,9,12.0567,7476.25,0.0341667,149.025,0.09,10
124,2,0,9,12.0358,7363.57
105,2,0,9,12.0213,7283.9
1968,2,0,10,12.168,8013.15,0,0,0
118,2,0,10,12.1285,7814.72
117,2,0,10,12.1213,7778.75
122,2,0,10,12.1041,7691.83
1970,2,0,10,12.0909,7625.28
1970,3,0,0,9.24717,345.923,0.051,222.447,0.09,1
122,3,0,0,9.2344,281.164
117,3,0,0,9.21485,184.747
118,3,0,0,9.20805,150.127
1968,3,0,0,9.18,0
105,3,0,1,9.32926,745.348,0.1085,473.244,0.3,2
124,3,0,1,9.31372,661.043
1970,3,0,1,9.29817,568.37
320,3,0,2,9.49359,1571.29,0.084,366.383,0.32,3
1978,3,0,2,9.47464,1450.71
107,3,0,2,9.46592,1396.28
1967,3,0,2,9.46291,1367.57
105,3,0,2,9.43776,1218.59
849,3,0,3,9.80583,3220.28,0.089,388.191,0.2,4
1774,3,0,3,9.80248,3201.27
837,3,0,3,9.79106,3132.2
2010,3,0,3,9.77816,3065.31
2009,3,0,3,9.7547,2939.13
819,3,0,3,9.74638,2890.05
811,3,0,3,9.72503,2770.73
805,3,0,3,9.72148,2751.11
358,3,0,3,9.70682,2674.19
349,3,0,3,9.69012,2586.75
344,3,0,3,9.67631,2504.12
1819,3,0,3,9.66115,2408.89
335,3,0,3,9.65624,2380.05
2114,3,0,3,9.64258,2306.39
329,3,0,3,9.63998,2291.22
2116,3,0,3,9.63524,2266.12
327,3,0,3,9.62195,2192.56
324,3,0,3,9.61778,2170.84
319,3,0,3,9.59018,2023.38
320,3,0,3,9.57759,1937.68
850,3,0,4,9.90253,3658.16,0.0346667,151.206,0.14,5
849,3,0,4,9.89483,3608.47
869,3,0,5,9.96857,3993.81,0.0375,163.564,0.11,6
865,3,0,5,9.95077,3894.98
852,3,0,5,9.94385,3852.85
850,3,0,5,9.93719,3809.36
2176,3,0,6,10.0268,4299.89,0.0848333,370.017,0.18,7
2066,3,0,6,10.0161,4232.24
869,3,0,6,10.0061,4157.38
1306,3,0,7,10.1466,4866.99,0.078,340.212,0.16,8
1599,3,0,7,10.1291,4770.51
1300,3,0,7,10.1246,4744
1298,3,0,7,10.1179,4708.78
2176,3,0,7,10.1116,4669.91
819,3,0,8,10.3751,6107.11,0.0483333,210.815,0.55,9
2009,3,0,8,10.3692,6059.94
2010,3,0,8,10.3538,5959.42
837,3,0,8,10.3465,5913.3
1774,3,0,8,10.3353,5844.55
849,3,0,8,10.3311,5821.79
850,3,0,8,10.324,5772.63
852,3,0,8,10.3182,5729.69
865,3,0,8,10.3114,5687.73
869,3,0,8,10.2962,5596.9
2066,3,0,8,10.2742,5483.17
1297,3,0,8,10.2479,5343.51
1299,3,0,8,10.2422,5311.52
1600,3,0,8,10.2408,5298.07
1306,3,0,8,10.2246,5207.2
344,3,0,9,10.4865,6690.23,0.0413333,180.284,0.09,10
349,3,0,9,10.4759,6610.53
358,3,0,9,10.4593,6523.34
805,3,0,9,10.4485,6463.17
811,3,0,9,10.4467,6445.43
819,3,0,9,10.4235,6317.93
1968,3,0,10,10.7507,8120.45,0,0,0
118,3,0,10,10.7182,7951.37
117,3,0,10,10.7109,7914.73
122,3,0,10,10.6943,7830.36
1970,3,0,10,10.6823,7768.78
124,3,0,10,10.6631,7663.43
105,3,0,10,10.6503,7590.81
1967,3,0,10,10.6133,7395.53
107,3,0,10,10.6079,7364.88
1978,3,0,10,10.5988,7309.99
1979,3,0,10,10.5661,7099.81
329,3,0,10,10.564,7082.35
2114,3,0,10,10.5588,7056.43
335,3,0,10,10.5484,6995.28
1819,3,0,10,10.5434,6966.29
344,3,0,10,10.5278,6870.52
320,4,0,0,11.3977,851.082,0.0905,394.734,0.38,1
1978,4,0,0,11.3791,730.88
107,4,0,0,11.3706,676.772
1967,4,0,0,11.3676,648.066
105,4,0,0,11.343,499.965
124,4,0,0,11.3297,425.166
1970,4,0,0,11.3139,332.084
122,4,0,0,11.301,266.81
117,4,0,0,11.2856,187.792
118,4,0,0,11.2778,149.07
1968,4,0,0,11.25,0
344,4,0,1,11.5903,1832.98,0.0798333,348.209,0.09,2
1819,4,0,1,11.577,1739.46
335,4,0,1,11.572,1710.51
2114,4,0,1,11.5567,1629.71
329,4,0,1,11.5541,1614.66
2116,4,0,1,11.549,1587.79
327,4,0,1,11.5345,1509.12
324,4,0,1,11.5302,1486.61
319,4,0,1,11.5008,1331.52
320,4,0,1,11.4882,1245.82
850,4,0,2,11.7972,2907.1,0.0711667,310.408,0.1,3
849,4,0,2,11.7897,2857.62
1774,4,0,2,11.7861,2837.62
837,4,0,2,11.7738,2767.18
2010,4,0,2,11.7653,2718.88
2009,4,0,2,11.7431,2598.46
819,4,0,2,11.736,2550.96
811,4,0,2,11.7148,2432.35
805,4,0,2,11.7113,2412.91
358,4,0,2,11.7007,2353.4
349,4,0,2,11.6833,2262.79
344,4,0,2,11.6702,2181.19
2176,4,0,3,11.9184,3537.69,0.0568333,247.89,0.16,4
2066,4,0,3,11.9082,3470.58
869,4,0,3,11.8976,3395.57
865,4,0,3,11.8811,3302.46
852,4,0,3,11.8743,3260.49
850,4,0,3,11.8683,3217.51
1306,4,0,4,12.0078,3973.02,0.0833333,363.475,0.03,5
1599,4,0,4,11.9919,3883.57
1300,4,0,4,11.9881,3857.85
1298,4,0,4,11.9819,3824.94
2176,4,0,4,11.9752,3785.58
869,4,0,5,12.1704,4763.28,0.0443333,193.369,0.11,6
2066,4,0,5,12.1431,4627.33
1297,4,0,5,12.1126,4469.75
1299,4,0,5,12.1066,4436.2
1600,4,0,5,12.1051,4422.75
1306,4,0,5,12.0911,4336.49
849,4,0,6,12.2485,5181.63,0.0775,338.032,0.22,7
850,4,0,6,12.2429,5132.17
852,4,0,6,12.2353,5087.54
865,4,0,6,12.2286,5045.69
869,4,0,6,12.2148,4956.65
819,4,0,7,12.3731,5811.05,0.0838333,365.656,0.48,8
2009,4,0,7,12.3664,5763.84
2010,4,0,7,12.3507,5663
837,4,0,7,12.3435,5617.04
1774,4,0,7,12.3292,5538.27
849,4,0,7,12.326,5519.66
105,4,0,8,12.6406,7250.01,0.0435,189.734,0.48,9
1967,4,0,8,12.6033,7052.95
107,4,0,8,12.598,7023.33
1978,4,0,8,12.589,6968.43
1979,4,0,8,12.5572,6759.25
329,4,0,8,12.5551,6741.8
2114,4,0,8,12.5505,6718.6
335,4,0,8,12.5401,6657.46
1819,4,0,8,12.5351,6628.52
344,4,0,8,12.5186,6531.27
349,4,0,8,12.5045,6448.19
358,4,0,8,12.492,6378.89
805,4,0,8,12.4805,6315.6
811,4,0,8,12.4787,6297.87
819,4,0,8,12.4569,6176.7
1970,4,0,9,12.7195,7632.09,0.0341667,149.025,0.09,10
124,4,0,9,12.6986,7519.42
105,4,0,9,12.6841,7439.74
1968,4,0,10,12.8307,8168.99,0,0,0
118,4,0,10,12.7912,7970.57
117,4,0,10,12.7841,7934.59
122,4,0,10,12.7668,7847.67
1970,4,0,10,12.7536,7781.12
105,5,0,0,9.34826,522.901,0.1085,473.244,0.3,1
124,5,0,0,9.33272,438.596
1970,5,0,0,9.31717,345.923
122,5,0,0,9.3044,281.164
117,5,0,0,9.28485,184.747
118,5,0,0,9.27805,150.127
1968,5,0,0,9.25,0
320,5,0,1,9.51259,1348.85,0.084,366.383,0.32,2
1978,5,0,1,9.49364,1228.27
107,5,0,1,9.48492,1173.83
1967,5,0,1,9.48191,1145.12
105,5,0,1,9.45676,996.145
849,5,0,2,9.82483,2997.83,0.089,388.191,0.2,3
1774,5,0,2,9.82148,2978.83
837,5,0,2,9.81006,2909.76
2010,5,0,2,9.79717,2842.87
2009,5,0,2,9.77371,2716.69
819,5,0,2,9.76538,2667.61
811,5,0,2,9.74403,2548.28
805,5,0,2,9.74049,2528.67
358,5,0,2,9.72583,2451.74
349,5,0,2,9.70912,2364.31
344,5,0,2,9.69531,2281.68
1819,5,0,2,9.68015,2186.44
335,5,0,2,9.67524,2157.6
2114,5,0,2,9.66158,2083.94
329,5,0,2,9.65898,2068.77
2116,5,0,2,9.65424,2043.68
327,5,0,2,9.64095,1970.11
324,5,0,2,9.63678,1948.4
319,5,0,2,9.60918,1800.93
320,5,0,2,9.59659,1715.23
850,5,0,3,9.92153,3435.71,0.0346667,151.206,0.14,4
849,5,0,3,9.91383,3386.02
869,5,0,4,9.98757,3771.37,0.0375,163.564,0.11,5
865,5,0,4,9.96977,3672.53
852,5,0,4,9.96285,3630.4
850,5,0,4,9.95619,3586.92
2176,5,0,5,10.0458,4077.44,0.0848333,370.017,0.18,6
2066,5,0,5,10.0351,4009.79
869,5,0,5,10.0251,3934.93
1306,5,0,6,10.1656,4644.54,0.078,340.212,0.16,7
1599,5,0,6,10.1481,4548.06
1300,5,0,6,10.1436,4521.55
1298,5,0,6,10.1369,4486.33
2176,5,0,6,10.1306,4447.46
819,5,0,7,10.3941,5884.67,0.0483333,210.815,0.55,8
2009,5,0,7,10.3882,5837.49
2010,5,0,7,10.3728,5736.97
837,5,0,7,10.3655,5690.85
1774,5,0,7,10.3543,5622.11
849,5,0,7,10.3501,5599.34
850,5,0,7,10.343,5550.18
852,5,0,7,10.3372,5507.24
865,5,0,7,10.3304,5465.29
869,5,0,7,10.3152,5374.46
2066,5,0,7,10.2932,5260.73
1297,5,0,7,10.2669,5121.07
1299,5,0,7,10.2612,5089.07
1600,5,0,7,10.2598,5075.62
1306,5,0,7,10.2436,4984.75
344,5,0,8,10.5055,6467.78,0.0413333,180.284,0.09,9
349,5,0,8,10.4949,6388.08
358,5,0,8,10.4783,6300.9
805,5,0,8,10.4675,6240.72
811,5,0,8,10.4657,6222.98
819,5,0,8,10.4425,6095.48
1970,5,0,9,10.7013,7546.34,0.0656667,286.418,0.08,10
124,5,0,9,10.6821,7440.98
105,5,0,9,10.6693,7368.36
1967,5,0,9,10.6323,7173.08
107,5,0,9,10.6269,7142.43
1978,5,0,9,10.6178,7087.55
1979,5,0,9,10.5851,6877.36
329,5,0,9,10.583,6859.9
2114,5,0,9,10.5778,6833.98
335,5,0,9,10.5674,6772.83
1819,5,0,9,10.5624,6743.84
344,5,0,9,10.5468,6648.07
1968,5,0,10,10.8354,8184.42,0,0,0
118,5,0,10,10.8029,8015.34
117,5,0,10,10.7956,7978.7
122,5,0,10,10.779,7894.34
1970,5,0,10,10.7669,7832.76
1970,6,0,0,10.3644,334.012,0.0656667,286.418,0.08,1
122,6,0,0,10.3518,270.034
117,6,0,0,10.3348,184.186
118,6,0,0,10.3264,143.105
1968,6,0,0,10.3,0
105,6,0,1,10.4575,784.321,0.115333,503.049,0.34,2
124,6,0,1,10.4455,713.002
1970,6,0,1,10.43,620.43
320,6,0,2,10.6277,1638.94,0.0988333,431.081,0.34,3
1978,6,0,2,10.6094,1519.06
107,6,0,2,10.601,1465.04
1967,6,0,2,10.598,1436.33
105,6,0,2,10.5729,1287.37
344,6,0,3,10.8263,2647.27,0.0413333,180.284,0.09,4
1819,6,0,3,10.8127,2553.56
335,6,0,3,10.8082,2525.38
2114,6,0,3,10.7933,2446.28
329,6,0,3,10.7907,2431.1
2116,6,0,3,10.7858,2405.17
327,6,0,3,10.7718,2328.82
324,6,0,3,10.7683,2309.88
319,6,0,3,10.7391,2155.72
320,6,0,3,10.7265,2070.02
819,6,0,4,10.9284,3186.28,0.0483333,210.815,0.55,5
811,6,0,4,10.9105,3075.25
805,6,0,4,10.9075,3057.29
358,6,0,4,10.8956,2992.16
349,6,0,4,10.8796,2907.87
344,6,0,4,10.8677,2827.56
849,6,0,5,11.0274,3695.06,0.0695,303.138,0.23,6
1774,6,0,5,11.0237,3674.56
837,6,0,5,11.0125,3605.86
2010,6,0,5,11.0048,3559.09
2009,6,0,5,10.9841,3444.81
819,6,0,5,10.9767,3397.1
850,6,0,6,11.1044,4047.68,0.0711667,310.408,0.1,7
849,6,0,6,11.0969,3998.2
869,6,0,7,11.2049,4536.14,0.0495,215.904,0.11,8
865,6,0,7,11.1883,4443.04
852,6,0,7,11.1815,4401.07
850,6,0,7,11.1756,4358.08
2176,6,0,8,11.2751,4894.17,0.0568333,247.89,0.16,9
2066,6,0,8,11.2649,4827.06
869,6,0,8,11.2544,4752.05
1306,6,0,9,11.3645,5329.5,0.0916667,399.822,0.11,10
1599,6,0,9,11.3486,5240.05
1300,6,0,9,11.3448,5214.33
1298,6,0,9,11.3386,5181.42
2176,6,0,9,11.332,5142.06
1968,6,0,10,11.9111,8190.2,0,0,0
1969,6,0,10,11.8988,8113.69
115,6,0,10,11.8962,8099.12
2113,6,0,10,11.8915,8073.3
2133,6,0,10,11.7695,7386.93
366,6,0,10,11.7652,7359.82
2134,6,0,10,11.7519,7288.14
2136,6,0,10,11.7391,7219.3
393,6,0,10,11.7074,7056.26
401,6,0,10,11.6896,6965.31
1739,6,0,10,11.6799,6912.31
1742,6,0,10,11.6729,6875.79
1741,6,0,10,11.6661,6839.66
418,6,0,10,11.6589,6801.19
417,6,0,10,11.6561,6785.37
1989,6,0,10,11.6391,6697.35
2011,6,0,10,11.6188,6593.51
2156,6,0,10,11.6122,6560.6
2013,6,0,10,11.6116,6557.45
886,6,0,10,11.6021,6509.27
888,6,0,10,11.5857,6417.8
903,6,0,10,11.5762,6366.29
904,6,0,10,11.5722,6345.26
925,6,0,10,11.551,6227.3
2019,6,0,10,11.5457,6200.44
929,6,0,10,11.5453,6198.46
938,6,0,10,11.5329,6131.14
950,6,0,10,11.5158,6045.2
951,6,0,10,11.5083,6007.44
949,6,0,10,11.4968,5948.69
2025,6,0,10,11.4933,5931.24
2024,6,0,10,11.4802,5858.83
1301,6,0,10,11.4694,5800.49
1306,6,0,10,11.4562,5729.32
1970,7,0,0,10.3644,334.012,0.0656667,286.418,0.08,1
122,7,0,0,10.3518,270.034
117,7,0,0,10.3348,184.186
118,7,0,0,10.3264,143.105
1968,7,0,0,10.3,0
105,7,0,1,10.4575,784.321,0.115333,503.049,0.34,2
124,7,0,1,10.4455,713.002
1970,7,0,1,10.43,620.43
320,7,0,2,10.6277,1638.94,0.0988333,431.081,0.34,3
1978,7,0,2,10.6094,1519.06
107,7,0,2,10.601,1465.04
1967,7,0,2,10.598,1436.33
105,7,0,2,10.5729,1287.37
344,7,0,3,10.8263,2647.27,0.0413333,180.284,0.09,4
1819,7,0,3,10.8127,2553.56
335,7,0,3,10.8082,2525.38
2114,7,0,3,10.7933,2446.28
329,7,0,3,10.7907,2431.1
2116,7,0,3,10.7858,2405.17
327,7,0,3,10.7718,2328.82
324,7,0,3,10.7683,2309.88
319,7,0,3,10.7391,2155.72
320,7,0,3,10.7265,2070.02
819,7,0,4,10.9284,3186.28,0.0483333,210.815,0.55,5
811,7,0,4,10.9105,3075.25
805,7,0,4,10.9075,3057.29
358,7,0,4,10.8956,2992.16
349,7,0,4,10.8796,2907.87
344,7,0,4,10.8677,2827.56
849,7,0,5,11.0274,3695.06,0.0695,303.138,0.23,6
1774,7,0,5,11.0237,3674.56
837,7,0,5,11.0125,3605.86
2010,7,0,5,11.0048,3559.09
2009,7,0,5,10.9841,3444.81
819,7,0,5,10.9767,3397.1
850,7,0,6,11.1044,4047.68,0.0711667,310.408,0.1,7
849,7,0,6,11.0969,3998.2
2176,7,0,7,11.2256,4678.27,0.0568333,247.89,0.16,8
2066,7,0,7,11.2154,4611.16
869,7,0,7,11.2049,4536.14
865,7,0,7,11.1883,4443.04
852,7,0,7,11.1815,4401.07
850,7,0,7,11.1756,4358.08
1306,7,0,8,11.315,5113.59,0.0916667,399.822,0.11,9
1599,7,0,8,11.2991,5024.15
1300,7,0,8,11.2953,4998.43
1298,7,0,8,11.2891,4965.52
2176,7,0,8,11.2825,4926.16
869,7,0,9,11.4768,5899.45,0.0495,215.904,0.11,10
2066,7,0,9,11.4557,5789.9
1297,7,0,9,11.4288,5647.14
1299,7,0,9,11.4229,5614.2
1600,7,0,9,11.4214,5600.75
1306,7,0,9,11.4067,5513.41
1968,7,0,10,11.9038,8203.98,0,0,0
118,7,0,10,11.8691,8025.67
117,7,0,10,11.8614,7987.16
122,7,0,10,11.844,7899.62
1970,7,0,10,11.8312,7834.88
124,7,0,10,11.8094,7718.32
105,7,0,10,11.797,7646.38
1967,7,0,10,11.7611,7455.6
107,7,0,10,11.7558,7425.81
1978,7,0,10,11.7466,7370.69
1979,7,0,10,11.7121,7158.14
329,7,0,10,11.7099,7140.71
2114,7,0,10,11.705,7116.16
335,7,0,10,11.6945,7054.88
1819,7,0,10,11.6901,7026.69
344,7,0,10,11.6745,6930.99
349,7,0,10,11.6627,6850.74
355,7,0,10,11.6458,6765.52
356,7,0,10,11.629,6666.99
807,7,0,10,11.6139,6586.61
812,7,0,10,11.6137,6585.82
2008,7,0,10,11.601,6503.91
821,7,0,10,11.5961,6476.4
2153,7,0,10,11.5863,6424.74
831,7,0,10,11.5863,6424.66
832,7,0,10,11.5775,6380.16
843,7,0,10,11.5661,6316.36
855,7,0,10,11.5386,6179.88
1856,7,0,10,11.5385,6179.17
869,7,0,10,11.5263,6115.36
320,8,0,0,11.4177,851.082,0.0905,394.734,0.38,1
1978,8,0,0,11.3991,730.88
107,8,0,0,11.3906,676.772
1967,8,0,0,11.3876,648.066
105,8,0,0,11.363,499.965
124,8,0,0,11.3497,425.166
1970,8,0,0,11.3339,332.084
122,8,0,0,11.321,266.81
117,8,0,0,11.3056,187.792
118,8,0,0,11.2978,149.07
1968,8,0,0,11.27,0
344,8,0,1,11.6103,1832.98,0.0798333,348.209,0.09,2
1819,8,0,1,11.597,1739.46
335,8,0,1,11.592,1710.51
2114,8,0,1,11.5767,1629.71
329,8,0,1,11.5741,1614.66
2116,8,0,1,11.569,1587.79
327,8,0,1,11.5545,1509.12
324,8,0,1,11.5502,1486.61
319,8,0,1,11.5208,1331.52
320,8,0,1,11.5082,1245.82
849,8,0,2,11.8097,2857.62,0.0695,303.138,0.23,3
1774,8,0,2,11.8061,2837.62
837,8,0,2,11.7938,2767.18
2010,8,0,2,11.7853,2718.88
2009,8,0,2,11.7631,2598.46
819,8,0,2,11.756,2550.96
811,8,0,2,11.7348,2432.35
805,8,0,2,11.7313,2412.91
358,8,0,2,11.7207,2353.4
349,8,0,2,11.7033,2262.79
344,8,0,2,11.6902,2181.19
2176,8,0,3,11.9367,3530.42,0.0568333,247.89,0.16,4
2066,8,0,3,11.9265,3463.31
869,8,0,3,11.916,3388.3
865,8,0,3,11.8995,3295.19
852,8,0,3,11.8926,3253.22
850,8,0,3,11.8867,3210.24
849,8,0,3,11.8792,3160.76
1306,8,0,4,12.0261,3965.75,0.0833333,363.475,0.03,5
1599,8,0,4,12.0102,3876.3
1300,8,0,4,12.0064,3850.58
1298,8,0,4,12.0002,3817.68
2176,8,0,4,11.9936,3778.31
869,8,0,5,12.1888,4756.01,0.0443333,193.369,0.11,6
2066,8,0,5,12.1614,4620.06
1297,8,0,5,12.1309,4462.48
1299,8,0,5,12.1249,4428.93
1600,8,0,5,12.1235,4415.48
1306,8,0,5,12.1095,4329.22
850,8,0,6,12.2612,5124.9,0.1105,481.968,0.03,7
852,8,0,6,12.2537,5080.27
865,8,0,6,12.247,5038.43
869,8,0,6,12.2331,4949.38
819,8,0,7,12.4244,5947.72,0.0838333,365.656,0.48,8
2009,8,0,7,12.4177,5900.51
2010,8,0,7,12.402,5799.67
837,8,0,7,12.3948,5753.71
1774,8,0,7,12.3805,5674.93
849,8,0,7,12.3774,5656.33
850,8,0,7,12.3717,5606.87
105,8,0,8,12.6919,7386.67,0.0435,189.734,0.48,9
1967,8,0,8,12.6546,7189.61
107,8,0,8,12.6494,7159.99
1978,8,0,8,12.6403,7105.1
1979,8,0,8,12.6086,6895.91
329,8,0,8,12.6064,6878.47
2114,8,0,8,12.6019,6855.26
335,8,0,8,12.5914,6794.13
1819,8,0,8,12.5865,6765.19
344,8,0,8,12.5699,6667.94
349,8,0,8,12.5558,6584.86
358,8,0,8,12.5433,6515.55
805,8,0,8,12.5319,6452.27
811,8,0,8,12.53,6434.53
819,8,0,8,12.5083,6313.37
1970,8,0,9,12.7708,7768.76,0.0341667,149.025,0.09,10
124,8,0,9,12.7499,7656.08
105,8,0,9,12.7354,7576.41
1968,8,0,10,12.8821,8305.66,0,0,0
118,8,0,10,12.8426,8107.23
117,8,0,10,12.8354,8071.26
122,8,0,10,12.8182,7984.34
1970,8,0,10,12.805,7917.79
320,9,0,0,11.4077,851.082,0.0905,394.734,0.38,1
1978,9,0,0,11.3891,730.88
107,9,0,0,11.3806,676.772
1967,9,0,0,11.3776,648.066
105,9,0,0,11.353,499.965
124,9,0,0,11.3397,425.166
1970,9,0,0,11.3239,332.084
122,9,0,0,11.311,266.81
117,9,0,0,11.2956,187.792
118,9,0,0,11.2878,149.07
1968,9,0,0,11.26,0
344,9,0,1,11.6003,1832.98,0.0798333,348.209,0.09,2
1819,9,0,1,11.587,1739.46
335,9,0,1,11.582,1710.51
2114,9,0,1,11.5667,1629.71
329,9,0,1,11.5641,1614.66
2116,9,0,1,11.559,1587.79
327,9,0,1,11.5445,1509.12
324,9,0,1,11.5402,1486.61
319,9,0,1,11.5108,1331.52
320,9,0,1,11.4982,1245.82
849,9,0,2,11.7997,2857.62,0.0695,303.138,0.23,3
1774,9,0,2,11.7961,2837.62
837,9,0,2,11.7838,2767.18
2010,9,0,2,11.7753,2718.88
2009,9,0,2,11.7531,2598.46
819,9,0,2,11.746,2550.96
811,9,0,2,11.7248,2432.35
805,9,0,2,11.7213,2412.91
358,9,0,2,11.7107,2353.4
349,9,0,2,11.6933,2262.79
344,9,0,2,11.6802,2181.19
2176,9,0,3,11.9267,3530.42,0.0568333,247.89,0.16,4
2066,9,0,3,11.9165,3463.31
869,9,0,3,11.906,3388.3
865,9,0,3,11.8895,3295.19
852,9,0,3,11.8826,3253.22
850,9,0,3,11.8767,3210.24
849,9,0,3,11.8692,3160.76
1306,9,0,4,12.0161,3965.75,0.0833333,363.475,0.03,5
1599,9,0,4,12.0002,3876.3
1300,9,0,4,11.9964,3850.58
1298,9,0,4,11.9902,3817.68
2176,9,0,4,11.9836,3778.31
869,9,0,5,12.1788,4756.01,0.0443333,193.369,0.11,6
2066,9,0,5,12.1514,4620.06
1297,9,0,5,12.1209,4462.48
1299,9,0,5,12.1149,4428.93
1600,9,0,5,12.1135,4415.48
1306,9,0,5,12.0995,4329.22
850,9,0,6,12.2512,5124.9,0.1105,481.968,0.03,7
852,9,0,6,12.2437,5080.27
865,9,0,6,12.237,5038.43
869,9,0,6,12.2231,4949.38
819,9,0,7,12.4144,5947.72,0.0838333,365.656,0.48,8
2009,9,0,7,12.4077,5900.51
2010,9,0,7,12.392,5799.67
837,9,0,7,12.3848,5753.71
1774,9,0,7,12.3705,5674.93
849,9,0,7,12.3674,5656.33
850,9,0,7,12.3617,5606.87
105,9,0,8,12.6819,7386.67,0.0435,189.734,0.48,9
1967,9,0,8,12.6446,7189.61
107,9,0,8,12.6394,7159.99
1978,9,0,8,12.6303,7105.1
1979,9,0,8,12.5986,6895.91
329,9,0,8,12.5964,6878.47
2114,9,0,8,12.5919,6855.26
335,9,0,8,12.5814,6794.13
1819,9,0,8,12.5765,6765.19
344,9,0,8,12.5599,6667.94
349,9,0,8,12.5458,6584.86
358,9,0,8,12.5333,6515.55
805,9,0,8,12.5219,6452.27
811,9,0,8,12.52,6434.53
819,9,0,8,12.4983,6313.37
1970,9,0,9,12.7608,7768.76,0.0341667,149.025,0.09,10
124,9,0,9,12.7399,7656.08
105,9,0,9,12.7254,7576.41
1968,9,0,10,12.8721,8305.66,0,0,0
118,9,0,10,12.8326,8107.23
117,9,0,10,12.8254,8071.26
122,9,0,10,12.8082,7984.34
1970,9,0,10,12.795,7917.79
320,10,0,0,11.4677,851.082,0.0905,394.734,0.38,1
1978,10,0,0,11.4491,730.88
107,10,0,0,11.4406,676.772
1967,10,0,0,11.4376,648.066
105,10,0,0,11.413,499.965
124,10,0,0,11.3997,425.166
1970,10,0,0,11.3839,332.084
122,10,0,0,11.371,266.81
117,10,0,0,11.3556,187.792
118,10,0,0,11.3478,149.07
1968,10,0,0,11.32,0
344,10,0,1,11.6603,1832.98,0.0798333,348.209,0.09,2
1819,10,0,1,11.647,1739.46
335,10,0,1,11.642,1710.51
2114,10,0,1,11.6267,1629.71
329,10,0,1,11.6241,1614.66
2116,10,0,1,11.619,1587.79
327,10,0,1,11.6045,1509.12
324,10,0,1,11.6002,1486.61
319,10,0,1,11.5708,1331.52
320,10,0,1,11.5582,1245.82
2176,10,0,2,11.9172,3227.28,0.0568333,247.89,0.16,3
2066,10,0,2,11.907,3160.17
869,10,0,2,11.8965,3085.16
865,10,0,2,11.8799,2992.05
852,10,0,2,11.8731,2950.08
850,10,0,2,11.8672,2907.1
849,10,0,2,11.8597,2857.62
1774,10,0,2,11.8561,2837.62
837,10,0,2,11.8438,2767.18
2010,10,0,2,11.8353,2718.88
2009,10,0,2,11.8131,2598.46
819,10,0,2,11.806,2550.96
811,10,0,2,11.7848,2432.35
805,10,0,2,11.7813,2412.91
358,10,0,2,11.7707,2353.4
349,10,0,2,11.7533,2262.79
344,10,0,2,11.7402,2181.19
1306,10,0,3,12.0066,3662.61,0.0833333,363.475,0.03,4
1599,10,0,3,11.9907,3573.16
1300,10,0,3,11.9869,3547.45
1298,10,0,3,11.9807,3514.54
2176,10,0,3,11.9741,3475.17
869,10,0,4,12.1693,4452.87,0.0443333,193.369,0.11,5
2066,10,0,4,12.1419,4316.92
1297,10,0,4,12.1114,4159.34
1299,10,0,4,12.1054,4125.79
1600,10,0,4,12.104,4112.35
1306,10,0,4,12.09,4026.08
850,10,0,5,12.2417,4821.76,0.1105,481.968,0.03,6
852,10,0,5,12.2342,4777.13
865,10,0,5,12.2275,4735.29
869,10,0,5,12.2136,4646.24
849,10,0,6,12.3579,5353.19,0.0775,338.032,0.22,7
850,10,0,6,12.3522,5303.73
819,10,0,7,12.4824,5982.61,0.0838333,365.656,0.48,8
2009,10,0,7,12.4757,5935.4
2010,10,0,7,12.46,5834.56
837,10,0,7,12.4528,5788.6
1774,10,0,7,12.4385,5709.83
849,10,0,7,12.4354,5691.23
105,10,0,8,12.7499,7421.57,0.0435,189.734,0.48,9
1967,10,0,8,12.7126,7224.51
107,10,0,8,12.7074,7194.89
1978,10,0,8,12.6983,7139.99
1979,10,0,8,12.6666,6930.81
329,10,0,8,12.6644,6913.36
2114,10,0,8,12.6599,6890.16
335,10,0,8,12.6494,6829.02
1819,10,0,8,12.6445,6800.08
344,10,0,8,12.6279,6702.83
349,10,0,8,12.6138,6619.75
358,10,0,8,12.6013,6550.45
805,10,0,8,12.5899,6487.16
811,10,0,8,12.588,6469.43
819,10,0,8,12.5663,6348.26
1970,10,0,9,12.8288,7803.66,0.0341667,149.025,0.09,10
124,10,0,9,12.8079,7690.98
105,10,0,9,12.7934,7611.3
1968,10,0,10,12.9401,8340.55,0,0,0
118,10,0,10,12.9006,8142.13
117,10,0,10,12.8934,8106.15
122,10,0,10,12.8762,8019.23
1970,10,0,10,12.863,7952.68
105,11,0,0,11.253,499.965,0.104333,455.071,0.4,1
124,11,0,0,11.2397,425.166
1970,11,0,0,11.2239,332.084
122,11,0,0,11.211,266.81
117,11,0,0,11.1956,187.792
118,11,0,0,11.1878,149.07
1968,11,0,0,11.16,0
320,11,0,1,11.412,1306.15,0.0905,394.734,0.38,2
1978,11,0,1,11.3934,1185.95
107,11,0,1,11.3849,1131.84
1967,11,0,1,11.3819,1103.14
105,11,0,1,11.3573,955.035
344,11,0,2,11.6047,2288.05,0.0798333,348.209,0.09,3
1819,11,0,2,11.5913,2194.53
335,11,0,2,11.5863,2165.58
2114,11,0,2,11.571,2084.78
329,11,0,2,11.5685,2069.73
2116,11,0,2,11.5633,2042.86
327,11,0,2,11.5489,1964.19
324,11,0,2,11.5445,1941.68
319,11,0,2,11.5151,1786.59
320,11,0,2,11.5025,1700.89
850,11,0,3,11.8115,3362.17,0.0711667,310.408,0.1,4
849,11,0,3,11.804,3312.69
1774,11,0,3,11.8004,3292.69
837,11,0,3,11.7882,3222.25
2010,11,0,3,11.7796,3173.95
2009,11,0,3,11.7575,3053.53
819,11,0,3,11.7504,3006.03
811,11,0,3,11.7292,2887.42
805,11,0,3,11.7257,2867.98
358,11,0,3,11.7151,2808.47
349,11,0,3,11.6976,2717.86
344,11,0,3,11.6845,2636.26
2176,11,0,4,11.9327,3992.76,0.0568333,247.89,0.16,5
2066,11,0,4,11.9225,3925.65
869,11,0,4,11.912,3850.64
865,11,0,4,11.8954,3757.53
852,11,0,4,11.8886,3715.56
850,11,0,4,11.8827,3672.58
1306,11,0,5,12.0221,4428.09,0.0833333,363.475,0.03,6
1599,11,0,5,12.0062,4338.64
1300,11,0,5,12.0024,4312.92
1298,11,0,5,11.9962,4280.02
2176,11,0,5,11.9896,4240.65
869,11,0,6,12.1848,5218.35,0.0443333,193.369,0.11,7
2066,11,0,6,12.1574,5082.4
1297,11,0,6,12.1269,4924.82
1299,11,0,6,12.1209,4891.27
1600,11,0,6,12.1195,4877.82
1306,11,0,6,12.1055,4791.56
849,11,0,7,12.2629,5636.7,0.0775,338.032,0.22,8
850,11,0,7,12.2572,5587.24
852,11,0,7,12.2497,5542.61
865,11,0,7,12.243,5500.77
869,11,0,7,12.2291,5411.72
819,11,0,8,12.3874,6266.12,0.0838333,365.656,0.48,9
2009,11,0,8,12.3807,6218.91
2010,11,0,8,12.365,6118.07
837,11,0,8,12.3578,6072.11
1774,11,0,8,12.3435,5993.34
849,11,0,8,12.3404,5974.74
1970,11,0,9,12.6903,7897.43,0.0341667,149.025,0.09,10
124,11,0,9,12.6694,7784.75
105,11,0,9,12.6549,7705.08
1967,11,0,9,12.6176,7508.02
107,11,0,9,12.6124,7478.4
1978,11,0,9,12.6033,7423.5
1979,11,0,9,12.5716,7214.32
329,11,0,9,12.5694,7196.87
2114,11,0,9,12.5649,7173.67
335,11,0,9,12.5544,7112.53
1819,11,0,9,12.5495,7083.6
344,11,0,9,12.5329,6986.34
349,11,0,9,12.5188,6903.26
358,11,0,9,12.5063,6833.96
805,11,0,9,12.4949,6770.67
811,11,0,9,12.493,6752.94
819,11,0,9,12.4713,6631.77
1968,11,0,10,12.8016,8434.33,0,0,0
118,11,0,10,12.7621,8235.9
117,11,0,10,12.7549,8199.93
122,11,0,10,12.7377,8113.01
1970,11,0,10,12.7245,8046.46
105,12,0,0,11.253,499.965,0.104333,455.071,0.4,1
124,12,0,0,11.2397,425.166
1970,12,0,0,11.2239,332.084
122,12,0,0,11.211,266.81
117,12,0,0,11.1956,187.792
118,12,0,0,11.1878,149.07
1968,12,0,0,11.16,0
320,12,0,1,11.412,1306.15,0.0905,394.734,0.38,2
1978,12,0,1,11.3934,1185.95
107,12,0,1,11.3849,1131.84
1967,12,0,1,11.3819,1103.14
105,12,0,1,11.3573,955.035
344,12,0,2,11.6047,2288.05,0.0798333,348.209,0.09,3
1819,12,0,2,11.5913,2194.53
335,12,0,2,11.5863,2165.58
2114,12,0,2,11.571,2084.78
329,12,0,2,11.5685,2069.73
2116,12,0,2,11.5633,2042.86
327,12,0,2,11.5489,1964.19
324,12,0,2,11.5445,1941.68
319,12,0,2,11.5151,1786.59
320,12,0,2,11.5025,1700.89
849,12,0,3,11.804,3312.69,0.0695,303.138,0.23,4
1774,12,0,3,11.8004,3292.69
837,12,0,3,11.7882,3222.25
2010,12,0,3,11.7796,3173.95
2009,12,0,3,11.7575,3053.53
819,12,0,3,11.7504,3006.03
811,12,0,3,11.7292,2887.42
805,12,0,3,11.7257,2867.98
358,12,0,3,11.7151,2808.47
349,12,0,3,11.6976,2717.86
344,12,0,3,11.6845,2636.26
2176,12,0,4,11.9311,3985.49,0.0568333,247.89,0.16,5
2066,12,0,4,11.9209,3918.38
869,12,0,4,11.9103,3843.37
865,12,0,4,11.8938,3750.26
852,12,0,4,11.887,3708.29
850,12,0,4,11.881,3665.31
849,12,0,4,11.8735,3615.83
1306,12,0,5,12.0205,4420.82,0.0833333,363.475,0.03,6
1599,12,0,5,12.0045,4331.37
1300,12,0,5,12.0007,4305.65
1298,12,0,5,11.9945,4272.75
2176,12,0,5,11.9879,4233.38
869,12,0,6,12.1831,5211.08,0.0443333,193.369,0.11,7
2066,12,0,6,12.1557,5075.13
1297,12,0,6,12.1253,4917.55
1299,12,0,6,12.1192,4884
1600,12,0,6,12.1178,4870.55
1306,12,0,6,12.1038,4784.29
850,12,0,7,12.2555,5579.97,0.1105,481.968,0.03,8
852,12,0,7,12.248,5535.34
865,12,0,7,12.2413,5493.5
869,12,0,7,12.2274,5404.45
819,12,0,8,12.4188,6402.79,0.0838333,365.656,0.48,9
2009,12,0,8,12.4121,6355.58
2010,12,0,8,12.3964,6254.74
837,12,0,8,12.3892,6208.78
1774,12,0,8,12.3748,6130
849,12,0,8,12.3717,6111.4
850,12,0,8,12.366,6061.94
1970,12,0,9,12.7216,8034.1,0.0341667,149.025,0.09,10
124,12,0,9,12.7007,7921.42
105,12,0,9,12.6863,7841.75
1967,12,0,9,12.6489,7644.68
107,12,0,9,12.6437,7615.06
1978,12,0,9,12.6347,7560.17
1979,12,0,9,12.6029,7350.98
329,12,0,9,12.6007,7333.54
2114,12,0,9,12.5962,7310.33
335,12,0,9,12.5858,7249.2
1819,12,0,9,12.5808,7220.26
344,12,0,9,12.5642,7123.01
349,12,0,9,12.5501,7039.93
358,12,0,9,12.5377,6970.62
805,12,0,9,12.5262,6907.34
811,12,0,9,12.5244,6889.6
819,12,0,9,12.5026,6768.44
1968,12,0,10,12.8329,8571,0,0,0
118,12,0,10,12.7934,8372.57
117,12,0,10,12.7863,8336.59
122,12,0,10,12.769,8249.68
1970,12,0,10,12.7558,8183.12
105,13,0,0,11.333,499.965,0.104333,455.071,0.4,1
124,13,0,0,11.3197,425.166
1970,13,0,0,11.3039,332.084
122,13,0,0,11.291,266.81
117,13,0,0,11.2756,187.792
118,13,0,0,11.2678,149.07
1968,13,0,0,11.24,0
320,13,0,1,11.492,1306.15,0.0905,394.734,0.38,2
1978,13,0,1,11.4734,1185.95
107,13,0,1,11.4649,1131.84
1967,13,0,1,11.4619,1103.14
105,13,0,1,11.4373,955.035
344,13,0,2,11.6847,2288.05,0.0798333,348.209,0.09,3
1819,13,0,2,11.6713,2194.53
335,13,0,2,11.6663,2165.58
2114,13,0,2,11.651,2084.78
329,13,0,2,11.6485,2069.73
2116,13,0,2,11.6433,2042.86
327,13,0,2,11.6288,1964.19
324,13,0,2,11.6245,1941.68
319,13,0,2,11.5951,1786.59
320,13,0,2,11.5825,1700.89
2176,13,0,3,11.9416,3682.36,0.0568333,247.89,0.16,4
2066,13,0,3,11.9314,3615.25
869,13,0,3,11.9208,3540.23
865,13,0,3,11.9043,3447.12
852,13,0,3,11.8975,3405.15
850,13,0,3,11.8915,3362.17
849,13,0,3,11.884,3312.69
1774,13,0,3,11.8804,3292.69
837,13,0,3,11.8682,3222.25
2010,13,0,3,11.8596,3173.95
2009,13,0,3,11.8375,3053.53
819,13,0,3,11.8304,3006.03
811,13,0,3,11.8092,2887.42
805,13,0,3,11.8057,2867.98
358,13,0,3,11.7951,2808.47
349,13,0,3,11.7776,2717.86
344,13,0,3,11.7645,2636.26
1306,13,0,4,12.031,4117.68,0.0833333,363.475,0.03,5
1599,13,0,4,12.015,4028.23
1300,13,0,4,12.0112,4002.52
1298,13,0,4,12.005,3969.61
2176,13,0,4,11.9984,3930.25
869,13,0,5,12.1936,4907.94,0.0443333,193.369,0.11,6
2066,13,0,5,12.1662,4771.99
1297,13,0,5,12.1358,4614.41
1299,13,0,5,12.1297,4580.86
1600,13,0,5,12.1283,4567.42
1306,13,0,5,12.1143,4481.15
850,13,0,6,12.266,5276.84,0.1105,481.968,0.03,7
852,13,0,6,12.2585,5232.2
865,13,0,6,12.2518,5190.36
869,13,0,6,12.2379,5101.31
849,13,0,7,12.3822,5808.26,0.0775,338.032,0.22,8
850,13,0,7,12.3765,5758.8
819,13,0,8,12.5068,6437.68,0.0838333,365.656,0.48,9
2009,13,0,8,12.5001,6390.47
2010,13,0,8,12.4844,6289.63
837,13,0,8,12.4772,6243.67
1774,13,0,8,12.4628,6164.9
849,13,0,8,12.4597,6146.3
1970,13,0,9,12.8096,8068.99,0.0341667,149.025,0.09,10
124,13,0,9,12.7887,7956.32
105,13,0,9,12.7743,7876.64
1967,13,0,9,12.7369,7679.58
107,13,0,9,12.7317,7649.96
1978,13,0,9,12.7227,7595.07
1979,13,0,9,12.6909,7385.88
329,13,0,9,12.6887,7368.43
2114,13,0,9,12.6842,7345.23
335,13,0,9,12.6738,7284.09
1819,13,0,9,12.6688,7255.16
344,13,0,9,12.6522,7157.9
349,13,0,9,12.6381,7074.82
358,13,0,9,12.6257,7005.52
805,13,0,9,12.6142,6942.24
811,13,0,9,12.6124,6924.5
819,13,0,9,12.5906,6803.34
1968,13,0,10,12.9209,8605.89,0,0,0
118,13,0,10,12.8814,8407.46
117,13,0,10,12.8743,8371.49
122,13,0,10,12.857,8284.57
1970,13,0,10,12.8438,8218.02
105,14,0,0,11.373,499.965,0.104333,455.071,0.4,1
124,14,0,0,11.3597,425.166
1970,14,0,0,11.3439,332.084
122,14,0,0,11.331,266.81
117,14,0,0,11.3156,187.792
118,14,0,0,11.3078,149.07
1968,14,0,0,11.28,0
320,14,0,1,11.532,1306.15,0.0905,394.734,0.38,2
1978,14,0,1,11.5134,1185.95
107,14,0,1,11.5049,1131.84
1967,14,0,1,11.5019,1103.14
105,14,0,1,11.4773,955.035
344,14,0,2,11.7247,2288.05,0.0798333,348.209,0.09,3
1819,14,0,2,11.7113,2194.53
335,14,0,2,11.7063,2165.58
2114,14,0,2,11.691,2084.78
329,14,0,2,11.6885,2069.73
2116,14,0,2,11.6833,2042.86
327,14,0,2,11.6688,1964.19
324,14,0,2,11.6645,1941.68
319,14,0,2,11.6351,1786.59
320,14,0,2,11.6225,1700.89
849,14,0,3,11.924,3312.69,0.0695,303.138,0.23,4
1774,14,0,3,11.9204,3292.69
837,14,0,3,11.9082,3222.25
2010,14,0,3,11.8996,3173.95
2009,14,0,3,11.8775,3053.53
819,14,0,3,11.8704,3006.03
811,14,0,3,11.8492,2887.42
805,14,0,3,11.8457,2867.98
358,14,0,3,11.8351,2808.47
349,14,0,3,11.8176,2717.86
344,14,0,3,11.8045,2636.26
850,14,0,4,12.001,3665.31,0.1105,481.968,0.03,5
849,14,0,4,11.9935,3615.83
869,14,0,5,12.1384,4321.73,0.0443333,193.369,0.11,6
865,14,0,5,12.1237,4231.52
852,14,0,5,12.1175,4190.26
850,14,0,5,12.1115,4147.28
2176,14,0,6,12.2038,4657.41,0.0963333,420.177,0.14,7
2066,14,0,6,12.1936,4590.25
869,14,0,6,12.1828,4515.1
1306,14,0,7,12.3339,5268.82,0.0833333,363.475,0.03,8
1599,14,0,7,12.3164,5172.37
1300,14,0,7,12.312,5145.95
1298,14,0,7,12.3067,5116.77
2176,14,0,7,12.3002,5077.59
819,14,0,8,12.5774,6575.46,0.0838333,365.656,0.48,9
2009,14,0,8,12.5707,6528.25
2010,14,0,8,12.555,6427.41
837,14,0,8,12.5478,6381.45
1774,14,0,8,12.5334,6302.67
849,14,0,8,12.5303,6284.07
850,14,0,8,12.5247,6234.61
852,14,0,8,12.5171,6189.98
865,14,0,8,12.5104,6148.13
869,14,0,8,12.4966,6059.08
2066,14,0,8,12.4692,5923.14
1297,14,0,8,12.4387,5765.55
1299,14,0,8,12.4327,5732.01
1600,14,0,8,12.4313,5718.56
1306,14,0,8,12.4173,5632.3
1970,14,0,9,12.8803,8206.77,0.0341667,149.025,0.09,10
124,14,0,9,12.8594,8094.09
105,14,0,9,12.8449,8014.41
1967,14,0,9,12.8075,7817.35
107,14,0,9,12.8023,7787.73
1978,14,0,9,12.7933,7732.84
1979,14,0,9,12.7615,7523.65
329,14,0,9,12.7594,7506.21
2114,14,0,9,12.7548,7483
335,14,0,9,12.7444,7421.87
1819,14,0,9,12.7394,7392.93
344,14,0,9,12.7229,7295.68
349,14,0,9,12.7088,7212.6
358,14,0,9,12.6963,7143.29
805,14,0,9,12.6848,7080.01
811,14,0,9,12.683,7062.27
819,14,0,9,12.6612,6941.11
1968,14,0,10,12.9915,8743.67,0,0,0
118,14,0,10,12.952,8545.24
117,14,0,10,12.9449,8509.26
122,14,0,10,12.9276,8422.35
1970,14,0,10,12.9144,8355.79
105,15,0,0,11.343,499.965,0.104333,455.071,0.4,1
124,15,0,0,11.3297,425.166
1970,15,0,0,11.3139,332.084
122,15,0,0,11.301,266.81
117,15,0,0,11.2856,187.792
118,15,0,0,11.2778,149.07
1968,15,0,0,11.25,0
320,15,0,1,11.502,1306.15,0.0905,394.734,0.38,2
1978,15,0,1,11.4834,1185.95
107,15,0,1,11.4749,1131.84
1967,15,0,1,11.4719,1103.14
105,15,0,1,11.4473,955.035
344,15,0,2,11.6947,2288.05,0.0798333,348.209,0.09,3
1819,15,0,2,11.6813,2194.53
335,15,0,2,11.6763,2165.58
2114,15,0,2,11.661,2084.78
329,15,0,2,11.6585,2069.73
2116,15,0,2,11.6533,2042.86
327,15,0,2,11.6389,1964.19
324,15,0,2,11.6345,1941.68
319,15,0,2,11.6051,1786.59
320,15,0,2,11.5925,1700.89
869,15,0,3,11.9308,3540.23,0.0495,215.904,0.11,4
865,15,0,3,11.9143,3447.12
852,15,0,3,11.9075,3405.15
850,15,0,3,11.9015,3362.17
849,15,0,3,11.894,3312.69
1774,15,0,3,11.8904,3292.69
837,15,0,3,11.8782,3222.25
2010,15,0,3,11.8696,3173.95
2009,15,0,3,11.8475,3053.53
819,15,0,3,11.8404,3006.03
811,15,0,3,11.8192,2887.42
805,15,0,3,11.8157,2867.98
358,15,0,3,11.8051,2808.47
349,15,0,3,11.7876,2717.86
344,15,0,3,11.7745,2636.26
2176,15,0,4,12.0011,3898.26,0.0963333,420.177,0.14,5
2066,15,0,4,11.9909,3831.15
869,15,0,4,11.9803,3756.13
1306,15,0,5,12.1312,4509.67,0.0833333,363.475,0.03,6
1599,15,0,5,12.1136,4413.22
1300,15,0,5,12.1093,4386.8
1298,15,0,5,12.1039,4357.62
2176,15,0,5,12.0974,4318.44
850,15,0,6,12.3219,5475.46,0.1105,481.968,0.03,7
852,15,0,6,12.3144,5430.82
865,15,0,6,12.3077,5388.98
869,15,0,6,12.2938,5299.93
2066,15,0,6,12.2665,5163.99
1297,15,0,6,12.236,5006.4
1299,15,0,6,12.23,4972.86
1600,15,0,6,12.2285,4959.41
1306,15,0,6,12.2145,4873.15
849,15,0,7,12.4381,6006.89,0.0775,338.032,0.22,8
850,15,0,7,12.4324,5957.43
819,15,0,8,12.5627,6636.3,0.0838333,365.656,0.48,9
2009,15,0,8,12.556,6589.1
2010,15,0,8,12.5402,6488.25
837,15,0,8,12.5331,6442.3
1774,15,0,8,12.5187,6363.52
849,15,0,8,12.5156,6344.92
1970,15,0,9,12.8655,8267.62,0.0341667,149.025,0.09,10
124,15,0,9,12.8446,8154.94
105,15,0,9,12.8302,8075.26
1967,15,0,9,12.7928,7878.2
107,15,0,9,12.7876,7848.58
1978,15,0,9,12.7785,7793.69
1979,15,0,9,12.7468,7584.5
329,15,0,9,12.7446,7567.06
2114,15,0,9,12.7401,7543.85
335,15,0,9,12.7296,7482.72
1819,15,0,9,12.7247,7453.78
344,15,0,9,12.7081,7356.53
349,15,0,9,12.694,7273.45
358,15,0,9,12.6815,7204.14
805,15,0,9,12.6701,7140.86
811,15,0,9,12.6683,7123.12
819,15,0,9,12.6465,7001.96
1968,15,0,10,12.9768,8804.51,0,0,0
118,15,0,10,12.9373,8606.09
117,15,0,10,12.9302,8570.11
122,15,0,10,12.9129,8483.2
1970,15,0,10,12.8997,8416.64
1970,16,0,0,11.2939,332.084,0.0768333,335.124,0.08,1
122,16,0,0,11.281,266.81
117,16,0,0,11.2656,187.792
118,16,0,0,11.2578,149.07
1968,16,0,0,11.23,0
105,16,0,1,11.3998,835.089,0.104333,455.071,0.4,2
124,16,0,1,11.3865,760.29
1970,16,0,1,11.3707,667.208
320,16,0,2,11.5588,1641.28,0.0905,394.734,0.38,3
1978,16,0,2,11.5402,1521.07
107,16,0,2,11.5318,1466.97
1967,16,0,2,11.5288,1438.26
105,16,0,2,11.5042,1290.16
344,16,0,3,11.7515,2623.18,0.0798333,348.209,0.09,4
1819,16,0,3,11.7381,2529.65
335,16,0,3,11.7332,2500.7
2114,16,0,3,11.7178,2419.91
329,16,0,3,11.7153,2404.85
2116,16,0,3,11.7102,2377.98
327,16,0,3,11.6957,2299.31
324,16,0,3,11.6913,2276.8
319,16,0,3,11.6619,2121.71
320,16,0,3,11.6493,2036.01
2176,16,0,4,12.0084,4017.48,0.0963333,420.177,0.14,5
2066,16,0,4,11.9982,3950.37
869,16,0,4,11.9876,3875.35
865,16,0,4,11.9711,3782.25
852,16,0,4,11.9643,3740.28
850,16,0,4,11.9583,3697.29
849,16,0,4,11.9509,3647.82
1774,16,0,4,11.9473,3627.82
837,16,0,4,11.935,3557.37
2010,16,0,4,11.9264,3509.08
2009,16,0,4,11.9043,3388.65
819,16,0,4,11.8972,3341.16
811,16,0,4,11.876,3222.54
805,16,0,4,11.8725,3203.11
358,16,0,4,11.8619,3143.6
349,16,0,4,11.8444,3052.98
344,16,0,4,11.8313,2971.38
1306,16,0,5,12.1385,4628.89,0.0833333,363.475,0.03,6
1599,16,0,5,12.121,4532.44
1300,16,0,5,12.1166,4506.02
1298,16,0,5,12.1113,4476.84
2176,16,0,5,12.1047,4437.66
869,16,0,6,12.3012,5419.15,0.0443333,193.369,0.11,7
2066,16,0,6,12.2738,5283.21
1297,16,0,6,12.2433,5125.62
1299,16,0,6,12.2373,5092.08
1600,16,0,6,12.2358,5078.63
1306,16,0,6,12.2218,4992.37
850,16,0,7,12.3736,5788.05,0.1105,481.968,0.03,8
852,16,0,7,12.3661,5743.41
865,16,0,7,12.3593,5701.57
869,16,0,7,12.3455,5612.52
849,16,0,8,12.4898,6319.48,0.0775,338.032,0.22,9
850,16,0,8,12.4841,6270.02
819,16,0,9,12.6143,6948.89,0.0838333,365.656,0.48,10
2009,16,0,9,12.6076,6901.69
2010,16,0,9,12.5919,6800.84
837,16,0,9,12.5847,6754.89
1774,16,0,9,12.5704,6676.11
849,16,0,9,12.5673,6657.51
1968,16,0,10,12.9943,8968.35,0,0,0
118,16,0,10,12.9551,8771.07
117,16,0,10,12.9477,8733.68
122,16,0,10,12.9304,8646.76
1970,16,0,10,12.9172,8580.21
124,16,0,10,12.8963,8467.53
105,16,0,10,12.8818,8387.85
1967,16,0,10,12.8445,8190.79
107,16,0,10,12.8392,8161.17
1978,16,0,10,12.8302,8106.28
1979,16,0,10,12.7984,7897.09
329,16,0,10,12.7963,7879.65
2114,16,0,10,12.7917,7856.44
335,16,0,10,12.7813,7795.31
1819,16,0,10,12.7763,7766.37
344,16,0,10,12.7598,7669.12
349,16,0,10,12.7457,7586.03
358,16,0,10,12.7332,7516.73
805,16,0,10,12.7217,7453.45
811,16,0,10,12.7199,7435.71
819,16,0,10,12.6982,7314.55
105,17,0,0,10.9819,497.903,0.115333,503.049,0.34,1
124,17,0,0,10.9698,426.583
1970,17,0,0,10.9544,334.012
122,17,0,0,10.9418,270.034
117,17,0,0,10.9248,184.186
118,17,0,0,10.9164,143.105
1968,17,0,0,10.89,0
1970,17,0,1,11.1296,1180.66,0.0768333,335.124,0.08,2
124,17,0,1,11.1105,1075.65
105,17,0,1,11.0972,1000.95
320,17,0,2,11.2903,2034.79,0.0905,394.734,0.38,3
1978,17,0,2,11.2717,1914.58
107,17,0,2,11.2632,1860.47
1967,17,0,2,11.2602,1831.77
105,17,0,2,11.2356,1683.67
124,17,0,2,11.2223,1608.87
1970,17,0,2,11.2065,1515.79
344,17,0,3,11.483,3016.68,0.0798333,348.209,0.09,4
1819,17,0,3,11.4696,2923.16
335,17,0,3,11.4646,2894.21
2114,17,0,3,11.4493,2813.42
329,17,0,3,11.4468,2798.36
2116,17,0,3,11.4416,2771.49
327,17,0,3,11.4271,2692.82
324,17,0,3,11.4228,2670.31
319,17,0,3,11.3934,2515.22
320,17,0,3,11.3808,2429.52
849,17,0,4,11.6823,4041.33,0.0695,303.138,0.23,5
1774,17,0,4,11.6787,4021.33
837,17,0,4,11.6665,3950.88
2010,17,0,4,11.6579,3902.59
2009,17,0,4,11.6358,3782.16
819,17,0,4,11.6287,3734.66
811,17,0,4,11.6075,3616.05
805,17,0,4,11.604,3596.61
358,17,0,4,11.5934,3537.1
349,17,0,4,11.5759,3446.49
344,17,0,4,11.5628,3364.89
2176,17,0,5,11.8094,4714.13,0.0568333,247.89,0.16,6
2066,17,0,5,11.7992,4647.02
869,17,0,5,11.7886,4572
865,17,0,5,11.7721,4478.9
852,17,0,5,11.7653,4436.92
850,17,0,5,11.7593,4393.94
849,17,0,5,11.7518,4344.46
869,17,0,6,11.9243,5271.13,0.0495,215.904,0.11,7
2066,17,0,6,11.9033,5161.57
1297,17,0,6,11.8763,5018.81
1298,17,0,6,11.8728,5001.38
2176,17,0,6,11.8662,4962.02
1306,17,0,7,12.0272,5816.59,0.0833333,363.475,0.03,8
1599,17,0,7,12.0112,5727.15
1300,17,0,7,12.0074,5701.43
1298,17,0,7,12.0012,5668.52
2176,17,0,7,11.9946,5629.16
2066,17,0,7,11.9844,5562.05
869,17,0,7,11.9738,5487.03
850,17,0,8,12.2179,6782.38,0.1105,481.968,0.03,9
852,17,0,8,12.2104,6737.74
865,17,0,8,12.2037,6695.9
869,17,0,8,12.1898,6606.85
2066,17,0,8,12.1624,6470.91
1297,17,0,8,12.132,6313.32
1299,17,0,8,12.126,6279.78
1600,17,0,8,12.1245,6266.33
1306,17,0,8,12.1105,6180.07
819,17,0,9,12.3812,7605.19,0.0838333,365.656,0.48,10
2009,17,0,9,12.3745,7557.99
2010,17,0,9,12.3587,7457.14
837,17,0,9,12.3516,7411.19
1774,17,0,9,12.3372,7332.41
849,17,0,9,12.3341,7313.81
850,17,0,9,12.3284,7264.35
1968,17,0,10,12.7612,9624.65,0,0,0
118,17,0,10,12.7219,9427.37
117,17,0,10,12.7145,9389.98
122,17,0,10,12.6972,9303.06
1970,17,0,10,12.684,9236.5
124,17,0,10,12.6631,9123.83
105,17,0,10,12.6486,9044.15
1967,17,0,10,12.6113,8847.09
107,17,0,10,12.6061,8817.47
1978,17,0,10,12.597,8762.58
1979,17,0,10,12.5653,8553.39
329,17,0,10,12.5631,8535.95
2114,17,0,10,12.5586,8512.74
335,17,0,10,12.5481,8451.61
1819,17,0,10,12.5432,8422.67
344,17,0,10,12.5266,8325.42
349,17,0,10,12.5125,8242.33
358,17,0,10,12.5,8173.03
805,17,0,10,12.4886,8109.75
811,17,0,10,12.4868,8092.01
819,17,0,10,12.465,7970.85
320,18,0,0,11.4077,851.082,0.0905,394.734,0.38,1
1978,18,0,0,11.3891,730.88
107,18,0,0,11.3806,676.772
1967,18,0,0,11.3776,648.066
105,18,0,0,11.353,499.965
124,18,0,0,11.3397,425.166
1970,18,0,0,11.3239,332.084
122,18,0,0,11.311,266.81
117,18,0,0,11.2956,187.792
118,18,0,0,11.2878,149.07
1968,18,0,0,11.26,0
344,18,0,1,11.6003,1832.98,0.0798333,348.209,0.09,2
1819,18,0,1,11.587,1739.46
335,18,0,1,11.582,1710.51
2114,18,0,1,11.5667,1629.71
329,18,0,1,11.5641,1614.66
2116,18,0,1,11.559,1587.79
327,18,0,1,11.5445,1509.12
324,18,0,1,11.5402,1486.61
319,18,0,1,11.5108,1331.52
320,18,0,1,11.4982,1245.82
849,18,0,2,11.7997,2857.62,0.0695,303.138,0.23,3
1774,18,0,2,11.7961,2837.62
837,18,0,2,11.7838,2767.18
2010,18,0,2,11.7753,2718.88
2009,18,0,2,11.7531,2598.46
819,18,0,2,11.746,2550.96
811,18,0,2,11.7248,2432.35
805,18,0,2,11.7213,2412.91
358,18,0,2,11.7107,2353.4
349,18,0,2,11.6933,2262.79
344,18,0,2,11.6802,2181.19
2176,18,0,3,11.9267,3530.42,0.0568333,247.89,0.16,4
2066,18,0,3,11.9165,3463.31
869,18,0,3,11.906,3388.3
865,18,0,3,11.8895,3295.19
852,18,0,3,11.8826,3253.22
850,18,0,3,11.8767,3210.24
849,18,0,3,11.8692,3160.76
1306,18,0,4,12.0161,3965.75,0.0833333,363.475,0.03,5
1599,18,0,4,12.0002,3876.3
1300,18,0,4,11.9964,3850.58
1298,18,0,4,11.9902,3817.68
2176,18,0,4,11.9836,3778.31
869,18,0,5,12.1788,4756.01,0.0443333,193.369,0.11,6
2066,18,0,5,12.1514,4620.06
1297,18,0,5,12.1209,4462.48
1299,18,0,5,12.1149,4428.93
1600,18,0,5,12.1135,4415.48
1306,18,0,5,12.0995,4329.22
850,18,0,6,12.2512,5124.9,0.1105,481.968,0.03,7
852,18,0,6,12.2437,5080.27
865,18,0,6,12.237,5038.43
869,18,0,6,12.2231,4949.38
819,18,0,7,12.4144,5947.72,0.0838333,365.656,0.48,8
2009,18,0,7,12.4077,5900.51
2010,18,0,7,12.392,5799.67
837,18,0,7,12.3848,5753.71
1774,18,0,7,12.3705,5674.93
849,18,0,7,12.3674,5656.33
850,18,0,7,12.3617,5606.87
1970,18,0,8,12.7173,7579.03,0.0341667,149.025,0.09,9
124,18,0,8,12.6964,7466.35
105,18,0,8,12.6819,7386.67
1967,18,0,8,12.6446,7189.61
107,18,0,8,12.6394,7159.99
1978,18,0,8,12.6303,7105.1
1979,18,0,8,12.5986,6895.91
329,18,0,8,12.5964,6878.47
2114,18,0,8,12.5919,6855.26
335,18,0,8,12.5814,6794.13
1819,18,0,8,12.5765,6765.19
344,18,0,8,12.5599,6667.94
349,18,0,8,12.5458,6584.86
358,18,0,8,12.5333,6515.55
805,18,0,8,12.5219,6452.27
811,18,0,8,12.52,6434.53
819,18,0,8,12.4983,6313.37
1968,18,0,9,12.8286,8115.93,0,0,0
118,18,0,9,12.7891,7917.5
117,18,0,9,12.7819,7881.52
122,18,0,9,12.7647,7794.61
1970,18,0,9,12.7515,7728.05
105,18,1,0,9.93826,522.901,0.1085,473.244,0.3,1
124,18,1,0,9.92272,438.596
1970,18,1,0,9.90717,345.923
122,18,1,0,9.8944,281.164
117,18,1,0,9.87485,184.747
118,18,1,0,9.86805,150.127
1968,18,1,0,9.84,0
1968,18,1,1,10.1472,1525.79,0,0,0
118,18,1,1,10.1147,1356.71
117,18,1,1,10.1074,1320.07
122,18,1,1,10.0908,1235.7
1970,18,1,1,10.0788,1174.12
124,18,1,1,10.0595,1068.77
105,18,1,1,10.0468,996.145
320,19,0,0,11.5477,851.082,0.0905,394.734,0.38,1
1978,19,0,0,11.5291,730.88
107,19,0,0,11.5206,676.772
1967,19,0,0,11.5176,648.066
105,19,0,0,11.493,499.965
124,19,0,0,11.4797,425.166
1970,19,0,0,11.4639,332.084
122,19,0,0,11.451,266.81
117,19,0,0,11.4356,187.792
118,19,0,0,11.4278,149.07
1968,19,0,0,11.4,0
2176,19,0,1,11.9268,2838.28,0.0568333,247.89,0.16,2
2066,19,0,1,11.9164,2770.94
869,19,0,1,11.905,2695.31
1856,19,0,1,11.8772,2567.83
855,19,0,1,11.877,2567.12
854,19,0,1,11.8748,2553.53
841,19,0,1,11.8563,2454.48
829,19,0,1,11.8416,2372.13
831,19,0,1,11.8288,2306.55
2153,19,0,1,11.8288,2306.47
821,19,0,1,11.8149,2237.12
2008,19,0,1,11.8064,2194.33
812,19,0,1,11.7899,2103.01
807,19,0,1,11.7897,2102.22
356,19,0,1,11.7769,2031.8
1981,19,0,1,11.7647,1948.29
345,19,0,1,11.743,1838.22
341,19,0,1,11.7335,1787.97
2132,19,0,1,11.7333,1785.93
328,19,0,1,11.7194,1694.35
2115,19,0,1,11.708,1635.36
329,19,0,1,11.7041,1614.66
2116,19,0,1,11.699,1587.79
327,19,0,1,11.6845,1509.12
324,19,0,1,11.6802,1486.61
319,19,0,1,11.6508,1331.52
320,19,0,1,11.6382,1245.82
1306,19,0,2,12.0162,3273.6,0.0833333,363.475,0.03,3
1599,19,0,2,12.0003,3184.16
1300,19,0,2,11.9964,3158.44
1298,19,0,2,11.9903,3125.53
2176,19,0,2,11.9836,3086.17
869,19,0,3,12.1788,4063.86,0.0443333,193.369,0.11,4
2066,19,0,3,12.1515,3927.92
1297,19,0,3,12.121,3770.33
1299,19,0,3,12.115,3736.79
1600,19,0,3,12.1135,3723.34
1306,19,0,3,12.0995,3637.08
850,19,0,4,12.2512,4432.76,0.1105,481.968,0.03,5
852,19,0,4,12.2437,4388.12
865,19,0,4,12.237,4346.28
869,19,0,4,12.2232,4257.23
849,19,0,5,12.3674,4964.19,0.0775,338.032,0.22,6
850,19,0,5,12.3617,4914.73
819,19,0,6,12.492,5593.6,0.0838333,365.656,0.48,7
2009,19,0,6,12.4853,5546.4
2010,19,0,6,12.4696,5445.55
837,19,0,6,12.4624,5399.6
1774,19,0,6,12.448,5320.82
849,19,0,6,12.4449,5302.22
344,19,0,7,12.6375,6313.83,0.0863333,376.56,0.09,8
349,19,0,7,12.6234,6230.74
358,19,0,7,12.6109,6161.44
805,19,0,7,12.5994,6098.16
811,19,0,7,12.5976,6080.42
819,19,0,7,12.5758,5959.26
1970,19,0,8,12.8812,7601.48,0.0341667,149.025,0.09,9
124,19,0,8,12.8603,7488.8
105,19,0,8,12.8458,7409.12
1967,19,0,8,12.8085,7212.06
107,19,0,8,12.8032,7182.44
1978,19,0,8,12.7942,7127.55
1979,19,0,8,12.7624,6918.36
329,19,0,8,12.7603,6900.92
2114,19,0,8,12.7557,6877.71
335,19,0,8,12.7453,6816.58
1819,19,0,8,12.7403,6787.64
344,19,0,8,12.7238,6690.39
1968,19,0,9,12.9924,8138.37,0,0,0
118,19,0,9,12.9529,7939.95
117,19,0,9,12.9458,7903.97
122,19,0,9,12.9286,7817.05
1970,19,0,9,12.9154,7750.5
105,19,1,0,9.93826,522.901,0.1085,473.244,0.3,1
124,19,1,0,9.92272,438.596
1970,19,1,0,9.90717,345.923
122,19,1,0,9.8944,281.164
117,19,1,0,9.87485,184.747
118,19,1,0,9.86805,150.127
1968,19,1,0,9.84,0
1968,19,1,1,10.1472,1525.79,0,0,0
118,19,1,1,10.1147,1356.71
117,19,1,1,10.1074,1320.07
122,19,1,1,10.0908,1235.7
1970,19,1,1,10.0788,1174.12
124,19,1,1,10.0595,1068.77
105,19,1,1,10.0468,996.145
320,20,0,0,11.5377,851.082,0.0905,394.734,0.38,1
1978,20,0,0,11.5191,730.88
107,20,0,0,11.5106,676.772
1967,20,0,0,11.5076,648.066
105,20,0,0,11.483,499.965
124,20,0,0,11.4697,425.166
1970,20,0,0,11.4539,332.084
122,20,0,0,11.441,266.81
117,20,0,0,11.4256,187.792
118,20,0,0,11.4178,149.07
1968,20,0,0,11.39,0
2176,20,0,1,11.9168,2838.28,0.0568333,247.89,0.16,2
2066,20,0,1,11.9064,2770.94
869,20,0,1,11.895,2695.31
1856,20,0,1,11.8672,2567.83
855,20,0,1,11.867,2567.12
854,20,0,1,11.8648,2553.53
841,20,0,1,11.8463,2454.48
829,20,0,1,11.8316,2372.13
831,20,0,1,11.8188,2306.55
2153,20,0,1,11.8188,2306.47
821,20,0,1,11.8049,2237.12
2008,20,0,1,11.7964,2194.33
812,20,0,1,11.7799,2103.01
807,20,0,1,11.7797,2102.22
356,20,0,1,11.7669,2031.8
1981,20,0,1,11.7547,1948.29
345,20,0,1,11.733,1838.22
341,20,0,1,11.7235,1787.97
2132,20,0,1,11.7233,1785.93
328,20,0,1,11.7094,1694.35
2115,20,0,1,11.698,1635.36
329,20,0,1,11.6941,1614.66
2116,20,0,1,11.689,1587.79
327,20,0,1,11.6745,1509.12
324,20,0,1,11.6702,1486.61
319,20,0,1,11.6408,1331.52
320,20,0,1,11.6282,1245.82
1306,20,0,2,12.0062,3273.6,0.0833333,363.475,0.03,3
1599,20,0,2,11.9903,3184.16
1300,20,0,2,11.9864,3158.44
1298,20,0,2,11.9803,3125.53
2176,20,0,2,11.9736,3086.17
869,20,0,3,12.1688,4063.86,0.0443333,193.369,0.11,4
2066,20,0,3,12.1415,3927.92
1297,20,0,3,12.111,3770.33
1299,20,0,3,12.105,3736.79
1600,20,0,3,12.1035,3723.34
1306,20,0,3,12.0895,3637.08
850,20,0,4,12.2412,4432.76,0.1105,481.968,0.03,5
852,20,0,4,12.2337,4388.12
865,20,0,4,12.227,4346.28
869,20,0,4,12.2132,4257.23
849,20,0,5,12.3574,4964.19,0.0775,338.032,0.22,6
850,20,0,5,12.3517,4914.73
819,20,0,6,12.482,5593.6,0.0838333,365.656,0.48,7
2009,20,0,6,12.4753,5546.4
2010,20,0,6,12.4596,5445.55
837,20,0,6,12.4524,5399.6
1774,20,0,6,12.438,5320.82
849,20,0,6,12.4349,5302.22
344,20,0,7,12.6275,6313.83,0.0863333,376.56,0.09,8
349,20,0,7,12.6134,6230.74
358,20,0,7,12.6009,6161.44
805,20,0,7,12.5894,6098.16
811,20,0,7,12.5876,6080.42
819,20,0,7,12.5658,5959.26
1968,20,0,8,12.9483,7989.35,0,0,0
118,20,0,8,12.9088,7790.92
117,20,0,8,12.9017,7754.95
122,20,0,8,12.8844,7668.03
1970,20,0,8,12.8712,7601.48
124,20,0,8,12.8503,7488.8
105,20,0,8,12.8358,7409.12
1967,20,0,8,12.7985,7212.06
107,20,0,8,12.7932,7182.44
1978,20,0,8,12.7842,7127.55
1979,20,0,8,12.7524,6918.36
329,20,0,8,12.7503,6900.92
2114,20,0,8,12.7457,6877.71
335,20,0,8,12.7353,6816.58
1819,20,0,8,12.7303,6787.64
344,20,0,8,12.7138,6690.39
105,20,1,0,9.90826,522.901,0.1085,473.244,0.3,1
124,20,1,0,9.89272,438.596
1970,20,1,0,9.87717,345.923
122,20,1,0,9.8644,281.164
117,20,1,0,9.84485,184.747
118,20,1,0,9.83805,150.127
1968,20,1,0,9.81,0
1970,20,1,1,10.0488,1174.12,0.0656667,286.418,0.08,2
124,20,1,1,10.0295,1068.77
105,20,1,1,10.0168,996.145
1968,20,1,2,10.1829,1812.21,0,0,0
118,20,1,2,10.1504,1643.13
117,20,1,2,10.1431,1606.49
122,20,1,2,10.1264,1522.12
1970,20,1,2,10.1144,1460.54
320,21,0,0,11.5177,851.082,0.0905,394.734,0.38,1
1978,21,0,0,11.4991,730.88
107,21,0,0,11.4906,676.772
1967,21,0,0,11.4876,648.066
105,21,0,0,11.463,499.965
124,21,0,0,11.4497,425.166
1970,21,0,0,11.4339,332.084
122,21,0,0,11.421,266.81
117,21,0,0,11.4056,187.792
118,21,0,0,11.3978,149.07
1968,21,0,0,11.37,0
344,21,0,1,11.7103,1832.98,0.0798333,348.209,0.09,2
1819,21,0,1,11.697,1739.46
335,21,0,1,11.692,1710.51
2114,21,0,1,11.6767,1629.71
329,21,0,1,11.6741,1614.66
2116,21,0,1,11.669,1587.79
327,21,0,1,11.6545,1509.12
324,21,0,1,11.6502,1486.61
319,21,0,1,11.6208,1331.52
320,21,0,1,11.6082,1245.82
869,21,0,2,11.9465,3085.16,0.0495,215.904,0.11,3
865,21,0,2,11.9299,2992.05
852,21,0,2,11.9231,2950.08
850,21,0,2,11.9172,2907.1
849,21,0,2,11.9097,2857.62
1774,21,0,2,11.9061,2837.62
837,21,0,2,11.8938,2767.18
2010,21,0,2,11.8853,2718.88
2009,21,0,2,11.8631,2598.46
819,21,0,2,11.856,2550.96
811,21,0,2,11.8348,2432.35
805,21,0,2,11.8313,2412.91
358,21,0,2,11.8207,2353.4
349,21,0,2,11.8033,2262.79
344,21,0,2,11.7902,2181.19
2176,21,0,3,12.0167,3443.19,0.0963333,420.177,0.14,4
2066,21,0,3,12.0065,3376.08
869,21,0,3,11.996,3301.06
1306,21,0,4,12.1468,4054.6,0.0833333,363.475,0.03,5
1599,21,0,4,12.1293,3958.15
1300,21,0,4,12.1249,3931.73
1298,21,0,4,12.1196,3902.55
2176,21,0,4,12.1131,3863.37
850,21,0,5,12.3376,5020.39,0.1105,481.968,0.03,6
852,21,0,5,12.3301,4975.75
865,21,0,5,12.3233,4933.91
869,21,0,5,12.3095,4844.86
2066,21,0,5,12.2821,4708.92
1297,21,0,5,12.2517,4551.33
1299,21,0,5,12.2456,4517.79
1600,21,0,5,12.2442,4504.34
1306,21,0,5,12.2302,4418.08
849,21,0,6,12.4538,5551.82,0.0775,338.032,0.22,7
850,21,0,6,12.4481,5502.36
819,21,0,7,12.5783,6181.23,0.0838333,365.656,0.48,8
2009,21,0,7,12.5716,6134.03
2010,21,0,7,12.5559,6033.18
837,21,0,7,12.5487,5987.23
1774,21,0,7,12.5344,5908.45
849,21,0,7,12.5313,5889.85
1970,21,0,8,12.8812,7812.54,0.0341667,149.025,0.09,9
124,21,0,8,12.8603,7699.87
105,21,0,8,12.8458,7620.19
1967,21,0,8,12.8085,7423.13
107,21,0,8,12.8032,7393.51
1978,21,0,8,12.7942,7338.62
1979,21,0,8,12.7624,7129.43
329,21,0,8,12.7603,7111.99
2114,21,0,8,12.7557,7088.78
335,21,0,8,12.7453,7027.65
1819,21,0,8,12.7403,6998.71
344,21,0,8,12.7238,6901.46
349,21,0,8,12.7097,6818.37
358,21,0,8,12.6972,6749.07
805,21,0,8,12.6857,6685.79
811,21,0,8,12.6839,6668.05
819,21,0,8,12.6622,6546.89
1968,21,0,9,12.9924,8349.44,0,0,0
118,21,0,9,12.9529,8151.02
117,21,0,9,12.9458,8115.04
122,21,0,9,12.9286,8028.12
1970,21,0,9,12.9154,7961.57
105,21,1,0,9.95826,522.901,0.1085,473.244,0.3,1
124,21,1,0,9.94272,438.596
1970,21,1,0,9.92717,345.923
122,21,1,0,9.9144,281.164
117,21,1,0,9.89485,184.747
118,21,1,0,9.88805,150.127
1968,21,1,0,9.86,0
1968,21,1,1,10.1672,1525.79,0,0,0
118,21,1,1,10.1347,1356.71
117,21,1,1,10.1274,1320.07
122,21,1,1,10.1108,1235.7
1970,21,1,1,10.0988,1174.12
124,21,1,1,10.0795,1068.77
105,21,1,1,10.0668,996.145
320,22,0,0,11.5577,851.082,0.0905,394.734,0.38,1
1978,22,0,0,11.5391,730.88
107,22,0,0,11.5306,676.772
1967,22,0,0,11.5276,648.066
105,22,0,0,11.503,499.965
124,22,0,0,11.4897,425.166
1970,22,0,0,11.4739,332.084
122,22,0,0,11.461,266.81
117,22,0,0,11.4456,187.792
118,22,0,0,11.4378,149.07
1968,22,0,0,11.41,0
344,22,0,1,11.7503,1832.98,0.0798333,348.209,0.09,2
1819,22,0,1,11.737,1739.46
335,22,0,1,11.732,1710.51
2114,22,0,1,11.7167,1629.71
329,22,0,1,11.7141,1614.66
2116,22,0,1,11.709,1587.79
327,22,0,1,11.6945,1509.12
324,22,0,1,11.6902,1486.61
319,22,0,1,11.6608,1331.52
320,22,0,1,11.6482,1245.82
2176,22,0,2,12.0072,3227.28,0.0963333,420.177,0.14,3
2066,22,0,2,11.997,3160.17
869,22,0,2,11.9865,3085.16
865,22,0,2,11.9699,2992.05
852,22,0,2,11.9631,2950.08
850,22,0,2,11.9572,2907.1
849,22,0,2,11.9497,2857.62
1774,22,0,2,11.9461,2837.62
837,22,0,2,11.9338,2767.18
2010,22,0,2,11.9253,2718.88
2009,22,0,2,11.9031,2598.46
819,22,0,2,11.896,2550.96
811,22,0,2,11.8748,2432.35
805,22,0,2,11.8713,2412.91
358,22,0,2,11.8607,2353.4
349,22,0,2,11.8433,2262.79
344,22,0,2,11.8302,2181.19
1306,22,0,3,12.1373,3838.7,0.0833333,363.475,0.03,4
1599,22,0,3,12.1198,3742.25
1300,22,0,3,12.1154,3715.82
1298,22,0,3,12.1101,3686.64
2176,22,0,3,12.1036,3647.46
869,22,0,4,12.3,4628.96,0.0443333,193.369,0.11,5
2066,22,0,4,12.2726,4493.01
1297,22,0,4,12.2422,4335.43
1299,22,0,4,12.2361,4301.88
1600,22,0,4,12.2347,4288.43
1306,22,0,4,12.2207,4202.17
850,22,0,5,12.3724,4997.85,0.1105,481.968,0.03,6
852,22,0,5,12.3649,4953.22
865,22,0,5,12.3582,4911.38
869,22,0,5,12.3443,4822.33
849,22,0,6,12.4886,5529.28,0.0775,338.032,0.22,7
850,22,0,6,12.4829,5479.82
819,22,0,7,12.6132,6158.7,0.0838333,365.656,0.48,8
2009,22,0,7,12.6065,6111.49
2010,22,0,7,12.5907,6010.65
837,22,0,7,12.5836,5964.69
1774,22,0,7,12.5692,5885.92
849,22,0,7,12.5661,5867.31
1968,22,0,8,12.9932,8178.15,0,0,0
118,22,0,8,12.9539,7980.87
117,22,0,8,12.9465,7943.48
122,22,0,8,12.9292,7856.56
1970,22,0,8,12.916,7790.01
124,22,0,8,12.8951,7677.33
105,22,0,8,12.8807,7597.66
1967,22,0,8,12.8433,7400.6
107,22,0,8,12.8381,7370.98
1978,22,0,8,12.829,7316.08
1979,22,0,8,12.7973,7106.9
329,22,0,8,12.7951,7089.45
2114,22,0,8,12.7906,7066.25
335,22,0,8,12.7801,7005.11
1819,22,0,8,12.7752,6976.17
344,22,0,8,12.7586,6878.92
349,22,0,8,12.7445,6795.84
358,22,0,8,12.732,6726.54
805,22,0,8,12.7206,6663.25
811,22,0,8,12.7188,6645.52
819,22,0,8,12.697,6524.35
105,22,1,0,9.92826,522.901,0.1085,473.244,0.3,1
124,22,1,0,9.91272,438.596
1970,22,1,0,9.89717,345.923
122,22,1,0,9.8844,281.164
117,22,1,0,9.86485,184.747
118,22,1,0,9.85805,150.127
1968,22,1,0,9.83,0
1970,22,1,1,10.0688,1174.12,0.0656667,286.418,0.08,2
124,22,1,1,10.0495,1068.77
105,22,1,1,10.0368,996.145
1968,22,1,2,10.2029,1812.21,0,0,0
118,22,1,2,10.1704,1643.13
117,22,1,2,10.1631,1606.49
122,22,1,2,10.1464,1522.12
1970,22,1,2,10.1344,1460.54
2176,23,0,0,11.927,2151.6,0.0568333,247.89,0.16,1
2066,23,0,0,11.9166,2084.26
869,23,0,0,11.9052,2008.63
1856,23,0,0,11.8769,1878.96
855,23,0,0,11.8767,1878.25
843,23,0,0,11.8629,1798.75
832,23,0,0,11.8521,1737.49
831,23,0,0,11.8442,1696.96
2153,23,0,0,11.8442,1696.88
821,23,0,0,11.8313,1632.02
2008,23,0,0,11.8228,1589.23
812,23,0,0,11.8056,1494.65
807,23,0,0,11.8055,1493.87
356,23,0,0,11.7902,1412.75
1981,23,0,0,11.7779,1329.24
345,23,0,0,11.7562,1219.17
341,23,0,0,11.7468,1168.93
2132,23,0,0,11.7465,1166.89
328,23,0,0,11.7327,1075.3
2115,23,0,0,11.7213,1016.31
329,23,0,0,11.7174,995.611
1979,23,0,0,11.7115,965.863
1978,23,0,0,11.6691,730.88
107,23,0,0,11.6606,676.772
1967,23,0,0,11.6576,648.066
105,23,0,0,11.633,499.965
124,23,0,0,11.6197,425.166
1970,23,0,0,11.6039,332.084
122,23,0,0,11.591,266.81
117,23,0,0,11.5756,187.792
118,23,0,0,11.5678,149.07
1968,23,0,0,11.54,0
1306,23,0,1,12.0164,2586.93,0.0833333,363.475,0.03,2
1599,23,0,1,12.0005,2497.48
1300,23,0,1,11.9967,2471.76
1298,23,0,1,11.9905,2438.85
2176,23,0,1,11.9839,2399.49
869,23,0,2,12.1791,3377.19,0.0443333,193.369,0.11,3
2066,23,0,2,12.1517,3241.24
1297,23,0,2,12.1212,3083.66
1299,23,0,2,12.1152,3050.11
1600,23,0,2,12.1138,3036.66
1306,23,0,2,12.0998,2950.4
850,23,0,3,12.2515,3746.08,0.1105,481.968,0.03,4
852,23,0,3,12.244,3701.45
865,23,0,3,12.2373,3659.6
869,23,0,3,12.2234,3570.56
849,23,0,4,12.3677,4277.51,0.0775,338.032,0.22,5
850,23,0,4,12.362,4228.05
819,23,0,5,12.4922,4906.93,0.0838333,365.656,0.48,6
2009,23,0,5,12.4855,4859.72
2010,23,0,5,12.4698,4758.88
837,23,0,5,12.4626,4712.92
1774,23,0,5,12.4483,4634.14
849,23,0,5,12.4452,4615.54
344,23,0,6,12.6377,5627.15,0.0863333,376.56,0.09,7
349,23,0,6,12.6236,5544.07
358,23,0,6,12.6111,5474.76
805,23,0,6,12.5996,5411.48
811,23,0,6,12.5978,5393.74
819,23,0,6,12.5761,5272.58
1970,23,0,7,12.8814,6914.8,0.0341667,149.025,0.09,8
124,23,0,7,12.8605,6802.12
105,23,0,7,12.8461,6722.45
1967,23,0,7,12.8087,6525.38
107,23,0,7,12.8035,6495.76
1978,23,0,7,12.7944,6440.87
1979,23,0,7,12.7627,6231.68
329,23,0,7,12.7605,6214.24
2114,23,0,7,12.756,6191.03
335,23,0,7,12.7455,6129.9
1819,23,0,7,12.7406,6100.96
344,23,0,7,12.724,6003.71
1968,23,0,8,12.9927,7451.7,0,0,0
118,23,0,8,12.9532,7253.27
117,23,0,8,12.9461,7217.3
122,23,0,8,12.9288,7130.38
1970,23,0,8,12.9156,7063.82
320,23,1,0,9.74409,875.602,0.084,366.383,0.32,1
1978,23,1,0,9.72514,755.022
107,23,1,0,9.71642,700.585
1967,23,1,0,9.71341,671.88
105,23,1,0,9.68826,522.901
124,23,1,0,9.67272,438.596
1970,23,1,0,9.65717,345.923
122,23,1,0,9.6444,281.164
117,23,1,0,9.62485,184.747
118,23,1,0,9.61805,150.127
1968,23,1,0,9.59,0
105,23,1,1,9.89898,1639.24,0.1085,473.244,0.3,2
1967,23,1,1,9.86377,1451.36
107,23,1,1,9.85828,1420.63
1978,23,1,1,9.84855,1364.65
320,23,1,1,9.82809,1241.98
1968,23,1,2,10.1079,2642.13,0,0,0
118,23,1,2,10.0754,2473.05
117,23,1,2,10.0681,2436.41
122,23,1,2,10.0515,2352.05
1970,23,1,2,10.0395,2290.47
124,23,1,2,10.0203,2185.11
105,23,1,2,10.0075,2112.49
2176,24,0,0,11.927,2151.6,0.0568333,247.89,0.16,1
2066,24,0,0,11.9166,2084.26
869,24,0,0,11.9052,2008.63
1856,24,0,0,11.8769,1878.96
855,24,0,0,11.8767,1878.25
843,24,0,0,11.8629,1798.75
832,24,0,0,11.8521,1737.49
831,24,0,0,11.8442,1696.96
2153,24,0,0,11.8442,1696.88
821,24,0,0,11.8313,1632.02
2008,24,0,0,11.8228,1589.23
812,24,0,0,11.8056,1494.65
807,24,0,0,11.8055,1493.87
356,24,0,0,11.7902,1412.75
1981,24,0,0,11.7779,1329.24
345,24,0,0,11.7562,1219.17
341,24,0,0,11.7468,1168.93
2132,24,0,0,11.7465,1166.89
328,24,0,0,11.7327,1075.3
2115,24,0,0,11.7213,1016.31
329,24,0,0,11.7174,995.611
1979,24,0,0,11.7115,965.863
1978,24,0,0,11.6691,730.88
107,24,0,0,11.6606,676.772
1967,24,0,0,11.6576,648.066
105,24,0,0,11.633,499.965
124,24,0,0,11.6197,425.166
1970,24,0,0,11.6039,332.084
122,24,0,0,11.591,266.81
117,24,0,0,11.5756,187.792
118,24,0,0,11.5678,149.07
1968,24,0,0,11.54,0
1306,24,0,1,12.0164,2586.93,0.0833333,363.475,0.03,2
1599,24,0,1,12.0005,2497.48
1300,24,0,1,11.9967,2471.76
1298,24,0,1,11.9905,2438.85
2176,24,0,1,11.9839,2399.49
869,24,0,2,12.1791,3377.19,0.0443333,193.369,0.11,3
2066,24,0,2,12.1517,3241.24
1297,24,0,2,12.1212,3083.66
1299,24,0,2,12.1152,3050.11
1600,24,0,2,12.1138,3036.66
1306,24,0,2,12.0998,2950.4
850,24,0,3,12.2515,3746.08,0.1105,481.968,0.03,4
852,24,0,3,12.244,3701.45
865,24,0,3,12.2373,3659.6
869,24,0,3,12.2234,3570.56
849,24,0,4,12.3677,4277.51,0.0775,338.032,0.22,5
850,24,0,4,12.362,4228.05
819,24,0,5,12.4922,4906.93,0.0838333,365.656,0.48,6
2009,24,0,5,12.4855,4859.72
2010,24,0,5,12.4698,4758.88
837,24,0,5,12.4626,4712.92
1774,24,0,5,12.4483,4634.14
849,24,0,5,12.4452,4615.54
344,24,0,6,12.6377,5627.15,0.0863333,376.56,0.09,7
349,24,0,6,12.6236,5544.07
358,24,0,6,12.6111,5474.76
805,24,0,6,12.5996,5411.48
811,24,0,6,12.5978,5393.74
819,24,0,6,12.5761,5272.58
1968,24,0,7,12.9585,7302.67,0,0,0
118,24,0,7,12.919,7104.25
117,24,0,7,12.9119,7068.27
122,24,0,7,12.8946,6981.35
1970,24,0,7,12.8814,6914.8
124,24,0,7,12.8605,6802.12
105,24,0,7,12.8461,6722.45
1967,24,0,7,12.8087,6525.38
107,24,0,7,12.8035,6495.76
1978,24,0,7,12.7944,6440.87
1979,24,0,7,12.7627,6231.68
329,24,0,7,12.7605,6214.24
2114,24,0,7,12.756,6191.03
335,24,0,7,12.7455,6129.9
1819,24,0,7,12.7406,6100.96
344,24,0,7,12.724,6003.71
320,24,1,0,9.76409,875.602,0.084,366.383,0.32,1
1978,24,1,0,9.74514,755.022
107,24,1,0,9.73642,700.585
1967,24,1,0,9.73341,671.88
105,24,1,0,9.70826,522.901
124,24,1,0,9.69272,438.596
1970,24,1,0,9.67717,345.923
122,24,1,0,9.6644,281.164
117,24,1,0,9.64485,184.747
118,24,1,0,9.63805,150.127
1968,24,1,0,9.61,0
105,24,1,1,9.91898,1639.24,0.1085,473.244,0.3,2
1967,24,1,1,9.88377,1451.36
107,24,1,1,9.87828,1420.63
1978,24,1,1,9.86855,1364.65
320,24,1,1,9.84809,1241.98
1970,24,1,2,10.0595,2290.47,0.0656667,286.418,0.08,3
124,24,1,2,10.0403,2185.11
105,24,1,2,10.0275,2112.49
1968,24,1,3,10.1936,2928.55,0,0,0
118,24,1,3,10.1611,2759.47
117,24,1,3,10.1538,2722.83
122,24,1,3,10.1372,2638.47
1970,24,1,3,10.1251,2576.89
344,25,0,0,11.7136,1213.94,0.0798333,348.209,0.09,1
1819,25,0,0,11.7002,1120.41
335,25,0,0,11.6952,1091.46
2114,25,0,0,11.6799,1010.67
329,25,0,0,11.6774,995.611
1979,25,0,0,11.6715,965.863
1978,25,0,0,11.6291,730.88
107,25,0,0,11.6206,676.772
1967,25,0,0,11.6176,648.066
105,25,0,0,11.593,499.965
124,25,0,0,11.5797,425.166
1970,25,0,0,11.5639,332.084
122,25,0,0,11.551,266.81
117,25,0,0,11.5356,187.792
118,25,0,0,11.5278,149.07
1968,25,0,0,11.5,0
849,25,0,1,11.9129,2238.58,0.0695,303.138,0.23,2
1774,25,0,1,11.9093,2218.58
837,25,0,1,11.8971,2148.13
2010,25,0,1,11.8885,2099.84
2009,25,0,1,11.8664,1979.41
819,25,0,1,11.8593,1931.92
811,25,0,1,11.8381,1813.3
805,25,0,1,11.8346,1793.87
358,25,0,1,11.824,1734.36
349,25,0,1,11.8065,1643.75
344,25,0,1,11.7934,1562.15
2176,25,0,2,12.04,2911.38,0.0963333,420.177,0.14,3
2066,25,0,2,12.0298,2844.27
869,25,0,2,12.0192,2769.25
865,25,0,2,12.0027,2676.15
852,25,0,2,11.9959,2634.18
850,25,0,2,11.9899,2591.19
849,25,0,2,11.9824,2541.72
1306,25,0,3,12.1701,3522.79,0.0833333,363.475,0.03,4
1599,25,0,3,12.1526,3426.34
1300,25,0,3,12.1482,3399.92
1298,25,0,3,12.1428,3370.74
2176,25,0,3,12.1363,3331.56
869,25,0,4,12.3327,4313.05,0.0443333,193.369,0.11,5
2066,25,0,4,12.3054,4177.1
1297,25,0,4,12.2749,4019.52
1299,25,0,4,12.2689,3985.98
1600,25,0,4,12.2674,3972.53
1306,25,0,4,12.2534,3886.27
850,25,0,5,12.4052,4681.95,0.1105,481.968,0.03,6
852,25,0,5,12.3976,4637.31
865,25,0,5,12.3909,4595.47
869,25,0,5,12.3771,4506.42
819,25,0,6,12.5684,5504.76,0.0838333,365.656,0.48,7
2009,25,0,6,12.5617,5457.55
2010,25,0,6,12.546,5356.71
837,25,0,6,12.5388,5310.75
1774,25,0,6,12.5244,5231.98
849,25,0,6,12.5213,5213.38
850,25,0,6,12.5157,5163.92
1970,25,0,7,12.8713,7136.07,0.0341667,149.025,0.09,8
124,25,0,7,12.8504,7023.4
105,25,0,7,12.8359,6943.72
1967,25,0,7,12.7985,6746.66
107,25,0,7,12.7933,6717.04
1978,25,0,7,12.7843,6662.15
1979,25,0,7,12.7525,6452.96
329,25,0,7,12.7504,6435.51
2114,25,0,7,12.7458,6412.31
335,25,0,7,12.7354,6351.17
1819,25,0,7,12.7304,6322.24
344,25,0,7,12.7139,6224.98
349,25,0,7,12.6998,6141.9
358,25,0,7,12.6873,6072.6
805,25,0,7,12.6758,6009.32
811,25,0,7,12.674,5991.58
819,25,0,7,12.6522,5870.42
1968,25,0,8,12.9825,7672.97,0,0,0
118,25,0,8,12.943,7474.54
117,25,0,8,12.9359,7438.57
122,25,0,8,12.9186,7351.65
1970,25,0,8,12.9054,7285.1
320,25,1,0,9.83409,875.602,0.084,366.383,0.32,1
1978,25,1,0,9.81514,755.022
107,25,1,0,9.80642,700.585
1967,25,1,0,9.80341,671.88
105,25,1,0,9.77826,522.901
124,25,1,0,9.76272,438.596
1970,25,1,0,9.74717,345.923
122,25,1,0,9.7344,281.164
117,25,1,0,9.71485,184.747
118,25,1,0,9.70805,150.127
1968,25,1,0,9.68,0
105,25,1,1,9.98898,1639.24,0.1085,473.244,0.3,2
1967,25,1,1,9.95377,1451.36
107,25,1,1,9.94828,1420.63
1978,25,1,1,9.93855,1364.65
320,25,1,1,9.91809,1241.98
1968,25,1,2,10.1979,2642.13,0,0,0
118,25,1,2,10.1654,2473.05
117,25,1,2,10.1581,2436.41
122,25,1,2,10.1415,2352.05
1970,25,1,2,10.1295,2290.47
124,25,1,2,10.1103,2185.11
105,25,1,2,10.0975,2112.49
344,26,0,0,11.7436,1213.94,0.0798333,348.209,0.09,1
1819,26,0,0,11.7302,1120.41
335,26,0,0,11.7252,1091.46
2114,26,0,0,11.7099,1010.67
329,26,0,0,11.7074,995.611
1979,26,0,0,11.7015,965.863
1978,26,0,0,11.6591,730.88
107,26,0,0,11.6506,676.772
1967,26,0,0,11.6476,648.066
105,26,0,0,11.623,499.965
124,26,0,0,11.6097,425.166
1970,26,0,0,11.5939,332.084
122,26,0,0,11.581,266.81
117,26,0,0,11.5656,187.792
118,26,0,0,11.5578,149.07
1968,26,0,0,11.53,0
2176,26,0,1,12.0005,2608.24,0.0963333,420.177,0.14,2
2066,26,0,1,11.9903,2541.13
869,26,0,1,11.9797,2466.11
865,26,0,1,11.9632,2373.01
852,26,0,1,11.9564,2331.04
850,26,0,1,11.9504,2288.05
849,26,0,1,11.9429,2238.58
1774,26,0,1,11.9393,2218.58
837,26,0,1,11.9271,2148.13
2010,26,0,1,11.9185,2099.84
2009,26,0,1,11.8964,1979.41
819,26,0,1,11.8893,1931.92
811,26,0,1,11.8681,1813.3
805,26,0,1,11.8646,1793.87
358,26,0,1,11.854,1734.36
349,26,0,1,11.8365,1643.75
344,26,0,1,11.8234,1562.15
1306,26,0,2,12.1306,3219.65,0.0833333,363.475,0.03,3
1599,26,0,2,12.1131,3123.2
1300,26,0,2,12.1087,3096.78
1298,26,0,2,12.1033,3067.6
2176,26,0,2,12.0968,3028.42
869,26,0,3,12.2932,4009.91,0.0443333,193.369,0.11,4
2066,26,0,3,12.2659,3873.97
1297,26,0,3,12.2354,3716.38
1299,26,0,3,12.2294,3682.84
1600,26,0,3,12.2279,3669.39
1306,26,0,3,12.2139,3583.13
850,26,0,4,12.3657,4378.81,0.1105,481.968,0.03,5
852,26,0,4,12.3581,4334.17
865,26,0,4,12.3514,4292.33
869,26,0,4,12.3376,4203.28
849,26,0,5,12.4818,4910.24,0.0775,338.032,0.22,6
850,26,0,5,12.4762,4860.78
819,26,0,6,12.6064,5539.65,0.0838333,365.656,0.48,7
2009,26,0,6,12.5997,5492.45
2010,26,0,6,12.584,5391.6
837,26,0,6,12.5768,5345.65
1774,26,0,6,12.5624,5266.87
849,26,0,6,12.5593,5248.27
1968,26,0,7,12.9864,7559.11,0,0,0
118,26,0,7,12.9472,7361.83
117,26,0,7,12.9397,7324.44
122,26,0,7,12.9225,7237.52
1970,26,0,7,12.9093,7170.97
124,26,0,7,12.8884,7058.29
105,26,0,7,12.8739,6978.61
1967,26,0,7,12.8365,6781.55
107,26,0,7,12.8313,6751.93
1978,26,0,7,12.8223,6697.04
1979,26,0,7,12.7905,6487.85
329,26,0,7,12.7884,6470.41
2114,26,0,7,12.7838,6447.2
335,26,0,7,12.7734,6386.07
1819,26,0,7,12.7684,6357.13
344,26,0,7,12.7519,6259.88
349,26,0,7,12.7378,6176.79
358,26,0,7,12.7253,6107.49
805,26,0,7,12.7138,6044.21
811,26,0,7,12.712,6026.47
819,26,0,7,12.6902,5905.31
1970,26,1,0,9.65717,345.923,0.051,222.447,0.09,1
122,26,1,0,9.6444,281.164
117,26,1,0,9.62485,184.747
118,26,1,0,9.61805,150.127
1968,26,1,0,9.59,0
320,26,1,1,9.79509,1098.05,0.084,366.383,0.32,2
1978,26,1,1,9.77614,977.469
107,26,1,1,9.76742,923.031
1967,26,1,1,9.76441,894.326
105,26,1,1,9.73926,745.348
124,26,1,1,9.72372,661.043
1970,26,1,1,9.70817,568.37
105,26,1,2,9.94998,1861.69,0.1085,473.244,0.3,3
1967,26,1,2,9.91477,1673.8
107,26,1,2,9.90928,1643.08
1978,26,1,2,9.89955,1587.09
320,26,1,2,9.87909,1464.43
1968,26,1,3,10.1589,2864.58,0,0,0
118,26,1,3,10.1264,2695.5
117,26,1,3,10.1191,2658.86
122,26,1,3,10.1025,2574.49
1970,26,1,3,10.0905,2512.91
124,26,1,3,10.0713,2407.56
105,26,1,3,10.0585,2334.93
1970,27,0,0,11.5239,332.084,0.0768333,335.124,0.08,1
122,27,0,0,11.511,266.81
117,27,0,0,11.4956,187.792
118,27,0,0,11.4878,149.07
1968,27,0,0,11.46,0
344,27,0,1,11.7504,1549.06,0.0798333,348.209,0.09,2
1819,27,0,1,11.7371,1455.54
335,27,0,1,11.7321,1426.59
2114,27,0,1,11.7168,1345.79
329,27,0,1,11.7142,1330.74
1979,27,0,1,11.7083,1300.99
1978,27,0,1,11.6659,1066
107,27,0,1,11.6574,1011.9
1967,27,0,1,11.6544,983.19
105,27,0,1,11.6298,835.089
124,27,0,1,11.6165,760.29
1970,27,0,1,11.6007,667.208
2176,27,0,2,12.0073,2943.36,0.0963333,420.177,0.14,3
2066,27,0,2,11.9971,2876.25
869,27,0,2,11.9865,2801.24
865,27,0,2,11.97,2708.13
852,27,0,2,11.9632,2666.16
850,27,0,2,11.9573,2623.18
849,27,0,2,11.9498,2573.7
1774,27,0,2,11.9462,2553.7
837,27,0,2,11.9339,2483.26
2010,27,0,2,11.9253,2434.96
2009,27,0,2,11.9032,2314.54
819,27,0,2,11.8961,2267.04
811,27,0,2,11.8749,2148.43
805,27,0,2,11.8714,2128.99
358,27,0,2,11.8608,2069.48
349,27,0,2,11.8434,1978.87
344,27,0,2,11.8303,1897.27
1306,27,0,3,12.1374,3554.78,0.0833333,363.475,0.03,4
1599,27,0,3,12.1199,3458.33
1300,27,0,3,12.1155,3431.9
1298,27,0,3,12.1102,3402.72
2176,27,0,3,12.1037,3363.54
869,27,0,4,12.3001,4345.04,0.0443333,193.369,0.11,5
2066,27,0,4,12.2727,4209.09
1297,27,0,4,12.2422,4051.51
1299,27,0,4,12.2362,4017.96
1600,27,0,4,12.2348,4004.51
1306,27,0,4,12.2208,3918.25
850,27,0,5,12.3725,4713.93,0.1105,481.968,0.03,6
852,27,0,5,12.365,4669.3
865,27,0,5,12.3583,4627.46
869,27,0,5,12.3444,4538.41
849,27,0,6,12.4887,5245.36,0.0775,338.032,0.22,7
850,27,0,6,12.483,5195.9
819,27,0,7,12.6132,5874.78,0.0838333,365.656,0.48,8
2009,27,0,7,12.6065,5827.57
2010,27,0,7,12.5908,5726.73
837,27,0,7,12.5836,5680.77
1774,27,0,7,12.5693,5602
849,27,0,7,12.5662,5583.39
1968,27,0,8,12.9932,7894.23,0,0,0
118,27,0,8,12.954,7696.95
117,27,0,8,12.9466,7659.56
122,27,0,8,12.9293,7572.64
1970,27,0,8,12.9161,7506.09
124,27,0,8,12.8952,7393.41
105,27,0,8,12.8807,7313.74
1967,27,0,8,12.8434,7116.68
107,27,0,8,12.8382,7087.06
1978,27,0,8,12.8291,7032.16
1979,27,0,8,12.7974,6822.98
329,27,0,8,12.7952,6805.53
2114,27,0,8,12.7907,6782.33
335,27,0,8,12.7802,6721.19
1819,27,0,8,12.7752,6692.25
344,27,0,8,12.7587,6595
349,27,0,8,12.7446,6511.92
358,27,0,8,12.7321,6442.62
805,27,0,8,12.7206,6379.33
811,27,0,8,12.7188,6361.6
819,27,0,8,12.6971,6240.43
320,27,1,0,9.84409,875.602,0.084,366.383,0.32,1
1978,27,1,0,9.82514,755.022
107,27,1,0,9.81642,700.585
1967,27,1,0,9.81341,671.88
105,27,1,0,9.78826,522.901
124,27,1,0,9.77272,438.596
1970,27,1,0,9.75717,345.923
122,27,1,0,9.7444,281.164
117,27,1,0,9.72485,184.747
118,27,1,0,9.71805,150.127
1968,27,1,0,9.69,0
105,27,1,1,9.99898,1639.24,0.1085,473.244,0.3,2
1967,27,1,1,9.96377,1451.36
107,27,1,1,9.95828,1420.63
1978,27,1,1,9.94855,1364.65
320,27,1,1,9.92809,1241.98
1968,27,1,2,10.2079,2642.13,0,0,0
118,27,1,2,10.1754,2473.05
117,27,1,2,10.1681,2436.41
122,27,1,2,10.1515,2352.05
1970,27,1,2,10.1395,2290.47
124,27,1,2,10.1203,2185.11
105,27,1,2,10.1075,2112.49
869,28,0,0,12.0552,2008.63,0.0443333,193.369,0.11,1
1856,28,0,0,12.0269,1878.96
855,28,0,0,12.0267,1878.25
843,28,0,0,12.0129,1798.75
832,28,0,0,12.0021,1737.49
831,28,0,0,11.9942,1696.96
2153,28,0,0,11.9942,1696.88
821,28,0,0,11.9813,1632.02
2008,28,0,0,11.9728,1589.23
812,28,0,0,11.9556,1494.65
807,28,0,0,11.9555,1493.87
356,28,0,0,11.9402,1412.75
1981,28,0,0,11.9279,1329.24
345,28,0,0,11.9062,1219.17
341,28,0,0,11.8968,1168.93
2132,28,0,0,11.8965,1166.89
328,28,0,0,11.8827,1075.3
2115,28,0,0,11.8713,1016.31
329,28,0,0,11.8674,995.611
1979,28,0,0,11.8615,965.863
1978,28,0,0,11.8191,730.88
107,28,0,0,11.8106,676.772
1967,28,0,0,11.8076,648.066
105,28,0,0,11.783,499.965
124,28,0,0,11.7697,425.166
1970,28,0,0,11.7539,332.084
122,28,0,0,11.741,266.81
117,28,0,0,11.7256,187.792
118,28,0,0,11.7178,149.07
1968,28,0,0,11.69,0
2176,28,0,1,12.1206,2344.32,0.0963333,420.177,0.14,2
2066,28,0,1,12.1104,2277.15
869,28,0,1,12.0995,2202
1306,28,0,2,12.2507,2955.73,0.0833333,363.475,0.03,3
1599,28,0,2,12.2332,2859.28
1300,28,0,2,12.2288,2832.85
1298,28,0,2,12.2235,2803.67
2176,28,0,2,12.2169,2764.49
850,28,0,3,12.4414,3921.52,0.1105,481.968,0.03,4
852,28,0,3,12.4339,3876.88
865,28,0,3,12.4272,3835.04
869,28,0,3,12.4134,3745.99
2066,28,0,3,12.386,3610.04
1297,28,0,3,12.3555,3452.46
1299,28,0,3,12.3495,3418.91
1600,28,0,3,12.348,3405.46
1306,28,0,3,12.334,3319.2
819,28,0,4,12.6047,4744.33,0.0838333,365.656,0.48,5
2009,28,0,4,12.598,4697.12
2010,28,0,4,12.5823,4596.28
837,28,0,4,12.5751,4550.32
1774,28,0,4,12.5607,4471.55
849,28,0,4,12.5576,4452.94
850,28,0,4,12.5519,4403.48
1968,28,0,5,12.9847,6763.78,0,0,0
118,28,0,5,12.9455,6566.5
117,28,0,5,12.938,6529.11
122,28,0,5,12.9208,6442.19
1970,28,0,5,12.9076,6375.64
124,28,0,5,12.8866,6262.96
105,28,0,5,12.8722,6183.29
1967,28,0,5,12.8348,5986.23
107,28,0,5,12.8296,5956.61
1978,28,0,5,12.8206,5901.71
1979,28,0,5,12.7888,5692.53
329,28,0,5,12.7867,5675.08
2114,28,0,5,12.7821,5651.88
335,28,0,5,12.7717,5590.74
1819,28,0,5,12.7667,5561.8
344,28,0,5,12.7502,5464.55
349,28,0,5,12.7361,5381.47
358,28,0,5,12.7236,5312.17
805,28,0,5,12.7121,5248.88
811,28,0,5,12.7103,5231.15
819,28,0,5,12.6885,5109.98
1970,28,1,0,9.38717,345.923,0.051,222.447,0.09,1
122,28,1,0,9.3744,281.164
117,28,1,0,9.35485,184.747
118,28,1,0,9.34805,150.127
1968,28,1,0,9.32,0
105,28,1,1,9.46926,745.348,0.1085,473.244,0.3,2
124,28,1,1,9.45372,661.043
1970,28,1,1,9.43817,568.37
320,28,1,2,9.63359,1571.29,0.084,366.383,0.32,3
1978,28,1,2,9.61464,1450.71
107,28,1,2,9.60592,1396.28
1967,28,1,2,9.60291,1367.57
105,28,1,2,9.57776,1218.59
849,28,1,3,9.94583,3220.28,0.089,388.191,0.2,4
1774,28,1,3,9.94248,3201.27
837,28,1,3,9.93106,3132.2
2010,28,1,3,9.91816,3065.31
2009,28,1,3,9.8947,2939.13
819,28,1,3,9.88638,2890.05
811,28,1,3,9.86503,2770.73
805,28,1,3,9.86148,2751.11
358,28,1,3,9.84682,2674.19
349,28,1,3,9.83012,2586.75
344,28,1,3,9.81631,2504.12
1819,28,1,3,9.80115,2408.89
335,28,1,3,9.79624,2380.05
2114,28,1,3,9.78258,2306.39
329,28,1,3,9.77998,2291.22
2116,28,1,3,9.77524,2266.12
327,28,1,3,9.76195,2192.56
324,28,1,3,9.75778,2170.84
319,28,1,3,9.73018,2023.38
320,28,1,3,9.71759,1937.68
344,28,1,4,10.1419,4266.1,0.0413333,180.284,0.09,5
349,28,1,4,10.1313,4186.4
358,28,1,4,10.1147,4099.21
805,28,1,4,10.1039,4039.03
811,28,1,4,10.1021,4021.3
819,28,1,4,10.0789,3893.79
2009,28,1,4,10.073,3846.62
2010,28,1,4,10.0576,3746.1
837,28,1,4,10.0503,3699.98
1774,28,1,4,10.0391,3631.24
849,28,1,4,10.0348,3608.47
1968,28,1,5,10.4061,5696.32,0,0,0
118,28,1,5,10.3736,5527.24
117,28,1,5,10.3664,5490.59
122,28,1,5,10.3497,5406.23
1970,28,1,5,10.3377,5344.65
124,28,1,5,10.3185,5239.3
105,28,1,5,10.3057,5166.67
1967,28,1,5,10.2688,4971.4
107,28,1,5,10.2633,4940.74
1978,28,1,5,10.2542,4885.86
1979,28,1,5,10.2216,4675.68
329,28,1,5,10.2194,4658.22
2114,28,1,5,10.2142,4632.29
335,28,1,5,10.2038,4571.14
1819,28,1,5,10.1988,4542.16
344,28,1,5,10.1832,4446.38
869,29,0,0,12.0152,2008.63,0.0443333,193.369,0.11,1
1856,29,0,0,11.9869,1878.96
855,29,0,0,11.9867,1878.25
843,29,0,0,11.9729,1798.75
832,29,0,0,11.9621,1737.49
831,29,0,0,11.9542,1696.96
2153,29,0,0,11.9542,1696.88
821,29,0,0,11.9413,1632.02
2008,29,0,0,11.9328,1589.23
812,29,0,0,11.9156,1494.65
807,29,0,0,11.9155,1493.87
356,29,0,0,11.9002,1412.75
1981,29,0,0,11.8879,1329.24
345,29,0,0,11.8662,1219.17
341,29,0,0,11.8568,1168.93
2132,29,0,0,11.8565,1166.89
328,29,0,0,11.8427,1075.3
2115,29,0,0,11.8313,1016.31
329,29,0,0,11.8274,995.611
1979,29,0,0,11.8215,965.863
1978,29,0,0,11.7791,730.88
107,29,0,0,11.7706,676.772
1967,29,0,0,11.7676,648.066
105,29,0,0,11.743,499.965
124,29,0,0,11.7297,425.166
1970,29,0,0,11.7139,332.084
122,29,0,0,11.701,266.81
117,29,0,0,11.6856,187.792
118,29,0,0,11.6778,149.07
1968,29,0,0,11.65,0
2176,29,0,1,12.0806,2344.32,0.0963333,420.177,0.14,2
2066,29,0,1,12.0704,2277.15
869,29,0,1,12.0595,2202
1306,29,0,2,12.2107,2955.73,0.0833333,363.475,0.03,3
1599,29,0,2,12.1932,2859.28
1300,29,0,2,12.1888,2832.85
1298,29,0,2,12.1835,2803.67
2176,29,0,2,12.1769,2764.49
850,29,0,3,12.4014,3921.52,0.1105,481.968,0.03,4
852,29,0,3,12.3939,3876.88
865,29,0,3,12.3872,3835.04
869,29,0,3,12.3734,3745.99
2066,29,0,3,12.346,3610.04
1297,29,0,3,12.3155,3452.46
1299,29,0,3,12.3095,3418.91
1600,29,0,3,12.308,3405.46
1306,29,0,3,12.294,3319.2
819,29,0,4,12.5647,4744.33,0.0838333,365.656,0.48,5
2009,29,0,4,12.558,4697.12
2010,29,0,4,12.5423,4596.28
837,29,0,4,12.5351,4550.32
1774,29,0,4,12.5207,4471.55
849,29,0,4,12.5176,4452.94
850,29,0,4,12.5119,4403.48
1968,29,0,5,12.9447,6763.78,0,0,0
118,29,0,5,12.9055,6566.5
117,29,0,5,12.898,6529.11
122,29,0,5,12.8808,6442.19
1970,29,0,5,12.8676,6375.64
124,29,0,5,12.8466,6262.96
105,29,0,5,12.8322,6183.29
1967,29,0,5,12.7948,5986.23
107,29,0,5,12.7896,5956.61
1978,29,0,5,12.7806,5901.71
1979,29,0,5,12.7488,5692.53
329,29,0,5,12.7467,5675.08
2114,29,0,5,12.7421,5651.88
335,29,0,5,12.7317,5590.74
1819,29,0,5,12.7267,5561.8
344,29,0,5,12.7102,5464.55
349,29,0,5,12.6961,5381.47
358,29,0,5,12.6836,5312.17
805,29,0,5,12.6721,5248.88
811,29,0,5,12.6703,5231.15
819,29,0,5,12.6485,5109.98
105,29,1,0,9.51826,522.901,0.1085,473.244,0.3,1
124,29,1,0,9.50272,438.596
1970,29,1,0,9.48717,345.923
122,29,1,0,9.4744,281.164
117,29,1,0,9.45485,184.747
118,29,1,0,9.44805,150.127
1968,29,1,0,9.42,0
320,29,1,1,9.68259,1348.85,0.084,366.383,0.32,2
1978,29,1,1,9.66364,1228.27
107,29,1,1,9.65492,1173.83
1967,29,1,1,9.65191,1145.12
105,29,1,1,9.62676,996.145
849,29,1,2,9.99483,2997.83,0.089,388.191,0.2,3
1774,29,1,2,9.99148,2978.83
837,29,1,2,9.98006,2909.76
2010,29,1,2,9.96717,2842.87
2009,29,1,2,9.94371,2716.69
819,29,1,2,9.93538,2667.61
811,29,1,2,9.91403,2548.28
805,29,1,2,9.91049,2528.67
358,29,1,2,9.89583,2451.74
349,29,1,2,9.87912,2364.31
344,29,1,2,9.86531,2281.68
1819,29,1,2,9.85015,2186.44
335,29,1,2,9.84524,2157.6
2114,29,1,2,9.83158,2083.94
329,29,1,2,9.82898,2068.77
2116,29,1,2,9.82424,2043.68
327,29,1,2,9.81095,1970.11
324,29,1,2,9.80678,1948.4
319,29,1,2,9.77918,1800.93
320,29,1,2,9.76659,1715.23
344,29,1,3,10.1909,4043.65,0.0413333,180.284,0.09,4
349,29,1,3,10.1803,3963.95
358,29,1,3,10.1637,3876.76
805,29,1,3,10.1529,3816.59
811,29,1,3,10.1511,3798.85
819,29,1,3,10.1279,3671.35
2009,29,1,3,10.122,3624.17
2010,29,1,3,10.1066,3523.65
837,29,1,3,10.0993,3477.53
1774,29,1,3,10.0881,3408.79
849,29,1,3,10.0838,3386.02
1970,29,1,4,10.3867,5122.2,0.0656667,286.418,0.08,5
124,29,1,4,10.3675,5016.85
105,29,1,4,10.3547,4944.23
1967,29,1,4,10.3178,4748.95
107,29,1,4,10.3123,4718.29
1978,29,1,4,10.3032,4663.41
1979,29,1,4,10.2706,4453.23
329,29,1,4,10.2684,4435.77
2114,29,1,4,10.2632,4409.85
335,29,1,4,10.2528,4348.7
1819,29,1,4,10.2478,4319.71
344,29,1,4,10.2322,4223.94
1968,29,1,5,10.5208,5760.29,0,0,0
118,29,1,5,10.4883,5591.21
117,29,1,5,10.481,5554.57
122,29,1,5,10.4644,5470.2
1970,29,1,5,10.4524,5408.62
