Node, Individual, Route,Segment, Travel time, Travel cost, Attention time, Attention cost, Failure rate, Demand
927,0,0,0,16.2838,704.628,0.0745,324.947,0.4,1
926,0,0,0,16.2612,580.1
911,0,0,0,16.2326,429.016
899,0,0,0,16.2268,397.411
880,0,0,0,16.1922,215.354
881,0,0,0,16.1739,119.679
814,0,0,0,16.15,0
832,0,0,1,16.4719,1622.13,0.0425,185.372,0.15,2
834,0,0,1,16.4486,1497.52
835,0,0,1,16.4414,1455.08
2154,0,0,1,16.4161,1320.62
857,0,0,1,16.4038,1259.6
926,0,0,1,16.3894,1190.91
927,0,0,1,16.3583,1029.57
1819,0,0,2,16.6448,2520.77,0.0873333,380.922,0.03,3
344,0,0,2,16.6284,2423.73
349,0,0,2,16.6153,2342.03
358,0,0,2,16.604,2277.31
359,0,0,2,16.5844,2181.84
806,0,0,2,16.5841,2180.84
812,0,0,2,16.5522,2018.27
2008,0,0,2,16.5389,1935.59
821,0,0,2,16.5338,1907.5
2153,0,0,2,16.5203,1840.02
831,0,0,2,16.5203,1839.94
832,0,0,2,16.5144,1807.51
364,0,0,3,16.8363,3585.39,0.044,191.915,0.23,4
365,0,0,3,16.8285,3534.21
323,0,0,3,16.8133,3411.94
108,0,0,3,16.804,3347.46
107,0,0,3,16.7963,3299.01
1978,0,0,3,16.7874,3244.35
1979,0,0,3,16.7539,3033.19
329,0,0,3,16.7517,3015.77
2114,0,0,3,16.7467,2990.69
335,0,0,3,16.7361,2929.42
1819,0,0,3,16.7322,2901.7
410,0,0,4,16.9851,4334.08,0.067,292.234,0.11,5
398,0,0,4,16.9848,4332.88
397,0,0,4,16.9745,4272.98
389,0,0,4,16.9639,4215.05
388,0,0,4,16.9382,4081.53
381,0,0,4,16.927,4024.48
337,0,0,4,16.9265,4022.18
373,0,0,4,16.9068,3914.24
375,0,0,4,16.906,3910.3
374,0,0,4,16.9001,3879.79
364,0,0,4,16.8803,3777.31
814,0,0,5,17.1213,5005.22,0,0,0
881,0,0,5,17.1085,4932.56
1985,0,0,5,17.0834,4796.07
1986,0,0,5,17.0757,4743.69
410,0,0,5,17.0521,4626.32
927,1,0,0,15.7011,693.643,0.102167,445.62,0.4,1
926,1,0,0,15.6778,566.013
911,1,0,0,15.6485,411.604
899,1,0,0,15.6431,381.588
880,1,0,0,15.6091,201.999
881,1,0,0,15.5916,109.896
814,1,0,0,15.57,0
832,1,0,1,15.9214,1750.31,0.059,257.34,0.06,2
834,1,0,1,15.8983,1626.76
835,1,0,1,15.8908,1583.86
2154,1,0,1,15.8573,1414.39
857,1,0,1,15.8449,1353.33
926,1,0,1,15.8355,1304.91
927,1,0,1,15.8033,1139.26
1819,1,0,2,16.0877,2638.59,0.0873333,380.922,0.03,3
344,1,0,2,16.0723,2543.15
349,1,0,2,16.0622,2463.35
358,1,0,2,16.0523,2400.7
359,1,0,2,16.0405,2337.71
807,1,0,2,16.0162,2208.43
812,1,0,2,16.0161,2207.64
2008,1,0,2,16.002,2123.96
821,1,0,2,15.9965,2093.86
2153,1,0,2,15.9871,2043.48
831,1,0,2,15.9871,2043.4
832,1,0,2,15.9804,2007.65
364,1,0,3,16.2791,3703.21,0.044,191.915,0.23,4
365,1,0,3,16.2713,3652.02
323,1,0,3,16.2561,3529.76
108,1,0,3,16.2468,3465.27
107,1,0,3,16.2391,3416.83
1978,1,0,3,16.2302,3362.17
1979,1,0,3,16.1967,3151.01
329,1,0,3,16.1945,3133.59
2114,1,0,3,16.1895,3108.51
335,1,0,3,16.179,3047.24
1819,1,0,3,16.175,3019.51
410,1,0,4,16.4279,4451.9,0.067,292.234,0.11,5
398,1,0,4,16.4277,4450.69
397,1,0,4,16.4173,4390.8
389,1,0,4,16.4067,4332.87
388,1,0,4,16.381,4199.34
381,1,0,4,16.3698,4142.3
337,1,0,4,16.3694,4139.99
373,1,0,4,16.3496,4032.06
375,1,0,4,16.3488,4028.12
374,1,0,4,16.3429,3997.61
364,1,0,4,16.3231,3895.12
814,1,0,5,16.5698,5145.96,0,0,0
881,1,0,5,16.5548,5064.03
1985,1,0,5,16.5317,4936.51
1986,1,0,5,16.524,4884.13
410,1,0,5,16.4949,4744.14
927,2,0,0,15.7011,693.643,0.102167,445.62,0.4,1
926,2,0,0,15.6778,566.013
911,2,0,0,15.6485,411.604
899,2,0,0,15.6431,381.588
880,2,0,0,15.6091,201.999
881,2,0,0,15.5916,109.896
814,2,0,0,15.57,0
832,2,0,1,15.9214,1750.31,0.059,257.34,0.06,2
834,2,0,1,15.8983,1626.76
835,2,0,1,15.8908,1583.86
2154,2,0,1,15.8573,1414.39
857,2,0,1,15.8449,1353.33
926,2,0,1,15.8355,1304.91
927,2,0,1,15.8033,1139.26
364,2,0,2,16.1654,3008.54,0.044,191.915,0.23,3
374,2,0,2,16.1511,2929.46
375,2,0,2,16.143,2889.75
373,2,0,2,16.1422,2885.81
337,2,0,2,16.1194,2764.7
381,2,0,2,16.1189,2762.4
388,2,0,2,16.1081,2706.79
2132,2,0,2,16.0814,2556.08
341,2,0,2,16.0805,2552.08
345,2,0,2,16.0749,2513.9
1981,2,0,2,16.06,2432.68
356,2,0,2,16.0377,2315.7
807,2,0,2,16.0162,2208.43
812,2,0,2,16.0161,2207.64
2008,2,0,2,16.002,2123.96
821,2,0,2,15.9965,2093.86
2153,2,0,2,15.9871,2043.48
831,2,0,2,15.9871,2043.4
832,2,0,2,15.9804,2007.65
1819,2,0,3,16.337,3894.72,0.0873333,380.922,0.03,4
335,2,0,3,16.3322,3866.03
2114,2,0,3,16.3172,3786.4
329,2,0,3,16.3145,3771.1
1979,2,0,3,16.3078,3738.04
1978,2,0,3,16.2645,3499.14
321,2,0,3,16.2486,3418.17
108,2,0,3,16.2481,3415.93
323,2,0,3,16.2361,3347.82
322,2,0,3,16.236,3347.17
364,2,0,3,16.2094,3200.45
410,2,0,4,16.5501,4950,0.067,292.234,0.11,5
398,2,0,4,16.5498,4948.79
397,2,0,4,16.5394,4888.9
389,2,0,4,16.5289,4830.97
388,2,0,4,16.5031,4697.44
2132,2,0,4,16.4746,4538.51
341,2,0,4,16.4738,4534.51
340,2,0,4,16.4445,4386.86
335,2,0,4,16.4283,4303.37
1819,2,0,4,16.4244,4275.65
814,2,0,5,16.6919,5644.06,0,0,0
881,2,0,5,16.6769,5562.13
1985,2,0,5,16.6539,5434.61
1986,2,0,5,16.6462,5382.22
410,2,0,5,16.6171,5242.23
927,3,0,0,15.7011,693.643,0.102167,445.62,0.4,1
926,3,0,0,15.6778,566.013
911,3,0,0,15.6485,411.604
899,3,0,0,15.6431,381.588
880,3,0,0,15.6091,201.999
881,3,0,0,15.5916,109.896
814,3,0,0,15.57,0
832,3,0,1,15.9214,1750.31,0.059,257.34,0.06,2
834,3,0,1,15.8983,1626.76
835,3,0,1,15.8908,1583.86
2154,3,0,1,15.8573,1414.39
857,3,0,1,15.8449,1353.33
926,3,0,1,15.8355,1304.91
927,3,0,1,15.8033,1139.26
364,3,0,2,16.1654,3008.54,0.044,191.915,0.23,3
374,3,0,2,16.1511,2929.46
375,3,0,2,16.143,2889.75
373,3,0,2,16.1422,2885.81
337,3,0,2,16.1194,2764.7
381,3,0,2,16.1189,2762.4
388,3,0,2,16.1081,2706.79
2132,3,0,2,16.0814,2556.08
341,3,0,2,16.0805,2552.08
345,3,0,2,16.0749,2513.9
1981,3,0,2,16.06,2432.68
356,3,0,2,16.0377,2315.7
807,3,0,2,16.0162,2208.43
812,3,0,2,16.0161,2207.64
2008,3,0,2,16.002,2123.96
821,3,0,2,15.9965,2093.86
2153,3,0,2,15.9871,2043.48
831,3,0,2,15.9871,2043.4
832,3,0,2,15.9804,2007.65
410,3,0,3,16.3142,3757.23,0.067,292.234,0.11,4
398,3,0,3,16.3139,3756.02
397,3,0,3,16.3036,3696.13
389,3,0,3,16.293,3638.2
388,3,0,3,16.2673,3504.67
381,3,0,3,16.2561,3447.63
337,3,0,3,16.2557,3445.32
373,3,0,3,16.2359,3337.39
375,3,0,3,16.2351,3333.45
374,3,0,3,16.2292,3302.94
364,3,0,3,16.2094,3200.45
814,3,0,4,16.456,4451.29,0,0,0
881,3,0,4,16.441,4369.36
1985,3,0,4,16.418,4241.84
1986,3,0,4,16.4103,4189.46
410,3,0,4,16.3812,4049.47
1819,3,1,0,17.607,796.263,0.072,314.042,0.02,1
344,3,1,0,17.5903,698.615
349,3,1,0,17.5777,617.675
358,3,1,0,17.5664,552.943
359,3,1,0,17.5542,488.322
807,3,1,0,17.5264,344.147
808,3,1,0,17.5201,308.678
809,3,1,0,17.5148,272.364
813,3,1,0,17.4887,141.2
810,3,1,0,17.4782,90.3136
814,3,1,0,17.46,0
814,3,1,1,17.8359,1947.55,0,0,0
810,3,1,1,17.8171,1855.17
813,3,1,1,17.8066,1804.37
809,3,1,1,17.7787,1665.38
808,3,1,1,17.77,1618.85
807,3,1,1,17.761,1571.73
356,3,1,1,17.7465,1493.82
355,3,1,1,17.7228,1367.9
349,3,1,1,17.707,1287.32
344,3,1,1,17.6928,1204.07
1819,3,1,1,17.679,1110.31
