Node, Individual, Route,Segment, Travel time, Travel cost, Attention time, Attention cost, Failure rate, Demand
927,0,0,0,16.2638,704.628,0.0745,324.947,0.4,1
926,0,0,0,16.2412,580.1
911,0,0,0,16.2126,429.016
899,0,0,0,16.2068,397.411
880,0,0,0,16.1722,215.354
881,0,0,0,16.1539,119.679
814,0,0,0,16.13,0
832,0,0,1,16.4519,1622.13,0.0425,185.372,0.15,2
834,0,0,1,16.4286,1497.52
835,0,0,1,16.4214,1455.08
2154,0,0,1,16.3961,1320.62
857,0,0,1,16.3838,1259.6
926,0,0,1,16.3694,1190.91
927,0,0,1,16.3383,1029.57
1819,0,0,2,16.6248,2520.77,0.0873333,380.922,0.03,3
344,0,0,2,16.6084,2423.73
349,0,0,2,16.5953,2342.03
358,0,0,2,16.584,2277.31
359,0,0,2,16.5644,2181.84
806,0,0,2,16.5641,2180.84
812,0,0,2,16.5322,2018.27
2008,0,0,2,16.5189,1935.59
821,0,0,2,16.5138,1907.5
2153,0,0,2,16.5003,1840.02
831,0,0,2,16.5003,1839.94
832,0,0,2,16.4944,1807.51
364,0,0,3,16.8163,3585.39,0.044,191.915,0.23,4
365,0,0,3,16.8085,3534.21
323,0,0,3,16.7933,3411.94
108,0,0,3,16.784,3347.46
107,0,0,3,16.7763,3299.01
1978,0,0,3,16.7674,3244.35
1979,0,0,3,16.7339,3033.19
329,0,0,3,16.7317,3015.77
2114,0,0,3,16.7267,2990.69
335,0,0,3,16.7161,2929.42
1819,0,0,3,16.7122,2901.7
410,0,0,4,16.9651,4334.08,0.067,292.234,0.11,5
398,0,0,4,16.9648,4332.88
397,0,0,4,16.9545,4272.98
389,0,0,4,16.9439,4215.05
388,0,0,4,16.9182,4081.53
381,0,0,4,16.907,4024.48
337,0,0,4,16.9065,4022.18
373,0,0,4,16.8868,3914.24
375,0,0,4,16.886,3910.3
374,0,0,4,16.8801,3879.79
364,0,0,4,16.8603,3777.31
814,0,0,5,17.1013,5005.22,0,0,0
881,0,0,5,17.0885,4932.56
1985,0,0,5,17.0634,4796.07
1986,0,0,5,17.0557,4743.69
410,0,0,5,17.0321,4626.32
410,1,0,0,16.2091,414.941,0.067,292.234,0.11,1
409,1,0,0,16.196,344.171
1985,1,0,0,16.1815,266.824
881,1,0,0,16.1539,119.679
814,1,0,0,16.13,0
364,1,0,1,16.4086,1431.97,0.044,191.915,0.23,2
374,1,0,1,16.3927,1346.27
375,1,0,1,16.3861,1312.67
382,1,0,1,16.3445,1091.4
383,1,0,1,16.3356,1041.3
392,1,0,1,16.3248,973.193
400,1,0,1,16.3063,873.783
411,1,0,1,16.2912,796.496
412,1,0,1,16.2886,777.465
398,1,0,1,16.2764,708.383
410,1,0,1,16.2761,707.175
1819,1,0,2,16.5802,2318.15,0.0873333,380.922,0.03,3
335,1,0,2,16.5754,2289.46
2114,1,0,2,16.5603,2209.83
329,1,0,2,16.5576,2194.53
1979,1,0,2,16.5509,2161.47
1978,1,0,2,16.5076,1922.57
321,1,0,2,16.4918,1841.6
108,1,0,2,16.4913,1839.36
323,1,0,2,16.4792,1771.25
322,1,0,2,16.4791,1770.6
364,1,0,2,16.4526,1623.88
832,1,0,3,16.793,3399.08,0.0425,185.372,0.15,4
831,1,0,3,16.7872,3367.27
2153,1,0,3,16.7872,3367.19
821,1,0,3,16.7766,3312.32
2008,1,0,3,16.7682,3269.53
812,1,0,3,16.7507,3174.05
807,1,0,3,16.7506,3173.26
356,1,0,3,16.7336,3085.08
355,1,0,3,16.7067,2945.32
349,1,0,3,16.6928,2873.01
344,1,0,3,16.6806,2792.46
1819,1,0,3,16.6675,2699.08
927,1,0,4,16.9334,4113.43,0.0745,324.947,0.4,5
926,1,0,4,16.9108,3988.9
911,1,0,4,16.8822,3837.82
835,1,0,4,16.8621,3727.63
834,1,0,4,16.8525,3675.99
825,1,0,4,16.8418,3618.92
831,1,0,4,16.8414,3616.89
832,1,0,4,16.8355,3584.45
814,1,0,5,17.1384,5129.42,0,0,0
881,1,0,5,17.1256,5056.76
880,1,0,5,17.111,4977.22
899,1,0,5,17.0727,4779.27
911,1,0,5,17.0634,4732.83
926,1,0,5,17.0373,4592.08
927,1,0,5,17.0079,4438.38
927,2,0,0,15.6511,693.643,0.102167,445.62,0.4,1
926,2,0,0,15.6278,566.013
911,2,0,0,15.5985,411.604
899,2,0,0,15.5931,381.588
880,2,0,0,15.5591,201.999
881,2,0,0,15.5416,109.896
814,2,0,0,15.52,0
832,2,0,1,15.8714,1750.31,0.059,257.34,0.06,2
834,2,0,1,15.8483,1626.76
835,2,0,1,15.8408,1583.86
2154,2,0,1,15.8073,1414.39
857,2,0,1,15.7949,1353.33
926,2,0,1,15.7855,1304.91
927,2,0,1,15.7533,1139.26
1819,2,0,2,16.0377,2638.59,0.0873333,380.922,0.03,3
344,2,0,2,16.0223,2543.15
349,2,0,2,16.0122,2463.35
358,2,0,2,16.0023,2400.7
359,2,0,2,15.9905,2337.71
807,2,0,2,15.9662,2208.43
812,2,0,2,15.9661,2207.64
2008,2,0,2,15.952,2123.96
821,2,0,2,15.9465,2093.86
2153,2,0,2,15.9371,2043.48
831,2,0,2,15.9371,2043.4
832,2,0,2,15.9304,2007.65
364,2,0,3,16.2291,3703.21,0.044,191.915,0.23,4
365,2,0,3,16.2213,3652.02
323,2,0,3,16.2061,3529.76
108,2,0,3,16.1968,3465.27
107,2,0,3,16.1891,3416.83
1978,2,0,3,16.1802,3362.17
1979,2,0,3,16.1467,3151.01
329,2,0,3,16.1445,3133.59
2114,2,0,3,16.1395,3108.51
335,2,0,3,16.129,3047.24
1819,2,0,3,16.125,3019.51
410,2,0,4,16.3779,4451.9,0.067,292.234,0.11,5
398,2,0,4,16.3777,4450.69
397,2,0,4,16.3673,4390.8
389,2,0,4,16.3567,4332.87
388,2,0,4,16.331,4199.34
381,2,0,4,16.3198,4142.3
337,2,0,4,16.3194,4139.99
373,2,0,4,16.2996,4032.06
375,2,0,4,16.2988,4028.12
374,2,0,4,16.2929,3997.61
364,2,0,4,16.2731,3895.12
814,2,0,5,16.5198,5145.96,0,0,0
881,2,0,5,16.5048,5064.03
1985,2,0,5,16.4817,4936.51
1986,2,0,5,16.474,4884.13
410,2,0,5,16.4449,4744.14
832,3,0,0,15.9499,370.808,0.059,257.34,0.06,1
831,3,0,0,15.9431,334.665
825,3,0,0,15.9427,332.635
822,3,0,0,15.9241,229.355
823,3,0,0,15.9168,192.66
824,3,0,0,15.8998,107.308
814,3,0,0,15.88,0
927,3,0,1,16.1069,1157.13,0.0745,324.947,0.4,2
926,3,0,1,16.0843,1032.6
911,3,0,1,16.0557,881.516
835,3,0,1,16.0356,771.328
834,3,0,1,16.026,719.687
825,3,0,1,16.0153,662.614
831,3,0,1,16.0149,660.584
832,3,0,1,16.0089,628.148
814,3,0,2,16.3161,2191.26,0,0,0
881,3,0,2,16.3011,2109.34
880,3,0,2,16.284,2018.94
899,3,0,2,16.2476,1828.8
911,3,0,2,16.2426,1800.72
926,3,0,2,16.2126,1643.41
927,3,0,2,16.1814,1482.07
410,3,1,0,16.7991,414.941,0.067,292.234,0.11,1
409,3,1,0,16.786,344.171
1985,3,1,0,16.7715,266.824
881,3,1,0,16.7439,119.679
814,3,1,0,16.72,0
364,3,1,1,16.9986,1431.97,0.044,191.915,0.23,2
374,3,1,1,16.9827,1346.27
375,3,1,1,16.9761,1312.67
382,3,1,1,16.9345,1091.4
383,3,1,1,16.9256,1041.3
392,3,1,1,16.9148,973.193
400,3,1,1,16.8963,873.783
411,3,1,1,16.8812,796.496
412,3,1,1,16.8786,777.465
398,3,1,1,16.8664,708.383
410,3,1,1,16.8661,707.175
1819,3,1,2,17.1625,2287.83,0.072,314.042,0.02,3
335,3,1,2,17.1576,2259
2114,3,1,2,17.1426,2179.84
1979,3,1,2,17.1329,2130.08
1978,3,1,2,17.0931,1906.19
321,3,1,2,17.0801,1837.15
108,3,1,2,17.0796,1834.91
323,3,1,2,17.0656,1758.5
322,3,1,2,17.0655,1757.85
364,3,1,2,17.0426,1623.88
814,3,1,3,17.3913,3439.12,0,0,0
810,3,1,3,17.3726,3346.74
813,3,1,3,17.3621,3295.93
809,3,1,3,17.3342,3156.94
808,3,1,3,17.3255,3110.42
807,3,1,3,17.3165,3063.29
356,3,1,3,17.3019,2985.39
355,3,1,3,17.2782,2859.47
349,3,1,3,17.2624,2778.89
344,3,1,3,17.2482,2695.64
1819,3,1,3,17.2345,2601.87
