Node, Individual, Route,Segment, Travel time, Travel cost, Attention time, Attention cost, Failure rate, Demand
927,0,0,0,16.2738,704.628,0.0745,324.947,0.4,1
926,0,0,0,16.2512,580.1
911,0,0,0,16.2226,429.016
899,0,0,0,16.2168,397.411
880,0,0,0,16.1822,215.354
881,0,0,0,16.1639,119.679
814,0,0,0,16.14,0
832,0,0,1,16.4619,1622.13,0.0425,185.372,0.15,2
834,0,0,1,16.4386,1497.52
835,0,0,1,16.4314,1455.08
2154,0,0,1,16.4061,1320.62
857,0,0,1,16.3938,1259.6
926,0,0,1,16.3794,1190.91
927,0,0,1,16.3483,1029.57
1819,0,0,2,16.6348,2520.77,0.0873333,380.922,0.03,3
344,0,0,2,16.6184,2423.73
349,0,0,2,16.6053,2342.03
358,0,0,2,16.594,2277.31
359,0,0,2,16.5744,2181.84
806,0,0,2,16.5741,2180.84
812,0,0,2,16.5422,2018.27
2008,0,0,2,16.5289,1935.59
821,0,0,2,16.5238,1907.5
2153,0,0,2,16.5103,1840.02
831,0,0,2,16.5103,1839.94
832,0,0,2,16.5044,1807.51
364,0,0,3,16.8263,3585.39,0.044,191.915,0.23,4
365,0,0,3,16.8185,3534.21
323,0,0,3,16.8033,3411.94
108,0,0,3,16.794,3347.46
107,0,0,3,16.7863,3299.01
1978,0,0,3,16.7774,3244.35
1979,0,0,3,16.7439,3033.19
329,0,0,3,16.7417,3015.77
2114,0,0,3,16.7367,2990.69
335,0,0,3,16.7261,2929.42
1819,0,0,3,16.7222,2901.7
410,0,0,4,16.9751,4334.08,0.067,292.234,0.11,5
398,0,0,4,16.9748,4332.88
397,0,0,4,16.9645,4272.98
389,0,0,4,16.9539,4215.05
388,0,0,4,16.9282,4081.53
381,0,0,4,16.917,4024.48
337,0,0,4,16.9165,4022.18
373,0,0,4,16.8968,3914.24
375,0,0,4,16.896,3910.3
374,0,0,4,16.8901,3879.79
364,0,0,4,16.8703,3777.31
814,0,0,5,17.1113,5005.22,0,0,0
881,0,0,5,17.0985,4932.56
1985,0,0,5,17.0734,4796.07
1986,0,0,5,17.0657,4743.69
410,0,0,5,17.0421,4626.32
927,1,0,0,15.6711,693.643,0.102167,445.62,0.4,1
926,1,0,0,15.6478,566.013
911,1,0,0,15.6185,411.604
899,1,0,0,15.6131,381.588
880,1,0,0,15.5791,201.999
881,1,0,0,15.5616,109.896
814,1,0,0,15.54,0
832,1,0,1,15.8914,1750.31,0.059,257.34,0.06,2
834,1,0,1,15.8683,1626.76
835,1,0,1,15.8608,1583.86
2154,1,0,1,15.8273,1414.39
857,1,0,1,15.8149,1353.33
926,1,0,1,15.8055,1304.91
927,1,0,1,15.7733,1139.26
1819,1,0,2,16.0577,2638.59,0.0873333,380.922,0.03,3
344,1,0,2,16.0423,2543.15
349,1,0,2,16.0322,2463.35
358,1,0,2,16.0224,2400.7
359,1,0,2,16.0105,2337.71
807,1,0,2,15.9862,2208.43
812,1,0,2,15.9861,2207.64
2008,1,0,2,15.972,2123.96
821,1,0,2,15.9665,2093.86
2153,1,0,2,15.9571,2043.48
831,1,0,2,15.9571,2043.4
832,1,0,2,15.9504,2007.65
364,1,0,3,16.2491,3703.21,0.044,191.915,0.23,4
365,1,0,3,16.2413,3652.02
323,1,0,3,16.2261,3529.76
108,1,0,3,16.2168,3465.27
107,1,0,3,16.2091,3416.83
1978,1,0,3,16.2002,3362.17
1979,1,0,3,16.1667,3151.01
329,1,0,3,16.1645,3133.59
2114,1,0,3,16.1595,3108.51
335,1,0,3,16.149,3047.24
1819,1,0,3,16.145,3019.51
410,1,0,4,16.3979,4451.9,0.067,292.234,0.11,5
398,1,0,4,16.3977,4450.69
397,1,0,4,16.3873,4390.8
389,1,0,4,16.3767,4332.87
388,1,0,4,16.351,4199.34
381,1,0,4,16.3398,4142.3
337,1,0,4,16.3394,4139.99
373,1,0,4,16.3196,4032.06
375,1,0,4,16.3188,4028.12
374,1,0,4,16.3129,3997.61
364,1,0,4,16.2931,3895.12
814,1,0,5,16.5398,5145.96,0,0,0
881,1,0,5,16.5248,5064.03
1985,1,0,5,16.5017,4936.51
1986,1,0,5,16.494,4884.13
410,1,0,5,16.4649,4744.14
927,2,0,0,15.6611,693.643,0.102167,445.62,0.4,1
926,2,0,0,15.6378,566.013
911,2,0,0,15.6085,411.604
899,2,0,0,15.6031,381.588
880,2,0,0,15.5691,201.999
881,2,0,0,15.5516,109.896
814,2,0,0,15.53,0
832,2,0,1,15.8814,1750.31,0.059,257.34,0.06,2
834,2,0,1,15.8583,1626.76
835,2,0,1,15.8508,1583.86
2154,2,0,1,15.8173,1414.39
857,2,0,1,15.8049,1353.33
926,2,0,1,15.7955,1304.91
927,2,0,1,15.7633,1139.26
1819,2,0,2,16.0477,2638.59,0.0873333,380.922,0.03,3
344,2,0,2,16.0323,2543.15
349,2,0,2,16.0222,2463.35
358,2,0,2,16.0123,2400.7
359,2,0,2,16.0005,2337.71
807,2,0,2,15.9762,2208.43
812,2,0,2,15.9761,2207.64
2008,2,0,2,15.962,2123.96
821,2,0,2,15.9565,2093.86
2153,2,0,2,15.9471,2043.48
831,2,0,2,15.9471,2043.4
832,2,0,2,15.9404,2007.65
364,2,0,3,16.2391,3703.21,0.044,191.915,0.23,4
365,2,0,3,16.2313,3652.02
323,2,0,3,16.2161,3529.76
108,2,0,3,16.2068,3465.27
107,2,0,3,16.1991,3416.83
1978,2,0,3,16.1902,3362.17
1979,2,0,3,16.1567,3151.01
329,2,0,3,16.1545,3133.59
2114,2,0,3,16.1495,3108.51
335,2,0,3,16.139,3047.24
1819,2,0,3,16.135,3019.51
410,2,0,4,16.3879,4451.9,0.067,292.234,0.11,5
398,2,0,4,16.3877,4450.69
397,2,0,4,16.3773,4390.8
389,2,0,4,16.3667,4332.87
388,2,0,4,16.341,4199.34
381,2,0,4,16.3298,4142.3
337,2,0,4,16.3294,4139.99
373,2,0,4,16.3096,4032.06
375,2,0,4,16.3088,4028.12
374,2,0,4,16.3029,3997.61
364,2,0,4,16.2831,3895.12
814,2,0,5,16.5298,5145.96,0,0,0
881,2,0,5,16.5148,5064.03
1985,2,0,5,16.4917,4936.51
1986,2,0,5,16.484,4884.13
410,2,0,5,16.4549,4744.14
832,3,0,0,15.9599,370.808,0.059,257.34,0.06,1
831,3,0,0,15.9531,334.665
825,3,0,0,15.9527,332.635
822,3,0,0,15.9341,229.355
823,3,0,0,15.9268,192.66
824,3,0,0,15.9098,107.308
814,3,0,0,15.89,0
927,3,0,1,16.1169,1157.13,0.0745,324.947,0.4,2
926,3,0,1,16.0943,1032.6
911,3,0,1,16.0657,881.516
835,3,0,1,16.0456,771.328
834,3,0,1,16.036,719.687
825,3,0,1,16.0253,662.614
831,3,0,1,16.0249,660.584
832,3,0,1,16.0189,628.148
364,3,0,2,16.4804,2995.77,0.044,191.915,0.23,3
374,3,0,2,16.4562,2875.11
375,3,0,2,16.4491,2839.42
382,3,0,2,16.4083,2621.37
390,3,0,2,16.3907,2528.44
397,3,0,2,16.373,2434.8
409,3,0,2,16.3532,2333.83
1985,3,0,2,16.3387,2256.48
881,3,0,2,16.3111,2109.34
880,3,0,2,16.294,2018.94
899,3,0,2,16.2576,1828.8
911,3,0,2,16.2526,1800.72
926,3,0,2,16.2226,1643.41
927,3,0,2,16.1914,1482.07
410,3,0,3,16.6292,3744.46,0.067,292.234,0.11,4
398,3,0,3,16.6289,3743.26
397,3,0,3,16.6185,3683.36
389,3,0,3,16.608,3625.43
388,3,0,3,16.5822,3491.91
381,3,0,3,16.5711,3434.86
337,3,0,3,16.5706,3432.56
373,3,0,3,16.5509,3324.62
375,3,0,3,16.5501,3320.68
374,3,0,3,16.5442,3290.17
364,3,0,3,16.5244,3187.69
814,3,0,4,16.771,4438.52,0,0,0
881,3,0,4,16.756,4356.6
1985,3,0,4,16.733,4229.07
1986,3,0,4,16.7253,4176.69
410,3,0,4,16.6962,4036.7
1819,3,1,0,17.367,796.263,0.072,314.042,0.02,1
344,3,1,0,17.3503,698.615
349,3,1,0,17.3377,617.675
358,3,1,0,17.3264,552.943
359,3,1,0,17.3142,488.322
807,3,1,0,17.2864,344.147
808,3,1,0,17.2801,308.678
809,3,1,0,17.2748,272.364
813,3,1,0,17.2487,141.2
810,3,1,0,17.2382,90.3136
814,3,1,0,17.22,0
814,3,1,1,17.5959,1947.55,0,0,0
810,3,1,1,17.5771,1855.17
813,3,1,1,17.5666,1804.37
809,3,1,1,17.5387,1665.38
808,3,1,1,17.53,1618.85
807,3,1,1,17.521,1571.73
356,3,1,1,17.5065,1493.82
355,3,1,1,17.4828,1367.9
349,3,1,1,17.467,1287.32
344,3,1,1,17.4528,1204.07
1819,3,1,1,17.439,1110.31
