Node, Individual, Route,Segment, Travel time, Travel cost, Attention time, Attention cost, Failure rate, Demand
141,0,0,0,10.4213,1054.75,0.0773333,337.305,0.05,1
142,0,0,0,10.406,970.305
362,0,0,0,10.3967,919.682
363,0,0,0,10.3809,833.754
367,0,0,0,10.3668,758.561
368,0,0,0,10.3648,745.103
372,0,0,0,10.3497,666.868
371,0,0,0,10.3311,558.413
2134,0,0,0,10.3257,517.634
2136,0,0,0,10.314,453.922
393,0,0,0,10.2819,288.91
401,0,0,0,10.2697,221.946
400,0,0,0,10.2465,91.0573
411,0,0,0,10.2327,19.0468
412,0,0,0,10.23,0
1972,0,0,1,10.6351,2134.9,0.0888333,387.464,0.08,2
148,0,0,1,10.6125,2012.08
149,0,0,1,10.6087,1992.44
1727,0,0,1,10.6059,1977.79
1725,0,0,1,10.5932,1896.57
1724,0,0,1,10.589,1875.68
2104,0,0,1,10.5726,1783.38
1723,0,0,1,10.5664,1749.59
1726,0,0,1,10.5567,1696.08
130,0,0,1,10.5485,1651.93
129,0,0,1,10.544,1626.76
134,0,0,1,10.5367,1588.76
137,0,0,1,10.5028,1418.46
141,0,0,1,10.4986,1392.06
465,0,0,2,10.9065,3510.05,0.0695,303.138,0.16,3
464,0,0,2,10.8999,3477.42
460,0,0,2,10.8922,3434.37
461,0,0,2,10.8816,3367.67
462,0,0,2,10.8801,3353.29
1990,0,0,2,10.8718,3299.79
1857,0,0,2,10.8561,3218.22
441,0,0,2,10.8511,3193.66
185,0,0,2,10.8408,3138.74
186,0,0,2,10.8331,3099.44
187,0,0,2,10.8169,3023.34
2129,0,0,2,10.8035,2953.64
1974,0,0,2,10.7658,2748.09
1973,0,0,2,10.745,2638.34
1972,0,0,2,10.724,2522.36
943,0,0,3,11.2373,5158.08,0.0943333,411.454,0.08,4
934,0,0,3,11.2295,5114.18
933,0,0,3,11.2207,5066.84
936,0,0,3,11.2201,5063.9
1737,0,0,3,11.2066,4992
917,0,0,3,11.1931,4922.45
916,0,0,3,11.1929,4921.55
919,0,0,3,11.1871,4882.46
2017,0,0,3,11.1871,4882.29
2014,0,0,3,11.186,4876.74
2015,0,0,3,11.1779,4836.02
910,0,0,3,11.1778,4835.54
909,0,0,3,11.1694,4793.02
898,0,0,3,11.1549,4721.41
897,0,0,3,11.1441,4667.86
877,0,0,3,11.1246,4569.33
878,0,0,3,11.119,4540.71
879,0,0,3,11.1043,4470.78
437,0,0,3,11.1003,4449.35
439,0,0,3,11.0966,4429.28
436,0,0,3,11.0873,4383.88
425,0,0,3,11.0775,4335.79
426,0,0,3,11.0738,4316
424,0,0,3,11.0712,4301.45
407,0,0,3,11.0525,4204.54
406,0,0,3,11.048,4181.46
403,0,0,3,11.0396,4137.99
394,0,0,3,11.0303,4087.42
384,0,0,3,11.0255,4063.27
385,0,0,3,11.0217,4043.49
377,0,0,3,11.0187,4026.8
386,0,0,3,11.0029,3946.2
489,0,0,3,10.9948,3902.54
466,0,0,3,10.9866,3861.13
465,0,0,3,10.976,3813.18
948,0,0,4,11.4178,6011.44,0.0926667,404.184,0.47,5
950,0,0,4,11.4011,5922.89
938,0,0,4,11.3898,5861.68
939,0,0,4,11.3668,5745.45
941,0,0,4,11.3532,5677.51
942,0,0,4,11.3409,5616.28
943,0,0,4,11.3317,5569.54
1589,0,0,5,11.6783,7312,0.0458333,199.911,0.32,6
1560,0,0,5,11.6485,7147.76
1321,0,0,5,11.6241,7020.43
1320,0,0,5,11.6044,6915.27
1602,0,0,5,11.577,6784.92
1312,0,0,5,11.5548,6659.42
1306,0,0,5,11.5547,6659.06
1301,0,0,5,11.5408,6584.67
2024,0,0,5,11.5315,6533.08
2025,0,0,5,11.5192,6464.07
1598,0,0,5,11.5162,6445.96
948,0,0,5,11.5105,6415.62
810,0,0,6,12.0035,9039.93,0.0375,163.564,0.29,7
823,0,0,6,11.9888,8939.3
822,0,0,6,11.9831,8909.46
2153,0,0,6,11.9619,8796.62
831,0,0,6,11.9619,8796.54
832,0,0,6,11.9531,8752.04
843,0,0,6,11.9417,8688.25
855,0,0,6,11.9142,8551.76
1856,0,0,6,11.9141,8551.05
869,0,0,6,11.9019,8487.24
2066,0,0,6,11.8808,8377.68
1297,0,0,6,11.8538,8234.93
1299,0,0,6,11.8479,8201.99
1600,0,0,6,11.8465,8188.54
1306,0,0,6,11.8318,8101.2
1312,0,0,6,11.8317,8100.84
1602,0,0,6,11.8064,7961.7
1320,0,0,6,11.7922,7886.56
1321,0,0,6,11.7783,7803.72
1560,0,0,6,11.7575,7691.56
1589,0,0,6,11.7241,7511.91
2008,0,0,7,12.1138,9584.56,0.0393333,171.56,0.02,8
821,0,0,7,12.1089,9557.1
2153,0,0,7,12.0991,9504.96
822,0,0,7,12.0794,9398.96
823,0,0,7,12.0737,9368.62
810,0,0,7,12.041,9203.49
294,0,0,8,12.3138,10623.7,0.0338333,147.571,0.48,9
295,0,0,8,12.2952,10524
297,0,0,8,12.2853,10465.6
306,0,0,8,12.2784,10427.7
313,0,0,8,12.2659,10359.3
312,0,0,8,12.2596,10323.1
314,0,0,8,12.2547,10297.1
353,0,0,8,12.2449,10243.5
354,0,0,8,12.2425,10232.4
357,0,0,8,12.2337,10182.1
358,0,0,8,12.2179,10098.1
359,0,0,8,12.1979,10001.3
806,0,0,8,12.1977,10000.3
812,0,0,8,12.1658,9837.97
2008,0,0,8,12.1531,9756.12
1979,0,0,9,12.4865,11527.2,0.0556667,242.801,0.07,10
329,0,0,9,12.4843,11509.8
2114,0,0,9,12.4798,11486.5
335,0,0,9,12.4694,11425.4
1819,0,0,9,12.4644,11396.5
344,0,0,9,12.4478,11299.2
343,0,0,9,12.4299,11203
1980,0,0,9,12.4217,11158.6
342,0,0,9,12.415,11125.1
339,0,0,9,12.3957,11023.7
338,0,0,9,12.385,10968.6
295,0,0,9,12.3672,10874.6
294,0,0,9,12.3477,10771.2
412,0,0,10,12.6703,12465.5,0,0,0
398,0,0,10,12.656,12387.5
397,0,0,10,12.6433,12318.1
389,0,0,10,12.6316,12255.4
388,0,0,10,12.6067,12125.3
2132,0,0,10,12.5799,11974.2
328,0,0,10,12.5632,11878.7
2115,0,0,10,12.5532,11825.5
329,0,0,10,12.5495,11805.5
1979,0,0,10,12.5422,11770
465,1,0,0,10.6002,777.97,0.0695,303.138,0.16,1
464,1,0,0,10.5936,745.345
460,1,0,0,10.5859,702.293
372,1,0,0,10.5797,666.868
371,1,0,0,10.5611,558.413
2134,1,0,0,10.5557,517.634
2136,1,0,0,10.544,453.922
393,1,0,0,10.5119,288.91
401,1,0,0,10.4997,221.946
400,1,0,0,10.4765,91.0573
411,1,0,0,10.4627,19.0468
412,1,0,0,10.46,0
1972,1,0,1,10.8487,2103.58,0.0888333,387.464,0.08,2
148,1,0,1,10.826,1980.76
149,1,0,1,10.8222,1961.12
161,1,0,1,10.808,1880.92
167,1,0,1,10.7951,1770.89
172,1,0,1,10.7813,1676.14
1535,1,0,1,10.7731,1630.99
177,1,0,1,10.7595,1562.95
185,1,0,1,10.7483,1502.3
441,1,0,1,10.7358,1437.89
1857,1,0,1,10.7312,1414.84
1990,1,0,1,10.7163,1336.58
462,1,0,1,10.7072,1282.09
461,1,0,1,10.705,1267.7
460,1,0,1,10.6944,1201.09
464,1,0,1,10.6773,1117.91
465,1,0,1,10.6697,1081.11
141,1,0,2,11.0672,3214.88,0.0505,220.266,0.03,3
137,1,0,2,11.0634,3188.93
134,1,0,2,11.0387,3057.56
129,1,0,2,11.0299,3012.93
130,1,0,2,11.0235,2979.63
1726,1,0,2,11.0171,2943.5
1723,1,0,2,11.0071,2888.78
2104,1,0,2,10.9992,2847.69
1724,1,0,2,10.9797,2741.88
1725,1,0,2,10.9772,2728.26
1727,1,0,2,10.9661,2648.24
149,1,0,2,10.9651,2638.63
148,1,0,2,10.9601,2613.75
1972,1,0,2,10.9375,2491.04
943,1,0,3,11.4501,5205.72,0.0943333,411.454,0.08,4
934,1,0,3,11.4386,5146.18
933,1,0,3,11.4245,5076.61
936,1,0,3,11.4239,5073.67
1737,1,0,3,11.409,4996.06
917,1,0,3,11.3932,4916.6
2170,1,0,3,11.3885,4892.06
2017,1,0,3,11.3859,4878.41
2014,1,0,3,11.3846,4872.13
2015,1,0,3,11.3765,4831.42
910,1,0,3,11.3764,4830.93
909,1,0,3,11.3664,4781.8
898,1,0,3,11.353,4714.48
897,1,0,3,11.3431,4665.04
877,1,0,3,11.32,4551.54
878,1,0,3,11.3139,4520.8
879,1,0,3,11.2993,4451.22
437,1,0,3,11.2949,4427.83
439,1,0,3,11.2912,4407.82
436,1,0,3,11.2824,4364.95
425,1,0,3,11.2741,4322.96
426,1,0,3,11.2699,4300.87
424,1,0,3,11.2676,4287.47
407,1,0,3,11.2502,4196.22
406,1,0,3,11.2454,4171.62
403,1,0,3,11.2417,4143.08
394,1,0,3,11.231,4086.33
384,1,0,3,11.2269,4065.04
385,1,0,3,11.2232,4045.8
377,1,0,3,11.2198,4027.78
2134,1,0,3,11.205,3942.45
371,1,0,3,11.1999,3901.55
372,1,0,3,11.1833,3795.92
368,1,0,3,11.1711,3730.21
367,1,0,3,11.1684,3715.35
363,1,0,3,11.1538,3638.17
362,1,0,3,11.1407,3563.54
142,1,0,3,11.1322,3516.38
141,1,0,3,11.1177,3435.15
948,1,0,4,11.6306,6059.08,0.0926667,404.184,0.47,5
950,1,0,4,11.6139,5970.53
938,1,0,4,11.6026,5909.32
939,1,0,4,11.5796,5793.09
941,1,0,4,11.5659,5725.15
942,1,0,4,11.5537,5663.92
943,1,0,4,11.5444,5617.18
1589,1,0,5,11.8911,7359.64,0.0458333,199.911,0.32,6
1560,1,0,5,11.8612,7195.4
1321,1,0,5,11.8369,7068.07
1320,1,0,5,11.8172,6962.91
1602,1,0,5,11.7898,6832.56
1312,1,0,5,11.7675,6707.06
1306,1,0,5,11.7675,6706.7
1301,1,0,5,11.7535,6632.31
2024,1,0,5,11.7443,6580.72
2025,1,0,5,11.732,6511.71
1598,1,0,5,11.729,6493.6
948,1,0,5,11.7232,6463.26
810,1,0,6,12.2163,9087.57,0.0375,163.564,0.29,7
823,1,0,6,12.2015,8986.94
822,1,0,6,12.1959,8957.1
2153,1,0,6,12.1746,8844.26
831,1,0,6,12.1746,8844.18
832,1,0,6,12.1659,8799.68
843,1,0,6,12.1544,8735.88
855,1,0,6,12.127,8599.4
1856,1,0,6,12.1268,8598.69
869,1,0,6,12.1146,8534.88
2066,1,0,6,12.0936,8425.32
1297,1,0,6,12.0666,8282.57
1299,1,0,6,12.0607,8249.63
1600,1,0,6,12.0593,8236.18
1306,1,0,6,12.0445,8148.84
1312,1,0,6,12.0445,8148.48
1602,1,0,6,12.0191,8009.34
1320,1,0,6,12.005,7934.2
1321,1,0,6,11.9911,7851.36
1560,1,0,6,11.9703,7739.2
1589,1,0,6,11.9369,7559.55
2008,1,0,7,12.3266,9632.2,0.0393333,171.56,0.02,8
821,1,0,7,12.3217,9604.74
2153,1,0,7,12.3118,9552.6
822,1,0,7,12.2922,9446.6
823,1,0,7,12.2864,9416.26
810,1,0,7,12.2538,9251.13
294,1,0,8,12.5266,10671.3,0.0338333,147.571,0.48,9
295,1,0,8,12.5079,10571.7
297,1,0,8,12.4981,10513.2
306,1,0,8,12.4912,10475.3
313,1,0,8,12.4787,10406.9
312,1,0,8,12.4723,10370.7
314,1,0,8,12.4675,10344.8
353,1,0,8,12.4577,10291.1
354,1,0,8,12.4553,10280
357,1,0,8,12.4464,10229.7
358,1,0,8,12.4306,10145.8
359,1,0,8,12.4106,10048.9
806,1,0,8,12.4104,10047.9
812,1,0,8,12.3786,9885.61
2008,1,0,8,12.3659,9803.76
1979,1,0,9,12.6993,11574.8,0.0556667,242.801,0.07,10
329,1,0,9,12.6971,11557.4
2114,1,0,9,12.6926,11534.2
335,1,0,9,12.6821,11473.1
1819,1,0,9,12.6771,11444.1
344,1,0,9,12.6606,11346.9
343,1,0,9,12.6426,11250.6
1980,1,0,9,12.6344,11206.3
342,1,0,9,12.6277,11172.8
339,1,0,9,12.6084,11071.4
338,1,0,9,12.5978,11016.3
295,1,0,9,12.5799,10922.3
294,1,0,9,12.5604,10818.9
412,1,0,10,12.8831,12513.2,0,0,0
398,1,0,10,12.8688,12435.1
397,1,0,10,12.856,12365.7
389,1,0,10,12.8444,12303.1
388,1,0,10,12.8194,12172.9
2132,1,0,10,12.7927,12021.9
328,1,0,10,12.776,11926.3
2115,1,0,10,12.766,11873.1
329,1,0,10,12.7622,11853.1
1979,1,0,10,12.7549,11817.6
141,2,0,0,10.041,1058.71,0.0773333,337.305,0.05,1
142,2,0,0,10.0254,972.596
362,2,0,0,10.0156,919.977
363,2,0,0,9.99739,823.704
367,2,0,0,9.98393,751.225
368,2,0,0,9.98195,737.767
372,2,0,0,9.97153,679.809
371,2,0,0,9.95534,574.676
2134,2,0,0,9.94966,533.847
2136,2,0,0,9.93669,464.328
393,2,0,0,9.9043,298.474
401,2,0,0,9.89155,229.048
400,2,0,0,9.86828,97.8785
411,2,0,0,9.85292,19.2235
412,2,0,0,9.85,0
1972,2,0,1,10.2549,2138.85,0.0888333,387.464,0.08,2
148,2,0,1,10.2323,2016.03
149,2,0,1,10.2285,1996.4
1727,2,0,1,10.2256,1981.74
1725,2,0,1,10.213,1900.53
1724,2,0,1,10.2087,1879.64
2104,2,0,1,10.1923,1787.33
1723,2,0,1,10.1862,1753.55
1726,2,0,1,10.1765,1700.04
130,2,0,1,10.1682,1655.89
129,2,0,1,10.1637,1630.72
134,2,0,1,10.1565,1592.71
137,2,0,1,10.1226,1422.42
141,2,0,1,10.1183,1396.01
465,2,0,2,10.5262,3514,0.0695,303.138,0.16,3
464,2,0,2,10.5196,3481.38
460,2,0,2,10.512,3438.32
461,2,0,2,10.5014,3371.62
462,2,0,2,10.4998,3357.24
1990,2,0,2,10.4915,3303.75
1857,2,0,2,10.4758,3222.18
441,2,0,2,10.4709,3197.62
185,2,0,2,10.4606,3142.7
186,2,0,2,10.4528,3103.4
187,2,0,2,10.4366,3027.3
2129,2,0,2,10.4233,2957.6
1974,2,0,2,10.3856,2752.04
1973,2,0,2,10.3647,2642.29
1972,2,0,2,10.3437,2526.32
943,2,0,3,10.8571,5162.04,0.0575,250.798,0.09,4
934,2,0,3,10.8492,5118.14
933,2,0,3,10.8404,5070.8
936,2,0,3,10.8398,5067.86
1737,2,0,3,10.8263,4995.96
917,2,0,3,10.8128,4926.41
916,2,0,3,10.8126,4925.5
919,2,0,3,10.8069,4886.42
2017,2,0,3,10.8069,4886.25
2014,2,0,3,10.8057,4880.69
2015,2,0,3,10.7976,4839.98
910,2,0,3,10.7975,4839.49
909,2,0,3,10.7891,4796.98
898,2,0,3,10.7747,4725.37
897,2,0,3,10.7638,4671.82
877,2,0,3,10.7444,4573.28
878,2,0,3,10.7388,4544.67
879,2,0,3,10.724,4474.73
437,2,0,3,10.7201,4453.3
439,2,0,3,10.7164,4433.24
436,2,0,3,10.707,4387.84
425,2,0,3,10.6973,4339.75
426,2,0,3,10.6936,4319.96
424,2,0,3,10.691,4305.41
407,2,0,3,10.6722,4208.5
406,2,0,3,10.6678,4185.41
403,2,0,3,10.6594,4141.94
394,2,0,3,10.6501,4091.37
384,2,0,3,10.6453,4067.22
385,2,0,3,10.6414,4047.44
377,2,0,3,10.6384,4030.76
386,2,0,3,10.6227,3950.16
489,2,0,3,10.6145,3906.49
466,2,0,3,10.6063,3865.09
465,2,0,3,10.5957,3817.14
948,2,0,4,10.997,5839.05,0.0538333,234.805,0.41,5
950,2,0,4,10.9812,5754.31
938,2,0,4,10.9697,5692.46
939,2,0,4,10.9484,5582.9
941,2,0,4,10.9349,5515.64
942,2,0,4,10.9226,5454.4
943,2,0,4,10.9146,5412.84
1589,2,0,5,11.2187,6970.23,0.0458333,199.911,0.32,6
1560,2,0,5,11.1889,6806
1321,2,0,5,11.1645,6678.66
1320,2,0,5,11.1448,6573.51
1602,2,0,5,11.1174,6443.15
1312,2,0,5,11.0951,6317.66
1306,2,0,5,11.0951,6317.3
1301,2,0,5,11.0811,6242.9
2024,2,0,5,11.0719,6191.31
2025,2,0,5,11.0596,6122.3
1598,2,0,5,11.0566,6104.19
948,2,0,5,11.0508,6073.85
294,2,0,6,11.638,9282.94,0.100167,436.897,0.4,7
295,2,0,6,11.6221,9195.14
297,2,0,6,11.6129,9137.66
306,2,0,6,11.6062,9100.79
313,2,0,6,11.5942,9034.34
312,2,0,6,11.5877,8997.96
314,2,0,6,11.5833,8974.04
353,2,0,6,11.5754,8927.22
354,2,0,6,11.573,8916.13
803,2,0,6,11.573,8915.76
804,2,0,6,11.56,8849.67
811,2,0,6,11.548,8782.57
819,2,0,6,11.5265,8662.56
2009,2,0,6,11.519,8614.65
2010,2,0,6,11.5027,8512.99
837,2,0,6,11.4953,8466.82
1774,2,0,6,11.4821,8392.86
849,2,0,6,11.4787,8373.82
850,2,0,6,11.4723,8324.87
852,2,0,6,11.466,8281.75
865,2,0,6,11.4581,8237.5
869,2,0,6,11.4422,8145.47
2066,2,0,6,11.4212,8035.92
1297,2,0,6,11.3942,7893.16
1299,2,0,6,11.3883,7860.22
1600,2,0,6,11.3869,7846.77
1306,2,0,6,11.3721,7759.43
1312,2,0,6,11.3721,7759.07
1602,2,0,6,11.3467,7619.93
1320,2,0,6,11.3326,7544.8
1321,2,0,6,11.3187,7461.95
1560,2,0,6,11.2979,7349.79
1589,2,0,6,11.2645,7170.14
1979,2,0,7,11.8694,10447.5,0.0433333,189.007,0.09,8
329,2,0,7,11.8673,10430.1
2114,2,0,7,11.8624,10405.5
335,2,0,7,11.8519,10344.2
1819,2,0,7,11.8474,10316.1
344,2,0,7,11.8319,10220.4
343,2,0,7,11.8126,10118.3
1980,2,0,7,11.8027,10066.8
342,2,0,7,11.7965,10035.7
339,2,0,7,11.7808,9949.26
338,2,0,7,11.7728,9905.82
295,2,0,7,11.7559,9815.83
294,2,0,7,11.7381,9719.84
2008,2,0,8,12.0209,11245.9,0.0393333,171.56,0.02,9
812,2,0,8,12.0045,11154.6
807,2,0,8,12.0043,11153.8
356,2,0,8,11.9915,11083.4
1981,2,0,8,11.9792,10999.9
345,2,0,8,11.9575,10889.8
341,2,0,8,11.9481,10839.6
2132,2,0,8,11.9478,10837.5
328,2,0,8,11.934,10746
2115,2,0,8,11.9226,10687
329,2,0,8,11.9187,10666.3
1979,2,0,8,11.9128,10636.5
810,2,0,9,12.1289,11782.6,0.0375,163.564,0.29,10
813,2,0,9,12.1184,11731.8
809,2,0,9,12.0916,11597.1
808,2,0,9,12.0823,11548.3
807,2,0,9,12.0731,11500.1
812,2,0,9,12.0729,11499.3
2008,2,0,9,12.0603,11417.5
412,2,0,10,12.2825,12548.3,0,0,0
398,2,0,10,12.2682,12470.3
410,2,0,10,12.2679,12469.1
409,2,0,10,12.2518,12385.3
1985,2,0,10,12.2373,12308
881,2,0,10,12.2075,12151.7
814,2,0,10,12.1872,12046.9
810,2,0,10,12.1664,11946.2
943,3,0,0,10.1253,977.226,0.0575,250.798,0.09,1
934,3,0,0,10.1164,929.095
933,3,0,0,10.1072,879.984
936,3,0,0,10.1066,877.044
1737,3,0,0,10.0954,815.103
917,3,0,0,10.078,729.074
916,3,0,0,10.0778,728.166
906,3,0,0,10.0545,606.172
889,3,0,0,10.0433,548.313
890,3,0,0,10.0381,518.428
2013,3,0,0,10.0157,402.826
1988,3,0,0,9.99798,308.467
429,3,0,0,9.97226,176.544
415,3,0,0,9.95606,92.3787
2138,3,0,0,9.95588,91.3208
411,3,0,0,9.94292,19.2235
412,3,0,0,9.94,0
1589,3,0,1,10.4013,2394.1,0.0523333,228.262,0.28,2
1560,3,0,1,10.3672,2211.56
1321,3,0,1,10.3419,2079.88
1562,3,0,1,10.3282,2005.81
1563,3,0,1,10.2938,1821.14
2164,3,0,1,10.2819,1758.07
1313,3,0,1,10.2599,1638.61
1309,3,0,1,10.2515,1590.27
1314,3,0,1,10.2509,1587.4
2163,3,0,1,10.2352,1503.38
2023,3,0,1,10.2065,1350.41
1787,3,0,1,10.1988,1310.86
2020,3,0,1,10.1836,1231.96
943,3,0,1,10.1828,1228.02
948,3,0,2,10.6244,3531.85,0.0538333,234.805,0.41,3
1598,3,0,2,10.6126,3476.28
2025,3,0,2,10.6084,3453.65
2024,3,0,2,10.5939,3375.31
1301,3,0,2,10.5822,3313.28
1306,3,0,2,10.5697,3245.06
1312,3,0,2,10.5696,3244.7
1602,3,0,2,10.5424,3097.31
1320,3,0,2,10.5268,3016.09
1321,3,0,2,10.5115,2929.88
1560,3,0,2,10.4901,2815.14
1589,3,0,2,10.4536,2622.36
465,3,0,3,10.9724,5283.03,0.0695,303.138,0.16,4
379,3,0,3,10.9583,5214.42
380,3,0,3,10.9516,5182.2
386,3,0,3,10.9411,5131.27
387,3,0,3,10.9177,5019.68
396,3,0,3,10.9157,5006.06
395,3,0,3,10.911,4982.48
403,3,0,3,10.8937,4890.97
406,3,0,3,10.8789,4821.35
407,3,0,3,10.8732,4793.02
424,3,0,3,10.855,4698.3
426,3,0,3,10.8516,4680.18
425,3,0,3,10.8478,4660.11
420,3,0,3,10.8377,4606.55
421,3,0,3,10.8325,4577.48
417,3,0,3,10.8277,4551.38
1989,3,0,3,10.8104,4461.99
2011,3,0,3,10.7909,4361.47
2156,3,0,3,10.786,4335.61
2013,3,0,3,10.7853,4332.45
886,3,0,3,10.7755,4282.78
888,3,0,3,10.7584,4188.46
903,3,0,3,10.7488,4136.41
904,3,0,3,10.7455,4118.5
925,3,0,3,10.7236,3997.34
2019,3,0,3,10.7161,3961.52
929,3,0,3,10.7157,3959.54
928,3,0,3,10.6918,3837.91
948,3,0,3,10.6783,3766.66
141,3,0,4,11.1364,6096.81,0.0505,220.266,0.03,5
142,3,0,4,11.1223,6017.58
362,3,0,4,11.1132,5967.75
363,3,0,4,11.1004,5893.79
367,3,0,4,11.087,5821.35
368,3,0,4,11.085,5807.9
372,3,0,4,11.0724,5740.69
460,3,0,4,11.0667,5706.14
464,3,0,4,11.0495,5622.97
465,3,0,4,11.0419,5586.16
1972,3,0,5,11.3365,7157.18,0.0608333,265.337,0.08,6
148,3,0,5,11.3099,7017.35
149,3,0,5,11.3059,6996.86
161,3,0,5,11.2917,6916.66
167,3,0,5,11.2745,6805.83
172,3,0,5,11.2584,6708.38
1535,3,0,5,11.2488,6656.77
177,3,0,5,11.2385,6602.61
184,3,0,5,11.2181,6491.29
141,3,0,5,11.1869,6317.08
1979,3,0,6,11.7198,9199.69,0.0433333,189.007,0.09,7
1978,3,0,6,11.6787,8970.43
107,3,0,6,11.6704,8916.52
1967,3,0,6,11.6674,8887.82
105,3,0,6,11.6426,8739.33
124,3,0,6,11.6292,8664.53
1970,3,0,6,11.6134,8571.45
122,3,0,6,11.6005,8506.18
127,3,0,6,11.5652,8315.53
128,3,0,6,11.5609,8294.34
1717,3,0,6,11.5324,8143.3
129,3,0,6,11.5098,8018.18
130,3,0,6,11.502,7979.17
1726,3,0,6,11.4954,7941.9
1723,3,0,6,11.4848,7884.84
2104,3,0,6,11.475,7835.62
1724,3,0,6,11.4545,7725.5
1725,3,0,6,11.452,7711.88
1727,3,0,6,11.4349,7617.74
149,3,0,6,11.4339,7608.11
148,3,0,6,11.4291,7584.32
1972,3,0,6,11.3973,7422.51
294,3,0,7,11.8991,10137.1,0.100167,436.897,0.4,8
295,3,0,7,11.8773,10024.1
338,3,0,7,11.8637,9948.24
339,3,0,7,11.8582,9911.24
342,3,0,7,11.8427,9826
343,3,0,7,11.8323,9771.16
344,3,0,7,11.8052,9636.77
1819,3,0,7,11.7919,9543.24
335,3,0,7,11.7869,9514.29
2114,3,0,7,11.7716,9433.5
329,3,0,7,11.769,9418.44
1979,3,0,7,11.7631,9388.69
2008,3,0,8,12.1505,11394.9,0.0393333,171.56,0.02,9
2152,3,0,8,12.1438,11358.5
820,3,0,8,12.1295,11282
819,3,0,8,12.1126,11193.5
818,3,0,8,12.0979,11114.1
804,3,0,8,12.08,11013.8
803,3,0,8,12.0719,10968.5
354,3,0,8,12.0718,10968.2
347,3,0,8,12.0597,10901
346,3,0,8,12.0591,10898
339,3,0,8,12.0419,10803.5
338,3,0,8,12.034,10760
295,3,0,8,12.0171,10670
294,3,0,8,11.9993,10574
810,3,0,9,12.2585,11931.6,0.0375,163.564,0.29,10
813,3,0,9,12.2481,11880.8
809,3,0,9,12.2212,11746.1
808,3,0,9,12.212,11697.3
807,3,0,9,12.2027,11649.1
812,3,0,9,12.2025,11648.3
2008,3,0,9,12.1899,11566.4
412,3,0,10,12.4121,12697.3,0,0,0
398,3,0,10,12.3978,12619.2
410,3,0,10,12.3975,12618
409,3,0,10,12.3814,12534.3
1985,3,0,10,12.3669,12456.9
881,3,0,10,12.3371,12300.6
814,3,0,10,12.3168,12195.8
810,3,0,10,12.296,12095.1
948,4,0,0,9.99857,1017.62,0.0391667,170.833,0.36,1
928,4,0,0,9.98859,961.847
923,4,0,0,9.95072,774.378
924,4,0,0,9.94244,735.064
914,4,0,0,9.92023,620.414
902,4,0,0,9.91274,579.948
887,4,0,0,9.89726,499.708
2012,4,0,0,9.87066,369.988
884,4,0,0,9.8666,348.667
1987,4,0,0,9.83006,162.519
413,4,0,0,9.81368,77.1309
411,4,0,0,9.80292,19.2235
412,4,0,0,9.8,0
1589,4,0,1,10.2162,2130.15,0.0523333,228.262,0.28,2
1560,4,0,1,10.1821,1947.61
1321,4,0,1,10.1567,1815.93
1320,4,0,1,10.1351,1702.72
1602,4,0,1,10.1105,1583.85
1312,4,0,1,10.0877,1455.7
1306,4,0,1,10.0876,1455.34
1301,4,0,1,10.0722,1374.79
2024,4,0,1,10.0609,1314.4
2025,4,0,1,10.0487,1245.59
1598,4,0,1,10.043,1217.04
948,4,0,1,10.0377,1188.45
943,4,0,2,10.4974,3561.29,0.0575,250.798,0.09,3
2020,4,0,2,10.4966,3557.36
1787,4,0,2,10.4799,3472.46
2023,4,0,2,10.4705,3425.64
2163,4,0,2,10.4442,3283.07
1314,4,0,2,10.4316,3212.71
2165,4,0,2,10.4153,3125.51
2071,4,0,2,10.3937,3011
1317,4,0,2,10.3814,2942.79
2072,4,0,2,10.3615,2835.69
1588,4,0,2,10.3301,2667.4
1590,4,0,2,10.2939,2488.08
1589,4,0,2,10.2685,2358.41
465,4,0,3,10.848,5299.52,0.0695,303.138,0.16,4
379,4,0,3,10.8339,5230.92
380,4,0,3,10.8272,5198.69
386,4,0,3,10.8167,5147.76
387,4,0,3,10.7928,5034.19
396,4,0,3,10.7908,5020.58
395,4,0,3,10.7861,4996.99
403,4,0,3,10.7688,4905.48
406,4,0,3,10.754,4835.86
407,4,0,3,10.7483,4807.53
424,4,0,3,10.7301,4712.82
426,4,0,3,10.7266,4694.69
425,4,0,3,10.7229,4674.63
420,4,0,3,10.7128,4621.07
431,4,0,3,10.698,4544.58
434,4,0,3,10.6915,4513.97
873,4,0,3,10.6876,4492.88
874,4,0,3,10.6735,4425.7
870,4,0,3,10.6681,4397.88
894,4,0,3,10.6461,4285.99
895,4,0,3,10.6366,4238.4
907,4,0,3,10.6232,4170.81
908,4,0,3,10.6166,4135.92
2014,4,0,3,10.616,4133.24
2017,4,0,3,10.6149,4127.55
2170,4,0,3,10.6116,4111.29
1738,4,0,3,10.5957,4030.59
1737,4,0,3,10.59,4001.02
936,4,0,3,10.5734,3916.2
933,4,0,3,10.5728,3913.26
934,4,0,3,10.5673,3875.61
935,4,0,3,10.5668,3873
2020,4,0,3,10.5557,3816.02
943,4,0,3,10.5549,3812.09
141,4,0,4,11.0197,6145.16,0.0505,220.266,0.03,5
142,4,0,4,11.0044,6060.71
362,4,0,4,10.9951,6010.09
363,4,0,4,10.9793,5924.16
367,4,0,4,10.9652,5848.97
368,4,0,4,10.9632,5835.51
372,4,0,4,10.9481,5757.28
460,4,0,4,10.9422,5722.64
464,4,0,4,10.9251,5639.46
465,4,0,4,10.9175,5602.66
1972,4,0,5,11.2198,7205.53,0.0608333,265.337,0.08,6
148,4,0,5,11.1932,7065.7
149,4,0,5,11.1892,7045.21
161,4,0,5,11.175,6965.01
167,4,0,5,11.1579,6854.18
172,4,0,5,11.1417,6756.73
1535,4,0,5,11.1321,6705.12
177,4,0,5,11.1218,6650.96
184,4,0,5,11.1014,6539.64
141,4,0,5,11.0702,6365.43
1979,4,0,6,11.6031,9248.04,0.0433333,189.007,0.09,7
1978,4,0,6,11.562,9018.78
107,4,0,6,11.5537,8964.88
1967,4,0,6,11.5507,8936.17
105,4,0,6,11.5259,8787.68
124,4,0,6,11.5125,8712.88
1970,4,0,6,11.4967,8619.8
122,4,0,6,11.4838,8554.53
127,4,0,6,11.4485,8363.88
128,4,0,6,11.4442,8342.7
1717,4,0,6,11.4157,8191.65
129,4,0,6,11.3931,8066.53
130,4,0,6,11.3853,8027.52
1726,4,0,6,11.3787,7990.25
1723,4,0,6,11.3681,7933.19
2104,4,0,6,11.3583,7883.97
1724,4,0,6,11.3378,7773.85
1725,4,0,6,11.3353,7760.23
1727,4,0,6,11.3182,7666.09
149,4,0,6,11.3172,7656.46
148,4,0,6,11.3124,7632.67
1972,4,0,6,11.2806,7470.86
294,4,0,7,11.7824,10185.5,0.100167,436.897,0.4,8
295,4,0,7,11.7606,10072.4
338,4,0,7,11.747,9996.59
339,4,0,7,11.7415,9959.59
342,4,0,7,11.7261,9874.35
343,4,0,7,11.7156,9819.52
344,4,0,7,11.6885,9685.12
1819,4,0,7,11.6752,9591.59
335,4,0,7,11.6702,9562.64
2114,4,0,7,11.6549,9481.85
329,4,0,7,11.6523,9466.79
1979,4,0,7,11.6464,9437.04
2008,4,0,8,12.0338,11443.2,0.0393333,171.56,0.02,9
2152,4,0,8,12.0271,11406.8
820,4,0,8,12.0128,11330.3
819,4,0,8,11.9959,11241.9
818,4,0,8,11.9812,11162.5
804,4,0,8,11.9633,11062.2
803,4,0,8,11.9552,11016.9
354,4,0,8,11.9551,11016.5
347,4,0,8,11.943,10949.3
346,4,0,8,11.9424,10946.3
339,4,0,8,11.9252,10851.8
338,4,0,8,11.9173,10808.4
295,4,0,8,11.9004,10718.4
294,4,0,8,11.8826,10622.4
810,4,0,9,12.1418,11979.9,0.0375,163.564,0.29,10
813,4,0,9,12.1314,11929.1
809,4,0,9,12.1045,11794.4
808,4,0,9,12.0953,11745.6
807,4,0,9,12.086,11697.4
812,4,0,9,12.0858,11696.6
2008,4,0,9,12.0732,11614.8
412,4,0,10,12.2954,12745.6,0,0,0
398,4,0,10,12.2811,12667.6
410,4,0,10,12.2808,12666.4
409,4,0,10,12.2647,12582.6
1985,4,0,10,12.2502,12505.3
881,4,0,10,12.2204,12348.9
814,4,0,10,12.2001,12244.2
810,4,0,10,12.1793,12143.5
943,5,0,0,9.82526,977.226,0.0683333,298.049,0.1,1
934,5,0,0,9.81643,929.095
933,5,0,0,9.80723,879.984
936,5,0,0,9.80663,877.044
1737,5,0,0,9.79543,815.103
917,5,0,0,9.77797,729.074
916,5,0,0,9.77779,728.166
906,5,0,0,9.75451,606.172
889,5,0,0,9.74332,548.313
890,5,0,0,9.73809,518.428
2013,5,0,0,9.71573,402.826
1988,5,0,0,9.69798,308.467
429,5,0,0,9.67226,176.544
415,5,0,0,9.65606,92.3787
2138,5,0,0,9.65588,91.3208
411,5,0,0,9.64292,19.2235
412,5,0,0,9.64,0
948,5,0,1,9.98446,1735.42,0.0391667,170.833,0.36,2
950,5,0,1,9.97137,1662.49
938,5,0,1,9.96114,1605.91
939,5,0,1,9.93478,1475.6
941,5,0,1,9.91411,1379
942,5,0,1,9.90182,1317.76
943,5,0,1,9.8936,1275.28
1589,5,0,2,10.2021,2847.95,0.0523333,228.262,0.28,3
1560,5,0,2,10.168,2665.41
1321,5,0,2,10.1426,2533.73
1320,5,0,2,10.121,2420.52
1602,5,0,2,10.0964,2301.65
1312,5,0,2,10.0736,2173.5
1306,5,0,2,10.0735,2173.14
1301,5,0,2,10.0581,2092.59
2024,5,0,2,10.0468,2032.2
2025,5,0,2,10.0346,1963.4
1598,5,0,2,10.0289,1934.84
948,5,0,2,10.0236,1906.25
294,5,0,3,10.6416,5251.1,0.0973333,424.539,0.34,4
295,5,0,3,10.6242,5156.79
338,5,0,3,10.6105,5080.44
339,5,0,3,10.605,5043.44
346,5,0,3,10.5872,4946.25
347,5,0,3,10.5866,4943.23
354,5,0,3,10.5756,4879.66
803,5,0,3,10.5756,4879.29
804,5,0,3,10.5574,4791.73
818,5,0,3,10.5364,4678.18
819,5,0,3,10.5218,4598.98
2009,5,0,3,10.5153,4551.87
2010,5,0,3,10.4997,4451.13
837,5,0,3,10.4924,4405.01
1774,5,0,3,10.4812,4336.26
849,5,0,3,10.4769,4313.5
850,5,0,3,10.4698,4264.34
852,5,0,3,10.4641,4221.4
865,5,0,3,10.4573,4179.44
869,5,0,3,10.4421,4088.61
2066,5,0,3,10.42,3974.88
1297,5,0,3,10.3938,3835.22
1299,5,0,3,10.3881,3803.23
1600,5,0,3,10.3867,3789.78
1306,5,0,3,10.3705,3698.91
1312,5,0,3,10.3704,3698.55
1602,5,0,3,10.3432,3551.16
1320,5,0,3,10.3276,3469.93
1321,5,0,3,10.3123,3383.73
1560,5,0,3,10.2909,3268.99
1589,5,0,3,10.2544,3076.21
1979,5,0,4,10.8714,6406.85,0.0713333,311.134,0.1,5
329,5,0,4,10.8692,6389.39
2114,5,0,4,10.864,6363.47
335,5,0,4,10.8536,6302.32
1819,5,0,4,10.8486,6273.33
344,5,0,4,10.833,6177.55
343,5,0,4,10.8151,6081.48
1980,5,0,4,10.806,6033.17
342,5,0,4,10.7999,6002.55
339,5,0,4,10.7831,5911.69
338,5,0,4,10.7732,5859.68
295,5,0,4,10.7558,5767.46
294,5,0,4,10.739,5675.64
1972,5,0,5,11.2664,8496.46,0.0608333,265.337,0.08,6
148,5,0,5,11.2408,8360.54
149,5,0,5,11.237,8341.09
1727,5,0,5,11.2341,8326.43
1725,5,0,5,11.2067,8188.68
1724,5,0,5,11.202,8165.95
2104,5,0,5,11.1856,8073.64
1723,5,0,5,11.1795,8039.85
1726,5,0,5,11.1697,7986.34
130,5,0,5,11.1615,7942.19
129,5,0,5,11.157,7917.02
1717,5,0,5,11.1331,7786.08
128,5,0,5,11.1095,7656.21
127,5,0,5,11.1058,7637.65
122,5,0,5,11.0709,7448.54
1970,5,0,5,11.0588,7386.96
124,5,0,5,11.0396,7281.61
105,5,0,5,11.0268,7208.98
1967,5,0,5,10.9899,7013.71
107,5,0,5,10.9844,6983.05
1978,5,0,5,10.9754,6928.17
1979,5,0,5,10.9427,6717.98
141,5,0,6,11.4809,9575.8,0.0505,220.266,0.03,7
137,5,0,6,11.4771,9549.84
134,5,0,6,11.4473,9397.1
129,5,0,6,11.4397,9357.46
130,5,0,6,11.432,9318.45
1726,5,0,6,11.4253,9281.18
1723,5,0,6,11.4148,9224.12
2104,5,0,6,11.405,9174.9
1724,5,0,6,11.3845,9064.78
1725,5,0,6,11.382,9051.16
1727,5,0,6,11.3648,8957.02
149,5,0,6,11.3639,8947.39
148,5,0,6,11.3591,8923.6
1972,5,0,6,11.3273,8761.79
465,5,0,7,11.6196,10278.2,0.111333,485.602,0.18,8
464,5,0,7,11.6122,10242.6
460,5,0,7,11.6027,10191.3
372,5,0,7,11.597,10156.8
368,5,0,7,11.5848,10091.1
367,5,0,7,11.5821,10076.3
363,5,0,7,11.5676,9999.09
362,5,0,7,11.5544,9924.45
142,5,0,7,11.5459,9877.29
141,5,0,7,11.5314,9796.06
2008,5,0,8,12.0323,12349.3,0.0393333,171.56,0.02,9
821,5,0,8,12.0275,12321.8
2153,5,0,8,12.0161,12263.2
831,5,0,8,12.016,12263.1
825,5,0,8,12.0156,12261
822,5,0,8,11.9987,12164.6
823,5,0,8,11.9915,12128.4
824,5,0,8,11.9771,12054
880,5,0,8,11.9608,11964.4
882,5,0,8,11.941,11865.2
2155,5,0,8,11.9377,11848.2
2012,5,0,8,11.9202,11754.6
885,5,0,8,11.9142,11725.8
886,5,0,8,11.8932,11615.6
2013,5,0,8,11.8848,11572
1988,5,0,8,11.8661,11473.7
417,5,0,8,11.8439,11361.7
418,5,0,8,11.8403,11342.9
419,5,0,8,11.824,11253.7
424,5,0,8,11.8205,11233.8
407,5,0,8,11.8032,11142.6
406,5,0,8,11.7984,11118
403,5,0,8,11.7947,11089.4
394,5,0,8,11.784,11032.7
384,5,0,8,11.7798,11011.4
385,5,0,8,11.7761,10992.1
377,5,0,8,11.7728,10974.1
386,5,0,8,11.7574,10894.7
380,5,0,8,11.7519,10864.9
466,5,0,8,11.7417,10812.4
465,5,0,8,11.7309,10763.8
810,5,0,9,12.1403,12886,0.0375,163.564,0.29,10
813,5,0,9,12.1299,12835.2
809,5,0,9,12.103,12700.5
808,5,0,9,12.0938,12651.6
807,5,0,9,12.0845,12603.5
812,5,0,9,12.0843,12602.7
2008,5,0,9,12.0717,12520.8
412,5,0,10,12.2939,13651.7,0,0,0
398,5,0,10,12.2796,13573.6
410,5,0,10,12.2793,13572.4
409,5,0,10,12.2632,13488.7
1985,5,0,10,12.2487,13411.3
881,5,0,10,12.219,13255
814,5,0,10,12.1986,13150.2
810,5,0,10,12.1778,13049.5
943,6,0,0,9.83526,977.226,0.0683333,298.049,0.1,1
934,6,0,0,9.82643,929.095
933,6,0,0,9.81722,879.984
936,6,0,0,9.81663,877.044
1737,6,0,0,9.80542,815.103
917,6,0,0,9.78797,729.074
916,6,0,0,9.78779,728.166
906,6,0,0,9.76451,606.172
889,6,0,0,9.75332,548.313
890,6,0,0,9.74809,518.428
2013,6,0,0,9.72573,402.826
1988,6,0,0,9.70798,308.467
429,6,0,0,9.68226,176.544
415,6,0,0,9.66606,92.3787
2138,6,0,0,9.66588,91.3208
411,6,0,0,9.65292,19.2235
412,6,0,0,9.65,0
948,6,0,1,9.99446,1735.42,0.0391667,170.833,0.36,2
950,6,0,1,9.98137,1662.49
938,6,0,1,9.97114,1605.91
939,6,0,1,9.94478,1475.6
941,6,0,1,9.92411,1379
942,6,0,1,9.91182,1317.76
943,6,0,1,9.9036,1275.28
1589,6,0,2,10.2121,2847.95,0.0523333,228.262,0.28,3
1560,6,0,2,10.178,2665.41
1321,6,0,2,10.1526,2533.73
1320,6,0,2,10.131,2420.52
1602,6,0,2,10.1064,2301.65
1312,6,0,2,10.0836,2173.5
1306,6,0,2,10.0835,2173.14
1301,6,0,2,10.0681,2092.59
2024,6,0,2,10.0568,2032.2
2025,6,0,2,10.0446,1963.4
1598,6,0,2,10.0389,1934.84
948,6,0,2,10.0336,1906.25
294,6,0,3,10.6516,5251.1,0.0973333,424.539,0.34,4
295,6,0,3,10.6342,5156.79
338,6,0,3,10.6205,5080.44
339,6,0,3,10.615,5043.44
346,6,0,3,10.5972,4946.25
347,6,0,3,10.5966,4943.23
354,6,0,3,10.5856,4879.66
803,6,0,3,10.5856,4879.29
804,6,0,3,10.5674,4791.73
818,6,0,3,10.5464,4678.18
819,6,0,3,10.5318,4598.98
2009,6,0,3,10.5253,4551.87
2010,6,0,3,10.5097,4451.13
837,6,0,3,10.5024,4405.01
1774,6,0,3,10.4912,4336.26
849,6,0,3,10.4869,4313.5
850,6,0,3,10.4798,4264.34
852,6,0,3,10.4741,4221.4
865,6,0,3,10.4673,4179.44
869,6,0,3,10.4521,4088.61
2066,6,0,3,10.43,3974.88
1297,6,0,3,10.4038,3835.22
1299,6,0,3,10.3981,3803.23
1600,6,0,3,10.3967,3789.78
1306,6,0,3,10.3805,3698.91
1312,6,0,3,10.3804,3698.55
1602,6,0,3,10.3532,3551.16
1320,6,0,3,10.3376,3469.93
1321,6,0,3,10.3223,3383.73
1560,6,0,3,10.3009,3268.99
1589,6,0,3,10.2644,3076.21
465,6,0,4,11.0658,7512.96,0.111333,485.602,0.18,5
464,6,0,4,11.059,7479.88
460,6,0,4,11.0506,7433.27
372,6,0,4,11.0452,7399.19
371,6,0,4,11.0294,7294.48
2134,6,0,4,11.0239,7253.7
369,6,0,4,11.0075,7157.5
370,6,0,4,11.0025,7120.31
365,6,0,4,10.9542,6863.54
323,6,0,4,10.9343,6738.77
108,6,0,4,10.9225,6671.24
321,6,0,4,10.9221,6669.01
1978,6,0,4,10.9141,6617.03
1979,6,0,4,10.8814,6406.85
329,6,0,4,10.8792,6389.39
2114,6,0,4,10.874,6363.47
335,6,0,4,10.8636,6302.32
1819,6,0,4,10.8586,6273.33
344,6,0,4,10.843,6177.55
343,6,0,4,10.8251,6081.48
1980,6,0,4,10.816,6033.17
342,6,0,4,10.8099,6002.55
339,6,0,4,10.7931,5911.69
338,6,0,4,10.7832,5859.68
295,6,0,4,10.7658,5767.46
294,6,0,4,10.749,5675.64
141,6,0,5,11.2715,8509.21,0.0505,220.266,0.03,6
142,6,0,5,11.2575,8429.97
362,6,0,5,11.2484,8380.15
363,6,0,5,11.2356,8306.19
367,6,0,5,11.2222,8233.75
368,6,0,5,11.2202,8220.29
372,6,0,5,11.2076,8153.09
460,6,0,5,11.2018,8118.54
464,6,0,5,11.1847,8035.36
465,6,0,5,11.1771,7998.56
1972,6,0,6,11.4717,9569.57,0.0608333,265.337,0.08,7
148,6,0,6,11.4451,9429.74
149,6,0,6,11.4411,9409.25
161,6,0,6,11.4269,9329.05
167,6,0,6,11.4097,9218.22
172,6,0,6,11.3936,9120.77
1535,6,0,6,11.3839,9069.17
177,6,0,6,11.3737,9015.01
184,6,0,6,11.3532,8903.68
141,6,0,6,11.322,8729.47
1979,6,0,7,11.8549,11612.1,0.0433333,189.007,0.09,8
1978,6,0,7,11.8139,11382.8
107,6,0,7,11.8056,11328.9
1967,6,0,7,11.8026,11300.2
105,6,0,7,11.7777,11151.7
124,6,0,7,11.7644,11076.9
1970,6,0,7,11.7486,10983.8
122,6,0,7,11.7357,10918.6
127,6,0,7,11.7003,10727.9
128,6,0,7,11.6961,10706.7
1717,6,0,7,11.6675,10555.7
129,6,0,7,11.645,10430.6
130,6,0,7,11.6372,10391.6
1726,6,0,7,11.6306,10354.3
1723,6,0,7,11.62,10297.2
2104,6,0,7,11.6102,10248
1724,6,0,7,11.5897,10137.9
1725,6,0,7,11.5872,10124.3
1727,6,0,7,11.5701,10030.1
149,6,0,7,11.5691,10020.5
148,6,0,7,11.5643,9996.72
1972,6,0,7,11.5325,9834.91
2008,6,0,8,12.0064,12410.5,0.0393333,171.56,0.02,9
812,6,0,8,11.99,12319.2
807,6,0,8,11.9898,12318.4
356,6,0,8,11.977,12248
1981,6,0,8,11.9647,12164.5
345,6,0,8,11.943,12054.4
341,6,0,8,11.9336,12004.2
2132,6,0,8,11.9333,12002.1
328,6,0,8,11.9195,11910.5
2115,6,0,8,11.9081,11851.5
329,6,0,8,11.9042,11830.8
1979,6,0,8,11.8983,11801.1
810,6,0,9,12.1144,12947.2,0.0375,163.564,0.29,10
813,6,0,9,12.1039,12896.4
809,6,0,9,12.0771,12761.7
808,6,0,9,12.0678,12712.9
807,6,0,9,12.0586,12664.7
812,6,0,9,12.0584,12663.9
2008,6,0,9,12.0458,12582.1
412,6,0,10,12.268,13712.9,0,0,0
398,6,0,10,12.2537,13634.9
410,6,0,10,12.2534,13633.6
409,6,0,10,12.2373,13549.9
1985,6,0,10,12.2228,13472.6
881,6,0,10,12.193,13316.2
814,6,0,10,12.1727,13211.5
810,6,0,10,12.1519,13110.8
948,7,0,0,9.95857,1017.62,0.0391667,170.833,0.36,1
928,7,0,0,9.94859,961.847
923,7,0,0,9.91072,774.378
924,7,0,0,9.90244,735.064
914,7,0,0,9.88023,620.414
902,7,0,0,9.87274,579.948
887,7,0,0,9.85726,499.708
2012,7,0,0,9.83066,369.988
884,7,0,0,9.8266,348.667
1987,7,0,0,9.79006,162.519
413,7,0,0,9.77368,77.1309
411,7,0,0,9.76292,19.2235
412,7,0,0,9.76,0
943,7,0,1,10.0777,1603.7,0.0575,250.798,0.09,2
942,7,0,1,10.0694,1560.75
941,7,0,1,10.0577,1501.95
939,7,0,1,10.0462,1442.95
938,7,0,1,10.0262,1339.23
928,7,0,1,10.011,1258.5
948,7,0,1,9.99773,1188.45
1589,7,0,2,10.3537,3020.57,0.0523333,228.262,0.28,3
1560,7,0,2,10.3197,2838.03
1321,7,0,2,10.2943,2706.35
1562,7,0,2,10.2807,2632.28
1563,7,0,2,10.2462,2447.61
2164,7,0,2,10.2343,2384.54
1313,7,0,2,10.2124,2265.08
1309,7,0,2,10.204,2216.74
1314,7,0,2,10.2034,2213.87
2163,7,0,2,10.1877,2129.85
2023,7,0,2,10.159,1976.88
1787,7,0,2,10.1513,1937.33
2020,7,0,2,10.136,1858.43
943,7,0,2,10.1352,1854.49
294,7,0,3,10.7933,5423.72,0.0973333,424.539,0.34,4
295,7,0,3,10.7759,5329.42
338,7,0,3,10.7621,5253.06
339,7,0,3,10.7567,5216.07
346,7,0,3,10.7389,5118.87
347,7,0,3,10.7382,5115.85
354,7,0,3,10.7273,5052.29
803,7,0,3,10.7272,5051.91
804,7,0,3,10.7091,4964.36
818,7,0,3,10.6881,4850.8
819,7,0,3,10.6734,4771.6
2009,7,0,3,10.667,4724.5
2010,7,0,3,10.6514,4623.75
837,7,0,3,10.644,4577.63
1774,7,0,3,10.6328,4508.88
849,7,0,3,10.6286,4486.12
850,7,0,3,10.6215,4436.96
852,7,0,3,10.6157,4394.02
865,7,0,3,10.6089,4352.06
869,7,0,3,10.5938,4261.23
2066,7,0,3,10.5717,4147.5
1297,7,0,3,10.5455,4007.84
1299,7,0,3,10.5398,3975.85
1600,7,0,3,10.5383,3962.4
1306,7,0,3,10.5222,3871.53
1312,7,0,3,10.5221,3871.17
1602,7,0,3,10.4948,3723.78
1320,7,0,3,10.4793,3642.56
1321,7,0,3,10.4639,3556.35
1560,7,0,3,10.4425,3441.61
1589,7,0,3,10.4061,3248.83
1979,7,0,4,11.023,6579.47,0.0433333,189.007,0.09,5
329,7,0,4,11.0209,6562.01
2114,7,0,4,11.0157,6536.09
335,7,0,4,11.0053,6474.94
1819,7,0,4,11.0003,6445.95
344,7,0,4,10.9847,6350.18
343,7,0,4,10.9667,6254.1
1980,7,0,4,10.9576,6205.79
342,7,0,4,10.9516,6175.17
339,7,0,4,10.9348,6084.31
338,7,0,4,10.9249,6032.3
295,7,0,4,10.9074,5940.08
294,7,0,4,10.8906,5848.26
1972,7,0,5,11.4038,8610.94,0.0608333,265.337,0.08,6
148,7,0,5,11.3788,8477.84
149,7,0,5,11.3748,8457.15
1727,7,0,5,11.3719,8442.5
1728,7,0,5,11.346,8303.5
150,7,0,5,11.3309,8220.17
2189,7,0,5,11.3208,8166.39
1723,7,0,5,11.3137,8129.1
1726,7,0,5,11.3037,8074.57
130,7,0,5,11.2953,8029.68
129,7,0,5,11.2911,8005.42
1717,7,0,5,11.2698,7885.83
128,7,0,5,11.2365,7714.75
127,7,0,5,11.2332,7697.31
122,7,0,5,11.1978,7506.64
1970,7,0,5,11.184,7437.36
124,7,0,5,11.1648,7332.34
105,7,0,5,11.1515,7257.65
1967,7,0,5,11.1154,7065.94
107,7,0,5,11.1101,7036.15
1978,7,0,5,11.1009,6981.03
1979,7,0,5,11.0664,6768.48
141,7,0,6,11.6183,9690.28,0.0505,220.266,0.03,7
137,7,0,6,11.6145,9664.33
134,7,0,6,11.5848,9511.59
129,7,0,6,11.5771,9471.95
130,7,0,6,11.5694,9432.94
1726,7,0,6,11.5627,9395.66
1723,7,0,6,11.5522,9338.61
2104,7,0,6,11.5424,9289.39
1724,7,0,6,11.5219,9179.27
1725,7,0,6,11.5194,9165.65
1727,7,0,6,11.5022,9071.5
149,7,0,6,11.5013,9061.88
148,7,0,6,11.4965,9038.09
1972,7,0,6,11.4647,8876.28
465,7,0,7,11.757,10392.7,0.111333,485.602,0.18,8
464,7,0,7,11.7496,10357.1
460,7,0,7,11.7401,10305.8
372,7,0,7,11.7344,10271.3
368,7,0,7,11.7222,10205.6
367,7,0,7,11.7195,10190.7
363,7,0,7,11.705,10113.6
362,7,0,7,11.6918,10038.9
142,7,0,7,11.6833,9991.78
141,7,0,7,11.6688,9910.55
2008,7,0,8,12.1697,12463.7,0.0393333,171.56,0.02,9
821,7,0,8,12.1649,12436.3
2153,7,0,8,12.1535,12377.6
831,7,0,8,12.1534,12377.6
825,7,0,8,12.153,12375.5
822,7,0,8,12.1361,12279.1
823,7,0,8,12.1289,12242.8
824,7,0,8,12.1145,12168.5
880,7,0,8,12.0982,12078.9
882,7,0,8,12.0784,11979.7
2155,7,0,8,12.0751,11962.7
2012,7,0,8,12.0576,11869.1
885,7,0,8,12.0516,11840.3
886,7,0,8,12.0306,11730.1
2013,7,0,8,12.0222,11686.5
1988,7,0,8,12.0035,11588.2
417,7,0,8,11.9813,11476.2
418,7,0,8,11.9777,11457.3
419,7,0,8,11.9614,11368.2
424,7,0,8,11.9579,11348.3
407,7,0,8,11.9406,11257
406,7,0,8,11.9358,11232.4
403,7,0,8,11.9321,11203.9
394,7,0,8,11.9214,11147.1
384,7,0,8,11.9172,11125.9
385,7,0,8,11.9135,11106.6
377,7,0,8,11.9102,11088.6
386,7,0,8,11.8948,11009.2
380,7,0,8,11.8893,10979.4
466,7,0,8,11.8791,10926.9
465,7,0,8,11.8683,10878.3
810,7,0,9,12.2777,13000.4,0.0375,163.564,0.29,10
813,7,0,9,12.2673,12949.6
809,7,0,9,12.2404,12815
808,7,0,9,12.2312,12766.1
807,7,0,9,12.2219,12717.9
812,7,0,9,12.2217,12717.2
2008,7,0,9,12.2091,12635.3
412,7,0,10,12.4313,13766.2,0,0,0
398,7,0,10,12.417,13688.1
410,7,0,10,12.4167,13686.9
409,7,0,10,12.4006,13603.2
1985,7,0,10,12.3861,13525.8
881,7,0,10,12.3564,13369.5
814,7,0,10,12.336,13264.7
810,7,0,10,12.3152,13164
948,8,0,0,9.99857,1017.62,0.0391667,170.833,0.36,1
928,8,0,0,9.98859,961.847
923,8,0,0,9.95072,774.378
924,8,0,0,9.94244,735.064
914,8,0,0,9.92023,620.414
902,8,0,0,9.91274,579.948
887,8,0,0,9.89726,499.708
2012,8,0,0,9.87066,369.988
884,8,0,0,9.8666,348.667
1987,8,0,0,9.83006,162.519
413,8,0,0,9.81368,77.1309
411,8,0,0,9.80292,19.2235
412,8,0,0,9.8,0
943,8,0,1,10.1247,1632.29,0.0575,250.798,0.09,2
942,8,0,1,10.1175,1593.97
941,8,0,1,10.1058,1535.17
939,8,0,1,10.0853,1439.2
938,8,0,1,10.0674,1344.44
928,8,0,1,10.0513,1259.7
948,8,0,1,10.0377,1188.45
1589,8,0,2,10.4008,3049.17,0.0523333,228.262,0.28,3
1560,8,0,2,10.3667,2866.63
1321,8,0,2,10.3413,2734.95
1562,8,0,2,10.3277,2660.88
1563,8,0,2,10.2933,2476.21
2164,8,0,2,10.2814,2413.14
1313,8,0,2,10.2594,2293.67
1309,8,0,2,10.251,2245.33
1314,8,0,2,10.2504,2242.46
2163,8,0,2,10.2347,2158.44
2023,8,0,2,10.206,2005.48
1787,8,0,2,10.1983,1965.93
2020,8,0,2,10.1831,1887.02
943,8,0,2,10.1822,1883.09
294,8,0,3,10.8403,5452.32,0.0973333,424.539,0.34,4
295,8,0,3,10.8229,5358.01
338,8,0,3,10.8092,5281.66
339,8,0,3,10.8037,5244.66
346,8,0,3,10.7859,5147.47
347,8,0,3,10.7853,5144.45
354,8,0,3,10.7743,5080.88
803,8,0,3,10.7743,5080.51
804,8,0,3,10.7561,4992.95
818,8,0,3,10.7351,4879.4
819,8,0,3,10.7205,4800.2
2009,8,0,3,10.714,4753.09
2010,8,0,3,10.6984,4652.34
837,8,0,3,10.6911,4606.23
1774,8,0,3,10.6799,4537.48
849,8,0,3,10.6757,4514.71
850,8,0,3,10.6685,4465.56
852,8,0,3,10.6628,4422.61
865,8,0,3,10.656,4380.66
869,8,0,3,10.6408,4289.83
2066,8,0,3,10.6187,4176.1
1297,8,0,3,10.5925,4036.44
1299,8,0,3,10.5868,4004.45
1600,8,0,3,10.5854,3991
1306,8,0,3,10.5692,3900.13
1312,8,0,3,10.5691,3899.77
1602,8,0,3,10.5419,3752.38
1320,8,0,3,10.5263,3671.15
1321,8,0,3,10.511,3584.95
1560,8,0,3,10.4896,3470.21
1589,8,0,3,10.4531,3277.43
465,8,0,4,11.2545,7714.17,0.111333,485.602,0.18,5
464,8,0,4,11.2477,7681.1
460,8,0,4,11.2393,7634.49
372,8,0,4,11.2339,7600.41
371,8,0,4,11.2181,7495.7
2134,8,0,4,11.2126,7454.92
369,8,0,4,11.1962,7358.72
370,8,0,4,11.1912,7321.52
365,8,0,4,11.1429,7064.76
323,8,0,4,11.123,6939.98
108,8,0,4,11.1112,6872.46
321,8,0,4,11.1108,6870.22
1978,8,0,4,11.1028,6818.25
1979,8,0,4,11.0701,6608.07
329,8,0,4,11.0679,6590.61
2114,8,0,4,11.0627,6564.69
335,8,0,4,11.0523,6503.54
1819,8,0,4,11.0473,6474.55
344,8,0,4,11.0317,6378.77
343,8,0,4,11.0138,6282.7
1980,8,0,4,11.0047,6234.39
342,8,0,4,10.9986,6203.77
339,8,0,4,10.9818,6112.9
338,8,0,4,10.9719,6060.9
295,8,0,4,10.9545,5968.68
294,8,0,4,10.9377,5876.86
141,8,0,5,11.4603,8710.42,0.0505,220.266,0.03,6
142,8,0,5,11.4462,8631.19
362,8,0,5,11.4371,8581.37
363,8,0,5,11.4243,8507.41
367,8,0,5,11.4109,8434.97
368,8,0,5,11.4089,8421.51
372,8,0,5,11.3963,8354.3
460,8,0,5,11.3906,8319.75
464,8,0,5,11.3734,8236.58
465,8,0,5,11.3658,8199.78
1972,8,0,6,11.6604,9770.79,0.0608333,265.337,0.08,7
148,8,0,6,11.6338,9630.96
149,8,0,6,11.6298,9610.47
161,8,0,6,11.6156,9530.27
167,8,0,6,11.5984,9419.44
172,8,0,6,11.5823,9321.99
1535,8,0,6,11.5726,9270.38
177,8,0,6,11.5624,9216.23
184,8,0,6,11.5419,9104.9
141,8,0,6,11.5108,8930.69
1979,8,0,7,12.0437,11813.3,0.0556667,242.801,0.07,8
1978,8,0,7,12.0026,11584
107,8,0,7,11.9943,11530.1
1967,8,0,7,11.9913,11501.4
105,8,0,7,11.9664,11352.9
124,8,0,7,11.9531,11278.1
1970,8,0,7,11.9373,11185.1
122,8,0,7,11.9244,11119.8
127,8,0,7,11.889,10929.1
128,8,0,7,11.8848,10908
1717,8,0,7,11.8563,10756.9
129,8,0,7,11.8337,10631.8
130,8,0,7,11.8259,10592.8
1726,8,0,7,11.8193,10555.5
1723,8,0,7,11.8087,10498.5
2104,8,0,7,11.7989,10449.2
1724,8,0,7,11.7784,10339.1
1725,8,0,7,11.7759,10325.5
1727,8,0,7,11.7588,10231.4
149,8,0,7,11.7578,10221.7
148,8,0,7,11.753,10197.9
1972,8,0,7,11.7212,10036.1
2008,8,0,8,12.2133,12682.7,0.0393333,171.56,0.02,9
812,8,0,8,12.1954,12585
807,8,0,8,12.1952,12584.2
356,8,0,8,12.1791,12499.4
1981,8,0,8,12.1668,12415.9
345,8,0,8,12.1467,12312.4
341,8,0,8,12.1373,12262.4
2132,8,0,8,12.1371,12260.3
328,8,0,8,12.1204,12164.8
2115,8,0,8,12.1104,12111.6
329,8,0,8,12.1066,12091.6
1979,8,0,8,12.0993,12056.1
810,8,0,9,12.3213,13219.4,0.0375,163.564,0.29,10
813,8,0,9,12.3109,13168.6
809,8,0,9,12.284,13033.9
808,8,0,9,12.2748,12985.1
807,8,0,9,12.2655,12936.9
812,8,0,9,12.2653,12936.1
2008,8,0,9,12.2527,12854.3
412,8,0,10,12.4749,13985.1,0,0,0
398,8,0,10,12.4606,13907.1
410,8,0,10,12.4603,13905.9
409,8,0,10,12.4442,13822.1
1985,8,0,10,12.4297,13744.8
881,8,0,10,12.3999,13588.5
814,8,0,10,12.3796,13483.7
810,8,0,10,12.3588,13383
948,9,0,0,9.54857,1017.62,0.0391667,170.833,0.36,1
928,9,0,0,9.53859,961.847
923,9,0,0,9.50072,774.378
924,9,0,0,9.49244,735.064
914,9,0,0,9.47023,620.414
902,9,0,0,9.46274,579.948
887,9,0,0,9.44726,499.708
2012,9,0,0,9.42066,369.988
884,9,0,0,9.4166,348.667
1987,9,0,0,9.38006,162.519
413,9,0,0,9.36368,77.1309
411,9,0,0,9.35292,19.2235
412,9,0,0,9.35,0
294,9,0,1,9.86795,2719.07,0.0963333,420.177,0.3,2
295,9,0,1,9.85065,2625.18
338,9,0,1,9.83388,2535.81
339,9,0,1,9.82844,2498.81
346,9,0,1,9.81093,2403.05
347,9,0,1,9.81031,2400.03
354,9,0,1,9.79915,2336.09
803,9,0,1,9.79908,2335.72
804,9,0,1,9.79014,2286.78
818,9,0,1,9.76664,2162.49
819,9,0,1,9.75725,2098.51
820,9,0,1,9.73763,1998.71
2152,9,0,1,9.72535,1931.07
2008,9,0,1,9.71887,1895.64
821,9,0,1,9.71412,1868.8
2153,9,0,1,9.70506,1820.11
831,9,0,1,9.70504,1820.03
825,9,0,1,9.70463,1818
834,9,0,1,9.69662,1771.89
835,9,0,1,9.68944,1729.54
2154,9,0,1,9.66004,1577.43
857,9,0,1,9.65271,1537.6
926,9,0,1,9.64333,1489.41
927,9,0,1,9.61075,1322.23
946,9,0,1,9.60599,1289.78
947,9,0,1,9.59939,1249.96
948,9,0,1,9.58773,1188.45
1589,9,0,2,10.3376,5243.42,0.0523333,228.262,0.28,3
1560,9,0,2,10.3028,5057.52
1591,9,0,2,10.2785,4929.28
1559,9,0,2,10.2608,4834.09
1320,9,0,2,10.2568,4813.31
1602,9,0,2,10.2485,4756.36
1312,9,0,2,10.2254,4626.95
1306,9,0,2,10.2253,4626.59
1599,9,0,2,10.2079,4530.91
1300,9,0,2,10.2024,4500.79
1298,9,0,2,10.1971,4471.45
2176,9,0,2,10.1904,4431.98
2066,9,0,2,10.1792,4363.61
869,9,0,2,10.1667,4286.78
865,9,0,2,10.1489,4187.94
852,9,0,2,10.142,4145.81
850,9,0,2,10.1353,4102.32
849,9,0,2,10.1276,4052.64
1774,9,0,2,10.1243,4033.63
837,9,0,2,10.1129,3964.56
2010,9,0,2,10.1,3897.67
2009,9,0,2,10.0765,3771.49
819,9,0,2,10.0682,3722.41
818,9,0,2,10.0555,3651.68
804,9,0,2,10.0375,3550.92
803,9,0,2,10.0301,3507.9
354,9,0,2,10.0301,3507.53
353,9,0,2,10.0277,3496.43
314,9,0,2,10.019,3447.64
312,9,0,2,10.0149,3424.7
313,9,0,2,10.0092,3389.56
306,9,0,2,9.99609,3318.49
297,9,0,2,9.99002,3284.28
295,9,0,2,9.97975,3225.17
294,9,0,2,9.96429,3139.25
943,9,0,3,10.6188,6674.56,0.0575,250.798,0.09,4
2020,9,0,3,10.618,6670.63
1787,9,0,3,10.6013,6585.73
2023,9,0,3,10.5919,6538.91
2163,9,0,3,10.5656,6396.35
1314,9,0,3,10.553,6325.98
2165,9,0,3,10.5367,6238.78
2071,9,0,3,10.5151,6124.27
1317,9,0,3,10.5029,6056.06
2072,9,0,3,10.4829,5948.96
1588,9,0,3,10.4516,5780.67
1590,9,0,3,10.4153,5601.35
1589,9,0,3,10.3899,5471.68
465,9,0,4,10.9694,8412.79,0.0695,303.138,0.16,5
379,9,0,4,10.9553,8344.19
380,9,0,4,10.9486,8311.96
386,9,0,4,10.9381,8261.03
387,9,0,4,10.9142,8147.47
396,9,0,4,10.9122,8133.85
395,9,0,4,10.9075,8110.26
403,9,0,4,10.8902,8018.75
406,9,0,4,10.8754,7949.14
407,9,0,4,10.8697,7920.8
424,9,0,4,10.8515,7826.09
426,9,0,4,10.8481,7807.97
425,9,0,4,10.8443,7787.9
420,9,0,4,10.8342,7734.34
431,9,0,4,10.8194,7657.85
434,9,0,4,10.8129,7627.24
873,9,0,4,10.809,7606.15
874,9,0,4,10.795,7538.97
870,9,0,4,10.7896,7511.15
894,9,0,4,10.7675,7399.26
895,9,0,4,10.758,7351.67
907,9,0,4,10.7446,7284.08
908,9,0,4,10.738,7249.19
2014,9,0,4,10.7374,7246.51
2017,9,0,4,10.7363,7240.82
2170,9,0,4,10.733,7224.56
1738,9,0,4,10.7171,7143.86
1737,9,0,4,10.7114,7114.29
936,9,0,4,10.6949,7029.47
933,9,0,4,10.6943,7026.53
934,9,0,4,10.6887,6988.88
935,9,0,4,10.6882,6986.27
2020,9,0,4,10.6771,6929.29
943,9,0,4,10.6763,6925.36
141,9,0,5,11.1334,9226.58,0.0505,220.266,0.03,6
142,9,0,5,11.1193,9147.34
362,9,0,5,11.1102,9097.52
363,9,0,5,11.0974,9023.56
367,9,0,5,11.084,8951.12
368,9,0,5,11.082,8937.66
372,9,0,5,11.0694,8870.46
460,9,0,5,11.0637,8835.91
464,9,0,5,11.0465,8752.73
465,9,0,5,11.0389,8715.93
1972,9,0,6,11.3335,10286.9,0.0608333,265.337,0.08,7
148,9,0,6,11.3069,10147.1
149,9,0,6,11.3029,10126.6
161,9,0,6,11.2887,10046.4
167,9,0,6,11.2716,9935.59
172,9,0,6,11.2554,9838.14
1535,9,0,6,11.2458,9786.54
177,9,0,6,11.2355,9732.38
184,9,0,6,11.2151,9621.05
141,9,0,6,11.1839,9446.84
1979,9,0,7,11.7168,12329.5,0.0433333,189.007,0.09,8
1978,9,0,7,11.6757,12100.2
107,9,0,7,11.6674,12046.3
1967,9,0,7,11.6644,12017.6
105,9,0,7,11.6396,11869.1
124,9,0,7,11.6262,11794.3
1970,9,0,7,11.6104,11701.2
122,9,0,7,11.5975,11635.9
127,9,0,7,11.5622,11445.3
128,9,0,7,11.5579,11424.1
1717,9,0,7,11.5294,11273.1
129,9,0,7,11.5068,11147.9
130,9,0,7,11.4991,11108.9
1726,9,0,7,11.4924,11071.7
1723,9,0,7,11.4819,11014.6
2104,9,0,7,11.472,10965.4
1724,9,0,7,11.4515,10855.3
1725,9,0,7,11.449,10841.6
1727,9,0,7,11.4319,10747.5
149,9,0,7,11.4309,10737.9
148,9,0,7,11.4261,10714.1
1972,9,0,7,11.3943,10552.3
2008,9,0,8,11.8683,13127.9,0.0795,346.755,0.05,9
812,9,0,8,11.8518,13036.6
807,9,0,8,11.8516,13035.8
356,9,0,8,11.8388,12965.3
1981,9,0,8,11.8266,12881.8
345,9,0,8,11.8048,12771.8
341,9,0,8,11.7954,12721.5
2132,9,0,8,11.7952,12719.5
328,9,0,8,11.7813,12627.9
2115,9,0,8,11.7699,12568.9
329,9,0,8,11.766,12548.2
1979,9,0,8,11.7601,12518.5
810,9,0,9,12.0132,13826,0.0375,163.564,0.29,10
813,9,0,9,12.0027,13775.2
809,9,0,9,11.9772,13646
808,9,0,9,11.9692,13602.5
807,9,0,9,11.9606,13557.3
812,9,0,9,11.9605,13556.6
2008,9,0,9,11.9478,13474.6
412,9,0,10,12.1668,14591.7,0,0,0
398,9,0,10,12.1525,14513.7
410,9,0,10,12.1522,14512.5
409,9,0,10,12.1361,14428.7
1985,9,0,10,12.1216,14351.4
881,9,0,10,12.0918,14195.1
814,9,0,10,12.0715,14090.3
810,9,0,10,12.0507,13989.6
948,10,0,0,9.66857,1017.62,0.0391667,170.833,0.36,1
928,10,0,0,9.65859,961.847
923,10,0,0,9.62072,774.378
924,10,0,0,9.61244,735.064
914,10,0,0,9.59023,620.414
902,10,0,0,9.58274,579.948
887,10,0,0,9.56726,499.708
2012,10,0,0,9.54066,369.988
884,10,0,0,9.5366,348.667
1987,10,0,0,9.50006,162.519
413,10,0,0,9.48368,77.1309
411,10,0,0,9.47292,19.2235
412,10,0,0,9.47,0
294,10,0,1,9.98795,2719.07,0.0963333,420.177,0.3,2
295,10,0,1,9.97065,2625.18
338,10,0,1,9.95388,2535.81
339,10,0,1,9.94844,2498.81
346,10,0,1,9.93093,2403.05
347,10,0,1,9.93031,2400.03
354,10,0,1,9.91915,2336.09
803,10,0,1,9.91908,2335.72
804,10,0,1,9.91014,2286.78
818,10,0,1,9.88664,2162.49
819,10,0,1,9.87725,2098.51
820,10,0,1,9.85763,1998.71
2152,10,0,1,9.84535,1931.07
2008,10,0,1,9.83887,1895.64
821,10,0,1,9.83412,1868.8
2153,10,0,1,9.82506,1820.11
831,10,0,1,9.82504,1820.03
825,10,0,1,9.82463,1818
834,10,0,1,9.81662,1771.89
835,10,0,1,9.80944,1729.54
2154,10,0,1,9.78004,1577.43
857,10,0,1,9.77271,1537.6
926,10,0,1,9.76333,1489.41
927,10,0,1,9.73075,1322.23
946,10,0,1,9.72599,1289.78
947,10,0,1,9.71939,1249.96
948,10,0,1,9.70773,1188.45
1589,10,0,2,10.468,5301.25,0.0523333,228.262,0.28,3
1560,10,0,2,10.4338,5118.28
1321,10,0,2,10.4066,4979
1320,10,0,2,10.3807,4847.6
1602,10,0,2,10.3573,4733.89
1312,10,0,2,10.3345,4605.9
1306,10,0,2,10.3345,4605.54
1599,10,0,2,10.3169,4509.04
1300,10,0,2,10.3125,4482.53
1298,10,0,2,10.3057,4447.31
2176,10,0,2,10.2994,4408.44
2066,10,0,2,10.2888,4340.79
869,10,0,2,10.2788,4265.93
865,10,0,2,10.2624,4173.17
852,10,0,2,10.2563,4131.97
850,10,0,2,10.2504,4089.01
849,10,0,2,10.2429,4039.53
1774,10,0,2,10.2392,4019.03
837,10,0,2,10.2281,3950.33
2010,10,0,2,10.2203,3903.56
2009,10,0,2,10.1996,3789.28
819,10,0,2,10.1923,3741.57
818,10,0,2,10.1799,3672.52
804,10,0,2,10.1614,3569.53
803,10,0,2,10.1535,3525.18
354,10,0,2,10.1534,3524.81
353,10,0,2,10.1511,3513.71
314,10,0,2,10.1416,3461.42
307,10,0,2,10.1308,3397.47
306,10,0,2,10.1178,3326.52
297,10,0,2,10.111,3289.24
305,10,0,2,10.0951,3200.96
294,10,0,2,10.0843,3139.25
943,10,0,3,10.7492,6732.4,0.0575,250.798,0.09,4
2020,10,0,3,10.7484,6728.46
1787,10,0,3,10.7317,6643.57
2023,10,0,3,10.7223,6596.75
2163,10,0,3,10.696,6454.18
1314,10,0,3,10.6834,6383.82
2165,10,0,3,10.667,6296.62
2071,10,0,3,10.6454,6182.11
1317,10,0,3,10.6332,6113.89
2072,10,0,3,10.6132,6006.79
1588,10,0,3,10.5819,5838.51
1590,10,0,3,10.5457,5659.19
1589,10,0,3,10.5203,5529.51
465,10,0,4,11.0998,8470.62,0.111333,485.602,0.18,5
379,10,0,4,11.0856,8402.02
380,10,0,4,11.079,8369.79
386,10,0,4,11.0685,8318.87
387,10,0,4,11.0445,8205.3
396,10,0,4,11.0425,8191.68
395,10,0,4,11.0379,8168.1
403,10,0,4,11.0206,8076.59
406,10,0,4,11.0058,8006.97
407,10,0,4,11.0001,7978.64
424,10,0,4,10.9819,7883.93
426,10,0,4,10.9784,7865.8
425,10,0,4,10.9747,7845.73
420,10,0,4,10.9646,7792.18
431,10,0,4,10.9497,7715.69
434,10,0,4,10.9432,7685.08
873,10,0,4,10.9394,7663.98
874,10,0,4,10.9253,7596.81
870,10,0,4,10.9199,7568.99
894,10,0,4,10.8978,7457.1
895,10,0,4,10.8884,7409.51
907,10,0,4,10.875,7341.92
908,10,0,4,10.8684,7307.03
2014,10,0,4,10.8678,7304.35
2017,10,0,4,10.8666,7298.65
2170,10,0,4,10.8634,7282.4
1738,10,0,4,10.8475,7201.7
1737,10,0,4,10.8418,7172.12
936,10,0,4,10.8252,7087.3
933,10,0,4,10.8246,7084.36
934,10,0,4,10.8191,7046.71
935,10,0,4,10.8185,7044.1
2020,10,0,4,10.8075,6987.13
943,10,0,4,10.8067,6983.2
141,10,0,5,11.3056,9466.88,0.0505,220.266,0.03,6
142,10,0,5,11.2915,9387.64
362,10,0,5,11.2824,9337.82
363,10,0,5,11.2696,9263.86
367,10,0,5,11.2562,9191.42
368,10,0,5,11.2542,9177.96
372,10,0,5,11.2416,9110.75
460,10,0,5,11.2359,9076.21
464,10,0,5,11.2187,8993.03
465,10,0,5,11.2111,8956.23
1972,10,0,6,11.5057,10527.2,0.0608333,265.337,0.08,7
148,10,0,6,11.4791,10387.4
149,10,0,6,11.4751,10366.9
161,10,0,6,11.4609,10286.7
167,10,0,6,11.4437,10175.9
172,10,0,6,11.4276,10078.4
1535,10,0,6,11.4179,10026.8
177,10,0,6,11.4077,9972.68
184,10,0,6,11.3873,9861.35
141,10,0,6,11.3561,9687.14
1979,10,0,7,11.889,12569.8,0.0433333,189.007,0.09,8
1978,10,0,7,11.8479,12340.5
107,10,0,7,11.8396,12286.6
1967,10,0,7,11.8366,12257.9
105,10,0,7,11.8117,12109.4
124,10,0,7,11.7984,12034.6
1970,10,0,7,11.7826,11941.5
122,10,0,7,11.7697,11876.2
127,10,0,7,11.7344,11685.6
128,10,0,7,11.7301,11664.4
1717,10,0,7,11.7016,11513.4
129,10,0,7,11.679,11388.2
130,10,0,7,11.6712,11349.2
1726,10,0,7,11.6646,11312
1723,10,0,7,11.654,11254.9
2104,10,0,7,11.6442,11205.7
1724,10,0,7,11.6237,11095.6
1725,10,0,7,11.6212,11081.9
1727,10,0,7,11.6041,10987.8
149,10,0,7,11.6031,10978.2
148,10,0,7,11.5983,10954.4
1972,10,0,7,11.5665,10792.6
2008,10,0,8,12.0404,13368.2,0.0393333,171.56,0.02,9
812,10,0,8,12.024,13276.9
807,10,0,8,12.0238,13276.1
356,10,0,8,12.011,13205.6
1981,10,0,8,11.9987,13122.1
345,10,0,8,11.977,13012.1
341,10,0,8,11.9676,12961.8
2132,10,0,8,11.9674,12959.8
328,10,0,8,11.9535,12868.2
2115,10,0,8,11.9421,12809.2
329,10,0,8,11.9382,12788.5
1979,10,0,8,11.9323,12758.8
810,10,0,9,12.1484,13904.9,0.0375,163.564,0.29,10
813,10,0,9,12.1379,13854.1
809,10,0,9,12.1111,13719.4
808,10,0,9,12.1019,13670.6
807,10,0,9,12.0926,13622.4
812,10,0,9,12.0924,13621.6
2008,10,0,9,12.0798,13539.7
412,10,0,10,12.302,14670.6,0,0,0
398,10,0,10,12.2877,14592.5
410,10,0,10,12.2874,14591.3
409,10,0,10,12.2713,14507.6
1985,10,0,10,12.2568,14430.2
881,10,0,10,12.227,14273.9
814,10,0,10,12.2067,14169.1
810,10,0,10,12.1859,14068.4
948,11,0,0,9.98857,1017.62,0.0391667,170.833,0.36,1
928,11,0,0,9.97859,961.847
923,11,0,0,9.94072,774.378
924,11,0,0,9.93244,735.064
914,11,0,0,9.91023,620.414
902,11,0,0,9.90274,579.948
887,11,0,0,9.88726,499.708
2012,11,0,0,9.86066,369.988
884,11,0,0,9.8566,348.667
1987,11,0,0,9.82006,162.519
413,11,0,0,9.80368,77.1309
411,11,0,0,9.79292,19.2235
412,11,0,0,9.79,0
1589,11,0,1,10.2062,2130.15,0.0523333,228.262,0.28,2
1560,11,0,1,10.1721,1947.61
1321,11,0,1,10.1467,1815.93
1320,11,0,1,10.1251,1702.72
1602,11,0,1,10.1005,1583.85
1312,11,0,1,10.0777,1455.7
1306,11,0,1,10.0776,1455.34
1301,11,0,1,10.0622,1374.79
2024,11,0,1,10.0509,1314.4
2025,11,0,1,10.0387,1245.59
1598,11,0,1,10.033,1217.04
948,11,0,1,10.0277,1188.45
294,11,0,2,10.6457,4533.3,0.0973333,424.539,0.34,3
295,11,0,2,10.6283,4438.99
338,11,0,2,10.6146,4362.64
339,11,0,2,10.6091,4325.64
346,11,0,2,10.5913,4228.45
347,11,0,2,10.5907,4225.43
354,11,0,2,10.5797,4161.86
803,11,0,2,10.5797,4161.49
804,11,0,2,10.5615,4073.93
818,11,0,2,10.5405,3960.38
819,11,0,2,10.5259,3881.18
2009,11,0,2,10.5194,3834.07
2010,11,0,2,10.5038,3733.32
837,11,0,2,10.4965,3687.2
1774,11,0,2,10.4853,3618.46
849,11,0,2,10.4811,3595.69
850,11,0,2,10.4739,3546.54
852,11,0,2,10.4682,3503.59
865,11,0,2,10.4614,3461.64
869,11,0,2,10.4462,3370.81
2066,11,0,2,10.4241,3257.08
1297,11,0,2,10.3979,3117.42
1299,11,0,2,10.3922,3085.43
1600,11,0,2,10.3908,3071.98
1306,11,0,2,10.3746,2981.11
1312,11,0,2,10.3745,2980.75
1602,11,0,2,10.3473,2833.36
1320,11,0,2,10.3317,2752.13
1321,11,0,2,10.3164,2665.93
1560,11,0,2,10.295,2551.19
1589,11,0,2,10.2585,2358.41
943,11,0,3,11.1066,6896.77,0.0943333,411.454,0.08,4
934,11,0,3,11.0987,6852.87
933,11,0,3,11.09,6805.69
932,11,0,3,11.0876,6789.64
931,11,0,3,11.0736,6714.07
930,11,0,3,11.0652,6671.72
929,11,0,3,11.0456,6568.47
2019,11,0,3,11.0451,6566.49
923,11,0,3,11.0198,6444.29
924,11,0,3,11.0115,6404.97
914,11,0,3,10.9906,6295.71
913,11,0,3,10.9762,6221.16
912,11,0,3,10.9727,6201.99
911,11,0,3,10.9564,6112.06
835,11,0,3,10.9341,5992.66
834,11,0,3,10.9253,5944.47
825,11,0,3,10.9154,5890.81
831,11,0,3,10.915,5888.78
2153,11,0,3,10.915,5888.7
821,11,0,3,10.9035,5829.49
2008,11,0,3,10.895,5786.7
2152,11,0,3,10.8882,5749.93
820,11,0,3,10.8667,5643.24
819,11,0,3,10.851,5560.16
818,11,0,3,10.8387,5491.11
804,11,0,3,10.8202,5388.12
803,11,0,3,10.8123,5343.77
354,11,0,3,10.8122,5343.39
353,11,0,3,10.8098,5332.3
314,11,0,3,10.8003,5280.01
307,11,0,3,10.7895,5216.06
306,11,0,3,10.7766,5145.11
297,11,0,3,10.7698,5107.82
305,11,0,3,10.7539,5019.55
294,11,0,3,10.7431,4957.84
465,11,0,4,11.4925,8817.85,0.111333,485.602,0.18,5
379,11,0,4,11.4819,8763.83
380,11,0,4,11.4753,8731.6
386,11,0,4,11.4648,8680.67
387,11,0,4,11.4433,8577.11
396,11,0,4,11.4413,8563.49
395,11,0,4,11.4365,8539.47
403,11,0,4,11.4184,8444.29
406,11,0,4,11.4036,8374.67
407,11,0,4,11.3987,8349.75
424,11,0,4,11.3795,8250.95
426,11,0,4,11.3771,8237.26
420,11,0,4,11.3642,8169.57
421,11,0,4,11.3596,8142.04
417,11,0,4,11.3552,8118.15
1989,11,0,4,11.3383,8030.13
2011,11,0,4,11.318,7926.29
891,11,0,4,11.2987,7823.2
892,11,0,4,11.2871,7766.86
916,11,0,4,11.2673,7665.22
919,11,0,4,11.2616,7626.14
2017,11,0,4,11.2615,7625.97
2170,11,0,4,11.2586,7611.11
1738,11,0,4,11.244,7536.03
1737,11,0,4,11.2387,7507.97
936,11,0,4,11.2236,7429.35
933,11,0,4,11.223,7426.41
934,11,0,4,11.2175,7388.77
943,11,0,4,11.2009,7308.23
1972,11,0,5,11.7934,10348.2,0.0608333,265.337,0.08,6
148,11,0,5,11.7668,10208.4
149,11,0,5,11.7628,10187.9
161,11,0,5,11.7486,10107.7
167,11,0,5,11.7315,9996.84
172,11,0,5,11.7153,9899.39
1535,11,0,5,11.7057,9847.78
177,11,0,5,11.6954,9793.63
185,11,0,5,11.6841,9732.59
441,11,0,5,11.6716,9668.42
1857,11,0,5,11.667,9645.38
1990,11,0,5,11.65,9558.32
462,11,0,5,11.6413,9504.28
461,11,0,5,11.6389,9489.78
460,11,0,5,11.6286,9423.43
464,11,0,5,11.6115,9340.26
465,11,0,5,11.6039,9303.46
141,11,0,6,12.0078,11427.5,0.0695,303.138,0.01,7
137,11,0,6,12.004,11401.6
134,11,0,6,11.9743,11248.8
129,11,0,6,11.9667,11209.2
130,11,0,6,11.959,11170.2
1726,11,0,6,11.9523,11132.9
1723,11,0,6,11.9418,11075.9
2104,11,0,6,11.932,11026.6
1724,11,0,6,11.9114,10916.5
1725,11,0,6,11.9089,10902.9
1727,11,0,6,11.8918,10808.8
149,11,0,6,11.8908,10799.1
148,11,0,6,11.8861,10775.3
1972,11,0,6,11.8542,10613.5
1979,11,0,7,12.2968,13115.7,0.0556667,242.801,0.07,8
1978,11,0,7,12.2569,12891.7
321,11,0,7,12.2433,12820.3
322,11,0,7,12.2277,12734.8
323,11,0,7,12.2276,12734.1
365,11,0,7,12.2085,12610.4
370,11,0,7,12.1886,12408.7
369,11,0,7,12.184,12371.5
2134,11,0,7,12.1741,12275.8
371,11,0,7,12.1692,12234.8
372,11,0,7,12.1511,12127
368,11,0,7,12.1376,12056.1
367,11,0,7,12.134,12037.2
363,11,0,7,12.1153,11942.5
362,11,0,7,12.0986,11852.4
142,11,0,7,12.0911,11809
141,11,0,7,12.0773,11730.7
2008,11,0,8,12.4665,13985.2,0.0393333,171.56,0.02,9
812,11,0,8,12.4485,13887.5
807,11,0,8,12.4484,13886.7
356,11,0,8,12.4322,13801.9
1981,11,0,8,12.4199,13718.4
345,11,0,8,12.3998,13614.8
341,11,0,8,12.3904,13564.8
2132,11,0,8,12.3902,13562.8
328,11,0,8,12.3735,13467.2
2115,11,0,8,12.3635,13414
329,11,0,8,12.3597,13394
1979,11,0,8,12.3524,13358.5
810,11,0,9,12.5744,14521.9,0.0375,163.564,0.29,10
813,11,0,9,12.564,14471.1
809,11,0,9,12.5371,14336.4
808,11,0,9,12.5279,14287.6
807,11,0,9,12.5186,14239.4
812,11,0,9,12.5185,14238.6
2008,11,0,9,12.5058,14156.7
412,11,0,10,12.728,15287.6,0,0,0
398,11,0,10,12.7137,15209.5
410,11,0,10,12.7135,15208.3
409,11,0,10,12.6973,15124.6
1985,11,0,10,12.6828,15047.2
881,11,0,10,12.6531,14890.9
814,11,0,10,12.6327,14786.1
810,11,0,10,12.6119,14685.4
948,12,0,0,9.67857,1017.62,0.0391667,170.833,0.36,1
928,12,0,0,9.66858,961.847
923,12,0,0,9.63072,774.378
924,12,0,0,9.62243,735.064
914,12,0,0,9.60023,620.414
902,12,0,0,9.59274,579.948
887,12,0,0,9.57726,499.708
2012,12,0,0,9.55066,369.988
884,12,0,0,9.5466,348.667
1987,12,0,0,9.51006,162.519
413,12,0,0,9.49368,77.1309
411,12,0,0,9.48292,19.2235
412,12,0,0,9.48,0
294,12,0,1,9.99795,2719.07,0.0963333,420.177,0.3,2
295,12,0,1,9.98065,2625.18
338,12,0,1,9.96387,2535.81
339,12,0,1,9.95844,2498.81
346,12,0,1,9.94093,2403.05
347,12,0,1,9.94031,2400.03
354,12,0,1,9.92915,2336.09
803,12,0,1,9.92908,2335.72
804,12,0,1,9.92014,2286.78
818,12,0,1,9.89664,2162.49
819,12,0,1,9.88725,2098.51
820,12,0,1,9.86763,1998.71
2152,12,0,1,9.85535,1931.07
2008,12,0,1,9.84887,1895.64
821,12,0,1,9.84412,1868.8
2153,12,0,1,9.83506,1820.11
831,12,0,1,9.83504,1820.03
825,12,0,1,9.83463,1818
834,12,0,1,9.82662,1771.89
835,12,0,1,9.81944,1729.54
2154,12,0,1,9.79004,1577.43
857,12,0,1,9.7827,1537.6
926,12,0,1,9.77333,1489.41
927,12,0,1,9.74075,1322.23
946,12,0,1,9.73598,1289.78
947,12,0,1,9.72939,1249.96
948,12,0,1,9.71773,1188.45
943,12,0,2,10.4578,5078.19,0.0575,250.798,0.09,3
934,12,0,2,10.45,5034.29
933,12,0,2,10.4412,4987.11
932,12,0,2,10.4389,4971.05
931,12,0,2,10.4248,4895.49
930,12,0,2,10.4165,4853.13
929,12,0,2,10.3968,4749.88
2019,12,0,2,10.3964,4747.9
923,12,0,2,10.371,4625.7
924,12,0,2,10.3628,4586.39
914,12,0,2,10.3418,4477.12
913,12,0,2,10.3275,4402.57
912,12,0,2,10.3239,4383.41
911,12,0,2,10.3077,4293.48
835,12,0,2,10.2853,4174.07
834,12,0,2,10.2766,4125.88
825,12,0,2,10.2667,4072.22
831,12,0,2,10.2663,4070.19
2153,12,0,2,10.2662,4070.11
821,12,0,2,10.2547,4010.91
2008,12,0,2,10.2462,3968.12
2152,12,0,2,10.2394,3931.34
820,12,0,2,10.2179,3824.65
819,12,0,2,10.2023,3741.57
818,12,0,2,10.1899,3672.52
804,12,0,2,10.1714,3569.53
803,12,0,2,10.1635,3525.18
354,12,0,2,10.1634,3524.81
353,12,0,2,10.1611,3513.71
314,12,0,2,10.1516,3461.42
307,12,0,2,10.1408,3397.47
306,12,0,2,10.1278,3326.52
297,12,0,2,10.121,3289.24
305,12,0,2,10.1051,3200.96
294,12,0,2,10.0943,3139.25
1589,12,0,3,10.7339,6495.06,0.0523333,228.262,0.28,4
1560,12,0,3,10.6998,6312.52
1321,12,0,3,10.6744,6180.85
1562,12,0,3,10.6608,6106.78
1563,12,0,3,10.6263,5922.1
2164,12,0,3,10.6144,5859.04
1313,12,0,3,10.5925,5739.57
1309,12,0,3,10.5841,5691.23
1314,12,0,3,10.5835,5688.36
2163,12,0,3,10.5678,5604.34
2023,12,0,3,10.5391,5451.38
1787,12,0,3,10.5314,5411.82
2020,12,0,3,10.5161,5332.92
943,12,0,3,10.5153,5328.99
465,12,0,4,11.234,9139.5,0.111333,485.602,0.18,5
464,12,0,4,11.2273,9106.42
460,12,0,4,11.2188,9059.82
372,12,0,4,11.2134,9025.73
371,12,0,4,11.1976,8921.03
2134,12,0,4,11.1921,8880.24
2136,12,0,4,11.1799,8814.12
393,12,0,4,11.1476,8648.65
401,12,0,4,11.1339,8574.94
1739,12,0,4,11.1245,8522.8
1742,12,0,4,11.1178,8487.58
1741,12,0,4,11.1117,8454.7
418,12,0,4,11.1048,8417.62
417,12,0,4,11.1016,8400.09
1989,12,0,4,11.0848,8312.79
2011,12,0,4,11.0651,8211.39
2156,12,0,4,11.059,8180.47
2013,12,0,4,11.0583,8177.32
886,12,0,4,11.0497,8132.87
888,12,0,4,11.0317,8034.26
903,12,0,4,11.0221,7982.22
904,12,0,4,11.0188,7964.31
925,12,0,4,10.9969,7843.14
2019,12,0,4,10.9894,7807.32
929,12,0,4,10.989,7805.34
938,12,0,4,10.9766,7737.69
950,12,0,4,10.9622,7663.22
951,12,0,4,10.9553,7628.35
949,12,0,4,10.9444,7572.07
2025,12,0,4,10.9409,7554.61
2024,12,0,4,10.9265,7476.27
1301,12,0,4,10.9148,7414.24
1306,12,0,4,10.9023,7346.02
1312,12,0,4,10.9022,7345.66
1602,12,0,4,10.8749,7198.27
1320,12,0,4,10.8594,7117.05
1321,12,0,4,10.8441,7030.84
1560,12,0,4,10.8227,6916.11
1589,12,0,4,10.7862,6723.32
141,12,0,5,11.4398,10135.8,0.0505,220.266,0.03,6
142,12,0,5,11.4257,10056.5
362,12,0,5,11.4166,10006.7
363,12,0,5,11.4038,9932.73
367,12,0,5,11.3904,9860.29
368,12,0,5,11.3884,9846.83
372,12,0,5,11.3758,9779.63
460,12,0,5,11.3701,9745.08
464,12,0,5,11.3529,9661.91
465,12,0,5,11.3453,9625.1
1972,12,0,6,11.6399,11196.1,0.0608333,265.337,0.08,7
148,12,0,6,11.6133,11056.3
149,12,0,6,11.6093,11035.8
161,12,0,6,11.5951,10955.6
167,12,0,6,11.578,10844.8
172,12,0,6,11.5618,10747.3
1535,12,0,6,11.5522,10695.7
177,12,0,6,11.5419,10641.6
184,12,0,6,11.5215,10530.2
141,12,0,6,11.4903,10356
1979,12,0,7,12.0232,13238.6,0.0556667,242.801,0.07,8
1978,12,0,7,11.9821,13009.4
107,12,0,7,11.9738,12955.5
1967,12,0,7,11.9708,12926.8
105,12,0,7,11.946,12778.3
124,12,0,7,11.9326,12703.5
1970,12,0,7,11.9168,12610.4
122,12,0,7,11.9039,12545.1
127,12,0,7,11.8686,12354.5
128,12,0,7,11.8643,12333.3
1717,12,0,7,11.8358,12182.2
129,12,0,7,11.8132,12057.1
130,12,0,7,11.8055,12018.1
1726,12,0,7,11.7988,11980.8
1723,12,0,7,11.7883,11923.8
2104,12,0,7,11.7785,11874.6
1724,12,0,7,11.7579,11764.4
1725,12,0,7,11.7554,11750.8
1727,12,0,7,11.7383,11656.7
149,12,0,7,11.7373,11647
148,12,0,7,11.7326,11623.3
1972,12,0,7,11.7007,11461.5
2008,12,0,8,12.1929,14108.1,0.0393333,171.56,0.02,9
812,12,0,8,12.1749,14010.4
807,12,0,8,12.1748,14009.6
356,12,0,8,12.1586,13924.8
1981,12,0,8,12.1463,13841.3
345,12,0,8,12.1262,13737.7
341,12,0,8,12.1168,13687.7
2132,12,0,8,12.1166,13685.7
328,12,0,8,12.0999,13590.1
2115,12,0,8,12.0899,13536.9
329,12,0,8,12.0861,13516.9
1979,12,0,8,12.0789,13481.4
810,12,0,9,12.3009,14644.8,0.0375,163.564,0.29,10
813,12,0,9,12.2904,14594
809,12,0,9,12.2635,14459.3
808,12,0,9,12.2543,14410.4
807,12,0,9,12.245,14362.3
812,12,0,9,12.2449,14361.5
2008,12,0,9,12.2322,14279.6
412,12,0,10,12.4544,15410.5,0,0,0
398,12,0,10,12.4401,15332.4
410,12,0,10,12.4399,15331.2
409,12,0,10,12.4237,15247.5
1985,12,0,10,12.4092,15170.1
881,12,0,10,12.3795,15013.8
814,12,0,10,12.3591,14909
810,12,0,10,12.3384,14808.3
294,13,0,0,9.50621,1448.73,0.0963333,420.177,0.3,1
295,13,0,0,9.48867,1353.83
338,13,0,0,9.4731,1269.62
339,13,0,0,9.46767,1232.63
342,13,0,0,9.44155,1102.41
343,13,0,0,9.42551,1024.34
344,13,0,0,9.40773,928.994
1819,13,0,0,9.39257,833.761
335,13,0,0,9.38766,804.919
2114,13,0,0,9.374,731.261
329,13,0,0,9.3714,716.09
2115,13,0,0,9.36713,693.73
330,13,0,0,9.35236,610.461
336,13,0,0,9.33073,498.645
388,13,0,0,9.30261,347.265
397,13,0,0,9.27292,184.096
399,13,0,0,9.25791,100.956
411,13,0,0,9.24292,19.2235
412,13,0,0,9.24,0
948,13,0,1,9.89038,3426.99,0.0391667,170.833,0.36,2
947,13,0,1,9.87704,3358.34
946,13,0,1,9.8679,3309.17
927,13,0,1,9.85815,3259.15
926,13,0,1,9.83156,3117.41
911,13,0,1,9.80231,2963.41
835,13,0,1,9.78448,2863.37
834,13,0,1,9.77605,2816.74
825,13,0,1,9.76483,2757.35
831,13,0,1,9.76442,2755.32
2153,13,0,1,9.76441,2755.24
821,13,0,1,9.75246,2694.29
2008,13,0,1,9.74396,2651.5
2152,13,0,1,9.73791,2617.91
820,13,0,1,9.72216,2535.42
819,13,0,1,9.70644,2452.06
818,13,0,1,9.69375,2381.34
804,13,0,1,9.67572,2280.57
803,13,0,1,9.6684,2237.56
354,13,0,1,9.66833,2237.18
353,13,0,1,9.66596,2226.09
314,13,0,1,9.65726,2177.29
312,13,0,1,9.65312,2154.36
313,13,0,1,9.64745,2119.21
306,13,0,1,9.63434,2048.14
297,13,0,1,9.62828,2013.94
295,13,0,1,9.61801,1954.83
294,13,0,1,9.60254,1868.9
1589,13,0,2,10.1108,4571.64,0.0523333,228.262,0.28,3
1560,13,0,2,10.0806,4405.87
1321,13,0,2,10.0575,4283.62
1562,13,0,2,10.0447,4212.89
1563,13,0,2,10.0055,4008.18
2164,13,0,2,9.99636,3957.07
1307,13,0,2,9.98121,3876.29
1302,13,0,2,9.96497,3787.85
949,13,0,2,9.94179,3663.16
2025,13,0,2,9.93832,3645.7
1598,13,0,2,9.93403,3622.78
948,13,0,2,9.92955,3597.82
465,13,0,3,10.6109,7216.07,0.0695,303.138,0.16,4
464,13,0,3,10.6042,7183
460,13,0,3,10.5958,7136.39
372,13,0,3,10.5904,7102.31
371,13,0,3,10.5746,6997.6
2134,13,0,3,10.5691,6956.82
2136,13,0,3,10.5569,6890.7
393,13,0,3,10.5246,6725.22
401,13,0,3,10.5108,6651.52
1739,13,0,3,10.5014,6599.37
1742,13,0,3,10.4947,6564.16
1741,13,0,3,10.4887,6531.27
418,13,0,3,10.4818,6494.2
417,13,0,3,10.4785,6476.66
1989,13,0,3,10.4618,6389.37
2011,13,0,3,10.442,6287.96
2156,13,0,3,10.4359,6257.05
2013,13,0,3,10.4353,6253.89
886,13,0,3,10.4267,6209.44
888,13,0,3,10.4086,6110.83
903,13,0,3,10.399,6058.79
904,13,0,3,10.3957,6040.88
925,13,0,3,10.3738,5919.72
2019,13,0,3,10.3663,5883.89
929,13,0,3,10.3659,5881.91
938,13,0,3,10.3535,5814.26
950,13,0,3,10.3391,5739.79
951,13,0,3,10.3323,5704.92
949,13,0,3,10.3214,5648.64
2025,13,0,3,10.3179,5631.19
2024,13,0,3,10.3034,5552.84
1301,13,0,3,10.2917,5490.82
1306,13,0,3,10.2792,5422.6
1312,13,0,3,10.2792,5422.24
1602,13,0,3,10.2519,5274.85
1320,13,0,3,10.2364,5193.62
1321,13,0,3,10.221,5107.42
1560,13,0,3,10.1996,4992.68
1589,13,0,3,10.1632,4799.9
1972,13,0,4,10.8594,8541.68,0.0888333,387.464,0.08,5
148,13,0,4,10.8368,8418.86
149,13,0,4,10.833,8399.23
161,13,0,4,10.8188,8319.03
167,13,0,4,10.8058,8209
172,13,0,4,10.792,8114.24
1535,13,0,4,10.7839,8069.09
177,13,0,4,10.7703,8001.05
185,13,0,4,10.7591,7940.4
441,13,0,4,10.7465,7876
1857,13,0,4,10.742,7852.94
1990,13,0,4,10.7271,7774.69
462,13,0,4,10.718,7720.19
461,13,0,4,10.7157,7705.8
460,13,0,4,10.7052,7639.19
464,13,0,4,10.6881,7556.02
465,13,0,4,10.6804,7519.21
141,13,0,5,11.0779,9652.99,0.0505,220.266,0.03,6
137,13,0,5,11.0741,9627.03
134,13,0,5,11.0494,9495.66
129,13,0,5,11.0406,9451.04
130,13,0,5,11.0343,9417.73
1726,13,0,5,11.0279,9381.6
1723,13,0,5,11.0179,9326.88
2104,13,0,5,11.01,9285.8
1724,13,0,5,10.9905,9179.98
1725,13,0,5,10.988,9166.36
1727,13,0,5,10.9768,9086.35
149,13,0,5,10.9759,9076.73
148,13,0,5,10.9709,9051.86
1972,13,0,5,10.9483,8929.15
943,13,0,6,11.4608,11643.8,0.0943333,411.454,0.08,7
934,13,0,6,11.4493,11584.3
933,13,0,6,11.4353,11514.7
936,13,0,6,11.4347,11511.8
1737,13,0,6,11.4198,11434.2
917,13,0,6,11.4039,11354.7
2170,13,0,6,11.3993,11330.2
2017,13,0,6,11.3966,11316.5
2014,13,0,6,11.3953,11310.2
2015,13,0,6,11.3872,11269.5
910,13,0,6,11.3871,11269
909,13,0,6,11.3771,11219.9
898,13,0,6,11.3637,11152.6
897,13,0,6,11.3539,11103.1
877,13,0,6,11.3308,10989.6
878,13,0,6,11.3247,10958.9
879,13,0,6,11.31,10889.3
437,13,0,6,11.3056,10865.9
439,13,0,6,11.302,10845.9
436,13,0,6,11.2932,10803.1
425,13,0,6,11.2849,10761.1
426,13,0,6,11.2807,10739
424,13,0,6,11.2784,10725.6
407,13,0,6,11.261,10634.3
406,13,0,6,11.2562,10609.7
403,13,0,6,11.2525,10581.2
394,13,0,6,11.2418,10524.4
384,13,0,6,11.2377,10503.1
385,13,0,6,11.2339,10483.9
377,13,0,6,11.2306,10465.9
2134,13,0,6,11.2157,10380.6
371,13,0,6,11.2107,10339.7
372,13,0,6,11.194,10234
368,13,0,6,11.1818,10168.3
367,13,0,6,11.1792,10153.5
363,13,0,6,11.1646,10076.3
362,13,0,6,11.1515,10001.6
142,13,0,6,11.1429,9954.48
141,13,0,6,11.1284,9873.25
1979,13,0,7,11.8652,13757.3,0.0433333,189.007,0.09,8
329,13,0,7,11.863,13739.8
2114,13,0,7,11.8575,13712.4
335,13,0,7,11.8472,13651.5
1819,13,0,7,11.8428,13623.4
344,13,0,7,11.8266,13526.8
350,13,0,7,11.8117,13448.3
355,13,0,7,11.7978,13362.6
356,13,0,7,11.7809,13264.1
807,13,0,7,11.7658,13183.7
812,13,0,7,11.7657,13182.9
2008,13,0,7,11.7529,13101
821,13,0,7,11.748,13073.5
2153,13,0,7,11.7383,13021.8
831,13,0,7,11.7383,13021.8
825,13,0,7,11.7379,13019.7
834,13,0,7,11.7264,12959.3
833,13,0,7,11.724,12946.1
899,13,0,7,11.702,12825.7
900,13,0,7,11.6838,12728.9
901,13,0,7,11.6775,12697
902,13,0,7,11.6654,12630.8
904,13,0,7,11.6525,12561.5
925,13,0,7,11.6314,12443.6
2019,13,0,7,11.626,12416.7
929,13,0,7,11.6256,12414.7
938,13,0,7,11.6133,12347.4
939,13,0,7,11.5903,12231.2
941,13,0,7,11.5767,12163.3
942,13,0,7,11.5644,12102
943,13,0,7,11.5552,12055.3
2008,13,0,8,12.0167,14555.7,0.0393333,171.56,0.02,9
812,13,0,8,12.0002,14464.4
807,13,0,8,12,14463.6
356,13,0,8,11.9872,14393.1
1981,13,0,8,11.975,14309.6
345,13,0,8,11.9533,14199.6
341,13,0,8,11.9438,14149.3
2132,13,0,8,11.9436,14147.3
328,13,0,8,11.9297,14055.7
2115,13,0,8,11.9183,13996.7
329,13,0,8,11.9144,13976
1979,13,0,8,11.9085,13946.3
810,13,0,9,12.1247,15092.4,0.0375,163.564,0.29,10
813,13,0,9,12.1142,15041.6
809,13,0,9,12.0873,14906.9
808,13,0,9,12.0781,14858.1
807,13,0,9,12.0688,14809.9
812,13,0,9,12.0687,14809.1
2008,13,0,9,12.056,14727.2
412,13,0,10,12.2782,15858.1,0,0,0
398,13,0,10,12.2639,15780
410,13,0,10,12.2637,15778.8
409,13,0,10,12.2475,15695.1
1985,13,0,10,12.233,15617.7
881,13,0,10,12.2033,15461.4
814,13,0,10,12.1829,15356.6
810,13,0,10,12.1622,15255.9
948,14,0,0,9.54857,1017.62,0.0391667,170.833,0.36,1
928,14,0,0,9.53859,961.847
923,14,0,0,9.50072,774.378
924,14,0,0,9.49244,735.064
914,14,0,0,9.47023,620.414
902,14,0,0,9.46274,579.948
887,14,0,0,9.44726,499.708
2012,14,0,0,9.42066,369.988
884,14,0,0,9.4166,348.667
1987,14,0,0,9.38006,162.519
413,14,0,0,9.36368,77.1309
411,14,0,0,9.35292,19.2235
412,14,0,0,9.35,0
294,14,0,1,9.86795,2719.07,0.0963333,420.177,0.3,2
295,14,0,1,9.85065,2625.18
338,14,0,1,9.83388,2535.81
339,14,0,1,9.82844,2498.81
346,14,0,1,9.81093,2403.05
347,14,0,1,9.81031,2400.03
354,14,0,1,9.79915,2336.09
803,14,0,1,9.79908,2335.72
804,14,0,1,9.79014,2286.78
818,14,0,1,9.76664,2162.49
819,14,0,1,9.75725,2098.51
820,14,0,1,9.73763,1998.71
2152,14,0,1,9.72535,1931.07
2008,14,0,1,9.71887,1895.64
821,14,0,1,9.71412,1868.8
2153,14,0,1,9.70506,1820.11
831,14,0,1,9.70504,1820.03
825,14,0,1,9.70463,1818
834,14,0,1,9.69662,1771.89
835,14,0,1,9.68944,1729.54
2154,14,0,1,9.66004,1577.43
857,14,0,1,9.65271,1537.6
926,14,0,1,9.64333,1489.41
927,14,0,1,9.61075,1322.23
946,14,0,1,9.60599,1289.78
947,14,0,1,9.59939,1249.96
948,14,0,1,9.58773,1188.45
465,14,0,2,10.2694,4929.14,0.0695,303.138,0.16,3
464,14,0,2,10.264,4901.81
460,14,0,2,10.256,4856.84
372,14,0,2,10.2497,4821.52
371,14,0,2,10.2336,4716.38
2134,14,0,2,10.2278,4675.53
369,14,0,2,10.2118,4579.94
370,14,0,2,10.2067,4542.72
365,14,0,2,10.1711,4338.62
323,14,0,2,10.1548,4216.64
108,14,0,2,10.1446,4151.35
321,14,0,2,10.1441,4149.12
1978,14,0,2,10.1314,4081.31
1979,14,0,2,10.097,3868.96
329,14,0,2,10.0947,3851.56
2114,14,0,2,10.0896,3825.75
335,14,0,2,10.0792,3764.71
1819,14,0,2,10.074,3735.41
344,14,0,2,10.0578,3638.73
343,14,0,2,10.0386,3537.14
1980,14,0,2,10.0286,3485.31
342,14,0,2,10.0219,3451.71
339,14,0,2,10.0042,3356.91
338,14,0,2,9.99532,3309.38
295,14,0,2,9.97975,3225.17
294,14,0,2,9.96429,3139.25
943,14,0,3,10.6002,6577.18,0.0575,250.798,0.09,4
934,14,0,3,10.5924,6533.27
933,14,0,3,10.5836,6485.93
936,14,0,3,10.583,6482.99
1737,14,0,3,10.5695,6411.1
917,14,0,3,10.556,6341.55
916,14,0,3,10.5558,6340.64
919,14,0,3,10.55,6301.56
2017,14,0,3,10.55,6301.38
2014,14,0,3,10.5489,6295.83
2015,14,0,3,10.5408,6255.11
910,14,0,3,10.5407,6254.63
909,14,0,3,10.5322,6212.12
898,14,0,3,10.5178,6140.5
897,14,0,3,10.507,6086.96
877,14,0,3,10.4875,5988.42
878,14,0,3,10.4819,5959.8
879,14,0,3,10.4671,5889.87
437,14,0,3,10.4632,5868.44
439,14,0,3,10.4595,5848.38
436,14,0,3,10.4501,5802.98
425,14,0,3,10.4404,5754.88
426,14,0,3,10.4367,5735.09
424,14,0,3,10.4341,5720.54
407,14,0,3,10.4154,5623.64
406,14,0,3,10.4109,5600.55
403,14,0,3,10.4025,5557.08
394,14,0,3,10.3932,5506.51
384,14,0,3,10.3884,5482.36
385,14,0,3,10.3846,5462.58
377,14,0,3,10.3815,5445.9
386,14,0,3,10.3658,5365.29
489,14,0,3,10.3577,5321.63
466,14,0,3,10.3495,5280.22
465,14,0,3,10.3389,5232.28
1589,14,0,4,10.8763,7994.05,0.0523333,228.262,0.28,5
1560,14,0,4,10.8422,7811.51
1321,14,0,4,10.8168,7679.83
1562,14,0,4,10.8032,7605.76
1563,14,0,4,10.7687,7421.09
2164,14,0,4,10.7568,7358.02
1313,14,0,4,10.7349,7238.56
1309,14,0,4,10.7265,7190.22
1314,14,0,4,10.7259,7187.35
2163,14,0,4,10.7102,7103.33
2023,14,0,4,10.6815,6950.36
1787,14,0,4,10.6738,6910.81
2020,14,0,4,10.6585,6831.91
943,14,0,4,10.6577,6827.97
141,14,0,5,11.4255,10904.7,0.0505,220.266,0.03,6
142,14,0,5,11.4094,10816.5
362,14,0,5,11.399,10761.2
363,14,0,5,11.3826,10672.9
367,14,0,5,11.3681,10595.8
368,14,0,5,11.3661,10582.3
372,14,0,5,11.3558,10524.7
371,14,0,5,11.34,10420
2134,14,0,5,11.3345,10379.2
2136,14,0,5,11.3223,10313.1
393,14,0,5,11.29,10147.6
401,14,0,5,11.2763,10073.9
1739,14,0,5,11.2669,10021.8
1742,14,0,5,11.2602,9986.57
1741,14,0,5,11.2541,9953.69
418,14,0,5,11.2472,9916.61
417,14,0,5,11.244,9899.07
1989,14,0,5,11.2272,9811.78
2011,14,0,5,11.2075,9710.37
2156,14,0,5,11.2014,9679.46
2013,14,0,5,11.2007,9676.31
886,14,0,5,11.1921,9631.86
888,14,0,5,11.1741,9533.25
903,14,0,5,11.1645,9481.2
904,14,0,5,11.1612,9463.29
925,14,0,5,11.1392,9342.13
2019,14,0,5,11.1318,9306.31
929,14,0,5,11.1313,9304.32
938,14,0,5,11.119,9236.68
950,14,0,5,11.1045,9162.2
951,14,0,5,11.0977,9127.33
949,14,0,5,11.0868,9071.06
2025,14,0,5,11.0833,9053.6
2024,14,0,5,11.0688,8975.26
1301,14,0,5,11.0572,8913.23
1306,14,0,5,11.0447,8845.01
1312,14,0,5,11.0446,8844.65
1602,14,0,5,11.0173,8697.26
1320,14,0,5,11.0018,8616.04
1321,14,0,5,10.9864,8529.83
1560,14,0,5,10.9651,8415.09
1589,14,0,5,10.9286,8222.31
1972,14,0,6,11.6257,11965.1,0.0608333,265.337,0.08,7
148,14,0,6,11.5991,11825.3
149,14,0,6,11.5951,11804.8
161,14,0,6,11.5808,11724.6
167,14,0,6,11.5637,11613.8
172,14,0,6,11.5476,11516.3
1535,14,0,6,11.5379,11464.7
177,14,0,6,11.5276,11410.5
184,14,0,6,11.5072,11299.2
141,14,0,6,11.476,11125
1979,14,0,7,12.0089,14007.6,0.0556667,242.801,0.07,8
1978,14,0,7,11.9678,13778.4
107,14,0,7,11.9596,13724.4
1967,14,0,7,11.9566,13695.7
105,14,0,7,11.9317,13547.3
124,14,0,7,11.9184,13472.5
1970,14,0,7,11.9026,13379.4
122,14,0,7,11.8897,13314.1
127,14,0,7,11.8543,13123.5
128,14,0,7,11.8501,13102.3
1717,14,0,7,11.8215,12951.2
129,14,0,7,11.7989,12826.1
130,14,0,7,11.7912,12787.1
1726,14,0,7,11.7845,12749.8
1723,14,0,7,11.774,12692.8
2104,14,0,7,11.7642,12643.5
1724,14,0,7,11.7437,12533.4
1725,14,0,7,11.7412,12519.8
1727,14,0,7,11.724,12425.7
149,14,0,7,11.7231,12416
148,14,0,7,11.7183,12392.2
1972,14,0,7,11.6865,12230.4
2008,14,0,8,12.1786,14877,0.0393333,171.56,0.02,9
812,14,0,8,12.1607,14779.3
807,14,0,8,12.1605,14778.6
356,14,0,8,12.1444,14693.7
1981,14,0,8,12.1321,14610.2
345,14,0,8,12.1119,14506.7
341,14,0,8,12.1026,14456.7
2132,14,0,8,12.1023,14454.6
328,14,0,8,12.0857,14359.1
2115,14,0,8,12.0756,14305.9
329,14,0,8,12.0719,14285.9
1979,14,0,8,12.0646,14250.4
810,14,0,9,12.2866,15413.7,0.0375,163.564,0.29,10
813,14,0,9,12.2761,15362.9
809,14,0,9,12.2493,15228.3
808,14,0,9,12.24,15179.4
807,14,0,9,12.2308,15131.2
812,14,0,9,12.2306,15130.5
2008,14,0,9,12.218,15048.6
412,14,0,10,12.4402,16179.5,0,0,0
398,14,0,10,12.4259,16101.4
410,14,0,10,12.4256,16100.2
409,14,0,10,12.4095,16016.5
1985,14,0,10,12.395,15939.1
881,14,0,10,12.3652,15782.8
814,14,0,10,12.3449,15678
810,14,0,10,12.3241,15577.3
294,15,0,0,9.58621,1448.73,0.0963333,420.177,0.3,1
295,15,0,0,9.56867,1353.83
338,15,0,0,9.5531,1269.62
339,15,0,0,9.54767,1232.63
342,15,0,0,9.52155,1102.41
343,15,0,0,9.50551,1024.34
344,15,0,0,9.48773,928.994
1819,15,0,0,9.47257,833.761
335,15,0,0,9.46766,804.919
2114,15,0,0,9.454,731.261
329,15,0,0,9.4514,716.09
2115,15,0,0,9.44713,693.73
330,15,0,0,9.43236,610.461
336,15,0,0,9.41073,498.645
388,15,0,0,9.38261,347.265
397,15,0,0,9.35292,184.096
399,15,0,0,9.33791,100.956
411,15,0,0,9.32292,19.2235
412,15,0,0,9.32,0
948,15,0,1,9.97038,3426.99,0.0391667,170.833,0.36,2
947,15,0,1,9.95704,3358.34
946,15,0,1,9.9479,3309.17
927,15,0,1,9.93815,3259.15
926,15,0,1,9.91156,3117.41
911,15,0,1,9.88231,2963.41
835,15,0,1,9.86448,2863.37
834,15,0,1,9.85605,2816.74
825,15,0,1,9.84483,2757.35
831,15,0,1,9.84442,2755.32
2153,15,0,1,9.84441,2755.24
821,15,0,1,9.83246,2694.29
2008,15,0,1,9.82396,2651.5
2152,15,0,1,9.81791,2617.91
820,15,0,1,9.80216,2535.42
819,15,0,1,9.78644,2452.06
818,15,0,1,9.77375,2381.34
804,15,0,1,9.75572,2280.57
803,15,0,1,9.7484,2237.56
354,15,0,1,9.74833,2237.18
353,15,0,1,9.74596,2226.09
314,15,0,1,9.73726,2177.29
312,15,0,1,9.73312,2154.36
313,15,0,1,9.72745,2119.21
306,15,0,1,9.71434,2048.14
297,15,0,1,9.70828,2013.94
295,15,0,1,9.69801,1954.83
294,15,0,1,9.68254,1868.9
1589,15,0,2,10.188,4539.52,0.0523333,228.262,0.28,3
1560,15,0,2,10.1539,4356.98
1321,15,0,2,10.1286,4225.3
1320,15,0,2,10.1069,4112.09
1602,15,0,2,10.0823,3993.22
1312,15,0,2,10.0595,3865.07
1306,15,0,2,10.0594,3864.71
1301,15,0,2,10.0441,3784.16
2024,15,0,2,10.0328,3723.78
2025,15,0,2,10.0205,3654.97
1598,15,0,2,10.0149,3626.42
948,15,0,2,10.0096,3597.82
465,15,0,3,10.6881,7183.96,0.0695,303.138,0.16,4
464,15,0,3,10.6814,7150.88
460,15,0,3,10.673,7104.27
372,15,0,3,10.6675,7070.19
371,15,0,3,10.6518,6965.49
2134,15,0,3,10.6462,6924.7
2136,15,0,3,10.6341,6858.58
393,15,0,3,10.6018,6693.1
401,15,0,3,10.588,6619.4
1739,15,0,3,10.5786,6567.26
1742,15,0,3,10.5719,6532.04
1741,15,0,3,10.5659,6499.16
418,15,0,3,10.5589,6462.08
417,15,0,3,10.5557,6444.54
1989,15,0,3,10.5389,6357.25
2011,15,0,3,10.5192,6255.84
2156,15,0,3,10.5131,6224.93
2013,15,0,3,10.5125,6221.78
886,15,0,3,10.5039,6177.33
888,15,0,3,10.4858,6078.72
903,15,0,3,10.4762,6026.67
904,15,0,3,10.4729,6008.76
925,15,0,3,10.451,5887.6
2019,15,0,3,10.4435,5851.78
929,15,0,3,10.4431,5849.79
938,15,0,3,10.4307,5782.15
950,15,0,3,10.4163,5707.67
951,15,0,3,10.4095,5672.8
949,15,0,3,10.3985,5616.52
2025,15,0,3,10.3951,5599.07
2024,15,0,3,10.3806,5520.73
1301,15,0,3,10.3689,5458.7
1306,15,0,3,10.3564,5390.48
1312,15,0,3,10.3563,5390.12
1602,15,0,3,10.3291,5242.73
1320,15,0,3,10.3135,5161.5
1321,15,0,3,10.2982,5075.3
1560,15,0,3,10.2768,4960.56
1589,15,0,3,10.2403,4767.78
943,15,0,4,11.019,8831.99,0.0943333,411.454,0.08,5
934,15,0,4,11.0111,8788.09
933,15,0,4,11.0023,8740.75
936,15,0,4,11.0017,8737.81
1737,15,0,4,10.9882,8665.91
917,15,0,4,10.9747,8596.37
916,15,0,4,10.9745,8595.46
919,15,0,4,10.9688,8556.38
2017,15,0,4,10.9687,8556.2
2014,15,0,4,10.9676,8550.65
2015,15,0,4,10.9595,8509.93
910,15,0,4,10.9594,8509.45
909,15,0,4,10.951,8466.94
898,15,0,4,10.9366,8395.32
897,15,0,4,10.9257,8341.77
877,15,0,4,10.9062,8243.24
878,15,0,4,10.9007,8214.62
879,15,0,4,10.8859,8144.69
437,15,0,4,10.882,8123.26
439,15,0,4,10.8783,8103.19
436,15,0,4,10.8689,8057.79
425,15,0,4,10.8591,8009.7
426,15,0,4,10.8555,7989.91
424,15,0,4,10.8528,7975.36
407,15,0,4,10.8341,7878.46
406,15,0,4,10.8297,7855.37
403,15,0,4,10.8213,7811.9
394,15,0,4,10.812,7761.33
384,15,0,4,10.8072,7737.18
385,15,0,4,10.8033,7717.4
377,15,0,4,10.8003,7700.72
386,15,0,4,10.7846,7620.11
489,15,0,4,10.7764,7576.45
466,15,0,4,10.7682,7535.04
465,15,0,4,10.7576,7487.1
141,15,0,5,11.4609,11101.9,0.0505,220.266,0.03,6
142,15,0,5,11.4456,11017.4
362,15,0,5,11.436,10965.3
363,15,0,5,11.4194,10876.1
367,15,0,5,11.4037,10794.2
368,15,0,5,11.4017,10780.7
372,15,0,5,11.3882,10709.4
371,15,0,5,11.3703,10601.9
2134,15,0,5,11.3646,10561.1
2136,15,0,5,11.3521,10493.3
393,15,0,5,11.3194,10326.3
401,15,0,5,11.3011,10233.3
1739,15,0,5,11.2915,10180.3
1742,15,0,5,11.2845,10143.8
1741,15,0,5,11.2777,10107.7
418,15,0,5,11.2704,10069.2
417,15,0,5,11.2676,10053.4
1989,15,0,5,11.2506,9965.35
2011,15,0,5,11.2304,9861.51
891,15,0,5,11.2111,9758.42
892,15,0,5,11.1994,9702.08
916,15,0,5,11.1797,9600.44
919,15,0,5,11.174,9561.36
2017,15,0,5,11.1739,9561.19
2170,15,0,5,11.171,9546.33
1738,15,0,5,11.1564,9471.25
1737,15,0,5,11.1511,9443.19
936,15,0,5,11.136,9364.57
933,15,0,5,11.1354,9361.63
934,15,0,5,11.1299,9323.99
943,15,0,5,11.1133,9243.45
1972,15,0,6,11.661,12162.3,0.0608333,265.337,0.08,7
148,15,0,6,11.6344,12022.5
149,15,0,6,11.6304,12002
161,15,0,6,11.6162,11921.8
167,15,0,6,11.5991,11810.9
172,15,0,6,11.5829,11713.5
1535,15,0,6,11.5733,11661.9
177,15,0,6,11.563,11607.7
184,15,0,6,11.5426,11496.4
141,15,0,6,11.5114,11322.2
1979,15,0,7,12.0443,14204.8,0.0556667,242.801,0.07,8
1978,15,0,7,12.0032,13975.5
107,15,0,7,11.9949,13921.6
1967,15,0,7,11.9919,13892.9
105,15,0,7,11.9671,13744.4
124,15,0,7,11.9537,13669.6
1970,15,0,7,11.9379,13576.6
122,15,0,7,11.925,13511.3
127,15,0,7,11.8897,13320.6
128,15,0,7,11.8854,13299.5
1717,15,0,7,11.8569,13148.4
129,15,0,7,11.8343,13023.3
130,15,0,7,11.8266,12984.3
1726,15,0,7,11.8199,12947
1723,15,0,7,11.8094,12889.9
2104,15,0,7,11.7996,12840.7
1724,15,0,7,11.779,12730.6
1725,15,0,7,11.7765,12717
1727,15,0,7,11.7594,12622.8
149,15,0,7,11.7584,12613.2
148,15,0,7,11.7537,12589.4
1972,15,0,7,11.7218,12427.6
2008,15,0,8,12.214,15074.2,0.0393333,171.56,0.02,9
812,15,0,8,12.196,14976.5
807,15,0,8,12.1959,14975.7
356,15,0,8,12.1797,14890.9
1981,15,0,8,12.1674,14807.4
345,15,0,8,12.1473,14703.9
341,15,0,8,12.1379,14653.9
2132,15,0,8,12.1377,14651.8
328,15,0,8,12.121,14556.3
2115,15,0,8,12.111,14503.1
329,15,0,8,12.1072,14483
1979,15,0,8,12.0999,14447.6
810,15,0,9,12.322,15610.9,0.0375,163.564,0.29,10
813,15,0,9,12.3115,15560.1
809,15,0,9,12.2846,15425.4
808,15,0,9,12.2754,15376.6
807,15,0,9,12.2661,15328.4
812,15,0,9,12.266,15327.6
2008,15,0,9,12.2533,15245.8
412,15,0,10,12.4755,16376.6,0,0,0
398,15,0,10,12.4612,16298.6
410,15,0,10,12.461,16297.4
409,15,0,10,12.4448,16213.6
1985,15,0,10,12.4303,16136.3
881,15,0,10,12.4006,15980
814,15,0,10,12.3802,15875.2
810,15,0,10,12.3595,15774.5
948,16,0,0,9.98857,1017.62,0.0391667,170.833,0.36,1
928,16,0,0,9.97859,961.847
923,16,0,0,9.94072,774.378
924,16,0,0,9.93244,735.064
914,16,0,0,9.91023,620.414
902,16,0,0,9.90274,579.948
887,16,0,0,9.88726,499.708
2012,16,0,0,9.86066,369.988
884,16,0,0,9.8566,348.667
1987,16,0,0,9.82006,162.519
413,16,0,0,9.80368,77.1309
411,16,0,0,9.79292,19.2235
412,16,0,0,9.79,0
1589,16,0,1,10.2062,2130.15,0.0523333,228.262,0.28,2
1560,16,0,1,10.1721,1947.61
1321,16,0,1,10.1467,1815.93
1320,16,0,1,10.1251,1702.72
1602,16,0,1,10.1005,1583.85
1312,16,0,1,10.0777,1455.7
1306,16,0,1,10.0776,1455.34
1301,16,0,1,10.0622,1374.79
2024,16,0,1,10.0509,1314.4
2025,16,0,1,10.0387,1245.59
1598,16,0,1,10.033,1217.04
948,16,0,1,10.0277,1188.45
465,16,0,2,10.7063,4774.58,0.0695,303.138,0.16,3
464,16,0,2,10.6996,4741.51
460,16,0,2,10.6911,4694.9
372,16,0,2,10.6857,4660.81
371,16,0,2,10.6699,4556.11
2134,16,0,2,10.6644,4515.33
2136,16,0,2,10.6522,4449.21
393,16,0,2,10.6199,4283.73
401,16,0,2,10.6062,4210.02
1739,16,0,2,10.5968,4157.88
1742,16,0,2,10.5901,4122.67
1741,16,0,2,10.584,4089.78
418,16,0,2,10.5771,4052.71
417,16,0,2,10.5739,4035.17
1989,16,0,2,10.5571,3947.88
2011,16,0,2,10.5374,3846.47
2156,16,0,2,10.5313,3815.56
2013,16,0,2,10.5307,3812.4
886,16,0,2,10.522,3767.95
888,16,0,2,10.504,3669.34
903,16,0,2,10.4944,3617.3
904,16,0,2,10.4911,3599.39
925,16,0,2,10.4692,3478.23
2019,16,0,2,10.4617,3442.4
929,16,0,2,10.4613,3440.42
938,16,0,2,10.4489,3372.77
950,16,0,2,10.4345,3298.3
951,16,0,2,10.4277,3263.43
949,16,0,2,10.4167,3207.15
2025,16,0,2,10.4132,3189.69
2024,16,0,2,10.3988,3111.35
1301,16,0,2,10.3871,3049.32
1306,16,0,2,10.3746,2981.11
1312,16,0,2,10.3745,2980.75
1602,16,0,2,10.3473,2833.36
1320,16,0,2,10.3317,2752.13
1321,16,0,2,10.3164,2665.93
1560,16,0,2,10.295,2551.19
1589,16,0,2,10.2585,2358.41
943,16,0,3,11.0372,6422.62,0.0943333,411.454,0.08,4
934,16,0,3,11.0293,6378.72
933,16,0,3,11.0205,6331.38
936,16,0,3,11.0199,6328.44
1737,16,0,3,11.0064,6256.54
917,16,0,3,10.9929,6186.99
916,16,0,3,10.9927,6186.09
919,16,0,3,10.987,6147
2017,16,0,3,10.9869,6146.83
2014,16,0,3,10.9858,6141.27
2015,16,0,3,10.9777,6100.56
910,16,0,3,10.9776,6100.08
909,16,0,3,10.9692,6057.56
898,16,0,3,10.9548,5985.95
897,16,0,3,10.9439,5932.4
877,16,0,3,10.9244,5833.87
878,16,0,3,10.9188,5805.25
879,16,0,3,10.9041,5735.32
437,16,0,3,10.9002,5713.88
439,16,0,3,10.8965,5693.82
436,16,0,3,10.8871,5648.42
425,16,0,3,10.8773,5600.33
426,16,0,3,10.8737,5580.54
424,16,0,3,10.871,5565.99
407,16,0,3,10.8523,5469.08
406,16,0,3,10.8479,5446
403,16,0,3,10.8394,5402.53
394,16,0,3,10.8302,5351.96
384,16,0,3,10.8254,5327.81
385,16,0,3,10.8215,5308.02
377,16,0,3,10.8185,5291.34
386,16,0,3,10.8028,5210.74
489,16,0,3,10.7946,5167.08
466,16,0,3,10.7864,5125.67
465,16,0,3,10.7758,5077.72
141,16,0,4,11.4791,8692.55,0.0505,220.266,0.03,5
142,16,0,4,11.4638,8608.07
362,16,0,4,11.4541,8555.92
363,16,0,4,11.4376,8466.71
367,16,0,4,11.4219,8384.81
368,16,0,4,11.4199,8371.35
372,16,0,4,11.4064,8299.99
371,16,0,4,11.3884,8192.53
2134,16,0,4,11.3828,8151.71
2136,16,0,4,11.3702,8083.94
393,16,0,4,11.3376,7916.93
401,16,0,4,11.3193,7823.94
1739,16,0,4,11.3097,7770.93
1742,16,0,4,11.3027,7734.42
1741,16,0,4,11.2959,7698.28
418,16,0,4,11.2886,7659.82
417,16,0,4,11.2858,7644
1989,16,0,4,11.2688,7555.98
2011,16,0,4,11.2485,7452.14
891,16,0,4,11.2292,7349.05
892,16,0,4,11.2176,7292.71
916,16,0,4,11.1979,7191.07
919,16,0,4,11.1921,7151.99
2017,16,0,4,11.1921,7151.81
2170,16,0,4,11.1892,7136.96
1738,16,0,4,11.1746,7061.88
1737,16,0,4,11.1693,7033.82
936,16,0,4,11.1542,6955.2
933,16,0,4,11.1536,6952.26
934,16,0,4,11.148,6914.61
943,16,0,4,11.1315,6834.07
1972,16,0,5,11.6792,9752.91,0.0608333,265.337,0.08,6
148,16,0,5,11.6526,9613.08
149,16,0,5,11.6486,9592.59
161,16,0,5,11.6344,9512.39
167,16,0,5,11.6172,9401.56
172,16,0,5,11.6011,9304.11
1535,16,0,5,11.5914,9252.51
177,16,0,5,11.5812,9198.35
184,16,0,5,11.5608,9087.02
141,16,0,5,11.5296,8912.81
1979,16,0,6,12.0625,11795.4,0.0556667,242.801,0.07,7
1978,16,0,6,12.0214,11566.2
107,16,0,6,12.0131,11512.3
1967,16,0,6,12.0101,11483.6
105,16,0,6,11.9852,11335.1
124,16,0,6,11.9719,11260.3
1970,16,0,6,11.9561,11167.2
122,16,0,6,11.9432,11101.9
127,16,0,6,11.9079,10911.3
128,16,0,6,11.9036,10890.1
1717,16,0,6,11.8751,10739
129,16,0,6,11.8525,10613.9
130,16,0,6,11.8447,10574.9
1726,16,0,6,11.8381,10537.6
1723,16,0,6,11.8275,10480.6
2104,16,0,6,11.8177,10431.4
1724,16,0,6,11.7972,10321.2
1725,16,0,6,11.7947,10307.6
1727,16,0,6,11.7776,10213.5
149,16,0,6,11.7766,10203.8
148,16,0,6,11.7718,10180.1
1972,16,0,6,11.74,10018.2
2008,16,0,7,12.2322,12664.9,0.0393333,171.56,0.02,8
812,16,0,7,12.2142,12567.2
807,16,0,7,12.2141,12566.4
356,16,0,7,12.1979,12481.6
1981,16,0,7,12.1856,12398.1
345,16,0,7,12.1655,12294.5
341,16,0,7,12.1561,12244.5
2132,16,0,7,12.1559,12242.5
328,16,0,7,12.1392,12146.9
2115,16,0,7,12.1292,12093.7
329,16,0,7,12.1254,12073.7
1979,16,0,7,12.1181,12038.2
810,16,0,8,12.3401,13201.6,0.0375,163.564,0.29,9
813,16,0,8,12.3297,13150.8
809,16,0,8,12.3028,13016.1
808,16,0,8,12.2936,12967.2
807,16,0,8,12.2843,12919.1
812,16,0,8,12.2842,12918.3
2008,16,0,8,12.2715,12836.4
412,16,0,9,12.4937,13967.3,0,0,0
398,16,0,9,12.4794,13889.2
410,16,0,9,12.4791,13888
409,16,0,9,12.463,13804.3
1985,16,0,9,12.4485,13726.9
881,16,0,9,12.4188,13570.6
814,16,0,9,12.3984,13465.8
810,16,0,9,12.3776,13365.1
294,16,1,0,9.26621,1448.73,0.0963333,420.177,0.3,1
295,16,1,0,9.24867,1353.83
338,16,1,0,9.2331,1269.62
339,16,1,0,9.22767,1232.63
342,16,1,0,9.20155,1102.41
343,16,1,0,9.18551,1024.34
344,16,1,0,9.16773,928.994
1819,16,1,0,9.15257,833.761
335,16,1,0,9.14766,804.919
2114,16,1,0,9.134,731.261
329,16,1,0,9.1314,716.09
2115,16,1,0,9.12713,693.73
330,16,1,0,9.11236,610.461
336,16,1,0,9.09073,498.645
388,16,1,0,9.06261,347.265
397,16,1,0,9.03292,184.096
399,16,1,0,9.01791,100.956
411,16,1,0,9.00292,19.2235
412,16,1,0,9,0
412,16,1,1,9.60676,3183.92,0,0,0
398,16,1,1,9.59317,3108.93
397,16,1,1,9.57912,3034
389,16,1,1,9.56756,2971.71
388,16,1,1,9.54307,2843.5
2132,16,1,1,9.51722,2694.4
341,16,1,1,9.51641,2690.39
345,16,1,1,9.50555,2634.11
1981,16,1,1,9.49299,2563.02
350,16,1,1,9.47151,2448.66
344,16,1,1,9.45609,2368.39
343,16,1,1,9.43685,2266.79
1980,16,1,1,9.42689,2214.96
342,16,1,1,9.42016,2181.36
339,16,1,1,9.40245,2086.56
338,16,1,1,9.39358,2039.04
295,16,1,1,9.37801,1954.83
294,16,1,1,9.36254,1868.9
948,17,0,0,9.62857,1017.62,0.0391667,170.833,0.36,1
928,17,0,0,9.61859,961.847
923,17,0,0,9.58072,774.378
924,17,0,0,9.57244,735.064
914,17,0,0,9.55023,620.414
902,17,0,0,9.54274,579.948
887,17,0,0,9.52726,499.708
2012,17,0,0,9.50066,369.988
884,17,0,0,9.4966,348.667
1987,17,0,0,9.46006,162.519
413,17,0,0,9.44368,77.1309
411,17,0,0,9.43292,19.2235
412,17,0,0,9.43,0
294,17,0,1,9.94795,2719.07,0.0963333,420.177,0.3,2
295,17,0,1,9.93065,2625.18
338,17,0,1,9.91388,2535.81
339,17,0,1,9.90844,2498.81
346,17,0,1,9.89093,2403.05
347,17,0,1,9.89031,2400.03
354,17,0,1,9.87915,2336.09
803,17,0,1,9.87908,2335.72
804,17,0,1,9.87014,2286.78
818,17,0,1,9.84664,2162.49
819,17,0,1,9.83725,2098.51
820,17,0,1,9.81763,1998.71
2152,17,0,1,9.80535,1931.07
2008,17,0,1,9.79887,1895.64
821,17,0,1,9.79412,1868.8
2153,17,0,1,9.78506,1820.11
831,17,0,1,9.78504,1820.03
825,17,0,1,9.78463,1818
834,17,0,1,9.77662,1771.89
835,17,0,1,9.76944,1729.54
2154,17,0,1,9.74004,1577.43
857,17,0,1,9.73271,1537.6
926,17,0,1,9.72333,1489.41
927,17,0,1,9.69075,1322.23
946,17,0,1,9.68599,1289.78
947,17,0,1,9.67939,1249.96
948,17,0,1,9.66773,1188.45
1589,17,0,2,10.428,5301.25,0.0523333,228.262,0.28,3
1560,17,0,2,10.3938,5118.28
1321,17,0,2,10.3666,4979
1320,17,0,2,10.3407,4847.6
1602,17,0,2,10.3173,4733.89
1312,17,0,2,10.2945,4605.9
1306,17,0,2,10.2945,4605.54
1599,17,0,2,10.2769,4509.04
1300,17,0,2,10.2725,4482.53
1298,17,0,2,10.2657,4447.31
2176,17,0,2,10.2594,4408.44
2066,17,0,2,10.2488,4340.79
869,17,0,2,10.2388,4265.93
865,17,0,2,10.2224,4173.17
852,17,0,2,10.2163,4131.97
850,17,0,2,10.2104,4089.01
849,17,0,2,10.2029,4039.53
1774,17,0,2,10.1992,4019.03
837,17,0,2,10.1881,3950.33
2010,17,0,2,10.1803,3903.56
2009,17,0,2,10.1596,3789.28
819,17,0,2,10.1523,3741.57
818,17,0,2,10.1399,3672.52
804,17,0,2,10.1214,3569.53
803,17,0,2,10.1135,3525.18
354,17,0,2,10.1134,3524.81
353,17,0,2,10.1111,3513.71
314,17,0,2,10.1016,3461.42
307,17,0,2,10.0908,3397.47
306,17,0,2,10.0778,3326.52
297,17,0,2,10.071,3289.24
305,17,0,2,10.0551,3200.96
294,17,0,2,10.0443,3139.25
465,17,0,3,10.9281,7945.69,0.0695,303.138,0.16,4
464,17,0,3,10.9214,7912.61
460,17,0,3,10.9129,7866.01
372,17,0,3,10.9075,7831.92
371,17,0,3,10.8917,7727.22
2134,17,0,3,10.8862,7686.43
2136,17,0,3,10.874,7620.31
393,17,0,3,10.8417,7454.83
401,17,0,3,10.828,7381.13
1739,17,0,3,10.8186,7328.99
1742,17,0,3,10.8119,7293.77
1741,17,0,3,10.8058,7260.89
418,17,0,3,10.7989,7223.81
417,17,0,3,10.7957,7206.28
1989,17,0,3,10.7789,7118.98
2011,17,0,3,10.7592,7017.58
2156,17,0,3,10.7531,6986.66
2013,17,0,3,10.7524,6983.51
886,17,0,3,10.7438,6939.06
888,17,0,3,10.7258,6840.45
903,17,0,3,10.7162,6788.4
904,17,0,3,10.7129,6770.5
925,17,0,3,10.6909,6649.33
2019,17,0,3,10.6835,6613.51
929,17,0,3,10.683,6611.53
938,17,0,3,10.6707,6543.88
950,17,0,3,10.6562,6469.41
951,17,0,3,10.6494,6434.54
949,17,0,3,10.6385,6378.26
2025,17,0,3,10.635,6360.8
2024,17,0,3,10.6206,6282.46
1301,17,0,3,10.6089,6220.43
1306,17,0,3,10.5964,6152.21
1312,17,0,3,10.5963,6151.85
1602,17,0,3,10.569,6004.46
1320,17,0,3,10.5535,5923.24
1321,17,0,3,10.5382,5837.03
1560,17,0,3,10.5168,5722.3
1589,17,0,3,10.4803,5529.51
943,17,0,4,11.2589,9593.73,0.0943333,411.454,0.08,5
934,17,0,4,11.2511,9549.82
933,17,0,4,11.2423,9502.48
936,17,0,4,11.2417,9499.54
1737,17,0,4,11.2282,9427.65
917,17,0,4,11.2147,9358.1
916,17,0,4,11.2145,9357.19
919,17,0,4,11.2087,9318.11
2017,17,0,4,11.2087,9317.93
2014,17,0,4,11.2076,9312.38
2015,17,0,4,11.1995,9271.67
910,17,0,4,11.1994,9271.18
909,17,0,4,11.191,9228.67
898,17,0,4,11.1765,9157.05
897,17,0,4,11.1657,9103.51
877,17,0,4,11.1462,9004.97
878,17,0,4,11.1406,8976.36
879,17,0,4,11.1259,8906.42
437,17,0,4,11.1219,8884.99
439,17,0,4,11.1183,8864.93
436,17,0,4,11.1089,8819.53
425,17,0,4,11.0991,8771.43
426,17,0,4,11.0954,8751.64
424,17,0,4,11.0928,8737.09
407,17,0,4,11.0741,8640.19
406,17,0,4,11.0697,8617.1
403,17,0,4,11.0612,8573.63
394,17,0,4,11.052,8523.06
384,17,0,4,11.0472,8498.91
385,17,0,4,11.0433,8479.13
377,17,0,4,11.0403,8462.45
386,17,0,4,11.0246,8381.85
489,17,0,4,11.0164,8338.18
466,17,0,4,11.0082,8296.78
465,17,0,4,10.9976,8248.83
1972,17,0,5,11.7955,12415.5,0.0608333,265.337,0.08,6
148,17,0,5,11.7704,12282.4
149,17,0,5,11.7664,12261.7
161,17,0,5,11.7522,12181.5
167,17,0,5,11.7332,12068.3
172,17,0,5,11.7177,11971.7
1535,17,0,5,11.7091,11924.5
177,17,0,5,11.7018,11883
185,17,0,5,11.69,11819.9
441,17,0,5,11.6775,11755.3
1857,17,0,5,11.6728,11731.9
1990,17,0,5,11.6552,11642.4
462,17,0,5,11.6471,11589.1
461,17,0,5,11.6449,11574.8
460,17,0,5,11.635,11508.9
372,17,0,5,11.6282,11471.1
371,17,0,5,11.6102,11363.6
2134,17,0,5,11.6046,11322.8
2136,17,0,5,11.592,11255
393,17,0,5,11.5593,11088
401,17,0,5,11.5411,10995
1739,17,0,5,11.5314,10942
1742,17,0,5,11.5244,10905.5
1741,17,0,5,11.5176,10869.4
418,17,0,5,11.5104,10830.9
417,17,0,5,11.5076,10815.1
1989,17,0,5,11.4906,10727.1
2011,17,0,5,11.4703,10623.2
891,17,0,5,11.451,10520.2
892,17,0,5,11.4394,10463.8
916,17,0,5,11.4197,10362.2
919,17,0,5,11.4139,10323.1
2017,17,0,5,11.4139,10322.9
2170,17,0,5,11.4109,10308.1
1738,17,0,5,11.3964,10233
1737,17,0,5,11.391,10204.9
936,17,0,5,11.3759,10126.3
933,17,0,5,11.3754,10123.4
934,17,0,5,11.3698,10085.7
943,17,0,5,11.3533,10005.2
141,17,0,6,12.0099,13494.8,0.0695,303.138,0.01,7
137,17,0,6,12.0061,13468.9
134,17,0,6,11.9764,13316.1
129,17,0,6,11.9688,13276.5
130,17,0,6,11.961,13237.5
1726,17,0,6,11.9544,13200.2
1723,17,0,6,11.9438,13143.2
2104,17,0,6,11.934,13093.9
1724,17,0,6,11.9135,12983.8
1725,17,0,6,11.911,12970.2
1727,17,0,6,11.8938,12876.1
149,17,0,6,11.8929,12866.4
148,17,0,6,11.8881,12842.6
1972,17,0,6,11.8563,12680.8
1979,17,0,7,12.2988,15183,0.0556667,242.801,0.07,8
1978,17,0,7,12.2589,14959
321,17,0,7,12.2454,14887.6
322,17,0,7,12.2297,14802.1
323,17,0,7,12.2296,14801.4
365,17,0,7,12.2105,14677.7
370,17,0,7,12.1906,14476
369,17,0,7,12.186,14438.8
2134,17,0,7,12.1761,14343.1
371,17,0,7,12.1713,14302.1
372,17,0,7,12.1531,14194.3
368,17,0,7,12.1397,14123.4
367,17,0,7,12.1361,14104.5
363,17,0,7,12.1174,14009.8
362,17,0,7,12.1006,13919.7
142,17,0,7,12.0931,13876.3
141,17,0,7,12.0794,13798
2008,17,0,8,12.4685,16052.5,0.0393333,171.56,0.02,9
812,17,0,8,12.4506,15954.8
807,17,0,8,12.4504,15954
356,17,0,8,12.4343,15869.2
1981,17,0,8,12.422,15785.7
345,17,0,8,12.4018,15682.1
341,17,0,8,12.3925,15632.1
2132,17,0,8,12.3922,15630.1
328,17,0,8,12.3756,15534.5
2115,17,0,8,12.3655,15481.3
329,17,0,8,12.3618,15461.3
1979,17,0,8,12.3545,15425.8
810,17,0,9,12.5765,16589.2,0.0375,163.564,0.29,10
813,17,0,9,12.566,16538.4
809,17,0,9,12.5391,16403.7
808,17,0,9,12.5299,16354.9
807,17,0,9,12.5207,16306.7
812,17,0,9,12.5205,16305.9
2008,17,0,9,12.5078,16224
412,17,0,10,12.7301,17354.9,0,0,0
398,17,0,10,12.7158,17276.8
410,17,0,10,12.7155,17275.6
409,17,0,10,12.6994,17191.9
1985,17,0,10,12.6849,17114.5
881,17,0,10,12.6551,16958.2
814,17,0,10,12.6348,16853.4
810,17,0,10,12.614,16752.7
