Node, Individual, Route,Segment, Travel time, Travel cost, Attention time, Attention cost, Failure rate, Demand
398,0,0,0,9.48952,333.558,0.0908333,396.188,0.21,1
410,0,0,0,9.48926,332.349
1986,0,0,0,9.44979,150.606
427,0,0,0,9.42579,29.0576
1987,0,0,0,9.42,0
330,0,0,1,9.7063,1415.19,0.0556667,242.801,0.26,2
336,0,0,1,9.68467,1303.38
388,0,0,1,9.65654,1152
397,0,0,1,9.62685,988.829
399,0,0,1,9.61185,905.688
411,0,0,1,9.59686,823.956
412,0,0,1,9.59394,804.733
398,0,0,1,9.58035,729.745
295,0,0,2,9.89827,2401.36,0.037,161.383,0.36,3
338,0,0,2,9.88271,2317.16
339,0,0,2,9.87727,2280.16
342,0,0,2,9.85116,2149.94
343,0,0,2,9.83511,2071.87
344,0,0,2,9.81733,1976.53
1819,0,0,2,9.80218,1881.29
335,0,0,2,9.79727,1852.45
2114,0,0,2,9.78361,1778.79
329,0,0,2,9.781,1763.62
2115,0,0,2,9.77673,1741.26
330,0,0,2,9.76196,1657.99
819,0,0,3,10.0237,3059.98,0.0483333,210.815,0.55,4
818,0,0,3,10.011,2989.25
804,0,0,3,9.99298,2888.48
803,0,0,3,9.98566,2845.47
354,0,0,3,9.98559,2845.1
353,0,0,3,9.98322,2834
314,0,0,3,9.97452,2785.2
312,0,0,3,9.97039,2762.27
313,0,0,3,9.96471,2727.13
306,0,0,3,9.95161,2656.06
297,0,0,3,9.94554,2621.85
295,0,0,3,9.93527,2562.74
824,0,0,4,10.1766,3813.26,0.043,187.553,0.1,5
823,0,0,4,10.1618,3737.42
822,0,0,4,10.1571,3711.55
2153,0,0,4,10.136,3599.34
821,0,0,4,10.1245,3540.13
2008,0,0,4,10.116,3497.34
2152,0,0,4,10.1092,3460.57
820,0,0,4,10.0877,3353.87
819,0,0,4,10.072,3270.8
1987,0,0,5,10.3281,4560.91,0,0,0
428,0,0,5,10.3231,4535.54
885,0,0,5,10.2849,4339.24
2012,0,0,5,10.2792,4311.64
2155,0,0,5,10.2578,4201.71
882,0,0,5,10.2544,4184.52
880,0,0,5,10.2381,4099.77
824,0,0,5,10.2196,4000.82
398,1,0,0,9.74952,333.558,0.0908333,396.188,0.21,1
410,1,0,0,9.74926,332.349
1986,1,0,0,9.70979,150.606
427,1,0,0,9.68579,29.0576
1987,1,0,0,9.68,0
330,1,0,1,9.9663,1415.19,0.0556667,242.801,0.26,2
336,1,0,1,9.94467,1303.38
388,1,0,1,9.91654,1152
397,1,0,1,9.88686,988.829
399,1,0,1,9.87185,905.688
411,1,0,1,9.85686,823.956
412,1,0,1,9.85394,804.733
398,1,0,1,9.84035,729.745
295,1,0,2,10.1534,2386.72,0.0906667,395.461,0.35,3
338,1,0,2,10.1398,2311.01
339,1,0,2,10.1343,2274.01
342,1,0,2,10.1177,2183.82
343,1,0,2,10.1042,2116.01
344,1,0,2,10.0801,1993.98
1819,1,0,2,10.0664,1900.26
335,1,0,2,10.062,1872.09
2114,1,0,2,10.047,1792.99
329,1,0,2,10.0444,1777.8
2115,1,0,2,10.037,1742.27
330,1,0,2,10.022,1657.99
819,1,0,3,10.3357,3293.97,0.0483333,210.815,0.55,4
818,1,0,3,10.3234,3224.92
804,1,0,3,10.3049,3121.93
803,1,0,3,10.297,3077.58
354,1,0,3,10.2969,3077.21
353,1,0,3,10.2945,3066.11
314,1,0,3,10.285,3013.82
307,1,0,3,10.2742,2949.87
306,1,0,3,10.2613,2878.92
297,1,0,3,10.2545,2841.63
295,1,0,3,10.2441,2782.18
824,1,0,4,10.4886,4047.25,0.043,187.553,0.1,5
823,1,0,4,10.4739,3971.41
822,1,0,4,10.4691,3945.54
2153,1,0,4,10.4481,3833.33
821,1,0,4,10.4365,3774.12
2008,1,0,4,10.428,3731.33
2152,1,0,4,10.4212,3694.56
820,1,0,4,10.3997,3587.86
819,1,0,4,10.3841,3504.79
1987,1,0,5,10.6401,4794.9,0,0,0
428,1,0,5,10.6351,4769.53
885,1,0,5,10.5969,4573.23
2012,1,0,5,10.5912,4545.63
2155,1,0,5,10.5698,4435.7
882,1,0,5,10.5664,4418.51
880,1,0,5,10.5501,4333.76
824,1,0,5,10.5316,4234.81
398,2,0,0,11.7135,268.603,0.102667,447.801,0.21,1
410,2,0,0,11.7133,267.395
1986,2,0,0,11.6895,149.487
427,2,0,0,11.6658,29.0576
1987,2,0,0,11.66,0
330,2,0,1,11.9441,1412.15,0.0513333,223.901,0.34,2
336,2,0,1,11.9233,1303.95
388,2,0,1,11.8981,1165.05
397,2,0,1,11.8632,979.274
399,2,0,1,11.8466,889.282
411,2,0,1,11.8321,809.744
412,2,0,1,11.8296,790.732
398,2,0,1,11.8162,716.404
295,2,0,2,12.1233,2349.72,0.113833,496.507,0.26,3
338,2,0,2,12.1096,2273.88
339,2,0,2,12.1042,2236.88
342,2,0,2,12.0887,2151.64
343,2,0,2,12.0782,2096.8
344,2,0,2,12.0512,1962.41
1819,2,0,2,12.0378,1868.88
335,2,0,2,12.0328,1839.93
2114,2,0,2,12.0175,1759.14
329,2,0,2,12.015,1744.08
2115,2,0,2,12.01,1718.57
330,2,0,2,11.9955,1636.05
819,2,0,3,12.3325,3376.68,0.0838333,365.656,0.48,4
818,2,0,3,12.3203,3308.37
817,2,0,3,12.3109,3256.23
780,2,0,3,12.2955,3167.56
778,2,0,3,12.2769,3063.4
2148,2,0,3,12.2763,3060.54
312,2,0,3,12.2762,3060.15
313,2,0,3,12.2692,3021.39
306,2,0,3,12.255,2945.62
297,2,0,3,12.2483,2908.61
295,2,0,3,12.2371,2846.22
824,2,0,4,12.5179,4272.71,0.0978333,426.719,0.15,5
823,2,0,4,12.5028,4195.41
822,2,0,4,12.4973,4166.12
2153,2,0,4,12.4748,4048.12
821,2,0,4,12.4645,3994.07
2008,2,0,4,12.456,3951.28
2152,2,0,4,12.4492,3914.33
820,2,0,4,12.4332,3830.86
819,2,0,4,12.4163,3742.34
1987,2,0,5,12.7225,5255.34,0,0,0
427,2,0,5,12.7171,5227.74
1986,2,0,5,12.6925,5103.53
883,2,0,5,12.6607,4939.47
882,2,0,5,12.6475,4869.97
880,2,0,5,12.6318,4788.01
824,2,0,5,12.6158,4699.43
330,3,0,0,11.9373,792.98,0.0513333,223.901,0.34,1
336,3,0,0,11.9165,684.779
388,3,0,0,11.8913,545.88
397,3,0,0,11.8563,360.101
399,3,0,0,11.8398,270.11
411,3,0,0,11.8253,190.571
412,3,0,0,11.8228,171.559
414,3,0,0,11.8109,109.52
427,3,0,0,11.7958,29.0576
1987,3,0,0,11.79,0
295,3,0,1,12.1164,1730.54,0.113833,496.507,0.26,2
338,3,0,1,12.1028,1654.7
339,3,0,1,12.0974,1617.71
342,3,0,1,12.0819,1532.47
343,3,0,1,12.0714,1477.63
344,3,0,1,12.0444,1343.23
1819,3,0,1,12.031,1249.71
335,3,0,1,12.026,1220.76
2114,3,0,1,12.0107,1139.97
329,3,0,1,12.0082,1124.91
2115,3,0,1,12.0031,1099.4
330,3,0,1,11.9886,1016.88
819,3,0,2,12.3256,2757.51,0.0838333,365.656,0.48,3
818,3,0,2,12.3135,2689.2
817,3,0,2,12.3041,2637.06
780,3,0,2,12.2887,2548.39
778,3,0,2,12.27,2444.23
2148,3,0,2,12.2694,2441.36
312,3,0,2,12.2694,2440.98
313,3,0,2,12.2624,2402.22
306,3,0,2,12.2482,2326.44
297,3,0,2,12.2415,2289.44
295,3,0,2,12.2303,2227.05
824,3,0,3,12.5111,3653.54,0.0978333,426.719,0.15,4
823,3,0,3,12.496,3576.24
822,3,0,3,12.4904,3546.95
2153,3,0,3,12.468,3428.94
821,3,0,3,12.4577,3374.9
2008,3,0,3,12.4492,3332.11
2152,3,0,3,12.4424,3295.16
820,3,0,3,12.4264,3211.69
819,3,0,3,12.4095,3123.17
398,3,0,4,12.7008,4569.48,0.1055,460.159,0.2,5
410,3,0,4,12.7005,4568.27
409,3,0,4,12.6844,4484.54
1985,3,0,4,12.6699,4407.2
881,3,0,4,12.6401,4250.86
880,3,0,4,12.625,4168.83
824,3,0,4,12.6089,4080.26
1987,3,0,5,12.8535,5268.71,0,0,0
413,3,0,5,12.8341,5171.01
414,3,0,5,12.8288,5143.37
410,3,0,5,12.8065,5030.85
398,3,0,5,12.8063,5029.64
330,4,0,0,11.9573,792.98,0.0513333,223.901,0.34,1
336,4,0,0,11.9365,684.779
388,4,0,0,11.9113,545.88
397,4,0,0,11.8764,360.101
399,4,0,0,11.8598,270.11
411,4,0,0,11.8453,190.571
412,4,0,0,11.8428,171.559
414,4,0,0,11.8309,109.52
427,4,0,0,11.8158,29.0576
1987,4,0,0,11.81,0
819,4,0,1,12.1289,1712.56,0.0838333,365.656,0.48,2
811,4,0,1,12.1098,1599.72
805,4,0,1,12.1065,1580.89
358,4,0,1,12.0941,1513.62
349,4,0,1,12.0769,1424.39
344,4,0,1,12.0643,1343.39
1819,4,0,1,12.0505,1249.54
335,4,0,1,12.0464,1221.7
2114,4,0,1,12.0304,1138.04
329,4,0,1,12.0277,1122.86
2115,4,0,1,12.0238,1101.8
330,4,0,1,12.0086,1016.88
295,4,0,2,12.31,2617.98,0.113833,496.507,0.26,3
297,4,0,2,12.3002,2559.53
306,4,0,2,12.2932,2521.6
313,4,0,2,12.2808,2453.24
312,4,0,2,12.2744,2417.02
2148,4,0,2,12.2743,2416.64
778,4,0,2,12.2737,2413.77
780,4,0,2,12.2529,2300.08
817,4,0,2,12.2361,2206.37
818,4,0,2,12.2272,2156.61
819,4,0,2,12.2127,2078.22
824,4,0,3,12.6208,4175.32,0.0978333,426.719,0.15,4
823,4,0,3,12.6057,4098.01
822,4,0,3,12.6002,4068.73
2153,4,0,3,12.5778,3950.72
821,4,0,3,12.5675,3896.67
2008,4,0,3,12.559,3853.88
2152,4,0,3,12.5521,3816.93
820,4,0,3,12.5362,3733.47
819,4,0,3,12.5192,3644.94
818,4,0,3,12.5071,3576.63
817,4,0,3,12.4977,3524.49
780,4,0,3,12.4823,3435.82
778,4,0,3,12.4636,3331.66
2148,4,0,3,12.463,3328.79
312,4,0,3,12.4629,3328.41
313,4,0,3,12.456,3289.65
306,4,0,3,12.4418,3213.87
297,4,0,3,12.435,3176.87
295,4,0,3,12.4239,3114.48
398,4,0,4,12.8105,5091.26,0.1055,460.159,0.2,5
410,4,0,4,12.8103,5090.05
409,4,0,4,12.7941,5006.32
1985,4,0,4,12.7796,4928.97
881,4,0,4,12.7499,4772.63
880,4,0,4,12.7348,4690.61
824,4,0,4,12.7187,4602.04
1987,4,0,5,12.9632,5790.48,0,0,0
413,4,0,5,12.9439,5692.79
414,4,0,5,12.9386,5665.14
410,4,0,5,12.9163,5552.63
398,4,0,5,12.916,5551.42
824,5,0,0,11.5691,513.573,0.0925,403.457,0.11,1
880,5,0,0,11.5528,423.957
882,5,0,0,11.5331,324.778
2155,5,0,0,11.5297,307.732
2012,5,0,0,11.5122,214.129
884,5,0,0,11.5077,191.09
1987,5,0,0,11.47,0
330,5,0,1,11.8348,1820.87,0.0513333,223.901,0.34,2
336,5,0,1,11.8141,1712.67
388,5,0,1,11.7888,1573.77
352,5,0,1,11.7696,1472.47
1983,5,0,1,11.7446,1347.05
1984,5,0,1,11.716,1203.43
814,5,0,1,11.6795,1015.99
824,5,0,1,11.6616,917.03
295,5,0,2,12.014,2758.43,0.113833,496.507,0.26,3
338,5,0,2,12.0003,2682.59
339,5,0,2,11.9949,2645.59
342,5,0,2,11.9794,2560.36
343,5,0,2,11.9689,2505.52
344,5,0,2,11.9419,2371.12
1819,5,0,2,11.9285,2277.6
335,5,0,2,11.9235,2248.65
2114,5,0,2,11.9082,2167.85
329,5,0,2,11.9057,2152.8
2115,5,0,2,11.9007,2127.29
330,5,0,2,11.8862,2044.77
819,5,0,3,12.2232,3785.4,0.0838333,365.656,0.48,4
818,5,0,3,12.211,3717.09
817,5,0,3,12.2016,3664.95
780,5,0,3,12.1862,3576.28
778,5,0,3,12.1676,3472.12
2148,5,0,3,12.167,3469.25
312,5,0,3,12.1669,3468.87
313,5,0,3,12.1599,3430.11
306,5,0,3,12.1457,3354.33
297,5,0,3,12.139,3317.33
295,5,0,3,12.1278,3254.94
398,5,0,4,12.5005,5170.65,0.1055,460.159,0.2,5
410,5,0,4,12.5002,5169.44
409,5,0,4,12.4841,5085.71
1985,5,0,4,12.4696,5008.36
881,5,0,4,12.4398,4852.03
880,5,0,4,12.4247,4770
824,5,0,4,12.4086,4681.43
823,5,0,4,12.3935,4604.12
822,5,0,4,12.388,4574.84
2153,5,0,4,12.3656,4456.83
821,5,0,4,12.3552,4402.79
2008,5,0,4,12.3467,4360
2152,5,0,4,12.3399,4323.05
820,5,0,4,12.3239,4239.58
819,5,0,4,12.307,4151.05
1987,5,0,5,12.6531,5869.88,0,0,0
413,5,0,5,12.6338,5772.18
414,5,0,5,12.6285,5744.53
410,5,0,5,12.6062,5632.02
398,5,0,5,12.606,5630.81
330,6,0,0,11.8873,792.98,0.0513333,223.901,0.34,1
336,6,0,0,11.8665,684.779
388,6,0,0,11.8413,545.88
397,6,0,0,11.8063,360.101
399,6,0,0,11.7898,270.11
411,6,0,0,11.7753,190.571
412,6,0,0,11.7728,171.559
414,6,0,0,11.7609,109.52
427,6,0,0,11.7458,29.0576
1987,6,0,0,11.74,0
295,6,0,1,12.0664,1730.54,0.113833,496.507,0.26,2
338,6,0,1,12.0528,1654.7
339,6,0,1,12.0474,1617.71
342,6,0,1,12.0319,1532.47
343,6,0,1,12.0214,1477.63
344,6,0,1,11.9944,1343.23
1819,6,0,1,11.981,1249.71
335,6,0,1,11.976,1220.76
2114,6,0,1,11.9607,1139.97
329,6,0,1,11.9582,1124.91
2115,6,0,1,11.9531,1099.4
330,6,0,1,11.9386,1016.88
819,6,0,2,12.2756,2757.51,0.0838333,365.656,0.48,3
818,6,0,2,12.2635,2689.2
817,6,0,2,12.2541,2637.06
780,6,0,2,12.2387,2548.39
778,6,0,2,12.22,2444.23
2148,6,0,2,12.2194,2441.36
312,6,0,2,12.2194,2440.98
313,6,0,2,12.2124,2402.22
306,6,0,2,12.1982,2326.44
297,6,0,2,12.1915,2289.44
295,6,0,2,12.1803,2227.05
398,6,0,3,12.553,4142.76,0.1055,460.159,0.2,4
410,6,0,3,12.5527,4141.55
409,6,0,3,12.5366,4057.82
1985,6,0,3,12.5221,3980.48
881,6,0,3,12.4923,3824.14
880,6,0,3,12.4772,3742.11
824,6,0,3,12.4611,3653.54
823,6,0,3,12.446,3576.24
822,6,0,3,12.4404,3546.95
2153,6,0,3,12.418,3428.94
821,6,0,3,12.4077,3374.9
2008,6,0,3,12.3992,3332.11
2152,6,0,3,12.3924,3295.16
820,6,0,3,12.3764,3211.69
819,6,0,3,12.3595,3123.17
1987,6,0,4,12.7056,4841.99,0,0,0
413,6,0,4,12.6863,4744.29
414,6,0,4,12.681,4716.65
410,6,0,4,12.6587,4604.13
398,6,0,4,12.6585,4602.92
824,6,1,0,10.9871,524.077,0.043,187.553,0.1,1
880,6,1,0,10.9688,426.117
881,6,1,0,10.9534,343.023
1985,6,1,0,10.928,205.039
1986,6,1,0,10.9203,152.657
427,6,1,0,10.8958,29.0576
1987,6,1,0,10.89,0
1987,6,1,1,11.1297,1237.34,0,0,0
427,6,1,1,11.1241,1208.82
1986,6,1,1,11.1039,1103.65
883,6,1,1,11.076,955.769
882,6,1,1,11.0642,892.319
880,6,1,1,11.0473,804.973
824,6,1,1,11.0301,711.63
330,7,0,0,11.9573,792.98,0.0513333,223.901,0.34,1
336,7,0,0,11.9365,684.779
388,7,0,0,11.9113,545.88
397,7,0,0,11.8764,360.101
399,7,0,0,11.8598,270.11
411,7,0,0,11.8453,190.571
412,7,0,0,11.8428,171.559
414,7,0,0,11.8309,109.52
427,7,0,0,11.8158,29.0576
1987,7,0,0,11.81,0
819,7,0,1,12.1289,1712.56,0.0838333,365.656,0.48,2
811,7,0,1,12.1098,1599.72
805,7,0,1,12.1065,1580.89
358,7,0,1,12.0941,1513.62
349,7,0,1,12.0769,1424.39
344,7,0,1,12.0643,1343.39
1819,7,0,1,12.0505,1249.54
335,7,0,1,12.0464,1221.7
2114,7,0,1,12.0304,1138.04
329,7,0,1,12.0277,1122.86
2115,7,0,1,12.0238,1101.8
330,7,0,1,12.0086,1016.88
295,7,0,2,12.31,2617.98,0.113833,496.507,0.26,3
297,7,0,2,12.3002,2559.53
306,7,0,2,12.2932,2521.6
313,7,0,2,12.2808,2453.24
312,7,0,2,12.2744,2417.02
2148,7,0,2,12.2743,2416.64
778,7,0,2,12.2737,2413.77
780,7,0,2,12.2529,2300.08
817,7,0,2,12.2361,2206.37
818,7,0,2,12.2272,2156.61
819,7,0,2,12.2127,2078.22
398,7,0,3,12.6475,4306.65,0.1055,460.159,0.2,4
397,7,0,3,12.6347,4237.24
389,7,0,3,12.623,4174.6
388,7,0,3,12.5981,4044.45
2132,7,0,3,12.5713,3893.4
341,7,0,3,12.5705,3889.4
345,7,0,3,12.5649,3851.22
1981,7,0,3,12.5493,3766.96
350,7,0,3,12.5216,3626.53
344,7,0,3,12.5045,3539.07
343,7,0,3,12.4865,3442.85
1980,7,0,3,12.4783,3398.48
342,7,0,3,12.4716,3365
339,7,0,3,12.4524,3263.58
338,7,0,3,12.4417,3208.49
295,7,0,3,12.4239,3114.48
1987,7,0,4,12.8001,5005.87,0,0,0
413,7,0,4,12.7808,4908.18
414,7,0,4,12.7755,4880.53
410,7,0,4,12.7532,4768.02
398,7,0,4,12.753,4766.81
824,7,1,0,10.9571,524.077,0.043,187.553,0.1,1
880,7,1,0,10.9388,426.117
881,7,1,0,10.9234,343.023
1985,7,1,0,10.898,205.039
1986,7,1,0,10.8903,152.657
427,7,1,0,10.8658,29.0576
1987,7,1,0,10.86,0
1987,7,1,1,11.0997,1237.34,0,0,0
427,7,1,1,11.0941,1208.82
1986,7,1,1,11.0739,1103.65
883,7,1,1,11.046,955.769
882,7,1,1,11.0342,892.319
880,7,1,1,11.0173,804.973
824,7,1,1,11.0001,711.63
295,8,0,0,12.0788,1302.3,0.113833,496.507,0.26,1
338,8,0,0,12.0652,1226.46
339,8,0,0,12.0598,1189.46
342,8,0,0,12.0443,1104.22
343,8,0,0,12.0338,1049.39
344,8,0,0,12.0067,914.99
350,8,0,0,11.9907,832.236
1981,8,0,0,11.9632,692.173
351,8,0,0,11.9496,624.148
1982,8,0,0,11.944,586.192
1983,8,0,0,11.9182,456.299
1984,8,0,0,11.8895,312.681
1985,8,0,0,11.8672,201.869
1986,8,0,0,11.8595,149.487
427,8,0,0,11.8358,29.0576
1987,8,0,0,11.83,0
819,8,0,1,12.288,2329.27,0.0838333,365.656,0.48,2
818,8,0,1,12.2759,2260.96
817,8,0,1,12.2665,2208.82
780,8,0,1,12.251,2120.15
778,8,0,1,12.2324,2015.99
2148,8,0,1,12.2318,2013.12
312,8,0,1,12.2317,2012.74
313,8,0,1,12.2248,1973.98
306,8,0,1,12.2106,1898.2
297,8,0,1,12.2038,1861.2
295,8,0,1,12.1927,1798.81
824,8,0,2,12.4735,3225.3,0.0978333,426.719,0.15,3
823,8,0,2,12.4584,3147.99
822,8,0,2,12.4528,3118.71
2153,8,0,2,12.4304,3000.7
821,8,0,2,12.4201,2946.66
2008,8,0,2,12.4116,2903.87
2152,8,0,2,12.4048,2866.92
820,8,0,2,12.3888,2783.45
819,8,0,2,12.3719,2694.92
1987,8,0,3,12.6781,4207.92,0,0,0
427,8,0,3,12.6727,4180.33
1986,8,0,3,12.648,4056.12
883,8,0,3,12.6162,3892.06
882,8,0,3,12.6031,3822.55
880,8,0,3,12.5874,3740.59
824,8,0,3,12.5713,3652.02
330,8,1,0,9.29343,816.882,0.0556667,242.801,0.26,1
336,8,1,0,9.2718,705.066
388,8,1,0,9.24368,553.686
397,8,1,0,9.21399,390.517
399,8,1,0,9.19898,307.377
411,8,1,0,9.18399,225.644
412,8,1,0,9.18107,206.421
414,8,1,0,9.1663,132.251
427,8,1,0,9.14579,29.0576
1987,8,1,0,9.14,0
398,8,1,1,9.46558,1704.78,0.0908333,396.188,0.21,2
397,8,1,1,9.45153,1629.84
389,8,1,1,9.43996,1567.55
388,8,1,1,9.41547,1439.34
2132,8,1,1,9.38963,1290.24
328,8,1,1,9.37393,1196.3
2115,8,1,1,9.36386,1142.95
330,8,1,1,9.3491,1059.68
1987,8,1,2,9.59533,2305.26,0,0,0
413,8,1,2,9.57895,2219.87
414,8,1,2,9.57315,2190.14
410,8,1,2,9.55667,2102.17
398,8,1,2,9.55641,2100.96
824,9,0,0,11.8291,513.573,0.0925,403.457,0.11,1
880,9,0,0,11.8128,423.957
882,9,0,0,11.7931,324.778
2155,9,0,0,11.7897,307.732
2012,9,0,0,11.7722,214.129
884,9,0,0,11.7677,191.09
1987,9,0,0,11.73,0
819,9,0,1,12.0207,1437.57,0.0838333,365.656,0.48,2
820,9,0,1,11.9985,1326.91
2152,9,0,1,11.9844,1251.6
2008,9,0,1,11.9709,1186.68
821,9,0,1,11.966,1159.17
2153,9,0,1,11.9562,1107.51
831,9,0,1,11.9562,1107.43
825,9,0,1,11.9558,1105.4
822,9,0,1,11.9388,1008.71
823,9,0,1,11.9338,981.901
824,9,0,1,11.9216,917.03
295,9,0,2,12.2018,2342.98,0.113833,496.507,0.26,3
297,9,0,2,12.192,2284.54
306,9,0,2,12.185,2246.61
313,9,0,2,12.1726,2178.24
312,9,0,2,12.1662,2142.03
2148,9,0,2,12.1661,2141.65
778,9,0,2,12.1655,2138.78
780,9,0,2,12.1447,2025.09
817,9,0,2,12.1279,1931.37
818,9,0,2,12.119,1881.62
819,9,0,2,12.1046,1803.23
1987,9,0,3,12.587,4228.3,0,0,0
427,9,0,3,12.5815,4200.46
1986,9,0,3,12.5575,4079.17
1985,9,0,3,12.5384,3984.13
1984,9,0,3,12.5192,3886.17
1983,9,0,3,12.4899,3740.12
1982,9,0,3,12.4661,3618.53
351,9,0,3,12.453,3552.94
1981,9,0,3,12.4411,3491.97
350,9,0,3,12.4134,3351.54
344,9,0,3,12.3963,3264.08
343,9,0,3,12.3783,3167.86
1980,9,0,3,12.3701,3123.48
342,9,0,3,12.3634,3090
339,9,0,3,12.3442,2988.58
338,9,0,3,12.3335,2933.5
295,9,0,3,12.3157,2839.49
330,9,1,0,9.68343,816.882,0.0556667,242.801,0.26,1
336,9,1,0,9.6618,705.066
388,9,1,0,9.63367,553.686
397,9,1,0,9.60399,390.517
399,9,1,0,9.58898,307.377
411,9,1,0,9.57399,225.644
412,9,1,0,9.57107,206.421
414,9,1,0,9.5563,132.251
427,9,1,0,9.53579,29.0576
1987,9,1,0,9.53,0
398,9,1,1,9.85558,1704.78,0.0908333,396.188,0.21,2
397,9,1,1,9.84153,1629.84
389,9,1,1,9.82996,1567.55
388,9,1,1,9.80547,1439.34
2132,9,1,1,9.77963,1290.24
328,9,1,1,9.76393,1196.3
2115,9,1,1,9.75386,1142.95
330,9,1,1,9.73909,1059.68
1987,9,1,2,9.98533,2305.26,0,0,0
413,9,1,2,9.96895,2219.87
414,9,1,2,9.96315,2190.14
410,9,1,2,9.94667,2102.17
398,9,1,2,9.94641,2100.96
824,10,0,0,11.8391,513.573,0.0925,403.457,0.11,1
880,10,0,0,11.8228,423.957
882,10,0,0,11.8031,324.778
2155,10,0,0,11.7997,307.732
2012,10,0,0,11.7822,214.129
884,10,0,0,11.7777,191.09
1987,10,0,0,11.74,0
819,10,0,1,12.0307,1437.57,0.0838333,365.656,0.48,2
820,10,0,1,12.0085,1326.91
2152,10,0,1,11.9944,1251.6
2008,10,0,1,11.9809,1186.68
821,10,0,1,11.976,1159.17
2153,10,0,1,11.9662,1107.51
831,10,0,1,11.9662,1107.43
825,10,0,1,11.9658,1105.4
822,10,0,1,11.9488,1008.71
823,10,0,1,11.9438,981.901
824,10,0,1,11.9316,917.03
295,10,0,2,12.2118,2342.98,0.113833,496.507,0.26,3
297,10,0,2,12.202,2284.54
306,10,0,2,12.195,2246.61
313,10,0,2,12.1826,2178.24
312,10,0,2,12.1762,2142.03
2148,10,0,2,12.1761,2141.65
778,10,0,2,12.1755,2138.78
780,10,0,2,12.1547,2025.09
817,10,0,2,12.1379,1931.37
818,10,0,2,12.129,1881.62
819,10,0,2,12.1146,1803.23
398,10,0,3,12.5493,4031.66,0.1055,460.159,0.2,4
397,10,0,3,12.5365,3962.25
389,10,0,3,12.5248,3899.61
388,10,0,3,12.4999,3769.45
2132,10,0,3,12.4731,3618.41
341,10,0,3,12.4723,3614.4
345,10,0,3,12.4667,3576.22
1981,10,0,3,12.4511,3491.97
350,10,0,3,12.4234,3351.54
344,10,0,3,12.4063,3264.08
343,10,0,3,12.3883,3167.86
1980,10,0,3,12.3801,3123.48
342,10,0,3,12.3734,3090
339,10,0,3,12.3542,2988.58
338,10,0,3,12.3435,2933.5
295,10,0,3,12.3257,2839.49
1987,10,0,4,12.7019,4730.88,0,0,0
413,10,0,4,12.6826,4633.19
414,10,0,4,12.6773,4605.54
410,10,0,4,12.655,4493.02
398,10,0,4,12.6548,4491.82
330,10,1,0,9.17343,816.882,0.0556667,242.801,0.26,1
336,10,1,0,9.1518,705.066
388,10,1,0,9.12368,553.686
397,10,1,0,9.09399,390.517
399,10,1,0,9.07898,307.377
411,10,1,0,9.06399,225.644
412,10,1,0,9.06107,206.421
414,10,1,0,9.0463,132.251
427,10,1,0,9.02579,29.0576
1987,10,1,0,9.02,0
1987,10,1,1,9.3845,1909.08,0,0,0
413,10,1,1,9.36811,1823.69
414,10,1,1,9.36231,1793.95
410,10,1,1,9.34583,1705.98
398,10,1,1,9.34558,1704.78
397,10,1,1,9.33153,1629.84
389,10,1,1,9.31996,1567.55
388,10,1,1,9.29548,1439.34
2132,10,1,1,9.26963,1290.24
328,10,1,1,9.25393,1196.3
2115,10,1,1,9.24386,1142.95
330,10,1,1,9.2291,1059.68
819,11,0,0,12.0582,1034.11,0.0838333,365.656,0.48,1
820,11,0,0,12.036,923.453
2152,11,0,0,12.0219,848.144
2008,11,0,0,12.0084,783.22
821,11,0,0,12.0035,755.708
2153,11,0,0,11.9937,704.051
831,11,0,0,11.9937,703.97
825,11,0,0,11.9933,701.94
822,11,0,0,11.9763,605.252
823,11,0,0,11.9713,578.444
824,11,0,0,11.9591,513.573
880,11,0,0,11.9428,423.957
882,11,0,0,11.9231,324.778
2155,11,0,0,11.9197,307.732
2012,11,0,0,11.9022,214.129
884,11,0,0,11.8977,191.09
1987,11,0,0,11.86,0
295,11,0,1,12.2393,1939.53,0.113833,496.507,0.26,2
297,11,0,1,12.2295,1881.08
306,11,0,1,12.2225,1843.15
313,11,0,1,12.2101,1774.79
312,11,0,1,12.2037,1738.57
2148,11,0,1,12.2036,1738.19
778,11,0,1,12.203,1735.32
780,11,0,1,12.1822,1621.63
817,11,0,1,12.1654,1527.92
818,11,0,1,12.1565,1478.16
819,11,0,1,12.1421,1399.77
398,11,0,2,12.5768,3628.2,0.1055,460.159,0.2,3
397,11,0,2,12.564,3558.79
389,11,0,2,12.5523,3496.15
388,11,0,2,12.5274,3366
2132,11,0,2,12.5006,3214.95
341,11,0,2,12.4998,3210.94
345,11,0,2,12.4942,3172.76
1981,11,0,2,12.4786,3088.51
350,11,0,2,12.4509,2948.08
344,11,0,2,12.4338,2860.62
343,11,0,2,12.4158,2764.4
1980,11,0,2,12.4076,2720.03
342,11,0,2,12.4009,2686.55
339,11,0,2,12.3817,2585.13
338,11,0,2,12.371,2530.04
295,11,0,2,12.3532,2436.03
1987,11,0,3,12.7294,4327.42,0,0,0
413,11,0,3,12.7101,4229.73
414,11,0,3,12.7048,4202.08
410,11,0,3,12.6825,4089.57
398,11,0,3,12.6823,4088.36
330,11,1,0,9.91343,816.882,0.0556667,242.801,0.26,1
336,11,1,0,9.8918,705.066
388,11,1,0,9.86368,553.686
397,11,1,0,9.83399,390.517
399,11,1,0,9.81898,307.377
411,11,1,0,9.80399,225.644
412,11,1,0,9.80107,206.421
414,11,1,0,9.7863,132.251
427,11,1,0,9.76579,29.0576
1987,11,1,0,9.76,0
824,11,1,1,10.1502,2044.17,0.043,187.553,0.1,2
823,11,1,1,10.1374,1976.76
822,11,1,1,10.1314,1945.48
2153,11,1,1,10.1104,1833.58
821,11,1,1,10.0985,1772.63
2008,11,1,1,10.09,1729.84
812,11,1,1,10.0684,1616.81
807,11,1,1,10.0683,1616.02
356,11,1,1,10.0538,1538.36
1981,11,1,1,10.0415,1454.85
345,11,1,1,10.0221,1354.39
341,11,1,1,10.0099,1292.27
2132,11,1,1,10.0096,1290.24
328,11,1,1,9.99393,1196.3
2115,11,1,1,9.98386,1142.95
330,11,1,1,9.9691,1059.68
1987,11,1,2,10.3016,2791.82,0,0,0
428,11,1,2,10.2966,2766.45
885,11,1,2,10.2585,2570.15
2012,11,1,2,10.2527,2542.55
2155,11,1,2,10.2314,2432.62
882,11,1,2,10.228,2415.43
880,11,1,2,10.2117,2330.68
824,11,1,2,10.1932,2231.72
398,12,0,0,12.0135,268.603,0.1055,460.159,0.2,1
410,12,0,0,12.0133,267.395
1986,12,0,0,11.9895,149.487
427,12,0,0,11.9658,29.0576
1987,12,0,0,11.96,0
295,12,0,1,12.3757,2052.68,0.113833,496.507,0.26,2
338,12,0,1,12.3618,1976
339,12,0,1,12.3564,1939
342,12,0,1,12.335,1828.4
343,12,0,1,12.3216,1761.19
344,12,0,1,12.3007,1652.78
350,12,0,1,12.2837,1565.74
1981,12,0,1,12.257,1429.18
351,12,0,1,12.2435,1361.86
1982,12,0,1,12.2344,1313.1
1983,12,0,1,12.2102,1190.04
1984,12,0,1,12.1791,1036.04
1985,12,0,1,12.1569,925.759
1986,12,0,1,12.1492,873.377
410,12,0,1,12.1193,729.971
398,12,0,1,12.119,728.762
819,12,0,2,12.5848,3079.65,0.0838333,365.656,0.48,3
818,12,0,2,12.5727,3011.34
817,12,0,2,12.5633,2959.2
780,12,0,2,12.5479,2870.53
778,12,0,2,12.5292,2766.37
2148,12,0,2,12.5287,2763.5
312,12,0,2,12.5286,2763.12
313,12,0,2,12.5216,2724.36
306,12,0,2,12.5074,2648.58
297,12,0,2,12.5007,2611.58
295,12,0,2,12.4895,2549.19
1987,12,0,3,12.8771,4531.58,0,0,0
427,12,0,3,12.8716,4503.99
1986,12,0,3,12.847,4379.78
883,12,0,3,12.8152,4215.72
882,12,0,3,12.8021,4146.21
880,12,0,3,12.7864,4064.25
824,12,0,3,12.7703,3975.68
823,12,0,3,12.7552,3898.37
822,12,0,3,12.7496,3869.09
2153,12,0,3,12.7272,3751.08
821,12,0,3,12.7169,3697.04
2008,12,0,3,12.7084,3654.25
2152,12,0,3,12.7016,3617.3
820,12,0,3,12.6856,3533.83
819,12,0,3,12.6687,3445.3
330,12,1,0,9.92343,816.882,0.0556667,242.801,0.26,1
336,12,1,0,9.9018,705.066
388,12,1,0,9.87368,553.686
397,12,1,0,9.84399,390.517
399,12,1,0,9.82898,307.377
411,12,1,0,9.81399,225.644
412,12,1,0,9.81107,206.421
414,12,1,0,9.7963,132.251
427,12,1,0,9.77579,29.0576
1987,12,1,0,9.77,0
824,12,1,1,10.1602,2044.17,0.043,187.553,0.1,2
823,12,1,1,10.1474,1976.76
822,12,1,1,10.1414,1945.48
2153,12,1,1,10.1204,1833.58
821,12,1,1,10.1085,1772.63
2008,12,1,1,10.1,1729.84
812,12,1,1,10.0784,1616.81
807,12,1,1,10.0783,1616.02
356,12,1,1,10.0638,1538.36
1981,12,1,1,10.0515,1454.85
345,12,1,1,10.0321,1354.39
341,12,1,1,10.0199,1292.27
2132,12,1,1,10.0196,1290.24
328,12,1,1,10.0039,1196.3
2115,12,1,1,9.99386,1142.95
330,12,1,1,9.9791,1059.68
1987,12,1,2,10.3116,2791.82,0,0,0
428,12,1,2,10.3066,2766.45
885,12,1,2,10.2685,2570.15
2012,12,1,2,10.2627,2542.55
2155,12,1,2,10.2414,2432.62
882,12,1,2,10.238,2415.43
880,12,1,2,10.2217,2330.68
824,12,1,2,10.2032,2231.72
