Node, Individual, Route,Segment, Travel time, Travel cost, Attention time, Attention cost, Failure rate, Demand
398,0,0,0,9.46952,333.558,0.0908333,396.188,0.21,1
410,0,0,0,9.46926,332.349
1986,0,0,0,9.42979,150.606
427,0,0,0,9.40579,29.0576
1987,0,0,0,9.4,0
330,0,0,1,9.6863,1415.19,0.0556667,242.801,0.26,2
336,0,0,1,9.66467,1303.38
388,0,0,1,9.63654,1152
397,0,0,1,9.60685,988.829
399,0,0,1,9.59185,905.688
411,0,0,1,9.57685,823.956
412,0,0,1,9.57394,804.733
398,0,0,1,9.56035,729.745
295,0,0,2,9.87827,2401.36,0.037,161.383,0.36,3
338,0,0,2,9.86271,2317.16
339,0,0,2,9.85727,2280.16
342,0,0,2,9.83115,2149.94
343,0,0,2,9.81511,2071.87
344,0,0,2,9.79733,1976.53
1819,0,0,2,9.78218,1881.29
335,0,0,2,9.77727,1852.45
2114,0,0,2,9.76361,1778.79
329,0,0,2,9.761,1763.62
2115,0,0,2,9.75673,1741.26
330,0,0,2,9.74196,1657.99
819,0,0,3,10.0037,3059.98,0.0483333,210.815,0.55,4
818,0,0,3,9.99102,2989.25
804,0,0,3,9.97298,2888.48
803,0,0,3,9.96566,2845.47
354,0,0,3,9.96559,2845.1
353,0,0,3,9.96322,2834
314,0,0,3,9.95452,2785.2
312,0,0,3,9.95039,2762.27
313,0,0,3,9.94471,2727.13
306,0,0,3,9.93161,2656.06
297,0,0,3,9.92554,2621.85
295,0,0,3,9.91527,2562.74
824,0,0,4,10.1566,3813.26,0.043,187.553,0.1,5
823,0,0,4,10.1418,3737.42
822,0,0,4,10.1371,3711.55
2153,0,0,4,10.116,3599.34
821,0,0,4,10.1045,3540.13
2008,0,0,4,10.096,3497.34
2152,0,0,4,10.0892,3460.57
820,0,0,4,10.0677,3353.87
819,0,0,4,10.052,3270.8
1987,0,0,5,10.3081,4560.91,0,0,0
428,0,0,5,10.3031,4535.54
885,0,0,5,10.2649,4339.24
2012,0,0,5,10.2592,4311.64
2155,0,0,5,10.2378,4201.71
882,0,0,5,10.2344,4184.52
880,0,0,5,10.2181,4099.77
824,0,0,5,10.1996,4000.82
398,1,0,0,9.76952,333.558,0.0908333,396.188,0.21,1
410,1,0,0,9.76926,332.349
1986,1,0,0,9.72979,150.606
427,1,0,0,9.70579,29.0576
1987,1,0,0,9.7,0
330,1,0,1,9.9863,1415.19,0.0556667,242.801,0.26,2
336,1,0,1,9.96467,1303.38
388,1,0,1,9.93654,1152
397,1,0,1,9.90685,988.829
399,1,0,1,9.89185,905.688
411,1,0,1,9.87685,823.956
412,1,0,1,9.87394,804.733
398,1,0,1,9.86035,729.745
295,1,0,2,10.1734,2386.72,0.0906667,395.461,0.35,3
338,1,0,2,10.1598,2311.01
339,1,0,2,10.1543,2274.01
342,1,0,2,10.1377,2183.82
343,1,0,2,10.1242,2116.01
344,1,0,2,10.1001,1993.98
1819,1,0,2,10.0864,1900.26
335,1,0,2,10.082,1872.09
2114,1,0,2,10.067,1792.99
329,1,0,2,10.0644,1777.8
2115,1,0,2,10.057,1742.27
330,1,0,2,10.042,1657.99
819,1,0,3,10.3557,3293.97,0.0483333,210.815,0.55,4
818,1,0,3,10.3434,3224.92
804,1,0,3,10.3249,3121.93
803,1,0,3,10.317,3077.58
354,1,0,3,10.3169,3077.21
353,1,0,3,10.3145,3066.11
314,1,0,3,10.305,3013.82
307,1,0,3,10.2942,2949.87
306,1,0,3,10.2813,2878.92
297,1,0,3,10.2745,2841.63
295,1,0,3,10.2641,2782.18
824,1,0,4,10.5086,4047.25,0.043,187.553,0.1,5
823,1,0,4,10.4939,3971.41
822,1,0,4,10.4891,3945.54
2153,1,0,4,10.4681,3833.33
821,1,0,4,10.4565,3774.12
2008,1,0,4,10.448,3731.33
2152,1,0,4,10.4412,3694.56
820,1,0,4,10.4197,3587.86
819,1,0,4,10.4041,3504.79
1987,1,0,5,10.6601,4794.9,0,0,0
428,1,0,5,10.6551,4769.53
885,1,0,5,10.6169,4573.23
2012,1,0,5,10.6112,4545.63
2155,1,0,5,10.5898,4435.7
882,1,0,5,10.5864,4418.51
880,1,0,5,10.5701,4333.76
824,1,0,5,10.5516,4234.81
398,2,0,0,11.6035,268.603,0.102667,447.801,0.21,1
410,2,0,0,11.6033,267.395
1986,2,0,0,11.5795,149.487
427,2,0,0,11.5558,29.0576
1987,2,0,0,11.55,0
330,2,0,1,11.8341,1412.15,0.0513333,223.901,0.34,2
336,2,0,1,11.8133,1303.95
388,2,0,1,11.7881,1165.05
397,2,0,1,11.7532,979.274
399,2,0,1,11.7366,889.282
411,2,0,1,11.7221,809.744
412,2,0,1,11.7196,790.732
398,2,0,1,11.7062,716.404
295,2,0,2,12.0133,2349.72,0.113833,496.507,0.26,3
338,2,0,2,11.9996,2273.88
339,2,0,2,11.9942,2236.88
342,2,0,2,11.9787,2151.64
343,2,0,2,11.9682,2096.8
344,2,0,2,11.9412,1962.41
1819,2,0,2,11.9278,1868.88
335,2,0,2,11.9228,1839.93
2114,2,0,2,11.9075,1759.14
329,2,0,2,11.905,1744.08
2115,2,0,2,11.9,1718.57
330,2,0,2,11.8855,1636.05
819,2,0,3,12.2225,3376.68,0.0838333,365.656,0.48,4
818,2,0,3,12.2103,3308.37
817,2,0,3,12.2009,3256.23
780,2,0,3,12.1855,3167.56
778,2,0,3,12.1669,3063.4
2148,2,0,3,12.1663,3060.54
312,2,0,3,12.1662,3060.15
313,2,0,3,12.1592,3021.39
306,2,0,3,12.145,2945.62
297,2,0,3,12.1383,2908.61
295,2,0,3,12.1271,2846.22
824,2,0,4,12.4079,4272.71,0.0978333,426.719,0.15,5
823,2,0,4,12.3928,4195.41
822,2,0,4,12.3873,4166.12
2153,2,0,4,12.3648,4048.12
821,2,0,4,12.3545,3994.07
2008,2,0,4,12.346,3951.28
2152,2,0,4,12.3392,3914.33
820,2,0,4,12.3232,3830.86
819,2,0,4,12.3063,3742.34
1987,2,0,5,12.6125,5255.34,0,0,0
427,2,0,5,12.6071,5227.74
1986,2,0,5,12.5825,5103.53
883,2,0,5,12.5507,4939.47
882,2,0,5,12.5375,4869.97
880,2,0,5,12.5218,4788.01
824,2,0,5,12.5058,4699.43
330,3,0,0,11.8273,792.98,0.0513333,223.901,0.34,1
336,3,0,0,11.8065,684.779
388,3,0,0,11.7813,545.88
397,3,0,0,11.7464,360.101
399,3,0,0,11.7298,270.11
411,3,0,0,11.7153,190.571
412,3,0,0,11.7128,171.559
414,3,0,0,11.7009,109.52
427,3,0,0,11.6858,29.0576
1987,3,0,0,11.68,0
295,3,0,1,12.0064,1730.54,0.113833,496.507,0.26,2
338,3,0,1,11.9928,1654.7
339,3,0,1,11.9874,1617.71
342,3,0,1,11.9719,1532.47
343,3,0,1,11.9614,1477.63
344,3,0,1,11.9344,1343.23
1819,3,0,1,11.921,1249.71
335,3,0,1,11.916,1220.76
2114,3,0,1,11.9007,1139.97
329,3,0,1,11.8982,1124.91
2115,3,0,1,11.8931,1099.4
330,3,0,1,11.8786,1016.88
819,3,0,2,12.2156,2757.51,0.0838333,365.656,0.48,3
818,3,0,2,12.2035,2689.2
817,3,0,2,12.1941,2637.06
780,3,0,2,12.1787,2548.39
778,3,0,2,12.16,2444.23
2148,3,0,2,12.1594,2441.36
312,3,0,2,12.1594,2440.98
313,3,0,2,12.1524,2402.22
306,3,0,2,12.1382,2326.44
297,3,0,2,12.1315,2289.44
295,3,0,2,12.1203,2227.05
824,3,0,3,12.4011,3653.54,0.0978333,426.719,0.15,4
823,3,0,3,12.386,3576.24
822,3,0,3,12.3804,3546.95
2153,3,0,3,12.358,3428.94
821,3,0,3,12.3477,3374.9
2008,3,0,3,12.3392,3332.11
2152,3,0,3,12.3324,3295.16
820,3,0,3,12.3164,3211.69
819,3,0,3,12.2995,3123.17
398,3,0,4,12.5908,4569.48,0.1055,460.159,0.2,5
410,3,0,4,12.5905,4568.27
409,3,0,4,12.5744,4484.54
1985,3,0,4,12.5599,4407.2
881,3,0,4,12.5301,4250.86
880,3,0,4,12.515,4168.83
824,3,0,4,12.4989,4080.26
1987,3,0,5,12.7435,5268.71,0,0,0
413,3,0,5,12.7241,5171.01
414,3,0,5,12.7188,5143.37
410,3,0,5,12.6965,5030.85
398,3,0,5,12.6963,5029.64
330,4,0,0,11.9673,792.98,0.0513333,223.901,0.34,1
336,4,0,0,11.9465,684.779
388,4,0,0,11.9213,545.88
397,4,0,0,11.8863,360.101
399,4,0,0,11.8698,270.11
411,4,0,0,11.8553,190.571
412,4,0,0,11.8528,171.559
414,4,0,0,11.8409,109.52
427,4,0,0,11.8258,29.0576
1987,4,0,0,11.82,0
819,4,0,1,12.1389,1712.56,0.0838333,365.656,0.48,2
811,4,0,1,12.1198,1599.72
805,4,0,1,12.1165,1580.89
358,4,0,1,12.1041,1513.62
349,4,0,1,12.0869,1424.39
344,4,0,1,12.0743,1343.39
1819,4,0,1,12.0605,1249.54
335,4,0,1,12.0564,1221.7
2114,4,0,1,12.0404,1138.04
329,4,0,1,12.0377,1122.86
2115,4,0,1,12.0338,1101.8
330,4,0,1,12.0186,1016.88
295,4,0,2,12.32,2617.98,0.113833,496.507,0.26,3
297,4,0,2,12.3102,2559.53
306,4,0,2,12.3032,2521.6
313,4,0,2,12.2908,2453.24
312,4,0,2,12.2844,2417.02
2148,4,0,2,12.2843,2416.64
778,4,0,2,12.2837,2413.77
780,4,0,2,12.2629,2300.08
817,4,0,2,12.2461,2206.37
818,4,0,2,12.2372,2156.61
819,4,0,2,12.2227,2078.22
824,4,0,3,12.6308,4175.32,0.0978333,426.719,0.15,4
823,4,0,3,12.6157,4098.01
822,4,0,3,12.6102,4068.73
2153,4,0,3,12.5878,3950.72
821,4,0,3,12.5775,3896.67
2008,4,0,3,12.569,3853.88
2152,4,0,3,12.5621,3816.93
820,4,0,3,12.5462,3733.47
819,4,0,3,12.5292,3644.94
818,4,0,3,12.5171,3576.63
817,4,0,3,12.5077,3524.49
780,4,0,3,12.4922,3435.82
778,4,0,3,12.4736,3331.66
2148,4,0,3,12.473,3328.79
312,4,0,3,12.4729,3328.41
313,4,0,3,12.466,3289.65
306,4,0,3,12.4518,3213.87
297,4,0,3,12.445,3176.87
295,4,0,3,12.4339,3114.48
398,4,0,4,12.8205,5091.26,0.1055,460.159,0.2,5
410,4,0,4,12.8203,5090.05
409,4,0,4,12.8041,5006.32
1985,4,0,4,12.7896,4928.97
881,4,0,4,12.7599,4772.63
880,4,0,4,12.7448,4690.61
824,4,0,4,12.7287,4602.04
1987,4,0,5,12.9732,5790.48,0,0,0
413,4,0,5,12.9539,5692.79
414,4,0,5,12.9486,5665.14
410,4,0,5,12.9263,5552.63
398,4,0,5,12.926,5551.42
824,5,0,0,11.6491,513.573,0.0925,403.457,0.11,1
880,5,0,0,11.6328,423.957
882,5,0,0,11.6131,324.778
2155,5,0,0,11.6097,307.732
2012,5,0,0,11.5922,214.129
884,5,0,0,11.5877,191.09
1987,5,0,0,11.55,0
330,5,0,1,11.9148,1820.87,0.0513333,223.901,0.34,2
336,5,0,1,11.8941,1712.67
388,5,0,1,11.8688,1573.77
352,5,0,1,11.8496,1472.47
1983,5,0,1,11.8246,1347.05
1984,5,0,1,11.796,1203.43
814,5,0,1,11.7595,1015.99
824,5,0,1,11.7416,917.03
295,5,0,2,12.094,2758.43,0.113833,496.507,0.26,3
338,5,0,2,12.0803,2682.59
339,5,0,2,12.0749,2645.59
342,5,0,2,12.0594,2560.36
343,5,0,2,12.0489,2505.52
344,5,0,2,12.0219,2371.12
1819,5,0,2,12.0085,2277.6
335,5,0,2,12.0035,2248.65
2114,5,0,2,11.9882,2167.85
329,5,0,2,11.9857,2152.8
2115,5,0,2,11.9807,2127.29
330,5,0,2,11.9662,2044.77
819,5,0,3,12.3032,3785.4,0.0838333,365.656,0.48,4
818,5,0,3,12.291,3717.09
817,5,0,3,12.2816,3664.95
780,5,0,3,12.2662,3576.28
778,5,0,3,12.2476,3472.12
2148,5,0,3,12.247,3469.25
312,5,0,3,12.2469,3468.87
313,5,0,3,12.2399,3430.11
306,5,0,3,12.2257,3354.33
297,5,0,3,12.219,3317.33
295,5,0,3,12.2078,3254.94
398,5,0,4,12.5805,5170.65,0.1055,460.159,0.2,5
410,5,0,4,12.5802,5169.44
409,5,0,4,12.5641,5085.71
1985,5,0,4,12.5496,5008.36
881,5,0,4,12.5198,4852.03
880,5,0,4,12.5047,4770
824,5,0,4,12.4886,4681.43
823,5,0,4,12.4735,4604.12
822,5,0,4,12.468,4574.84
2153,5,0,4,12.4456,4456.83
821,5,0,4,12.4352,4402.79
2008,5,0,4,12.4267,4360
2152,5,0,4,12.4199,4323.05
820,5,0,4,12.4039,4239.58
819,5,0,4,12.387,4151.05
1987,5,0,5,12.7331,5869.88,0,0,0
413,5,0,5,12.7138,5772.18
414,5,0,5,12.7085,5744.53
410,5,0,5,12.6862,5632.02
398,5,0,5,12.686,5630.81
330,6,0,0,11.8773,792.98,0.0513333,223.901,0.34,1
336,6,0,0,11.8565,684.779
388,6,0,0,11.8313,545.88
397,6,0,0,11.7963,360.101
399,6,0,0,11.7798,270.11
411,6,0,0,11.7653,190.571
412,6,0,0,11.7628,171.559
414,6,0,0,11.7509,109.52
427,6,0,0,11.7358,29.0576
1987,6,0,0,11.73,0
295,6,0,1,12.0564,1730.54,0.113833,496.507,0.26,2
338,6,0,1,12.0428,1654.7
339,6,0,1,12.0374,1617.71
342,6,0,1,12.0219,1532.47
343,6,0,1,12.0114,1477.63
344,6,0,1,11.9844,1343.23
1819,6,0,1,11.971,1249.71
335,6,0,1,11.966,1220.76
2114,6,0,1,11.9507,1139.97
329,6,0,1,11.9482,1124.91
2115,6,0,1,11.9431,1099.4
330,6,0,1,11.9286,1016.88
819,6,0,2,12.2656,2757.51,0.0838333,365.656,0.48,3
818,6,0,2,12.2535,2689.2
817,6,0,2,12.2441,2637.06
780,6,0,2,12.2287,2548.39
778,6,0,2,12.21,2444.23
2148,6,0,2,12.2094,2441.36
312,6,0,2,12.2094,2440.98
313,6,0,2,12.2024,2402.22
306,6,0,2,12.1882,2326.44
297,6,0,2,12.1815,2289.44
295,6,0,2,12.1703,2227.05
398,6,0,3,12.543,4142.76,0.1055,460.159,0.2,4
410,6,0,3,12.5427,4141.55
409,6,0,3,12.5266,4057.82
1985,6,0,3,12.5121,3980.48
881,6,0,3,12.4823,3824.14
880,6,0,3,12.4672,3742.11
824,6,0,3,12.4511,3653.54
823,6,0,3,12.436,3576.24
822,6,0,3,12.4304,3546.95
2153,6,0,3,12.408,3428.94
821,6,0,3,12.3977,3374.9
2008,6,0,3,12.3892,3332.11
2152,6,0,3,12.3824,3295.16
820,6,0,3,12.3664,3211.69
819,6,0,3,12.3495,3123.17
1987,6,0,4,12.6956,4841.99,0,0,0
413,6,0,4,12.6763,4744.29
414,6,0,4,12.671,4716.65
410,6,0,4,12.6487,4604.13
398,6,0,4,12.6485,4602.92
824,6,1,0,10.9671,524.077,0.043,187.553,0.1,1
880,6,1,0,10.9488,426.117
881,6,1,0,10.9334,343.023
1985,6,1,0,10.908,205.039
1986,6,1,0,10.9003,152.657
427,6,1,0,10.8758,29.0576
1987,6,1,0,10.87,0
1987,6,1,1,11.1097,1237.34,0,0,0
427,6,1,1,11.1041,1208.82
1986,6,1,1,11.0839,1103.65
883,6,1,1,11.056,955.769
882,6,1,1,11.0442,892.319
880,6,1,1,11.0273,804.973
824,6,1,1,11.0101,711.63
330,7,0,0,11.9673,792.98,0.0513333,223.901,0.34,1
336,7,0,0,11.9465,684.779
388,7,0,0,11.9213,545.88
397,7,0,0,11.8863,360.101
399,7,0,0,11.8698,270.11
411,7,0,0,11.8553,190.571
412,7,0,0,11.8528,171.559
414,7,0,0,11.8409,109.52
427,7,0,0,11.8258,29.0576
1987,7,0,0,11.82,0
819,7,0,1,12.1389,1712.56,0.0838333,365.656,0.48,2
811,7,0,1,12.1198,1599.72
805,7,0,1,12.1165,1580.89
358,7,0,1,12.1041,1513.62
349,7,0,1,12.0869,1424.39
344,7,0,1,12.0743,1343.39
1819,7,0,1,12.0605,1249.54
335,7,0,1,12.0564,1221.7
2114,7,0,1,12.0404,1138.04
329,7,0,1,12.0377,1122.86
2115,7,0,1,12.0338,1101.8
330,7,0,1,12.0186,1016.88
295,7,0,2,12.32,2617.98,0.113833,496.507,0.26,3
297,7,0,2,12.3102,2559.53
306,7,0,2,12.3032,2521.6
313,7,0,2,12.2908,2453.24
312,7,0,2,12.2844,2417.02
2148,7,0,2,12.2843,2416.64
778,7,0,2,12.2837,2413.77
780,7,0,2,12.2629,2300.08
817,7,0,2,12.2461,2206.37
818,7,0,2,12.2372,2156.61
819,7,0,2,12.2227,2078.22
398,7,0,3,12.6575,4306.65,0.1055,460.159,0.2,4
397,7,0,3,12.6447,4237.24
389,7,0,3,12.633,4174.6
388,7,0,3,12.6081,4044.45
2132,7,0,3,12.5813,3893.4
341,7,0,3,12.5805,3889.4
345,7,0,3,12.5749,3851.22
1981,7,0,3,12.5593,3766.96
350,7,0,3,12.5316,3626.53
344,7,0,3,12.5145,3539.07
343,7,0,3,12.4965,3442.85
1980,7,0,3,12.4883,3398.48
342,7,0,3,12.4816,3365
339,7,0,3,12.4624,3263.58
338,7,0,3,12.4517,3208.49
295,7,0,3,12.4339,3114.48
1987,7,0,4,12.8101,5005.87,0,0,0
413,7,0,4,12.7908,4908.18
414,7,0,4,12.7855,4880.53
410,7,0,4,12.7632,4768.02
398,7,0,4,12.763,4766.81
824,7,1,0,10.9871,524.077,0.043,187.553,0.1,1
880,7,1,0,10.9688,426.117
881,7,1,0,10.9534,343.023
1985,7,1,0,10.928,205.039
1986,7,1,0,10.9203,152.657
427,7,1,0,10.8958,29.0576
1987,7,1,0,10.89,0
1987,7,1,1,11.1297,1237.34,0,0,0
427,7,1,1,11.1241,1208.82
1986,7,1,1,11.1039,1103.65
883,7,1,1,11.076,955.769
882,7,1,1,11.0642,892.319
880,7,1,1,11.0473,804.973
824,7,1,1,11.0301,711.63
295,8,0,0,12.1688,1302.3,0.113833,496.507,0.26,1
338,8,0,0,12.1552,1226.46
339,8,0,0,12.1498,1189.46
342,8,0,0,12.1343,1104.22
343,8,0,0,12.1238,1049.39
344,8,0,0,12.0967,914.99
350,8,0,0,12.0807,832.236
1981,8,0,0,12.0532,692.173
351,8,0,0,12.0396,624.148
1982,8,0,0,12.034,586.192
1983,8,0,0,12.0082,456.299
1984,8,0,0,11.9795,312.681
1985,8,0,0,11.9572,201.869
1986,8,0,0,11.9495,149.487
427,8,0,0,11.9258,29.0576
1987,8,0,0,11.92,0
819,8,0,1,12.378,2329.27,0.0838333,365.656,0.48,2
818,8,0,1,12.3659,2260.96
817,8,0,1,12.3565,2208.82
780,8,0,1,12.3411,2120.15
778,8,0,1,12.3224,2015.99
2148,8,0,1,12.3218,2013.12
312,8,0,1,12.3217,2012.74
313,8,0,1,12.3148,1973.98
306,8,0,1,12.3006,1898.2
297,8,0,1,12.2938,1861.2
295,8,0,1,12.2827,1798.81
824,8,0,2,12.5635,3225.3,0.0978333,426.719,0.15,3
823,8,0,2,12.5484,3147.99
822,8,0,2,12.5428,3118.71
2153,8,0,2,12.5204,3000.7
821,8,0,2,12.5101,2946.66
2008,8,0,2,12.5016,2903.87
2152,8,0,2,12.4948,2866.92
820,8,0,2,12.4788,2783.45
819,8,0,2,12.4619,2694.92
1987,8,0,3,12.7681,4207.92,0,0,0
427,8,0,3,12.7627,4180.33
1986,8,0,3,12.738,4056.12
883,8,0,3,12.7062,3892.06
882,8,0,3,12.6931,3822.55
880,8,0,3,12.6774,3740.59
824,8,0,3,12.6613,3652.02
330,8,1,0,9.43343,816.882,0.0556667,242.801,0.26,1
336,8,1,0,9.4118,705.066
388,8,1,0,9.38367,553.686
397,8,1,0,9.35399,390.517
399,8,1,0,9.33898,307.377
411,8,1,0,9.32399,225.644
412,8,1,0,9.32107,206.421
414,8,1,0,9.3063,132.251
427,8,1,0,9.28579,29.0576
1987,8,1,0,9.28,0
398,8,1,1,9.60558,1704.78,0.0908333,396.188,0.21,2
397,8,1,1,9.59153,1629.84
389,8,1,1,9.57996,1567.55
388,8,1,1,9.55547,1439.34
2132,8,1,1,9.52963,1290.24
328,8,1,1,9.51393,1196.3
2115,8,1,1,9.50386,1142.95
330,8,1,1,9.48909,1059.68
1987,8,1,2,9.73533,2305.26,0,0,0
413,8,1,2,9.71895,2219.87
414,8,1,2,9.71315,2190.14
410,8,1,2,9.69667,2102.17
398,8,1,2,9.69641,2100.96
824,9,0,0,11.8291,513.573,0.0925,403.457,0.11,1
880,9,0,0,11.8128,423.957
882,9,0,0,11.7931,324.778
2155,9,0,0,11.7897,307.732
2012,9,0,0,11.7722,214.129
884,9,0,0,11.7677,191.09
1987,9,0,0,11.73,0
819,9,0,1,12.0207,1437.57,0.0838333,365.656,0.48,2
820,9,0,1,11.9985,1326.91
2152,9,0,1,11.9844,1251.6
2008,9,0,1,11.9709,1186.68
821,9,0,1,11.966,1159.17
2153,9,0,1,11.9562,1107.51
831,9,0,1,11.9562,1107.43
825,9,0,1,11.9558,1105.4
822,9,0,1,11.9388,1008.71
823,9,0,1,11.9338,981.901
824,9,0,1,11.9216,917.03
295,9,0,2,12.2018,2342.98,0.113833,496.507,0.26,3
297,9,0,2,12.192,2284.54
306,9,0,2,12.185,2246.61
313,9,0,2,12.1726,2178.24
312,9,0,2,12.1662,2142.03
2148,9,0,2,12.1661,2141.65
778,9,0,2,12.1655,2138.78
780,9,0,2,12.1447,2025.09
817,9,0,2,12.1279,1931.37
818,9,0,2,12.119,1881.62
819,9,0,2,12.1046,1803.23
1987,9,0,3,12.587,4228.3,0,0,0
427,9,0,3,12.5815,4200.46
1986,9,0,3,12.5575,4079.17
1985,9,0,3,12.5384,3984.13
1984,9,0,3,12.5192,3886.17
1983,9,0,3,12.4899,3740.12
1982,9,0,3,12.4661,3618.53
351,9,0,3,12.453,3552.94
1981,9,0,3,12.4411,3491.97
350,9,0,3,12.4134,3351.54
344,9,0,3,12.3963,3264.08
343,9,0,3,12.3783,3167.86
1980,9,0,3,12.3701,3123.48
342,9,0,3,12.3634,3090
339,9,0,3,12.3442,2988.58
338,9,0,3,12.3335,2933.5
295,9,0,3,12.3157,2839.49
330,9,1,0,9.46343,816.882,0.0556667,242.801,0.26,1
336,9,1,0,9.4418,705.066
388,9,1,0,9.41368,553.686
397,9,1,0,9.38399,390.517
399,9,1,0,9.36898,307.377
411,9,1,0,9.35399,225.644
412,9,1,0,9.35107,206.421
414,9,1,0,9.3363,132.251
427,9,1,0,9.31579,29.0576
1987,9,1,0,9.31,0
398,9,1,1,9.63558,1704.78,0.0908333,396.188,0.21,2
397,9,1,1,9.62153,1629.84
389,9,1,1,9.60996,1567.55
388,9,1,1,9.58547,1439.34
2132,9,1,1,9.55963,1290.24
328,9,1,1,9.54393,1196.3
2115,9,1,1,9.53386,1142.95
330,9,1,1,9.5191,1059.68
1987,9,1,2,9.76533,2305.26,0,0,0
413,9,1,2,9.74895,2219.87
414,9,1,2,9.74315,2190.14
410,9,1,2,9.72667,2102.17
398,9,1,2,9.72641,2100.96
824,10,0,0,11.8291,513.573,0.0925,403.457,0.11,1
880,10,0,0,11.8128,423.957
882,10,0,0,11.7931,324.778
2155,10,0,0,11.7897,307.732
2012,10,0,0,11.7722,214.129
884,10,0,0,11.7677,191.09
1987,10,0,0,11.73,0
819,10,0,1,12.0207,1437.57,0.0838333,365.656,0.48,2
820,10,0,1,11.9985,1326.91
2152,10,0,1,11.9844,1251.6
2008,10,0,1,11.9709,1186.68
821,10,0,1,11.966,1159.17
2153,10,0,1,11.9562,1107.51
831,10,0,1,11.9562,1107.43
825,10,0,1,11.9558,1105.4
822,10,0,1,11.9388,1008.71
823,10,0,1,11.9338,981.901
824,10,0,1,11.9216,917.03
295,10,0,2,12.2018,2342.98,0.113833,496.507,0.26,3
297,10,0,2,12.192,2284.54
306,10,0,2,12.185,2246.61
313,10,0,2,12.1726,2178.24
312,10,0,2,12.1662,2142.03
2148,10,0,2,12.1661,2141.65
778,10,0,2,12.1655,2138.78
780,10,0,2,12.1447,2025.09
817,10,0,2,12.1279,1931.37
818,10,0,2,12.119,1881.62
819,10,0,2,12.1046,1803.23
398,10,0,3,12.5393,4031.66,0.1055,460.159,0.2,4
397,10,0,3,12.5265,3962.25
389,10,0,3,12.5148,3899.61
388,10,0,3,12.4899,3769.45
2132,10,0,3,12.4631,3618.41
341,10,0,3,12.4623,3614.4
345,10,0,3,12.4567,3576.22
1981,10,0,3,12.4411,3491.97
350,10,0,3,12.4134,3351.54
344,10,0,3,12.3963,3264.08
343,10,0,3,12.3783,3167.86
1980,10,0,3,12.3701,3123.48
342,10,0,3,12.3634,3090
339,10,0,3,12.3442,2988.58
338,10,0,3,12.3335,2933.5
295,10,0,3,12.3157,2839.49
1987,10,0,4,12.6919,4730.88,0,0,0
413,10,0,4,12.6726,4633.19
414,10,0,4,12.6673,4605.54
410,10,0,4,12.645,4493.02
398,10,0,4,12.6448,4491.82
330,10,1,0,9.49343,816.882,0.0556667,242.801,0.26,1
336,10,1,0,9.4718,705.066
388,10,1,0,9.44368,553.686
397,10,1,0,9.41399,390.517
399,10,1,0,9.39898,307.377
411,10,1,0,9.38399,225.644
412,10,1,0,9.38107,206.421
414,10,1,0,9.3663,132.251
427,10,1,0,9.34579,29.0576
1987,10,1,0,9.34,0
1987,10,1,1,9.7045,1909.08,0,0,0
413,10,1,1,9.68811,1823.69
414,10,1,1,9.68231,1793.95
410,10,1,1,9.66583,1705.98
398,10,1,1,9.66558,1704.78
397,10,1,1,9.65153,1629.84
389,10,1,1,9.63996,1567.55
388,10,1,1,9.61547,1439.34
2132,10,1,1,9.58963,1290.24
328,10,1,1,9.57393,1196.3
2115,10,1,1,9.56386,1142.95
330,10,1,1,9.5491,1059.68
819,11,0,0,12.1682,1034.11,0.0838333,365.656,0.48,1
820,11,0,0,12.146,923.453
2152,11,0,0,12.1319,848.144
2008,11,0,0,12.1184,783.22
821,11,0,0,12.1135,755.708
2153,11,0,0,12.1037,704.051
831,11,0,0,12.1037,703.97
825,11,0,0,12.1033,701.94
822,11,0,0,12.0863,605.252
823,11,0,0,12.0813,578.444
824,11,0,0,12.0691,513.573
880,11,0,0,12.0528,423.957
882,11,0,0,12.0331,324.778
2155,11,0,0,12.0297,307.732
2012,11,0,0,12.0122,214.129
884,11,0,0,12.0077,191.09
1987,11,0,0,11.97,0
295,11,0,1,12.3493,1939.53,0.113833,496.507,0.26,2
297,11,0,1,12.3395,1881.08
306,11,0,1,12.3325,1843.15
313,11,0,1,12.3201,1774.79
312,11,0,1,12.3137,1738.57
2148,11,0,1,12.3136,1738.19
778,11,0,1,12.313,1735.32
780,11,0,1,12.2922,1621.63
817,11,0,1,12.2754,1527.92
818,11,0,1,12.2665,1478.16
819,11,0,1,12.2521,1399.77
398,11,0,2,12.6868,3628.2,0.1055,460.159,0.2,3
397,11,0,2,12.674,3558.79
389,11,0,2,12.6623,3496.15
388,11,0,2,12.6374,3366
2132,11,0,2,12.6106,3214.95
341,11,0,2,12.6098,3210.94
345,11,0,2,12.6042,3172.76
1981,11,0,2,12.5886,3088.51
350,11,0,2,12.5609,2948.08
344,11,0,2,12.5438,2860.62
343,11,0,2,12.5258,2764.4
1980,11,0,2,12.5176,2720.03
342,11,0,2,12.5109,2686.55
339,11,0,2,12.4917,2585.13
338,11,0,2,12.481,2530.04
295,11,0,2,12.4632,2436.03
1987,11,0,3,12.8394,4327.42,0,0,0
413,11,0,3,12.8201,4229.73
414,11,0,3,12.8148,4202.08
410,11,0,3,12.7925,4089.57
398,11,0,3,12.7923,4088.36
824,11,1,0,10.9771,524.077,0.043,187.553,0.1,1
880,11,1,0,10.9588,426.117
881,11,1,0,10.9434,343.023
1985,11,1,0,10.918,205.039
1986,11,1,0,10.9103,152.657
427,11,1,0,10.8858,29.0576
1987,11,1,0,10.88,0
1987,11,1,1,11.1197,1237.34,0,0,0
427,11,1,1,11.1141,1208.82
1986,11,1,1,11.0939,1103.65
883,11,1,1,11.066,955.769
882,11,1,1,11.0542,892.319
880,11,1,1,11.0373,804.973
824,11,1,1,11.0201,711.63
330,11,2,0,9.66343,816.882,0.0556667,242.801,0.26,1
336,11,2,0,9.6418,705.066
388,11,2,0,9.61368,553.686
397,11,2,0,9.58399,390.517
399,11,2,0,9.56898,307.377
411,11,2,0,9.55399,225.644
412,11,2,0,9.55107,206.421
414,11,2,0,9.5363,132.251
427,11,2,0,9.51579,29.0576
1987,11,2,0,9.51,0
1987,11,2,1,9.8745,1909.08,0,0,0
413,11,2,1,9.85811,1823.69
414,11,2,1,9.85231,1793.95
410,11,2,1,9.83583,1705.98
398,11,2,1,9.83558,1704.78
397,11,2,1,9.82153,1629.84
389,11,2,1,9.80996,1567.55
388,11,2,1,9.78547,1439.34
2132,11,2,1,9.75963,1290.24
328,11,2,1,9.74393,1196.3
2115,11,2,1,9.73386,1142.95
330,11,2,1,9.7191,1059.68
