Node, Individual, Route,Segment, Travel time, Travel cost, Attention time, Attention cost, Failure rate, Demand
1296,0,0,0,13.521,1110.81,0.0958333,417.996,0,1
1294,0,0,0,13.4969,980.492
1290,0,0,0,13.4713,845.048
1558,0,0,0,13.4606,792.147
1288,0,0,0,13.4348,653.889
2067,0,0,0,13.4112,527.764
1272,0,0,0,13.3912,421.571
1261,0,0,0,13.3816,370.372
869,0,0,0,13.3642,272.857
1856,0,0,0,13.3415,165.867
855,0,0,0,13.3414,165.154
854,0,0,0,13.339,151.318
841,0,0,0,13.3169,36.854
842,0,0,0,13.31,0
1590,0,0,1,13.8023,2521.99,0.0913333,398.368,0.04,2
1589,0,0,1,13.7749,2383.63
1560,0,0,1,13.7411,2202.38
1591,0,0,1,13.7235,2102.5
1559,0,0,1,13.7058,2007.51
1319,0,0,1,13.6989,1971.27
1318,0,0,1,13.6904,1924.94
1292,0,0,1,13.6896,1921.22
1291,0,0,1,13.6777,1860.89
1290,0,0,1,13.6596,1768.79
1294,0,0,1,13.6348,1636.7
1296,0,0,1,13.6168,1528.81
1336,0,0,2,14.0715,3854.13,0.0633333,276.241,0.28,3
2074,0,0,2,14.0566,3783.52
2075,0,0,2,14.022,3610.51
1370,0,0,2,13.9947,3472.92
1359,0,0,2,13.9938,3468.47
2071,0,0,2,13.9773,3376.35
1317,0,0,2,13.9662,3311.54
2072,0,0,2,13.9481,3212.81
1588,0,0,2,13.915,3036.61
1590,0,0,2,13.8937,2920.36
637,0,0,3,14.4,5460.13,0.0685,298.776,0.14,4
685,0,0,3,14.3889,5406.35
687,0,0,3,14.3837,5380.65
971,0,0,3,14.3705,5317.53
972,0,0,3,14.3633,5281.94
973,0,0,3,14.3536,5233.16
1008,0,0,3,14.343,5181.43
1009,0,0,3,14.3309,5119.85
1038,0,0,3,14.3227,5079.25
1039,0,0,3,14.3221,5076.58
1037,0,0,3,14.3122,5028.01
1034,0,0,3,14.304,4984.17
2033,0,0,3,14.2978,4951.89
1803,0,0,3,14.2919,4921.74
1785,0,0,3,14.2761,4840.24
1067,0,0,3,14.2697,4808.5
1086,0,0,3,14.2589,4754.16
2036,0,0,3,14.2446,4682.39
1112,0,0,3,14.241,4663.56
2041,0,0,3,14.2272,4595.29
2042,0,0,3,14.2138,4527.2
1564,0,0,3,14.2025,4471.58
2107,0,0,3,14.1924,4421.67
1145,0,0,3,14.1856,4388.99
2053,0,0,3,14.1725,4322
2073,0,0,3,14.165,4283.87
1336,0,0,3,14.1348,4130.37
2135,0,0,4,14.683,6922.68,0.0471667,205.727,0.03,5
2133,0,0,4,14.656,6742.57
366,0,0,4,14.6517,6715.31
371,0,0,4,14.6413,6656.33
377,0,0,4,14.6207,6545.28
386,0,0,4,14.6061,6469.41
489,0,0,4,14.5972,6422.47
490,0,0,4,14.581,6334.18
492,0,0,4,14.5754,6304.25
491,0,0,4,14.5725,6288.17
1991,0,0,4,14.5679,6264.99
513,0,0,4,14.5616,6234.65
1753,0,0,4,14.5368,6120.16
1751,0,0,4,14.5308,6089.53
530,0,0,4,14.5264,6066.61
1992,0,0,4,14.5229,6049.22
560,0,0,4,14.5129,5996.76
555,0,0,4,14.5085,5975.5
559,0,0,4,14.5025,5939.71
554,0,0,4,14.4995,5919.95
565,0,0,4,14.4913,5874.32
562,0,0,4,14.4845,5839.34
639,0,0,4,14.481,5821.9
638,0,0,4,14.4743,5787.86
637,0,0,4,14.4685,5758.9
321,0,0,5,15.0442,8921.89,0.0535,233.351,0.52,6
108,0,0,5,15.0438,8919.66
107,0,0,5,15.0365,8871.71
1967,0,0,5,15.0335,8843.01
105,0,0,5,15.0084,8694.17
124,0,0,5,14.9968,8623.49
1970,0,0,5,14.981,8530.37
122,0,0,5,14.9695,8470.95
117,0,0,5,14.9511,8379.44
118,0,0,5,14.943,8339.42
1968,0,0,5,14.9115,8174.7
1969,0,0,5,14.8997,8098.65
115,0,0,5,14.8971,8084.06
2113,0,0,5,14.8924,8058.49
2133,0,0,5,14.7555,7307.28
2135,0,0,5,14.7302,7128.4
261,0,0,6,15.2916,10242.1,0.0815,355.478,0.26,7
262,0,0,6,15.2747,10158.2
269,0,0,6,15.26,10081.7
270,0,0,6,15.2522,10038.1
263,0,0,6,15.2516,10035.4
264,0,0,6,15.2284,9913.56
82,0,0,6,15.1948,9732.49
83,0,0,6,15.1686,9577.06
324,0,0,6,15.1684,9575.07
319,0,0,6,15.1424,9434.5
320,0,0,6,15.1298,9348.79
1978,0,0,6,15.112,9229.37
321,0,0,6,15.0977,9155.24
769,0,0,7,15.6533,12086.9,0.0581667,253.705,0.23,8
772,0,0,7,15.6023,11839.6
773,0,0,7,15.5911,11779
255,0,0,7,15.4648,11085.3
286,0,0,7,15.4177,10847.1
281,0,0,7,15.4067,10785.6
272,0,0,7,15.3966,10729.6
267,0,0,7,15.3826,10650.1
261,0,0,7,15.3731,10597.6
1233,0,0,8,15.9168,13518,0.0345,150.479,0.35,9
1227,0,0,8,15.8843,13338.8
1226,0,0,8,15.8765,13295.6
1221,0,0,8,15.8613,13213.8
1218,0,0,8,15.8424,13108.4
1213,0,0,8,15.8328,13056.2
1212,0,0,8,15.822,12921.3
770,0,0,8,15.7481,12539.4
772,0,0,8,15.7394,12491.8
769,0,0,8,15.7114,12340.6
1576,0,0,9,16.159,14801.1,0.0355,154.84,0.24,10
1251,0,0,9,16.0837,14389.4
1250,0,0,9,16.0756,14344.7
1249,0,0,9,16.062,14274.6
1248,0,0,9,16.0572,14247.9
1596,0,0,9,16.0453,14182.2
1567,0,0,9,16.0197,14044
1253,0,0,9,16.0084,13984.1
1252,0,0,9,15.9908,13891.2
1233,0,0,9,15.9513,13668.5
842,0,0,10,16.4217,16187.3,0,0,0
853,0,0,10,16.404,16092.4
852,0,0,10,16.3924,16028.1
864,0,0,10,16.3856,15992
862,0,0,10,16.3764,15942.5
1773,0,0,10,16.3643,15877.8
1259,0,0,10,16.3496,15799.2
1260,0,0,10,16.3323,15712
1258,0,0,10,16.3208,15649.4
1265,0,0,10,16.3103,15591.5
1264,0,0,10,16.3015,15544.1
1274,0,0,10,16.291,15487.6
1273,0,0,10,16.2802,15430.3
1282,0,0,10,16.2697,15374.3
1251,0,0,10,16.2632,15338.4
1576,0,0,10,16.1945,14955.9
1296,1,0,0,13.811,1110.81,0.0958333,417.996,0,1
1294,1,0,0,13.7869,980.492
1290,1,0,0,13.7613,845.048
1558,1,0,0,13.7506,792.147
1288,1,0,0,13.7248,653.889
2067,1,0,0,13.7012,527.764
1272,1,0,0,13.6812,421.571
1261,1,0,0,13.6716,370.372
869,1,0,0,13.6542,272.857
1856,1,0,0,13.6315,165.867
855,1,0,0,13.6314,165.154
854,1,0,0,13.629,151.318
841,1,0,0,13.6069,36.854
842,1,0,0,13.6,0
1590,1,0,1,14.0923,2521.99,0.0736667,321.312,0.04,2
1589,1,0,1,14.0649,2383.63
1560,1,0,1,14.0311,2202.38
1591,1,0,1,14.0135,2102.5
1559,1,0,1,13.9958,2007.51
1319,1,0,1,13.9889,1971.27
1318,1,0,1,13.9804,1924.94
1292,1,0,1,13.9796,1921.22
1291,1,0,1,13.9677,1860.89
1290,1,0,1,13.9496,1768.79
1294,1,0,1,13.9248,1636.7
1296,1,0,1,13.9068,1528.81
1336,1,0,2,14.3482,3804.95,0.0633333,276.241,0.28,3
1792,1,0,2,14.3399,3764.12
1334,1,0,2,14.3301,3716.24
1335,1,0,2,14.3194,3666.01
1341,1,0,2,14.3109,3619.04
1315,1,0,2,14.2935,3523.27
2165,1,0,2,14.2745,3426.71
2071,1,0,2,14.2537,3315.56
1317,1,0,2,14.2417,3248.15
2072,1,0,2,14.2227,3145.45
1588,1,0,2,14.1887,2965.47
1590,1,0,2,14.166,2843.3
637,1,0,3,14.6766,5410.94,0.0685,298.776,0.14,4
685,1,0,3,14.6655,5357.16
687,1,0,3,14.6604,5331.47
971,1,0,3,14.6472,5268.34
972,1,0,3,14.64,5232.75
973,1,0,3,14.6303,5183.97
1008,1,0,3,14.6197,5132.24
1009,1,0,3,14.6075,5070.66
1038,1,0,3,14.5993,5030.07
1039,1,0,3,14.5988,5027.39
1037,1,0,3,14.5889,4978.83
1034,1,0,3,14.5807,4934.99
2033,1,0,3,14.5744,4902.7
1803,1,0,3,14.5685,4872.55
1785,1,0,3,14.5528,4791.05
1067,1,0,3,14.5464,4759.31
1086,1,0,3,14.5356,4704.97
2036,1,0,3,14.5213,4633.21
1112,1,0,3,14.5176,4614.37
2041,1,0,3,14.5039,4546.1
2042,1,0,3,14.4905,4478.01
1564,1,0,3,14.4791,4422.39
2107,1,0,3,14.469,4372.48
1145,1,0,3,14.4623,4339.81
2053,1,0,3,14.4492,4272.82
2073,1,0,3,14.4417,4234.68
1336,1,0,3,14.4115,4081.19
2135,1,0,4,14.9597,6873.49,0.0471667,205.727,0.03,5
2133,1,0,4,14.9327,6693.38
366,1,0,4,14.9283,6666.12
371,1,0,4,14.918,6607.15
377,1,0,4,14.8974,6496.1
386,1,0,4,14.8828,6420.22
489,1,0,4,14.8739,6373.28
490,1,0,4,14.8577,6285
492,1,0,4,14.8521,6255.06
491,1,0,4,14.8492,6238.98
1991,1,0,4,14.8445,6215.81
513,1,0,4,14.8383,6185.46
1753,1,0,4,14.8134,6070.97
1751,1,0,4,14.8075,6040.35
530,1,0,4,14.8031,6017.42
1992,1,0,4,14.7996,6000.03
560,1,0,4,14.7895,5947.57
555,1,0,4,14.7852,5926.32
559,1,0,4,14.7792,5890.52
554,1,0,4,14.7761,5870.77
565,1,0,4,14.7679,5825.14
562,1,0,4,14.7612,5790.15
639,1,0,4,14.7577,5772.71
638,1,0,4,14.751,5738.68
637,1,0,4,14.7451,5709.72
321,1,0,5,15.3125,8836,0.0535,233.351,0.52,6
108,1,0,5,15.312,8833.77
107,1,0,5,15.3044,8785.46
1967,1,0,5,15.3014,8756.76
105,1,0,5,15.2757,8606.9
124,1,0,5,15.2616,8528.73
1970,1,0,5,15.2459,8435.86
122,1,0,5,15.2318,8365.48
117,1,0,5,15.2134,8273.93
118,1,0,5,15.2039,8228.21
1968,1,0,5,15.173,8065.81
1969,1,0,5,15.1614,7990.12
115,1,0,5,15.1589,7975.61
2113,1,0,5,15.1537,7947.89
2133,1,0,5,15.0308,7257.7
2135,1,0,5,15.0069,7079.22
261,1,0,6,15.5598,10156.2,0.0815,355.478,0.26,7
262,1,0,6,15.543,10072.3
269,1,0,6,15.5282,9995.77
270,1,0,6,15.5204,9952.24
263,1,0,6,15.5198,9949.47
264,1,0,6,15.4966,9827.67
82,1,0,6,15.463,9646.6
83,1,0,6,15.4369,9491.17
324,1,0,6,15.4366,9489.18
319,1,0,6,15.4106,9348.61
320,1,0,6,15.3981,9262.91
1978,1,0,6,15.3802,9143.48
321,1,0,6,15.366,9069.35
769,1,0,7,15.9215,12001,0.0581667,253.705,0.23,8
772,1,0,7,15.8706,11753.7
773,1,0,7,15.8594,11693.1
255,1,0,7,15.7331,10999.5
286,1,0,7,15.6859,10761.2
281,1,0,7,15.6749,10699.7
272,1,0,7,15.6649,10643.7
267,1,0,7,15.6509,10564.2
261,1,0,7,15.6413,10511.7
1233,1,0,8,16.185,13432.1,0.0526667,229.716,0.28,9
1227,1,0,8,16.1526,13252.9
1226,1,0,8,16.1447,13209.7
1221,1,0,8,16.1296,13127.9
1218,1,0,8,16.1107,13022.5
1213,1,0,8,16.1011,12970.3
1212,1,0,8,16.0903,12835.4
770,1,0,8,16.0164,12453.5
772,1,0,8,16.0077,12405.9
769,1,0,8,15.9797,12254.7
1576,1,0,9,16.4484,14807,0.0355,154.84,0.24,10
1251,1,0,9,16.3763,14409.3
1250,1,0,9,16.3674,14361.4
1249,1,0,9,16.3546,14294.6
1248,1,0,9,16.3471,14256.6
1596,1,0,9,16.3357,14192.5
1567,1,0,9,16.3084,14047.2
1253,1,0,9,16.2957,13981.7
1252,1,0,9,16.2798,13895.7
1233,1,0,9,16.2377,13661.8
842,1,0,10,16.7111,16193.2,0,0,0
853,1,0,10,16.6933,16098.3
852,1,0,10,16.6818,16034
864,1,0,10,16.675,15997.9
862,1,0,10,16.6658,15948.4
1773,1,0,10,16.6537,15883.7
1259,1,0,10,16.639,15805.2
1260,1,0,10,16.6216,15717.9
1258,1,0,10,16.6101,15655.3
1265,1,0,10,16.5997,15597.4
1264,1,0,10,16.5909,15550
1274,1,0,10,16.5804,15493.6
1273,1,0,10,16.5695,15436.2
1282,1,0,10,16.5591,15380.2
1251,1,0,10,16.5525,15344.3
1576,1,0,10,16.4839,14961.8
1296,2,0,0,13.901,1110.81,0.0958333,417.996,0,1
1294,2,0,0,13.8769,980.492
1290,2,0,0,13.8513,845.048
1558,2,0,0,13.8406,792.147
1288,2,0,0,13.8148,653.889
2067,2,0,0,13.7912,527.764
1272,2,0,0,13.7712,421.571
1261,2,0,0,13.7616,370.372
869,2,0,0,13.7442,272.857
1856,2,0,0,13.7215,165.867
855,2,0,0,13.7214,165.154
854,2,0,0,13.719,151.318
841,2,0,0,13.6969,36.854
842,2,0,0,13.69,0
1590,2,0,1,14.1823,2521.99,0.0736667,321.312,0.04,2
1589,2,0,1,14.1549,2383.63
1560,2,0,1,14.1211,2202.38
1591,2,0,1,14.1035,2102.5
1559,2,0,1,14.0858,2007.51
1319,2,0,1,14.0789,1971.27
1318,2,0,1,14.0704,1924.94
1292,2,0,1,14.0696,1921.22
1291,2,0,1,14.0577,1860.89
1290,2,0,1,14.0396,1768.79
1294,2,0,1,14.0148,1636.7
1296,2,0,1,13.9968,1528.81
1336,2,0,2,14.4382,3804.95,0.0633333,276.241,0.28,3
1792,2,0,2,14.4299,3764.12
1334,2,0,2,14.4201,3716.24
1335,2,0,2,14.4094,3666.01
1341,2,0,2,14.4009,3619.04
1315,2,0,2,14.3835,3523.27
2165,2,0,2,14.3645,3426.71
2071,2,0,2,14.3437,3315.56
1317,2,0,2,14.3317,3248.15
2072,2,0,2,14.3127,3145.45
1588,2,0,2,14.2787,2965.47
1590,2,0,2,14.256,2843.3
637,2,0,3,14.7666,5410.94,0.0685,298.776,0.14,4
685,2,0,3,14.7555,5357.16
687,2,0,3,14.7504,5331.47
971,2,0,3,14.7372,5268.34
972,2,0,3,14.73,5232.75
973,2,0,3,14.7203,5183.97
1008,2,0,3,14.7097,5132.24
1009,2,0,3,14.6975,5070.66
1038,2,0,3,14.6893,5030.07
1039,2,0,3,14.6888,5027.39
1037,2,0,3,14.6789,4978.83
1034,2,0,3,14.6707,4934.99
2033,2,0,3,14.6644,4902.7
1803,2,0,3,14.6585,4872.55
1785,2,0,3,14.6428,4791.05
1067,2,0,3,14.6364,4759.31
1086,2,0,3,14.6256,4704.97
2036,2,0,3,14.6113,4633.21
1112,2,0,3,14.6076,4614.37
2041,2,0,3,14.5939,4546.1
2042,2,0,3,14.5805,4478.01
1564,2,0,3,14.5691,4422.39
2107,2,0,3,14.559,4372.48
1145,2,0,3,14.5523,4339.81
2053,2,0,3,14.5392,4272.82
2073,2,0,3,14.5317,4234.68
1336,2,0,3,14.5015,4081.19
2135,2,0,4,15.0497,6873.49,0.0925,403.457,0.04,5
2133,2,0,4,15.0227,6693.38
366,2,0,4,15.0183,6666.12
371,2,0,4,15.008,6607.15
377,2,0,4,14.9874,6496.1
386,2,0,4,14.9728,6420.22
489,2,0,4,14.9639,6373.28
490,2,0,4,14.9477,6285
492,2,0,4,14.9421,6255.06
491,2,0,4,14.9392,6238.98
1991,2,0,4,14.9345,6215.81
513,2,0,4,14.9283,6185.46
1753,2,0,4,14.9034,6070.97
1751,2,0,4,14.8975,6040.35
530,2,0,4,14.8931,6017.42
1992,2,0,4,14.8896,6000.03
560,2,0,4,14.8795,5947.57
555,2,0,4,14.8752,5926.32
559,2,0,4,14.8692,5890.52
554,2,0,4,14.8661,5870.77
565,2,0,4,14.8579,5825.14
562,2,0,4,14.8512,5790.15
639,2,0,4,14.8477,5772.71
638,2,0,4,14.841,5738.68
637,2,0,4,14.8351,5709.72
321,2,0,5,15.4478,9033.73,0.0535,233.351,0.52,6
108,2,0,5,15.4473,9031.5
107,2,0,5,15.4397,8983.19
1967,2,0,5,15.4367,8954.49
105,2,0,5,15.411,8804.63
124,2,0,5,15.3969,8726.46
1970,2,0,5,15.3812,8633.59
122,2,0,5,15.3671,8563.21
117,2,0,5,15.3487,8471.66
118,2,0,5,15.3393,8425.94
1968,2,0,5,15.3083,8263.54
1969,2,0,5,15.2968,8187.85
115,2,0,5,15.2942,8173.34
2113,2,0,5,15.289,8145.62
2133,2,0,5,15.1662,7455.43
2135,2,0,5,15.1422,7276.95
261,2,0,6,15.6952,10353.9,0.0815,355.478,0.26,7
262,2,0,6,15.6783,10270
269,2,0,6,15.6635,10193.5
270,2,0,6,15.6558,10150
263,2,0,6,15.6552,10147.2
264,2,0,6,15.632,10025.4
82,2,0,6,15.5984,9844.33
83,2,0,6,15.5722,9688.91
324,2,0,6,15.572,9686.91
319,2,0,6,15.546,9546.34
320,2,0,6,15.5334,9460.64
1978,2,0,6,15.5155,9341.21
321,2,0,6,15.5013,9267.08
769,2,0,7,16.0569,12198.8,0.101167,441.259,0.18,8
772,2,0,7,16.0059,11951.4
773,2,0,7,15.9947,11890.8
255,2,0,7,15.8684,11197.2
286,2,0,7,15.8213,10958.9
281,2,0,7,15.8103,10897.4
272,2,0,7,15.8002,10841.5
267,2,0,7,15.7862,10761.9
261,2,0,7,15.7767,10709.4
1233,2,0,8,16.3888,13927.8,0.0526667,229.716,0.28,9
1227,2,0,8,16.3556,13745
1222,2,0,8,16.3372,13649.8
1221,2,0,8,16.3263,13591.4
1218,2,0,8,16.3089,13491.3
1213,2,0,8,16.2985,13436.1
1212,2,0,8,16.2878,13301.2
770,2,0,8,16.1988,12856.1
772,2,0,8,16.1907,12811.2
769,2,0,8,16.158,12640
1576,2,0,9,16.6522,15302.6,0.0355,154.84,0.24,10
1251,2,0,9,16.5801,14905
1250,2,0,9,16.5713,14857.1
1249,2,0,9,16.5584,14790.3
1248,2,0,9,16.5509,14752.2
1596,2,0,9,16.5395,14688.2
1567,2,0,9,16.5123,14542.9
1253,2,0,9,16.4995,14477.3
1252,2,0,9,16.4836,14391.3
1233,2,0,9,16.4415,14157.5
842,2,0,10,16.9149,16688.9,0,0,0
853,2,0,10,16.8971,16593.9
852,2,0,10,16.8856,16529.7
864,2,0,10,16.8788,16493.6
862,2,0,10,16.8696,16444.1
1773,2,0,10,16.8575,16379.4
1259,2,0,10,16.8428,16300.8
1260,2,0,10,16.8254,16213.6
1258,2,0,10,16.814,16151
1265,2,0,10,16.8035,16093.1
1264,2,0,10,16.7947,16045.6
1274,2,0,10,16.7842,15989.2
1273,2,0,10,16.7734,15931.9
1282,2,0,10,16.7629,15875.9
1251,2,0,10,16.7563,15840
1576,2,0,10,16.6877,15457.5
1336,3,0,0,13.785,1265.12,0.0515,224.627,0.24,1
1792,3,0,0,13.7787,1232.71
1334,3,0,0,13.7707,1192.27
1335,3,0,0,13.76,1142.04
1341,3,0,0,13.7525,1099.34
1315,3,0,0,13.7323,991.581
2165,3,0,0,13.7145,899.682
2117,3,0,0,13.7097,872.891
2164,3,0,0,13.6903,756.918
1306,3,0,0,13.6666,597.478
1599,3,0,0,13.6506,507.414
1300,3,0,0,13.6468,481.712
1298,3,0,0,13.6419,454.453
2176,3,0,0,13.6356,415.575
2066,3,0,0,13.6249,347.941
869,3,0,0,13.6142,272.857
1856,3,0,0,13.5915,165.867
855,3,0,0,13.5914,165.154
854,3,0,0,13.589,151.318
841,3,0,0,13.5669,36.854
842,3,0,0,13.56,0
1590,3,0,1,14.0184,2454.38,0.0736667,321.312,0.04,2
1588,3,0,1,14.0007,2352.56
2072,3,0,1,13.9611,2149.45
1317,3,0,1,13.9434,2051.87
2071,3,0,1,13.9329,1988.07
1359,3,0,1,13.9121,1877.39
1370,3,0,1,13.9112,1872.93
2075,3,0,1,13.8911,1765.85
1822,3,0,1,13.8903,1761.85
1342,3,0,1,13.8694,1651.06
1334,3,0,1,13.8553,1581.01
1792,3,0,1,13.8428,1522.47
1336,3,0,1,13.8365,1489.75
1296,3,0,2,14.2857,3810.41,0.1155,503.776,0.01,3
1294,3,0,2,14.2609,3677.08
1290,3,0,2,14.2358,3543.73
1291,3,0,2,14.2113,3425.35
1292,3,0,2,14.2018,3375.36
1318,3,0,2,14.201,3371.63
1319,3,0,2,14.1952,3332.12
1559,3,0,2,14.1915,3306.95
1320,3,0,2,14.1864,3281.33
1321,3,0,2,14.1697,3189.13
1560,3,0,2,14.1439,3055.49
1589,3,0,2,14.1108,2877.24
1590,3,0,2,14.0921,2775.69
637,3,0,3,14.8382,6707.77,0.0685,298.776,0.14,4
1996,3,0,3,14.8263,6646.77
1995,3,0,3,14.8195,6613.99
638,3,0,3,14.8078,6555
636,3,0,3,14.8037,6533.74
633,3,0,3,14.7972,6500.58
563,3,0,3,14.7919,6475.58
564,3,0,3,14.7859,6443.99
557,3,0,3,14.7797,6409.42
561,3,0,3,14.7734,6363.05
628,3,0,3,14.7694,6338.03
609,3,0,3,14.7574,6262.49
423,3,0,3,14.7515,6206.17
419,3,0,3,14.7472,6171.64
420,3,0,3,14.7419,6136.6
421,3,0,3,14.7378,6109.71
417,3,0,3,14.7335,6086.22
1989,3,0,3,14.7155,5993.64
2011,3,0,3,14.6954,5890.57
2156,3,0,3,14.6899,5862.13
2013,3,0,3,14.6892,5858.98
886,3,0,3,14.6782,5804.36
888,3,0,3,14.6614,5711.22
903,3,0,3,14.6504,5652.94
904,3,0,3,14.6469,5634.25
925,3,0,3,14.6253,5514.68
2019,3,0,3,14.6201,5488.38
929,3,0,3,14.6197,5486.4
938,3,0,3,14.6081,5422.21
950,3,0,3,14.5932,5345.56
951,3,0,3,14.5823,5293.92
949,3,0,3,14.57,5231.67
2025,3,0,3,14.5665,5214.22
2024,3,0,3,14.5518,5134.88
1301,3,0,3,14.5404,5074.31
1306,3,0,3,14.5274,5003.73
1312,3,0,3,14.5273,5003.36
1311,3,0,3,14.5163,4942.88
1319,3,0,3,14.4786,4734.67
1318,3,0,3,14.469,4683.08
1292,3,0,3,14.4682,4679.35
1291,3,0,3,14.4597,4633.72
1290,3,0,3,14.4443,4553.14
1294,3,0,3,14.4201,4423.66
1296,3,0,3,14.4012,4314.18
2135,3,0,4,15.1213,8170.32,0.0925,403.457,0.04,5
2133,3,0,4,15.0943,7990.21
366,3,0,4,15.0899,7962.95
371,3,0,4,15.0795,7903.98
377,3,0,4,15.059,7792.93
386,3,0,4,15.0444,7717.05
489,3,0,4,15.0355,7670.11
490,3,0,4,15.0192,7581.83
492,3,0,4,15.0137,7551.89
491,3,0,4,15.0107,7535.81
1991,3,0,4,15.0061,7512.64
513,3,0,4,14.9999,7482.29
1753,3,0,4,14.975,7367.8
1751,3,0,4,14.969,7337.18
530,3,0,4,14.9647,7314.25
1992,3,0,4,14.9612,7296.86
560,3,0,4,14.9511,7244.4
555,3,0,4,14.9468,7223.15
559,3,0,4,14.9408,7187.35
554,3,0,4,14.9377,7167.6
565,3,0,4,14.9295,7121.97
562,3,0,4,14.9228,7086.98
639,3,0,4,14.9193,7069.54
638,3,0,4,14.9126,7035.51
637,3,0,4,14.9067,7006.55
321,3,0,5,15.5194,10330.6,0.0535,233.351,0.52,6
108,3,0,5,15.5189,10328.3
107,3,0,5,15.5113,10280
1967,3,0,5,15.5083,10251.3
105,3,0,5,15.4826,10101.5
124,3,0,5,15.4685,10023.3
1970,3,0,5,15.4528,9930.42
122,3,0,5,15.4387,9860.04
117,3,0,5,15.4203,9768.49
118,3,0,5,15.4108,9722.77
1968,3,0,5,15.3799,9560.37
1969,3,0,5,15.3683,9484.68
115,3,0,5,15.3658,9470.17
2113,3,0,5,15.3606,9442.45
2133,3,0,5,15.2377,8752.26
2135,3,0,5,15.2138,8573.78
261,3,0,6,15.7667,11650.8,0.0815,355.478,0.26,7
262,3,0,6,15.7499,11566.9
269,3,0,6,15.7351,11490.3
270,3,0,6,15.7273,11446.8
263,3,0,6,15.7267,11444
264,3,0,6,15.7035,11322.2
82,3,0,6,15.6699,11141.2
83,3,0,6,15.6438,10985.7
324,3,0,6,15.6435,10983.7
319,3,0,6,15.6175,10843.2
320,3,0,6,15.605,10757.5
1978,3,0,6,15.5871,10638
321,3,0,6,15.5729,10563.9
769,3,0,7,16.1284,13495.6,0.101167,441.259,0.18,8
772,3,0,7,16.0775,13248.3
773,3,0,7,16.0663,13187.6
255,3,0,7,15.94,12494
286,3,0,7,15.8928,12255.7
281,3,0,7,15.8818,12194.2
272,3,0,7,15.8718,12138.3
267,3,0,7,15.8578,12058.7
261,3,0,7,15.8482,12006.2
1233,3,0,8,16.4604,15224.6,0.0526667,229.716,0.28,9
1227,3,0,8,16.4271,15041.8
1222,3,0,8,16.4087,14946.6
1221,3,0,8,16.3979,14888.3
1218,3,0,8,16.3804,14788.1
1213,3,0,8,16.3701,14732.9
1212,3,0,8,16.3593,14598.1
770,3,0,8,16.2704,14153
772,3,0,8,16.2623,14108
769,3,0,8,16.2296,13936.8
1576,3,0,9,16.7238,16599.5,0.0355,154.84,0.24,10
1251,3,0,9,16.6517,16201.8
1250,3,0,9,16.6428,16153.9
1249,3,0,9,16.63,16087.1
1248,3,0,9,16.6225,16049.1
1596,3,0,9,16.6111,15985
1567,3,0,9,16.5838,15839.8
1253,3,0,9,16.5711,15774.2
1252,3,0,9,16.5552,15688.2
1233,3,0,9,16.5131,15454.3
842,3,0,10,16.9865,17985.7,0,0,0
853,3,0,10,16.9687,17890.8
852,3,0,10,16.9572,17826.5
864,3,0,10,16.9504,17790.4
862,3,0,10,16.9411,17740.9
1773,3,0,10,16.9291,17676.2
1259,3,0,10,16.9144,17597.7
1260,3,0,10,16.897,17510.4
1258,3,0,10,16.8855,17447.8
1265,3,0,10,16.8751,17389.9
1264,3,0,10,16.8663,17342.5
1274,3,0,10,16.8558,17286.1
1273,3,0,10,16.8449,17228.7
1282,3,0,10,16.8344,17172.7
1251,3,0,10,16.8279,17136.8
1576,3,0,10,16.7593,16754.3
1336,4,0,0,13.635,1265.12,0.0515,224.627,0.24,1
1792,4,0,0,13.6287,1232.71
1334,4,0,0,13.6207,1192.27
1335,4,0,0,13.61,1142.04
1341,4,0,0,13.6025,1099.34
1315,4,0,0,13.5823,991.581
2165,4,0,0,13.5645,899.682
2117,4,0,0,13.5597,872.891
2164,4,0,0,13.5403,756.918
1306,4,0,0,13.5166,597.478
1599,4,0,0,13.5006,507.414
1300,4,0,0,13.4968,481.712
1298,4,0,0,13.4919,454.453
2176,4,0,0,13.4856,415.575
2066,4,0,0,13.4749,347.941
869,4,0,0,13.4642,272.857
1856,4,0,0,13.4415,165.867
855,4,0,0,13.4414,165.154
854,4,0,0,13.439,151.318
841,4,0,0,13.4169,36.854
842,4,0,0,13.41,0
1296,4,0,1,13.9688,3016.67,0.0958333,417.996,0,2
1294,4,0,1,13.9534,2911.8
1290,4,0,1,13.9302,2786.5
1291,4,0,1,13.9191,2724.47
1292,4,0,1,13.911,2680.57
1318,4,0,1,13.9103,2676.85
1319,4,0,1,13.9045,2637.34
1559,4,0,1,13.9008,2612.17
1320,4,0,1,13.8961,2588.42
1321,4,0,1,13.8802,2499.58
1562,4,0,1,13.8671,2427.64
1563,4,0,1,13.8273,2220.48
2164,4,0,1,13.8147,2154.18
1313,4,0,1,13.7928,2035.31
1309,4,0,1,13.7842,1986.49
1314,4,0,1,13.7836,1983.62
2163,4,0,1,13.7674,1897.69
1333,4,0,1,13.737,1740.94
1335,4,0,1,13.7112,1611.69
1334,4,0,1,13.7053,1581.01
1792,4,0,1,13.6928,1522.47
1336,4,0,1,13.6865,1489.75
1590,4,0,2,14.264,4484.31,0.0736667,321.312,0.04,3
1589,4,0,2,14.2368,4347.05
1560,4,0,2,14.2019,4160.76
1591,4,0,2,14.1736,4015.58
1559,4,0,2,14.1486,3889.28
1319,4,0,2,14.1421,3855.15
1318,4,0,2,14.1324,3803.56
1292,4,0,2,14.1317,3799.83
1291,4,0,2,14.1232,3754.19
1290,4,0,2,14.1078,3673.62
1294,4,0,2,14.0836,3544.14
1296,4,0,2,14.0647,3434.66
637,4,0,3,14.7447,6900.5,0.0685,298.776,0.14,4
685,4,0,3,14.7336,6846.72
687,4,0,3,14.7284,6820.69
971,4,0,3,14.7138,6751.79
972,4,0,3,14.7064,6715.58
973,4,0,3,14.6918,6646.45
1008,4,0,3,14.682,6598.36
1009,4,0,3,14.665,6516.56
1041,4,0,3,14.6648,6515.87
1039,4,0,3,14.656,6471.04
1037,4,0,3,14.6467,6424.59
1034,4,0,3,14.6385,6380.92
2033,4,0,3,14.6323,6348.91
1053,4,0,3,14.6212,6292.18
1784,4,0,3,14.6182,6276.02
1066,4,0,3,14.6091,6229.18
2034,4,0,3,14.589,6126.86
1850,4,0,3,14.5805,6082.91
2035,4,0,3,14.5716,6036.08
1106,4,0,3,14.5591,5969.25
2039,4,0,3,14.5526,5927.73
2106,4,0,3,14.5347,5833.15
2050,4,0,3,14.5266,5793.53
2051,4,0,3,14.5071,5700.06
1333,4,0,3,14.4786,5554.74
1315,4,0,3,14.4651,5485.59
2165,4,0,3,14.4462,5389.03
2071,4,0,3,14.4254,5277.88
1317,4,0,3,14.4134,5210.47
2072,4,0,3,14.3944,5107.77
1588,4,0,3,14.3603,4927.79
1590,4,0,3,14.3377,4805.63
2135,4,0,4,15.0278,8363.05,0.0925,403.457,0.04,5
2133,4,0,4,15.0008,8182.94
366,4,0,4,14.9964,8155.69
371,4,0,4,14.9861,8096.71
377,4,0,4,14.9655,7985.66
386,4,0,4,14.9509,7909.78
489,4,0,4,14.942,7862.84
490,4,0,4,14.9257,7774.56
492,4,0,4,14.9202,7744.63
491,4,0,4,14.9172,7728.55
1991,4,0,4,14.9126,7705.37
513,4,0,4,14.9064,7675.03
1753,4,0,4,14.8815,7560.54
1751,4,0,4,14.8755,7529.91
530,4,0,4,14.8712,7506.98
1992,4,0,4,14.8677,7489.6
560,4,0,4,14.8576,7437.14
555,4,0,4,14.8533,7415.88
559,4,0,4,14.8473,7380.08
554,4,0,4,14.8442,7360.33
565,4,0,4,14.836,7314.7
562,4,0,4,14.8293,7279.71
639,4,0,4,14.8258,7262.27
638,4,0,4,14.8191,7228.24
637,4,0,4,14.8132,7199.28
321,4,0,5,15.4259,10523.3,0.0535,233.351,0.52,6
108,4,0,5,15.4254,10521.1
107,4,0,5,15.4178,10472.8
1967,4,0,5,15.4148,10444.1
105,4,0,5,15.3891,10294.2
124,4,0,5,15.375,10216
1970,4,0,5,15.3593,10123.2
122,4,0,5,15.3452,10052.8
117,4,0,5,15.3268,9961.22
118,4,0,5,15.3174,9915.5
1968,4,0,5,15.2864,9753.1
1969,4,0,5,15.2749,9677.41
115,4,0,5,15.2723,9662.91
2113,4,0,5,15.2671,9635.18
2133,4,0,5,15.1442,8944.99
2135,4,0,5,15.1203,8766.51
261,4,0,6,15.6733,11843.5,0.0815,355.478,0.26,7
262,4,0,6,15.6564,11759.6
269,4,0,6,15.6416,11683.1
270,4,0,6,15.6339,11639.5
263,4,0,6,15.6333,11636.8
264,4,0,6,15.6101,11515
82,4,0,6,15.5764,11333.9
83,4,0,6,15.5503,11178.5
324,4,0,6,15.5501,11176.5
319,4,0,6,15.5241,11035.9
320,4,0,6,15.5115,10950.2
1978,4,0,6,15.4936,10830.8
321,4,0,6,15.4794,10756.6
769,4,0,7,16.0349,13688.3,0.101167,441.259,0.18,8
772,4,0,7,15.984,13441
773,4,0,7,15.9728,13380.4
255,4,0,7,15.8465,12686.7
286,4,0,7,15.7993,12448.5
281,4,0,7,15.7884,12387
272,4,0,7,15.7783,12331
267,4,0,7,15.7643,12251.5
261,4,0,7,15.7548,12199
1233,4,0,8,16.3669,15417.4,0.0526667,229.716,0.28,9
1227,4,0,8,16.3336,15234.5
1222,4,0,8,16.3152,15139.3
1221,4,0,8,16.3044,15081
1218,4,0,8,16.2869,14980.8
1213,4,0,8,16.2766,14925.7
1212,4,0,8,16.2658,14790.8
770,4,0,8,16.1769,14345.7
772,4,0,8,16.1688,14300.8
769,4,0,8,16.1361,14129.6
1576,4,0,9,16.6303,16792.2,0.0355,154.84,0.24,10
1251,4,0,9,16.5582,16394.5
1250,4,0,9,16.5493,16346.6
1249,4,0,9,16.5365,16279.8
1248,4,0,9,16.529,16241.8
1596,4,0,9,16.5176,16177.7
1567,4,0,9,16.4903,16032.5
1253,4,0,9,16.4776,15966.9
1252,4,0,9,16.4617,15880.9
1233,4,0,9,16.4196,15647.1
842,4,0,10,16.893,18178.5,0,0,0
853,4,0,10,16.8752,18083.5
852,4,0,10,16.8637,18019.2
864,4,0,10,16.8569,17983.1
862,4,0,10,16.8477,17933.7
1773,4,0,10,16.8356,17868.9
1259,4,0,10,16.8209,17790.4
1260,4,0,10,16.8035,17703.2
1258,4,0,10,16.792,17640.6
1265,4,0,10,16.7816,17582.7
1264,4,0,10,16.7728,17535.2
1274,4,0,10,16.7623,17478.8
1273,4,0,10,16.7515,17421.4
1282,4,0,10,16.741,17365.5
1251,4,0,10,16.7344,17329.5
1576,4,0,10,16.6658,16947
1296,5,0,0,14.9297,1188.03,0.1155,503.776,0.01,1
1294,5,0,0,14.9048,1054.7
1290,5,0,0,14.8798,921.353
1558,5,0,0,14.8648,850.822
1288,5,0,0,14.8339,691.018
2067,5,0,0,14.8078,553.801
1272,5,0,0,14.7825,425.467
1261,5,0,0,14.7745,381.114
869,5,0,0,14.7542,271.175
1856,5,0,0,14.7309,161.497
855,5,0,0,14.7307,160.784
854,5,0,0,14.7283,146.853
853,5,0,0,14.7226,115.571
842,5,0,0,14.7,0
1590,5,0,1,15.2333,2692.61,0.0708333,308.954,0.03,2
1589,5,0,1,15.2104,2573.11
1560,5,0,1,15.179,2402.21
1591,5,0,1,15.159,2292.07
1559,5,0,1,15.143,2204.54
1319,5,0,1,15.1361,2168.33
1318,5,0,1,15.127,2119.11
1292,5,0,1,15.1262,2115.39
1291,5,0,1,15.1146,2056.29
1290,5,0,1,15.1003,1980.48
1294,5,0,1,15.075,1846.58
1296,5,0,1,15.0452,1691.8
1336,5,0,2,15.4768,3912.88,0.0595,259.521,0.34,3
2074,5,0,2,15.4627,3845.34
2075,5,0,2,15.4329,3692.39
1370,5,0,2,15.4054,3553.84
1359,5,0,2,15.4044,3549.38
2071,5,0,2,15.3872,3453.98
1317,5,0,2,15.3752,3386.38
2072,5,0,2,15.3571,3287.6
1588,5,0,2,15.327,3124.44
1590,5,0,2,15.3041,3001.57
637,5,0,3,15.7941,5483.21,0.0886667,386.737,0.11,4
685,5,0,3,15.783,5429.68
687,5,0,3,15.778,5404.53
971,5,0,3,15.7677,5353.35
972,5,0,3,15.7613,5320.7
973,5,0,3,15.7512,5270.48
1008,5,0,3,15.7421,5224.9
1009,5,0,3,15.7301,5164.26
1041,5,0,3,15.73,5163.57
1059,5,0,3,15.7221,5122.83
1058,5,0,3,15.7144,5086.49
1056,5,0,3,15.708,5052.32
1072,5,0,3,15.691,4963.7
1071,5,0,3,15.6824,4920.14
1090,5,0,3,15.6746,4877.24
1089,5,0,3,15.6683,4842.98
1119,5,0,3,15.6597,4797.34
1118,5,0,3,15.6535,4763.31
1116,5,0,3,15.6526,4759.32
1127,5,0,3,15.6377,4681.99
1126,5,0,3,15.6298,4643.08
2042,5,0,3,15.6148,4566.89
1564,5,0,3,15.6055,4519.8
2107,5,0,3,15.596,4472.59
1145,5,0,3,15.5899,4442.43
2053,5,0,3,15.5728,4358.42
2073,5,0,3,15.5636,4313.49
1336,5,0,3,15.5363,4172.41
2135,5,0,4,16.0816,6985.13,0.0968333,422.358,0.05,5
2133,5,0,4,16.0577,6806.65
366,5,0,4,16.0537,6779.86
371,5,0,4,16.0427,6718.52
377,5,0,4,16.0233,6612.54
386,5,0,4,16.0082,6534.17
489,5,0,4,15.9963,6474.95
490,5,0,4,15.9802,6387.36
492,5,0,4,15.9742,6355.28
491,5,0,4,15.971,6338.41
1991,5,0,4,15.9664,6315.23
513,5,0,4,15.961,6288.21
1753,5,0,4,15.9498,6229.47
1751,5,0,4,15.9437,6198.52
530,5,0,4,15.9388,6173.38
1992,5,0,4,15.9353,6155.99
560,5,0,4,15.925,6102.48
555,5,0,4,15.921,6082.47
559,5,0,4,15.9157,6047.62
554,5,0,4,15.9128,6027.98
565,5,0,4,15.9057,5985.77
562,5,0,4,15.8996,5953.73
639,5,0,4,15.8961,5936.29
638,5,0,4,15.8889,5900.11
637,5,0,4,15.8827,5869.94
321,5,0,5,16.491,9187.61,0.052,226.808,0.44,6
108,5,0,5,16.4905,9185.37
107,5,0,5,16.4828,9136.96
1967,5,0,5,16.4798,9108.25
105,5,0,5,16.4539,8958.1
124,5,0,5,16.4394,8878
1970,5,0,5,16.4231,8784.07
122,5,0,5,16.4104,8719.65
117,5,0,5,16.3936,8634.84
118,5,0,5,16.3854,8594.1
1968,5,0,5,16.3565,8440.57
1969,5,0,5,16.3452,8365.17
115,5,0,5,16.3425,8350.15
2113,5,0,5,16.3364,8318.31
2133,5,0,5,16.204,7586.5
2135,5,0,5,16.1784,7407.49
842,5,0,6,16.7667,10629.6,0,0,0
830,5,0,6,16.7466,10524.9
2008,5,0,6,16.7165,10364.5
812,5,0,6,16.699,10269
807,5,0,6,16.6989,10268.2
356,5,0,6,16.6819,10180
1981,5,0,6,16.6696,10096.5
345,5,0,6,16.6481,9987.18
341,5,0,6,16.6397,9941.25
2132,5,0,6,16.6395,9939.2
328,5,0,6,16.6237,9845.19
2115,5,0,6,16.6132,9789.8
329,5,0,6,16.6089,9767.35
1979,5,0,6,16.6021,9734.29
1978,5,0,6,16.5588,9495.39
321,5,0,6,16.543,9414.42
261,5,1,0,15.6989,1661.66,0.0815,355.478,0.26,1
262,5,1,0,15.6811,1573.69
269,5,1,0,15.6687,1507.18
270,5,1,0,15.6579,1451.01
277,5,1,0,15.638,1346.78
283,5,1,0,15.6289,1296.43
284,5,1,0,15.6238,1271.28
285,5,1,0,15.6069,1185.29
289,5,1,0,15.5907,1096.75
331,5,1,0,15.5623,954.304
332,5,1,0,15.5533,906.366
339,5,1,0,15.5408,840.906
346,5,1,0,15.525,752.534
347,5,1,0,15.5244,749.516
354,5,1,0,15.5134,685.875
803,5,1,0,15.5134,685.503
804,5,1,0,15.501,621.793
818,5,1,0,15.4748,486.133
819,5,1,0,15.4654,422.153
2009,5,1,0,15.4583,374.646
2010,5,1,0,15.4419,272.968
839,5,1,0,15.431,213.908
838,5,1,0,15.4218,163.086
840,5,1,0,15.4033,64.8138
842,5,1,0,15.39,0
769,5,1,1,16.0606,3506.48,0.101167,441.259,0.18,2
772,5,1,1,16.0097,3259.17
773,5,1,1,15.9985,3198.52
255,5,1,1,15.8722,2504.91
286,5,1,1,15.825,2266.63
281,5,1,1,15.814,2205.14
272,5,1,1,15.8039,2149.19
267,5,1,1,15.79,2069.64
261,5,1,1,15.7804,2017.14
1233,5,1,2,16.3926,5235.52,0.0526667,229.716,0.28,3
1227,5,1,2,16.3593,5052.71
1222,5,1,2,16.3409,4957.51
1221,5,1,2,16.3301,4899.17
1218,5,1,2,16.3126,4799
1213,5,1,2,16.3023,4743.84
1212,5,1,2,16.2915,4608.97
770,5,1,2,16.2025,4163.85
772,5,1,2,16.1944,4118.92
769,5,1,2,16.1618,3947.74
1576,5,1,3,16.656,6610.36,0.0355,154.84,0.24,4
1251,5,1,3,16.5838,6212.7
1250,5,1,3,16.575,6164.78
1249,5,1,3,16.5622,6097.99
1248,5,1,3,16.5547,6059.97
1596,5,1,3,16.5433,5995.89
1567,5,1,3,16.516,5850.65
1253,5,1,3,16.5033,5785.07
1252,5,1,3,16.4874,5699.06
1233,5,1,3,16.4453,5465.24
842,5,1,4,16.9186,7996.62,0,0,0
853,5,1,4,16.9009,7901.66
852,5,1,4,16.8894,7837.38
864,5,1,4,16.8826,7801.28
862,5,1,4,16.8733,7751.85
1773,5,1,4,16.8613,7687.11
1259,5,1,4,16.8465,7608.55
1260,5,1,4,16.8292,7521.34
1258,5,1,4,16.8177,7458.74
1265,5,1,4,16.8073,7400.83
1264,5,1,4,16.7985,7353.36
1274,5,1,4,16.7879,7296.95
1273,5,1,4,16.7771,7239.59
1282,5,1,4,16.7666,7183.62
1251,5,1,4,16.7601,7147.7
1576,5,1,4,16.6915,6765.2
1296,6,0,0,14.7297,1188.03,0.1155,503.776,0.01,1
1294,6,0,0,14.7048,1054.7
1290,6,0,0,14.6798,921.353
1558,6,0,0,14.6648,850.822
1288,6,0,0,14.6339,691.018
2067,6,0,0,14.6078,553.801
1272,6,0,0,14.5825,425.467
1261,6,0,0,14.5745,381.114
869,6,0,0,14.5542,271.175
1856,6,0,0,14.5309,161.497
855,6,0,0,14.5307,160.784
854,6,0,0,14.5283,146.853
853,6,0,0,14.5226,115.571
842,6,0,0,14.5,0
1590,6,0,1,15.0445,2741.45,0.0708333,308.954,0.03,2
1589,6,0,1,15.0173,2604.19
1560,6,0,1,14.9824,2417.89
1591,6,0,1,14.9542,2272.72
1559,6,0,1,14.9291,2146.42
1319,6,0,1,14.9226,2112.29
1318,6,0,1,14.9129,2060.7
1292,6,0,1,14.9122,2056.97
1291,6,0,1,14.9037,2011.33
1290,6,0,1,14.8883,1930.76
1294,6,0,1,14.8641,1801.28
1296,6,0,1,14.8452,1691.8
1336,6,0,2,15.2881,3961.72,0.0595,259.521,0.34,3
2074,6,0,2,15.2739,3894.18
2075,6,0,2,15.2441,3741.23
1370,6,0,2,15.2166,3602.68
1359,6,0,2,15.2157,3598.22
2071,6,0,2,15.1984,3502.82
1317,6,0,2,15.1864,3435.22
2072,6,0,2,15.1683,3336.44
1588,6,0,2,15.1382,3173.28
1590,6,0,2,15.1154,3050.41
637,6,0,3,15.6053,5532.04,0.0886667,386.737,0.11,4
685,6,0,3,15.5942,5478.52
687,6,0,3,15.5893,5453.37
971,6,0,3,15.5789,5402.19
972,6,0,3,15.5725,5369.54
973,6,0,3,15.5624,5319.32
1008,6,0,3,15.5533,5273.74
1009,6,0,3,15.5414,5213.1
1041,6,0,3,15.5412,5212.41
1059,6,0,3,15.5333,5171.67
1058,6,0,3,15.5256,5135.33
1056,6,0,3,15.5192,5101.16
1072,6,0,3,15.5022,5012.54
1071,6,0,3,15.4936,4968.98
1090,6,0,3,15.4858,4926.08
1089,6,0,3,15.4795,4891.81
1119,6,0,3,15.471,4846.18
1118,6,0,3,15.4647,4812.15
1116,6,0,3,15.4638,4808.16
1127,6,0,3,15.4489,4730.83
1126,6,0,3,15.441,4691.92
2042,6,0,3,15.426,4615.73
1564,6,0,3,15.4167,4568.64
2107,6,0,3,15.4073,4521.43
1145,6,0,3,15.4011,4491.27
2053,6,0,3,15.384,4407.26
2073,6,0,3,15.3748,4362.33
1336,6,0,3,15.3476,4221.24
2135,6,0,4,15.8928,7033.97,0.0925,403.457,0.04,5
2133,6,0,4,15.8689,6855.49
366,6,0,4,15.8649,6828.7
371,6,0,4,15.8539,6767.36
377,6,0,4,15.8345,6661.38
386,6,0,4,15.8194,6583.01
489,6,0,4,15.8075,6523.79
490,6,0,4,15.7914,6436.2
492,6,0,4,15.7854,6404.12
491,6,0,4,15.7823,6387.25
1991,6,0,4,15.7776,6364.07
513,6,0,4,15.7722,6337.05
1753,6,0,4,15.761,6278.31
1751,6,0,4,15.7549,6247.36
530,6,0,4,15.75,6222.22
1992,6,0,4,15.7465,6204.83
560,6,0,4,15.7362,6151.32
555,6,0,4,15.7322,6131.31
559,6,0,4,15.7269,6096.46
554,6,0,4,15.724,6076.82
565,6,0,4,15.7169,6034.61
562,6,0,4,15.7108,6002.57
639,6,0,4,15.7073,5985.12
638,6,0,4,15.7001,5948.95
637,6,0,4,15.6939,5918.78
321,6,0,5,16.2909,9194.21,0.052,226.808,0.44,6
108,6,0,5,16.2904,9191.98
107,6,0,5,16.2828,9143.67
1967,6,0,5,16.2798,9114.97
105,6,0,5,16.2541,8965.11
124,6,0,5,16.24,8886.94
1970,6,0,5,16.2243,8794.07
122,6,0,5,16.2102,8723.69
117,6,0,5,16.1918,8632.14
118,6,0,5,16.1823,8586.42
1968,6,0,5,16.1514,8424.02
1969,6,0,5,16.1398,8348.33
115,6,0,5,16.1373,8333.82
2113,6,0,5,16.1321,8306.1
2133,6,0,5,16.0092,7615.91
2135,6,0,5,15.9853,7437.43
842,6,0,6,16.5666,10636.2,0,0,0
830,6,0,6,16.5465,10531.5
2008,6,0,6,16.5164,10371.1
812,6,0,6,16.4989,10275.6
807,6,0,6,16.4988,10274.8
356,6,0,6,16.4818,10186.6
1981,6,0,6,16.4695,10103.1
345,6,0,6,16.448,9993.79
341,6,0,6,16.4396,9947.86
2132,6,0,6,16.4393,9945.8
328,6,0,6,16.4236,9851.79
2115,6,0,6,16.4131,9796.41
329,6,0,6,16.4088,9773.96
1979,6,0,6,16.402,9740.9
1978,6,0,6,16.3587,9502
321,6,0,6,16.3429,9421.02
261,6,1,0,15.6989,1661.66,0.0815,355.478,0.26,1
262,6,1,0,15.6811,1573.69
269,6,1,0,15.6687,1507.18
270,6,1,0,15.6579,1451.01
277,6,1,0,15.638,1346.78
283,6,1,0,15.6289,1296.43
284,6,1,0,15.6238,1271.28
285,6,1,0,15.6069,1185.29
289,6,1,0,15.5907,1096.75
331,6,1,0,15.5623,954.304
332,6,1,0,15.5533,906.366
339,6,1,0,15.5408,840.906
346,6,1,0,15.525,752.534
347,6,1,0,15.5244,749.516
354,6,1,0,15.5134,685.875
803,6,1,0,15.5134,685.503
804,6,1,0,15.501,621.793
818,6,1,0,15.4748,486.133
819,6,1,0,15.4654,422.153
2009,6,1,0,15.4583,374.646
2010,6,1,0,15.4419,272.968
839,6,1,0,15.431,213.908
838,6,1,0,15.4218,163.086
840,6,1,0,15.4033,64.8138
842,6,1,0,15.39,0
769,6,1,1,16.0606,3506.48,0.101167,441.259,0.18,2
772,6,1,1,16.0097,3259.17
773,6,1,1,15.9985,3198.52
255,6,1,1,15.8722,2504.91
286,6,1,1,15.825,2266.63
281,6,1,1,15.814,2205.14
272,6,1,1,15.8039,2149.19
267,6,1,1,15.79,2069.64
261,6,1,1,15.7804,2017.14
1233,6,1,2,16.3926,5235.52,0.0526667,229.716,0.28,3
1227,6,1,2,16.3593,5052.71
1222,6,1,2,16.3409,4957.51
1221,6,1,2,16.3301,4899.17
1218,6,1,2,16.3126,4799
1213,6,1,2,16.3023,4743.84
1212,6,1,2,16.2915,4608.97
770,6,1,2,16.2025,4163.85
772,6,1,2,16.1944,4118.92
769,6,1,2,16.1618,3947.74
1576,6,1,3,16.656,6610.36,0.0355,154.84,0.24,4
1251,6,1,3,16.5838,6212.7
1250,6,1,3,16.575,6164.78
1249,6,1,3,16.5622,6097.99
1248,6,1,3,16.5547,6059.97
1596,6,1,3,16.5433,5995.89
1567,6,1,3,16.516,5850.65
1253,6,1,3,16.5033,5785.07
1252,6,1,3,16.4874,5699.06
1233,6,1,3,16.4453,5465.24
842,6,1,4,16.9186,7996.62,0,0,0
853,6,1,4,16.9009,7901.66
852,6,1,4,16.8894,7837.38
864,6,1,4,16.8826,7801.28
862,6,1,4,16.8733,7751.85
1773,6,1,4,16.8613,7687.11
1259,6,1,4,16.8465,7608.55
1260,6,1,4,16.8292,7521.34
1258,6,1,4,16.8177,7458.74
1265,6,1,4,16.8073,7400.83
1264,6,1,4,16.7985,7353.36
1274,6,1,4,16.7879,7296.95
1273,6,1,4,16.7771,7239.59
1282,6,1,4,16.7666,7183.62
1251,6,1,4,16.7601,7147.7
1576,6,1,4,16.6915,6765.2
1336,7,0,0,13.475,1265.12,0.0515,224.627,0.24,1
1792,7,0,0,13.4687,1232.71
1334,7,0,0,13.4607,1192.27
1335,7,0,0,13.45,1142.04
1341,7,0,0,13.4425,1099.34
1315,7,0,0,13.4223,991.581
2165,7,0,0,13.4045,899.682
2117,7,0,0,13.3997,872.891
2164,7,0,0,13.3803,756.918
1306,7,0,0,13.3566,597.478
1599,7,0,0,13.3406,507.414
1300,7,0,0,13.3368,481.712
1298,7,0,0,13.3319,454.453
2176,7,0,0,13.3256,415.575
2066,7,0,0,13.3149,347.941
869,7,0,0,13.3042,272.857
1856,7,0,0,13.2815,165.867
855,7,0,0,13.2814,165.154
854,7,0,0,13.279,151.318
841,7,0,0,13.2569,36.854
842,7,0,0,13.25,0
1590,7,0,1,13.7084,2454.38,0.0913333,398.368,0.04,2
1588,7,0,1,13.6907,2352.56
2072,7,0,1,13.6511,2149.45
1317,7,0,1,13.6334,2051.87
2071,7,0,1,13.6229,1988.07
1359,7,0,1,13.6021,1877.39
1370,7,0,1,13.6012,1872.93
2075,7,0,1,13.5811,1765.85
1822,7,0,1,13.5803,1761.85
1342,7,0,1,13.5594,1651.06
1334,7,0,1,13.5453,1581.01
1792,7,0,1,13.5328,1522.47
1336,7,0,1,13.5265,1489.75
1296,7,0,2,13.9837,3850.14,0.0958333,417.996,0,3
1294,7,0,2,13.9596,3719.82
1290,7,0,2,13.934,3584.38
1291,7,0,2,13.9229,3522.35
1292,7,0,2,13.9149,3478.46
1318,7,0,2,13.9141,3474.73
1319,7,0,2,13.9083,3435.22
1559,7,0,2,13.9046,3410.05
1591,7,0,2,13.8936,3335.2
1560,7,0,2,13.8711,3214.54
1589,7,0,2,13.8361,3028.06
1590,7,0,2,13.7997,2852.75
2135,7,0,3,14.5347,6766.7,0.0471667,205.727,0.03,4
2133,7,0,3,14.5116,6588.14
366,7,0,3,14.5077,6561.34
2134,7,0,3,14.4985,6503.57
2136,7,0,3,14.4877,6443.41
393,7,0,3,14.4577,6287.66
401,7,0,3,14.4449,6218.21
1739,7,0,3,14.4351,6164.35
1742,7,0,3,14.4286,6129.87
1741,7,0,3,14.4222,6095.38
418,7,0,3,14.4147,6055.86
417,7,0,3,14.4119,6040.17
1989,7,0,3,14.3939,5947.59
2011,7,0,3,14.3738,5844.52
2156,7,0,3,14.3682,5816.08
2013,7,0,3,14.3676,5812.93
886,7,0,3,14.3565,5758.31
888,7,0,3,14.3397,5665.17
903,7,0,3,14.3287,5606.89
904,7,0,3,14.3252,5588.21
925,7,0,3,14.3037,5468.63
2019,7,0,3,14.2985,5442.34
929,7,0,3,14.2981,5440.35
938,7,0,3,14.2865,5376.16
950,7,0,3,14.2716,5299.51
951,7,0,3,14.2607,5247.87
949,7,0,3,14.2483,5185.62
2025,7,0,3,14.2448,5168.17
2024,7,0,3,14.2301,5088.83
1301,7,0,3,14.2188,5028.26
1306,7,0,3,14.2057,4957.68
1312,7,0,3,14.2057,4957.32
1311,7,0,3,14.1947,4896.84
1319,7,0,3,14.157,4688.62
1318,7,0,3,14.1473,4637.03
1292,7,0,3,14.1466,4633.31
1291,7,0,3,14.1381,4587.67
1290,7,0,3,14.1227,4507.09
1294,7,0,3,14.0985,4377.61
1296,7,0,3,14.0796,4268.14
637,7,0,4,15.0812,9707.31,0.0886667,386.737,0.11,5
1996,7,0,4,15.0693,9646.31
1995,7,0,4,15.0625,9613.53
1993,7,0,4,15.0556,9579.21
1994,7,0,4,15.0514,9557.72
572,7,0,4,15.045,9521.77
541,7,0,4,15.0365,9476.76
540,7,0,4,15.0223,9407.33
1754,7,0,4,15.0146,9366.87
518,7,0,4,15.0068,9327.16
500,7,0,4,15.001,9298.16
499,7,0,4,14.9943,9266.18
475,7,0,4,14.9789,9195.44
474,7,0,4,14.9747,9173.74
463,7,0,4,14.9603,9098.75
1990,7,0,4,14.9443,9013.73
462,7,0,4,14.9362,8960.44
461,7,0,4,14.9338,8945.74
1716,7,0,4,14.9256,8902.85
451,7,0,4,14.9212,8879.76
440,7,0,4,14.9043,8792.27
184,7,0,4,14.8856,8692.05
138,7,0,4,14.8697,8605.53
133,7,0,4,14.8557,8529.82
134,7,0,4,14.848,8477.86
129,7,0,4,14.8417,8443.42
130,7,0,4,14.8357,8411.92
1721,7,0,4,14.8204,8321.48
120,7,0,4,14.8144,8288.92
116,7,0,4,14.7972,8193.24
1731,7,0,4,14.7893,8152.81
112,7,0,4,14.755,7970.95
2112,7,0,4,14.753,7952.26
115,7,0,4,14.7487,7928.08
2113,7,0,4,14.744,7902.51
2133,7,0,4,14.6071,7151.3
2135,7,0,4,14.5818,6972.43
321,7,0,5,15.4021,11513,0.0535,233.351,0.52,6
108,7,0,5,15.4016,11510.7
323,7,0,5,15.3887,11438.6
365,7,0,5,15.3704,11315.7
370,7,0,5,15.3497,11116.3
369,7,0,5,15.3449,11079.1
2134,7,0,5,15.335,10983.4
371,7,0,5,15.3298,10942.6
377,7,0,5,15.3104,10836.6
386,7,0,5,15.2952,10758.3
489,7,0,5,15.2834,10699.1
490,7,0,5,15.2673,10611.5
492,7,0,5,15.2613,10579.4
491,7,0,5,15.2581,10562.5
1991,7,0,5,15.2535,10539.3
513,7,0,5,15.2481,10512.3
1753,7,0,5,15.2369,10453.6
1751,7,0,5,15.2308,10422.6
530,7,0,5,15.2259,10397.5
1992,7,0,5,15.2224,10380.1
560,7,0,5,15.2121,10326.6
555,7,0,5,15.2081,10306.6
559,7,0,5,15.2028,10271.7
554,7,0,5,15.1999,10252.1
565,7,0,5,15.1927,10209.9
562,7,0,5,15.1867,10177.8
639,7,0,5,15.1832,10160.4
638,7,0,5,15.176,10124.2
637,7,0,5,15.1698,10094.1
261,7,0,6,15.6495,12833.2,0.0815,355.478,0.26,7
262,7,0,6,15.6326,12749.3
269,7,0,6,15.6178,12672.7
270,7,0,6,15.6101,12629.2
263,7,0,6,15.6095,12626.4
264,7,0,6,15.5863,12504.6
82,7,0,6,15.5527,12323.6
83,7,0,6,15.5265,12168.1
324,7,0,6,15.5263,12166.1
319,7,0,6,15.5003,12025.6
320,7,0,6,15.4877,11939.9
1978,7,0,6,15.4698,11820.4
321,7,0,6,15.4556,11746.3
769,7,0,7,16.0111,14678,0.101167,441.259,0.18,8
772,7,0,7,15.9602,14430.7
773,7,0,7,15.949,14370
255,7,0,7,15.8227,13676.4
286,7,0,7,15.7755,13438.1
281,7,0,7,15.7646,13376.6
272,7,0,7,15.7545,13320.7
267,7,0,7,15.7405,13241.1
261,7,0,7,15.731,13188.6
1233,7,0,8,16.3431,16407,0.0526667,229.716,0.28,9
1227,7,0,8,16.3098,16224.2
1222,7,0,8,16.2914,16129
1221,7,0,8,16.2806,16070.7
1218,7,0,8,16.2632,15970.5
1213,7,0,8,16.2528,15915.3
1212,7,0,8,16.242,15780.5
770,7,0,8,16.1531,15335.4
772,7,0,8,16.145,15290.4
769,7,0,8,16.1123,15119.2
1576,7,0,9,16.6065,17781.9,0.0355,154.84,0.24,10
1251,7,0,9,16.5344,17384.2
1250,7,0,9,16.5256,17336.3
1249,7,0,9,16.5127,17269.5
1248,7,0,9,16.5052,17231.5
1596,7,0,9,16.4938,17167.4
1567,7,0,9,16.4665,17022.2
1253,7,0,9,16.4538,16956.6
1252,7,0,9,16.4379,16870.6
1233,7,0,9,16.3958,16636.7
842,7,0,10,16.8692,19168.1,0,0,0
853,7,0,10,16.8514,19073.2
852,7,0,10,16.8399,19008.9
864,7,0,10,16.8331,18972.8
862,7,0,10,16.8239,18923.4
1773,7,0,10,16.8118,18858.6
1259,7,0,10,16.7971,18780.1
1260,7,0,10,16.7797,18692.8
1258,7,0,10,16.7682,18630.2
1265,7,0,10,16.7578,18572.3
1264,7,0,10,16.749,18524.9
1274,7,0,10,16.7385,18468.5
1273,7,0,10,16.7277,18411.1
1282,7,0,10,16.7172,18355.1
1251,7,0,10,16.7106,18319.2
1576,7,0,10,16.642,17936.7
1296,8,0,0,14.6297,1188.03,0.1155,503.776,0.01,1
1294,8,0,0,14.6048,1054.7
1290,8,0,0,14.5798,921.353
1558,8,0,0,14.5648,850.822
1288,8,0,0,14.5339,691.018
2067,8,0,0,14.5078,553.801
1272,8,0,0,14.4825,425.467
1261,8,0,0,14.4745,381.114
869,8,0,0,14.4542,271.175
1856,8,0,0,14.4309,161.497
855,8,0,0,14.4307,160.784
854,8,0,0,14.4283,146.853
853,8,0,0,14.4226,115.571
842,8,0,0,14.4,0
1336,8,0,1,14.9907,3058.48,0.0633333,276.241,0.28,2
1792,8,0,1,14.9824,3017.66
1334,8,0,1,14.9726,2969.77
1335,8,0,1,14.962,2919.54
1341,8,0,1,14.9534,2872.58
1315,8,0,1,14.936,2776.8
2165,8,0,1,14.9171,2680.24
2117,8,0,1,14.9125,2654.61
2164,8,0,1,14.8942,2540.17
1306,8,0,1,14.8714,2381.34
1312,8,0,1,14.8713,2380.98
1311,8,0,1,14.8603,2320.5
1319,8,0,1,14.8226,2112.29
1318,8,0,1,14.8129,2060.7
1292,8,0,1,14.8122,2056.97
1291,8,0,1,14.8037,2011.33
1290,8,0,1,14.7883,1930.76
1294,8,0,1,14.7641,1801.28
1296,8,0,1,14.7452,1691.8
1590,8,0,2,15.2277,4260.97,0.0708333,308.954,0.03,3
1588,8,0,2,15.2081,4152.09
2072,8,0,2,15.1754,3977.61
1317,8,0,2,15.1576,3880.24
2071,8,0,2,15.145,3810.04
1359,8,0,2,15.1237,3697.34
1370,8,0,2,15.1228,3692.88
2075,8,0,2,15.1042,3592.03
1822,8,0,2,15.1034,3588.04
1342,8,0,2,15.0832,3480.17
1334,8,0,2,15.0722,3423.44
1792,8,0,2,15.0598,3364.91
1336,8,0,2,15.054,3334.72
637,8,0,3,15.6829,6566.8,0.0886667,386.737,0.11,4
685,8,0,3,15.6716,6512.46
687,8,0,3,15.6663,6485.88
971,8,0,3,15.6559,6434.22
972,8,0,3,15.6497,6402.95
973,8,0,3,15.6398,6353.09
1008,8,0,3,15.6286,6298.99
1009,8,0,3,15.6173,6241.1
1038,8,0,3,15.6097,6202.99
1039,8,0,3,15.6091,6200.31
1040,8,0,3,15.6034,6170.88
1056,8,0,3,15.5962,6134.94
1072,8,0,3,15.5789,6045.25
1071,8,0,3,15.5717,6007.22
1090,8,0,3,15.5639,5964.31
1089,8,0,3,15.5578,5931.23
1119,8,0,3,15.5501,5888.98
1118,8,0,3,15.5441,5856.33
2044,8,0,3,15.5287,5776.18
2169,8,0,3,15.5205,5734.13
2171,8,0,3,15.5158,5710.09
1549,8,0,3,15.5095,5675.94
1147,8,0,3,15.5036,5644.42
1327,8,0,3,15.4746,5493.45
1343,8,0,3,15.474,5490.72
1355,8,0,3,15.4473,5351.79
1364,8,0,3,15.4473,5351.59
1362,8,0,3,15.4378,5301.04
1382,8,0,3,15.4094,5157.98
1389,8,0,3,15.3818,5011.25
1388,8,0,3,15.3735,4965.15
1323,8,0,3,15.3727,4961.36
2072,8,0,3,15.3515,4855.96
1588,8,0,3,15.3214,4692.79
1590,8,0,3,15.2986,4569.92
2135,8,0,4,15.9704,8068.72,0.0925,403.457,0.04,5
2133,8,0,4,15.9465,7890.24
366,8,0,4,15.9425,7863.45
371,8,0,4,15.9315,7802.11
377,8,0,4,15.9121,7696.13
386,8,0,4,15.8969,7617.76
489,8,0,4,15.8851,7558.54
490,8,0,4,15.869,7470.95
492,8,0,4,15.863,7438.87
491,8,0,4,15.8598,7422
1991,8,0,4,15.8552,7398.82
513,8,0,4,15.8498,7371.8
1753,8,0,4,15.8385,7313.06
1751,8,0,4,15.8325,7282.12
530,8,0,4,15.8276,7256.97
1992,8,0,4,15.8241,7239.58
560,8,0,4,15.8138,7186.08
555,8,0,4,15.8098,7166.06
559,8,0,4,15.8045,7131.21
554,8,0,4,15.8016,7111.57
565,8,0,4,15.7944,7069.36
562,8,0,4,15.7884,7037.32
639,8,0,4,15.7849,7019.88
638,8,0,4,15.7777,6983.7
637,8,0,4,15.7715,6953.53
321,8,0,5,16.3755,10252.3,0.052,226.808,0.44,6
108,8,0,5,16.375,10250.1
107,8,0,5,16.3673,10201.6
1967,8,0,5,16.3643,10172.9
105,8,0,5,16.3384,10022.8
124,8,0,5,16.3238,9942.69
1970,8,0,5,16.3075,9848.76
122,8,0,5,16.2948,9784.34
117,8,0,5,16.2781,9699.53
118,8,0,5,16.2698,9658.79
1968,8,0,5,16.241,9505.26
1969,8,0,5,16.2297,9429.86
115,8,0,5,16.227,9414.84
2113,8,0,5,16.2208,9383
2133,8,0,5,16.0884,8651.19
2135,8,0,5,16.0629,8472.18
842,8,0,6,16.6511,11694.3,0,0,0
830,8,0,6,16.6311,11589.6
2008,8,0,6,16.6009,11429.2
812,8,0,6,16.5835,11333.7
807,8,0,6,16.5833,11332.9
356,8,0,6,16.5664,11244.7
1981,8,0,6,16.5541,11161.2
345,8,0,6,16.5326,11051.9
341,8,0,6,16.5241,11005.9
2132,8,0,6,16.5239,11003.9
328,8,0,6,16.5082,10909.9
2115,8,0,6,16.4976,10854.5
329,8,0,6,16.4933,10832
1979,8,0,6,16.4866,10799
1978,8,0,6,16.4433,10560.1
321,8,0,6,16.4275,10479.1
261,8,1,0,15.6789,1661.66,0.0815,355.478,0.26,1
262,8,1,0,15.6611,1573.69
269,8,1,0,15.6487,1507.18
270,8,1,0,15.6379,1451.01
277,8,1,0,15.618,1346.78
283,8,1,0,15.6089,1296.43
284,8,1,0,15.6038,1271.28
285,8,1,0,15.5869,1185.29
289,8,1,0,15.5707,1096.75
331,8,1,0,15.5423,954.304
332,8,1,0,15.5332,906.366
339,8,1,0,15.5208,840.906
346,8,1,0,15.505,752.534
347,8,1,0,15.5044,749.516
354,8,1,0,15.4934,685.875
803,8,1,0,15.4934,685.503
804,8,1,0,15.481,621.793
818,8,1,0,15.4548,486.133
819,8,1,0,15.4454,422.153
2009,8,1,0,15.4383,374.646
2010,8,1,0,15.4219,272.968
839,8,1,0,15.411,213.908
838,8,1,0,15.4018,163.086
840,8,1,0,15.3833,64.8138
842,8,1,0,15.37,0
769,8,1,1,16.0406,3506.48,0.101167,441.259,0.18,2
772,8,1,1,15.9896,3259.17
773,8,1,1,15.9785,3198.52
255,8,1,1,15.8522,2504.91
286,8,1,1,15.805,2266.63
281,8,1,1,15.794,2205.14
272,8,1,1,15.7839,2149.19
267,8,1,1,15.77,2069.64
261,8,1,1,15.7604,2017.14
1233,8,1,2,16.3726,5235.52,0.0526667,229.716,0.28,3
1227,8,1,2,16.3393,5052.71
1222,8,1,2,16.3209,4957.51
1221,8,1,2,16.3101,4899.17
1218,8,1,2,16.2926,4799
1213,8,1,2,16.2823,4743.84
1212,8,1,2,16.2715,4608.97
770,8,1,2,16.1825,4163.85
772,8,1,2,16.1744,4118.92
769,8,1,2,16.1418,3947.74
1576,8,1,3,16.636,6610.36,0.0355,154.84,0.24,4
1251,8,1,3,16.5638,6212.7
1250,8,1,3,16.555,6164.78
1249,8,1,3,16.5422,6097.99
1248,8,1,3,16.5347,6059.97
1596,8,1,3,16.5233,5995.89
1567,8,1,3,16.496,5850.65
1253,8,1,3,16.4833,5785.07
1252,8,1,3,16.4674,5699.06
1233,8,1,3,16.4253,5465.24
842,8,1,4,16.8986,7996.62,0,0,0
853,8,1,4,16.8809,7901.66
852,8,1,4,16.8694,7837.38
864,8,1,4,16.8626,7801.28
862,8,1,4,16.8533,7751.85
1773,8,1,4,16.8413,7687.11
1259,8,1,4,16.8265,7608.55
1260,8,1,4,16.8092,7521.34
1258,8,1,4,16.7977,7458.74
1265,8,1,4,16.7873,7400.83
1264,8,1,4,16.7785,7353.36
1274,8,1,4,16.7679,7296.95
1273,8,1,4,16.7571,7239.59
1282,8,1,4,16.7466,7183.62
1251,8,1,4,16.7401,7147.7
1576,8,1,4,16.6715,6765.2
1336,9,0,0,13.315,1265.12,0.0515,224.627,0.24,1
1792,9,0,0,13.3087,1232.71
1334,9,0,0,13.3007,1192.27
1335,9,0,0,13.29,1142.04
1341,9,0,0,13.2825,1099.34
1315,9,0,0,13.2623,991.581
2165,9,0,0,13.2445,899.682
2117,9,0,0,13.2397,872.891
2164,9,0,0,13.2203,756.918
1306,9,0,0,13.1966,597.478
1599,9,0,0,13.1806,507.414
1300,9,0,0,13.1768,481.712
1298,9,0,0,13.1719,454.453
2176,9,0,0,13.1656,415.575
2066,9,0,0,13.1549,347.941
869,9,0,0,13.1442,272.857
1856,9,0,0,13.1215,165.867
855,9,0,0,13.1214,165.154
854,9,0,0,13.119,151.318
841,9,0,0,13.0969,36.854
842,9,0,0,13.09,0
1590,9,0,1,13.5484,2454.38,0.0913333,398.368,0.04,2
1588,9,0,1,13.5307,2352.56
2072,9,0,1,13.4911,2149.45
1317,9,0,1,13.4734,2051.87
2071,9,0,1,13.4629,1988.07
1359,9,0,1,13.4421,1877.39
1370,9,0,1,13.4412,1872.93
2075,9,0,1,13.4211,1765.85
1822,9,0,1,13.4203,1761.85
1342,9,0,1,13.3994,1651.06
1334,9,0,1,13.3853,1581.01
1792,9,0,1,13.3728,1522.47
1336,9,0,1,13.3665,1489.75
1296,9,0,2,13.8237,3850.14,0.0958333,417.996,0,3
1294,9,0,2,13.7996,3719.82
1290,9,0,2,13.774,3584.38
1291,9,0,2,13.7629,3522.35
1292,9,0,2,13.7549,3478.46
1318,9,0,2,13.7541,3474.73
1319,9,0,2,13.7483,3435.22
1559,9,0,2,13.7446,3410.05
1591,9,0,2,13.7336,3335.2
1560,9,0,2,13.7111,3214.54
1589,9,0,2,13.6761,3028.06
1590,9,0,2,13.6397,2852.75
842,9,0,3,14.1314,5389.53,0,0,0
841,9,0,3,14.1245,5352.68
854,9,0,3,14.1061,5253.72
855,9,0,3,14.1042,5240.62
1856,9,0,3,14.1041,5239.91
869,9,0,3,14.0942,5186.16
1261,9,0,3,14.0691,5055.81
1272,9,0,3,14.0578,4997.13
2067,9,0,3,14.0358,4882.3
1288,9,0,3,14.0076,4736.65
1558,9,0,3,13.9726,4559.78
1290,9,0,3,13.9623,4508.12
1294,9,0,3,13.9375,4376.03
1296,9,0,3,13.9196,4268.14
261,9,1,0,15.7389,1661.66,0.0815,355.478,0.26,1
262,9,1,0,15.7211,1573.69
269,9,1,0,15.7087,1507.18
270,9,1,0,15.6979,1451.01
277,9,1,0,15.678,1346.78
283,9,1,0,15.6689,1296.43
284,9,1,0,15.6638,1271.28
285,9,1,0,15.6469,1185.29
289,9,1,0,15.6307,1096.75
331,9,1,0,15.6023,954.304
332,9,1,0,15.5933,906.366
339,9,1,0,15.5808,840.906
346,9,1,0,15.565,752.534
347,9,1,0,15.5644,749.516
354,9,1,0,15.5534,685.875
803,9,1,0,15.5534,685.503
804,9,1,0,15.541,621.793
818,9,1,0,15.5148,486.133
819,9,1,0,15.5054,422.153
2009,9,1,0,15.4983,374.646
2010,9,1,0,15.4819,272.968
839,9,1,0,15.471,213.908
838,9,1,0,15.4618,163.086
840,9,1,0,15.4433,64.8138
842,9,1,0,15.43,0
769,9,1,1,16.1006,3506.48,0.101167,441.259,0.18,2
772,9,1,1,16.0497,3259.17
773,9,1,1,16.0385,3198.52
255,9,1,1,15.9122,2504.91
286,9,1,1,15.865,2266.63
281,9,1,1,15.854,2205.14
272,9,1,1,15.8439,2149.19
267,9,1,1,15.83,2069.64
261,9,1,1,15.8204,2017.14
1233,9,1,2,16.4326,5235.52,0.0526667,229.716,0.28,3
1227,9,1,2,16.3993,5052.71
1222,9,1,2,16.3809,4957.51
1221,9,1,2,16.3701,4899.17
1218,9,1,2,16.3526,4799
1213,9,1,2,16.3423,4743.84
1212,9,1,2,16.3315,4608.97
770,9,1,2,16.2425,4163.85
772,9,1,2,16.2344,4118.92
769,9,1,2,16.2018,3947.74
1576,9,1,3,16.696,6610.36,0.0355,154.84,0.24,4
1251,9,1,3,16.6238,6212.7
1250,9,1,3,16.615,6164.78
1249,9,1,3,16.6022,6097.99
1248,9,1,3,16.5947,6059.97
1596,9,1,3,16.5833,5995.89
1567,9,1,3,16.556,5850.65
1253,9,1,3,16.5433,5785.07
1252,9,1,3,16.5274,5699.06
1233,9,1,3,16.4853,5465.24
842,9,1,4,16.9586,7996.62,0,0,0
853,9,1,4,16.9409,7901.66
852,9,1,4,16.9294,7837.38
864,9,1,4,16.9226,7801.28
862,9,1,4,16.9133,7751.85
1773,9,1,4,16.9013,7687.11
1259,9,1,4,16.8865,7608.55
1260,9,1,4,16.8692,7521.34
1258,9,1,4,16.8577,7458.74
1265,9,1,4,16.8473,7400.83
1264,9,1,4,16.8385,7353.36
1274,9,1,4,16.8279,7296.95
1273,9,1,4,16.8171,7239.59
1282,9,1,4,16.8066,7183.62
1251,9,1,4,16.8001,7147.7
1576,9,1,4,16.7315,6765.2
637,9,2,0,15.3853,1688.01,0.0886667,386.737,0.11,1
685,9,2,0,15.3741,1633.68
681,9,2,0,15.365,1588.72
682,9,2,0,15.3526,1527.74
677,9,2,0,15.3427,1478.38
678,9,2,0,15.336,1445.4
674,9,2,0,15.3148,1341.69
669,9,2,0,15.2985,1258.82
670,9,2,0,15.2924,1228.07
960,9,2,0,15.2852,1190.5
957,9,2,0,15.2785,1156.3
959,9,2,0,15.2628,1078.14
877,9,2,0,15.2544,1033.97
870,9,2,0,15.2396,958.433
876,9,2,0,15.2357,938.686
875,9,2,0,15.2306,912.471
2011,9,2,0,15.223,873.129
2156,9,2,0,15.2183,848.125
2013,9,2,0,15.2176,844.971
886,9,2,0,15.207,791.926
888,9,2,0,15.1889,693.101
903,9,2,0,15.1798,643.254
904,9,2,0,15.1757,622.017
902,9,2,0,15.1641,558.196
914,9,2,0,15.1584,524.413
913,9,2,0,15.1448,452.966
912,9,2,0,15.1413,434.173
911,9,2,0,15.1245,341.806
835,9,2,0,15.1057,237.512
848,9,2,0,15.1047,233.029
843,9,2,0,15.0819,111.987
841,9,2,0,15.0692,46.8524
842,9,2,0,15.06,0
2135,9,2,1,15.6729,3189.94,0.0925,403.457,0.04,2
2133,9,2,1,15.6489,3011.46
366,9,2,1,15.645,2984.67
371,9,2,1,15.634,2923.33
377,9,2,1,15.6146,2817.35
386,9,2,1,15.5994,2738.98
489,9,2,1,15.5876,2679.76
490,9,2,1,15.5715,2592.17
492,9,2,1,15.5654,2560.09
491,9,2,1,15.5623,2543.22
1991,9,2,1,15.5577,2520.04
513,9,2,1,15.5523,2493.02
1753,9,2,1,15.541,2434.28
1751,9,2,1,15.535,2403.33
530,9,2,1,15.5301,2378.19
1992,9,2,1,15.5266,2360.8
560,9,2,1,15.5163,2307.29
555,9,2,1,15.5122,2287.28
559,9,2,1,15.507,2252.43
554,9,2,1,15.504,2232.79
565,9,2,1,15.4969,2190.58
562,9,2,1,15.4909,2158.54
639,9,2,1,15.4874,2141.09
638,9,2,1,15.4802,2104.92
637,9,2,1,15.474,2074.75
321,9,2,2,16.071,5350.18,0.052,226.808,0.44,3
108,9,2,2,16.0705,5347.95
107,9,2,2,16.0629,5299.64
1967,9,2,2,16.0599,5270.94
105,9,2,2,16.0342,5121.08
124,9,2,2,16.0201,5042.91
1970,9,2,2,16.0044,4950.04
122,9,2,2,15.9903,4879.66
117,9,2,2,15.9719,4788.11
118,9,2,2,15.9624,4742.39
1968,9,2,2,15.9315,4579.99
1969,9,2,2,15.9199,4504.3
115,9,2,2,15.9174,4489.79
2113,9,2,2,15.9122,4462.07
2133,9,2,2,15.7893,3771.88
2135,9,2,2,15.7654,3593.4
842,9,2,3,16.3467,6792.2,0,0,0
830,9,2,3,16.3266,6687.52
2008,9,2,3,16.2964,6527.07
812,9,2,3,16.279,6431.59
807,9,2,3,16.2788,6430.8
356,9,2,3,16.2619,6342.62
1981,9,2,3,16.2496,6259.11
345,9,2,3,16.2281,6149.76
341,9,2,3,16.2196,6103.83
2132,9,2,3,16.2194,6101.77
328,9,2,3,16.2037,6007.76
2115,9,2,3,16.1931,5952.38
329,9,2,3,16.1888,5929.93
1979,9,2,3,16.1821,5896.87
1978,9,2,3,16.1388,5657.97
321,9,2,3,16.123,5576.99
1336,10,0,0,13.235,1265.12,0.0515,224.627,0.24,1
1792,10,0,0,13.2287,1232.71
1334,10,0,0,13.2207,1192.27
1335,10,0,0,13.21,1142.04
1341,10,0,0,13.2025,1099.34
1315,10,0,0,13.1823,991.581
2165,10,0,0,13.1645,899.682
2117,10,0,0,13.1597,872.891
2164,10,0,0,13.1403,756.918
1306,10,0,0,13.1166,597.478
1599,10,0,0,13.1006,507.414
1300,10,0,0,13.0968,481.712
1298,10,0,0,13.0919,454.453
2176,10,0,0,13.0856,415.575
2066,10,0,0,13.0749,347.941
869,10,0,0,13.0642,272.857
1856,10,0,0,13.0415,165.867
855,10,0,0,13.0414,165.154
854,10,0,0,13.039,151.318
841,10,0,0,13.0169,36.854
842,10,0,0,13.01,0
1590,10,0,1,13.4684,2454.38,0.0913333,398.368,0.04,2
1588,10,0,1,13.4507,2352.56
2072,10,0,1,13.4111,2149.45
1317,10,0,1,13.3934,2051.87
2071,10,0,1,13.3829,1988.07
1359,10,0,1,13.3621,1877.39
1370,10,0,1,13.3612,1872.93
2075,10,0,1,13.3411,1765.85
1822,10,0,1,13.3403,1761.85
1342,10,0,1,13.3194,1651.06
1334,10,0,1,13.3053,1581.01
1792,10,0,1,13.2928,1522.47
1336,10,0,1,13.2865,1489.75
1296,10,0,2,13.7437,3850.14,0.0958333,417.996,0,3
1294,10,0,2,13.7196,3719.82
1290,10,0,2,13.694,3584.38
1291,10,0,2,13.6829,3522.35
1292,10,0,2,13.6749,3478.46
1318,10,0,2,13.6741,3474.73
1319,10,0,2,13.6683,3435.22
1559,10,0,2,13.6646,3410.05
1591,10,0,2,13.6536,3335.2
1560,10,0,2,13.6311,3214.54
1589,10,0,2,13.5961,3028.06
1590,10,0,2,13.5597,2852.75
842,10,0,3,14.0514,5389.53,0,0,0
841,10,0,3,14.0445,5352.68
854,10,0,3,14.0261,5253.72
855,10,0,3,14.0242,5240.62
1856,10,0,3,14.0241,5239.91
869,10,0,3,14.0142,5186.16
1261,10,0,3,13.9891,5055.81
1272,10,0,3,13.9778,4997.13
2067,10,0,3,13.9558,4882.3
1288,10,0,3,13.9276,4736.65
1558,10,0,3,13.8926,4559.78
1290,10,0,3,13.8823,4508.12
1294,10,0,3,13.8575,4376.03
1296,10,0,3,13.8396,4268.14
261,10,1,0,15.6989,1661.66,0.0815,355.478,0.26,1
262,10,1,0,15.6811,1573.69
269,10,1,0,15.6687,1507.18
270,10,1,0,15.6579,1451.01
277,10,1,0,15.638,1346.78
283,10,1,0,15.6289,1296.43
284,10,1,0,15.6238,1271.28
285,10,1,0,15.6069,1185.29
289,10,1,0,15.5907,1096.75
331,10,1,0,15.5623,954.304
332,10,1,0,15.5533,906.366
339,10,1,0,15.5408,840.906
346,10,1,0,15.525,752.534
347,10,1,0,15.5244,749.516
354,10,1,0,15.5134,685.875
803,10,1,0,15.5134,685.503
804,10,1,0,15.501,621.793
818,10,1,0,15.4748,486.133
819,10,1,0,15.4654,422.153
2009,10,1,0,15.4583,374.646
2010,10,1,0,15.4419,272.968
839,10,1,0,15.431,213.908
838,10,1,0,15.4218,163.086
840,10,1,0,15.4033,64.8138
842,10,1,0,15.39,0
769,10,1,1,16.0606,3506.48,0.101167,441.259,0.18,2
772,10,1,1,16.0097,3259.17
773,10,1,1,15.9985,3198.52
255,10,1,1,15.8722,2504.91
286,10,1,1,15.825,2266.63
281,10,1,1,15.814,2205.14
272,10,1,1,15.8039,2149.19
267,10,1,1,15.79,2069.64
261,10,1,1,15.7804,2017.14
1233,10,1,2,16.3926,5235.52,0.0526667,229.716,0.28,3
1227,10,1,2,16.3593,5052.71
1222,10,1,2,16.3409,4957.51
1221,10,1,2,16.3301,4899.17
1218,10,1,2,16.3126,4799
1213,10,1,2,16.3023,4743.84
1212,10,1,2,16.2915,4608.97
770,10,1,2,16.2025,4163.85
772,10,1,2,16.1944,4118.92
769,10,1,2,16.1618,3947.74
1576,10,1,3,16.656,6610.36,0.0355,154.84,0.24,4
1251,10,1,3,16.5838,6212.7
1250,10,1,3,16.575,6164.78
1249,10,1,3,16.5622,6097.99
1248,10,1,3,16.5547,6059.97
1596,10,1,3,16.5433,5995.89
1567,10,1,3,16.516,5850.65
1253,10,1,3,16.5033,5785.07
1252,10,1,3,16.4874,5699.06
1233,10,1,3,16.4453,5465.24
842,10,1,4,16.9186,7996.62,0,0,0
853,10,1,4,16.9009,7901.66
852,10,1,4,16.8894,7837.38
864,10,1,4,16.8826,7801.28
862,10,1,4,16.8733,7751.85
1773,10,1,4,16.8613,7687.11
1259,10,1,4,16.8465,7608.55
1260,10,1,4,16.8292,7521.34
1258,10,1,4,16.8177,7458.74
1265,10,1,4,16.8073,7400.83
1264,10,1,4,16.7985,7353.36
1274,10,1,4,16.7879,7296.95
1273,10,1,4,16.7771,7239.59
1282,10,1,4,16.7666,7183.62
1251,10,1,4,16.7601,7147.7
1576,10,1,4,16.6915,6765.2
2135,10,2,0,15.8075,1669.09,0.0925,403.457,0.04,1
2133,10,2,0,15.7838,1490.62
366,10,2,0,15.7796,1463.66
2134,10,2,0,15.768,1399.41
369,10,2,0,15.7525,1304.52
376,10,2,0,15.739,1219.84
382,10,2,0,15.7231,1132.42
390,10,2,0,15.7059,1041.38
397,10,2,0,15.6893,952.092
409,10,2,0,15.6721,861.98
1985,10,2,0,15.6567,780.992
881,10,2,0,15.6286,631.492
880,10,2,0,15.6132,548.529
899,10,2,0,15.5795,370.185
911,10,2,0,15.5745,341.806
835,10,2,0,15.5557,237.512
848,10,2,0,15.5547,233.029
843,10,2,0,15.5319,111.987
841,10,2,0,15.5192,46.8524
842,10,2,0,15.51,0
321,10,2,1,16.2056,3829.34,0.052,226.808,0.44,2
108,10,2,1,16.2052,3827.1
107,10,2,1,16.1976,3778.79
1967,10,2,1,16.1945,3750.09
105,10,2,1,16.1689,3600.24
124,10,2,1,16.1547,3522.06
1970,10,2,1,16.1391,3429.19
122,10,2,1,16.1249,3358.81
117,10,2,1,16.1066,3267.26
118,10,2,1,16.0971,3221.54
1968,10,2,1,16.0662,3059.14
1969,10,2,1,16.0546,2983.45
115,10,2,1,16.0521,2968.95
2113,10,2,1,16.0468,2941.22
2133,10,2,1,15.924,2251.03
2135,10,2,1,15.9,2072.55
637,10,2,2,16.5094,5502.9,0.109,475.425,0.07,3
1996,10,2,2,16.4965,5437.43
1995,10,2,2,16.4917,5412.93
1993,10,2,2,16.4866,5386.06
1994,10,2,2,16.4823,5364.58
562,10,2,2,16.4748,5323.82
563,10,2,2,16.471,5304.64
564,10,2,2,16.4659,5276.71
557,10,2,2,16.4612,5245.79
561,10,2,2,16.4547,5199.35
628,10,2,2,16.4507,5174.37
615,10,2,2,16.4464,5147.25
608,10,2,2,16.4352,5085.89
612,10,2,2,16.4306,5056.47
426,10,2,2,16.4233,5014.13
424,10,2,2,16.4211,5000.98
407,10,2,2,16.4002,4895.15
406,10,2,2,16.3963,4874.11
403,10,2,2,16.3842,4815.48
394,10,2,2,16.3732,4757.33
384,10,2,2,16.3687,4734.71
385,10,2,2,16.364,4711.21
377,10,2,2,16.3609,4694.17
2134,10,2,2,16.3406,4586.15
369,10,2,2,16.3245,4490.52
370,10,2,2,16.3196,4453.33
365,10,2,2,16.2826,4245.13
323,10,2,2,16.2675,4122.86
108,10,2,2,16.2581,4058.38
321,10,2,2,16.2576,4056.14
842,10,2,3,16.9284,7656.65,0,0,0
841,10,2,3,16.9209,7617.15
829,10,2,3,16.8993,7504.99
831,10,2,3,16.8861,7437.65
825,10,2,3,16.8857,7435.62
822,10,2,3,16.865,7323.51
823,10,2,3,16.859,7292.06
824,10,2,3,16.8432,7211.92
880,10,2,3,16.8232,7106.45
882,10,2,3,16.8029,7004.95
2155,10,2,3,16.7994,6987.44
2012,10,2,3,16.7825,6896.45
885,10,2,3,16.7776,6872.41
886,10,2,3,16.7562,6760.14
2013,10,2,3,16.7469,6712.73
1988,10,2,3,16.7253,6602.04
417,10,2,3,16.7044,6495.67
418,10,2,3,16.7013,6478.87
419,10,2,3,16.6861,6394.37
423,10,2,3,16.6798,6358.15
609,10,2,3,16.6739,6301.83
628,10,2,3,16.6645,6227.74
561,10,2,3,16.6608,6203.16
557,10,2,3,16.6527,6155.04
554,10,2,3,16.6511,6146.48
565,10,2,3,16.6423,6098.01
562,10,2,3,16.6361,6065.47
639,10,2,3,16.6326,6048.02
638,10,2,3,16.6239,6005.81
637,10,2,3,16.6184,5978.33
1296,11,0,0,13.211,1110.81,0.0958333,417.996,0,1
1294,11,0,0,13.1869,980.492
1290,11,0,0,13.1613,845.048
1558,11,0,0,13.1506,792.147
1288,11,0,0,13.1248,653.889
2067,11,0,0,13.1012,527.764
1272,11,0,0,13.0812,421.571
1261,11,0,0,13.0716,370.372
869,11,0,0,13.0542,272.857
1856,11,0,0,13.0315,165.867
855,11,0,0,13.0314,165.154
854,11,0,0,13.029,151.318
841,11,0,0,13.0069,36.854
842,11,0,0,13,0
1590,11,0,1,13.4923,2521.99,0.0913333,398.368,0.04,2
1589,11,0,1,13.4649,2383.63
1560,11,0,1,13.4311,2202.38
1591,11,0,1,13.4135,2102.5
1559,11,0,1,13.3958,2007.51
1319,11,0,1,13.3889,1971.27
1318,11,0,1,13.3804,1924.94
1292,11,0,1,13.3796,1921.22
1291,11,0,1,13.3677,1860.89
1290,11,0,1,13.3496,1768.79
1294,11,0,1,13.3248,1636.7
1296,11,0,1,13.3068,1528.81
1336,11,0,2,13.7615,3854.13,0.0515,224.627,0.24,3
2074,11,0,2,13.7466,3783.52
2075,11,0,2,13.712,3610.51
1370,11,0,2,13.6847,3472.92
1359,11,0,2,13.6838,3468.47
2071,11,0,2,13.6673,3376.35
1317,11,0,2,13.6562,3311.54
2072,11,0,2,13.6381,3212.81
1588,11,0,2,13.605,3036.61
1590,11,0,2,13.5837,2920.36
2135,11,0,3,14.2154,6242.18,0.0471667,205.727,0.03,4
2133,11,0,3,14.1891,6062.6
366,11,0,3,14.1852,6035.86
2134,11,0,3,14.1731,5969.59
2136,11,0,3,14.1615,5905.88
393,11,0,3,14.1301,5744.34
401,11,0,3,14.117,5673.25
1739,11,0,3,14.1064,5615.97
1742,11,0,3,14.0992,5578.56
1741,11,0,3,14.0933,5546.34
418,11,0,3,14.0856,5505.99
417,11,0,3,14.0823,5488.39
1989,11,0,3,14.066,5402.85
2011,11,0,3,14.048,5308.93
891,11,0,3,14.0281,5203.03
892,11,0,3,14.0176,5151.39
916,11,0,3,13.9985,5052.25
919,11,0,3,13.9927,5013.17
2017,11,0,3,13.9927,5012.99
1786,11,0,3,13.988,4989.45
918,11,0,3,13.9849,4972.76
920,11,0,3,13.9722,4903.77
1085,11,0,3,13.9558,4813.67
2035,11,0,3,13.9409,4737.24
1106,11,0,3,13.9284,4670.37
2039,11,0,3,13.9218,4628.71
2040,11,0,3,13.9115,4571.73
1783,11,0,3,13.886,4448.54
1153,11,0,3,13.8782,4409.67
1154,11,0,3,13.8647,4340.74
1324,11,0,3,13.8584,4309.94
1325,11,0,3,13.8498,4265.69
2073,11,0,3,13.8418,4226.51
1336,11,0,3,13.813,4078.76
842,11,0,4,14.7904,9401.18,0,0,0
830,11,0,4,14.765,9274.31
2008,11,0,4,14.727,9080.77
812,11,0,4,14.7107,8990.03
807,11,0,4,14.7105,8989.24
356,11,0,4,14.6964,8913.2
1981,11,0,4,14.6841,8829.7
345,11,0,4,14.6688,8746.8
341,11,0,4,14.6572,8687.36
2132,11,0,4,14.657,8685.31
328,11,0,4,14.6413,8591.38
2115,11,0,4,14.6296,8531.12
329,11,0,4,14.6256,8510.08
1979,11,0,4,14.6176,8471.68
1978,11,0,4,14.5771,8245.1
107,11,0,4,14.5689,8191.22
1967,11,0,4,14.5659,8162.51
105,11,0,4,14.5408,8013.68
124,11,0,4,14.5292,7942.99
1970,11,0,4,14.5134,7849.88
122,11,0,4,14.5019,7790.45
117,11,0,4,14.4835,7698.95
118,11,0,4,14.4754,7658.93
1968,11,0,4,14.4439,7494.21
1969,11,0,4,14.432,7418.16
115,11,0,4,14.4295,7403.56
2113,11,0,4,14.4247,7377.99
2133,11,0,4,14.2879,6626.78
2135,11,0,4,14.2626,6447.91
261,11,1,0,15.7189,1661.66,0.0815,355.478,0.26,1
262,11,1,0,15.7011,1573.69
269,11,1,0,15.6887,1507.18
270,11,1,0,15.6779,1451.01
277,11,1,0,15.658,1346.78
283,11,1,0,15.6489,1296.43
284,11,1,0,15.6438,1271.28
285,11,1,0,15.6269,1185.29
289,11,1,0,15.6107,1096.75
331,11,1,0,15.5823,954.304
332,11,1,0,15.5732,906.366
339,11,1,0,15.5608,840.906
346,11,1,0,15.545,752.534
347,11,1,0,15.5444,749.516
354,11,1,0,15.5334,685.875
803,11,1,0,15.5334,685.503
804,11,1,0,15.521,621.793
818,11,1,0,15.4948,486.133
819,11,1,0,15.4854,422.153
2009,11,1,0,15.4783,374.646
2010,11,1,0,15.4619,272.968
839,11,1,0,15.451,213.908
838,11,1,0,15.4418,163.086
840,11,1,0,15.4233,64.8138
842,11,1,0,15.41,0
769,11,1,1,16.0806,3506.48,0.101167,441.259,0.18,2
772,11,1,1,16.0296,3259.17
773,11,1,1,16.0185,3198.52
255,11,1,1,15.8922,2504.91
286,11,1,1,15.845,2266.63
281,11,1,1,15.834,2205.14
272,11,1,1,15.8239,2149.19
267,11,1,1,15.81,2069.64
261,11,1,1,15.8004,2017.14
1233,11,1,2,16.4126,5235.52,0.0526667,229.716,0.28,3
1227,11,1,2,16.3793,5052.71
1222,11,1,2,16.3609,4957.51
1221,11,1,2,16.3501,4899.17
1218,11,1,2,16.3326,4799
1213,11,1,2,16.3223,4743.84
1212,11,1,2,16.3115,4608.97
770,11,1,2,16.2225,4163.85
772,11,1,2,16.2144,4118.92
769,11,1,2,16.1818,3947.74
1576,11,1,3,16.676,6610.36,0.0355,154.84,0.24,4
1251,11,1,3,16.6038,6212.7
1250,11,1,3,16.595,6164.78
1249,11,1,3,16.5822,6097.99
1248,11,1,3,16.5747,6059.97
1596,11,1,3,16.5633,5995.89
1567,11,1,3,16.536,5850.65
1253,11,1,3,16.5233,5785.07
1252,11,1,3,16.5074,5699.06
1233,11,1,3,16.4653,5465.24
842,11,1,4,16.9386,7996.62,0,0,0
853,11,1,4,16.9209,7901.66
852,11,1,4,16.9094,7837.38
864,11,1,4,16.9026,7801.28
862,11,1,4,16.8933,7751.85
1773,11,1,4,16.8813,7687.11
1259,11,1,4,16.8665,7608.55
1260,11,1,4,16.8492,7521.34
1258,11,1,4,16.8377,7458.74
1265,11,1,4,16.8273,7400.83
1264,11,1,4,16.8185,7353.36
1274,11,1,4,16.8079,7296.95
1273,11,1,4,16.7971,7239.59
1282,11,1,4,16.7866,7183.62
1251,11,1,4,16.7801,7147.7
1576,11,1,4,16.7115,6765.2
637,11,2,0,16.1053,1688.01,0.109,475.425,0.07,1
685,11,2,0,16.0941,1633.68
681,11,2,0,16.085,1588.72
682,11,2,0,16.0726,1527.74
677,11,2,0,16.0627,1478.38
678,11,2,0,16.056,1445.4
674,11,2,0,16.0348,1341.69
669,11,2,0,16.0185,1258.82
670,11,2,0,16.0124,1228.07
960,11,2,0,16.0052,1190.5
957,11,2,0,15.9985,1156.3
959,11,2,0,15.9828,1078.14
877,11,2,0,15.9744,1033.97
870,11,2,0,15.9596,958.433
876,11,2,0,15.9557,938.686
875,11,2,0,15.9506,912.471
2011,11,2,0,15.943,873.129
2156,11,2,0,15.9383,848.125
2013,11,2,0,15.9376,844.971
886,11,2,0,15.927,791.926
888,11,2,0,15.9089,693.101
903,11,2,0,15.8998,643.254
904,11,2,0,15.8957,622.017
902,11,2,0,15.8841,558.196
914,11,2,0,15.8784,524.413
913,11,2,0,15.8648,452.966
912,11,2,0,15.8613,434.173
911,11,2,0,15.8445,341.806
835,11,2,0,15.8257,237.512
848,11,2,0,15.8247,233.029
843,11,2,0,15.8019,111.987
841,11,2,0,15.7892,46.8524
842,11,2,0,15.78,0
321,11,2,1,16.4618,3632.87,0.052,226.808,0.44,2
108,11,2,1,16.4613,3630.63
323,11,2,1,16.4492,3562.52
365,11,2,1,16.4266,3433.53
370,11,2,1,16.4064,3232.79
369,11,2,1,16.402,3195.33
2134,11,2,1,16.3921,3099.7
371,11,2,1,16.3867,3058.92
377,11,2,1,16.3698,2963.9
386,11,2,1,16.3545,2885.08
489,11,2,1,16.3437,2830.24
490,11,2,1,16.3213,2715.51
492,11,2,1,16.3148,2681.73
491,11,2,1,16.3111,2662.61
1991,11,2,1,16.3065,2639.43
513,11,2,1,16.3016,2614.45
1753,11,2,1,16.2836,2527.62
1751,11,2,1,16.2772,2495.38
530,11,2,1,16.2737,2476.14
1992,11,2,1,16.2702,2458.75
560,11,2,1,16.2593,2402.61
555,11,2,1,16.2564,2387.62
559,11,2,1,16.2503,2351.59
554,11,2,1,16.2471,2331.59
565,11,2,1,16.2382,2283.12
562,11,2,1,16.232,2250.58
639,11,2,1,16.2285,2233.14
638,11,2,1,16.2199,2190.92
637,11,2,1,16.2143,2163.44
842,11,2,2,16.7375,5074.88,0,0,0
830,11,2,2,16.7174,4970.2
2008,11,2,2,16.6872,4809.75
812,11,2,2,16.6698,4714.27
807,11,2,2,16.6696,4713.48
356,11,2,2,16.6527,4625.3
1981,11,2,2,16.6404,4541.79
345,11,2,2,16.6189,4432.44
341,11,2,2,16.6104,4386.51
2132,11,2,2,16.6102,4384.45
328,11,2,2,16.5945,4290.44
2115,11,2,2,16.5839,4235.06
329,11,2,2,16.5796,4212.61
1979,11,2,2,16.5729,4179.55
1978,11,2,2,16.5296,3940.65
321,11,2,2,16.5138,3859.67
1296,12,0,0,13.601,1110.81,0.0958333,417.996,0,1
1294,12,0,0,13.5769,980.492
1290,12,0,0,13.5513,845.048
1558,12,0,0,13.5406,792.147
1288,12,0,0,13.5148,653.889
2067,12,0,0,13.4912,527.764
1272,12,0,0,13.4712,421.571
1261,12,0,0,13.4616,370.372
869,12,0,0,13.4442,272.857
1856,12,0,0,13.4215,165.867
855,12,0,0,13.4214,165.154
854,12,0,0,13.419,151.318
841,12,0,0,13.3969,36.854
842,12,0,0,13.39,0
1336,12,0,1,13.9388,2888.08,0.0515,224.627,0.24,2
1792,12,0,1,13.9326,2855.66
1334,12,0,1,13.9246,2815.22
1335,12,0,1,13.9139,2764.99
1341,12,0,1,13.9064,2722.29
1315,12,0,1,13.8862,2614.53
2165,12,0,1,13.8684,2522.64
2117,12,0,1,13.8636,2495.84
2164,12,0,1,13.8441,2379.87
1306,12,0,1,13.8205,2220.43
1312,12,0,1,13.8204,2220.07
1311,12,0,1,13.8089,2157.31
1319,12,0,1,13.7789,1971.27
1318,12,0,1,13.7704,1924.94
1292,12,0,1,13.7696,1921.22
1291,12,0,1,13.7577,1860.89
1290,12,0,1,13.7396,1768.79
1294,12,0,1,13.7148,1636.7
1296,12,0,1,13.6968,1528.81
2135,12,0,2,14.3928,5276.12,0.0471667,205.727,0.03,3
2133,12,0,2,14.3664,5096.55
366,12,0,2,14.3625,5069.81
2134,12,0,2,14.3505,5003.54
2136,12,0,2,14.3388,4939.82
393,12,0,2,14.3075,4778.28
401,12,0,2,14.2943,4707.19
1739,12,0,2,14.2837,4649.91
1742,12,0,2,14.2765,4612.51
1741,12,0,2,14.2706,4580.29
418,12,0,2,14.2629,4539.93
417,12,0,2,14.2597,4522.33
1989,12,0,2,14.2433,4436.79
2011,12,0,2,14.2254,4342.87
891,12,0,2,14.2054,4236.98
892,12,0,2,14.195,4185.34
916,12,0,2,14.1758,4086.19
919,12,0,2,14.1701,4047.11
2017,12,0,2,14.17,4046.93
1786,12,0,2,14.1654,4023.39
918,12,0,2,14.1622,4006.7
920,12,0,2,14.1496,3937.71
1085,12,0,2,14.1332,3847.61
2035,12,0,2,14.1183,3771.18
1106,12,0,2,14.1057,3704.31
2039,12,0,2,14.0991,3662.66
2040,12,0,2,14.0889,3605.67
1783,12,0,2,14.0633,3482.49
1153,12,0,2,14.0555,3443.61
1154,12,0,2,14.042,3374.68
1324,12,0,2,14.0357,3343.88
1325,12,0,2,14.0272,3299.63
2073,12,0,2,14.0192,3260.46
1336,12,0,2,13.9903,3112.7
261,12,0,3,14.9426,8363.9,0.0603333,263.156,0.25,4
93,12,0,3,14.9294,8297.38
92,12,0,3,14.9186,8241.72
81,12,0,3,14.9015,8155.04
75,12,0,3,14.8849,8065.78
82,12,0,3,14.8407,7796.31
83,12,0,3,14.8135,7639.07
324,12,0,3,14.8132,7637.07
319,12,0,3,14.7842,7483.63
320,12,0,3,14.7716,7397.93
1978,12,0,3,14.7545,7279.04
107,12,0,3,14.7462,7225.16
1967,12,0,3,14.7432,7196.46
105,12,0,3,14.7182,7047.62
124,12,0,3,14.7066,6976.94
1970,12,0,3,14.6907,6883.82
122,12,0,3,14.6792,6824.4
117,12,0,3,14.6609,6732.89
118,12,0,3,14.6528,6692.87
1968,12,0,3,14.6213,6528.15
1969,12,0,3,14.6094,6452.1
115,12,0,3,14.6068,6437.51
2113,12,0,3,14.6021,6411.93
2133,12,0,3,14.4652,5660.73
2135,12,0,3,14.44,5481.85
842,12,0,4,15.31,10273.8,0,0,0
840,12,0,4,15.3017,10229.9
838,12,0,4,15.2835,10132.8
839,12,0,4,15.2736,10079.2
2010,12,0,4,15.2632,10022.1
2009,12,0,4,15.2411,9901.99
819,12,0,4,15.2333,9853.63
818,12,0,4,15.2166,9765.85
804,12,0,4,15.1959,9653.48
803,12,0,4,15.1869,9604.13
354,12,0,4,15.1868,9603.76
353,12,0,4,15.1844,9592.66
314,12,0,4,15.1758,9544.02
312,12,0,4,15.1718,9521.79
313,12,0,4,15.1651,9484.05
306,12,0,4,15.1501,9404.92
297,12,0,4,15.1426,9364.51
295,12,0,4,15.1307,9299.24
289,12,0,4,15.1065,9172.72
285,12,0,4,15.0865,9067.72
284,12,0,4,15.0748,9004.12
283,12,0,4,15.0698,8978.96
277,12,0,4,15.0591,8921.87
270,12,0,4,15.0397,8819.81
269,12,0,4,15.0297,8767.02
262,12,0,4,15.0172,8700.05
261,12,0,4,15.003,8627.06
769,12,1,0,16.1302,1999.63,0.101167,441.259,0.18,1
772,12,1,0,16.0793,1752.31
770,12,1,0,16.0711,1706.99
1212,12,1,0,15.9956,1318.13
2149,12,1,0,15.9588,858.55
2010,12,1,0,15.9119,272.968
839,12,1,0,15.901,213.908
838,12,1,0,15.8918,163.086
840,12,1,0,15.8733,64.8138
842,12,1,0,15.86,0
1233,12,1,1,16.4622,3728.67,0.0526667,229.716,0.28,2
1227,12,1,1,16.4289,3545.85
1222,12,1,1,16.4105,3450.65
1221,12,1,1,16.3997,3392.32
1218,12,1,1,16.3822,3292.14
1213,12,1,1,16.3719,3236.99
1212,12,1,1,16.3611,3102.11
770,12,1,1,16.2721,2657
772,12,1,1,16.264,2612.06
769,12,1,1,16.2314,2440.88
1576,12,1,2,16.7256,5103.5,0.0355,154.84,0.24,3
1251,12,1,2,16.6535,4705.85
1250,12,1,2,16.6446,4657.93
1249,12,1,2,16.6318,4591.13
1248,12,1,2,16.6243,4553.12
1596,12,1,2,16.6129,4489.04
1567,12,1,2,16.5856,4343.79
1253,12,1,2,16.5729,4278.22
1252,12,1,2,16.557,4192.2
1233,12,1,2,16.5149,3958.38
842,12,1,3,16.9883,6489.77,0,0,0
853,12,1,3,16.9705,6394.81
852,12,1,3,16.959,6330.52
864,12,1,3,16.9522,6294.42
862,12,1,3,16.9429,6244.99
1773,12,1,3,16.9309,6180.26
1259,12,1,3,16.9162,6101.7
1260,12,1,3,16.8988,6014.48
1258,12,1,3,16.8873,5951.89
1265,12,1,3,16.8769,5893.98
1264,12,1,3,16.8681,5846.51
1274,12,1,3,16.8576,5790.1
1273,12,1,3,16.8467,5732.74
1282,12,1,3,16.8362,5676.77
1251,12,1,3,16.8297,5640.85
1576,12,1,3,16.7611,5258.34
1590,12,2,0,15.8707,1416.22,0.0708333,308.954,0.03,1
1589,12,2,0,15.8479,1297.15
1560,12,2,0,15.8165,1126.24
1591,12,2,0,15.7965,1016.11
1559,12,2,0,15.7805,928.573
1319,12,2,0,15.7736,892.364
1311,12,2,0,15.7341,676.359
1601,12,2,0,15.7167,578.143
1599,12,2,0,15.7107,544.382
1300,12,2,0,15.7061,517.694
1298,12,2,0,15.7014,490.94
2176,12,2,0,15.6948,451.74
2066,12,2,0,15.6845,384.544
869,12,2,0,15.675,309.621
865,12,2,0,15.66,219.013
852,12,2,0,15.6535,177.503
853,12,2,0,15.6394,101.937
842,12,2,0,15.62,0
637,12,2,1,16.3259,3722.05,0.109,475.425,0.07,2
685,12,2,1,16.3146,3667.72
687,12,2,1,16.3093,3641.14
971,12,2,1,16.2988,3589.47
972,12,2,1,16.2927,3558.2
973,12,2,1,16.2828,3508.35
1008,12,2,1,16.2716,3454.24
1009,12,2,1,16.2603,3396.35
1038,12,2,1,16.2527,3358.24
1039,12,2,1,16.2521,3355.57
1040,12,2,1,16.2464,3326.14
1056,12,2,1,16.2392,3290.19
1072,12,2,1,16.2219,3200.5
1071,12,2,1,16.2147,3162.48
1090,12,2,1,16.2069,3119.57
1089,12,2,1,16.2008,3086.48
1119,12,2,1,16.1931,3044.23
1118,12,2,1,16.1871,3011.58
2044,12,2,1,16.1717,2931.44
2169,12,2,1,16.1635,2889.39
2171,12,2,1,16.1588,2865.34
1549,12,2,1,16.1525,2831.19
1147,12,2,1,16.1466,2799.67
1327,12,2,1,16.1175,2648.71
1343,12,2,1,16.117,2645.98
1355,12,2,1,16.0903,2507.05
1364,12,2,1,16.0903,2506.84
1362,12,2,1,16.0808,2456.3
1382,12,2,1,16.0524,2313.24
1389,12,2,1,16.0248,2166.51
1388,12,2,1,16.0165,2120.4
1323,12,2,1,16.0157,2116.62
2072,12,2,1,15.9945,2011.21
1588,12,2,1,15.9644,1848.05
1590,12,2,1,15.9416,1725.18
321,12,2,2,16.6823,5666.9,0.052,226.808,0.44,3
108,12,2,2,16.6818,5664.67
323,12,2,2,16.6697,5596.56
365,12,2,2,16.6471,5467.57
370,12,2,2,16.6269,5266.83
369,12,2,2,16.6225,5229.37
2134,12,2,2,16.6126,5133.73
371,12,2,2,16.6072,5092.95
377,12,2,2,16.5903,4997.94
386,12,2,2,16.575,4919.12
489,12,2,2,16.5642,4864.28
490,12,2,2,16.5418,4749.54
492,12,2,2,16.5353,4715.77
491,12,2,2,16.5317,4696.65
1991,12,2,2,16.527,4673.47
513,12,2,2,16.5221,4648.49
1753,12,2,2,16.5041,4561.66
1751,12,2,2,16.4977,4529.41
530,12,2,2,16.4942,4510.18
1992,12,2,2,16.4907,4492.79
560,12,2,2,16.4798,4436.65
555,12,2,2,16.4769,4421.65
559,12,2,2,16.4708,4385.62
554,12,2,2,16.4676,4365.63
565,12,2,2,16.4587,4317.16
562,12,2,2,16.4525,4284.61
639,12,2,2,16.4491,4267.17
638,12,2,2,16.4404,4224.95
637,12,2,2,16.4349,4197.48
842,12,2,3,16.958,7108.92,0,0,0
830,12,2,3,16.9379,7004.24
2008,12,2,3,16.9077,6843.79
812,12,2,3,16.8903,6748.31
807,12,2,3,16.8902,6747.52
356,12,2,3,16.8732,6659.33
1981,12,2,3,16.8609,6575.83
345,12,2,3,16.8394,6466.48
341,12,2,3,16.831,6420.55
2132,12,2,3,16.8307,6418.49
328,12,2,3,16.815,6324.48
2115,12,2,3,16.8044,6269.1
329,12,2,3,16.8001,6246.65
1979,12,2,3,16.7934,6213.59
1978,12,2,3,16.7501,5974.69
321,12,2,3,16.7343,5893.71
1296,13,0,0,13.601,1110.81,0.0958333,417.996,0,1
1294,13,0,0,13.5769,980.492
1290,13,0,0,13.5513,845.048
1558,13,0,0,13.5406,792.147
1288,13,0,0,13.5148,653.889
2067,13,0,0,13.4912,527.764
1272,13,0,0,13.4712,421.571
1261,13,0,0,13.4616,370.372
869,13,0,0,13.4442,272.857
1856,13,0,0,13.4215,165.867
855,13,0,0,13.4214,165.154
854,13,0,0,13.419,151.318
841,13,0,0,13.3969,36.854
842,13,0,0,13.39,0
1336,13,0,1,13.9388,2888.08,0.0515,224.627,0.24,2
1792,13,0,1,13.9326,2855.66
1334,13,0,1,13.9246,2815.22
1335,13,0,1,13.9139,2764.99
1341,13,0,1,13.9064,2722.29
1315,13,0,1,13.8862,2614.53
2165,13,0,1,13.8684,2522.64
2117,13,0,1,13.8636,2495.84
2164,13,0,1,13.8441,2379.87
1306,13,0,1,13.8205,2220.43
1312,13,0,1,13.8204,2220.07
1311,13,0,1,13.8089,2157.31
1319,13,0,1,13.7789,1971.27
1318,13,0,1,13.7704,1924.94
1292,13,0,1,13.7696,1921.22
1291,13,0,1,13.7577,1860.89
1290,13,0,1,13.7396,1768.79
1294,13,0,1,13.7148,1636.7
1296,13,0,1,13.6968,1528.81
2135,13,0,2,14.3928,5276.12,0.0471667,205.727,0.03,3
2133,13,0,2,14.3664,5096.55
366,13,0,2,14.3625,5069.81
2134,13,0,2,14.3505,5003.54
2136,13,0,2,14.3388,4939.82
393,13,0,2,14.3075,4778.28
401,13,0,2,14.2943,4707.19
1739,13,0,2,14.2837,4649.91
1742,13,0,2,14.2765,4612.51
1741,13,0,2,14.2706,4580.29
418,13,0,2,14.2629,4539.93
417,13,0,2,14.2597,4522.33
1989,13,0,2,14.2433,4436.79
2011,13,0,2,14.2254,4342.87
891,13,0,2,14.2054,4236.98
892,13,0,2,14.195,4185.34
916,13,0,2,14.1758,4086.19
919,13,0,2,14.1701,4047.11
2017,13,0,2,14.17,4046.93
1786,13,0,2,14.1654,4023.39
918,13,0,2,14.1622,4006.7
920,13,0,2,14.1496,3937.71
1085,13,0,2,14.1332,3847.61
2035,13,0,2,14.1183,3771.18
1106,13,0,2,14.1057,3704.31
2039,13,0,2,14.0991,3662.66
2040,13,0,2,14.0889,3605.67
1783,13,0,2,14.0633,3482.49
1153,13,0,2,14.0555,3443.61
1154,13,0,2,14.042,3374.68
1324,13,0,2,14.0357,3343.88
1325,13,0,2,14.0272,3299.63
2073,13,0,2,14.0192,3260.46
1336,13,0,2,13.9903,3112.7
261,13,0,3,14.9426,8363.9,0.0603333,263.156,0.25,4
93,13,0,3,14.9294,8297.38
92,13,0,3,14.9186,8241.72
81,13,0,3,14.9015,8155.04
75,13,0,3,14.8849,8065.78
82,13,0,3,14.8407,7796.31
83,13,0,3,14.8135,7639.07
324,13,0,3,14.8132,7637.07
319,13,0,3,14.7842,7483.63
320,13,0,3,14.7716,7397.93
1978,13,0,3,14.7545,7279.04
107,13,0,3,14.7462,7225.16
1967,13,0,3,14.7432,7196.46
105,13,0,3,14.7182,7047.62
124,13,0,3,14.7066,6976.94
1970,13,0,3,14.6907,6883.82
122,13,0,3,14.6792,6824.4
117,13,0,3,14.6609,6732.89
118,13,0,3,14.6528,6692.87
1968,13,0,3,14.6213,6528.15
1969,13,0,3,14.6094,6452.1
115,13,0,3,14.6068,6437.51
2113,13,0,3,14.6021,6411.93
2133,13,0,3,14.4652,5660.73
2135,13,0,3,14.44,5481.85
842,13,0,4,15.31,10273.8,0,0,0
840,13,0,4,15.3017,10229.9
838,13,0,4,15.2835,10132.8
839,13,0,4,15.2736,10079.2
2010,13,0,4,15.2632,10022.1
2009,13,0,4,15.2411,9901.99
819,13,0,4,15.2333,9853.63
818,13,0,4,15.2166,9765.85
804,13,0,4,15.1959,9653.48
803,13,0,4,15.1869,9604.13
354,13,0,4,15.1868,9603.76
353,13,0,4,15.1844,9592.66
314,13,0,4,15.1758,9544.02
312,13,0,4,15.1718,9521.79
313,13,0,4,15.1651,9484.05
306,13,0,4,15.1501,9404.92
297,13,0,4,15.1426,9364.51
295,13,0,4,15.1307,9299.24
289,13,0,4,15.1065,9172.72
285,13,0,4,15.0865,9067.72
284,13,0,4,15.0748,9004.12
283,13,0,4,15.0698,8978.96
277,13,0,4,15.0591,8921.87
270,13,0,4,15.0397,8819.81
269,13,0,4,15.0297,8767.02
262,13,0,4,15.0172,8700.05
261,13,0,4,15.003,8627.06
1576,13,1,0,15.7417,1267.6,0.094,410,0.23,1
1251,13,1,0,15.6663,855.984
1246,13,1,0,15.6569,802.709
1273,13,1,0,15.6474,752.764
1263,13,1,0,15.6337,679.841
1264,13,1,0,15.6253,633.87
1265,13,1,0,15.6178,591.857
1258,13,1,0,15.6052,524.761
1260,13,1,0,15.5979,472.665
863,13,1,0,15.5684,312.687
862,13,1,0,15.559,260.727
864,13,1,0,15.5486,206.338
852,13,1,0,15.5435,177.503
853,13,1,0,15.5294,101.937
842,13,1,0,15.51,0
1233,13,1,1,16.0557,2866.22,0.0526667,229.716,0.28,2
1252,13,1,1,16.0159,2642.63
1253,13,1,1,15.9928,2526.08
1567,13,1,1,15.9789,2455.68
1596,13,1,1,15.9484,2296.5
1248,13,1,1,15.9367,2231.32
1249,13,1,1,15.9289,2192
1250,13,1,1,15.9138,2115.4
1251,13,1,1,15.908,2076.01
1576,13,1,1,15.8357,1677.6
769,13,1,2,16.3619,4428.89,0.101167,441.259,0.18,3
772,13,1,2,16.311,4181.58
770,13,1,2,16.2997,4122.89
1212,13,1,2,16.2292,3755.3
1213,13,1,2,16.2016,3605.73
1218,13,1,2,16.1954,3563.1
1221,13,1,2,16.1794,3465.29
1226,13,1,2,16.1492,3320.6
1572,13,1,2,16.1477,3310.62
1230,13,1,2,16.1343,3240.66
1234,13,1,2,16.1154,3135.55
1233,13,1,2,16.1084,3095.93
842,13,1,3,16.8076,6794.54,0,0,0
840,13,1,3,16.7959,6736.26
838,13,1,3,16.7767,6634.74
837,13,1,3,16.7663,6578.53
2010,13,1,3,16.7591,6532.56
2149,13,1,3,16.6765,5996.44
1212,13,1,3,16.5928,5531.38
770,13,1,3,16.5039,5086.26
772,13,1,3,16.4958,5041.32
769,13,1,3,16.4631,4870.15
1590,13,2,0,15.8707,1416.22,0.0708333,308.954,0.03,1
1589,13,2,0,15.8479,1297.15
1560,13,2,0,15.8165,1126.24
1591,13,2,0,15.7965,1016.11
1559,13,2,0,15.7805,928.573
1319,13,2,0,15.7736,892.364
1311,13,2,0,15.7341,676.359
1601,13,2,0,15.7167,578.143
1599,13,2,0,15.7107,544.382
1300,13,2,0,15.7061,517.694
1298,13,2,0,15.7014,490.94
2176,13,2,0,15.6948,451.74
2066,13,2,0,15.6845,384.544
869,13,2,0,15.675,309.621
865,13,2,0,15.66,219.013
852,13,2,0,15.6535,177.503
853,13,2,0,15.6394,101.937
842,13,2,0,15.62,0
637,13,2,1,16.3259,3722.05,0.109,475.425,0.07,2
685,13,2,1,16.3146,3667.72
687,13,2,1,16.3093,3641.14
971,13,2,1,16.2988,3589.47
972,13,2,1,16.2927,3558.2
973,13,2,1,16.2828,3508.35
1008,13,2,1,16.2716,3454.24
1009,13,2,1,16.2603,3396.35
1038,13,2,1,16.2527,3358.24
1039,13,2,1,16.2521,3355.57
1040,13,2,1,16.2464,3326.14
1056,13,2,1,16.2392,3290.19
1072,13,2,1,16.2219,3200.5
1071,13,2,1,16.2147,3162.48
1090,13,2,1,16.2069,3119.57
1089,13,2,1,16.2008,3086.48
1119,13,2,1,16.1931,3044.23
1118,13,2,1,16.1871,3011.58
2044,13,2,1,16.1717,2931.44
2169,13,2,1,16.1635,2889.39
2171,13,2,1,16.1588,2865.34
1549,13,2,1,16.1525,2831.19
1147,13,2,1,16.1466,2799.67
1327,13,2,1,16.1175,2648.71
1343,13,2,1,16.117,2645.98
1355,13,2,1,16.0903,2507.05
1364,13,2,1,16.0903,2506.84
1362,13,2,1,16.0808,2456.3
1382,13,2,1,16.0524,2313.24
1389,13,2,1,16.0248,2166.51
1388,13,2,1,16.0165,2120.4
1323,13,2,1,16.0157,2116.62
2072,13,2,1,15.9945,2011.21
1588,13,2,1,15.9644,1848.05
1590,13,2,1,15.9416,1725.18
321,13,2,2,16.6823,5666.9,0.052,226.808,0.44,3
108,13,2,2,16.6818,5664.67
323,13,2,2,16.6697,5596.56
365,13,2,2,16.6471,5467.57
370,13,2,2,16.6269,5266.83
369,13,2,2,16.6225,5229.37
2134,13,2,2,16.6126,5133.73
371,13,2,2,16.6072,5092.95
377,13,2,2,16.5903,4997.94
386,13,2,2,16.575,4919.12
489,13,2,2,16.5642,4864.28
490,13,2,2,16.5418,4749.54
492,13,2,2,16.5353,4715.77
491,13,2,2,16.5317,4696.65
1991,13,2,2,16.527,4673.47
513,13,2,2,16.5221,4648.49
1753,13,2,2,16.5041,4561.66
1751,13,2,2,16.4977,4529.41
530,13,2,2,16.4942,4510.18
1992,13,2,2,16.4907,4492.79
560,13,2,2,16.4798,4436.65
555,13,2,2,16.4769,4421.65
559,13,2,2,16.4708,4385.62
554,13,2,2,16.4676,4365.63
565,13,2,2,16.4587,4317.16
562,13,2,2,16.4525,4284.61
639,13,2,2,16.4491,4267.17
638,13,2,2,16.4404,4224.95
637,13,2,2,16.4349,4197.48
842,13,2,3,16.958,7108.92,0,0,0
830,13,2,3,16.9379,7004.24
2008,13,2,3,16.9077,6843.79
812,13,2,3,16.8903,6748.31
807,13,2,3,16.8902,6747.52
356,13,2,3,16.8732,6659.33
1981,13,2,3,16.8609,6575.83
345,13,2,3,16.8394,6466.48
341,13,2,3,16.831,6420.55
2132,13,2,3,16.8307,6418.49
328,13,2,3,16.815,6324.48
2115,13,2,3,16.8044,6269.1
329,13,2,3,16.8001,6246.65
1979,13,2,3,16.7934,6213.59
1978,13,2,3,16.7501,5974.69
321,13,2,3,16.7343,5893.71
