Node, Individual, Route,Segment, Travel time, Travel cost, Attention time, Attention cost, Failure rate, Demand
927,0,0,0,16.2838,704.628,0.0745,324.947,0.4,1
926,0,0,0,16.2612,580.1
911,0,0,0,16.2326,429.016
899,0,0,0,16.2268,397.411
880,0,0,0,16.1922,215.354
881,0,0,0,16.1739,119.679
814,0,0,0,16.15,0
832,0,0,1,16.4719,1622.13,0.0425,185.372,0.15,2
834,0,0,1,16.4486,1497.52
835,0,0,1,16.4414,1455.08
2154,0,0,1,16.4161,1320.62
857,0,0,1,16.4038,1259.6
926,0,0,1,16.3894,1190.91
927,0,0,1,16.3583,1029.57
1819,0,0,2,16.6448,2520.77,0.0873333,380.922,0.03,3
344,0,0,2,16.6284,2423.73
349,0,0,2,16.6153,2342.03
358,0,0,2,16.604,2277.31
359,0,0,2,16.5844,2181.84
806,0,0,2,16.5841,2180.84
812,0,0,2,16.5522,2018.27
2008,0,0,2,16.5389,1935.59
821,0,0,2,16.5338,1907.5
2153,0,0,2,16.5203,1840.02
831,0,0,2,16.5203,1839.94
832,0,0,2,16.5144,1807.51
364,0,0,3,16.8363,3585.39,0.044,191.915,0.23,4
365,0,0,3,16.8285,3534.21
323,0,0,3,16.8133,3411.94
108,0,0,3,16.804,3347.46
107,0,0,3,16.7963,3299.01
1978,0,0,3,16.7874,3244.35
1979,0,0,3,16.7539,3033.19
329,0,0,3,16.7517,3015.77
2114,0,0,3,16.7467,2990.69
335,0,0,3,16.7361,2929.42
1819,0,0,3,16.7322,2901.7
410,0,0,4,16.9851,4334.08,0.067,292.234,0.11,5
398,0,0,4,16.9848,4332.88
397,0,0,4,16.9745,4272.98
389,0,0,4,16.9639,4215.05
388,0,0,4,16.9382,4081.53
381,0,0,4,16.927,4024.48
337,0,0,4,16.9265,4022.18
373,0,0,4,16.9068,3914.24
375,0,0,4,16.906,3910.3
374,0,0,4,16.9001,3879.79
364,0,0,4,16.8803,3777.31
814,0,0,5,17.1213,5005.22,0,0,0
881,0,0,5,17.1085,4932.56
1985,0,0,5,17.0834,4796.07
1986,0,0,5,17.0757,4743.69
410,0,0,5,17.0521,4626.32
927,1,0,0,15.6711,693.643,0.102167,445.62,0.4,1
926,1,0,0,15.6478,566.013
911,1,0,0,15.6185,411.604
899,1,0,0,15.6131,381.588
880,1,0,0,15.5791,201.999
881,1,0,0,15.5616,109.896
814,1,0,0,15.54,0
832,1,0,1,15.8914,1750.31,0.059,257.34,0.06,2
834,1,0,1,15.8683,1626.76
835,1,0,1,15.8608,1583.86
2154,1,0,1,15.8273,1414.39
857,1,0,1,15.8149,1353.33
926,1,0,1,15.8055,1304.91
927,1,0,1,15.7733,1139.26
1819,1,0,2,16.0577,2638.59,0.0873333,380.922,0.03,3
344,1,0,2,16.0423,2543.15
349,1,0,2,16.0322,2463.35
358,1,0,2,16.0224,2400.7
359,1,0,2,16.0105,2337.71
807,1,0,2,15.9862,2208.43
812,1,0,2,15.9861,2207.64
2008,1,0,2,15.972,2123.96
821,1,0,2,15.9665,2093.86
2153,1,0,2,15.9571,2043.48
831,1,0,2,15.9571,2043.4
832,1,0,2,15.9504,2007.65
364,1,0,3,16.2491,3703.21,0.044,191.915,0.23,4
365,1,0,3,16.2413,3652.02
323,1,0,3,16.2261,3529.76
108,1,0,3,16.2168,3465.27
107,1,0,3,16.2091,3416.83
1978,1,0,3,16.2002,3362.17
1979,1,0,3,16.1667,3151.01
329,1,0,3,16.1645,3133.59
2114,1,0,3,16.1595,3108.51
335,1,0,3,16.149,3047.24
1819,1,0,3,16.145,3019.51
410,1,0,4,16.3979,4451.9,0.067,292.234,0.11,5
398,1,0,4,16.3977,4450.69
397,1,0,4,16.3873,4390.8
389,1,0,4,16.3767,4332.87
388,1,0,4,16.351,4199.34
381,1,0,4,16.3398,4142.3
337,1,0,4,16.3394,4139.99
373,1,0,4,16.3196,4032.06
375,1,0,4,16.3188,4028.12
374,1,0,4,16.3129,3997.61
364,1,0,4,16.2931,3895.12
814,1,0,5,16.5398,5145.96,0,0,0
881,1,0,5,16.5248,5064.03
1985,1,0,5,16.5017,4936.51
1986,1,0,5,16.494,4884.13
410,1,0,5,16.4649,4744.14
832,2,0,0,15.9999,370.808,0.059,257.34,0.06,1
831,2,0,0,15.9931,334.665
825,2,0,0,15.9927,332.635
822,2,0,0,15.9741,229.355
823,2,0,0,15.9668,192.66
824,2,0,0,15.9498,107.308
814,2,0,0,15.93,0
927,2,0,1,16.1569,1157.13,0.0745,324.947,0.4,2
926,2,0,1,16.1343,1032.6
911,2,0,1,16.1057,881.516
835,2,0,1,16.0856,771.328
834,2,0,1,16.076,719.687
825,2,0,1,16.0653,662.614
831,2,0,1,16.0649,660.584
832,2,0,1,16.0589,628.148
410,2,0,2,16.4061,2378.96,0.067,292.234,0.11,3
1986,2,0,2,16.3759,2234.74
883,2,0,2,16.3437,2068.83
882,2,0,2,16.3303,1998.4
2155,2,0,2,16.3269,1980.88
901,2,0,2,16.2952,1813.37
913,2,0,2,16.2851,1762.89
922,2,0,2,16.2662,1660.94
921,2,0,2,16.26,1630.05
927,2,0,2,16.2314,1482.07
364,2,0,3,16.6056,3395.99,0.044,191.915,0.23,4
374,2,0,3,16.5897,3310.29
375,2,0,3,16.5831,3276.69
382,2,0,3,16.5415,3055.42
383,2,0,3,16.5326,3005.32
392,2,0,3,16.5218,2937.21
400,2,0,3,16.5033,2837.8
411,2,0,3,16.4882,2760.52
412,2,0,3,16.4856,2741.48
398,2,0,3,16.4733,2672.4
410,2,0,3,16.4731,2671.19
1819,2,0,4,16.7772,4282.17,0.0873333,380.922,0.03,5
335,2,0,4,16.7724,4253.48
2114,2,0,4,16.7573,4173.85
329,2,0,4,16.7546,4158.55
1979,2,0,4,16.7479,4125.49
1978,2,0,4,16.7046,3886.59
321,2,0,4,16.6888,3805.61
108,2,0,4,16.6883,3803.38
323,2,0,4,16.6762,3735.27
322,2,0,4,16.6761,3734.62
364,2,0,4,16.6496,3587.9
814,2,0,5,17.0151,5482.86,0,0,0
810,2,0,5,16.9981,5397.69
813,2,0,5,16.9877,5346.88
809,2,0,5,16.9649,5229.31
808,2,0,5,16.9557,5180.59
807,2,0,5,16.9476,5137.28
356,2,0,5,16.9306,5049.1
355,2,0,5,16.9037,4909.34
349,2,0,5,16.8898,4837.03
344,2,0,5,16.8776,4756.48
1819,2,0,5,16.8645,4663.1
832,3,0,0,15.9899,370.808,0.059,257.34,0.06,1
831,3,0,0,15.9831,334.665
825,3,0,0,15.9827,332.635
822,3,0,0,15.9641,229.355
823,3,0,0,15.9568,192.66
824,3,0,0,15.9398,107.308
814,3,0,0,15.92,0
927,3,0,1,16.1469,1157.13,0.0745,324.947,0.4,2
926,3,0,1,16.1243,1032.6
911,3,0,1,16.0957,881.516
835,3,0,1,16.0756,771.328
834,3,0,1,16.066,719.687
825,3,0,1,16.0553,662.614
831,3,0,1,16.0549,660.584
832,3,0,1,16.0489,628.148
364,3,0,2,16.5104,2995.77,0.044,191.915,0.23,3
374,3,0,2,16.4862,2875.11
375,3,0,2,16.4791,2839.42
382,3,0,2,16.4383,2621.37
390,3,0,2,16.4207,2528.44
397,3,0,2,16.403,2434.8
409,3,0,2,16.3832,2333.83
1985,3,0,2,16.3687,2256.48
881,3,0,2,16.3411,2109.34
880,3,0,2,16.324,2018.94
899,3,0,2,16.2876,1828.8
911,3,0,2,16.2826,1800.72
926,3,0,2,16.2526,1643.41
927,3,0,2,16.2214,1482.07
410,3,0,3,16.6592,3744.46,0.067,292.234,0.11,4
398,3,0,3,16.6589,3743.26
397,3,0,3,16.6485,3683.36
389,3,0,3,16.638,3625.43
388,3,0,3,16.6122,3491.91
381,3,0,3,16.6011,3434.86
337,3,0,3,16.6006,3432.56
373,3,0,3,16.5809,3324.62
375,3,0,3,16.5801,3320.68
374,3,0,3,16.5742,3290.17
364,3,0,3,16.5544,3187.69
814,3,0,4,16.801,4438.52,0,0,0
881,3,0,4,16.786,4356.6
1985,3,0,4,16.763,4229.07
1986,3,0,4,16.7553,4176.69
410,3,0,4,16.7262,4036.7
1819,3,1,0,17.197,796.263,0.072,314.042,0.02,1
344,3,1,0,17.1803,698.615
349,3,1,0,17.1677,617.675
358,3,1,0,17.1564,552.943
359,3,1,0,17.1442,488.322
807,3,1,0,17.1164,344.147
808,3,1,0,17.1101,308.678
809,3,1,0,17.1048,272.364
813,3,1,0,17.0787,141.2
810,3,1,0,17.0682,90.3136
814,3,1,0,17.05,0
814,3,1,1,17.4259,1947.55,0,0,0
810,3,1,1,17.4071,1855.17
813,3,1,1,17.3966,1804.37
809,3,1,1,17.3687,1665.38
808,3,1,1,17.36,1618.85
807,3,1,1,17.351,1571.73
356,3,1,1,17.3365,1493.82
355,3,1,1,17.3128,1367.9
349,3,1,1,17.297,1287.32
344,3,1,1,17.2828,1204.07
1819,3,1,1,17.269,1110.31
