Node, Individual, Route,Segment, Travel time, Travel cost, Attention time, Attention cost, Failure rate, Demand
927,0,0,0,16.2638,704.628,0.0745,324.947,0.4,1
926,0,0,0,16.2412,580.1
911,0,0,0,16.2126,429.016
899,0,0,0,16.2068,397.411
880,0,0,0,16.1722,215.354
881,0,0,0,16.1539,119.679
814,0,0,0,16.13,0
832,0,0,1,16.4519,1622.13,0.0425,185.372,0.15,2
834,0,0,1,16.4286,1497.52
835,0,0,1,16.4214,1455.08
2154,0,0,1,16.3961,1320.62
857,0,0,1,16.3838,1259.6
926,0,0,1,16.3694,1190.91
927,0,0,1,16.3383,1029.57
1819,0,0,2,16.6248,2520.77,0.0873333,380.922,0.03,3
344,0,0,2,16.6084,2423.73
349,0,0,2,16.5953,2342.03
358,0,0,2,16.584,2277.31
359,0,0,2,16.5644,2181.84
806,0,0,2,16.5641,2180.84
812,0,0,2,16.5322,2018.27
2008,0,0,2,16.5189,1935.59
821,0,0,2,16.5138,1907.5
2153,0,0,2,16.5003,1840.02
831,0,0,2,16.5003,1839.94
832,0,0,2,16.4944,1807.51
364,0,0,3,16.8163,3585.39,0.044,191.915,0.23,4
365,0,0,3,16.8085,3534.21
323,0,0,3,16.7933,3411.94
108,0,0,3,16.784,3347.46
107,0,0,3,16.7763,3299.01
1978,0,0,3,16.7674,3244.35
1979,0,0,3,16.7339,3033.19
329,0,0,3,16.7317,3015.77
2114,0,0,3,16.7267,2990.69
335,0,0,3,16.7161,2929.42
1819,0,0,3,16.7122,2901.7
410,0,0,4,16.9651,4334.08,0.067,292.234,0.11,5
398,0,0,4,16.9648,4332.88
397,0,0,4,16.9545,4272.98
389,0,0,4,16.9439,4215.05
388,0,0,4,16.9182,4081.53
381,0,0,4,16.907,4024.48
337,0,0,4,16.9065,4022.18
373,0,0,4,16.8868,3914.24
375,0,0,4,16.886,3910.3
374,0,0,4,16.8801,3879.79
364,0,0,4,16.8603,3777.31
814,0,0,5,17.1013,5005.22,0,0,0
881,0,0,5,17.0885,4932.56
1985,0,0,5,17.0634,4796.07
1986,0,0,5,17.0557,4743.69
410,0,0,5,17.0321,4626.32
927,1,0,0,15.6511,693.643,0.102167,445.62,0.4,1
926,1,0,0,15.6278,566.013
911,1,0,0,15.5985,411.604
899,1,0,0,15.5931,381.588
880,1,0,0,15.5591,201.999
881,1,0,0,15.5416,109.896
814,1,0,0,15.52,0
832,1,0,1,15.8714,1750.31,0.059,257.34,0.06,2
834,1,0,1,15.8483,1626.76
835,1,0,1,15.8408,1583.86
2154,1,0,1,15.8073,1414.39
857,1,0,1,15.7949,1353.33
926,1,0,1,15.7855,1304.91
927,1,0,1,15.7533,1139.26
1819,1,0,2,16.0377,2638.59,0.0873333,380.922,0.03,3
344,1,0,2,16.0223,2543.15
349,1,0,2,16.0122,2463.35
358,1,0,2,16.0023,2400.7
359,1,0,2,15.9905,2337.71
807,1,0,2,15.9662,2208.43
812,1,0,2,15.9661,2207.64
2008,1,0,2,15.952,2123.96
821,1,0,2,15.9465,2093.86
2153,1,0,2,15.9371,2043.48
831,1,0,2,15.9371,2043.4
832,1,0,2,15.9304,2007.65
364,1,0,3,16.2291,3703.21,0.044,191.915,0.23,4
365,1,0,3,16.2213,3652.02
323,1,0,3,16.2061,3529.76
108,1,0,3,16.1968,3465.27
107,1,0,3,16.1891,3416.83
1978,1,0,3,16.1802,3362.17
1979,1,0,3,16.1467,3151.01
329,1,0,3,16.1445,3133.59
2114,1,0,3,16.1395,3108.51
335,1,0,3,16.129,3047.24
1819,1,0,3,16.125,3019.51
410,1,0,4,16.3779,4451.9,0.067,292.234,0.11,5
398,1,0,4,16.3777,4450.69
397,1,0,4,16.3673,4390.8
389,1,0,4,16.3567,4332.87
388,1,0,4,16.331,4199.34
381,1,0,4,16.3198,4142.3
337,1,0,4,16.3194,4139.99
373,1,0,4,16.2996,4032.06
375,1,0,4,16.2988,4028.12
374,1,0,4,16.2929,3997.61
364,1,0,4,16.2731,3895.12
814,1,0,5,16.5198,5145.96,0,0,0
881,1,0,5,16.5048,5064.03
1985,1,0,5,16.4817,4936.51
1986,1,0,5,16.474,4884.13
410,1,0,5,16.4449,4744.14
832,2,0,0,15.8899,370.808,0.059,257.34,0.06,1
831,2,0,0,15.8831,334.665
825,2,0,0,15.8827,332.635
822,2,0,0,15.8641,229.355
823,2,0,0,15.8568,192.66
824,2,0,0,15.8398,107.308
814,2,0,0,15.82,0
364,2,0,1,16.134,1629.04,0.044,191.915,0.23,2
374,2,0,1,16.1197,1549.96
375,2,0,1,16.1116,1510.25
373,2,0,1,16.1108,1506.32
337,2,0,1,16.088,1385.2
381,2,0,1,16.0875,1382.9
388,2,0,1,16.0767,1327.29
2132,2,0,1,16.05,1176.58
341,2,0,1,16.0491,1172.58
345,2,0,1,16.0435,1134.4
1981,2,0,1,16.0286,1053.19
356,2,0,1,16.0063,936.202
807,2,0,1,15.9848,828.926
812,2,0,1,15.9846,828.137
2008,2,0,1,15.9706,744.464
821,2,0,1,15.9651,714.366
2153,2,0,1,15.9557,663.977
831,2,0,1,15.9556,663.896
832,2,0,1,15.9489,628.148
410,2,0,2,16.2828,2377.73,0.067,292.234,0.11,3
398,2,0,2,16.2825,2376.52
397,2,0,2,16.2722,2316.63
389,2,0,2,16.2616,2258.7
388,2,0,2,16.2359,2125.17
381,2,0,2,16.2247,2068.13
337,2,0,2,16.2242,2065.83
373,2,0,2,16.2045,1957.89
375,2,0,2,16.2037,1953.95
374,2,0,2,16.1978,1923.44
364,2,0,2,16.178,1820.95
814,2,0,3,16.4246,3071.79,0,0,0
881,2,0,3,16.4096,2989.86
1985,2,0,3,16.3866,2862.34
1986,2,0,3,16.3789,2809.96
410,2,0,3,16.3498,2669.97
927,2,1,0,16.9838,704.628,0.0745,324.947,0.4,1
926,2,1,0,16.9612,580.1
911,2,1,0,16.9326,429.016
899,2,1,0,16.9268,397.411
880,2,1,0,16.8922,215.354
881,2,1,0,16.8739,119.679
814,2,1,0,16.85,0
1819,2,1,1,17.264,2157.73,0.072,314.042,0.02,2
344,2,1,1,17.2472,2060.08
349,2,1,1,17.2346,1979.14
358,2,1,1,17.2234,1914.41
359,2,1,1,17.2111,1849.78
807,2,1,1,17.1833,1705.61
812,2,1,1,17.1832,1704.82
2008,2,1,1,17.1706,1623.01
821,2,1,1,17.1645,1590.72
2153,2,1,1,17.1549,1539.32
831,2,1,1,17.1548,1539.24
825,2,1,1,17.1544,1537.21
834,2,1,1,17.1476,1492.76
835,2,1,1,17.139,1445.48
2154,2,1,1,17.1061,1278.65
857,2,1,1,17.0968,1230.47
926,2,1,1,17.0876,1183.27
927,2,1,1,17.0583,1029.57
814,2,1,2,17.4928,3309.01,0,0,0
810,2,1,2,17.474,3216.63
813,2,1,2,17.4636,3165.83
809,2,1,2,17.4356,3026.84
808,2,1,2,17.427,2980.31
807,2,1,2,17.418,2933.19
356,2,1,2,17.4034,2855.28
355,2,1,2,17.3797,2729.36
349,2,1,2,17.3639,2648.78
344,2,1,2,17.3497,2565.54
1819,2,1,2,17.336,2471.77
