Node, Individual, Route,Segment, Travel time, Travel cost, Attention time, Attention cost, Failure rate, Demand
927,0,0,0,16.2438,704.628,0.0745,324.947,0.4,1
926,0,0,0,16.2212,580.1
911,0,0,0,16.1926,429.016
899,0,0,0,16.1868,397.411
880,0,0,0,16.1522,215.354
881,0,0,0,16.1339,119.679
814,0,0,0,16.11,0
832,0,0,1,16.4319,1622.13,0.0425,185.372,0.15,2
834,0,0,1,16.4086,1497.52
835,0,0,1,16.4014,1455.08
2154,0,0,1,16.3761,1320.62
857,0,0,1,16.3638,1259.6
926,0,0,1,16.3494,1190.91
927,0,0,1,16.3183,1029.57
1819,0,0,2,16.6048,2520.77,0.0873333,380.922,0.03,3
344,0,0,2,16.5884,2423.73
349,0,0,2,16.5753,2342.03
358,0,0,2,16.564,2277.31
359,0,0,2,16.5444,2181.84
806,0,0,2,16.5441,2180.84
812,0,0,2,16.5122,2018.27
2008,0,0,2,16.4989,1935.59
821,0,0,2,16.4938,1907.5
2153,0,0,2,16.4803,1840.02
831,0,0,2,16.4803,1839.94
832,0,0,2,16.4744,1807.51
364,0,0,3,16.7963,3585.39,0.044,191.915,0.23,4
365,0,0,3,16.7885,3534.21
323,0,0,3,16.7733,3411.94
108,0,0,3,16.764,3347.46
107,0,0,3,16.7563,3299.01
1978,0,0,3,16.7474,3244.35
1979,0,0,3,16.7139,3033.19
329,0,0,3,16.7117,3015.77
2114,0,0,3,16.7067,2990.69
335,0,0,3,16.6961,2929.42
1819,0,0,3,16.6922,2901.7
410,0,0,4,16.9451,4334.08,0.067,292.234,0.11,5
398,0,0,4,16.9448,4332.88
397,0,0,4,16.9345,4272.98
389,0,0,4,16.9239,4215.05
388,0,0,4,16.8982,4081.53
381,0,0,4,16.887,4024.48
337,0,0,4,16.8865,4022.18
373,0,0,4,16.8668,3914.24
375,0,0,4,16.866,3910.3
374,0,0,4,16.8601,3879.79
364,0,0,4,16.8403,3777.31
814,0,0,5,17.0813,5005.22,0,0,0
881,0,0,5,17.0685,4932.56
1985,0,0,5,17.0434,4796.07
1986,0,0,5,17.0357,4743.69
410,0,0,5,17.0121,4626.32
410,1,0,0,16.2191,414.941,0.067,292.234,0.11,1
409,1,0,0,16.206,344.171
1985,1,0,0,16.1915,266.824
881,1,0,0,16.1639,119.679
814,1,0,0,16.14,0
364,1,0,1,16.4186,1431.97,0.044,191.915,0.23,2
374,1,0,1,16.4027,1346.27
375,1,0,1,16.3961,1312.67
382,1,0,1,16.3545,1091.4
383,1,0,1,16.3456,1041.3
392,1,0,1,16.3348,973.193
400,1,0,1,16.3163,873.783
411,1,0,1,16.3012,796.496
412,1,0,1,16.2986,777.465
398,1,0,1,16.2864,708.383
410,1,0,1,16.2861,707.175
1819,1,0,2,16.5902,2318.15,0.0873333,380.922,0.03,3
335,1,0,2,16.5854,2289.46
2114,1,0,2,16.5703,2209.83
329,1,0,2,16.5676,2194.53
1979,1,0,2,16.5609,2161.47
1978,1,0,2,16.5176,1922.57
321,1,0,2,16.5018,1841.6
108,1,0,2,16.5013,1839.36
323,1,0,2,16.4892,1771.25
322,1,0,2,16.4891,1770.6
364,1,0,2,16.4626,1623.88
832,1,0,3,16.803,3399.08,0.0425,185.372,0.15,4
831,1,0,3,16.7972,3367.27
2153,1,0,3,16.7972,3367.19
821,1,0,3,16.7866,3312.32
2008,1,0,3,16.7782,3269.53
812,1,0,3,16.7607,3174.05
807,1,0,3,16.7606,3173.26
356,1,0,3,16.7436,3085.08
355,1,0,3,16.7167,2945.32
349,1,0,3,16.7028,2873.01
344,1,0,3,16.6906,2792.46
1819,1,0,3,16.6775,2699.08
927,1,0,4,16.9434,4113.43,0.0745,324.947,0.4,5
926,1,0,4,16.9208,3988.9
911,1,0,4,16.8922,3837.82
835,1,0,4,16.8721,3727.63
834,1,0,4,16.8625,3675.99
825,1,0,4,16.8518,3618.92
831,1,0,4,16.8514,3616.89
832,1,0,4,16.8455,3584.45
814,1,0,5,17.1484,5129.42,0,0,0
881,1,0,5,17.1356,5056.76
880,1,0,5,17.121,4977.22
899,1,0,5,17.0827,4779.27
911,1,0,5,17.0734,4732.83
926,1,0,5,17.0473,4592.08
927,1,0,5,17.0179,4438.38
927,2,0,0,15.6611,693.643,0.102167,445.62,0.4,1
926,2,0,0,15.6378,566.013
911,2,0,0,15.6085,411.604
899,2,0,0,15.6031,381.588
880,2,0,0,15.5691,201.999
881,2,0,0,15.5516,109.896
814,2,0,0,15.53,0
832,2,0,1,15.8814,1750.31,0.059,257.34,0.06,2
834,2,0,1,15.8583,1626.76
835,2,0,1,15.8508,1583.86
2154,2,0,1,15.8173,1414.39
857,2,0,1,15.8049,1353.33
926,2,0,1,15.7955,1304.91
927,2,0,1,15.7633,1139.26
1819,2,0,2,16.0477,2638.59,0.0873333,380.922,0.03,3
344,2,0,2,16.0323,2543.15
349,2,0,2,16.0222,2463.35
358,2,0,2,16.0123,2400.7
359,2,0,2,16.0005,2337.71
807,2,0,2,15.9762,2208.43
812,2,0,2,15.9761,2207.64
2008,2,0,2,15.962,2123.96
821,2,0,2,15.9565,2093.86
2153,2,0,2,15.9471,2043.48
831,2,0,2,15.9471,2043.4
832,2,0,2,15.9404,2007.65
364,2,0,3,16.2391,3703.21,0.044,191.915,0.23,4
365,2,0,3,16.2313,3652.02
323,2,0,3,16.2161,3529.76
108,2,0,3,16.2068,3465.27
107,2,0,3,16.1991,3416.83
1978,2,0,3,16.1902,3362.17
1979,2,0,3,16.1567,3151.01
329,2,0,3,16.1545,3133.59
2114,2,0,3,16.1495,3108.51
335,2,0,3,16.139,3047.24
1819,2,0,3,16.135,3019.51
410,2,0,4,16.3879,4451.9,0.067,292.234,0.11,5
398,2,0,4,16.3877,4450.69
397,2,0,4,16.3773,4390.8
389,2,0,4,16.3667,4332.87
388,2,0,4,16.341,4199.34
381,2,0,4,16.3298,4142.3
337,2,0,4,16.3294,4139.99
373,2,0,4,16.3096,4032.06
375,2,0,4,16.3088,4028.12
374,2,0,4,16.3029,3997.61
364,2,0,4,16.2831,3895.12
814,2,0,5,16.5298,5145.96,0,0,0
881,2,0,5,16.5148,5064.03
1985,2,0,5,16.4917,4936.51
1986,2,0,5,16.484,4884.13
410,2,0,5,16.4549,4744.14
832,3,0,0,15.9499,370.808,0.059,257.34,0.06,1
831,3,0,0,15.9431,334.665
825,3,0,0,15.9427,332.635
822,3,0,0,15.9241,229.355
823,3,0,0,15.9168,192.66
824,3,0,0,15.8998,107.308
814,3,0,0,15.88,0
927,3,0,1,16.1069,1157.13,0.0745,324.947,0.4,2
926,3,0,1,16.0843,1032.6
911,3,0,1,16.0557,881.516
835,3,0,1,16.0356,771.328
834,3,0,1,16.026,719.687
825,3,0,1,16.0153,662.614
831,3,0,1,16.0149,660.584
832,3,0,1,16.0089,628.148
814,3,0,2,16.3161,2191.26,0,0,0
881,3,0,2,16.3011,2109.34
880,3,0,2,16.284,2018.94
899,3,0,2,16.2476,1828.8
911,3,0,2,16.2426,1800.72
926,3,0,2,16.2126,1643.41
927,3,0,2,16.1814,1482.07
410,3,1,0,16.7791,414.941,0.067,292.234,0.11,1
409,3,1,0,16.766,344.171
1985,3,1,0,16.7515,266.824
881,3,1,0,16.7239,119.679
814,3,1,0,16.7,0
364,3,1,1,16.9786,1431.97,0.044,191.915,0.23,2
374,3,1,1,16.9627,1346.27
375,3,1,1,16.9561,1312.67
382,3,1,1,16.9145,1091.4
383,3,1,1,16.9056,1041.3
392,3,1,1,16.8948,973.193
400,3,1,1,16.8763,873.783
411,3,1,1,16.8612,796.496
412,3,1,1,16.8586,777.465
398,3,1,1,16.8464,708.383
410,3,1,1,16.8461,707.175
1819,3,1,2,17.1425,2287.83,0.072,314.042,0.02,3
335,3,1,2,17.1376,2259
2114,3,1,2,17.1227,2179.84
1979,3,1,2,17.1129,2130.08
1978,3,1,2,17.0731,1906.19
321,3,1,2,17.0601,1837.15
108,3,1,2,17.0596,1834.91
323,3,1,2,17.0456,1758.5
322,3,1,2,17.0455,1757.85
364,3,1,2,17.0226,1623.88
814,3,1,3,17.3713,3439.12,0,0,0
810,3,1,3,17.3526,3346.74
813,3,1,3,17.3421,3295.93
809,3,1,3,17.3142,3156.94
808,3,1,3,17.3055,3110.42
807,3,1,3,17.2965,3063.29
356,3,1,3,17.2819,2985.39
355,3,1,3,17.2582,2859.47
349,3,1,3,17.2424,2778.89
344,3,1,3,17.2282,2695.64
1819,3,1,3,17.2145,2601.87
