Node, Individual, Route,Segment, Travel time, Travel cost, Attention time, Attention cost, Failure rate, Demand
927,0,0,0,16.2538,704.628,0.0745,324.947,0.4,1
926,0,0,0,16.2312,580.1
911,0,0,0,16.2026,429.016
899,0,0,0,16.1968,397.411
880,0,0,0,16.1622,215.354
881,0,0,0,16.1439,119.679
814,0,0,0,16.12,0
832,0,0,1,16.4419,1622.13,0.0425,185.372,0.15,2
834,0,0,1,16.4186,1497.52
835,0,0,1,16.4114,1455.08
2154,0,0,1,16.3861,1320.62
857,0,0,1,16.3738,1259.6
926,0,0,1,16.3594,1190.91
927,0,0,1,16.3283,1029.57
1819,0,0,2,16.6148,2520.77,0.0873333,380.922,0.03,3
344,0,0,2,16.5984,2423.73
349,0,0,2,16.5853,2342.03
358,0,0,2,16.574,2277.31
359,0,0,2,16.5544,2181.84
806,0,0,2,16.5541,2180.84
812,0,0,2,16.5222,2018.27
2008,0,0,2,16.5089,1935.59
821,0,0,2,16.5038,1907.5
2153,0,0,2,16.4903,1840.02
831,0,0,2,16.4903,1839.94
832,0,0,2,16.4844,1807.51
364,0,0,3,16.8063,3585.39,0.044,191.915,0.23,4
365,0,0,3,16.7985,3534.21
323,0,0,3,16.7833,3411.94
108,0,0,3,16.774,3347.46
107,0,0,3,16.7663,3299.01
1978,0,0,3,16.7574,3244.35
1979,0,0,3,16.7239,3033.19
329,0,0,3,16.7217,3015.77
2114,0,0,3,16.7167,2990.69
335,0,0,3,16.7061,2929.42
1819,0,0,3,16.7022,2901.7
410,0,0,4,16.9551,4334.08,0.067,292.234,0.11,5
398,0,0,4,16.9548,4332.88
397,0,0,4,16.9445,4272.98
389,0,0,4,16.9339,4215.05
388,0,0,4,16.9082,4081.53
381,0,0,4,16.897,4024.48
337,0,0,4,16.8965,4022.18
373,0,0,4,16.8768,3914.24
375,0,0,4,16.876,3910.3
374,0,0,4,16.8701,3879.79
364,0,0,4,16.8503,3777.31
814,0,0,5,17.0913,5005.22,0,0,0
881,0,0,5,17.0785,4932.56
1985,0,0,5,17.0534,4796.07
1986,0,0,5,17.0457,4743.69
410,0,0,5,17.0221,4626.32
927,1,0,0,15.6811,693.643,0.102167,445.62,0.4,1
926,1,0,0,15.6578,566.013
911,1,0,0,15.6285,411.604
899,1,0,0,15.6231,381.588
880,1,0,0,15.5891,201.999
881,1,0,0,15.5716,109.896
814,1,0,0,15.55,0
832,1,0,1,15.9014,1750.31,0.059,257.34,0.06,2
834,1,0,1,15.8783,1626.76
835,1,0,1,15.8708,1583.86
2154,1,0,1,15.8373,1414.39
857,1,0,1,15.8249,1353.33
926,1,0,1,15.8155,1304.91
927,1,0,1,15.7833,1139.26
1819,1,0,2,16.0677,2638.59,0.0873333,380.922,0.03,3
344,1,0,2,16.0523,2543.15
349,1,0,2,16.0422,2463.35
358,1,0,2,16.0323,2400.7
359,1,0,2,16.0205,2337.71
807,1,0,2,15.9962,2208.43
812,1,0,2,15.9961,2207.64
2008,1,0,2,15.982,2123.96
821,1,0,2,15.9765,2093.86
2153,1,0,2,15.9671,2043.48
831,1,0,2,15.9671,2043.4
832,1,0,2,15.9604,2007.65
364,1,0,3,16.2591,3703.21,0.044,191.915,0.23,4
365,1,0,3,16.2513,3652.02
323,1,0,3,16.2361,3529.76
108,1,0,3,16.2268,3465.27
107,1,0,3,16.2191,3416.83
1978,1,0,3,16.2102,3362.17
1979,1,0,3,16.1767,3151.01
329,1,0,3,16.1745,3133.59
2114,1,0,3,16.1695,3108.51
335,1,0,3,16.159,3047.24
1819,1,0,3,16.155,3019.51
410,1,0,4,16.4079,4451.9,0.067,292.234,0.11,5
398,1,0,4,16.4077,4450.69
397,1,0,4,16.3973,4390.8
389,1,0,4,16.3867,4332.87
388,1,0,4,16.361,4199.34
381,1,0,4,16.3498,4142.3
337,1,0,4,16.3494,4139.99
373,1,0,4,16.3296,4032.06
375,1,0,4,16.3288,4028.12
374,1,0,4,16.3229,3997.61
364,1,0,4,16.3031,3895.12
814,1,0,5,16.5498,5145.96,0,0,0
881,1,0,5,16.5348,5064.03
1985,1,0,5,16.5117,4936.51
1986,1,0,5,16.504,4884.13
410,1,0,5,16.4749,4744.14
832,2,0,0,15.9899,370.808,0.059,257.34,0.06,1
831,2,0,0,15.9831,334.665
825,2,0,0,15.9827,332.635
822,2,0,0,15.9641,229.355
823,2,0,0,15.9568,192.66
824,2,0,0,15.9398,107.308
814,2,0,0,15.92,0
927,2,0,1,16.1469,1157.13,0.0745,324.947,0.4,2
926,2,0,1,16.1243,1032.6
911,2,0,1,16.0957,881.516
835,2,0,1,16.0756,771.328
834,2,0,1,16.066,719.687
825,2,0,1,16.0553,662.614
831,2,0,1,16.0549,660.584
832,2,0,1,16.0489,628.148
814,2,0,2,16.3561,2191.26,0,0,0
881,2,0,2,16.3411,2109.34
880,2,0,2,16.324,2018.94
899,2,0,2,16.2876,1828.8
911,2,0,2,16.2826,1800.72
926,2,0,2,16.2526,1643.41
927,2,0,2,16.2214,1482.07
410,2,1,0,16.7691,414.941,0.067,292.234,0.11,1
409,2,1,0,16.756,344.171
1985,2,1,0,16.7415,266.824
881,2,1,0,16.7139,119.679
814,2,1,0,16.69,0
364,2,1,1,16.9686,1431.97,0.044,191.915,0.23,2
374,2,1,1,16.9527,1346.27
375,2,1,1,16.9461,1312.67
382,2,1,1,16.9045,1091.4
383,2,1,1,16.8956,1041.3
392,2,1,1,16.8848,973.193
400,2,1,1,16.8663,873.783
411,2,1,1,16.8512,796.496
412,2,1,1,16.8486,777.465
398,2,1,1,16.8364,708.383
410,2,1,1,16.8361,707.175
1819,2,1,2,17.1325,2287.83,0.072,314.042,0.02,3
335,2,1,2,17.1276,2259
2114,2,1,2,17.1126,2179.84
1979,2,1,2,17.1029,2130.08
1978,2,1,2,17.0631,1906.19
321,2,1,2,17.0501,1837.15
108,2,1,2,17.0496,1834.91
323,2,1,2,17.0356,1758.5
322,2,1,2,17.0355,1757.85
364,2,1,2,17.0126,1623.88
814,2,1,3,17.3613,3439.12,0,0,0
810,2,1,3,17.3426,3346.74
813,2,1,3,17.3321,3295.93
809,2,1,3,17.3042,3156.94
808,2,1,3,17.2955,3110.42
807,2,1,3,17.2865,3063.29
356,2,1,3,17.2719,2985.39
355,2,1,3,17.2482,2859.47
349,2,1,3,17.2324,2778.89
344,2,1,3,17.2182,2695.64
1819,2,1,3,17.2045,2601.87
