Node, Individual, Route,Segment, Travel time, Travel cost, Attention time, Attention cost, Failure rate, Demand
1858,0,0,0,11.0643,1912.73,0.036,157.021,0.21,1
1859,0,0,0,11.0319,1744.72
1861,0,0,0,11.0092,1621.32
1863,0,0,0,10.9364,1243.23
1865,0,0,0,10.9333,1225.48
1868,0,0,0,10.909,1078.54
1870,0,0,0,10.829,638.671
1874,0,0,0,10.817,574.398
1876,0,0,0,10.7792,366.988
1878,0,0,0,10.7441,168.626
1882,0,0,0,10.7341,111.587
1884,0,0,0,10.72,0
559,0,0,1,11.3186,3504.88,0.043,187.553,0.36,2
554,0,0,1,11.3155,3485
565,0,0,1,11.3079,3442.07
573,0,0,1,11.3026,3415.48
574,0,0,1,11.2936,3363.68
580,0,0,1,11.2752,3265.41
596,0,0,1,11.2691,3205.55
595,0,0,1,11.2636,3175.14
605,0,0,1,11.2624,3167.15
529,0,0,1,11.2452,3067.12
726,0,0,1,11.2293,2965.93
714,0,0,1,11.2291,2964.04
715,0,0,1,11.2258,2940.56
2190,0,0,1,11.2133,2820.61
2191,0,0,1,11.2058,2748.88
713,0,0,1,11.1822,2520.94
242,0,0,1,11.1467,2325.34
243,0,0,1,11.1125,2140.81
1858,0,0,1,11.1003,2069.75
1537,0,0,2,11.4451,4141.95,0.0933333,407.092,0.11,3
418,0,0,2,11.4398,4113.49
419,0,0,2,11.4235,4024.36
424,0,0,2,11.42,4004.44
613,0,0,2,11.4155,3978.27
611,0,0,2,11.4105,3946.07
619,0,0,2,11.39,3843.19
618,0,0,2,11.3885,3834.95
560,0,0,2,11.3705,3743.9
555,0,0,2,11.3675,3727.94
559,0,0,2,11.3616,3692.43
596,0,0,3,11.7017,5512.1,0.0505,220.266,0.03,4
580,0,0,3,11.6933,5453.83
574,0,0,3,11.6761,5360.58
573,0,0,3,11.666,5304.68
564,0,0,3,11.6583,5263.53
557,0,0,3,11.6522,5229.54
561,0,0,3,11.6455,5183.02
628,0,0,3,11.6411,5157.37
609,0,0,3,11.6283,5080.72
423,0,0,3,11.6224,5024.4
419,0,0,3,11.6178,4989.95
418,0,0,3,11.6024,4905.03
2139,0,0,3,11.5986,4883.6
2138,0,0,3,11.5801,4782.16
411,0,0,3,11.5665,4707.35
1537,0,0,3,11.5385,4549.04
725,0,0,4,11.8345,6230.64,0.0406667,177.376,0.13,5
724,0,0,4,11.826,6187.34
717,0,0,4,11.8258,6185.87
716,0,0,4,11.8027,6059.87
722,0,0,4,11.8021,6057.05
726,0,0,4,11.7903,5980.56
529,0,0,4,11.7765,5881.07
605,0,0,4,11.7617,5784.46
603,0,0,4,11.7566,5756.48
604,0,0,4,11.7523,5733.34
596,0,0,4,11.7522,5732.37
1884,0,0,5,12.3544,9106.49,0,0,0
1883,0,0,5,12.3028,8802.41
1879,0,0,5,12.2917,8741.36
1877,0,0,5,12.2611,8547.44
1875,0,0,5,12.2371,8394.62
1871,0,0,5,12.2234,8313.89
1869,0,0,5,12.1385,7857.81
1867,0,0,5,12.1315,7819.26
1866,0,0,5,12.1049,7674.51
1864,0,0,5,12.0976,7633.31
2180,0,0,5,12.0804,7536.05
1860,0,0,5,12.0695,7482.01
243,0,0,5,12.0023,7124.69
242,0,0,5,11.9675,6937.8
713,0,0,5,11.9375,6761.67
718,0,0,5,11.913,6610.66
725,0,0,5,11.8751,6408.02
1858,1,0,0,10.8543,1912.73,0.104667,456.524,0.2,1
1859,1,0,0,10.8219,1744.72
1861,1,0,0,10.7992,1621.32
1863,1,0,0,10.7264,1243.23
1865,1,0,0,10.7233,1225.48
1868,1,0,0,10.699,1078.54
1870,1,0,0,10.619,638.671
1874,1,0,0,10.607,574.398
1876,1,0,0,10.5692,366.988
1878,1,0,0,10.5341,168.626
1882,1,0,0,10.5241,111.587
1884,1,0,0,10.51,0
559,1,0,1,11.1747,3803.44,0.043,187.553,0.36,2
557,1,0,1,11.1729,3790.44
564,1,0,1,11.1649,3748.12
573,1,0,1,11.1601,3716.07
574,1,0,1,11.1519,3665.58
580,1,0,1,11.1331,3565.51
596,1,0,1,11.127,3505.65
595,1,0,1,11.1225,3478.18
605,1,0,1,11.1213,3470.1
529,1,0,1,11.1027,3366.05
726,1,0,1,11.0881,3266.09
714,1,0,1,11.0879,3264.21
715,1,0,1,11.0844,3240.56
2190,1,0,1,11.0718,3120.62
2191,1,0,1,11.0644,3048.89
713,1,0,1,11.0408,2820.95
242,1,0,1,11.0074,2634.63
243,1,0,1,10.9708,2439.69
1858,1,0,1,10.9589,2369.26
1537,1,0,2,11.3012,4440.52,0.0933333,407.092,0.11,3
418,1,0,2,11.2959,4412.06
419,1,0,2,11.2796,4322.93
424,1,0,2,11.2761,4303
613,1,0,2,11.2715,4276.83
611,1,0,2,11.2666,4244.63
619,1,0,2,11.2461,4141.76
618,1,0,2,11.2446,4133.52
560,1,0,2,11.2266,4042.46
555,1,0,2,11.2235,4026.51
559,1,0,2,11.2177,3990.99
596,1,0,3,11.5578,5810.67,0.0505,220.266,0.03,4
580,1,0,3,11.5494,5752.39
574,1,0,3,11.5322,5659.15
573,1,0,3,11.5221,5603.25
564,1,0,3,11.5144,5562.09
557,1,0,3,11.5083,5528.11
561,1,0,3,11.5016,5481.59
628,1,0,3,11.4972,5455.94
609,1,0,3,11.4844,5379.28
423,1,0,3,11.4785,5322.96
419,1,0,3,11.4738,5288.52
418,1,0,3,11.4585,5203.6
2139,1,0,3,11.4546,5182.17
2138,1,0,3,11.4362,5080.73
411,1,0,3,11.4226,5005.91
1537,1,0,3,11.3945,4847.61
725,1,0,4,11.6905,6529.21,0.0406667,177.376,0.13,5
724,1,0,4,11.6821,6485.9
717,1,0,4,11.6819,6484.44
716,1,0,4,11.6587,6358.43
722,1,0,4,11.6582,6355.62
726,1,0,4,11.6463,6279.13
529,1,0,4,11.6326,6179.63
605,1,0,4,11.6178,6083.02
603,1,0,4,11.6127,6055.05
604,1,0,4,11.6084,6031.9
596,1,0,4,11.6083,6030.93
1884,1,0,5,12.2105,9405.06,0,0,0
1883,1,0,5,12.1589,9100.98
1879,1,0,5,12.1478,9039.93
1877,1,0,5,12.1171,8846.01
1875,1,0,5,12.0931,8693.19
1871,1,0,5,12.0795,8612.46
1869,1,0,5,11.9945,8156.38
1867,1,0,5,11.9875,8117.82
1866,1,0,5,11.961,7973.07
1864,1,0,5,11.9537,7931.88
2180,1,0,5,11.9364,7834.62
1860,1,0,5,11.9255,7780.57
243,1,0,5,11.8584,7423.25
242,1,0,5,11.8236,7236.36
713,1,0,5,11.7936,7060.23
718,1,0,5,11.769,6909.23
725,1,0,5,11.7312,6706.58
1858,2,0,0,10.4743,1912.73,0.104667,456.524,0.2,1
1859,2,0,0,10.4419,1744.72
1861,2,0,0,10.4192,1621.32
1863,2,0,0,10.3464,1243.23
1865,2,0,0,10.3433,1225.48
1868,2,0,0,10.319,1078.54
1870,2,0,0,10.239,638.671
1874,2,0,0,10.227,574.398
1876,2,0,0,10.1892,366.988
1878,2,0,0,10.1541,168.626
1882,2,0,0,10.1441,111.587
1884,2,0,0,10.13,0
559,2,0,1,10.7947,3803.44,0.0766667,334.397,0.32,2
557,2,0,1,10.7929,3790.44
564,2,0,1,10.7849,3748.12
573,2,0,1,10.7801,3716.07
574,2,0,1,10.7719,3665.58
580,2,0,1,10.7531,3565.51
596,2,0,1,10.747,3505.65
595,2,0,1,10.7425,3478.18
605,2,0,1,10.7413,3470.1
529,2,0,1,10.7227,3366.05
726,2,0,1,10.7081,3266.09
714,2,0,1,10.7079,3264.21
715,2,0,1,10.7044,3240.56
2190,2,0,1,10.6918,3120.62
2191,2,0,1,10.6844,3048.89
713,2,0,1,10.6608,2820.95
242,2,0,1,10.6274,2634.63
243,2,0,1,10.5908,2439.69
1858,2,0,1,10.5789,2369.26
1537,2,0,2,10.9528,4577.93,0.072,314.042,0.12,3
418,2,0,2,10.9481,4552.38
419,2,0,2,10.932,4464.17
424,2,0,2,10.9286,4444.36
613,2,0,2,10.9243,4418.65
611,2,0,2,10.9193,4386.35
619,2,0,2,10.9014,4294.18
618,2,0,2,10.8989,4281.88
560,2,0,2,10.8811,4191.83
555,2,0,2,10.8776,4174.02
559,2,0,2,10.8714,4137.84
596,2,0,3,11.188,5855.03,0.0505,220.266,0.03,4
580,2,0,3,11.1796,5796.76
574,2,0,3,11.1624,5703.52
573,2,0,3,11.1523,5647.62
564,2,0,3,11.1446,5606.46
557,2,0,3,11.1385,5572.47
561,2,0,3,11.1318,5525.95
628,2,0,3,11.1274,5500.31
609,2,0,3,11.1146,5423.65
423,2,0,3,11.1087,5367.33
419,2,0,3,11.1041,5332.89
418,2,0,3,11.0887,5247.96
2139,2,0,3,11.0849,5226.54
2138,2,0,3,11.0664,5125.1
411,2,0,3,11.0528,5050.28
1537,2,0,3,11.0248,4891.97
725,2,0,4,11.3208,6573.57,0.0406667,177.376,0.13,5
724,2,0,4,11.3123,6530.27
717,2,0,4,11.3121,6528.81
716,2,0,4,11.289,6402.8
722,2,0,4,11.2884,6399.98
726,2,0,4,11.2766,6323.5
529,2,0,4,11.2628,6224
605,2,0,4,11.248,6127.39
603,2,0,4,11.2429,6099.41
604,2,0,4,11.2386,6076.27
596,2,0,4,11.2385,6075.3
1884,2,0,5,11.8407,9449.43,0,0,0
1883,2,0,5,11.7891,9145.34
1879,2,0,5,11.778,9084.29
1877,2,0,5,11.7474,8890.37
1875,2,0,5,11.7234,8737.55
1871,2,0,5,11.7097,8656.83
1869,2,0,5,11.6248,8200.74
1867,2,0,5,11.6178,8162.19
1866,2,0,5,11.5912,8017.44
1864,2,0,5,11.5839,7976.24
2180,2,0,5,11.5667,7878.98
1860,2,0,5,11.5558,7824.94
243,2,0,5,11.4886,7467.62
242,2,0,5,11.4538,7280.73
713,2,0,5,11.4238,7104.6
718,2,0,5,11.3993,6953.59
725,2,0,5,11.3614,6750.95
1858,3,0,0,10.5643,1912.73,0.104667,456.524,0.2,1
1859,3,0,0,10.5319,1744.72
1861,3,0,0,10.5092,1621.32
1863,3,0,0,10.4364,1243.23
1865,3,0,0,10.4333,1225.48
1868,3,0,0,10.409,1078.54
1870,3,0,0,10.329,638.671
1874,3,0,0,10.317,574.398
1876,3,0,0,10.2792,366.988
1878,3,0,0,10.2441,168.626
1882,3,0,0,10.2341,111.587
1884,3,0,0,10.22,0
559,3,0,1,10.8847,3803.44,0.0766667,334.397,0.32,2
557,3,0,1,10.8829,3790.44
564,3,0,1,10.8749,3748.12
573,3,0,1,10.8701,3716.07
574,3,0,1,10.8619,3665.58
580,3,0,1,10.8431,3565.51
596,3,0,1,10.837,3505.65
595,3,0,1,10.8325,3478.18
605,3,0,1,10.8313,3470.1
529,3,0,1,10.8127,3366.05
726,3,0,1,10.7981,3266.09
714,3,0,1,10.7979,3264.21
715,3,0,1,10.7944,3240.56
2190,3,0,1,10.7818,3120.62
2191,3,0,1,10.7744,3048.89
713,3,0,1,10.7508,2820.95
242,3,0,1,10.7174,2634.63
243,3,0,1,10.6808,2439.69
1858,3,0,1,10.6689,2369.26
1537,3,0,2,11.0428,4577.93,0.0933333,407.092,0.11,3
418,3,0,2,11.0381,4552.38
419,3,0,2,11.022,4464.17
424,3,0,2,11.0186,4444.36
613,3,0,2,11.0143,4418.65
611,3,0,2,11.0093,4386.35
619,3,0,2,10.9914,4294.18
618,3,0,2,10.9889,4281.88
560,3,0,2,10.9711,4191.83
555,3,0,2,10.9676,4174.02
559,3,0,2,10.9614,4137.84
596,3,0,3,11.2993,5948.08,0.0505,220.266,0.03,4
580,3,0,3,11.2909,5889.81
574,3,0,3,11.2737,5796.57
573,3,0,3,11.2636,5740.67
564,3,0,3,11.2559,5699.51
557,3,0,3,11.2498,5665.52
561,3,0,3,11.2432,5619
628,3,0,3,11.2387,5593.35
609,3,0,3,11.2259,5516.7
423,3,0,3,11.22,5460.38
419,3,0,3,11.2154,5425.94
418,3,0,3,11.2001,5341.01
2139,3,0,3,11.1962,5319.59
2138,3,0,3,11.1778,5218.15
411,3,0,3,11.1642,5143.33
1537,3,0,3,11.1361,4985.02
725,3,0,4,11.4321,6666.62,0.0406667,177.376,0.13,5
724,3,0,4,11.4236,6623.32
717,3,0,4,11.4234,6621.85
716,3,0,4,11.4003,6495.85
722,3,0,4,11.3997,6493.03
726,3,0,4,11.3879,6416.54
529,3,0,4,11.3741,6317.05
605,3,0,4,11.3593,6220.44
603,3,0,4,11.3542,6192.46
604,3,0,4,11.35,6169.32
596,3,0,4,11.3498,6168.35
1884,3,0,5,11.952,9542.48,0,0,0
1883,3,0,5,11.9004,9238.39
1879,3,0,5,11.8894,9177.34
1877,3,0,5,11.8587,8983.42
1875,3,0,5,11.8347,8830.6
1871,3,0,5,11.821,8749.87
1869,3,0,5,11.7361,8293.79
1867,3,0,5,11.7291,8255.24
1866,3,0,5,11.7026,8110.49
1864,3,0,5,11.6952,8069.29
2180,3,0,5,11.678,7972.03
1860,3,0,5,11.6671,7917.99
243,3,0,5,11.5999,7560.67
242,3,0,5,11.5652,7373.78
713,3,0,5,11.5352,7197.65
718,3,0,5,11.5106,7046.64
725,3,0,5,11.4728,6844
1858,4,0,0,10.4443,1912.73,0.104667,456.524,0.2,1
1859,4,0,0,10.4119,1744.72
1861,4,0,0,10.3892,1621.32
1863,4,0,0,10.3164,1243.23
1865,4,0,0,10.3133,1225.48
1868,4,0,0,10.289,1078.54
1870,4,0,0,10.209,638.671
1874,4,0,0,10.197,574.398
1876,4,0,0,10.1592,366.988
1878,4,0,0,10.1241,168.626
1882,4,0,0,10.1141,111.587
1884,4,0,0,10.1,0
596,4,0,1,10.717,3505.65,0.116167,506.684,0.02,2
595,4,0,1,10.7125,3478.18
605,4,0,1,10.7113,3470.1
529,4,0,1,10.6927,3366.05
726,4,0,1,10.6781,3266.09
714,4,0,1,10.6779,3264.21
715,4,0,1,10.6744,3240.56
2190,4,0,1,10.6618,3120.62
2191,4,0,1,10.6544,3048.89
713,4,0,1,10.6308,2820.95
242,4,0,1,10.5974,2634.63
243,4,0,1,10.5608,2439.69
1858,4,0,1,10.5489,2369.26
559,4,0,2,10.8809,4310.12,0.0766667,334.397,0.32,3
557,4,0,2,10.8791,4297.13
564,4,0,2,10.871,4254.81
573,4,0,2,10.8663,4222.75
574,4,0,2,10.8581,4172.27
580,4,0,2,10.8393,4072.19
596,4,0,2,10.8331,4012.34
1537,4,0,3,11.0389,5084.62,0.0933333,407.092,0.11,4
418,4,0,3,11.0343,5059.06
419,4,0,3,11.0182,4970.86
424,4,0,3,11.0148,4951.05
613,4,0,3,11.0105,4925.33
611,4,0,3,11.0054,4893.03
619,4,0,3,10.9875,4800.86
618,4,0,3,10.9851,4788.56
560,4,0,3,10.9673,4698.52
555,4,0,3,10.9638,4680.7
559,4,0,3,10.9576,4644.52
725,4,0,4,11.3778,6953.04,0.0406667,177.376,0.13,5
724,4,0,4,11.3693,6909.74
717,4,0,4,11.3691,6908.27
716,4,0,4,11.346,6782.27
722,4,0,4,11.3454,6779.45
726,4,0,4,11.3336,6702.96
529,4,0,4,11.3198,6603.47
605,4,0,4,11.305,6506.86
603,4,0,4,11.2999,6478.88
604,4,0,4,11.2956,6455.74
596,4,0,4,11.2955,6454.77
580,4,0,4,11.2871,6396.49
574,4,0,4,11.2699,6303.25
573,4,0,4,11.2598,6247.35
564,4,0,4,11.2521,6206.19
557,4,0,4,11.246,6172.21
561,4,0,4,11.2393,6125.69
628,4,0,4,11.2349,6100.04
609,4,0,4,11.2221,6023.38
423,4,0,4,11.2162,5967.06
419,4,0,4,11.2116,5932.62
418,4,0,4,11.1962,5847.7
2139,4,0,4,11.1924,5826.27
2138,4,0,4,11.1739,5724.83
411,4,0,4,11.1603,5650.01
1537,4,0,4,11.1323,5491.71
1884,4,0,5,11.8977,9828.89,0,0,0
1883,4,0,5,11.8461,9524.81
1879,4,0,5,11.835,9463.76
1877,4,0,5,11.8044,9269.84
1875,4,0,5,11.7804,9117.02
1871,4,0,5,11.7667,9036.29
1869,4,0,5,11.6818,8580.21
1867,4,0,5,11.6748,8541.66
1866,4,0,5,11.6482,8396.91
1864,4,0,5,11.6409,8355.71
2180,4,0,5,11.6237,8258.45
1860,4,0,5,11.6128,8204.41
243,4,0,5,11.5456,7847.09
242,4,0,5,11.5108,7660.2
713,4,0,5,11.4808,7484.07
718,4,0,5,11.4563,7333.06
725,4,0,5,11.4184,7130.42
1858,5,0,0,10.4243,1912.73,0.104667,456.524,0.2,1
1859,5,0,0,10.3919,1744.72
1861,5,0,0,10.3692,1621.32
1863,5,0,0,10.2964,1243.23
1865,5,0,0,10.2933,1225.48
1868,5,0,0,10.269,1078.54
1870,5,0,0,10.189,638.671
1874,5,0,0,10.177,574.398
1876,5,0,0,10.1392,366.988
1878,5,0,0,10.1041,168.626
1882,5,0,0,10.0941,111.587
1884,5,0,0,10.08,0
596,5,0,1,10.697,3505.65,0.116167,506.684,0.02,2
595,5,0,1,10.6925,3478.18
605,5,0,1,10.6913,3470.1
529,5,0,1,10.6727,3366.05
726,5,0,1,10.6581,3266.09
714,5,0,1,10.6579,3264.21
715,5,0,1,10.6544,3240.56
2190,5,0,1,10.6418,3120.62
2191,5,0,1,10.6344,3048.89
713,5,0,1,10.6108,2820.95
242,5,0,1,10.5774,2634.63
243,5,0,1,10.5408,2439.69
1858,5,0,1,10.5289,2369.26
559,5,0,2,10.8609,4310.12,0.0766667,334.397,0.32,3
557,5,0,2,10.8591,4297.13
564,5,0,2,10.851,4254.81
573,5,0,2,10.8463,4222.75
574,5,0,2,10.8381,4172.27
580,5,0,2,10.8193,4072.19
596,5,0,2,10.8131,4012.34
1537,5,0,3,11.0189,5084.62,0.0933333,407.092,0.11,4
418,5,0,3,11.0143,5059.06
419,5,0,3,10.9982,4970.86
424,5,0,3,10.9948,4951.05
613,5,0,3,10.9905,4925.33
611,5,0,3,10.9854,4893.03
619,5,0,3,10.9675,4800.86
618,5,0,3,10.9651,4788.56
560,5,0,3,10.9473,4698.52
555,5,0,3,10.9438,4680.7
559,5,0,3,10.9376,4644.52
1884,5,0,4,11.7973,9506.71,0,0,0
1883,5,0,4,11.7458,9202.79
1879,5,0,4,11.7323,9131.39
1877,5,0,4,11.7081,8941.12
1875,5,0,4,11.6856,8789.91
1871,5,0,4,11.6732,8710.95
1869,5,0,4,11.586,8245.01
1867,5,0,4,11.579,8206.46
1866,5,0,4,11.5523,8061.05
1864,5,0,4,11.5429,8010.92
2180,5,0,4,11.5256,7913.18
1860,5,0,4,11.5166,7867.07
243,5,0,4,11.4523,7521.91
242,5,0,4,11.415,7324.45
713,5,0,4,11.3831,7144.71
2191,5,0,4,11.3469,6918.15
2190,5,0,4,11.3354,6846.78
715,5,0,4,11.3176,6728.85
714,5,0,4,11.3138,6704.84
726,5,0,4,11.3136,6702.96
529,5,0,4,11.2998,6603.47
605,5,0,4,11.285,6506.86
603,5,0,4,11.2799,6478.88
604,5,0,4,11.2756,6455.74
596,5,0,4,11.2755,6454.77
580,5,0,4,11.2671,6396.49
574,5,0,4,11.2499,6303.25
573,5,0,4,11.2398,6247.35
564,5,0,4,11.2321,6206.19
557,5,0,4,11.226,6172.21
561,5,0,4,11.2193,6125.69
628,5,0,4,11.2149,6100.04
609,5,0,4,11.2021,6023.38
423,5,0,4,11.1962,5967.06
419,5,0,4,11.1916,5932.62
418,5,0,4,11.1762,5847.7
2139,5,0,4,11.1724,5826.27
2138,5,0,4,11.1539,5724.83
411,5,0,4,11.1403,5650.01
1537,5,0,4,11.1123,5491.71
725,5,1,0,10.5435,2769.71,0.107833,470.336,0.12,1
724,5,1,0,10.535,2726.52
718,5,1,0,10.5072,2540.96
713,5,1,0,10.4825,2389.7
242,5,1,0,10.449,2202.79
243,5,1,0,10.4067,1984.22
1858,5,1,0,10.3943,1912.73
1859,5,1,0,10.3619,1744.72
1861,5,1,0,10.3392,1621.32
1863,5,1,0,10.2664,1243.23
1865,5,1,0,10.2633,1225.48
1868,5,1,0,10.239,1078.54
1870,5,1,0,10.159,638.671
1874,5,1,0,10.147,574.398
1876,5,1,0,10.1092,366.988
1878,5,1,0,10.0741,168.626
1882,5,1,0,10.0641,111.587
1884,5,1,0,10.05,0
1884,5,1,1,11.1238,5933.75,0,0,0
1883,5,1,1,11.0723,5629.93
1879,5,1,1,11.0603,5564.34
1877,5,1,1,11.0327,5373.46
1875,5,1,1,11.0112,5222.91
1871,5,1,1,10.9989,5144.12
1869,5,1,1,10.9141,4688.48
1867,5,1,1,10.9076,4652.02
1866,5,1,1,10.8821,4511.73
1864,5,1,1,10.8752,4471.41
2180,5,1,1,10.8582,4375.01
1860,5,1,1,10.8486,4326.46
243,5,1,1,10.7816,3969.8
242,5,1,1,10.7461,3780
713,5,1,1,10.7161,3603.81
718,5,1,1,10.6915,3452.73
725,5,1,1,10.6513,3240.05
