Node, Individual, Route,Segment, Travel time, Travel cost, Attention time, Attention cost, Failure rate, Demand
1858,0,0,0,11.0843,1912.73,0.036,157.021,0.21,1
1859,0,0,0,11.0519,1744.72
1861,0,0,0,11.0292,1621.32
1863,0,0,0,10.9564,1243.23
1865,0,0,0,10.9533,1225.48
1868,0,0,0,10.929,1078.54
1870,0,0,0,10.849,638.671
1874,0,0,0,10.837,574.398
1876,0,0,0,10.7992,366.988
1878,0,0,0,10.7641,168.626
1882,0,0,0,10.7541,111.587
1884,0,0,0,10.74,0
559,0,0,1,11.3386,3504.88,0.043,187.553,0.36,2
554,0,0,1,11.3355,3485
565,0,0,1,11.3279,3442.07
573,0,0,1,11.3226,3415.48
574,0,0,1,11.3136,3363.68
580,0,0,1,11.2952,3265.41
596,0,0,1,11.2891,3205.55
595,0,0,1,11.2836,3175.14
605,0,0,1,11.2824,3167.15
529,0,0,1,11.2652,3067.12
726,0,0,1,11.2493,2965.93
714,0,0,1,11.2491,2964.04
715,0,0,1,11.2458,2940.56
2190,0,0,1,11.2333,2820.61
2191,0,0,1,11.2258,2748.88
713,0,0,1,11.2022,2520.94
242,0,0,1,11.1667,2325.34
243,0,0,1,11.1325,2140.81
1858,0,0,1,11.1203,2069.75
1537,0,0,2,11.4651,4141.95,0.0933333,407.092,0.11,3
418,0,0,2,11.4598,4113.49
419,0,0,2,11.4435,4024.36
424,0,0,2,11.44,4004.44
613,0,0,2,11.4355,3978.27
611,0,0,2,11.4305,3946.07
619,0,0,2,11.41,3843.19
618,0,0,2,11.4085,3834.95
560,0,0,2,11.3905,3743.9
555,0,0,2,11.3875,3727.94
559,0,0,2,11.3816,3692.43
596,0,0,3,11.7217,5512.1,0.0505,220.266,0.03,4
580,0,0,3,11.7133,5453.83
574,0,0,3,11.6961,5360.58
573,0,0,3,11.686,5304.68
564,0,0,3,11.6783,5263.53
557,0,0,3,11.6722,5229.54
561,0,0,3,11.6655,5183.02
628,0,0,3,11.6611,5157.37
609,0,0,3,11.6483,5080.72
423,0,0,3,11.6424,5024.4
419,0,0,3,11.6378,4989.95
418,0,0,3,11.6224,4905.03
2139,0,0,3,11.6186,4883.6
2138,0,0,3,11.6001,4782.16
411,0,0,3,11.5865,4707.35
1537,0,0,3,11.5585,4549.04
725,0,0,4,11.8545,6230.64,0.0406667,177.376,0.13,5
724,0,0,4,11.846,6187.34
717,0,0,4,11.8458,6185.87
716,0,0,4,11.8227,6059.87
722,0,0,4,11.8221,6057.05
726,0,0,4,11.8103,5980.56
529,0,0,4,11.7965,5881.07
605,0,0,4,11.7817,5784.46
603,0,0,4,11.7766,5756.48
604,0,0,4,11.7723,5733.34
596,0,0,4,11.7722,5732.37
1884,0,0,5,12.3744,9106.49,0,0,0
1883,0,0,5,12.3228,8802.41
1879,0,0,5,12.3117,8741.36
1877,0,0,5,12.2811,8547.44
1875,0,0,5,12.2571,8394.62
1871,0,0,5,12.2434,8313.89
1869,0,0,5,12.1585,7857.81
1867,0,0,5,12.1515,7819.26
1866,0,0,5,12.1249,7674.51
1864,0,0,5,12.1176,7633.31
2180,0,0,5,12.1004,7536.05
1860,0,0,5,12.0895,7482.01
243,0,0,5,12.0223,7124.69
242,0,0,5,11.9875,6937.8
713,0,0,5,11.9575,6761.67
718,0,0,5,11.933,6610.66
725,0,0,5,11.8951,6408.02
1858,1,0,0,10.7043,1912.73,0.104667,456.524,0.2,1
1859,1,0,0,10.6719,1744.72
1861,1,0,0,10.6492,1621.32
1863,1,0,0,10.5764,1243.23
1865,1,0,0,10.5733,1225.48
1868,1,0,0,10.549,1078.54
1870,1,0,0,10.469,638.671
1874,1,0,0,10.457,574.398
1876,1,0,0,10.4192,366.988
1878,1,0,0,10.3841,168.626
1882,1,0,0,10.3741,111.587
1884,1,0,0,10.36,0
559,1,0,1,11.0247,3803.44,0.043,187.553,0.36,2
557,1,0,1,11.0229,3790.44
564,1,0,1,11.0149,3748.12
573,1,0,1,11.0101,3716.07
574,1,0,1,11.0019,3665.58
580,1,0,1,10.9831,3565.51
596,1,0,1,10.977,3505.65
595,1,0,1,10.9725,3478.18
605,1,0,1,10.9713,3470.1
529,1,0,1,10.9527,3366.05
726,1,0,1,10.9381,3266.09
714,1,0,1,10.9379,3264.21
715,1,0,1,10.9344,3240.56
2190,1,0,1,10.9218,3120.62
2191,1,0,1,10.9144,3048.89
713,1,0,1,10.8908,2820.95
242,1,0,1,10.8574,2634.63
243,1,0,1,10.8208,2439.69
1858,1,0,1,10.8089,2369.26
1537,1,0,2,11.1512,4440.52,0.0933333,407.092,0.11,3
418,1,0,2,11.1459,4412.06
419,1,0,2,11.1296,4322.93
424,1,0,2,11.1261,4303
613,1,0,2,11.1215,4276.83
611,1,0,2,11.1166,4244.63
619,1,0,2,11.0961,4141.76
618,1,0,2,11.0946,4133.52
560,1,0,2,11.0766,4042.46
555,1,0,2,11.0735,4026.51
559,1,0,2,11.0677,3990.99
596,1,0,3,11.4078,5810.67,0.0505,220.266,0.03,4
580,1,0,3,11.3994,5752.39
574,1,0,3,11.3822,5659.15
573,1,0,3,11.3721,5603.25
564,1,0,3,11.3644,5562.09
557,1,0,3,11.3583,5528.11
561,1,0,3,11.3516,5481.59
628,1,0,3,11.3472,5455.94
609,1,0,3,11.3344,5379.28
423,1,0,3,11.3285,5322.96
419,1,0,3,11.3238,5288.52
418,1,0,3,11.3085,5203.6
2139,1,0,3,11.3046,5182.17
2138,1,0,3,11.2862,5080.73
411,1,0,3,11.2726,5005.91
1537,1,0,3,11.2445,4847.61
725,1,0,4,11.5405,6529.21,0.0406667,177.376,0.13,5
724,1,0,4,11.5321,6485.9
717,1,0,4,11.5319,6484.44
716,1,0,4,11.5087,6358.43
722,1,0,4,11.5082,6355.62
726,1,0,4,11.4963,6279.13
529,1,0,4,11.4826,6179.63
605,1,0,4,11.4678,6083.02
603,1,0,4,11.4627,6055.05
604,1,0,4,11.4584,6031.9
596,1,0,4,11.4583,6030.93
1884,1,0,5,12.0605,9405.06,0,0,0
1883,1,0,5,12.0089,9100.98
1879,1,0,5,11.9978,9039.93
1877,1,0,5,11.9671,8846.01
1875,1,0,5,11.9431,8693.19
1871,1,0,5,11.9295,8612.46
1869,1,0,5,11.8445,8156.38
1867,1,0,5,11.8375,8117.82
1866,1,0,5,11.811,7973.07
1864,1,0,5,11.8037,7931.88
2180,1,0,5,11.7864,7834.62
1860,1,0,5,11.7755,7780.57
243,1,0,5,11.7084,7423.25
242,1,0,5,11.6736,7236.36
713,1,0,5,11.6436,7060.23
718,1,0,5,11.619,6909.23
725,1,0,5,11.5812,6706.58
1858,2,0,0,10.4943,1912.73,0.104667,456.524,0.2,1
1859,2,0,0,10.4619,1744.72
1861,2,0,0,10.4392,1621.32
1863,2,0,0,10.3664,1243.23
1865,2,0,0,10.3633,1225.48
1868,2,0,0,10.339,1078.54
1870,2,0,0,10.259,638.671
1874,2,0,0,10.247,574.398
1876,2,0,0,10.2092,366.988
1878,2,0,0,10.1741,168.626
1882,2,0,0,10.1641,111.587
1884,2,0,0,10.15,0
559,2,0,1,10.8147,3803.44,0.0766667,334.397,0.32,2
557,2,0,1,10.8129,3790.44
564,2,0,1,10.8049,3748.12
573,2,0,1,10.8001,3716.07
574,2,0,1,10.7919,3665.58
580,2,0,1,10.7731,3565.51
596,2,0,1,10.767,3505.65
595,2,0,1,10.7625,3478.18
605,2,0,1,10.7613,3470.1
529,2,0,1,10.7427,3366.05
726,2,0,1,10.7281,3266.09
714,2,0,1,10.7279,3264.21
715,2,0,1,10.7244,3240.56
2190,2,0,1,10.7118,3120.62
2191,2,0,1,10.7044,3048.89
713,2,0,1,10.6808,2820.95
242,2,0,1,10.6474,2634.63
243,2,0,1,10.6108,2439.69
1858,2,0,1,10.5989,2369.26
1537,2,0,2,10.9728,4577.93,0.072,314.042,0.12,3
418,2,0,2,10.9681,4552.38
419,2,0,2,10.952,4464.17
424,2,0,2,10.9486,4444.36
613,2,0,2,10.9443,4418.65
611,2,0,2,10.9393,4386.35
619,2,0,2,10.9214,4294.18
618,2,0,2,10.9189,4281.88
560,2,0,2,10.9011,4191.83
555,2,0,2,10.8976,4174.02
559,2,0,2,10.8914,4137.84
596,2,0,3,11.208,5855.03,0.0505,220.266,0.03,4
580,2,0,3,11.1996,5796.76
574,2,0,3,11.1824,5703.52
573,2,0,3,11.1723,5647.62
564,2,0,3,11.1646,5606.46
557,2,0,3,11.1585,5572.47
561,2,0,3,11.1518,5525.95
628,2,0,3,11.1474,5500.31
609,2,0,3,11.1346,5423.65
423,2,0,3,11.1287,5367.33
419,2,0,3,11.1241,5332.89
418,2,0,3,11.1087,5247.96
2139,2,0,3,11.1049,5226.54
2138,2,0,3,11.0864,5125.1
411,2,0,3,11.0728,5050.28
1537,2,0,3,11.0448,4891.97
725,2,0,4,11.3408,6573.57,0.0406667,177.376,0.13,5
724,2,0,4,11.3323,6530.27
717,2,0,4,11.3321,6528.81
716,2,0,4,11.309,6402.8
722,2,0,4,11.3084,6399.98
726,2,0,4,11.2966,6323.5
529,2,0,4,11.2828,6224
605,2,0,4,11.268,6127.39
603,2,0,4,11.2629,6099.41
604,2,0,4,11.2586,6076.27
596,2,0,4,11.2585,6075.3
1884,2,0,5,11.8607,9449.43,0,0,0
1883,2,0,5,11.8091,9145.34
1879,2,0,5,11.798,9084.29
1877,2,0,5,11.7674,8890.37
1875,2,0,5,11.7434,8737.55
1871,2,0,5,11.7297,8656.83
1869,2,0,5,11.6448,8200.74
1867,2,0,5,11.6378,8162.19
1866,2,0,5,11.6112,8017.44
1864,2,0,5,11.6039,7976.24
2180,2,0,5,11.5867,7878.98
1860,2,0,5,11.5758,7824.94
243,2,0,5,11.5086,7467.62
242,2,0,5,11.4738,7280.73
713,2,0,5,11.4438,7104.6
718,2,0,5,11.4193,6953.59
725,2,0,5,11.3814,6750.95
1858,3,0,0,10.4543,1912.73,0.104667,456.524,0.2,1
1859,3,0,0,10.4219,1744.72
1861,3,0,0,10.3992,1621.32
1863,3,0,0,10.3264,1243.23
1865,3,0,0,10.3233,1225.48
1868,3,0,0,10.299,1078.54
1870,3,0,0,10.219,638.671
1874,3,0,0,10.207,574.398
1876,3,0,0,10.1692,366.988
1878,3,0,0,10.1341,168.626
1882,3,0,0,10.1241,111.587
1884,3,0,0,10.11,0
596,3,0,1,10.727,3505.65,0.116167,506.684,0.02,2
595,3,0,1,10.7225,3478.18
605,3,0,1,10.7213,3470.1
529,3,0,1,10.7027,3366.05
726,3,0,1,10.6881,3266.09
714,3,0,1,10.6879,3264.21
715,3,0,1,10.6844,3240.56
2190,3,0,1,10.6718,3120.62
2191,3,0,1,10.6644,3048.89
713,3,0,1,10.6408,2820.95
242,3,0,1,10.6074,2634.63
243,3,0,1,10.5708,2439.69
1858,3,0,1,10.5589,2369.26
559,3,0,2,10.8909,4310.12,0.0766667,334.397,0.32,3
557,3,0,2,10.8891,4297.13
564,3,0,2,10.881,4254.81
573,3,0,2,10.8763,4222.75
574,3,0,2,10.8681,4172.27
580,3,0,2,10.8493,4072.19
596,3,0,2,10.8431,4012.34
1537,3,0,3,11.0489,5084.62,0.0933333,407.092,0.11,4
418,3,0,3,11.0443,5059.06
419,3,0,3,11.0282,4970.86
424,3,0,3,11.0248,4951.05
613,3,0,3,11.0205,4925.33
611,3,0,3,11.0154,4893.03
619,3,0,3,10.9975,4800.86
618,3,0,3,10.9951,4788.56
560,3,0,3,10.9773,4698.52
555,3,0,3,10.9738,4680.7
559,3,0,3,10.9676,4644.52
725,3,0,4,11.3878,6953.04,0.0406667,177.376,0.13,5
724,3,0,4,11.3793,6909.74
717,3,0,4,11.3791,6908.27
716,3,0,4,11.356,6782.27
722,3,0,4,11.3554,6779.45
726,3,0,4,11.3436,6702.96
529,3,0,4,11.3298,6603.47
605,3,0,4,11.315,6506.86
603,3,0,4,11.3099,6478.88
604,3,0,4,11.3056,6455.74
596,3,0,4,11.3055,6454.77
580,3,0,4,11.2971,6396.49
574,3,0,4,11.2799,6303.25
573,3,0,4,11.2698,6247.35
564,3,0,4,11.2621,6206.19
557,3,0,4,11.256,6172.21
561,3,0,4,11.2493,6125.69
628,3,0,4,11.2449,6100.04
609,3,0,4,11.2321,6023.38
423,3,0,4,11.2262,5967.06
419,3,0,4,11.2216,5932.62
418,3,0,4,11.2062,5847.7
2139,3,0,4,11.2024,5826.27
2138,3,0,4,11.1839,5724.83
411,3,0,4,11.1703,5650.01
1537,3,0,4,11.1423,5491.71
1884,3,0,5,11.9077,9828.89,0,0,0
1883,3,0,5,11.8561,9524.81
1879,3,0,5,11.845,9463.76
1877,3,0,5,11.8144,9269.84
1875,3,0,5,11.7904,9117.02
1871,3,0,5,11.7767,9036.29
1869,3,0,5,11.6918,8580.21
1867,3,0,5,11.6848,8541.66
1866,3,0,5,11.6582,8396.91
1864,3,0,5,11.6509,8355.71
2180,3,0,5,11.6337,8258.45
1860,3,0,5,11.6228,8204.41
243,3,0,5,11.5556,7847.09
242,3,0,5,11.5208,7660.2
713,3,0,5,11.4908,7484.07
718,3,0,5,11.4663,7333.06
725,3,0,5,11.4284,7130.42
1858,4,0,0,10.3543,1912.73,0.104667,456.524,0.2,1
1859,4,0,0,10.3219,1744.72
1861,4,0,0,10.2992,1621.32
1863,4,0,0,10.2264,1243.23
1865,4,0,0,10.2233,1225.48
1868,4,0,0,10.199,1078.54
1870,4,0,0,10.119,638.671
1874,4,0,0,10.107,574.398
1876,4,0,0,10.0692,366.988
1878,4,0,0,10.0341,168.626
1882,4,0,0,10.0241,111.587
1884,4,0,0,10.01,0
725,4,0,1,10.602,3204.02,0.107833,470.336,0.12,2
724,4,0,1,10.5927,3157.19
718,4,0,1,10.5654,2972.06
713,4,0,1,10.5408,2820.95
242,4,0,1,10.5074,2634.63
243,4,0,1,10.4708,2439.69
1858,4,0,1,10.4589,2369.26
596,4,0,2,10.8056,4254.45,0.116167,506.684,0.02,3
595,4,0,2,10.8012,4226.98
605,4,0,2,10.7999,4218.9
529,4,0,2,10.7814,4114.85
726,4,0,2,10.7667,4014.89
722,4,0,2,10.7535,3936.53
716,4,0,2,10.7534,3934.91
717,4,0,2,10.7358,3828.12
724,4,0,2,10.7353,3825.65
728,4,0,2,10.7264,3760.84
725,4,0,2,10.7099,3674.36
559,4,0,3,10.9695,5058.92,0.0766667,334.397,0.32,4
557,4,0,3,10.9677,5045.93
564,4,0,3,10.9596,5003.6
573,4,0,3,10.9549,4971.55
574,4,0,3,10.9467,4921.06
580,4,0,3,10.9279,4820.99
596,4,0,3,10.9218,4761.13
1537,4,0,4,11.1297,5842.84,0.0933333,407.092,0.11,5
418,4,0,4,11.1243,5814.38
419,4,0,4,11.108,5725.25
424,4,0,4,11.1046,5705.33
613,4,0,4,11.1,5679.16
611,4,0,4,11.095,5646.96
619,4,0,4,11.0746,5544.08
618,4,0,4,11.0731,5535.84
560,4,0,4,11.0551,5444.79
555,4,0,4,11.052,5428.83
559,4,0,4,11.0462,5393.32
1884,4,0,5,11.908,10264.9,0,0,0
1883,4,0,5,11.8565,9961.01
1879,4,0,5,11.8431,9889.61
1877,4,0,5,11.8188,9699.34
1875,4,0,5,11.7964,9548.13
1871,4,0,5,11.784,9469.18
1869,4,0,5,11.6967,9003.24
1867,4,0,5,11.6897,8964.68
1866,4,0,5,11.663,8819.28
1864,4,0,5,11.6537,8769.15
2180,4,0,5,11.6363,8671.4
1860,4,0,5,11.6273,8625.29
243,4,0,5,11.563,8280.14
242,4,0,5,11.5257,8082.67
713,4,0,5,11.4939,7902.94
2191,4,0,5,11.4576,7676.38
2190,4,0,5,11.4462,7605
715,4,0,5,11.4284,7487.07
714,4,0,5,11.4245,7463.07
726,4,0,5,11.4243,7461.19
529,4,0,5,11.4105,7361.69
605,4,0,5,11.3957,7265.08
603,4,0,5,11.3906,7237.1
604,4,0,5,11.3864,7213.96
596,4,0,5,11.3862,7212.99
580,4,0,5,11.3778,7154.72
574,4,0,5,11.3606,7061.47
573,4,0,5,11.3505,7005.57
564,4,0,5,11.3428,6964.42
557,4,0,5,11.3367,6930.43
561,4,0,5,11.3301,6883.91
628,4,0,5,11.3256,6858.26
609,4,0,5,11.3128,6781.61
423,4,0,5,11.3069,6725.29
419,4,0,5,11.3023,6690.84
418,4,0,5,11.287,6605.92
2139,4,0,5,11.2831,6584.5
2138,4,0,5,11.2647,6483.05
411,4,0,5,11.2511,6408.24
1537,4,0,5,11.223,6249.93
