Node, Individual, Route,Segment, Travel time, Travel cost, Attention time, Attention cost, Failure rate, Demand
1858,0,0,0,11.1143,1912.73,0.036,157.021,0.21,1
1859,0,0,0,11.0819,1744.72
1861,0,0,0,11.0592,1621.32
1863,0,0,0,10.9864,1243.23
1865,0,0,0,10.9833,1225.48
1868,0,0,0,10.959,1078.54
1870,0,0,0,10.879,638.671
1874,0,0,0,10.867,574.398
1876,0,0,0,10.8292,366.988
1878,0,0,0,10.7941,168.626
1882,0,0,0,10.7841,111.587
1884,0,0,0,10.77,0
559,0,0,1,11.3686,3504.88,0.043,187.553,0.36,2
554,0,0,1,11.3655,3485
565,0,0,1,11.3579,3442.07
573,0,0,1,11.3526,3415.48
574,0,0,1,11.3436,3363.68
580,0,0,1,11.3252,3265.41
596,0,0,1,11.3191,3205.55
595,0,0,1,11.3136,3175.14
605,0,0,1,11.3124,3167.15
529,0,0,1,11.2952,3067.12
726,0,0,1,11.2793,2965.93
714,0,0,1,11.2791,2964.04
715,0,0,1,11.2758,2940.56
2190,0,0,1,11.2633,2820.61
2191,0,0,1,11.2558,2748.88
713,0,0,1,11.2322,2520.94
242,0,0,1,11.1967,2325.34
243,0,0,1,11.1625,2140.81
1858,0,0,1,11.1503,2069.75
1537,0,0,2,11.4951,4141.95,0.0933333,407.092,0.11,3
418,0,0,2,11.4898,4113.49
419,0,0,2,11.4735,4024.36
424,0,0,2,11.47,4004.44
613,0,0,2,11.4655,3978.27
611,0,0,2,11.4605,3946.07
619,0,0,2,11.44,3843.19
618,0,0,2,11.4385,3834.95
560,0,0,2,11.4205,3743.9
555,0,0,2,11.4175,3727.94
559,0,0,2,11.4116,3692.43
596,0,0,3,11.7517,5512.1,0.0505,220.266,0.03,4
580,0,0,3,11.7433,5453.83
574,0,0,3,11.7261,5360.58
573,0,0,3,11.716,5304.68
564,0,0,3,11.7083,5263.53
557,0,0,3,11.7022,5229.54
561,0,0,3,11.6955,5183.02
628,0,0,3,11.6911,5157.37
609,0,0,3,11.6783,5080.72
423,0,0,3,11.6724,5024.4
419,0,0,3,11.6678,4989.95
418,0,0,3,11.6524,4905.03
2139,0,0,3,11.6486,4883.6
2138,0,0,3,11.6301,4782.16
411,0,0,3,11.6165,4707.35
1537,0,0,3,11.5885,4549.04
725,0,0,4,11.8845,6230.64,0.0406667,177.376,0.13,5
724,0,0,4,11.876,6187.34
717,0,0,4,11.8758,6185.87
716,0,0,4,11.8527,6059.87
722,0,0,4,11.8521,6057.05
726,0,0,4,11.8403,5980.56
529,0,0,4,11.8265,5881.07
605,0,0,4,11.8117,5784.46
603,0,0,4,11.8066,5756.48
604,0,0,4,11.8023,5733.34
596,0,0,4,11.8022,5732.37
1884,0,0,5,12.4044,9106.49,0,0,0
1883,0,0,5,12.3528,8802.41
1879,0,0,5,12.3417,8741.36
1877,0,0,5,12.3111,8547.44
1875,0,0,5,12.2871,8394.62
1871,0,0,5,12.2734,8313.89
1869,0,0,5,12.1885,7857.81
1867,0,0,5,12.1815,7819.26
1866,0,0,5,12.1549,7674.51
1864,0,0,5,12.1476,7633.31
2180,0,0,5,12.1304,7536.05
1860,0,0,5,12.1195,7482.01
243,0,0,5,12.0523,7124.69
242,0,0,5,12.0175,6937.8
713,0,0,5,11.9875,6761.67
718,0,0,5,11.963,6610.66
725,0,0,5,11.9251,6408.02
1858,1,0,0,10.8643,1912.73,0.104667,456.524,0.2,1
1859,1,0,0,10.8319,1744.72
1861,1,0,0,10.8092,1621.32
1863,1,0,0,10.7364,1243.23
1865,1,0,0,10.7333,1225.48
1868,1,0,0,10.709,1078.54
1870,1,0,0,10.629,638.671
1874,1,0,0,10.617,574.398
1876,1,0,0,10.5792,366.988
1878,1,0,0,10.5441,168.626
1882,1,0,0,10.5341,111.587
1884,1,0,0,10.52,0
559,1,0,1,11.1847,3803.44,0.043,187.553,0.36,2
557,1,0,1,11.1829,3790.44
564,1,0,1,11.1749,3748.12
573,1,0,1,11.1701,3716.07
574,1,0,1,11.1619,3665.58
580,1,0,1,11.1431,3565.51
596,1,0,1,11.137,3505.65
595,1,0,1,11.1325,3478.18
605,1,0,1,11.1313,3470.1
529,1,0,1,11.1127,3366.05
726,1,0,1,11.0981,3266.09
714,1,0,1,11.0979,3264.21
715,1,0,1,11.0944,3240.56
2190,1,0,1,11.0818,3120.62
2191,1,0,1,11.0744,3048.89
713,1,0,1,11.0508,2820.95
242,1,0,1,11.0174,2634.63
243,1,0,1,10.9808,2439.69
1858,1,0,1,10.9689,2369.26
1537,1,0,2,11.3112,4440.52,0.0933333,407.092,0.11,3
418,1,0,2,11.3059,4412.06
419,1,0,2,11.2896,4322.93
424,1,0,2,11.2861,4303
613,1,0,2,11.2815,4276.83
611,1,0,2,11.2766,4244.63
619,1,0,2,11.2561,4141.76
618,1,0,2,11.2546,4133.52
560,1,0,2,11.2366,4042.46
555,1,0,2,11.2335,4026.51
559,1,0,2,11.2277,3990.99
596,1,0,3,11.5678,5810.67,0.0505,220.266,0.03,4
580,1,0,3,11.5594,5752.39
574,1,0,3,11.5422,5659.15
573,1,0,3,11.5321,5603.25
564,1,0,3,11.5244,5562.09
557,1,0,3,11.5183,5528.11
561,1,0,3,11.5116,5481.59
628,1,0,3,11.5072,5455.94
609,1,0,3,11.4944,5379.28
423,1,0,3,11.4885,5322.96
419,1,0,3,11.4838,5288.52
418,1,0,3,11.4685,5203.6
2139,1,0,3,11.4646,5182.17
2138,1,0,3,11.4462,5080.73
411,1,0,3,11.4326,5005.91
1537,1,0,3,11.4045,4847.61
725,1,0,4,11.7005,6529.21,0.0406667,177.376,0.13,5
724,1,0,4,11.6921,6485.9
717,1,0,4,11.6919,6484.44
716,1,0,4,11.6687,6358.43
722,1,0,4,11.6682,6355.62
726,1,0,4,11.6563,6279.13
529,1,0,4,11.6426,6179.63
605,1,0,4,11.6278,6083.02
603,1,0,4,11.6227,6055.05
604,1,0,4,11.6184,6031.9
596,1,0,4,11.6183,6030.93
1884,1,0,5,12.2205,9405.06,0,0,0
1883,1,0,5,12.1689,9100.98
1879,1,0,5,12.1578,9039.93
1877,1,0,5,12.1271,8846.01
1875,1,0,5,12.1031,8693.19
1871,1,0,5,12.0895,8612.46
1869,1,0,5,12.0045,8156.38
1867,1,0,5,11.9975,8117.82
1866,1,0,5,11.971,7973.07
1864,1,0,5,11.9637,7931.88
2180,1,0,5,11.9464,7834.62
1860,1,0,5,11.9355,7780.57
243,1,0,5,11.8684,7423.25
242,1,0,5,11.8336,7236.36
713,1,0,5,11.8036,7060.23
718,1,0,5,11.779,6909.23
725,1,0,5,11.7412,6706.58
1858,2,0,0,10.4743,1912.73,0.104667,456.524,0.2,1
1859,2,0,0,10.4419,1744.72
1861,2,0,0,10.4192,1621.32
1863,2,0,0,10.3464,1243.23
1865,2,0,0,10.3433,1225.48
1868,2,0,0,10.319,1078.54
1870,2,0,0,10.239,638.671
1874,2,0,0,10.227,574.398
1876,2,0,0,10.1892,366.988
1878,2,0,0,10.1541,168.626
1882,2,0,0,10.1441,111.587
1884,2,0,0,10.13,0
559,2,0,1,10.7947,3803.44,0.0766667,334.397,0.32,2
557,2,0,1,10.7929,3790.44
564,2,0,1,10.7849,3748.12
573,2,0,1,10.7801,3716.07
574,2,0,1,10.7719,3665.58
580,2,0,1,10.7531,3565.51
596,2,0,1,10.747,3505.65
595,2,0,1,10.7425,3478.18
605,2,0,1,10.7413,3470.1
529,2,0,1,10.7227,3366.05
726,2,0,1,10.7081,3266.09
714,2,0,1,10.7079,3264.21
715,2,0,1,10.7044,3240.56
2190,2,0,1,10.6918,3120.62
2191,2,0,1,10.6844,3048.89
713,2,0,1,10.6608,2820.95
242,2,0,1,10.6274,2634.63
243,2,0,1,10.5908,2439.69
1858,2,0,1,10.5789,2369.26
1537,2,0,2,10.9528,4577.93,0.072,314.042,0.12,3
418,2,0,2,10.9481,4552.38
419,2,0,2,10.932,4464.17
424,2,0,2,10.9286,4444.36
613,2,0,2,10.9243,4418.65
611,2,0,2,10.9193,4386.35
619,2,0,2,10.9014,4294.18
618,2,0,2,10.8989,4281.88
560,2,0,2,10.8811,4191.83
555,2,0,2,10.8776,4174.02
559,2,0,2,10.8714,4137.84
596,2,0,3,11.188,5855.03,0.0505,220.266,0.03,4
580,2,0,3,11.1796,5796.76
574,2,0,3,11.1624,5703.52
573,2,0,3,11.1523,5647.62
564,2,0,3,11.1446,5606.46
557,2,0,3,11.1385,5572.47
561,2,0,3,11.1318,5525.95
628,2,0,3,11.1274,5500.31
609,2,0,3,11.1146,5423.65
423,2,0,3,11.1087,5367.33
419,2,0,3,11.1041,5332.89
418,2,0,3,11.0887,5247.96
2139,2,0,3,11.0849,5226.54
2138,2,0,3,11.0664,5125.1
411,2,0,3,11.0528,5050.28
1537,2,0,3,11.0248,4891.97
725,2,0,4,11.3208,6573.57,0.0406667,177.376,0.13,5
724,2,0,4,11.3123,6530.27
717,2,0,4,11.3121,6528.81
716,2,0,4,11.289,6402.8
722,2,0,4,11.2884,6399.98
726,2,0,4,11.2766,6323.5
529,2,0,4,11.2628,6224
605,2,0,4,11.248,6127.39
603,2,0,4,11.2429,6099.41
604,2,0,4,11.2386,6076.27
596,2,0,4,11.2385,6075.3
1884,2,0,5,11.8407,9449.43,0,0,0
1883,2,0,5,11.7891,9145.34
1879,2,0,5,11.778,9084.29
1877,2,0,5,11.7474,8890.37
1875,2,0,5,11.7234,8737.55
1871,2,0,5,11.7097,8656.83
1869,2,0,5,11.6248,8200.74
1867,2,0,5,11.6178,8162.19
1866,2,0,5,11.5912,8017.44
1864,2,0,5,11.5839,7976.24
2180,2,0,5,11.5667,7878.98
1860,2,0,5,11.5558,7824.94
243,2,0,5,11.4886,7467.62
242,2,0,5,11.4538,7280.73
713,2,0,5,11.4238,7104.6
718,2,0,5,11.3993,6953.59
725,2,0,5,11.3614,6750.95
1858,3,0,0,10.4143,1912.73,0.104667,456.524,0.2,1
1859,3,0,0,10.3819,1744.72
1861,3,0,0,10.3592,1621.32
1863,3,0,0,10.2864,1243.23
1865,3,0,0,10.2833,1225.48
1868,3,0,0,10.259,1078.54
1870,3,0,0,10.179,638.671
1874,3,0,0,10.167,574.398
1876,3,0,0,10.1292,366.988
1878,3,0,0,10.0941,168.626
1882,3,0,0,10.0841,111.587
1884,3,0,0,10.07,0
596,3,0,1,10.687,3505.65,0.116167,506.684,0.02,2
595,3,0,1,10.6825,3478.18
605,3,0,1,10.6813,3470.1
529,3,0,1,10.6627,3366.05
726,3,0,1,10.6481,3266.09
714,3,0,1,10.6479,3264.21
715,3,0,1,10.6444,3240.56
2190,3,0,1,10.6318,3120.62
2191,3,0,1,10.6244,3048.89
713,3,0,1,10.6008,2820.95
242,3,0,1,10.5674,2634.63
243,3,0,1,10.5308,2439.69
1858,3,0,1,10.5189,2369.26
559,3,0,2,10.8509,4310.12,0.0766667,334.397,0.32,3
557,3,0,2,10.8491,4297.13
564,3,0,2,10.841,4254.81
573,3,0,2,10.8363,4222.75
574,3,0,2,10.8281,4172.27
580,3,0,2,10.8093,4072.19
596,3,0,2,10.8031,4012.34
1537,3,0,3,11.0089,5084.62,0.0933333,407.092,0.11,4
418,3,0,3,11.0043,5059.06
419,3,0,3,10.9882,4970.86
424,3,0,3,10.9848,4951.05
613,3,0,3,10.9805,4925.33
611,3,0,3,10.9754,4893.03
619,3,0,3,10.9575,4800.86
618,3,0,3,10.9551,4788.56
560,3,0,3,10.9373,4698.52
555,3,0,3,10.9338,4680.7
559,3,0,3,10.9276,4644.52
725,3,0,4,11.3478,6953.04,0.0406667,177.376,0.13,5
724,3,0,4,11.3393,6909.74
717,3,0,4,11.3391,6908.27
716,3,0,4,11.316,6782.27
722,3,0,4,11.3154,6779.45
726,3,0,4,11.3036,6702.96
529,3,0,4,11.2898,6603.47
605,3,0,4,11.275,6506.86
603,3,0,4,11.2699,6478.88
604,3,0,4,11.2656,6455.74
596,3,0,4,11.2655,6454.77
580,3,0,4,11.2571,6396.49
574,3,0,4,11.2399,6303.25
573,3,0,4,11.2298,6247.35
564,3,0,4,11.2221,6206.19
557,3,0,4,11.216,6172.21
561,3,0,4,11.2093,6125.69
628,3,0,4,11.2049,6100.04
609,3,0,4,11.1921,6023.38
423,3,0,4,11.1862,5967.06
419,3,0,4,11.1816,5932.62
418,3,0,4,11.1662,5847.7
2139,3,0,4,11.1624,5826.27
2138,3,0,4,11.1439,5724.83
411,3,0,4,11.1303,5650.01
1537,3,0,4,11.1023,5491.71
1884,3,0,5,11.8677,9828.89,0,0,0
1883,3,0,5,11.8161,9524.81
1879,3,0,5,11.805,9463.76
1877,3,0,5,11.7744,9269.84
1875,3,0,5,11.7504,9117.02
1871,3,0,5,11.7367,9036.29
1869,3,0,5,11.6518,8580.21
1867,3,0,5,11.6448,8541.66
1866,3,0,5,11.6182,8396.91
1864,3,0,5,11.6109,8355.71
2180,3,0,5,11.5937,8258.45
1860,3,0,5,11.5828,8204.41
243,3,0,5,11.5156,7847.09
242,3,0,5,11.4808,7660.2
713,3,0,5,11.4508,7484.07
718,3,0,5,11.4263,7333.06
725,3,0,5,11.3884,7130.42
1858,4,0,0,10.3543,1912.73,0.104667,456.524,0.2,1
1859,4,0,0,10.3219,1744.72
1861,4,0,0,10.2992,1621.32
1863,4,0,0,10.2264,1243.23
1865,4,0,0,10.2233,1225.48
1868,4,0,0,10.199,1078.54
1870,4,0,0,10.119,638.671
1874,4,0,0,10.107,574.398
1876,4,0,0,10.0692,366.988
1878,4,0,0,10.0341,168.626
1882,4,0,0,10.0241,111.587
1884,4,0,0,10.01,0
725,4,0,1,10.602,3204.02,0.107833,470.336,0.12,2
724,4,0,1,10.5927,3157.19
718,4,0,1,10.5654,2972.06
713,4,0,1,10.5408,2820.95
242,4,0,1,10.5074,2634.63
243,4,0,1,10.4708,2439.69
1858,4,0,1,10.4589,2369.26
596,4,0,2,10.8056,4254.45,0.116167,506.684,0.02,3
595,4,0,2,10.8012,4226.98
605,4,0,2,10.7999,4218.9
529,4,0,2,10.7814,4114.85
726,4,0,2,10.7667,4014.89
722,4,0,2,10.7535,3936.53
716,4,0,2,10.7534,3934.91
717,4,0,2,10.7358,3828.12
724,4,0,2,10.7353,3825.65
728,4,0,2,10.7264,3760.84
725,4,0,2,10.7099,3674.36
559,4,0,3,10.9695,5058.92,0.0766667,334.397,0.32,4
557,4,0,3,10.9677,5045.93
564,4,0,3,10.9596,5003.6
573,4,0,3,10.9549,4971.55
574,4,0,3,10.9467,4921.06
580,4,0,3,10.9279,4820.99
596,4,0,3,10.9218,4761.13
1537,4,0,4,11.1297,5842.84,0.0933333,407.092,0.11,5
418,4,0,4,11.1243,5814.38
419,4,0,4,11.108,5725.25
424,4,0,4,11.1046,5705.33
613,4,0,4,11.1,5679.16
611,4,0,4,11.095,5646.96
619,4,0,4,11.0746,5544.08
618,4,0,4,11.0731,5535.84
560,4,0,4,11.0551,5444.79
555,4,0,4,11.052,5428.83
559,4,0,4,11.0462,5393.32
1884,4,0,5,11.908,10264.9,0,0,0
1883,4,0,5,11.8565,9961.01
1879,4,0,5,11.8431,9889.61
1877,4,0,5,11.8188,9699.34
1875,4,0,5,11.7964,9548.13
1871,4,0,5,11.784,9469.18
1869,4,0,5,11.6967,9003.24
1867,4,0,5,11.6897,8964.68
1866,4,0,5,11.663,8819.28
1864,4,0,5,11.6537,8769.15
2180,4,0,5,11.6363,8671.4
1860,4,0,5,11.6273,8625.29
243,4,0,5,11.563,8280.14
242,4,0,5,11.5257,8082.67
713,4,0,5,11.4939,7902.94
2191,4,0,5,11.4576,7676.38
2190,4,0,5,11.4462,7605
715,4,0,5,11.4284,7487.07
714,4,0,5,11.4245,7463.07
726,4,0,5,11.4243,7461.19
529,4,0,5,11.4105,7361.69
605,4,0,5,11.3957,7265.08
603,4,0,5,11.3906,7237.1
604,4,0,5,11.3864,7213.96
596,4,0,5,11.3862,7212.99
580,4,0,5,11.3778,7154.72
574,4,0,5,11.3606,7061.47
573,4,0,5,11.3505,7005.57
564,4,0,5,11.3428,6964.42
557,4,0,5,11.3367,6930.43
561,4,0,5,11.3301,6883.91
628,4,0,5,11.3256,6858.26
609,4,0,5,11.3128,6781.61
423,4,0,5,11.3069,6725.29
419,4,0,5,11.3023,6690.84
418,4,0,5,11.287,6605.92
2139,4,0,5,11.2831,6584.5
2138,4,0,5,11.2647,6483.05
411,4,0,5,11.2511,6408.24
1537,4,0,5,11.223,6249.93
