Node, Individual, Route,Segment, Travel time, Travel cost, Attention time, Attention cost, Failure rate, Demand
1858,0,0,0,11.1343,1912.73,0.036,157.021,0.21,1
1859,0,0,0,11.1019,1744.72
1861,0,0,0,11.0792,1621.32
1863,0,0,0,11.0064,1243.23
1865,0,0,0,11.0033,1225.48
1868,0,0,0,10.979,1078.54
1870,0,0,0,10.899,638.671
1874,0,0,0,10.887,574.398
1876,0,0,0,10.8492,366.988
1878,0,0,0,10.8141,168.626
1882,0,0,0,10.8041,111.587
1884,0,0,0,10.79,0
559,0,0,1,11.3886,3504.88,0.043,187.553,0.36,2
554,0,0,1,11.3855,3485
565,0,0,1,11.3779,3442.07
573,0,0,1,11.3726,3415.48
574,0,0,1,11.3636,3363.68
580,0,0,1,11.3452,3265.41
596,0,0,1,11.3391,3205.55
595,0,0,1,11.3336,3175.14
605,0,0,1,11.3324,3167.15
529,0,0,1,11.3152,3067.12
726,0,0,1,11.2993,2965.93
714,0,0,1,11.2991,2964.04
715,0,0,1,11.2958,2940.56
2190,0,0,1,11.2833,2820.61
2191,0,0,1,11.2758,2748.88
713,0,0,1,11.2522,2520.94
242,0,0,1,11.2167,2325.34
243,0,0,1,11.1825,2140.81
1858,0,0,1,11.1703,2069.75
1537,0,0,2,11.5151,4141.95,0.0933333,407.092,0.11,3
418,0,0,2,11.5098,4113.49
419,0,0,2,11.4935,4024.36
424,0,0,2,11.49,4004.44
613,0,0,2,11.4855,3978.27
611,0,0,2,11.4805,3946.07
619,0,0,2,11.46,3843.19
618,0,0,2,11.4585,3834.95
560,0,0,2,11.4405,3743.9
555,0,0,2,11.4375,3727.94
559,0,0,2,11.4316,3692.43
596,0,0,3,11.7717,5512.1,0.0505,220.266,0.03,4
580,0,0,3,11.7633,5453.83
574,0,0,3,11.7461,5360.58
573,0,0,3,11.736,5304.68
564,0,0,3,11.7283,5263.53
557,0,0,3,11.7222,5229.54
561,0,0,3,11.7155,5183.02
628,0,0,3,11.7111,5157.37
609,0,0,3,11.6983,5080.72
423,0,0,3,11.6924,5024.4
419,0,0,3,11.6878,4989.95
418,0,0,3,11.6724,4905.03
2139,0,0,3,11.6686,4883.6
2138,0,0,3,11.6501,4782.16
411,0,0,3,11.6365,4707.35
1537,0,0,3,11.6085,4549.04
725,0,0,4,11.9045,6230.64,0.0406667,177.376,0.13,5
724,0,0,4,11.896,6187.34
717,0,0,4,11.8958,6185.87
716,0,0,4,11.8727,6059.87
722,0,0,4,11.8721,6057.05
726,0,0,4,11.8603,5980.56
529,0,0,4,11.8465,5881.07
605,0,0,4,11.8317,5784.46
603,0,0,4,11.8266,5756.48
604,0,0,4,11.8223,5733.34
596,0,0,4,11.8222,5732.37
1884,0,0,5,12.4244,9106.49,0,0,0
1883,0,0,5,12.3728,8802.41
1879,0,0,5,12.3617,8741.36
1877,0,0,5,12.3311,8547.44
1875,0,0,5,12.3071,8394.62
1871,0,0,5,12.2934,8313.89
1869,0,0,5,12.2085,7857.81
1867,0,0,5,12.2015,7819.26
1866,0,0,5,12.1749,7674.51
1864,0,0,5,12.1676,7633.31
2180,0,0,5,12.1504,7536.05
1860,0,0,5,12.1395,7482.01
243,0,0,5,12.0723,7124.69
242,0,0,5,12.0375,6937.8
713,0,0,5,12.0075,6761.67
718,0,0,5,11.983,6610.66
725,0,0,5,11.9451,6408.02
1858,1,0,0,10.8943,1912.73,0.104667,456.524,0.2,1
1859,1,0,0,10.8619,1744.72
1861,1,0,0,10.8392,1621.32
1863,1,0,0,10.7664,1243.23
1865,1,0,0,10.7633,1225.48
1868,1,0,0,10.739,1078.54
1870,1,0,0,10.659,638.671
1874,1,0,0,10.647,574.398
1876,1,0,0,10.6092,366.988
1878,1,0,0,10.5741,168.626
1882,1,0,0,10.5641,111.587
1884,1,0,0,10.55,0
559,1,0,1,11.2147,3803.44,0.043,187.553,0.36,2
557,1,0,1,11.2129,3790.44
564,1,0,1,11.2049,3748.12
573,1,0,1,11.2001,3716.07
574,1,0,1,11.1919,3665.58
580,1,0,1,11.1731,3565.51
596,1,0,1,11.167,3505.65
595,1,0,1,11.1625,3478.18
605,1,0,1,11.1613,3470.1
529,1,0,1,11.1427,3366.05
726,1,0,1,11.1281,3266.09
714,1,0,1,11.1279,3264.21
715,1,0,1,11.1244,3240.56
2190,1,0,1,11.1118,3120.62
2191,1,0,1,11.1044,3048.89
713,1,0,1,11.0808,2820.95
242,1,0,1,11.0474,2634.63
243,1,0,1,11.0108,2439.69
1858,1,0,1,10.9989,2369.26
1537,1,0,2,11.3412,4440.52,0.0933333,407.092,0.11,3
418,1,0,2,11.3359,4412.06
419,1,0,2,11.3196,4322.93
424,1,0,2,11.3161,4303
613,1,0,2,11.3115,4276.83
611,1,0,2,11.3066,4244.63
619,1,0,2,11.2861,4141.76
618,1,0,2,11.2846,4133.52
560,1,0,2,11.2666,4042.46
555,1,0,2,11.2635,4026.51
559,1,0,2,11.2577,3990.99
596,1,0,3,11.5978,5810.67,0.0505,220.266,0.03,4
580,1,0,3,11.5894,5752.39
574,1,0,3,11.5722,5659.15
573,1,0,3,11.5621,5603.25
564,1,0,3,11.5544,5562.09
557,1,0,3,11.5483,5528.11
561,1,0,3,11.5416,5481.59
628,1,0,3,11.5372,5455.94
609,1,0,3,11.5244,5379.28
423,1,0,3,11.5185,5322.96
419,1,0,3,11.5138,5288.52
418,1,0,3,11.4985,5203.6
2139,1,0,3,11.4946,5182.17
2138,1,0,3,11.4762,5080.73
411,1,0,3,11.4626,5005.91
1537,1,0,3,11.4345,4847.61
725,1,0,4,11.7305,6529.21,0.0406667,177.376,0.13,5
724,1,0,4,11.7221,6485.9
717,1,0,4,11.7219,6484.44
716,1,0,4,11.6987,6358.43
722,1,0,4,11.6982,6355.62
726,1,0,4,11.6863,6279.13
529,1,0,4,11.6726,6179.63
605,1,0,4,11.6578,6083.02
603,1,0,4,11.6527,6055.05
604,1,0,4,11.6484,6031.9
596,1,0,4,11.6483,6030.93
1884,1,0,5,12.2505,9405.06,0,0,0
1883,1,0,5,12.1989,9100.98
1879,1,0,5,12.1878,9039.93
1877,1,0,5,12.1571,8846.01
1875,1,0,5,12.1331,8693.19
1871,1,0,5,12.1195,8612.46
1869,1,0,5,12.0345,8156.38
1867,1,0,5,12.0275,8117.82
1866,1,0,5,12.001,7973.07
1864,1,0,5,11.9937,7931.88
2180,1,0,5,11.9764,7834.62
1860,1,0,5,11.9655,7780.57
243,1,0,5,11.8984,7423.25
242,1,0,5,11.8636,7236.36
713,1,0,5,11.8336,7060.23
718,1,0,5,11.809,6909.23
725,1,0,5,11.7712,6706.58
1858,2,0,0,10.5143,1912.73,0.104667,456.524,0.2,1
1859,2,0,0,10.4819,1744.72
1861,2,0,0,10.4592,1621.32
1863,2,0,0,10.3864,1243.23
1865,2,0,0,10.3833,1225.48
1868,2,0,0,10.359,1078.54
1870,2,0,0,10.279,638.671
1874,2,0,0,10.267,574.398
1876,2,0,0,10.2292,366.988
1878,2,0,0,10.1941,168.626
1882,2,0,0,10.1841,111.587
1884,2,0,0,10.17,0
559,2,0,1,10.8347,3803.44,0.0766667,334.397,0.32,2
557,2,0,1,10.8329,3790.44
564,2,0,1,10.8249,3748.12
573,2,0,1,10.8201,3716.07
574,2,0,1,10.8119,3665.58
580,2,0,1,10.7931,3565.51
596,2,0,1,10.787,3505.65
595,2,0,1,10.7825,3478.18
605,2,0,1,10.7813,3470.1
529,2,0,1,10.7627,3366.05
726,2,0,1,10.7481,3266.09
714,2,0,1,10.7479,3264.21
715,2,0,1,10.7444,3240.56
2190,2,0,1,10.7318,3120.62
2191,2,0,1,10.7244,3048.89
713,2,0,1,10.7008,2820.95
242,2,0,1,10.6674,2634.63
243,2,0,1,10.6308,2439.69
1858,2,0,1,10.6189,2369.26
1537,2,0,2,10.9928,4577.93,0.072,314.042,0.12,3
418,2,0,2,10.9881,4552.38
419,2,0,2,10.972,4464.17
424,2,0,2,10.9686,4444.36
613,2,0,2,10.9643,4418.65
611,2,0,2,10.9593,4386.35
619,2,0,2,10.9414,4294.18
618,2,0,2,10.9389,4281.88
560,2,0,2,10.9211,4191.83
555,2,0,2,10.9176,4174.02
559,2,0,2,10.9114,4137.84
596,2,0,3,11.228,5855.03,0.0505,220.266,0.03,4
580,2,0,3,11.2196,5796.76
574,2,0,3,11.2024,5703.52
573,2,0,3,11.1923,5647.62
564,2,0,3,11.1846,5606.46
557,2,0,3,11.1785,5572.47
561,2,0,3,11.1718,5525.95
628,2,0,3,11.1674,5500.31
609,2,0,3,11.1546,5423.65
423,2,0,3,11.1487,5367.33
419,2,0,3,11.1441,5332.89
418,2,0,3,11.1287,5247.96
2139,2,0,3,11.1249,5226.54
2138,2,0,3,11.1064,5125.1
411,2,0,3,11.0928,5050.28
1537,2,0,3,11.0648,4891.97
725,2,0,4,11.3608,6573.57,0.0406667,177.376,0.13,5
724,2,0,4,11.3523,6530.27
717,2,0,4,11.3521,6528.81
716,2,0,4,11.329,6402.8
722,2,0,4,11.3284,6399.98
726,2,0,4,11.3166,6323.5
529,2,0,4,11.3028,6224
605,2,0,4,11.288,6127.39
603,2,0,4,11.2829,6099.41
604,2,0,4,11.2786,6076.27
596,2,0,4,11.2785,6075.3
1884,2,0,5,11.8807,9449.43,0,0,0
1883,2,0,5,11.8291,9145.34
1879,2,0,5,11.818,9084.29
1877,2,0,5,11.7874,8890.37
1875,2,0,5,11.7634,8737.55
1871,2,0,5,11.7497,8656.83
1869,2,0,5,11.6648,8200.74
1867,2,0,5,11.6578,8162.19
1866,2,0,5,11.6312,8017.44
1864,2,0,5,11.6239,7976.24
2180,2,0,5,11.6067,7878.98
1860,2,0,5,11.5958,7824.94
243,2,0,5,11.5286,7467.62
242,2,0,5,11.4938,7280.73
713,2,0,5,11.4638,7104.6
718,2,0,5,11.4393,6953.59
725,2,0,5,11.4014,6750.95
1858,3,0,0,10.4843,1912.73,0.104667,456.524,0.2,1
1859,3,0,0,10.4519,1744.72
1861,3,0,0,10.4292,1621.32
1863,3,0,0,10.3564,1243.23
1865,3,0,0,10.3533,1225.48
1868,3,0,0,10.329,1078.54
1870,3,0,0,10.249,638.671
1874,3,0,0,10.237,574.398
1876,3,0,0,10.1992,366.988
1878,3,0,0,10.1641,168.626
1882,3,0,0,10.1541,111.587
1884,3,0,0,10.14,0
596,3,0,1,10.757,3505.65,0.116167,506.684,0.02,2
595,3,0,1,10.7525,3478.18
605,3,0,1,10.7513,3470.1
529,3,0,1,10.7327,3366.05
726,3,0,1,10.7181,3266.09
714,3,0,1,10.7179,3264.21
715,3,0,1,10.7144,3240.56
2190,3,0,1,10.7018,3120.62
2191,3,0,1,10.6944,3048.89
713,3,0,1,10.6708,2820.95
242,3,0,1,10.6374,2634.63
243,3,0,1,10.6008,2439.69
1858,3,0,1,10.5889,2369.26
559,3,0,2,10.9209,4310.12,0.0766667,334.397,0.32,3
557,3,0,2,10.9191,4297.13
564,3,0,2,10.911,4254.81
573,3,0,2,10.9063,4222.75
574,3,0,2,10.8981,4172.27
580,3,0,2,10.8793,4072.19
596,3,0,2,10.8731,4012.34
1537,3,0,3,11.0789,5084.62,0.0933333,407.092,0.11,4
418,3,0,3,11.0743,5059.06
419,3,0,3,11.0582,4970.86
424,3,0,3,11.0548,4951.05
613,3,0,3,11.0505,4925.33
611,3,0,3,11.0454,4893.03
619,3,0,3,11.0275,4800.86
618,3,0,3,11.0251,4788.56
560,3,0,3,11.0073,4698.52
555,3,0,3,11.0038,4680.7
559,3,0,3,10.9976,4644.52
725,3,0,4,11.4178,6953.04,0.0406667,177.376,0.13,5
724,3,0,4,11.4093,6909.74
717,3,0,4,11.4091,6908.27
716,3,0,4,11.386,6782.27
722,3,0,4,11.3854,6779.45
726,3,0,4,11.3736,6702.96
529,3,0,4,11.3598,6603.47
605,3,0,4,11.345,6506.86
603,3,0,4,11.3399,6478.88
604,3,0,4,11.3356,6455.74
596,3,0,4,11.3355,6454.77
580,3,0,4,11.3271,6396.49
574,3,0,4,11.3099,6303.25
573,3,0,4,11.2998,6247.35
564,3,0,4,11.2921,6206.19
557,3,0,4,11.286,6172.21
561,3,0,4,11.2793,6125.69
628,3,0,4,11.2749,6100.04
609,3,0,4,11.2621,6023.38
423,3,0,4,11.2562,5967.06
419,3,0,4,11.2516,5932.62
418,3,0,4,11.2362,5847.7
2139,3,0,4,11.2324,5826.27
2138,3,0,4,11.2139,5724.83
411,3,0,4,11.2003,5650.01
1537,3,0,4,11.1723,5491.71
1884,3,0,5,11.9377,9828.89,0,0,0
1883,3,0,5,11.8861,9524.81
1879,3,0,5,11.875,9463.76
1877,3,0,5,11.8444,9269.84
1875,3,0,5,11.8204,9117.02
1871,3,0,5,11.8067,9036.29
1869,3,0,5,11.7218,8580.21
1867,3,0,5,11.7148,8541.66
1866,3,0,5,11.6882,8396.91
1864,3,0,5,11.6809,8355.71
2180,3,0,5,11.6637,8258.45
1860,3,0,5,11.6528,8204.41
243,3,0,5,11.5856,7847.09
242,3,0,5,11.5508,7660.2
713,3,0,5,11.5208,7484.07
718,3,0,5,11.4963,7333.06
725,3,0,5,11.4584,7130.42
1858,4,0,0,10.3743,1912.73,0.104667,456.524,0.2,1
1859,4,0,0,10.3419,1744.72
1861,4,0,0,10.3192,1621.32
1863,4,0,0,10.2464,1243.23
1865,4,0,0,10.2433,1225.48
1868,4,0,0,10.219,1078.54
1870,4,0,0,10.139,638.671
1874,4,0,0,10.127,574.398
1876,4,0,0,10.0892,366.988
1878,4,0,0,10.0541,168.626
1882,4,0,0,10.0441,111.587
1884,4,0,0,10.03,0
725,4,0,1,10.622,3204.02,0.107833,470.336,0.12,2
724,4,0,1,10.6127,3157.19
718,4,0,1,10.5854,2972.06
713,4,0,1,10.5608,2820.95
242,4,0,1,10.5274,2634.63
243,4,0,1,10.4908,2439.69
1858,4,0,1,10.4789,2369.26
596,4,0,2,10.8256,4254.45,0.116167,506.684,0.02,3
595,4,0,2,10.8212,4226.98
605,4,0,2,10.8199,4218.9
529,4,0,2,10.8014,4114.85
726,4,0,2,10.7867,4014.89
722,4,0,2,10.7735,3936.53
716,4,0,2,10.7734,3934.91
717,4,0,2,10.7558,3828.12
724,4,0,2,10.7553,3825.65
728,4,0,2,10.7464,3760.84
725,4,0,2,10.7299,3674.36
559,4,0,3,10.9895,5058.92,0.0766667,334.397,0.32,4
557,4,0,3,10.9877,5045.93
564,4,0,3,10.9796,5003.6
573,4,0,3,10.9749,4971.55
574,4,0,3,10.9667,4921.06
580,4,0,3,10.9479,4820.99
596,4,0,3,10.9417,4761.13
1537,4,0,4,11.1497,5842.84,0.0933333,407.092,0.11,5
418,4,0,4,11.1443,5814.38
419,4,0,4,11.128,5725.25
424,4,0,4,11.1245,5705.33
613,4,0,4,11.12,5679.16
611,4,0,4,11.115,5646.96
619,4,0,4,11.0946,5544.08
618,4,0,4,11.0931,5535.84
560,4,0,4,11.0751,5444.79
555,4,0,4,11.072,5428.83
559,4,0,4,11.0662,5393.32
1884,4,0,5,11.928,10264.9,0,0,0
1883,4,0,5,11.8765,9961.01
1879,4,0,5,11.8631,9889.61
1877,4,0,5,11.8388,9699.34
1875,4,0,5,11.8164,9548.13
1871,4,0,5,11.804,9469.18
1869,4,0,5,11.7167,9003.24
1867,4,0,5,11.7097,8964.68
1866,4,0,5,11.683,8819.28
1864,4,0,5,11.6737,8769.15
2180,4,0,5,11.6563,8671.4
1860,4,0,5,11.6473,8625.29
243,4,0,5,11.583,8280.14
242,4,0,5,11.5457,8082.67
713,4,0,5,11.5139,7902.94
2191,4,0,5,11.4776,7676.38
2190,4,0,5,11.4662,7605
715,4,0,5,11.4484,7487.07
714,4,0,5,11.4445,7463.07
726,4,0,5,11.4443,7461.19
529,4,0,5,11.4305,7361.69
605,4,0,5,11.4157,7265.08
603,4,0,5,11.4106,7237.1
604,4,0,5,11.4064,7213.96
596,4,0,5,11.4062,7212.99
580,4,0,5,11.3978,7154.72
574,4,0,5,11.3806,7061.47
573,4,0,5,11.3705,7005.57
564,4,0,5,11.3628,6964.42
557,4,0,5,11.3567,6930.43
561,4,0,5,11.3501,6883.91
628,4,0,5,11.3456,6858.26
609,4,0,5,11.3328,6781.61
423,4,0,5,11.3269,6725.29
419,4,0,5,11.3223,6690.84
418,4,0,5,11.307,6605.92
2139,4,0,5,11.3031,6584.5
2138,4,0,5,11.2847,6483.05
411,4,0,5,11.2711,6408.24
1537,4,0,5,11.243,6249.93
