Node, Individual, Route,Segment, Travel time, Travel cost, Attention time, Attention cost, Failure rate, Demand
1858,0,0,0,11.1843,1912.73,0.036,157.021,0.21,1
1859,0,0,0,11.1519,1744.72
1861,0,0,0,11.1292,1621.32
1863,0,0,0,11.0564,1243.23
1865,0,0,0,11.0533,1225.48
1868,0,0,0,11.029,1078.54
1870,0,0,0,10.949,638.671
1874,0,0,0,10.937,574.398
1876,0,0,0,10.8992,366.988
1878,0,0,0,10.8641,168.626
1882,0,0,0,10.8541,111.587
1884,0,0,0,10.84,0
559,0,0,1,11.4386,3504.88,0.043,187.553,0.36,2
554,0,0,1,11.4355,3485
565,0,0,1,11.4279,3442.07
573,0,0,1,11.4226,3415.48
574,0,0,1,11.4136,3363.68
580,0,0,1,11.3952,3265.41
596,0,0,1,11.3891,3205.55
595,0,0,1,11.3836,3175.14
605,0,0,1,11.3824,3167.15
529,0,0,1,11.3652,3067.12
726,0,0,1,11.3493,2965.93
714,0,0,1,11.3491,2964.04
715,0,0,1,11.3458,2940.56
2190,0,0,1,11.3333,2820.61
2191,0,0,1,11.3258,2748.88
713,0,0,1,11.3022,2520.94
242,0,0,1,11.2667,2325.34
243,0,0,1,11.2325,2140.81
1858,0,0,1,11.2203,2069.75
1537,0,0,2,11.5651,4141.95,0.0933333,407.092,0.11,3
418,0,0,2,11.5598,4113.49
419,0,0,2,11.5435,4024.36
424,0,0,2,11.54,4004.44
613,0,0,2,11.5355,3978.27
611,0,0,2,11.5305,3946.07
619,0,0,2,11.51,3843.19
618,0,0,2,11.5085,3834.95
560,0,0,2,11.4905,3743.9
555,0,0,2,11.4875,3727.94
559,0,0,2,11.4816,3692.43
596,0,0,3,11.8217,5512.1,0.0505,220.266,0.03,4
580,0,0,3,11.8133,5453.83
574,0,0,3,11.7961,5360.58
573,0,0,3,11.786,5304.68
564,0,0,3,11.7783,5263.53
557,0,0,3,11.7722,5229.54
561,0,0,3,11.7655,5183.02
628,0,0,3,11.7611,5157.37
609,0,0,3,11.7483,5080.72
423,0,0,3,11.7424,5024.4
419,0,0,3,11.7378,4989.95
418,0,0,3,11.7224,4905.03
2139,0,0,3,11.7186,4883.6
2138,0,0,3,11.7001,4782.16
411,0,0,3,11.6865,4707.35
1537,0,0,3,11.6585,4549.04
725,0,0,4,11.9545,6230.64,0.0406667,177.376,0.13,5
724,0,0,4,11.946,6187.34
717,0,0,4,11.9458,6185.87
716,0,0,4,11.9227,6059.87
722,0,0,4,11.9221,6057.05
726,0,0,4,11.9103,5980.56
529,0,0,4,11.8965,5881.07
605,0,0,4,11.8817,5784.46
603,0,0,4,11.8766,5756.48
604,0,0,4,11.8723,5733.34
596,0,0,4,11.8722,5732.37
1884,0,0,5,12.4744,9106.49,0,0,0
1883,0,0,5,12.4228,8802.41
1879,0,0,5,12.4117,8741.36
1877,0,0,5,12.3811,8547.44
1875,0,0,5,12.3571,8394.62
1871,0,0,5,12.3434,8313.89
1869,0,0,5,12.2585,7857.81
1867,0,0,5,12.2515,7819.26
1866,0,0,5,12.2249,7674.51
1864,0,0,5,12.2176,7633.31
2180,0,0,5,12.2004,7536.05
1860,0,0,5,12.1895,7482.01
243,0,0,5,12.1223,7124.69
242,0,0,5,12.0875,6937.8
713,0,0,5,12.0575,6761.67
718,0,0,5,12.033,6610.66
725,0,0,5,11.9951,6408.02
1858,1,0,0,10.7343,1912.73,0.104667,456.524,0.2,1
1859,1,0,0,10.7019,1744.72
1861,1,0,0,10.6792,1621.32
1863,1,0,0,10.6064,1243.23
1865,1,0,0,10.6033,1225.48
1868,1,0,0,10.579,1078.54
1870,1,0,0,10.499,638.671
1874,1,0,0,10.487,574.398
1876,1,0,0,10.4492,366.988
1878,1,0,0,10.4141,168.626
1882,1,0,0,10.4041,111.587
1884,1,0,0,10.39,0
559,1,0,1,11.0547,3803.44,0.043,187.553,0.36,2
557,1,0,1,11.0529,3790.44
564,1,0,1,11.0449,3748.12
573,1,0,1,11.0401,3716.07
574,1,0,1,11.0319,3665.58
580,1,0,1,11.0131,3565.51
596,1,0,1,11.007,3505.65
595,1,0,1,11.0025,3478.18
605,1,0,1,11.0013,3470.1
529,1,0,1,10.9827,3366.05
726,1,0,1,10.9681,3266.09
714,1,0,1,10.9679,3264.21
715,1,0,1,10.9644,3240.56
2190,1,0,1,10.9518,3120.62
2191,1,0,1,10.9444,3048.89
713,1,0,1,10.9208,2820.95
242,1,0,1,10.8874,2634.63
243,1,0,1,10.8508,2439.69
1858,1,0,1,10.8389,2369.26
1537,1,0,2,11.1812,4440.52,0.0933333,407.092,0.11,3
418,1,0,2,11.1759,4412.06
419,1,0,2,11.1596,4322.93
424,1,0,2,11.1561,4303
613,1,0,2,11.1515,4276.83
611,1,0,2,11.1466,4244.63
619,1,0,2,11.1261,4141.76
618,1,0,2,11.1246,4133.52
560,1,0,2,11.1066,4042.46
555,1,0,2,11.1035,4026.51
559,1,0,2,11.0977,3990.99
596,1,0,3,11.4378,5810.67,0.0505,220.266,0.03,4
580,1,0,3,11.4294,5752.39
574,1,0,3,11.4122,5659.15
573,1,0,3,11.4021,5603.25
564,1,0,3,11.3944,5562.09
557,1,0,3,11.3883,5528.11
561,1,0,3,11.3816,5481.59
628,1,0,3,11.3772,5455.94
609,1,0,3,11.3644,5379.28
423,1,0,3,11.3585,5322.96
419,1,0,3,11.3538,5288.52
418,1,0,3,11.3385,5203.6
2139,1,0,3,11.3346,5182.17
2138,1,0,3,11.3162,5080.73
411,1,0,3,11.3026,5005.91
1537,1,0,3,11.2745,4847.61
725,1,0,4,11.5705,6529.21,0.0406667,177.376,0.13,5
724,1,0,4,11.5621,6485.9
717,1,0,4,11.5619,6484.44
716,1,0,4,11.5387,6358.43
722,1,0,4,11.5382,6355.62
726,1,0,4,11.5263,6279.13
529,1,0,4,11.5126,6179.63
605,1,0,4,11.4978,6083.02
603,1,0,4,11.4927,6055.05
604,1,0,4,11.4884,6031.9
596,1,0,4,11.4883,6030.93
1884,1,0,5,12.0905,9405.06,0,0,0
1883,1,0,5,12.0389,9100.98
1879,1,0,5,12.0278,9039.93
1877,1,0,5,11.9971,8846.01
1875,1,0,5,11.9731,8693.19
1871,1,0,5,11.9595,8612.46
1869,1,0,5,11.8745,8156.38
1867,1,0,5,11.8675,8117.82
1866,1,0,5,11.841,7973.07
1864,1,0,5,11.8337,7931.88
2180,1,0,5,11.8164,7834.62
1860,1,0,5,11.8055,7780.57
243,1,0,5,11.7384,7423.25
242,1,0,5,11.7036,7236.36
713,1,0,5,11.6736,7060.23
718,1,0,5,11.649,6909.23
725,1,0,5,11.6112,6706.58
1858,2,0,0,10.4543,1912.73,0.104667,456.524,0.2,1
1859,2,0,0,10.4219,1744.72
1861,2,0,0,10.3992,1621.32
1863,2,0,0,10.3264,1243.23
1865,2,0,0,10.3233,1225.48
1868,2,0,0,10.299,1078.54
1870,2,0,0,10.219,638.671
1874,2,0,0,10.207,574.398
1876,2,0,0,10.1692,366.988
1878,2,0,0,10.1341,168.626
1882,2,0,0,10.1241,111.587
1884,2,0,0,10.11,0
559,2,0,1,10.7747,3803.44,0.0766667,334.397,0.32,2
557,2,0,1,10.7729,3790.44
564,2,0,1,10.7649,3748.12
573,2,0,1,10.7601,3716.07
574,2,0,1,10.7519,3665.58
580,2,0,1,10.7331,3565.51
596,2,0,1,10.727,3505.65
595,2,0,1,10.7225,3478.18
605,2,0,1,10.7213,3470.1
529,2,0,1,10.7027,3366.05
726,2,0,1,10.6881,3266.09
714,2,0,1,10.6879,3264.21
715,2,0,1,10.6844,3240.56
2190,2,0,1,10.6718,3120.62
2191,2,0,1,10.6644,3048.89
713,2,0,1,10.6408,2820.95
242,2,0,1,10.6074,2634.63
243,2,0,1,10.5708,2439.69
1858,2,0,1,10.5589,2369.26
1537,2,0,2,10.9328,4577.93,0.072,314.042,0.12,3
418,2,0,2,10.9281,4552.38
419,2,0,2,10.912,4464.17
424,2,0,2,10.9086,4444.36
613,2,0,2,10.9043,4418.65
611,2,0,2,10.8993,4386.35
619,2,0,2,10.8814,4294.18
618,2,0,2,10.8789,4281.88
560,2,0,2,10.8611,4191.83
555,2,0,2,10.8576,4174.02
559,2,0,2,10.8514,4137.84
596,2,0,3,11.168,5855.03,0.0505,220.266,0.03,4
580,2,0,3,11.1596,5796.76
574,2,0,3,11.1424,5703.52
573,2,0,3,11.1323,5647.62
564,2,0,3,11.1246,5606.46
557,2,0,3,11.1185,5572.47
561,2,0,3,11.1118,5525.95
628,2,0,3,11.1074,5500.31
609,2,0,3,11.0946,5423.65
423,2,0,3,11.0887,5367.33
419,2,0,3,11.0841,5332.89
418,2,0,3,11.0687,5247.96
2139,2,0,3,11.0649,5226.54
2138,2,0,3,11.0464,5125.1
411,2,0,3,11.0328,5050.28
1537,2,0,3,11.0048,4891.97
725,2,0,4,11.3008,6573.57,0.0406667,177.376,0.13,5
724,2,0,4,11.2923,6530.27
717,2,0,4,11.2921,6528.81
716,2,0,4,11.269,6402.8
722,2,0,4,11.2684,6399.98
726,2,0,4,11.2566,6323.5
529,2,0,4,11.2428,6224
605,2,0,4,11.228,6127.39
603,2,0,4,11.2229,6099.41
604,2,0,4,11.2186,6076.27
596,2,0,4,11.2185,6075.3
1884,2,0,5,11.8207,9449.43,0,0,0
1883,2,0,5,11.7691,9145.34
1879,2,0,5,11.758,9084.29
1877,2,0,5,11.7274,8890.37
1875,2,0,5,11.7034,8737.55
1871,2,0,5,11.6897,8656.83
1869,2,0,5,11.6048,8200.74
1867,2,0,5,11.5978,8162.19
1866,2,0,5,11.5712,8017.44
1864,2,0,5,11.5639,7976.24
2180,2,0,5,11.5467,7878.98
1860,2,0,5,11.5358,7824.94
243,2,0,5,11.4686,7467.62
242,2,0,5,11.4338,7280.73
713,2,0,5,11.4038,7104.6
718,2,0,5,11.3793,6953.59
725,2,0,5,11.3414,6750.95
1858,3,0,0,10.4743,1912.73,0.104667,456.524,0.2,1
1859,3,0,0,10.4419,1744.72
1861,3,0,0,10.4192,1621.32
1863,3,0,0,10.3464,1243.23
1865,3,0,0,10.3433,1225.48
1868,3,0,0,10.319,1078.54
1870,3,0,0,10.239,638.671
1874,3,0,0,10.227,574.398
1876,3,0,0,10.1892,366.988
1878,3,0,0,10.1541,168.626
1882,3,0,0,10.1441,111.587
1884,3,0,0,10.13,0
596,3,0,1,10.747,3505.65,0.116167,506.684,0.02,2
595,3,0,1,10.7425,3478.18
605,3,0,1,10.7413,3470.1
529,3,0,1,10.7227,3366.05
726,3,0,1,10.7081,3266.09
714,3,0,1,10.7079,3264.21
715,3,0,1,10.7044,3240.56
2190,3,0,1,10.6918,3120.62
2191,3,0,1,10.6844,3048.89
713,3,0,1,10.6608,2820.95
242,3,0,1,10.6274,2634.63
243,3,0,1,10.5908,2439.69
1858,3,0,1,10.5789,2369.26
559,3,0,2,10.9109,4310.12,0.0766667,334.397,0.32,3
557,3,0,2,10.9091,4297.13
564,3,0,2,10.901,4254.81
573,3,0,2,10.8963,4222.75
574,3,0,2,10.8881,4172.27
580,3,0,2,10.8693,4072.19
596,3,0,2,10.8631,4012.34
1537,3,0,3,11.0689,5084.62,0.0933333,407.092,0.11,4
418,3,0,3,11.0643,5059.06
419,3,0,3,11.0482,4970.86
424,3,0,3,11.0448,4951.05
613,3,0,3,11.0405,4925.33
611,3,0,3,11.0354,4893.03
619,3,0,3,11.0175,4800.86
618,3,0,3,11.0151,4788.56
560,3,0,3,10.9973,4698.52
555,3,0,3,10.9938,4680.7
559,3,0,3,10.9876,4644.52
725,3,0,4,11.4078,6953.04,0.0406667,177.376,0.13,5
724,3,0,4,11.3993,6909.74
717,3,0,4,11.3991,6908.27
716,3,0,4,11.376,6782.27
722,3,0,4,11.3754,6779.45
726,3,0,4,11.3636,6702.96
529,3,0,4,11.3498,6603.47
605,3,0,4,11.335,6506.86
603,3,0,4,11.3299,6478.88
604,3,0,4,11.3256,6455.74
596,3,0,4,11.3255,6454.77
580,3,0,4,11.3171,6396.49
574,3,0,4,11.2999,6303.25
573,3,0,4,11.2898,6247.35
564,3,0,4,11.2821,6206.19
557,3,0,4,11.276,6172.21
561,3,0,4,11.2693,6125.69
628,3,0,4,11.2649,6100.04
609,3,0,4,11.2521,6023.38
423,3,0,4,11.2462,5967.06
419,3,0,4,11.2416,5932.62
418,3,0,4,11.2262,5847.7
2139,3,0,4,11.2224,5826.27
2138,3,0,4,11.2039,5724.83
411,3,0,4,11.1903,5650.01
1537,3,0,4,11.1623,5491.71
1884,3,0,5,11.9277,9828.89,0,0,0
1883,3,0,5,11.8761,9524.81
1879,3,0,5,11.865,9463.76
1877,3,0,5,11.8344,9269.84
1875,3,0,5,11.8104,9117.02
1871,3,0,5,11.7967,9036.29
1869,3,0,5,11.7118,8580.21
1867,3,0,5,11.7048,8541.66
1866,3,0,5,11.6782,8396.91
1864,3,0,5,11.6709,8355.71
2180,3,0,5,11.6537,8258.45
1860,3,0,5,11.6428,8204.41
243,3,0,5,11.5756,7847.09
242,3,0,5,11.5408,7660.2
713,3,0,5,11.5108,7484.07
718,3,0,5,11.4863,7333.06
725,3,0,5,11.4484,7130.42
1858,4,0,0,10.3843,1912.73,0.104667,456.524,0.2,1
1859,4,0,0,10.3519,1744.72
1861,4,0,0,10.3292,1621.32
1863,4,0,0,10.2564,1243.23
1865,4,0,0,10.2533,1225.48
1868,4,0,0,10.229,1078.54
1870,4,0,0,10.149,638.671
1874,4,0,0,10.137,574.398
1876,4,0,0,10.0992,366.988
1878,4,0,0,10.0641,168.626
1882,4,0,0,10.0541,111.587
1884,4,0,0,10.04,0
725,4,0,1,10.632,3204.02,0.107833,470.336,0.12,2
724,4,0,1,10.6227,3157.19
718,4,0,1,10.5954,2972.06
713,4,0,1,10.5708,2820.95
242,4,0,1,10.5374,2634.63
243,4,0,1,10.5008,2439.69
1858,4,0,1,10.4889,2369.26
596,4,0,2,10.8356,4254.45,0.116167,506.684,0.02,3
595,4,0,2,10.8312,4226.98
605,4,0,2,10.8299,4218.9
529,4,0,2,10.8114,4114.85
726,4,0,2,10.7967,4014.89
722,4,0,2,10.7835,3936.53
716,4,0,2,10.7834,3934.91
717,4,0,2,10.7658,3828.12
724,4,0,2,10.7653,3825.65
728,4,0,2,10.7564,3760.84
725,4,0,2,10.7399,3674.36
559,4,0,3,10.9995,5058.92,0.0766667,334.397,0.32,4
557,4,0,3,10.9977,5045.93
564,4,0,3,10.9896,5003.6
573,4,0,3,10.9849,4971.55
574,4,0,3,10.9767,4921.06
580,4,0,3,10.9579,4820.99
596,4,0,3,10.9517,4761.13
1537,4,0,4,11.1597,5842.84,0.0933333,407.092,0.11,5
418,4,0,4,11.1543,5814.38
419,4,0,4,11.138,5725.25
424,4,0,4,11.1346,5705.33
613,4,0,4,11.13,5679.16
611,4,0,4,11.125,5646.96
619,4,0,4,11.1046,5544.08
618,4,0,4,11.1031,5535.84
560,4,0,4,11.0851,5444.79
555,4,0,4,11.082,5428.83
559,4,0,4,11.0762,5393.32
1884,4,0,5,11.938,10264.9,0,0,0
1883,4,0,5,11.8865,9961.01
1879,4,0,5,11.8731,9889.61
1877,4,0,5,11.8488,9699.34
1875,4,0,5,11.8264,9548.13
1871,4,0,5,11.814,9469.18
1869,4,0,5,11.7267,9003.24
1867,4,0,5,11.7197,8964.68
1866,4,0,5,11.693,8819.28
1864,4,0,5,11.6837,8769.15
2180,4,0,5,11.6663,8671.4
1860,4,0,5,11.6573,8625.29
243,4,0,5,11.593,8280.14
242,4,0,5,11.5557,8082.67
713,4,0,5,11.5239,7902.94
2191,4,0,5,11.4876,7676.38
2190,4,0,5,11.4762,7605
715,4,0,5,11.4584,7487.07
714,4,0,5,11.4545,7463.07
726,4,0,5,11.4543,7461.19
529,4,0,5,11.4405,7361.69
605,4,0,5,11.4257,7265.08
603,4,0,5,11.4206,7237.1
604,4,0,5,11.4164,7213.96
596,4,0,5,11.4162,7212.99
580,4,0,5,11.4078,7154.72
574,4,0,5,11.3906,7061.47
573,4,0,5,11.3805,7005.57
564,4,0,5,11.3728,6964.42
557,4,0,5,11.3667,6930.43
561,4,0,5,11.3601,6883.91
628,4,0,5,11.3556,6858.26
609,4,0,5,11.3428,6781.61
423,4,0,5,11.3369,6725.29
419,4,0,5,11.3323,6690.84
418,4,0,5,11.317,6605.92
2139,4,0,5,11.3131,6584.5
2138,4,0,5,11.2947,6483.05
411,4,0,5,11.2811,6408.24
1537,4,0,5,11.253,6249.93
