Node, Individual, Route,Segment, Travel time, Travel cost, Attention time, Attention cost, Failure rate, Demand
1858,0,0,0,11.1543,1912.73,0.036,157.021,0.21,1
1859,0,0,0,11.1219,1744.72
1861,0,0,0,11.0992,1621.32
1863,0,0,0,11.0264,1243.23
1865,0,0,0,11.0233,1225.48
1868,0,0,0,10.999,1078.54
1870,0,0,0,10.919,638.671
1874,0,0,0,10.907,574.398
1876,0,0,0,10.8692,366.988
1878,0,0,0,10.8341,168.626
1882,0,0,0,10.8241,111.587
1884,0,0,0,10.81,0
559,0,0,1,11.4086,3504.88,0.043,187.553,0.36,2
554,0,0,1,11.4055,3485
565,0,0,1,11.3979,3442.07
573,0,0,1,11.3926,3415.48
574,0,0,1,11.3836,3363.68
580,0,0,1,11.3652,3265.41
596,0,0,1,11.3591,3205.55
595,0,0,1,11.3536,3175.14
605,0,0,1,11.3524,3167.15
529,0,0,1,11.3352,3067.12
726,0,0,1,11.3193,2965.93
714,0,0,1,11.3191,2964.04
715,0,0,1,11.3158,2940.56
2190,0,0,1,11.3033,2820.61
2191,0,0,1,11.2958,2748.88
713,0,0,1,11.2722,2520.94
242,0,0,1,11.2367,2325.34
243,0,0,1,11.2025,2140.81
1858,0,0,1,11.1903,2069.75
1537,0,0,2,11.5351,4141.95,0.0933333,407.092,0.11,3
418,0,0,2,11.5298,4113.49
419,0,0,2,11.5135,4024.36
424,0,0,2,11.51,4004.44
613,0,0,2,11.5055,3978.27
611,0,0,2,11.5005,3946.07
619,0,0,2,11.48,3843.19
618,0,0,2,11.4785,3834.95
560,0,0,2,11.4605,3743.9
555,0,0,2,11.4575,3727.94
559,0,0,2,11.4516,3692.43
596,0,0,3,11.7917,5512.1,0.0505,220.266,0.03,4
580,0,0,3,11.7833,5453.83
574,0,0,3,11.7661,5360.58
573,0,0,3,11.756,5304.68
564,0,0,3,11.7483,5263.53
557,0,0,3,11.7422,5229.54
561,0,0,3,11.7355,5183.02
628,0,0,3,11.7311,5157.37
609,0,0,3,11.7183,5080.72
423,0,0,3,11.7124,5024.4
419,0,0,3,11.7078,4989.95
418,0,0,3,11.6924,4905.03
2139,0,0,3,11.6886,4883.6
2138,0,0,3,11.6701,4782.16
411,0,0,3,11.6565,4707.35
1537,0,0,3,11.6285,4549.04
725,0,0,4,11.9245,6230.64,0.0406667,177.376,0.13,5
724,0,0,4,11.916,6187.34
717,0,0,4,11.9158,6185.87
716,0,0,4,11.8927,6059.87
722,0,0,4,11.8921,6057.05
726,0,0,4,11.8803,5980.56
529,0,0,4,11.8665,5881.07
605,0,0,4,11.8517,5784.46
603,0,0,4,11.8466,5756.48
604,0,0,4,11.8423,5733.34
596,0,0,4,11.8422,5732.37
1884,0,0,5,12.4444,9106.49,0,0,0
1883,0,0,5,12.3928,8802.41
1879,0,0,5,12.3817,8741.36
1877,0,0,5,12.3511,8547.44
1875,0,0,5,12.3271,8394.62
1871,0,0,5,12.3134,8313.89
1869,0,0,5,12.2285,7857.81
1867,0,0,5,12.2215,7819.26
1866,0,0,5,12.1949,7674.51
1864,0,0,5,12.1876,7633.31
2180,0,0,5,12.1704,7536.05
1860,0,0,5,12.1595,7482.01
243,0,0,5,12.0923,7124.69
242,0,0,5,12.0575,6937.8
713,0,0,5,12.0275,6761.67
718,0,0,5,12.003,6610.66
725,0,0,5,11.9651,6408.02
1858,1,0,0,10.8743,1912.73,0.104667,456.524,0.2,1
1859,1,0,0,10.8419,1744.72
1861,1,0,0,10.8192,1621.32
1863,1,0,0,10.7464,1243.23
1865,1,0,0,10.7433,1225.48
1868,1,0,0,10.719,1078.54
1870,1,0,0,10.639,638.671
1874,1,0,0,10.627,574.398
1876,1,0,0,10.5892,366.988
1878,1,0,0,10.5541,168.626
1882,1,0,0,10.5441,111.587
1884,1,0,0,10.53,0
559,1,0,1,11.1947,3803.44,0.043,187.553,0.36,2
557,1,0,1,11.1929,3790.44
564,1,0,1,11.1849,3748.12
573,1,0,1,11.1801,3716.07
574,1,0,1,11.1719,3665.58
580,1,0,1,11.1531,3565.51
596,1,0,1,11.147,3505.65
595,1,0,1,11.1425,3478.18
605,1,0,1,11.1413,3470.1
529,1,0,1,11.1227,3366.05
726,1,0,1,11.1081,3266.09
714,1,0,1,11.1079,3264.21
715,1,0,1,11.1044,3240.56
2190,1,0,1,11.0918,3120.62
2191,1,0,1,11.0844,3048.89
713,1,0,1,11.0608,2820.95
242,1,0,1,11.0274,2634.63
243,1,0,1,10.9908,2439.69
1858,1,0,1,10.9789,2369.26
1537,1,0,2,11.3212,4440.52,0.0933333,407.092,0.11,3
418,1,0,2,11.3159,4412.06
419,1,0,2,11.2996,4322.93
424,1,0,2,11.2961,4303
613,1,0,2,11.2915,4276.83
611,1,0,2,11.2866,4244.63
619,1,0,2,11.2661,4141.76
618,1,0,2,11.2646,4133.52
560,1,0,2,11.2466,4042.46
555,1,0,2,11.2435,4026.51
559,1,0,2,11.2377,3990.99
596,1,0,3,11.5778,5810.67,0.0505,220.266,0.03,4
580,1,0,3,11.5694,5752.39
574,1,0,3,11.5522,5659.15
573,1,0,3,11.5421,5603.25
564,1,0,3,11.5344,5562.09
557,1,0,3,11.5283,5528.11
561,1,0,3,11.5216,5481.59
628,1,0,3,11.5172,5455.94
609,1,0,3,11.5044,5379.28
423,1,0,3,11.4985,5322.96
419,1,0,3,11.4938,5288.52
418,1,0,3,11.4785,5203.6
2139,1,0,3,11.4746,5182.17
2138,1,0,3,11.4562,5080.73
411,1,0,3,11.4426,5005.91
1537,1,0,3,11.4145,4847.61
725,1,0,4,11.7105,6529.21,0.0406667,177.376,0.13,5
724,1,0,4,11.7021,6485.9
717,1,0,4,11.7019,6484.44
716,1,0,4,11.6787,6358.43
722,1,0,4,11.6782,6355.62
726,1,0,4,11.6663,6279.13
529,1,0,4,11.6526,6179.63
605,1,0,4,11.6378,6083.02
603,1,0,4,11.6327,6055.05
604,1,0,4,11.6284,6031.9
596,1,0,4,11.6283,6030.93
1884,1,0,5,12.2305,9405.06,0,0,0
1883,1,0,5,12.1789,9100.98
1879,1,0,5,12.1678,9039.93
1877,1,0,5,12.1371,8846.01
1875,1,0,5,12.1131,8693.19
1871,1,0,5,12.0995,8612.46
1869,1,0,5,12.0145,8156.38
1867,1,0,5,12.0075,8117.82
1866,1,0,5,11.981,7973.07
1864,1,0,5,11.9737,7931.88
2180,1,0,5,11.9564,7834.62
1860,1,0,5,11.9455,7780.57
243,1,0,5,11.8784,7423.25
242,1,0,5,11.8436,7236.36
713,1,0,5,11.8136,7060.23
718,1,0,5,11.789,6909.23
725,1,0,5,11.7512,6706.58
1858,2,0,0,10.4643,1912.73,0.104667,456.524,0.2,1
1859,2,0,0,10.4319,1744.72
1861,2,0,0,10.4092,1621.32
1863,2,0,0,10.3364,1243.23
1865,2,0,0,10.3333,1225.48
1868,2,0,0,10.309,1078.54
1870,2,0,0,10.229,638.671
1874,2,0,0,10.217,574.398
1876,2,0,0,10.1792,366.988
1878,2,0,0,10.1441,168.626
1882,2,0,0,10.1341,111.587
1884,2,0,0,10.12,0
559,2,0,1,10.7847,3803.44,0.0766667,334.397,0.32,2
557,2,0,1,10.7829,3790.44
564,2,0,1,10.7749,3748.12
573,2,0,1,10.7701,3716.07
574,2,0,1,10.7619,3665.58
580,2,0,1,10.7431,3565.51
596,2,0,1,10.737,3505.65
595,2,0,1,10.7325,3478.18
605,2,0,1,10.7313,3470.1
529,2,0,1,10.7127,3366.05
726,2,0,1,10.6981,3266.09
714,2,0,1,10.6979,3264.21
715,2,0,1,10.6944,3240.56
2190,2,0,1,10.6818,3120.62
2191,2,0,1,10.6744,3048.89
713,2,0,1,10.6508,2820.95
242,2,0,1,10.6174,2634.63
243,2,0,1,10.5808,2439.69
1858,2,0,1,10.5689,2369.26
1537,2,0,2,10.9428,4577.93,0.072,314.042,0.12,3
418,2,0,2,10.9381,4552.38
419,2,0,2,10.922,4464.17
424,2,0,2,10.9186,4444.36
613,2,0,2,10.9143,4418.65
611,2,0,2,10.9093,4386.35
619,2,0,2,10.8914,4294.18
618,2,0,2,10.8889,4281.88
560,2,0,2,10.8711,4191.83
555,2,0,2,10.8676,4174.02
559,2,0,2,10.8614,4137.84
596,2,0,3,11.178,5855.03,0.0505,220.266,0.03,4
580,2,0,3,11.1696,5796.76
574,2,0,3,11.1524,5703.52
573,2,0,3,11.1423,5647.62
564,2,0,3,11.1346,5606.46
557,2,0,3,11.1285,5572.47
561,2,0,3,11.1218,5525.95
628,2,0,3,11.1174,5500.31
609,2,0,3,11.1046,5423.65
423,2,0,3,11.0987,5367.33
419,2,0,3,11.0941,5332.89
418,2,0,3,11.0787,5247.96
2139,2,0,3,11.0749,5226.54
2138,2,0,3,11.0564,5125.1
411,2,0,3,11.0428,5050.28
1537,2,0,3,11.0148,4891.97
725,2,0,4,11.3108,6573.57,0.0406667,177.376,0.13,5
724,2,0,4,11.3023,6530.27
717,2,0,4,11.3021,6528.81
716,2,0,4,11.279,6402.8
722,2,0,4,11.2784,6399.98
726,2,0,4,11.2666,6323.5
529,2,0,4,11.2528,6224
605,2,0,4,11.238,6127.39
603,2,0,4,11.2329,6099.41
604,2,0,4,11.2286,6076.27
596,2,0,4,11.2285,6075.3
1884,2,0,5,11.8307,9449.43,0,0,0
1883,2,0,5,11.7791,9145.34
1879,2,0,5,11.768,9084.29
1877,2,0,5,11.7374,8890.37
1875,2,0,5,11.7134,8737.55
1871,2,0,5,11.6997,8656.83
1869,2,0,5,11.6148,8200.74
1867,2,0,5,11.6078,8162.19
1866,2,0,5,11.5812,8017.44
1864,2,0,5,11.5739,7976.24
2180,2,0,5,11.5567,7878.98
1860,2,0,5,11.5458,7824.94
243,2,0,5,11.4786,7467.62
242,2,0,5,11.4438,7280.73
713,2,0,5,11.4138,7104.6
718,2,0,5,11.3893,6953.59
725,2,0,5,11.3514,6750.95
1858,3,0,0,10.4743,1912.73,0.104667,456.524,0.2,1
1859,3,0,0,10.4419,1744.72
1861,3,0,0,10.4192,1621.32
1863,3,0,0,10.3464,1243.23
1865,3,0,0,10.3433,1225.48
1868,3,0,0,10.319,1078.54
1870,3,0,0,10.239,638.671
1874,3,0,0,10.227,574.398
1876,3,0,0,10.1892,366.988
1878,3,0,0,10.1541,168.626
1882,3,0,0,10.1441,111.587
1884,3,0,0,10.13,0
596,3,0,1,10.747,3505.65,0.116167,506.684,0.02,2
595,3,0,1,10.7425,3478.18
605,3,0,1,10.7413,3470.1
529,3,0,1,10.7227,3366.05
726,3,0,1,10.7081,3266.09
714,3,0,1,10.7079,3264.21
715,3,0,1,10.7044,3240.56
2190,3,0,1,10.6918,3120.62
2191,3,0,1,10.6844,3048.89
713,3,0,1,10.6608,2820.95
242,3,0,1,10.6274,2634.63
243,3,0,1,10.5908,2439.69
1858,3,0,1,10.5789,2369.26
559,3,0,2,10.9109,4310.12,0.0766667,334.397,0.32,3
557,3,0,2,10.9091,4297.13
564,3,0,2,10.901,4254.81
573,3,0,2,10.8963,4222.75
574,3,0,2,10.8881,4172.27
580,3,0,2,10.8693,4072.19
596,3,0,2,10.8631,4012.34
1537,3,0,3,11.0689,5084.62,0.0933333,407.092,0.11,4
418,3,0,3,11.0643,5059.06
419,3,0,3,11.0482,4970.86
424,3,0,3,11.0448,4951.05
613,3,0,3,11.0405,4925.33
611,3,0,3,11.0354,4893.03
619,3,0,3,11.0175,4800.86
618,3,0,3,11.0151,4788.56
560,3,0,3,10.9973,4698.52
555,3,0,3,10.9938,4680.7
559,3,0,3,10.9876,4644.52
725,3,0,4,11.4078,6953.04,0.0406667,177.376,0.13,5
724,3,0,4,11.3993,6909.74
717,3,0,4,11.3991,6908.27
716,3,0,4,11.376,6782.27
722,3,0,4,11.3754,6779.45
726,3,0,4,11.3636,6702.96
529,3,0,4,11.3498,6603.47
605,3,0,4,11.335,6506.86
603,3,0,4,11.3299,6478.88
604,3,0,4,11.3256,6455.74
596,3,0,4,11.3255,6454.77
580,3,0,4,11.3171,6396.49
574,3,0,4,11.2999,6303.25
573,3,0,4,11.2898,6247.35
564,3,0,4,11.2821,6206.19
557,3,0,4,11.276,6172.21
561,3,0,4,11.2693,6125.69
628,3,0,4,11.2649,6100.04
609,3,0,4,11.2521,6023.38
423,3,0,4,11.2462,5967.06
419,3,0,4,11.2416,5932.62
418,3,0,4,11.2262,5847.7
2139,3,0,4,11.2224,5826.27
2138,3,0,4,11.2039,5724.83
411,3,0,4,11.1903,5650.01
1537,3,0,4,11.1623,5491.71
1884,3,0,5,11.9277,9828.89,0,0,0
1883,3,0,5,11.8761,9524.81
1879,3,0,5,11.865,9463.76
1877,3,0,5,11.8344,9269.84
1875,3,0,5,11.8104,9117.02
1871,3,0,5,11.7967,9036.29
1869,3,0,5,11.7118,8580.21
1867,3,0,5,11.7048,8541.66
1866,3,0,5,11.6782,8396.91
1864,3,0,5,11.6709,8355.71
2180,3,0,5,11.6537,8258.45
1860,3,0,5,11.6428,8204.41
243,3,0,5,11.5756,7847.09
242,3,0,5,11.5408,7660.2
713,3,0,5,11.5108,7484.07
718,3,0,5,11.4863,7333.06
725,3,0,5,11.4484,7130.42
1858,4,0,0,10.3543,1912.73,0.104667,456.524,0.2,1
1859,4,0,0,10.3219,1744.72
1861,4,0,0,10.2992,1621.32
1863,4,0,0,10.2264,1243.23
1865,4,0,0,10.2233,1225.48
1868,4,0,0,10.199,1078.54
1870,4,0,0,10.119,638.671
1874,4,0,0,10.107,574.398
1876,4,0,0,10.0692,366.988
1878,4,0,0,10.0341,168.626
1882,4,0,0,10.0241,111.587
1884,4,0,0,10.01,0
725,4,0,1,10.602,3204.02,0.107833,470.336,0.12,2
724,4,0,1,10.5927,3157.19
718,4,0,1,10.5654,2972.06
713,4,0,1,10.5408,2820.95
242,4,0,1,10.5074,2634.63
243,4,0,1,10.4708,2439.69
1858,4,0,1,10.4589,2369.26
596,4,0,2,10.8056,4254.45,0.116167,506.684,0.02,3
595,4,0,2,10.8012,4226.98
605,4,0,2,10.7999,4218.9
529,4,0,2,10.7814,4114.85
726,4,0,2,10.7667,4014.89
722,4,0,2,10.7535,3936.53
716,4,0,2,10.7534,3934.91
717,4,0,2,10.7358,3828.12
724,4,0,2,10.7353,3825.65
728,4,0,2,10.7264,3760.84
725,4,0,2,10.7099,3674.36
559,4,0,3,10.9695,5058.92,0.0766667,334.397,0.32,4
557,4,0,3,10.9677,5045.93
564,4,0,3,10.9596,5003.6
573,4,0,3,10.9549,4971.55
574,4,0,3,10.9467,4921.06
580,4,0,3,10.9279,4820.99
596,4,0,3,10.9218,4761.13
1537,4,0,4,11.1297,5842.84,0.0933333,407.092,0.11,5
418,4,0,4,11.1243,5814.38
419,4,0,4,11.108,5725.25
424,4,0,4,11.1046,5705.33
613,4,0,4,11.1,5679.16
611,4,0,4,11.095,5646.96
619,4,0,4,11.0746,5544.08
618,4,0,4,11.0731,5535.84
560,4,0,4,11.0551,5444.79
555,4,0,4,11.052,5428.83
559,4,0,4,11.0462,5393.32
1884,4,0,5,11.908,10264.9,0,0,0
1883,4,0,5,11.8565,9961.01
1879,4,0,5,11.8431,9889.61
1877,4,0,5,11.8188,9699.34
1875,4,0,5,11.7964,9548.13
1871,4,0,5,11.784,9469.18
1869,4,0,5,11.6967,9003.24
1867,4,0,5,11.6897,8964.68
1866,4,0,5,11.663,8819.28
1864,4,0,5,11.6537,8769.15
2180,4,0,5,11.6363,8671.4
1860,4,0,5,11.6273,8625.29
243,4,0,5,11.563,8280.14
242,4,0,5,11.5257,8082.67
713,4,0,5,11.4939,7902.94
2191,4,0,5,11.4576,7676.38
2190,4,0,5,11.4462,7605
715,4,0,5,11.4284,7487.07
714,4,0,5,11.4245,7463.07
726,4,0,5,11.4243,7461.19
529,4,0,5,11.4105,7361.69
605,4,0,5,11.3957,7265.08
603,4,0,5,11.3906,7237.1
604,4,0,5,11.3864,7213.96
596,4,0,5,11.3862,7212.99
580,4,0,5,11.3778,7154.72
574,4,0,5,11.3606,7061.47
573,4,0,5,11.3505,7005.57
564,4,0,5,11.3428,6964.42
557,4,0,5,11.3367,6930.43
561,4,0,5,11.3301,6883.91
628,4,0,5,11.3256,6858.26
609,4,0,5,11.3128,6781.61
423,4,0,5,11.3069,6725.29
419,4,0,5,11.3023,6690.84
418,4,0,5,11.287,6605.92
2139,4,0,5,11.2831,6584.5
2138,4,0,5,11.2647,6483.05
411,4,0,5,11.2511,6408.24
1537,4,0,5,11.223,6249.93
