Node, Individual, Route,Segment, Travel time, Travel cost, Attention time, Attention cost, Failure rate, Demand
220,0,0,0,13.0602,511.167,0.072,314.042,0.12,1
2130,0,0,0,13.0424,417.757
215,0,0,0,13.0369,383.417
205,0,0,0,13.0089,223.068
196,0,0,0,12.995,137.521
195,0,0,0,12.9919,117.624
64,0,0,0,12.97,0
710,0,0,1,13.199,1171.13,0.0466667,203.546,0.45,2
223,0,0,1,13.1799,1071.11
224,0,0,1,13.1566,958.91
222,0,0,1,13.1409,874.132
220,0,0,1,13.1322,825.209
455,0,0,2,13.3063,1763.6,0.0423333,184.645,0.11,3
454,0,0,2,13.3031,1746.22
457,0,0,2,13.2965,1692.15
456,0,0,2,13.2916,1663.11
458,0,0,2,13.2823,1602.2
459,0,0,2,13.2757,1556.85
1543,0,0,2,13.2671,1495.04
710,0,0,2,13.2456,1374.67
1108,0,0,3,13.6122,3410.34,0.0723333,315.496,0.16,4
1109,0,0,3,13.6082,3388.96
1113,0,0,3,13.6018,3356.71
1847,0,0,3,13.59,3296.07
1086,0,0,3,13.5863,3275.89
1087,0,0,3,13.5729,3207.33
1090,0,0,3,13.5643,3162.57
1076,0,0,3,13.5462,3069.24
1074,0,0,3,13.5422,3048.58
1077,0,0,3,13.5288,2981.61
1080,0,0,3,13.5139,2908.26
1079,0,0,3,13.5067,2871.78
1061,0,0,3,13.5025,2850.49
1063,0,0,3,13.4993,2833.65
1062,0,0,3,13.4983,2826.61
2159,0,0,3,13.4981,2825.63
1045,0,0,3,13.4974,2822.48
1012,0,0,3,13.4902,2781.49
2028,0,0,3,13.4821,2736.03
989,0,0,3,13.4787,2720.29
990,0,0,3,13.4686,2670.03
991,0,0,3,13.466,2657.68
706,0,0,3,13.459,2618.21
704,0,0,3,13.4564,2605.44
2179,0,0,3,13.4562,2604.58
662,0,0,3,13.45,2574.93
602,0,0,3,13.4387,2506.79
599,0,0,3,13.4342,2482.09
605,0,0,3,13.4291,2453.97
529,0,0,3,13.4125,2355.08
726,0,0,3,13.3964,2253.54
714,0,0,3,13.3962,2251.66
1543,0,0,3,13.3904,2219.22
459,0,0,3,13.3803,2156.04
458,0,0,3,13.3736,2110.63
456,0,0,3,13.365,2050.23
457,0,0,3,13.359,2017.18
454,0,0,3,13.3513,1963.2
455,0,0,3,13.3486,1948.24
1304,0,0,4,13.8132,4404.31,0.0735,320.585,0.21,5
952,0,0,4,13.7891,4272.99
953,0,0,4,13.7769,4211.94
2023,0,0,4,13.7761,4207.84
2108,0,0,4,13.7619,4132.18
1794,0,0,4,13.7556,4099.83
2106,0,0,4,13.7417,4026.08
2039,0,0,4,13.7231,3928.56
1106,0,0,4,13.7129,3874.16
2035,0,0,4,13.7009,3809.57
1108,0,0,4,13.6846,3725.83
1302,0,0,5,13.9338,4963.89,0.035,152.659,0.22,6
1303,0,0,5,13.9134,4860.2
1305,0,0,5,13.8982,4784.18
1304,0,0,5,13.8867,4724.9
895,0,0,6,14.1177,5894.32,0.081,353.298,0.02,7
896,0,0,6,14.114,5876.08
892,0,0,6,14.1103,5857.33
906,0,0,6,14.0977,5788.47
1555,0,0,6,14.0695,5633.87
2157,0,0,6,14.0585,5580.12
2019,0,0,6,14.0317,5453.86
929,0,0,6,14.0313,5451.88
938,0,0,6,14.0193,5386.03
950,0,0,6,14.0058,5315.47
951,0,0,6,13.9988,5279.75
949,0,0,6,13.9878,5223.27
1302,0,0,6,13.9688,5116.55
978,0,0,7,14.3647,7086.98,0.0373333,162.837,0.05,8
1010,0,0,7,14.3499,7010.21
1011,0,0,7,14.3356,6937.58
1009,0,0,7,14.33,6908.14
1038,0,0,7,14.3218,6867.54
1039,0,0,7,14.3213,6864.87
1037,0,0,7,14.3114,6816.31
1034,0,0,7,14.3032,6772.47
2032,0,0,7,14.2877,6694.87
1050,0,0,7,14.2614,6561.09
1049,0,0,7,14.2613,6561
1025,0,0,7,14.254,6523.3
1029,0,0,7,14.2409,6457.51
1027,0,0,7,14.2281,6394.14
898,0,0,7,14.2177,6341.65
895,0,0,7,14.1987,6247.62
636,0,0,8,14.4817,7640.24,0.0391667,170.833,0.15,9
631,0,0,8,14.475,7607.45
630,0,0,8,14.4692,7578.93
637,0,0,8,14.4587,7526.85
1996,0,0,8,14.4462,7463.56
1997,0,0,8,14.4423,7443.66
2027,0,0,8,14.4151,7313.44
2026,0,0,8,14.4093,7284.96
978,0,0,8,14.402,7249.82
603,0,0,9,14.6052,8246.8,0.0658333,287.145,0.35,10
604,0,0,9,14.6004,8221.39
596,0,0,9,14.6002,8220.42
580,0,0,9,14.586,8144.21
583,0,0,9,14.5797,8114.4
587,0,0,9,14.5775,8099.97
578,0,0,9,14.5744,8083.16
575,0,0,9,14.5689,8052.05
571,0,0,9,14.566,8035.93
570,0,0,9,14.5612,8012.65
1994,0,0,9,14.5484,7948.3
562,0,0,9,14.5351,7883.24
639,0,0,9,14.5316,7865.8
638,0,0,9,14.5249,7831.77
636,0,0,9,14.5209,7811.07
64,0,0,10,14.8329,9558.76,0,0,0
195,0,0,10,14.8114,9442.51
196,0,0,10,14.8086,9422.93
205,0,0,10,14.7944,9336.85
215,0,0,10,14.77,9181.87
225,0,0,10,14.7451,8978.04
715,0,0,10,14.7101,8787.49
714,0,0,10,14.7064,8763.65
726,0,0,10,14.7062,8761.79
529,0,0,10,14.6922,8662.18
605,0,0,10,14.6768,8564.93
603,0,0,10,14.671,8533.95
220,1,0,0,12.8902,511.167,0.0923333,402.73,0.08,1
2130,1,0,0,12.8724,417.757
215,1,0,0,12.8669,383.417
205,1,0,0,12.8389,223.068
196,1,0,0,12.825,137.521
195,1,0,0,12.8219,117.624
64,1,0,0,12.8,0
710,1,0,1,13.047,1250.5,0.0466667,203.546,0.45,2
223,1,0,1,13.0304,1161.15
224,1,0,1,13.0085,1054.49
222,1,0,1,12.9926,968.676
220,1,0,1,12.9826,913.897
455,1,0,2,13.1544,1842.97,0.0423333,184.645,0.11,3
454,1,0,2,13.1511,1825.59
457,1,0,2,13.1446,1771.53
456,1,0,2,13.1396,1742.49
458,1,0,2,13.1304,1681.58
459,1,0,2,13.1238,1636.23
1543,1,0,2,13.1152,1574.42
710,1,0,2,13.0937,1454.05
1108,1,0,3,13.4603,3489.72,0.0723333,315.496,0.16,4
1109,1,0,3,13.4562,3468.33
1113,1,0,3,13.4498,3436.08
1847,1,0,3,13.4381,3375.45
1086,1,0,3,13.4344,3355.26
1087,1,0,3,13.421,3286.71
1090,1,0,3,13.4124,3241.94
1076,1,0,3,13.3943,3148.62
1074,1,0,3,13.3903,3127.95
1077,1,0,3,13.3768,3060.98
1080,1,0,3,13.3619,2987.63
1079,1,0,3,13.3548,2951.15
1061,1,0,3,13.3505,2929.87
1063,1,0,3,13.3473,2913.03
1062,1,0,3,13.3463,2905.99
2159,1,0,3,13.3461,2905
1045,1,0,3,13.3454,2901.85
1012,1,0,3,13.3382,2860.87
2028,1,0,3,13.3301,2815.4
989,1,0,3,13.3267,2799.67
990,1,0,3,13.3167,2749.41
991,1,0,3,13.3141,2737.05
706,1,0,3,13.3071,2697.59
704,1,0,3,13.3044,2684.82
2179,1,0,3,13.3042,2683.96
662,1,0,3,13.298,2654.31
602,1,0,3,13.2868,2586.17
599,1,0,3,13.2823,2561.47
605,1,0,3,13.2771,2533.35
529,1,0,3,13.2606,2434.45
726,1,0,3,13.2444,2332.92
714,1,0,3,13.2442,2331.04
1543,1,0,3,13.2385,2298.6
459,1,0,3,13.2283,2235.42
458,1,0,3,13.2216,2190.01
456,1,0,3,13.213,2129.61
457,1,0,3,13.207,2096.56
454,1,0,3,13.1994,2042.58
455,1,0,3,13.1967,2027.62
1304,1,0,4,13.6612,4483.69,0.0735,320.585,0.21,5
952,1,0,4,13.6372,4352.37
953,1,0,4,13.6249,4291.32
2023,1,0,4,13.6241,4287.22
2108,1,0,4,13.6099,4211.55
1794,1,0,4,13.6036,4179.21
2106,1,0,4,13.5897,4105.45
2039,1,0,4,13.5712,4007.94
1106,1,0,4,13.5609,3953.53
2035,1,0,4,13.5489,3888.95
1108,1,0,4,13.5326,3805.21
1302,1,0,5,13.7818,5043.27,0.035,152.659,0.22,6
1303,1,0,5,13.7615,4939.58
1305,1,0,5,13.7462,4863.56
1304,1,0,5,13.7347,4804.28
895,1,0,6,13.9658,5973.7,0.0823333,359.113,0.02,7
896,1,0,6,13.9621,5955.46
892,1,0,6,13.9583,5936.71
906,1,0,6,13.9457,5867.85
1555,1,0,6,13.9175,5713.25
2157,1,0,6,13.9066,5659.5
2019,1,0,6,13.8797,5533.24
929,1,0,6,13.8793,5531.26
938,1,0,6,13.8673,5465.41
950,1,0,6,13.8538,5394.84
951,1,0,6,13.8468,5359.13
949,1,0,6,13.8359,5302.65
1302,1,0,6,13.8168,5195.93
978,1,0,7,14.2141,7172.17,0.0373333,162.837,0.05,8
1010,1,0,7,14.1992,7095.41
1011,1,0,7,14.185,7022.77
1009,1,0,7,14.1794,6993.33
1038,1,0,7,14.1712,6952.74
1039,1,0,7,14.1706,6950.06
1037,1,0,7,14.1608,6901.5
1034,1,0,7,14.1526,6857.66
2032,1,0,7,14.1371,6780.07
1050,1,0,7,14.1107,6646.28
1049,1,0,7,14.1107,6646.19
1025,1,0,7,14.1033,6608.49
1029,1,0,7,14.0903,6542.71
1027,1,0,7,14.0775,6479.33
898,1,0,7,14.0671,6426.85
895,1,0,7,14.0481,6332.81
636,1,0,8,14.3311,7725.43,0.0391667,170.833,0.15,9
631,1,0,8,14.3244,7692.64
630,1,0,8,14.3186,7664.12
637,1,0,8,14.308,7612.04
1996,1,0,8,14.2956,7548.76
1997,1,0,8,14.2917,7528.85
2027,1,0,8,14.2645,7398.64
2026,1,0,8,14.2587,7370.15
978,1,0,8,14.2514,7335.01
603,1,0,9,14.4545,8331.99,0.0658333,287.145,0.35,10
604,1,0,9,14.4497,8306.58
596,1,0,9,14.4496,8305.61
580,1,0,9,14.4353,8229.41
583,1,0,9,14.4291,8199.59
587,1,0,9,14.4269,8185.16
578,1,0,9,14.4238,8168.35
575,1,0,9,14.4183,8137.24
571,1,0,9,14.4154,8121.12
570,1,0,9,14.4106,8097.85
1994,1,0,9,14.3978,8033.49
562,1,0,9,14.3844,7968.44
639,1,0,9,14.381,7950.99
638,1,0,9,14.3743,7916.96
636,1,0,9,14.3703,7896.26
64,1,0,10,14.6823,9643.96,0,0,0
195,1,0,10,14.6607,9527.7
196,1,0,10,14.658,9508.12
205,1,0,10,14.6438,9422.04
215,1,0,10,14.6193,9267.06
225,1,0,10,14.5945,9063.23
715,1,0,10,14.5595,8872.69
714,1,0,10,14.5558,8848.84
726,1,0,10,14.5556,8846.99
529,1,0,10,14.5415,8747.38
605,1,0,10,14.5262,8650.12
603,1,0,10,14.5204,8619.14
220,2,0,0,12.8002,511.167,0.0923333,402.73,0.08,1
2130,2,0,0,12.7824,417.757
215,2,0,0,12.7769,383.417
205,2,0,0,12.7489,223.068
196,2,0,0,12.735,137.521
195,2,0,0,12.7319,117.624
64,2,0,0,12.71,0
710,2,0,1,12.957,1250.5,0.0983333,428.9,0.42,2
223,2,0,1,12.9404,1161.15
224,2,0,1,12.9185,1054.49
222,2,0,1,12.9026,968.676
220,2,0,1,12.8926,913.897
455,2,0,2,13.116,2068.33,0.0423333,184.645,0.11,3
454,2,0,2,13.1128,2050.95
457,2,0,2,13.1062,1996.88
456,2,0,2,13.1013,1967.85
458,2,0,2,13.0921,1906.93
459,2,0,2,13.0854,1861.58
1543,2,0,2,13.0769,1799.77
710,2,0,2,13.0554,1679.4
1108,2,0,3,13.422,3715.07,0.0723333,315.496,0.16,4
1109,2,0,3,13.4179,3693.69
1113,2,0,3,13.4115,3661.44
1847,2,0,3,13.3997,3600.81
1086,2,0,3,13.3961,3580.62
1087,2,0,3,13.3826,3512.06
1090,2,0,3,13.374,3467.3
1076,2,0,3,13.356,3373.97
1074,2,0,3,13.3519,3353.31
1077,2,0,3,13.3385,3286.34
1080,2,0,3,13.3236,3212.99
1079,2,0,3,13.3165,3176.51
1061,2,0,3,13.3122,3155.22
1063,2,0,3,13.309,3138.38
1062,2,0,3,13.308,3131.34
2159,2,0,3,13.3078,3130.36
1045,2,0,3,13.3071,3127.21
1012,2,0,3,13.2999,3086.22
2028,2,0,3,13.2918,3040.76
989,2,0,3,13.2884,3025.02
990,2,0,3,13.2783,2974.76
991,2,0,3,13.2757,2962.41
706,2,0,3,13.2687,2922.94
704,2,0,3,13.2661,2910.17
2179,2,0,3,13.2659,2909.31
662,2,0,3,13.2597,2879.66
602,2,0,3,13.2485,2811.52
599,2,0,3,13.244,2786.83
605,2,0,3,13.2388,2758.7
529,2,0,3,13.2222,2659.81
726,2,0,3,13.2061,2558.27
714,2,0,3,13.2059,2556.39
1543,2,0,3,13.2001,2523.95
459,2,0,3,13.19,2460.77
458,2,0,3,13.1833,2415.36
456,2,0,3,13.1747,2354.96
457,2,0,3,13.1687,2321.91
454,2,0,3,13.161,2267.93
455,2,0,3,13.1584,2252.97
1304,2,0,4,13.6229,4709.04,0.0735,320.585,0.21,5
952,2,0,4,13.5989,4577.72
953,2,0,4,13.5866,4516.67
2023,2,0,4,13.5858,4512.57
2108,2,0,4,13.5716,4436.91
1794,2,0,4,13.5653,4404.56
2106,2,0,4,13.5514,4330.81
2039,2,0,4,13.5328,4233.29
1106,2,0,4,13.5226,4178.89
2035,2,0,4,13.5106,4114.3
1108,2,0,4,13.4943,4030.57
1302,2,0,5,13.7435,5268.62,0.035,152.659,0.22,6
1303,2,0,5,13.7231,5164.93
1305,2,0,5,13.7079,5088.91
1304,2,0,5,13.6964,5029.63
895,2,0,6,13.9274,6199.05,0.0823333,359.113,0.02,7
896,2,0,6,13.9237,6180.81
892,2,0,6,13.92,6162.06
906,2,0,6,13.9074,6093.2
1555,2,0,6,13.8792,5938.6
2157,2,0,6,13.8682,5884.85
2019,2,0,6,13.8414,5758.59
929,2,0,6,13.841,5756.61
938,2,0,6,13.829,5690.76
950,2,0,6,13.8155,5620.2
951,2,0,6,13.8085,5584.48
949,2,0,6,13.7975,5528
1302,2,0,6,13.7785,5421.28
978,2,0,7,14.1757,7397.53,0.0373333,162.837,0.05,8
1010,2,0,7,14.1609,7320.76
1011,2,0,7,14.1467,7248.12
1009,2,0,7,14.1411,7218.69
1038,2,0,7,14.1329,7178.09
1039,2,0,7,14.1323,7175.42
1037,2,0,7,14.1225,7126.85
1034,2,0,7,14.1142,7083.01
2032,2,0,7,14.0988,7005.42
1050,2,0,7,14.0724,6871.64
1049,2,0,7,14.0724,6871.55
1025,2,0,7,14.065,6833.85
1029,2,0,7,14.052,6768.06
1027,2,0,7,14.0391,6704.68
898,2,0,7,14.0287,6652.2
895,2,0,7,14.0098,6558.17
636,2,0,8,14.2928,7950.79,0.0391667,170.833,0.15,9
631,2,0,8,14.2861,7917.99
630,2,0,8,14.2803,7889.48
637,2,0,8,14.2697,7837.4
1996,2,0,8,14.2573,7774.11
1997,2,0,8,14.2534,7754.21
2027,2,0,8,14.2262,7623.99
2026,2,0,8,14.2204,7595.51
978,2,0,8,14.2131,7560.36
603,2,0,9,14.4162,8557.35,0.0658333,287.145,0.35,10
604,2,0,9,14.4114,8531.94
596,2,0,9,14.4113,8530.97
580,2,0,9,14.397,8454.76
583,2,0,9,14.3908,8424.95
587,2,0,9,14.3886,8410.52
578,2,0,9,14.3855,8393.7
575,2,0,9,14.38,8362.6
571,2,0,9,14.3771,8346.47
570,2,0,9,14.3722,8323.2
1994,2,0,9,14.3595,8258.84
562,2,0,9,14.3461,8193.79
639,2,0,9,14.3426,8176.35
638,2,0,9,14.3359,8142.32
636,2,0,9,14.3319,8121.62
64,2,0,10,14.644,9869.31,0,0,0
195,2,0,10,14.6224,9753.06
196,2,0,10,14.6197,9733.48
205,2,0,10,14.6054,9647.4
215,2,0,10,14.581,9492.42
225,2,0,10,14.5561,9288.58
715,2,0,10,14.5212,9098.04
714,2,0,10,14.5174,9074.2
726,2,0,10,14.5173,9072.34
529,2,0,10,14.5032,8972.73
605,2,0,10,14.4878,8875.47
603,2,0,10,14.482,8844.49
710,3,0,0,11.913,739.387,0.0443333,193.369,0.36,1
223,3,0,0,11.8955,646.157
1680,3,0,0,11.886,581.03
225,3,0,0,11.8832,562.11
215,3,0,0,11.8575,358.782
205,3,0,0,11.8336,204.484
196,3,0,0,11.8205,119.897
195,3,0,0,11.8179,100.335
64,3,0,0,11.8,0
603,3,0,1,12.0262,1343.94,0.0631667,275.514,0.35,2
604,3,0,1,12.0219,1320.8
596,3,0,1,12.0218,1319.83
595,3,0,1,12.0163,1289.42
605,3,0,1,12.0152,1281.43
529,3,0,1,11.9979,1181.4
726,3,0,1,11.982,1080.21
714,3,0,1,11.9819,1078.32
1543,3,0,1,11.977,1047.8
710,3,0,1,11.9573,932.755
1108,3,0,2,12.2778,2602.02,0.0588333,256.613,0.13,3
1109,3,0,2,12.2737,2580.49
1113,3,0,2,12.2664,2544.55
1847,3,0,2,12.2534,2478.7
1086,3,0,2,12.2497,2458.47
1087,3,0,2,12.236,2388.68
1090,3,0,2,12.2268,2341.42
1076,3,0,2,12.2037,2227.24
1074,3,0,2,12.1998,2206.85
1077,3,0,2,12.1894,2152.79
1080,3,0,2,12.1762,2086.35
1079,3,0,2,12.1685,2047.66
1061,3,0,2,12.1643,2026.38
1063,3,0,2,12.1608,2008.57
1062,3,0,2,12.1598,2001.5
2159,3,0,2,12.1596,2000.59
1045,3,0,2,12.1589,1997.44
1012,3,0,2,12.1517,1956.46
1014,3,0,2,12.1513,1954.26
989,3,0,2,12.1408,1898.4
990,3,0,2,12.1307,1848.13
704,3,0,2,12.1194,1790.4
2179,3,0,2,12.1192,1789.53
662,3,0,2,12.113,1759.89
602,3,0,2,12.1021,1692.19
604,3,0,2,12.0996,1675.51
596,3,0,2,12.0995,1674.54
595,3,0,2,12.0935,1641.8
603,3,0,2,12.0893,1619.46
1304,3,0,3,12.4695,3553.28,0.0815,355.478,0.17,4
2163,3,0,3,12.4485,3443.54
2051,3,0,3,12.4149,3265.45
2050,3,0,3,12.4037,3206.44
2106,3,0,3,12.3968,3171.71
2039,3,0,3,12.3791,3077.74
1106,3,0,3,12.3692,3024.79
2035,3,0,3,12.3567,2957.97
1108,3,0,3,12.3366,2858.64
1302,3,0,4,12.597,4142.76,0.106833,465.975,0.24,5
1303,3,0,4,12.5766,4039.23
1305,3,0,4,12.5631,3970.31
1304,3,0,4,12.551,3908.76
895,3,0,5,12.8696,5457.47,0.0435,189.734,0.02,6
896,3,0,5,12.8659,5439.23
892,3,0,5,12.8624,5421.45
906,3,0,5,12.8441,5328.65
1555,3,0,5,12.8187,5185.9
2157,3,0,5,12.806,5125.26
2019,3,0,5,12.777,4990.09
929,3,0,5,12.7766,4988.1
938,3,0,5,12.7645,4921.97
950,3,0,5,12.7486,4840.95
951,3,0,5,12.7421,4807.69
949,3,0,5,12.7305,4748.41
1302,3,0,5,12.7038,4608.74
978,3,0,6,13.0811,6496.16,0.0648333,282.783,0.06,7
1010,3,0,6,13.0654,6416.01
1011,3,0,6,13.052,6346.6
1009,3,0,6,13.0468,6318.98
1041,3,0,6,13.0466,6318.29
1039,3,0,6,13.0389,6277.81
1037,3,0,6,13.0293,6230.33
1034,3,0,6,13.0206,6184.64
2032,3,0,6,13.0052,6107.05
1050,3,0,6,12.9739,5952.95
1049,3,0,6,12.9739,5952.86
1025,3,0,6,12.9651,5909.2
1029,3,0,6,12.9518,5842.37
1027,3,0,6,12.94,5783.41
898,3,0,6,12.9317,5739.88
895,3,0,6,12.9131,5647.21
636,3,0,7,13.2232,7160.37,0.0665,290.053,0.15,8
633,3,0,7,13.2175,7130.84
639,3,0,7,13.214,7112.7
1993,3,0,7,13.2025,7054.41
1995,3,0,7,13.1956,7020.05
1996,3,0,7,13.1895,6990.1
1997,3,0,7,13.1856,6970.2
2027,3,0,7,13.1607,6849.43
2026,3,0,7,13.1549,6820.94
978,3,0,7,13.1459,6778.94
455,3,0,8,13.4523,8319.53,0.0423333,184.645,0.11,9
453,3,0,8,13.4437,8254.07
452,3,0,8,13.4314,8166.75
1678,3,0,8,13.4157,8082.36
474,3,0,8,13.3957,7982.85
2140,3,0,8,13.3875,7945.01
475,3,0,8,13.3808,7913.74
499,3,0,8,13.3731,7874.15
500,3,0,8,13.3685,7850.75
518,3,0,8,13.3629,7822.56
1754,3,0,8,13.3497,7760.7
540,3,0,8,13.3412,7716.8
541,3,0,8,13.3304,7661.65
572,3,0,8,13.3217,7615.9
1994,3,0,8,13.312,7565.62
562,3,0,8,13.3025,7516.57
639,3,0,8,13.299,7499.13
638,3,0,8,13.2938,7471.34
636,3,0,8,13.2897,7450.42
220,3,0,9,13.5861,9042.6,0.072,314.042,0.12,10
222,3,0,9,13.5781,8994.87
229,3,0,9,13.5527,8856.22
450,3,0,9,13.5423,8799.33
459,3,0,9,13.5263,8711.97
458,3,0,9,13.5196,8666.56
456,3,0,9,13.511,8606.16
457,3,0,9,13.505,8573.11
454,3,0,9,13.4973,8519.13
455,3,0,9,13.4947,8504.17
64,3,0,10,13.7537,9893.44,0,0,0
195,3,0,10,13.7294,9765.78
196,3,0,10,13.7267,9746.18
205,3,0,10,13.7117,9659.06
215,3,0,10,13.6802,9484.75
2130,3,0,10,13.6761,9451.1
220,3,0,10,13.6581,9356.64
220,4,0,0,11.7972,472.978,0.0955,416.542,0.04,1
2130,4,0,0,11.7824,392.48
215,4,0,0,11.7775,358.782
205,4,0,0,11.7536,204.484
196,4,0,0,11.7405,119.897
195,4,0,0,11.7379,100.335
64,4,0,0,11.72,0
710,4,0,1,11.9504,1198.14,0.0443333,193.369,0.36,2
223,4,0,1,11.9329,1104.91
224,4,0,1,11.9188,1031.05
222,4,0,1,11.903,945.57
220,4,0,1,11.8927,889.52
603,4,0,2,12.0636,1802.69,0.0631667,275.514,0.35,3
604,4,0,2,12.0593,1779.55
596,4,0,2,12.0592,1778.58
595,4,0,2,12.0537,1748.17
605,4,0,2,12.0526,1740.18
529,4,0,2,12.0353,1640.15
726,4,0,2,12.0195,1538.96
714,4,0,2,12.0193,1537.07
1543,4,0,2,12.0144,1506.55
710,4,0,2,11.9947,1391.51
1108,4,0,3,12.3152,3060.77,0.0588333,256.613,0.13,4
1109,4,0,3,12.3111,3039.24
1113,4,0,3,12.3038,3003.3
1847,4,0,3,12.2908,2937.45
1086,4,0,3,12.2871,2917.22
1087,4,0,3,12.2734,2847.43
1090,4,0,3,12.2642,2800.18
1076,4,0,3,12.2411,2685.99
1074,4,0,3,12.2372,2665.6
1077,4,0,3,12.2268,2611.54
1080,4,0,3,12.2136,2545.1
1079,4,0,3,12.2059,2506.41
1061,4,0,3,12.2017,2485.13
1063,4,0,3,12.1982,2467.32
1062,4,0,3,12.1972,2460.25
2159,4,0,3,12.197,2459.35
1045,4,0,3,12.1963,2456.2
1012,4,0,3,12.1891,2415.21
1014,4,0,3,12.1887,2413.01
989,4,0,3,12.1782,2357.15
990,4,0,3,12.1681,2306.89
704,4,0,3,12.1568,2249.15
2179,4,0,3,12.1566,2248.28
662,4,0,3,12.1504,2218.64
602,4,0,3,12.1395,2150.94
604,4,0,3,12.137,2134.26
596,4,0,3,12.1369,2133.29
595,4,0,3,12.1309,2100.55
603,4,0,3,12.1267,2078.21
1304,4,0,4,12.5069,4012.03,0.0815,355.478,0.17,5
2163,4,0,4,12.4859,3902.29
2051,4,0,4,12.4523,3724.2
2050,4,0,4,12.4412,3665.19
2106,4,0,4,12.4342,3630.46
2039,4,0,4,12.4165,3536.49
1106,4,0,4,12.4066,3483.54
2035,4,0,4,12.3941,3416.72
1108,4,0,4,12.374,3317.39
1302,4,0,5,12.6344,4601.51,0.106833,465.975,0.24,6
1303,4,0,5,12.614,4497.98
1305,4,0,5,12.6005,4429.06
1304,4,0,5,12.5884,4367.51
895,4,0,6,12.907,5916.22,0.0435,189.734,0.02,7
896,4,0,6,12.9033,5897.98
892,4,0,6,12.8998,5880.2
906,4,0,6,12.8816,5787.4
1555,4,0,6,12.8561,5644.65
2157,4,0,6,12.8435,5584.01
2019,4,0,6,12.8144,5448.84
929,4,0,6,12.814,5446.85
938,4,0,6,12.8019,5380.72
950,4,0,6,12.786,5299.7
951,4,0,6,12.7795,5266.44
949,4,0,6,12.7679,5207.16
1302,4,0,6,12.7412,5067.49
978,4,0,7,13.1185,6954.91,0.0648333,282.783,0.06,8
1010,4,0,7,13.1028,6874.76
1011,4,0,7,13.0894,6805.35
1009,4,0,7,13.0842,6777.73
1041,4,0,7,13.0841,6777.04
1039,4,0,7,13.0763,6736.56
1037,4,0,7,13.0667,6689.08
1034,4,0,7,13.058,6643.39
2032,4,0,7,13.0426,6565.8
1050,4,0,7,13.0113,6411.7
1049,4,0,7,13.0113,6411.61
1025,4,0,7,13.0025,6367.95
1029,4,0,7,12.9892,6301.12
1027,4,0,7,12.9774,6242.16
898,4,0,7,12.9692,6198.63
895,4,0,7,12.9505,6105.96
636,4,0,8,13.2606,7619.12,0.0665,290.053,0.15,9
633,4,0,8,13.2549,7589.59
639,4,0,8,13.2515,7571.45
1993,4,0,8,13.2399,7513.16
1995,4,0,8,13.233,7478.8
1996,4,0,8,13.2269,7448.85
1997,4,0,8,13.223,7428.95
2027,4,0,8,13.1981,7308.18
2026,4,0,8,13.1923,7279.69
978,4,0,8,13.1833,7237.69
455,4,0,9,13.4897,8778.28,0.0423333,184.645,0.11,10
453,4,0,9,13.4811,8712.82
452,4,0,9,13.4688,8625.5
1678,4,0,9,13.4531,8541.11
474,4,0,9,13.4331,8441.6
2140,4,0,9,13.4249,8403.76
475,4,0,9,13.4182,8372.49
499,4,0,9,13.4105,8332.9
500,4,0,9,13.4059,8309.5
518,4,0,9,13.4003,8281.31
1754,4,0,9,13.3871,8219.45
540,4,0,9,13.3786,8175.55
541,4,0,9,13.3678,8120.4
572,4,0,9,13.3591,8074.65
1994,4,0,9,13.3494,8024.37
562,4,0,9,13.3399,7975.32
639,4,0,9,13.3364,7957.88
638,4,0,9,13.3312,7930.09
636,4,0,9,13.3271,7909.17
64,4,0,10,13.7105,9954.86,0,0,0
63,4,0,10,13.705,9924.51
199,4,0,10,13.6666,9728.31
202,4,0,10,13.6451,9612.27
208,4,0,10,13.6333,9540.49
170,4,0,10,13.6097,9416.25
176,4,0,10,13.6096,9415.93
183,4,0,10,13.5923,9319.66
192,4,0,10,13.5877,9288.55
458,4,0,10,13.557,9125.31
456,4,0,10,13.5484,9064.91
457,4,0,10,13.5424,9031.86
454,4,0,10,13.5347,8977.88
455,4,0,10,13.5321,8962.92
220,5,0,0,11.6672,472.978,0.0955,416.542,0.04,1
2130,5,0,0,11.6524,392.48
215,5,0,0,11.6475,358.782
205,5,0,0,11.6236,204.484
196,5,0,0,11.6105,119.897
195,5,0,0,11.6079,100.335
64,5,0,0,11.59,0
710,5,0,1,11.8204,1198.14,0.0443333,193.369,0.36,2
223,5,0,1,11.8029,1104.91
224,5,0,1,11.7888,1031.05
222,5,0,1,11.773,945.57
220,5,0,1,11.7627,889.52
455,5,0,2,11.9238,1774.06,0.0408333,178.103,0.03,3
454,5,0,2,11.921,1758.44
457,5,0,2,11.9143,1704.48
456,5,0,2,11.9091,1675.03
458,5,0,2,11.8996,1613.89
459,5,0,2,11.8937,1568.78
1543,5,0,2,11.8844,1506.55
710,5,0,2,11.8647,1391.51
603,5,0,3,12.055,2516.24,0.0631667,275.514,0.35,4
604,5,0,3,12.0508,2493.1
596,5,0,3,12.0506,2492.13
595,5,0,3,12.0452,2461.72
605,5,0,3,12.044,2453.73
529,5,0,3,12.0268,2353.71
726,5,0,3,12.0109,2252.51
714,5,0,3,12.0107,2250.62
1543,5,0,3,12.0059,2220.1
459,5,0,3,11.9956,2156.7
458,5,0,3,11.9891,2111.44
456,5,0,3,11.98,2050.65
457,5,0,3,11.9746,2020.43
454,5,0,3,11.967,1966.47
455,5,0,3,11.9646,1952.16
1108,5,0,4,12.3066,3774.32,0.0588333,256.613,0.13,5
1109,5,0,4,12.3026,3752.79
1113,5,0,4,12.2953,3716.85
1847,5,0,4,12.2823,3651
1086,5,0,4,12.2786,3630.77
1087,5,0,4,12.2649,3560.98
1090,5,0,4,12.2557,3513.73
1076,5,0,4,12.2326,3399.54
1074,5,0,4,12.2286,3379.15
1077,5,0,4,12.2183,3325.1
1080,5,0,4,12.205,3258.65
1079,5,0,4,12.1974,3219.96
1061,5,0,4,12.1931,3198.68
1063,5,0,4,12.1897,3180.87
1062,5,0,4,12.1886,3173.8
2159,5,0,4,12.1885,3172.9
1045,5,0,4,12.1878,3169.75
1012,5,0,4,12.1805,3128.76
1014,5,0,4,12.1801,3126.56
989,5,0,4,12.1696,3070.7
990,5,0,4,12.1596,3020.44
704,5,0,4,12.1483,2962.7
2179,5,0,4,12.1481,2961.83
662,5,0,4,12.1419,2932.19
602,5,0,4,12.1309,2864.49
604,5,0,4,12.1285,2847.81
596,5,0,4,12.1284,2846.84
595,5,0,4,12.1224,2814.1
603,5,0,4,12.1182,2791.76
1304,5,0,5,12.4984,4725.58,0.0815,355.478,0.17,6
2163,5,0,5,12.4774,4615.84
2051,5,0,5,12.4438,4437.75
2050,5,0,5,12.4326,4378.74
2106,5,0,5,12.4257,4344.01
2039,5,0,5,12.408,4250.04
1106,5,0,5,12.3981,4197.09
2035,5,0,5,12.3855,4130.27
1108,5,0,5,12.3655,4030.94
1302,5,0,6,12.6258,5315.06,0.106833,465.975,0.24,7
1303,5,0,6,12.6055,5211.53
1305,5,0,6,12.592,5142.62
1304,5,0,6,12.5799,5081.06
895,5,0,7,12.8985,6629.77,0.0435,189.734,0.02,8
896,5,0,7,12.8948,6611.53
892,5,0,7,12.8913,6593.75
906,5,0,7,12.873,6500.95
1555,5,0,7,12.8475,6358.2
2157,5,0,7,12.8349,6297.56
2019,5,0,7,12.8058,6162.39
929,5,0,7,12.8054,6160.4
938,5,0,7,12.7934,6094.27
950,5,0,7,12.7774,6013.25
951,5,0,7,12.771,5979.99
949,5,0,7,12.7593,5920.71
1302,5,0,7,12.7327,5781.04
978,5,0,8,13.1099,7668.46,0.0648333,282.783,0.06,9
1010,5,0,8,13.0943,7588.31
1011,5,0,8,13.0808,7518.91
1009,5,0,8,13.0757,7491.28
1041,5,0,8,13.0755,7490.59
1039,5,0,8,13.0677,7450.11
1037,5,0,8,13.0582,7402.63
1034,5,0,8,13.0495,7356.94
2032,5,0,8,13.034,7279.35
1050,5,0,8,13.0028,7125.25
1049,5,0,8,13.0028,7125.16
1025,5,0,8,12.9939,7081.5
1029,5,0,8,12.9807,7014.67
1027,5,0,8,12.9689,6955.71
898,5,0,8,12.9606,6912.18
895,5,0,8,12.942,6819.51
636,5,0,9,13.2521,8332.67,0.0665,290.053,0.15,10
633,5,0,9,13.2464,8303.14
639,5,0,9,13.2429,8285
1993,5,0,9,13.2313,8226.71
1995,5,0,9,13.2245,8192.35
1996,5,0,9,13.2184,8162.4
1997,5,0,9,13.2145,8142.5
2027,5,0,9,13.1896,8021.73
2026,5,0,9,13.1838,7993.25
978,5,0,9,13.1748,7951.24
64,5,0,10,13.566,10076.7,0,0,0
195,5,0,10,13.5417,9949.05
196,5,0,10,13.5389,9929.46
205,5,0,10,13.524,9842.34
215,5,0,10,13.4925,9668.03
225,5,0,10,13.4665,9464.79
715,5,0,10,13.4385,9299.91
714,5,0,10,13.4347,9276
726,5,0,10,13.4345,9274.15
529,5,0,10,13.4206,9174.62
605,5,0,10,13.406,9078.13
603,5,0,10,13.3974,9035.49
604,5,0,10,13.3924,9009.09
596,5,0,10,13.3922,9008.12
580,5,0,10,13.3807,8943.8
583,5,0,10,13.3745,8913.98
587,5,0,10,13.3723,8899.6
578,5,0,10,13.3694,8883.5
575,5,0,10,13.3636,8851.06
571,5,0,10,13.361,8835.95
570,5,0,10,13.3571,8816.9
1994,5,0,10,13.3409,8737.92
562,5,0,10,13.3313,8688.87
639,5,0,10,13.3279,8671.43
638,5,0,10,13.3226,8643.64
636,5,0,10,13.3186,8622.72
220,6,0,0,11.0872,472.978,0.0955,416.542,0.04,1
2130,6,0,0,11.0724,392.48
215,6,0,0,11.0675,358.782
205,6,0,0,11.0436,204.484
196,6,0,0,11.0305,119.897
195,6,0,0,11.0279,100.335
64,6,0,0,11.01,0
710,6,0,1,11.2404,1198.14,0.0443333,193.369,0.36,2
223,6,0,1,11.2229,1104.91
224,6,0,1,11.2088,1031.05
222,6,0,1,11.193,945.57
220,6,0,1,11.1827,889.52
455,6,0,2,11.3438,1774.06,0.0408333,178.103,0.03,3
454,6,0,2,11.341,1758.44
457,6,0,2,11.3343,1704.48
456,6,0,2,11.3291,1675.03
458,6,0,2,11.3196,1613.89
459,6,0,2,11.3137,1568.78
1543,6,0,2,11.3044,1506.55
710,6,0,2,11.2847,1391.51
1108,6,0,3,11.6519,3428.96,0.0935,407.819,0.09,4
1109,6,0,3,11.6467,3402.77
1113,6,0,3,11.6406,3371.72
1847,6,0,3,11.6277,3306.52
1086,6,0,3,11.6241,3286.49
1087,6,0,3,11.6095,3213.3
1090,6,0,3,11.6008,3168.13
1076,6,0,3,11.5747,3041.16
1074,6,0,3,11.5705,3020.04
1077,6,0,3,11.561,2969.22
1080,6,0,3,11.5475,2902.01
1079,6,0,3,11.5409,2867.56
1061,6,0,3,11.5366,2846.28
1063,6,0,3,11.5331,2828.11
1062,6,0,3,11.532,2821.03
2159,6,0,3,11.5318,2819.92
1045,6,0,3,11.5311,2816.77
1012,6,0,3,11.5239,2775.78
1014,6,0,3,11.5233,2772.91
989,6,0,3,11.5123,2714.61
990,6,0,3,11.5022,2664.35
991,6,0,3,11.4996,2652
706,6,0,3,11.4926,2612.53
704,6,0,3,11.49,2599.76
2179,6,0,3,11.4898,2598.9
662,6,0,3,11.4836,2569.25
602,6,0,3,11.4722,2500.98
599,6,0,3,11.4681,2477.72
605,6,0,3,11.464,2453.73
529,6,0,3,11.4468,2353.71
726,6,0,3,11.4309,2252.51
714,6,0,3,11.4307,2250.62
1543,6,0,3,11.4259,2220.1
459,6,0,3,11.4156,2156.7
458,6,0,3,11.4091,2111.44
456,6,0,3,11.4,2050.65
457,6,0,3,11.3946,2020.43
454,6,0,3,11.387,1966.47
455,6,0,3,11.3846,1952.16
1304,6,0,4,11.8749,4519.4,0.0428333,186.826,0.12,5
952,6,0,4,11.8505,4386.42
953,6,0,4,11.8398,4331.64
2023,6,0,4,11.839,4327.54
2108,6,0,4,11.8225,4242.33
1794,6,0,4,11.8154,4206.57
2106,6,0,4,11.8002,4127.2
2039,6,0,4,11.7825,4033.67
1106,6,0,4,11.7729,3981.72
2035,6,0,4,11.7587,3907.67
1108,6,0,4,11.7454,3836.78
1302,6,0,5,11.9679,4957.93,0.068,296.595,0.26,6
1303,6,0,5,11.9473,4853.42
1305,6,0,5,11.9327,4779.54
1304,6,0,5,11.9177,4706.23
895,6,0,6,12.2017,6103.27,0.0435,189.734,0.02,7
896,6,0,6,12.198,6085.03
892,6,0,6,12.1945,6067.24
906,6,0,6,12.1763,5974.44
1555,6,0,6,12.1508,5831.69
2157,6,0,6,12.1382,5771.05
2019,6,0,6,12.1091,5635.88
929,6,0,6,12.1087,5633.9
938,6,0,6,12.0966,5567.77
950,6,0,6,12.0807,5486.74
951,6,0,6,12.0742,5453.48
949,6,0,6,12.0626,5394.2
1302,6,0,6,12.0359,5254.53
978,6,0,7,12.4132,7141.95,0.107833,470.336,0.07,8
1010,6,0,7,12.3976,7061.8
1011,6,0,7,12.3841,6992.4
1009,6,0,7,12.3789,6964.77
1041,6,0,7,12.3788,6964.08
1039,6,0,7,12.371,6923.61
1037,6,0,7,12.3614,6876.12
1034,6,0,7,12.3527,6830.43
2032,6,0,7,12.3373,6752.84
1050,6,0,7,12.306,6598.74
1049,6,0,7,12.306,6598.65
1025,6,0,7,12.2972,6554.99
1029,6,0,7,12.2839,6488.16
1027,6,0,7,12.2721,6429.2
898,6,0,7,12.2639,6385.67
895,6,0,7,12.2452,6293
636,6,0,8,12.6066,8026.78,0.091,396.915,0.15,9
633,6,0,8,12.5999,7993.17
639,6,0,8,12.5965,7975.63
1993,6,0,8,12.5868,7925.01
1995,6,0,8,12.5772,7879.72
1996,6,0,8,12.5657,7827.98
1997,6,0,8,12.5618,7808.08
2027,6,0,8,12.5336,7673.74
2026,6,0,8,12.5278,7645.43
978,6,0,8,12.521,7612.29
603,6,0,9,12.7773,8837.52,0.0631667,275.514,0.35,10
604,6,0,9,12.7733,8815.66
596,6,0,9,12.7732,8814.69
580,6,0,9,12.7616,8750.16
583,6,0,9,12.7554,8720.35
587,6,0,9,12.7534,8706.08
578,6,0,9,12.7505,8690.02
579,6,0,9,12.7431,8651.22
570,6,0,9,12.7361,8618.06
1994,6,0,9,12.7232,8552.98
562,6,0,9,12.7102,8489.6
639,6,0,9,12.7068,8472.16
638,6,0,9,12.7014,8443.92
636,6,0,9,12.6976,8423.69
64,6,0,10,13.0077,10143.5,0,0,0
195,6,0,10,12.981,10005.3
196,6,0,10,12.9779,9985.38
205,6,0,10,12.9626,9897.63
215,6,0,10,12.9369,9741.07
225,6,0,10,12.91,9538
715,6,0,10,12.8799,9368.44
714,6,0,10,12.8759,9344.28
726,6,0,10,12.8757,9342.43
529,6,0,10,12.8616,9242.78
605,6,0,10,12.8467,9146.11
603,6,0,10,12.8404,9113.03
220,7,0,0,11.1872,472.978,0.0955,416.542,0.04,1
2130,7,0,0,11.1724,392.48
215,7,0,0,11.1675,358.782
205,7,0,0,11.1436,204.484
196,7,0,0,11.1305,119.897
195,7,0,0,11.1279,100.335
64,7,0,0,11.11,0
710,7,0,1,11.3404,1198.14,0.0443333,193.369,0.36,2
223,7,0,1,11.3229,1104.91
224,7,0,1,11.3088,1031.05
222,7,0,1,11.293,945.57
220,7,0,1,11.2827,889.52
455,7,0,2,11.4438,1774.06,0.0408333,178.103,0.03,3
454,7,0,2,11.441,1758.44
457,7,0,2,11.4343,1704.48
456,7,0,2,11.4291,1675.03
458,7,0,2,11.4196,1613.89
459,7,0,2,11.4137,1568.78
1543,7,0,2,11.4044,1506.55
710,7,0,2,11.3847,1391.51
1108,7,0,3,11.7519,3428.96,0.0935,407.819,0.09,4
1109,7,0,3,11.7467,3402.77
1113,7,0,3,11.7406,3371.72
1847,7,0,3,11.7277,3306.52
1086,7,0,3,11.7241,3286.49
1087,7,0,3,11.7095,3213.3
1090,7,0,3,11.7008,3168.13
1076,7,0,3,11.6747,3041.16
1074,7,0,3,11.6705,3020.04
1077,7,0,3,11.661,2969.22
1080,7,0,3,11.6475,2902.01
1079,7,0,3,11.6409,2867.56
1061,7,0,3,11.6366,2846.28
1063,7,0,3,11.6331,2828.11
1062,7,0,3,11.632,2821.03
2159,7,0,3,11.6318,2819.92
1045,7,0,3,11.6311,2816.77
1012,7,0,3,11.6239,2775.78
1014,7,0,3,11.6233,2772.91
989,7,0,3,11.6123,2714.61
990,7,0,3,11.6022,2664.35
991,7,0,3,11.5996,2652
706,7,0,3,11.5926,2612.53
704,7,0,3,11.59,2599.76
2179,7,0,3,11.5898,2598.9
662,7,0,3,11.5836,2569.25
602,7,0,3,11.5722,2500.98
599,7,0,3,11.5681,2477.72
605,7,0,3,11.564,2453.73
529,7,0,3,11.5468,2353.71
726,7,0,3,11.5309,2252.51
714,7,0,3,11.5307,2250.62
1543,7,0,3,11.5259,2220.1
459,7,0,3,11.5156,2156.7
458,7,0,3,11.5091,2111.44
456,7,0,3,11.5,2050.65
457,7,0,3,11.4946,2020.43
454,7,0,3,11.487,1966.47
455,7,0,3,11.4846,1952.16
1304,7,0,4,11.9749,4519.4,0.0428333,186.826,0.12,5
952,7,0,4,11.9505,4386.42
953,7,0,4,11.9398,4331.64
2023,7,0,4,11.939,4327.54
2108,7,0,4,11.9225,4242.33
1794,7,0,4,11.9154,4206.57
2106,7,0,4,11.9002,4127.2
2039,7,0,4,11.8825,4033.67
1106,7,0,4,11.8729,3981.72
2035,7,0,4,11.8587,3907.67
1108,7,0,4,11.8454,3836.78
1302,7,0,5,12.0637,4940.23,0.106833,465.975,0.24,6
1303,7,0,5,12.0433,4836.7
1305,7,0,5,12.0298,4767.79
1304,7,0,5,12.0177,4706.23
895,7,0,6,12.3363,6254.95,0.0435,189.734,0.02,7
896,7,0,6,12.3326,6236.71
892,7,0,6,12.3291,6218.92
906,7,0,6,12.3109,6126.12
1555,7,0,6,12.2854,5983.37
2157,7,0,6,12.2728,5922.73
2019,7,0,6,12.2437,5787.56
929,7,0,6,12.2433,5785.58
938,7,0,6,12.2312,5719.45
950,7,0,6,12.2153,5638.42
951,7,0,6,12.2088,5605.16
949,7,0,6,12.1972,5545.88
1302,7,0,6,12.1705,5406.21
978,7,0,7,12.5478,7293.63,0.107833,470.336,0.07,8
1010,7,0,7,12.5321,7213.48
1011,7,0,7,12.5187,7144.08
1009,7,0,7,12.5135,7116.45
1041,7,0,7,12.5134,7115.76
1039,7,0,7,12.5056,7075.29
1037,7,0,7,12.496,7027.8
1034,7,0,7,12.4873,6982.11
2032,7,0,7,12.4719,6904.52
1050,7,0,7,12.4406,6750.42
1049,7,0,7,12.4406,6750.33
1025,7,0,7,12.4318,6706.67
1029,7,0,7,12.4185,6639.84
1027,7,0,7,12.4067,6580.88
898,7,0,7,12.3984,6537.35
895,7,0,7,12.3798,6444.68
636,7,0,8,12.7411,8178.46,0.091,396.915,0.15,9
633,7,0,8,12.7345,8144.85
639,7,0,8,12.7311,8127.31
1993,7,0,8,12.7214,8076.69
1995,7,0,8,12.7118,8031.4
1996,7,0,8,12.7003,7979.66
1997,7,0,8,12.6964,7959.76
2027,7,0,8,12.6682,7825.42
2026,7,0,8,12.6624,7797.11
978,7,0,8,12.6556,7763.97
603,7,0,9,12.9119,8989.2,0.0631667,275.514,0.35,10
604,7,0,9,12.9079,8967.34
596,7,0,9,12.9077,8966.37
580,7,0,9,12.8962,8901.84
583,7,0,9,12.89,8872.03
587,7,0,9,12.8879,8857.76
578,7,0,9,12.885,8841.7
579,7,0,9,12.8777,8802.9
570,7,0,9,12.8707,8769.74
1994,7,0,9,12.8578,8704.66
562,7,0,9,12.8448,8641.29
639,7,0,9,12.8414,8623.84
638,7,0,9,12.836,8595.6
636,7,0,9,12.8321,8575.37
64,7,0,10,13.1423,10295.2,0,0,0
195,7,0,10,13.1156,10157
196,7,0,10,13.1124,10137.1
205,7,0,10,13.0971,10049.3
215,7,0,10,13.0715,9892.75
225,7,0,10,13.0446,9689.68
715,7,0,10,13.0145,9520.12
714,7,0,10,13.0105,9495.96
726,7,0,10,13.0103,9494.11
529,7,0,10,12.9962,9394.46
605,7,0,10,12.9813,9297.79
603,7,0,10,12.975,9264.71
220,8,0,0,11.0872,472.978,0.0955,416.542,0.04,1
2130,8,0,0,11.0724,392.48
215,8,0,0,11.0675,358.782
205,8,0,0,11.0436,204.484
196,8,0,0,11.0305,119.897
195,8,0,0,11.0279,100.335
64,8,0,0,11.01,0
710,8,0,1,11.2404,1198.14,0.0443333,193.369,0.36,2
223,8,0,1,11.2229,1104.91
224,8,0,1,11.2088,1031.05
222,8,0,1,11.193,945.57
220,8,0,1,11.1827,889.52
455,8,0,2,11.3438,1774.06,0.0408333,178.103,0.03,3
454,8,0,2,11.341,1758.44
457,8,0,2,11.3343,1704.48
456,8,0,2,11.3291,1675.03
458,8,0,2,11.3196,1613.89
459,8,0,2,11.3137,1568.78
1543,8,0,2,11.3044,1506.55
710,8,0,2,11.2847,1391.51
603,8,0,3,11.475,2516.24,0.109,475.425,0.32,4
604,8,0,3,11.4708,2493.1
596,8,0,3,11.4706,2492.13
595,8,0,3,11.4652,2461.72
605,8,0,3,11.464,2453.73
529,8,0,3,11.4468,2353.71
726,8,0,3,11.4309,2252.51
714,8,0,3,11.4307,2250.62
1543,8,0,3,11.4259,2220.1
459,8,0,3,11.4156,2156.7
458,8,0,3,11.4091,2111.44
456,8,0,3,11.4,2050.65
457,8,0,3,11.3946,2020.43
454,8,0,3,11.387,1966.47
455,8,0,3,11.3846,1952.16
1108,8,0,4,11.7762,3990.79,0.0935,407.819,0.09,5
1109,8,0,4,11.7718,3968.11
1113,8,0,4,11.765,3933.96
1847,8,0,4,11.7515,3866.44
1086,8,0,4,11.7479,3846.41
1087,8,0,4,11.7334,3773.22
1090,8,0,4,11.7247,3728.06
1076,8,0,4,11.6985,3601.08
1074,8,0,4,11.6944,3579.96
1077,8,0,4,11.6848,3529.14
1080,8,0,4,11.6713,3461.94
1079,8,0,4,11.6647,3427.48
1061,8,0,4,11.6605,3406.2
1063,8,0,4,11.6569,3388.03
1062,8,0,4,11.6559,3380.95
2159,8,0,4,11.6556,3379.84
1045,8,0,4,11.6549,3376.69
1012,8,0,4,11.6477,3335.7
1014,8,0,4,11.6472,3332.84
989,8,0,4,11.6361,3274.53
990,8,0,4,11.6261,3224.27
991,8,0,4,11.6235,3211.92
706,8,0,4,11.6165,3172.46
704,8,0,4,11.6138,3159.68
2179,8,0,4,11.6136,3158.82
662,8,0,4,11.6074,3129.17
602,8,0,4,11.5961,3060.9
604,8,0,4,11.5935,3044.1
596,8,0,4,11.5934,3043.13
595,8,0,4,11.5879,3012.72
603,8,0,4,11.584,2991.67
1304,8,0,5,11.9992,5081.23,0.0428333,186.826,0.12,6
952,8,0,5,11.9748,4948.24
953,8,0,5,11.9641,4893.46
2023,8,0,5,11.9632,4889.36
2108,8,0,5,11.9468,4804.15
1794,8,0,5,11.9397,4768.39
2106,8,0,5,11.9245,4689.02
2039,8,0,5,11.9068,4595.49
1106,8,0,5,11.8972,4543.54
2035,8,0,5,11.883,4469.49
1108,8,0,5,11.8697,4398.6
1302,8,0,6,12.088,5502.06,0.106833,465.975,0.24,7
1303,8,0,6,12.0676,5398.52
1305,8,0,6,12.0541,5329.61
1304,8,0,6,12.042,5268.05
895,8,0,7,12.3606,6816.77,0.0435,189.734,0.02,8
896,8,0,7,12.3569,6798.53
892,8,0,7,12.3534,6780.74
906,8,0,7,12.3351,6687.94
1555,8,0,7,12.3097,6545.19
2157,8,0,7,12.2971,6484.56
2019,8,0,7,12.268,6349.38
929,8,0,7,12.2676,6347.4
938,8,0,7,12.2555,6281.27
950,8,0,7,12.2396,6200.24
951,8,0,7,12.2331,6166.99
949,8,0,7,12.2215,6107.7
1302,8,0,7,12.1948,5968.03
978,8,0,8,12.5721,7855.45,0.107833,470.336,0.07,9
1010,8,0,8,12.5564,7775.3
1011,8,0,8,12.543,7705.9
1009,8,0,8,12.5378,7678.27
1041,8,0,8,12.5376,7677.58
1039,8,0,8,12.5299,7637.11
1037,8,0,8,12.5203,7589.62
1034,8,0,8,12.5116,7543.93
2032,8,0,8,12.4962,7466.34
1050,8,0,8,12.4649,7312.25
1049,8,0,8,12.4649,7312.15
1025,8,0,8,12.4561,7268.49
1029,8,0,8,12.4428,7201.66
1027,8,0,8,12.431,7142.71
898,8,0,8,12.4227,7099.17
895,8,0,8,12.4041,7006.5
636,8,0,9,12.7654,8740.28,0.091,396.915,0.15,10
633,8,0,9,12.7588,8706.67
639,8,0,9,12.7554,8689.13
1993,8,0,9,12.7457,8638.52
1995,8,0,9,12.7361,8593.22
1996,8,0,9,12.7246,8541.49
1997,8,0,9,12.7207,8521.58
2027,8,0,9,12.6925,8387.24
2026,8,0,9,12.6867,8358.94
978,8,0,9,12.6799,8325.79
64,8,0,10,13.1035,10581.5,0,0,0
195,8,0,10,13.0767,10443.3
196,8,0,10,13.0736,10423.4
205,8,0,10,13.0583,10335.6
215,8,0,10,13.0327,10179.1
225,8,0,10,13.0057,9975.99
715,8,0,10,12.9756,9806.43
714,8,0,10,12.9716,9782.27
726,8,0,10,12.9714,9780.42
529,8,0,10,12.9573,9680.77
605,8,0,10,12.9424,9584.1
603,8,0,10,12.9361,9551.02
604,8,0,10,12.9322,9529.16
596,8,0,10,12.932,9528.19
580,8,0,10,12.9205,9463.67
583,8,0,10,12.9143,9433.85
587,8,0,10,12.9122,9419.58
578,8,0,10,12.9093,9403.52
579,8,0,10,12.902,9364.72
570,8,0,10,12.895,9331.56
1994,8,0,10,12.8821,9266.48
562,8,0,10,12.8691,9203.11
639,8,0,10,12.8656,9185.67
638,8,0,10,12.8603,9157.42
636,8,0,10,12.8564,9137.2
220,9,0,0,11.1472,472.978,0.0955,416.542,0.04,1
2130,9,0,0,11.1324,392.48
215,9,0,0,11.1275,358.782
205,9,0,0,11.1036,204.484
196,9,0,0,11.0905,119.897
195,9,0,0,11.0879,100.335
64,9,0,0,11.07,0
455,9,0,1,11.3321,1421.69,0.0408333,178.103,0.03,2
454,9,0,1,11.3293,1406.07
457,9,0,1,11.3225,1352.11
456,9,0,1,11.3174,1322.67
458,9,0,1,11.3079,1261.52
459,9,0,1,11.302,1216.42
450,9,0,1,11.2868,1132.53
229,9,0,1,11.2773,1079.68
222,9,0,1,11.253,945.57
220,9,0,1,11.2427,889.52
603,9,0,2,11.4633,2163.88,0.109,475.425,0.32,3
604,9,0,2,11.4591,2140.74
596,9,0,2,11.4589,2139.76
595,9,0,2,11.4534,2109.36
605,9,0,2,11.4523,2101.36
529,9,0,2,11.4351,2001.34
726,9,0,2,11.4192,1900.14
714,9,0,2,11.419,1898.26
1543,9,0,2,11.4142,1867.73
459,9,0,2,11.4039,1804.33
458,9,0,2,11.3974,1759.07
456,9,0,2,11.3883,1698.29
457,9,0,2,11.3829,1668.07
454,9,0,2,11.3753,1614.11
455,9,0,2,11.3729,1599.79
1108,9,0,3,11.7645,3638.42,0.0935,407.819,0.09,4
1109,9,0,3,11.7601,3615.75
1113,9,0,3,11.7532,3581.6
1847,9,0,3,11.7398,3514.08
1086,9,0,3,11.7362,3494.04
1087,9,0,3,11.7217,3420.85
1090,9,0,3,11.713,3375.69
1076,9,0,3,11.6868,3248.71
1074,9,0,3,11.6827,3227.6
1077,9,0,3,11.6731,3176.78
1080,9,0,3,11.6596,3109.57
1079,9,0,3,11.653,3075.12
1061,9,0,3,11.6487,3053.83
1063,9,0,3,11.6452,3035.67
1062,9,0,3,11.6441,3028.59
2159,9,0,3,11.6439,3027.47
1045,9,0,3,11.6432,3024.32
1012,9,0,3,11.636,2983.34
1014,9,0,3,11.6354,2980.47
989,9,0,3,11.6244,2922.17
990,9,0,3,11.6143,2871.91
991,9,0,3,11.6117,2859.55
706,9,0,3,11.6047,2820.09
704,9,0,3,11.6021,2807.32
2179,9,0,3,11.6019,2806.46
662,9,0,3,11.5957,2776.81
602,9,0,3,11.5844,2708.53
604,9,0,3,11.5818,2691.73
596,9,0,3,11.5817,2690.76
595,9,0,3,11.5762,2660.35
603,9,0,3,11.5723,2639.3
1304,9,0,4,11.9875,4728.86,0.0428333,186.826,0.12,5
952,9,0,4,11.9631,4595.87
953,9,0,4,11.9523,4541.1
2023,9,0,4,11.9515,4537
2108,9,0,4,11.9351,4451.79
1794,9,0,4,11.928,4416.03
2106,9,0,4,11.9127,4336.66
2039,9,0,4,11.8951,4243.13
1106,9,0,4,11.8855,4191.18
2035,9,0,4,11.8712,4117.13
1108,9,0,4,11.858,4046.24
1302,9,0,5,12.0762,5149.69,0.106833,465.975,0.24,6
1303,9,0,5,12.0559,5046.15
1305,9,0,5,12.0424,4977.24
1304,9,0,5,12.0303,4915.69
895,9,0,6,12.3489,6464.4,0.0435,189.734,0.02,7
896,9,0,6,12.3452,6446.16
892,9,0,6,12.3417,6428.37
906,9,0,6,12.3234,6335.58
1555,9,0,6,12.2979,6192.83
2157,9,0,6,12.2853,6132.19
2019,9,0,6,12.2563,5997.02
929,9,0,6,12.2558,5995.03
938,9,0,6,12.2438,5928.9
950,9,0,6,12.2278,5847.88
951,9,0,6,12.2214,5814.62
949,9,0,6,12.2098,5755.33
1302,9,0,6,12.1831,5615.67
978,9,0,7,12.5603,7503.09,0.107833,470.336,0.07,8
1010,9,0,7,12.5447,7422.94
1011,9,0,7,12.5313,7353.53
1009,9,0,7,12.5261,7325.91
1041,9,0,7,12.5259,7325.22
1039,9,0,7,12.5181,7284.74
1037,9,0,7,12.5086,7237.26
1034,9,0,7,12.4999,7191.57
2032,9,0,7,12.4844,7113.97
1050,9,0,7,12.4532,6959.88
1049,9,0,7,12.4532,6959.79
1025,9,0,7,12.4444,6916.13
1029,9,0,7,12.4311,6849.29
1027,9,0,7,12.4193,6790.34
898,9,0,7,12.411,6746.81
895,9,0,7,12.3924,6654.14
636,9,0,8,12.7537,8387.91,0.091,396.915,0.15,9
633,9,0,8,12.7471,8354.31
639,9,0,8,12.7437,8336.77
1993,9,0,8,12.7339,8286.15
1995,9,0,8,12.7244,8240.86
1996,9,0,8,12.7129,8189.12
1997,9,0,8,12.709,8169.22
2027,9,0,8,12.6807,8034.87
2026,9,0,8,12.675,8006.57
978,9,0,8,12.6682,7973.42
64,9,0,9,13.0917,10229.2,0,0,0
195,9,0,9,13.065,10090.9
196,9,0,9,13.0619,10071
205,9,0,9,13.0466,9983.26
215,9,0,9,13.0209,9826.7
225,9,0,9,12.994,9623.62
715,9,0,9,12.9639,9454.06
714,9,0,9,12.9599,9429.91
726,9,0,9,12.9597,9428.05
529,9,0,9,12.9456,9328.4
605,9,0,9,12.9307,9231.73
603,9,0,9,12.9244,9198.66
604,9,0,9,12.9205,9176.79
596,9,0,9,12.9203,9175.82
580,9,0,9,12.9088,9111.3
583,9,0,9,12.9025,9081.48
587,9,0,9,12.9005,9067.21
578,9,0,9,12.8976,9051.15
579,9,0,9,12.8903,9012.35
570,9,0,9,12.8833,8979.19
1994,9,0,9,12.8704,8914.12
562,9,0,9,12.8574,8850.74
639,9,0,9,12.8539,8833.3
638,9,0,9,12.8486,8805.06
636,9,0,9,12.8447,8784.83
710,9,1,0,11.683,739.387,0.0443333,193.369,0.36,1
223,9,1,0,11.6655,646.157
1680,9,1,0,11.656,581.03
225,9,1,0,11.6532,562.11
215,9,1,0,11.6275,358.782
205,9,1,0,11.6036,204.484
196,9,1,0,11.5905,119.897
195,9,1,0,11.5879,100.335
64,9,1,0,11.57,0
64,9,1,1,11.8278,1615.64,0,0,0
195,9,1,1,11.8066,1500.96
196,9,1,1,11.8038,1481.35
205,9,1,1,11.7914,1397.44
215,9,1,1,11.7715,1245.35
225,9,1,1,11.7462,1041.78
1680,9,1,1,11.7433,1022.76
710,9,1,1,11.7273,932.755
220,10,0,0,11.0872,472.978,0.0955,416.542,0.04,1
2130,10,0,0,11.0724,392.48
215,10,0,0,11.0675,358.782
205,10,0,0,11.0436,204.484
196,10,0,0,11.0305,119.897
195,10,0,0,11.0279,100.335
64,10,0,0,11.01,0
710,10,0,1,11.2404,1198.14,0.0443333,193.369,0.36,2
223,10,0,1,11.2229,1104.91
224,10,0,1,11.2088,1031.05
222,10,0,1,11.193,945.57
220,10,0,1,11.1827,889.52
455,10,0,2,11.3438,1774.06,0.0408333,178.103,0.03,3
454,10,0,2,11.341,1758.44
457,10,0,2,11.3343,1704.48
456,10,0,2,11.3291,1675.03
458,10,0,2,11.3196,1613.89
459,10,0,2,11.3137,1568.78
1543,10,0,2,11.3044,1506.55
710,10,0,2,11.2847,1391.51
603,10,0,3,11.475,2516.24,0.109,475.425,0.32,4
604,10,0,3,11.4708,2493.1
596,10,0,3,11.4706,2492.13
595,10,0,3,11.4652,2461.72
605,10,0,3,11.464,2453.73
529,10,0,3,11.4468,2353.71
726,10,0,3,11.4309,2252.51
714,10,0,3,11.4307,2250.62
1543,10,0,3,11.4259,2220.1
459,10,0,3,11.4156,2156.7
458,10,0,3,11.4091,2111.44
456,10,0,3,11.4,2050.65
457,10,0,3,11.3946,2020.43
454,10,0,3,11.387,1966.47
455,10,0,3,11.3846,1952.16
1108,10,0,4,11.7762,3990.79,0.0935,407.819,0.09,5
1109,10,0,4,11.7718,3968.11
1113,10,0,4,11.765,3933.96
1847,10,0,4,11.7515,3866.44
1086,10,0,4,11.7479,3846.41
1087,10,0,4,11.7334,3773.22
1090,10,0,4,11.7247,3728.06
1076,10,0,4,11.6985,3601.08
1074,10,0,4,11.6944,3579.96
1077,10,0,4,11.6848,3529.14
1080,10,0,4,11.6713,3461.94
1079,10,0,4,11.6647,3427.48
1061,10,0,4,11.6605,3406.2
1063,10,0,4,11.6569,3388.03
1062,10,0,4,11.6559,3380.95
2159,10,0,4,11.6556,3379.84
1045,10,0,4,11.6549,3376.69
1012,10,0,4,11.6477,3335.7
1014,10,0,4,11.6472,3332.84
989,10,0,4,11.6361,3274.53
990,10,0,4,11.6261,3224.27
991,10,0,4,11.6235,3211.92
706,10,0,4,11.6165,3172.46
704,10,0,4,11.6138,3159.68
2179,10,0,4,11.6136,3158.82
662,10,0,4,11.6074,3129.17
602,10,0,4,11.5961,3060.9
604,10,0,4,11.5935,3044.1
596,10,0,4,11.5934,3043.13
595,10,0,4,11.5879,3012.72
603,10,0,4,11.584,2991.67
1304,10,0,5,11.9992,5081.23,0.0428333,186.826,0.12,6
952,10,0,5,11.9748,4948.24
953,10,0,5,11.9641,4893.46
2023,10,0,5,11.9632,4889.36
2108,10,0,5,11.9468,4804.15
1794,10,0,5,11.9397,4768.39
2106,10,0,5,11.9245,4689.02
2039,10,0,5,11.9068,4595.49
1106,10,0,5,11.8972,4543.54
2035,10,0,5,11.883,4469.49
1108,10,0,5,11.8697,4398.6
895,10,0,6,12.1981,6068.38,0.0435,189.734,0.02,7
907,10,0,6,12.1824,5991.05
908,10,0,6,12.1733,5945.57
2014,10,0,6,12.1727,5942.89
2017,10,0,6,12.1716,5937.2
2170,10,0,6,12.1688,5923.01
1738,10,0,6,12.1514,5836.08
1737,10,0,6,12.1447,5802.3
936,10,0,6,12.1295,5723.39
933,10,0,6,12.1289,5720.45
934,10,0,6,12.1234,5682.8
935,10,0,6,12.1229,5680.19
2020,10,0,6,12.1118,5623.21
1787,10,0,6,12.0922,5526.06
1788,10,0,6,12.0914,5522.36
1789,10,0,6,12.08,5465.37
952,10,0,6,12.0711,5420.92
1304,10,0,6,12.042,5268.05
978,10,0,7,12.4096,7107.07,0.107833,470.336,0.07,8
1010,10,0,7,12.394,7026.92
1011,10,0,7,12.3805,6957.51
1009,10,0,7,12.3753,6929.89
1041,10,0,7,12.3752,6929.2
1039,10,0,7,12.3674,6888.72
1037,10,0,7,12.3578,6841.24
1034,10,0,7,12.3491,6795.55
2032,10,0,7,12.3337,6717.95
1050,10,0,7,12.3024,6563.86
1049,10,0,7,12.3024,6563.77
1025,10,0,7,12.2936,6520.11
1029,10,0,7,12.2803,6453.27
1027,10,0,7,12.2686,6394.32
898,10,0,7,12.2603,6350.79
895,10,0,7,12.2416,6258.12
636,10,0,8,12.603,7991.89,0.091,396.915,0.15,9
633,10,0,8,12.5963,7958.29
639,10,0,8,12.593,7940.75
1993,10,0,8,12.5832,7890.13
1995,10,0,8,12.5737,7844.84
1996,10,0,8,12.5621,7793.1
1997,10,0,8,12.5582,7773.2
2027,10,0,8,12.53,7638.85
2026,10,0,8,12.5243,7610.55
978,10,0,8,12.5174,7577.4
1302,10,0,9,13.0074,10052.1,0.035,152.659,0.22,10
949,10,0,9,12.9855,9932.67
951,10,0,9,12.9741,9874.71
950,10,0,9,12.9667,9837.04
938,10,0,9,12.9548,9773.43
929,10,0,9,12.941,9699.86
2019,10,0,9,12.9406,9697.88
2157,10,0,9,12.9134,9570.15
905,10,0,9,12.8734,9368.7
889,10,0,9,12.8629,9315.26
890,10,0,9,12.8501,9253.96
2013,10,0,9,12.8247,9125.56
1988,10,0,9,12.8034,9016.12
417,10,0,9,12.7809,8902.98
418,10,0,9,12.7768,8882
419,10,0,9,12.7599,8789.83
424,10,0,9,12.7564,8769.89
613,10,0,9,12.7533,8744.91
611,10,0,9,12.7478,8712.02
609,10,0,9,12.7459,8694.23
628,10,0,9,12.7359,8620.21
561,10,0,9,12.7321,8595.49
557,10,0,9,12.724,8547.36
554,10,0,9,12.7217,8535.56
565,10,0,9,12.7136,8490.54
562,10,0,9,12.7067,8454.72
639,10,0,9,12.7032,8437.28
638,10,0,9,12.6979,8409.04
636,10,0,9,12.694,8388.81
64,10,0,10,13.4972,12847.9,0,0,0
195,10,0,10,13.4641,12683
196,10,0,10,13.4613,12663.3
205,10,0,10,13.4461,12575.8
215,10,0,10,13.4219,12421
225,10,0,10,13.3951,12218
715,10,0,10,13.3668,12052.6
714,10,0,10,13.363,12028.7
726,10,0,10,13.3628,12026.8
529,10,0,10,13.3489,11927.3
605,10,0,10,13.3345,11831
603,10,0,10,13.3285,11799.2
604,10,0,10,13.3249,11778.9
596,10,0,10,13.3247,11777.9
580,10,0,10,13.3144,11717.3
574,10,0,10,13.2938,11609.7
573,10,0,10,13.2845,11557.3
564,10,0,10,13.2773,11518
557,10,0,10,13.2714,11484.9
561,10,0,10,13.2647,11438.4
628,10,0,10,13.2604,11413
609,10,0,10,13.2482,11337.2
423,10,0,10,13.2423,11280.9
419,10,0,10,13.237,11246.1
420,10,0,10,13.2319,11211.1
421,10,0,10,13.2279,11184.4
417,10,0,10,13.2234,11159.9
1989,10,0,10,13.2068,11073.5
2011,10,0,10,13.189,10980.3
2156,10,0,10,13.1838,10952.9
2013,10,0,10,13.1831,10949.8
886,10,0,10,13.1712,10891.6
888,10,0,10,13.1514,10785.5
903,10,0,10,13.1376,10715.6
904,10,0,10,13.1342,10697.2
925,10,0,10,13.1108,10569.3
2019,10,0,10,13.1053,10542.1
929,10,0,10,13.1049,10540.1
938,10,0,10,13.093,10474.2
950,10,0,10,13.0795,10403.7
951,10,0,10,13.0725,10368
949,10,0,10,13.0615,10311.5
1302,10,0,10,13.0424,10204.8
220,11,0,0,11.0872,472.978,0.0955,416.542,0.04,1
2130,11,0,0,11.0724,392.48
215,11,0,0,11.0675,358.782
205,11,0,0,11.0436,204.484
196,11,0,0,11.0305,119.897
195,11,0,0,11.0279,100.335
64,11,0,0,11.01,0
710,11,0,1,11.2404,1198.14,0.0443333,193.369,0.36,2
223,11,0,1,11.2229,1104.91
224,11,0,1,11.2088,1031.05
222,11,0,1,11.193,945.57
220,11,0,1,11.1827,889.52
455,11,0,2,11.3438,1774.06,0.0408333,178.103,0.03,3
454,11,0,2,11.341,1758.44
457,11,0,2,11.3343,1704.48
456,11,0,2,11.3291,1675.03
458,11,0,2,11.3196,1613.89
459,11,0,2,11.3137,1568.78
1543,11,0,2,11.3044,1506.55
710,11,0,2,11.2847,1391.51
603,11,0,3,11.475,2516.24,0.109,475.425,0.32,4
604,11,0,3,11.4708,2493.1
596,11,0,3,11.4706,2492.13
595,11,0,3,11.4652,2461.72
605,11,0,3,11.464,2453.73
529,11,0,3,11.4468,2353.71
726,11,0,3,11.4309,2252.51
714,11,0,3,11.4307,2250.62
1543,11,0,3,11.4259,2220.1
459,11,0,3,11.4156,2156.7
458,11,0,3,11.4091,2111.44
456,11,0,3,11.4,2050.65
457,11,0,3,11.3946,2020.43
454,11,0,3,11.387,1966.47
455,11,0,3,11.3846,1952.16
1108,11,0,4,11.7762,3990.79,0.0935,407.819,0.09,5
1109,11,0,4,11.7718,3968.11
1113,11,0,4,11.765,3933.96
1847,11,0,4,11.7515,3866.44
1086,11,0,4,11.7479,3846.41
1087,11,0,4,11.7334,3773.22
1090,11,0,4,11.7247,3728.06
1076,11,0,4,11.6985,3601.08
1074,11,0,4,11.6944,3579.96
1077,11,0,4,11.6848,3529.14
1080,11,0,4,11.6713,3461.94
1079,11,0,4,11.6647,3427.48
1061,11,0,4,11.6605,3406.2
1063,11,0,4,11.6569,3388.03
1062,11,0,4,11.6559,3380.95
2159,11,0,4,11.6556,3379.84
1045,11,0,4,11.6549,3376.69
1012,11,0,4,11.6477,3335.7
1014,11,0,4,11.6472,3332.84
989,11,0,4,11.6361,3274.53
990,11,0,4,11.6261,3224.27
991,11,0,4,11.6235,3211.92
706,11,0,4,11.6165,3172.46
704,11,0,4,11.6138,3159.68
2179,11,0,4,11.6136,3158.82
662,11,0,4,11.6074,3129.17
602,11,0,4,11.5961,3060.9
604,11,0,4,11.5935,3044.1
596,11,0,4,11.5934,3043.13
595,11,0,4,11.5879,3012.72
603,11,0,4,11.584,2991.67
1304,11,0,5,11.9992,5081.23,0.0428333,186.826,0.12,6
952,11,0,5,11.9748,4948.24
953,11,0,5,11.9641,4893.46
2023,11,0,5,11.9632,4889.36
2108,11,0,5,11.9468,4804.15
1794,11,0,5,11.9397,4768.39
2106,11,0,5,11.9245,4689.02
2039,11,0,5,11.9068,4595.49
1106,11,0,5,11.8972,4543.54
2035,11,0,5,11.883,4469.49
1108,11,0,5,11.8697,4398.6
1302,11,0,6,12.088,5502.06,0.106833,465.975,0.24,7
1303,11,0,6,12.0676,5398.52
1305,11,0,6,12.0541,5329.61
1304,11,0,6,12.042,5268.05
895,11,0,7,12.3606,6816.77,0.0435,189.734,0.02,8
896,11,0,7,12.3569,6798.53
892,11,0,7,12.3534,6780.74
906,11,0,7,12.3351,6687.94
1555,11,0,7,12.3097,6545.19
2157,11,0,7,12.2971,6484.56
2019,11,0,7,12.268,6349.38
929,11,0,7,12.2676,6347.4
938,11,0,7,12.2555,6281.27
950,11,0,7,12.2396,6200.24
951,11,0,7,12.2331,6166.99
949,11,0,7,12.2215,6107.7
1302,11,0,7,12.1948,5968.03
636,11,0,8,12.5592,7875.02,0.091,396.915,0.15,9
633,11,0,8,12.5525,7841.41
563,11,0,8,12.5472,7816.41
564,11,0,8,12.5418,7787.2
557,11,0,8,12.5369,7756.14
561,11,0,8,12.5304,7709.7
628,11,0,8,12.5263,7684.55
609,11,0,8,12.5145,7609.26
423,11,0,8,12.5086,7552.94
419,11,0,8,12.5019,7515.36
420,11,0,8,12.4958,7479.33
421,11,0,8,12.4913,7451.84
417,11,0,8,12.4863,7425.13
1989,11,0,8,12.4678,7330.91
2011,11,0,8,12.4485,7231.2
891,11,0,8,12.4266,7116.75
893,11,0,8,12.4205,7085.88
894,11,0,8,12.4153,7061.13
895,11,0,8,12.4041,7006.5
64,11,0,9,12.8972,9716.25,0,0,0
195,11,0,9,12.8705,9578.05
196,11,0,9,12.8673,9558.1
205,11,0,9,12.852,9470.36
215,11,0,9,12.8264,9313.8
225,11,0,9,12.7995,9110.73
715,11,0,9,12.7693,8941.16
714,11,0,9,12.7654,8917.01
726,11,0,9,12.7652,8915.15
529,11,0,9,12.751,8815.5
605,11,0,9,12.7362,8718.84
603,11,0,9,12.7299,8685.76
604,11,0,9,12.7259,8663.89
596,11,0,9,12.7258,8662.92
580,11,0,9,12.7142,8598.4
583,11,0,9,12.708,8568.58
587,11,0,9,12.706,8554.32
578,11,0,9,12.7031,8538.25
579,11,0,9,12.6958,8499.46
570,11,0,9,12.6888,8466.29
1994,11,0,9,12.6758,8401.22
562,11,0,9,12.6629,8337.84
639,11,0,9,12.6594,8320.4
638,11,0,9,12.6541,8292.16
636,11,0,9,12.6502,8271.93
978,11,1,0,14.2546,1541.01,0.0373333,162.837,0.05,1
1010,11,1,0,14.2401,1465.78
1016,11,1,0,14.2204,1374.31
1548,11,1,0,14.2134,1338.05
1012,11,1,0,14.2084,1312.65
2028,11,1,0,14.2003,1267.19
989,11,1,0,14.1969,1251.45
990,11,1,0,14.1869,1201.19
991,11,1,0,14.1843,1188.84
706,11,1,0,14.1773,1149.38
704,11,1,0,14.1746,1136.6
2179,11,1,0,14.1744,1135.74
662,11,1,0,14.1682,1106.09
602,11,1,0,14.157,1038.03
599,11,1,0,14.153,1015.4
605,11,1,0,14.1493,991.921
529,11,1,0,14.1322,892.037
726,11,1,0,14.1176,792.08
714,11,1,0,14.1174,790.213
715,11,1,0,14.1138,766.53
225,11,1,0,14.0963,605.342
215,11,1,0,14.0704,402.069
205,11,1,0,14.0437,243.798
196,11,1,0,14.0295,157.808
195,11,1,0,14.0268,138.229
64,11,1,0,14,0
64,11,1,1,14.5543,3241.41,0,0,0
195,11,1,1,14.533,3126.4
196,11,1,1,14.5303,3106.82
205,11,1,1,14.5161,3020.74
215,11,1,1,14.4916,2865.76
225,11,1,1,14.4668,2661.93
715,11,1,1,14.4318,2471.38
714,11,1,1,14.4281,2447.54
726,11,1,1,14.4279,2445.68
529,11,1,1,14.4138,2346.07
605,11,1,1,14.3985,2248.82
603,11,1,1,14.3927,2217.84
2202,11,1,1,14.3894,2197.3
602,11,1,1,14.3856,2172.71
1851,11,1,1,14.3753,2102.67
1852,11,1,1,14.3675,2066.84
706,11,1,1,14.3546,2003.69
703,11,1,1,14.3484,1973.27
1542,11,1,1,14.3387,1926.61
698,11,1,1,14.3313,1892.09
700,11,1,1,14.3245,1859.46
690,11,1,1,14.3095,1788.46
979,11,1,1,14.3013,1750.44
980,11,1,1,14.2955,1722.03
978,11,1,1,14.2919,1703.84
220,12,0,0,11.0772,472.978,0.0955,416.542,0.04,1
2130,12,0,0,11.0624,392.48
215,12,0,0,11.0575,358.782
205,12,0,0,11.0336,204.484
196,12,0,0,11.0205,119.897
195,12,0,0,11.0179,100.335
64,12,0,0,11,0
710,12,0,1,11.2304,1198.14,0.0443333,193.369,0.36,2
223,12,0,1,11.2129,1104.91
224,12,0,1,11.1988,1031.05
222,12,0,1,11.183,945.57
220,12,0,1,11.1727,889.52
455,12,0,2,11.3338,1774.06,0.0408333,178.103,0.03,3
454,12,0,2,11.331,1758.44
457,12,0,2,11.3243,1704.48
456,12,0,2,11.3191,1675.03
458,12,0,2,11.3096,1613.89
459,12,0,2,11.3037,1568.78
1543,12,0,2,11.2944,1506.55
710,12,0,2,11.2747,1391.51
603,12,0,3,11.465,2516.24,0.109,475.425,0.32,4
604,12,0,3,11.4608,2493.1
596,12,0,3,11.4606,2492.13
595,12,0,3,11.4552,2461.72
605,12,0,3,11.454,2453.73
529,12,0,3,11.4368,2353.71
726,12,0,3,11.4209,2252.51
714,12,0,3,11.4207,2250.62
1543,12,0,3,11.4159,2220.1
459,12,0,3,11.4056,2156.7
458,12,0,3,11.3991,2111.44
456,12,0,3,11.39,2050.65
457,12,0,3,11.3846,2020.43
454,12,0,3,11.377,1966.47
455,12,0,3,11.3746,1952.16
1108,12,0,4,11.7662,3990.79,0.0935,407.819,0.09,5
1109,12,0,4,11.7618,3968.11
1113,12,0,4,11.755,3933.96
1847,12,0,4,11.7415,3866.44
1086,12,0,4,11.7379,3846.41
1087,12,0,4,11.7234,3773.22
1090,12,0,4,11.7147,3728.06
1076,12,0,4,11.6885,3601.08
1074,12,0,4,11.6844,3579.96
1077,12,0,4,11.6748,3529.14
1080,12,0,4,11.6613,3461.94
1079,12,0,4,11.6547,3427.48
1061,12,0,4,11.6505,3406.2
1063,12,0,4,11.6469,3388.03
1062,12,0,4,11.6459,3380.95
2159,12,0,4,11.6456,3379.84
1045,12,0,4,11.6449,3376.69
1012,12,0,4,11.6377,3335.7
1014,12,0,4,11.6372,3332.84
989,12,0,4,11.6261,3274.53
990,12,0,4,11.6161,3224.27
991,12,0,4,11.6135,3211.92
706,12,0,4,11.6065,3172.46
704,12,0,4,11.6038,3159.68
2179,12,0,4,11.6036,3158.82
662,12,0,4,11.5974,3129.17
602,12,0,4,11.5861,3060.9
604,12,0,4,11.5835,3044.1
596,12,0,4,11.5834,3043.13
595,12,0,4,11.5779,3012.72
603,12,0,4,11.574,2991.67
1304,12,0,5,11.9892,5081.23,0.0428333,186.826,0.12,6
952,12,0,5,11.9648,4948.24
953,12,0,5,11.9541,4893.46
2023,12,0,5,11.9532,4889.36
2108,12,0,5,11.9368,4804.15
1794,12,0,5,11.9297,4768.39
2106,12,0,5,11.9145,4689.02
2039,12,0,5,11.8968,4595.49
1106,12,0,5,11.8872,4543.54
2035,12,0,5,11.873,4469.49
1108,12,0,5,11.8597,4398.6
895,12,0,6,12.1881,6068.38,0.0435,189.734,0.02,7
907,12,0,6,12.1724,5991.05
908,12,0,6,12.1633,5945.57
2014,12,0,6,12.1627,5942.89
2017,12,0,6,12.1616,5937.2
2170,12,0,6,12.1588,5923.01
1738,12,0,6,12.1414,5836.08
1737,12,0,6,12.1347,5802.3
936,12,0,6,12.1195,5723.39
933,12,0,6,12.1189,5720.45
934,12,0,6,12.1134,5682.8
935,12,0,6,12.1129,5680.19
2020,12,0,6,12.1018,5623.21
1787,12,0,6,12.0822,5526.06
1788,12,0,6,12.0814,5522.36
1789,12,0,6,12.07,5465.37
952,12,0,6,12.0611,5420.92
1304,12,0,6,12.032,5268.05
64,12,0,7,12.5924,8376.44,0,0,0
195,12,0,7,12.5633,8228.06
196,12,0,7,12.5605,8208.47
205,12,0,7,12.546,8122.02
215,12,0,7,12.5205,7965.64
225,12,0,7,12.4945,7762.43
715,12,0,7,12.463,7586.76
714,12,0,7,12.459,7562.6
726,12,0,7,12.4588,7560.75
529,12,0,7,12.4447,7461.1
605,12,0,7,12.4298,7364.43
603,12,0,7,12.4235,7331.35
604,12,0,7,12.4196,7309.49
596,12,0,7,12.4194,7308.52
580,12,0,7,12.4078,7244
574,12,0,7,12.3864,7132.88
573,12,0,7,12.3768,7079.08
564,12,0,7,12.3693,7038.82
557,12,0,7,12.3645,7007.75
561,12,0,7,12.358,6961.31
628,12,0,7,12.3538,6936.17
609,12,0,7,12.3421,6860.87
423,12,0,7,12.3362,6804.55
419,12,0,7,12.3294,6766.98
420,12,0,7,12.3234,6730.95
421,12,0,7,12.3188,6703.46
417,12,0,7,12.3138,6676.74
1989,12,0,7,12.2954,6582.53
2011,12,0,7,12.2761,6482.82
891,12,0,7,12.2541,6368.36
893,12,0,7,12.2481,6337.49
894,12,0,7,12.2428,6312.75
895,12,0,7,12.2316,6258.12
1302,12,1,0,13.9542,2766.91,0.035,152.659,0.22,1
949,12,1,0,13.9312,2642.85
2025,12,1,0,13.9277,2625.39
1598,12,1,0,13.9244,2606.63
948,12,1,0,13.9195,2579.61
928,12,1,0,13.9091,2522.31
929,12,1,0,13.8889,2416.19
2019,12,1,0,13.8885,2414.21
2157,12,1,0,13.8624,2290.85
905,12,1,0,13.8255,2102.44
889,12,1,0,13.8162,2054.31
890,12,1,0,13.8096,2018.4
2013,12,1,0,13.7901,1915.19
1988,12,1,0,13.7725,1821.32
417,12,1,0,13.752,1716.71
418,12,1,0,13.748,1695.77
419,12,1,0,13.7325,1609.96
423,12,1,0,13.7263,1573.67
609,12,1,0,13.7204,1517.35
628,12,1,0,13.7106,1443.34
561,12,1,0,13.7067,1418.58
557,12,1,0,13.6993,1371.34
554,12,1,0,13.6971,1360.2
565,12,1,0,13.687,1306.55
573,12,1,0,13.6817,1279.96
574,12,1,0,13.6744,1230.49
580,12,1,0,13.6516,1113.57
596,12,1,0,13.6455,1053.72
595,12,1,0,13.6405,1025.37
605,12,1,0,13.6393,1017.31
529,12,1,0,13.6227,918.413
726,12,1,0,13.6066,816.876
714,12,1,0,13.6064,814.998
715,12,1,0,13.6029,791.373
225,12,1,0,13.5851,630.742
215,12,1,0,13.5579,427.668
205,12,1,0,13.5269,255.297
196,12,1,0,13.5118,168.03
195,12,1,0,13.5092,148.465
64,12,1,0,13.48,0
978,12,1,1,14.2731,4355.78,0.0373333,162.837,0.05,2
1010,12,1,1,14.2582,4278.67
1011,12,1,1,14.2441,4206.68
1009,12,1,1,14.2374,4172.76
1038,12,1,1,14.2294,4132.87
1039,12,1,1,14.2288,4130.2
1037,12,1,1,14.216,4069.25
1034,12,1,1,14.2062,4019.03
2032,12,1,1,14.1908,3941.44
1050,12,1,1,14.1618,3796.99
1804,12,1,1,14.1487,3730.98
2015,12,1,1,14.1375,3674.76
2014,12,1,1,14.1293,3633.76
2017,12,1,1,14.1282,3628.07
2170,12,1,1,14.1253,3613.42
917,12,1,1,14.1191,3582.43
2016,12,1,1,14.1183,3578.62
915,12,1,1,14.0973,3473.67
1555,12,1,1,14.0899,3436.9
2157,12,1,1,14.079,3383.15
2019,12,1,1,14.0521,3256.89
929,12,1,1,14.0517,3254.9
938,12,1,1,14.0398,3189.05
950,12,1,1,14.0263,3118.49
951,12,1,1,14.0193,3082.77
949,12,1,1,14.0083,3026.3
1302,12,1,1,13.9892,2919.57
636,12,1,2,14.3901,4909.04,0.0391667,170.833,0.15,3
631,12,1,2,14.3834,4876.25
630,12,1,2,14.3776,4847.73
637,12,1,2,14.3671,4795.65
1996,12,1,2,14.3546,4732.36
1997,12,1,2,14.3507,4712.46
2027,12,1,2,14.3235,4582.24
2026,12,1,2,14.3177,4553.76
978,12,1,2,14.3104,4518.61
64,12,1,3,14.6755,6540.42,0,0,0
195,12,1,3,14.6539,6424.16
196,12,1,3,14.6512,6404.58
205,12,1,3,14.6369,6318.5
215,12,1,3,14.6125,6163.52
225,12,1,3,14.5876,5959.69
715,12,1,3,14.5527,5769.15
714,12,1,3,14.549,5745.31
726,12,1,3,14.5488,5743.45
529,12,1,3,14.5347,5643.84
605,12,1,3,14.5194,5546.58
603,12,1,3,14.5136,5515.6
604,12,1,3,14.5088,5490.19
596,12,1,3,14.5086,5489.22
580,12,1,3,14.4943,5413.01
583,12,1,3,14.4881,5383.2
587,12,1,3,14.4859,5368.77
578,12,1,3,14.4828,5351.95
575,12,1,3,14.4773,5320.85
571,12,1,3,14.4744,5304.73
570,12,1,3,14.4696,5281.45
1994,12,1,3,14.4568,5217.1
562,12,1,3,14.4435,5152.04
639,12,1,3,14.44,5134.6
638,12,1,3,14.4333,5100.57
636,12,1,3,14.4293,5079.87
220,13,0,0,11.0872,472.978,0.0955,416.542,0.04,1
2130,13,0,0,11.0724,392.48
215,13,0,0,11.0675,358.782
205,13,0,0,11.0436,204.484
196,13,0,0,11.0305,119.897
195,13,0,0,11.0279,100.335
64,13,0,0,11.01,0
710,13,0,1,11.2404,1198.14,0.0443333,193.369,0.36,2
223,13,0,1,11.2229,1104.91
224,13,0,1,11.2088,1031.05
222,13,0,1,11.193,945.57
220,13,0,1,11.1827,889.52
455,13,0,2,11.3438,1774.06,0.0408333,178.103,0.03,3
454,13,0,2,11.341,1758.44
457,13,0,2,11.3343,1704.48
456,13,0,2,11.3291,1675.03
458,13,0,2,11.3196,1613.89
459,13,0,2,11.3137,1568.78
1543,13,0,2,11.3044,1506.55
710,13,0,2,11.2847,1391.51
603,13,0,3,11.475,2516.24,0.109,475.425,0.32,4
604,13,0,3,11.4708,2493.1
596,13,0,3,11.4706,2492.13
595,13,0,3,11.4652,2461.72
605,13,0,3,11.464,2453.73
529,13,0,3,11.4468,2353.71
726,13,0,3,11.4309,2252.51
714,13,0,3,11.4307,2250.62
1543,13,0,3,11.4259,2220.1
459,13,0,3,11.4156,2156.7
458,13,0,3,11.4091,2111.44
456,13,0,3,11.4,2050.65
457,13,0,3,11.3946,2020.43
454,13,0,3,11.387,1966.47
455,13,0,3,11.3846,1952.16
1108,13,0,4,11.7762,3990.79,0.0935,407.819,0.09,5
1109,13,0,4,11.7718,3968.11
1113,13,0,4,11.765,3933.96
1847,13,0,4,11.7515,3866.44
1086,13,0,4,11.7479,3846.41
1087,13,0,4,11.7334,3773.22
1090,13,0,4,11.7247,3728.06
1076,13,0,4,11.6985,3601.08
1074,13,0,4,11.6944,3579.96
1077,13,0,4,11.6848,3529.14
1080,13,0,4,11.6713,3461.94
1079,13,0,4,11.6647,3427.48
1061,13,0,4,11.6605,3406.2
1063,13,0,4,11.6569,3388.03
1062,13,0,4,11.6559,3380.95
2159,13,0,4,11.6556,3379.84
1045,13,0,4,11.6549,3376.69
1012,13,0,4,11.6477,3335.7
1014,13,0,4,11.6472,3332.84
989,13,0,4,11.6361,3274.53
990,13,0,4,11.6261,3224.27
991,13,0,4,11.6235,3211.92
706,13,0,4,11.6165,3172.46
704,13,0,4,11.6138,3159.68
2179,13,0,4,11.6136,3158.82
662,13,0,4,11.6074,3129.17
602,13,0,4,11.5961,3060.9
604,13,0,4,11.5935,3044.1
596,13,0,4,11.5934,3043.13
595,13,0,4,11.5879,3012.72
603,13,0,4,11.584,2991.67
1304,13,0,5,11.9992,5081.23,0.0428333,186.826,0.12,6
952,13,0,5,11.9748,4948.24
953,13,0,5,11.9641,4893.46
2023,13,0,5,11.9632,4889.36
2108,13,0,5,11.9468,4804.15
1794,13,0,5,11.9397,4768.39
2106,13,0,5,11.9245,4689.02
2039,13,0,5,11.9068,4595.49
1106,13,0,5,11.8972,4543.54
2035,13,0,5,11.883,4469.49
1108,13,0,5,11.8697,4398.6
895,13,0,6,12.1981,6068.38,0.0435,189.734,0.02,7
907,13,0,6,12.1824,5991.05
908,13,0,6,12.1733,5945.57
2014,13,0,6,12.1727,5942.89
2017,13,0,6,12.1716,5937.2
2170,13,0,6,12.1688,5923.01
1738,13,0,6,12.1514,5836.08
1737,13,0,6,12.1447,5802.3
936,13,0,6,12.1295,5723.39
933,13,0,6,12.1289,5720.45
934,13,0,6,12.1234,5682.8
935,13,0,6,12.1229,5680.19
2020,13,0,6,12.1118,5623.21
1787,13,0,6,12.0922,5526.06
1788,13,0,6,12.0914,5522.36
1789,13,0,6,12.08,5465.37
952,13,0,6,12.0711,5420.92
1304,13,0,6,12.042,5268.05
64,13,0,7,12.6024,8376.44,0,0,0
195,13,0,7,12.5733,8228.06
196,13,0,7,12.5705,8208.47
205,13,0,7,12.556,8122.02
215,13,0,7,12.5305,7965.64
225,13,0,7,12.5045,7762.43
715,13,0,7,12.473,7586.76
714,13,0,7,12.469,7562.6
726,13,0,7,12.4688,7560.75
529,13,0,7,12.4547,7461.1
605,13,0,7,12.4398,7364.43
603,13,0,7,12.4335,7331.35
604,13,0,7,12.4296,7309.49
596,13,0,7,12.4294,7308.52
580,13,0,7,12.4178,7244
574,13,0,7,12.3964,7132.88
573,13,0,7,12.3868,7079.08
564,13,0,7,12.3793,7038.82
557,13,0,7,12.3745,7007.75
561,13,0,7,12.368,6961.31
628,13,0,7,12.3638,6936.17
609,13,0,7,12.3521,6860.87
423,13,0,7,12.3462,6804.55
419,13,0,7,12.3394,6766.98
420,13,0,7,12.3334,6730.95
421,13,0,7,12.3288,6703.46
417,13,0,7,12.3238,6676.74
1989,13,0,7,12.3054,6582.53
2011,13,0,7,12.2861,6482.82
891,13,0,7,12.2641,6368.36
893,13,0,7,12.2581,6337.49
894,13,0,7,12.2528,6312.75
895,13,0,7,12.2416,6258.12
636,13,1,0,13.3745,1394.57,0.0665,290.053,0.15,1
633,13,1,0,13.3688,1365.03
563,13,1,0,13.3635,1340.03
565,13,1,0,13.357,1306.55
573,13,1,0,13.3517,1279.96
574,13,1,0,13.3444,1230.49
580,13,1,0,13.3216,1113.57
596,13,1,0,13.3155,1053.72
595,13,1,0,13.3105,1025.37
605,13,1,0,13.3093,1017.31
529,13,1,0,13.2927,918.413
726,13,1,0,13.2766,816.876
714,13,1,0,13.2764,814.998
715,13,1,0,13.2729,791.373
225,13,1,0,13.2551,630.742
215,13,1,0,13.2279,427.668
205,13,1,0,13.1969,255.297
196,13,1,0,13.1818,168.03
195,13,1,0,13.1792,148.465
64,13,1,0,13.15,0
1302,13,1,1,13.7321,3261.19,0.035,152.659,0.22,2
949,13,1,1,13.7091,3137.13
951,13,1,1,13.6982,3080.88
950,13,1,1,13.6895,3038.19
938,13,1,1,13.6777,2975.07
929,13,1,1,13.6651,2906.38
2019,13,1,1,13.6647,2904.4
2157,13,1,1,13.6455,2809.59
905,13,1,1,13.6111,2631.64
889,13,1,1,13.6001,2575.9
890,13,1,1,13.5905,2527.94
2013,13,1,1,13.5676,2409.78
1988,13,1,1,13.5486,2310
417,13,1,1,13.5249,2191.92
418,13,1,1,13.5216,2174.14
419,13,1,1,13.5064,2090.01
423,13,1,1,13.4998,2052.71
609,13,1,1,13.4939,1996.39
628,13,1,1,13.484,1922.38
561,13,1,1,13.4801,1897.61
557,13,1,1,13.4727,1850.38
554,13,1,1,13.4705,1839.24
565,13,1,1,13.4605,1785.59
562,13,1,1,13.4538,1750.77
639,13,1,1,13.4503,1733.33
638,13,1,1,13.445,1705.54
636,13,1,1,13.441,1684.62
978,13,1,2,14.051,4850.06,0.0373333,162.837,0.05,3
1010,13,1,2,14.036,4772.95
1011,13,1,2,14.022,4700.96
1009,13,1,2,14.0153,4667.04
1038,13,1,2,14.0073,4627.15
1039,13,1,2,14.0067,4624.47
1037,13,1,2,13.9938,4563.52
1034,13,1,2,13.9841,4513.31
2032,13,1,2,13.9686,4435.72
1050,13,1,2,13.9397,4291.27
1804,13,1,2,13.9266,4225.25
2015,13,1,2,13.9154,4169.04
2014,13,1,2,13.9072,4128.04
2017,13,1,2,13.9061,4122.34
2170,13,1,2,13.9032,4107.7
917,13,1,2,13.897,4076.71
2016,13,1,2,13.8962,4072.9
915,13,1,2,13.8751,3967.94
1555,13,1,2,13.8678,3931.17
2157,13,1,2,13.8569,3877.42
2019,13,1,2,13.83,3751.16
929,13,1,2,13.8296,3749.18
938,13,1,2,13.8176,3683.33
950,13,1,2,13.8041,3612.77
951,13,1,2,13.7971,3577.05
949,13,1,2,13.7861,3520.57
1302,13,1,2,13.7671,3413.85
64,13,1,3,14.3507,6550.46,0,0,0
195,13,1,3,14.3294,6435.45
196,13,1,3,14.3267,6415.87
205,13,1,3,14.3124,6329.79
215,13,1,3,14.288,6174.81
225,13,1,3,14.2631,5970.98
715,13,1,3,14.2282,5780.43
714,13,1,3,14.2244,5756.59
726,13,1,3,14.2242,5754.73
529,13,1,3,14.2102,5655.12
605,13,1,3,14.1948,5557.86
603,13,1,3,14.189,5526.88
2202,13,1,3,14.1858,5506.35
602,13,1,3,14.1819,5481.75
1851,13,1,3,14.1716,5411.72
1852,13,1,3,14.1638,5375.89
706,13,1,3,14.1509,5312.73
703,13,1,3,14.1448,5282.31
1542,13,1,3,14.135,5235.66
698,13,1,3,14.1277,5201.14
700,13,1,3,14.1209,5168.51
690,13,1,3,14.1058,5097.51
979,13,1,3,14.0976,5059.48
980,13,1,3,14.0918,5031.08
978,13,1,3,14.0883,5012.89
603,14,0,0,11.1684,1012.31,0.109,475.425,0.32,1
604,14,0,0,11.1641,989.164
596,14,0,0,11.164,988.193
595,14,0,0,11.1585,957.784
605,14,0,0,11.1574,949.793
529,14,0,0,11.1402,849.768
726,14,0,0,11.1243,748.573
714,14,0,0,11.1241,746.688
715,14,0,0,11.1207,723.201
225,14,0,0,11.1032,562.11
215,14,0,0,11.0775,358.782
205,14,0,0,11.0536,204.484
196,14,0,0,11.0405,119.897
195,14,0,0,11.0379,100.335
64,14,0,0,11.02,0
1108,14,0,1,11.4695,2486.85,0.0935,407.819,0.09,2
1109,14,0,1,11.4652,2464.18
1113,14,0,1,11.4583,2430.03
1847,14,0,1,11.4449,2362.5
1086,14,0,1,11.4413,2342.47
1087,14,0,1,11.4267,2269.28
1090,14,0,1,11.418,2224.12
1076,14,0,1,11.3919,2097.14
1074,14,0,1,11.3878,2076.03
1077,14,0,1,11.3782,2025.21
1080,14,0,1,11.3647,1958
1079,14,0,1,11.3581,1923.55
1061,14,0,1,11.3538,1902.26
1063,14,0,1,11.3503,1884.1
1062,14,0,1,11.3492,1877.02
2159,14,0,1,11.349,1875.9
1045,14,0,1,11.3483,1872.75
1012,14,0,1,11.3411,1831.77
1014,14,0,1,11.3405,1828.9
989,14,0,1,11.3295,1770.6
990,14,0,1,11.3194,1720.33
991,14,0,1,11.3168,1707.98
706,14,0,1,11.3098,1668.52
704,14,0,1,11.3072,1655.75
2179,14,0,1,11.307,1654.88
662,14,0,1,11.3008,1625.24
602,14,0,1,11.2894,1556.96
604,14,0,1,11.2869,1540.16
596,14,0,1,11.2867,1539.19
595,14,0,1,11.2813,1508.78
603,14,0,1,11.2774,1487.73
1304,14,0,2,11.6926,3577.29,0.0428333,186.826,0.12,3
952,14,0,2,11.6682,3444.3
953,14,0,2,11.6574,3389.53
2023,14,0,2,11.6566,3385.43
2108,14,0,2,11.6401,3300.22
1794,14,0,2,11.6331,3264.46
2106,14,0,2,11.6178,3185.09
2039,14,0,2,11.6002,3091.56
1106,14,0,2,11.5906,3039.61
2035,14,0,2,11.5763,2965.56
1108,14,0,2,11.563,2894.67
895,14,0,3,11.8942,4576.55,0.103333,450.709,0.01,4
907,14,0,3,11.8786,4499.65
908,14,0,3,11.8693,4453.6
2014,14,0,3,11.8687,4450.92
2017,14,0,3,11.8676,4445.23
2170,14,0,3,11.8646,4430.37
1738,14,0,3,11.8501,4355.29
1737,14,0,3,11.8447,4327.23
936,14,0,3,11.8296,4248.61
933,14,0,3,11.829,4245.67
934,14,0,3,11.8235,4208.03
943,14,0,3,11.8069,4127.49
2020,14,0,3,11.8061,4123.55
1787,14,0,3,11.7887,4035.69
1788,14,0,3,11.788,4031.98
1789,14,0,3,11.7779,3980.67
952,14,0,3,11.7699,3940.16
1304,14,0,3,11.7354,3764.11
64,14,0,4,12.3342,7034.23,0,0,0
195,14,0,4,12.3121,6916
196,14,0,4,12.3092,6896.27
205,14,0,4,12.2953,6810.71
215,14,0,4,12.2697,6654.27
225,14,0,4,12.2444,6450.75
715,14,0,4,12.2163,6285.72
714,14,0,4,12.2124,6261.72
726,14,0,4,12.2122,6259.84
529,14,0,4,12.1985,6160.34
605,14,0,4,12.1837,6063.73
603,14,0,4,12.1786,6035.75
604,14,0,4,12.1743,6012.61
596,14,0,4,12.1742,6011.64
580,14,0,4,12.1658,5953.37
574,14,0,4,12.1485,5860.12
573,14,0,4,12.1384,5804.22
564,14,0,4,12.1308,5763.07
557,14,0,4,12.1247,5729.08
561,14,0,4,12.118,5682.56
628,14,0,4,12.1135,5656.91
609,14,0,4,12.1007,5580.26
423,14,0,4,12.0948,5523.94
419,14,0,4,12.0902,5489.49
420,14,0,4,12.0842,5453.55
431,14,0,4,12.0644,5356.51
434,14,0,4,12.0579,5325.9
873,14,0,4,12.0536,5302.89
874,14,0,4,12.0405,5239.64
870,14,0,4,12.0346,5209.76
894,14,0,4,12.0076,5077.24
895,14,0,4,11.9975,5027.26
1302,14,1,0,13.8042,2766.91,0.035,152.659,0.22,1
949,14,1,0,13.7812,2642.85
2025,14,1,0,13.7777,2625.39
1598,14,1,0,13.7744,2606.63
948,14,1,0,13.7695,2579.61
928,14,1,0,13.7591,2522.31
929,14,1,0,13.7389,2416.19
2019,14,1,0,13.7385,2414.21
2157,14,1,0,13.7124,2290.85
905,14,1,0,13.6755,2102.44
889,14,1,0,13.6662,2054.31
890,14,1,0,13.6596,2018.4
2013,14,1,0,13.6401,1915.19
1988,14,1,0,13.6225,1821.32
417,14,1,0,13.602,1716.71
418,14,1,0,13.598,1695.77
419,14,1,0,13.5825,1609.96
423,14,1,0,13.5763,1573.67
609,14,1,0,13.5704,1517.35
628,14,1,0,13.5606,1443.34
561,14,1,0,13.5567,1418.58
557,14,1,0,13.5493,1371.34
554,14,1,0,13.5471,1360.2
565,14,1,0,13.537,1306.55
573,14,1,0,13.5317,1279.96
574,14,1,0,13.5244,1230.49
580,14,1,0,13.5016,1113.57
596,14,1,0,13.4955,1053.72
595,14,1,0,13.4905,1025.37
605,14,1,0,13.4893,1017.31
529,14,1,0,13.4727,918.413
726,14,1,0,13.4566,816.876
714,14,1,0,13.4564,814.998
715,14,1,0,13.4529,791.373
225,14,1,0,13.4351,630.742
215,14,1,0,13.4079,427.668
205,14,1,0,13.3769,255.297
196,14,1,0,13.3618,168.03
195,14,1,0,13.3592,148.465
64,14,1,0,13.33,0
978,14,1,1,14.1231,4355.78,0.0373333,162.837,0.05,2
1010,14,1,1,14.1082,4278.67
1011,14,1,1,14.0941,4206.68
1009,14,1,1,14.0874,4172.76
1038,14,1,1,14.0794,4132.87
1039,14,1,1,14.0788,4130.2
1037,14,1,1,14.066,4069.25
1034,14,1,1,14.0562,4019.03
2032,14,1,1,14.0408,3941.44
1050,14,1,1,14.0118,3796.99
1804,14,1,1,13.9987,3730.98
2015,14,1,1,13.9875,3674.76
2014,14,1,1,13.9793,3633.76
2017,14,1,1,13.9782,3628.07
2170,14,1,1,13.9753,3613.42
917,14,1,1,13.9691,3582.43
2016,14,1,1,13.9683,3578.62
915,14,1,1,13.9473,3473.67
1555,14,1,1,13.9399,3436.9
2157,14,1,1,13.929,3383.15
2019,14,1,1,13.9021,3256.89
929,14,1,1,13.9017,3254.9
938,14,1,1,13.8898,3189.05
950,14,1,1,13.8763,3118.49
951,14,1,1,13.8693,3082.77
949,14,1,1,13.8583,3026.3
1302,14,1,1,13.8392,2919.57
636,14,1,2,14.2401,4909.04,0.0391667,170.833,0.15,3
631,14,1,2,14.2334,4876.25
630,14,1,2,14.2276,4847.73
637,14,1,2,14.2171,4795.65
1996,14,1,2,14.2046,4732.36
1997,14,1,2,14.2007,4712.46
2027,14,1,2,14.1735,4582.24
2026,14,1,2,14.1677,4553.76
978,14,1,2,14.1604,4518.61
64,14,1,3,14.5255,6540.42,0,0,0
195,14,1,3,14.5039,6424.16
196,14,1,3,14.5012,6404.58
205,14,1,3,14.4869,6318.5
215,14,1,3,14.4625,6163.52
225,14,1,3,14.4376,5959.69
715,14,1,3,14.4027,5769.15
714,14,1,3,14.399,5745.31
726,14,1,3,14.3988,5743.45
529,14,1,3,14.3847,5643.84
605,14,1,3,14.3694,5546.58
603,14,1,3,14.3636,5515.6
604,14,1,3,14.3588,5490.19
596,14,1,3,14.3586,5489.22
580,14,1,3,14.3443,5413.01
583,14,1,3,14.3381,5383.2
587,14,1,3,14.3359,5368.77
578,14,1,3,14.3328,5351.95
575,14,1,3,14.3273,5320.85
571,14,1,3,14.3244,5304.73
570,14,1,3,14.3196,5281.45
1994,14,1,3,14.3068,5217.1
562,14,1,3,14.2935,5152.04
639,14,1,3,14.29,5134.6
638,14,1,3,14.2833,5100.57
636,14,1,3,14.2793,5079.87
220,14,2,0,11.5872,472.978,0.0955,416.542,0.04,1
2130,14,2,0,11.5724,392.48
215,14,2,0,11.5675,358.782
205,14,2,0,11.5436,204.484
196,14,2,0,11.5305,119.897
195,14,2,0,11.5279,100.335
64,14,2,0,11.51,0
455,14,2,1,11.7721,1421.69,0.0408333,178.103,0.03,2
454,14,2,1,11.7693,1406.07
457,14,2,1,11.7625,1352.11
456,14,2,1,11.7574,1322.67
458,14,2,1,11.7479,1261.52
459,14,2,1,11.742,1216.42
450,14,2,1,11.7268,1132.53
229,14,2,1,11.7173,1079.68
222,14,2,1,11.693,945.57
220,14,2,1,11.6827,889.52
710,14,2,2,11.8756,1988,0.0443333,193.369,0.36,3
1543,14,2,2,11.8542,1867.73
459,14,2,2,11.8439,1804.33
458,14,2,2,11.8374,1759.07
456,14,2,2,11.8283,1698.29
457,14,2,2,11.8229,1668.07
454,14,2,2,11.8153,1614.11
455,14,2,2,11.8129,1599.79
64,14,2,3,12.0205,2864.25,0,0,0
195,14,2,3,11.9993,2749.57
196,14,2,3,11.9965,2729.96
205,14,2,3,11.984,2646.06
215,14,2,3,11.9641,2493.96
225,14,2,3,11.9389,2290.4
1680,14,2,3,11.9359,2271.38
710,14,2,3,11.92,2181.37
