Node, Individual, Route,Segment, Travel time, Travel cost, Attention time, Attention cost, Failure rate, Demand
220,0,0,0,13.0402,511.167,0.072,314.042,0.12,1
2130,0,0,0,13.0224,417.757
215,0,0,0,13.0169,383.417
205,0,0,0,12.9889,223.068
196,0,0,0,12.975,137.521
195,0,0,0,12.9719,117.624
64,0,0,0,12.95,0
710,0,0,1,13.179,1171.13,0.0466667,203.546,0.45,2
223,0,0,1,13.1599,1071.11
224,0,0,1,13.1366,958.91
222,0,0,1,13.1209,874.132
220,0,0,1,13.1122,825.209
455,0,0,2,13.2863,1763.6,0.0423333,184.645,0.11,3
454,0,0,2,13.2831,1746.22
457,0,0,2,13.2765,1692.15
456,0,0,2,13.2716,1663.11
458,0,0,2,13.2623,1602.2
459,0,0,2,13.2557,1556.85
1543,0,0,2,13.2471,1495.04
710,0,0,2,13.2256,1374.67
1108,0,0,3,13.5922,3410.34,0.0723333,315.496,0.16,4
1109,0,0,3,13.5882,3388.96
1113,0,0,3,13.5818,3356.71
1847,0,0,3,13.57,3296.07
1086,0,0,3,13.5663,3275.89
1087,0,0,3,13.5529,3207.33
1090,0,0,3,13.5443,3162.57
1076,0,0,3,13.5262,3069.24
1074,0,0,3,13.5222,3048.58
1077,0,0,3,13.5088,2981.61
1080,0,0,3,13.4939,2908.26
1079,0,0,3,13.4867,2871.78
1061,0,0,3,13.4825,2850.49
1063,0,0,3,13.4793,2833.65
1062,0,0,3,13.4783,2826.61
2159,0,0,3,13.4781,2825.63
1045,0,0,3,13.4774,2822.48
1012,0,0,3,13.4702,2781.49
2028,0,0,3,13.4621,2736.03
989,0,0,3,13.4587,2720.29
990,0,0,3,13.4486,2670.03
991,0,0,3,13.446,2657.68
706,0,0,3,13.439,2618.21
704,0,0,3,13.4364,2605.44
2179,0,0,3,13.4362,2604.58
662,0,0,3,13.43,2574.93
602,0,0,3,13.4187,2506.79
599,0,0,3,13.4142,2482.09
605,0,0,3,13.4091,2453.97
529,0,0,3,13.3925,2355.08
726,0,0,3,13.3764,2253.54
714,0,0,3,13.3762,2251.66
1543,0,0,3,13.3704,2219.22
459,0,0,3,13.3603,2156.04
458,0,0,3,13.3536,2110.63
456,0,0,3,13.345,2050.23
457,0,0,3,13.339,2017.18
454,0,0,3,13.3313,1963.2
455,0,0,3,13.3286,1948.24
1304,0,0,4,13.7932,4404.31,0.0735,320.585,0.21,5
952,0,0,4,13.7691,4272.99
953,0,0,4,13.7569,4211.94
2023,0,0,4,13.7561,4207.84
2108,0,0,4,13.7419,4132.18
1794,0,0,4,13.7356,4099.83
2106,0,0,4,13.7217,4026.08
2039,0,0,4,13.7031,3928.56
1106,0,0,4,13.6929,3874.16
2035,0,0,4,13.6809,3809.57
1108,0,0,4,13.6646,3725.83
1302,0,0,5,13.9138,4963.89,0.035,152.659,0.22,6
1303,0,0,5,13.8934,4860.2
1305,0,0,5,13.8782,4784.18
1304,0,0,5,13.8667,4724.9
895,0,0,6,14.0977,5894.32,0.081,353.298,0.02,7
896,0,0,6,14.094,5876.08
892,0,0,6,14.0903,5857.33
906,0,0,6,14.0777,5788.47
1555,0,0,6,14.0494,5633.87
2157,0,0,6,14.0385,5580.12
2019,0,0,6,14.0117,5453.86
929,0,0,6,14.0113,5451.88
938,0,0,6,13.9993,5386.03
950,0,0,6,13.9858,5315.47
951,0,0,6,13.9788,5279.75
949,0,0,6,13.9678,5223.27
1302,0,0,6,13.9488,5116.55
978,0,0,7,14.3447,7086.98,0.0373333,162.837,0.05,8
1010,0,0,7,14.3299,7010.21
1011,0,0,7,14.3156,6937.58
1009,0,0,7,14.31,6908.14
1038,0,0,7,14.3018,6867.54
1039,0,0,7,14.3013,6864.87
1037,0,0,7,14.2914,6816.31
1034,0,0,7,14.2832,6772.47
2032,0,0,7,14.2677,6694.87
1050,0,0,7,14.2414,6561.09
1049,0,0,7,14.2413,6561
1025,0,0,7,14.234,6523.3
1029,0,0,7,14.2209,6457.51
1027,0,0,7,14.2081,6394.14
898,0,0,7,14.1977,6341.65
895,0,0,7,14.1787,6247.62
636,0,0,8,14.4617,7640.24,0.0391667,170.833,0.15,9
631,0,0,8,14.455,7607.45
630,0,0,8,14.4492,7578.93
637,0,0,8,14.4387,7526.85
1996,0,0,8,14.4262,7463.56
1997,0,0,8,14.4223,7443.66
2027,0,0,8,14.3951,7313.44
2026,0,0,8,14.3893,7284.96
978,0,0,8,14.382,7249.82
603,0,0,9,14.5852,8246.8,0.0658333,287.145,0.35,10
604,0,0,9,14.5804,8221.39
596,0,0,9,14.5802,8220.42
580,0,0,9,14.566,8144.21
583,0,0,9,14.5597,8114.4
587,0,0,9,14.5575,8099.97
578,0,0,9,14.5544,8083.16
575,0,0,9,14.5489,8052.05
571,0,0,9,14.546,8035.93
570,0,0,9,14.5412,8012.65
1994,0,0,9,14.5284,7948.3
562,0,0,9,14.5151,7883.24
639,0,0,9,14.5116,7865.8
638,0,0,9,14.5049,7831.77
636,0,0,9,14.5009,7811.07
64,0,0,10,14.8129,9558.76,0,0,0
195,0,0,10,14.7914,9442.51
196,0,0,10,14.7886,9422.93
205,0,0,10,14.7744,9336.85
215,0,0,10,14.75,9181.87
225,0,0,10,14.7251,8978.04
715,0,0,10,14.6901,8787.49
714,0,0,10,14.6864,8763.65
726,0,0,10,14.6862,8761.79
529,0,0,10,14.6722,8662.18
605,0,0,10,14.6568,8564.93
603,0,0,10,14.651,8533.95
220,1,0,0,12.8502,511.167,0.0923333,402.73,0.08,1
2130,1,0,0,12.8324,417.757
215,1,0,0,12.8269,383.417
205,1,0,0,12.7989,223.068
196,1,0,0,12.785,137.521
195,1,0,0,12.7819,117.624
64,1,0,0,12.76,0
710,1,0,1,13.007,1250.5,0.0466667,203.546,0.45,2
223,1,0,1,12.9904,1161.15
224,1,0,1,12.9685,1054.49
222,1,0,1,12.9526,968.676
220,1,0,1,12.9426,913.897
455,1,0,2,13.1144,1842.97,0.0423333,184.645,0.11,3
454,1,0,2,13.1111,1825.59
457,1,0,2,13.1046,1771.53
456,1,0,2,13.0996,1742.49
458,1,0,2,13.0904,1681.58
459,1,0,2,13.0838,1636.23
1543,1,0,2,13.0752,1574.42
710,1,0,2,13.0537,1454.05
1108,1,0,3,13.4203,3489.72,0.0723333,315.496,0.16,4
1109,1,0,3,13.4162,3468.33
1113,1,0,3,13.4098,3436.08
1847,1,0,3,13.3981,3375.45
1086,1,0,3,13.3944,3355.26
1087,1,0,3,13.381,3286.71
1090,1,0,3,13.3724,3241.94
1076,1,0,3,13.3543,3148.62
1074,1,0,3,13.3503,3127.95
1077,1,0,3,13.3368,3060.98
1080,1,0,3,13.3219,2987.63
1079,1,0,3,13.3148,2951.15
1061,1,0,3,13.3105,2929.87
1063,1,0,3,13.3073,2913.03
1062,1,0,3,13.3063,2905.99
2159,1,0,3,13.3061,2905
1045,1,0,3,13.3054,2901.85
1012,1,0,3,13.2982,2860.87
2028,1,0,3,13.2901,2815.4
989,1,0,3,13.2867,2799.67
990,1,0,3,13.2767,2749.41
991,1,0,3,13.2741,2737.05
706,1,0,3,13.2671,2697.59
704,1,0,3,13.2644,2684.82
2179,1,0,3,13.2642,2683.96
662,1,0,3,13.258,2654.31
602,1,0,3,13.2468,2586.17
599,1,0,3,13.2423,2561.47
605,1,0,3,13.2371,2533.35
529,1,0,3,13.2206,2434.45
726,1,0,3,13.2044,2332.92
714,1,0,3,13.2042,2331.04
1543,1,0,3,13.1985,2298.6
459,1,0,3,13.1883,2235.42
458,1,0,3,13.1816,2190.01
456,1,0,3,13.173,2129.61
457,1,0,3,13.167,2096.56
454,1,0,3,13.1594,2042.58
455,1,0,3,13.1567,2027.62
1304,1,0,4,13.6212,4483.69,0.0735,320.585,0.21,5
952,1,0,4,13.5972,4352.37
953,1,0,4,13.5849,4291.32
2023,1,0,4,13.5841,4287.22
2108,1,0,4,13.5699,4211.55
1794,1,0,4,13.5636,4179.21
2106,1,0,4,13.5497,4105.45
2039,1,0,4,13.5312,4007.94
1106,1,0,4,13.5209,3953.53
2035,1,0,4,13.5089,3888.95
1108,1,0,4,13.4926,3805.21
1302,1,0,5,13.7418,5043.27,0.035,152.659,0.22,6
1303,1,0,5,13.7215,4939.58
1305,1,0,5,13.7062,4863.56
1304,1,0,5,13.6947,4804.28
895,1,0,6,13.9258,5973.7,0.0823333,359.113,0.02,7
896,1,0,6,13.9221,5955.46
892,1,0,6,13.9183,5936.71
906,1,0,6,13.9057,5867.85
1555,1,0,6,13.8775,5713.25
2157,1,0,6,13.8666,5659.5
2019,1,0,6,13.8397,5533.24
929,1,0,6,13.8393,5531.26
938,1,0,6,13.8273,5465.41
950,1,0,6,13.8138,5394.84
951,1,0,6,13.8068,5359.13
949,1,0,6,13.7959,5302.65
1302,1,0,6,13.7768,5195.93
978,1,0,7,14.1741,7172.17,0.0373333,162.837,0.05,8
1010,1,0,7,14.1592,7095.41
1011,1,0,7,14.145,7022.77
1009,1,0,7,14.1394,6993.33
1038,1,0,7,14.1312,6952.74
1039,1,0,7,14.1306,6950.06
1037,1,0,7,14.1208,6901.5
1034,1,0,7,14.1126,6857.66
2032,1,0,7,14.0971,6780.07
1050,1,0,7,14.0707,6646.28
1049,1,0,7,14.0707,6646.19
1025,1,0,7,14.0633,6608.49
1029,1,0,7,14.0503,6542.71
1027,1,0,7,14.0375,6479.33
898,1,0,7,14.0271,6426.85
895,1,0,7,14.0081,6332.81
636,1,0,8,14.2911,7725.43,0.0391667,170.833,0.15,9
631,1,0,8,14.2844,7692.64
630,1,0,8,14.2786,7664.12
637,1,0,8,14.268,7612.04
1996,1,0,8,14.2556,7548.76
1997,1,0,8,14.2517,7528.85
2027,1,0,8,14.2245,7398.64
2026,1,0,8,14.2187,7370.15
978,1,0,8,14.2114,7335.01
603,1,0,9,14.4145,8331.99,0.0658333,287.145,0.35,10
604,1,0,9,14.4097,8306.58
596,1,0,9,14.4096,8305.61
580,1,0,9,14.3953,8229.41
583,1,0,9,14.3891,8199.59
587,1,0,9,14.3869,8185.16
578,1,0,9,14.3838,8168.35
575,1,0,9,14.3783,8137.24
571,1,0,9,14.3754,8121.12
570,1,0,9,14.3706,8097.85
1994,1,0,9,14.3578,8033.49
562,1,0,9,14.3444,7968.44
639,1,0,9,14.341,7950.99
638,1,0,9,14.3343,7916.96
636,1,0,9,14.3303,7896.26
64,1,0,10,14.6423,9643.96,0,0,0
195,1,0,10,14.6207,9527.7
196,1,0,10,14.618,9508.12
205,1,0,10,14.6038,9422.04
215,1,0,10,14.5793,9267.06
225,1,0,10,14.5545,9063.23
715,1,0,10,14.5195,8872.69
714,1,0,10,14.5158,8848.84
726,1,0,10,14.5156,8846.99
529,1,0,10,14.5015,8747.38
605,1,0,10,14.4862,8650.12
603,1,0,10,14.4804,8619.14
603,2,0,0,12.3799,1036.37,0.0631667,275.514,0.35,1
604,2,0,0,12.3759,1014.51
596,2,0,0,12.3758,1013.54
595,2,0,0,12.3697,980.797
605,2,0,0,12.3686,972.784
529,2,0,0,12.3513,872.775
726,2,0,0,12.3366,772.69
714,2,0,0,12.3364,770.827
715,2,0,0,12.3328,747.175
225,2,0,0,12.3149,586.655
215,2,0,0,12.2869,383.417
205,2,0,0,12.2589,223.068
196,2,0,0,12.245,137.521
195,2,0,0,12.2419,117.624
64,2,0,0,12.22,0
978,2,0,1,12.5547,1890,0.107833,470.336,0.07,2
1010,2,0,1,12.5391,1809.85
1016,2,0,1,12.5166,1707.34
1548,2,0,1,12.5096,1671.31
1012,2,0,1,12.5054,1648.89
1014,2,0,1,12.505,1646.68
989,2,0,1,12.4945,1590.82
990,2,0,1,12.4844,1540.56
704,2,0,1,12.4731,1482.82
2179,2,0,1,12.4729,1481.96
662,2,0,1,12.4667,1452.31
602,2,0,1,12.4558,1384.62
604,2,0,1,12.4533,1367.94
596,2,0,1,12.4532,1366.97
595,2,0,1,12.4472,1334.23
603,2,0,1,12.443,1311.88
1108,2,0,2,12.8023,3062.26,0.0588333,256.613,0.13,3
1109,2,0,2,12.7982,3040.72
1848,2,0,2,12.778,2946.21
1069,2,0,2,12.7703,2904.46
1784,2,0,2,12.7541,2818.91
1053,2,0,2,12.7506,2801.06
2033,2,0,2,12.7311,2709.47
1054,2,0,2,12.7235,2668.56
1037,2,0,2,12.7187,2642.84
1039,2,0,2,12.7112,2604.23
1041,2,0,2,12.7017,2556.4
2030,2,0,2,12.6955,2525.47
1011,2,0,2,12.6953,2524.62
1547,2,0,2,12.681,2454.5
1546,2,0,2,12.676,2428.81
975,2,0,2,12.6728,2411.66
981,2,0,2,12.6687,2390.87
980,2,0,2,12.6662,2378.83
978,2,0,2,12.6626,2360.34
1304,2,0,3,12.994,4013.52,0.0815,355.478,0.17,4
2163,2,0,3,12.973,3903.78
2051,2,0,3,12.9394,3725.69
2050,2,0,3,12.9282,3666.68
2106,2,0,3,12.9213,3631.94
2039,2,0,3,12.9036,3537.97
1106,2,0,3,12.8937,3485.03
2035,2,0,3,12.8811,3418.2
1108,2,0,3,12.8611,3318.87
1302,2,0,4,13.1226,4607.99,0.035,152.659,0.22,5
1303,2,0,4,13.1023,4504.3
1305,2,0,4,13.0871,4428.28
1304,2,0,4,13.0755,4368.99
895,2,0,5,13.3066,5538.42,0.0823333,359.113,0.02,6
896,2,0,5,13.3029,5520.18
892,2,0,5,13.2992,5501.43
906,2,0,5,13.2865,5432.57
1555,2,0,5,13.2583,5277.97
2157,2,0,5,13.2474,5224.22
2019,2,0,5,13.2205,5097.96
929,2,0,5,13.2201,5095.97
938,2,0,5,13.2081,5030.12
950,2,0,5,13.1947,4959.56
951,2,0,5,13.1877,4923.85
949,2,0,5,13.1767,4867.37
1302,2,0,5,13.1576,4760.65
636,2,0,6,13.5305,6709.58,0.0665,290.053,0.15,7
633,2,0,6,13.5248,6680.05
563,2,0,6,13.5195,6655.05
564,2,0,6,13.5137,6624.21
557,2,0,6,13.5078,6591.12
561,2,0,6,13.5011,6544.59
628,2,0,6,13.4968,6519.22
609,2,0,6,13.4846,6443.42
423,2,0,6,13.4787,6387.1
419,2,0,6,13.4734,6352.25
420,2,0,6,13.4683,6317.31
421,2,0,6,13.4643,6290.53
417,2,0,6,13.4598,6266.05
1989,2,0,6,13.4432,6179.63
2011,2,0,6,13.4254,6086.44
891,2,0,6,13.4055,5980.55
892,2,0,6,13.395,5928.91
896,2,0,6,13.3924,5914.85
895,2,0,6,13.3889,5897.53
455,2,0,7,13.7596,7868.74,0.0423333,184.645,0.11,8
453,2,0,7,13.7509,7803.28
452,2,0,7,13.7387,7715.96
1678,2,0,7,13.723,7631.57
474,2,0,7,13.703,7532.06
2140,2,0,7,13.6948,7494.22
475,2,0,7,13.6881,7462.95
499,2,0,7,13.6803,7423.36
500,2,0,7,13.6757,7399.96
518,2,0,7,13.6702,7371.77
1754,2,0,7,13.657,7309.91
540,2,0,7,13.6484,7266.01
541,2,0,7,13.6377,7210.86
572,2,0,7,13.629,7165.11
1994,2,0,7,13.6193,7114.83
562,2,0,7,13.6097,7065.78
639,2,0,7,13.6063,7048.34
638,2,0,7,13.601,7020.55
636,2,0,7,13.597,6999.63
710,2,0,8,13.867,8452.59,0.0466667,203.546,0.45,9
1543,2,0,8,13.8437,8324.37
459,2,0,8,13.8336,8261.18
458,2,0,8,13.8269,8215.78
456,2,0,8,13.8183,8155.37
457,2,0,8,13.8122,8122.33
454,2,0,8,13.8046,8068.35
455,2,0,8,13.8019,8053.38
220,2,0,9,13.977,8990.13,0.072,314.042,0.12,10
222,2,0,9,13.969,8942.4
224,2,0,9,13.9528,8855.4
223,2,0,9,13.9367,8772.72
710,2,0,9,13.9137,8656.13
64,2,0,10,14.1326,9802.85,0,0,0
195,2,0,10,14.1111,9686.59
196,2,0,10,14.1083,9667.01
205,2,0,10,14.0941,9580.93
215,2,0,10,14.0696,9425.96
2130,2,0,10,14.0656,9392.3
220,2,0,10,14.049,9304.17
220,3,0,0,12.8402,511.167,0.0923333,402.73,0.08,1
2130,3,0,0,12.8224,417.757
215,3,0,0,12.8169,383.417
205,3,0,0,12.7889,223.068
196,3,0,0,12.775,137.521
195,3,0,0,12.7719,117.624
64,3,0,0,12.75,0
710,3,0,1,12.997,1250.5,0.0983333,428.9,0.42,2
223,3,0,1,12.9804,1161.15
224,3,0,1,12.9585,1054.49
222,3,0,1,12.9426,968.676
220,3,0,1,12.9326,913.897
455,3,0,2,13.156,2068.33,0.0423333,184.645,0.11,3
454,3,0,2,13.1528,2050.95
457,3,0,2,13.1462,1996.88
456,3,0,2,13.1413,1967.85
458,3,0,2,13.1321,1906.93
459,3,0,2,13.1254,1861.58
1543,3,0,2,13.1169,1799.77
710,3,0,2,13.0954,1679.4
1108,3,0,3,13.462,3715.07,0.0723333,315.496,0.16,4
1109,3,0,3,13.4579,3693.69
1113,3,0,3,13.4515,3661.44
1847,3,0,3,13.4397,3600.81
1086,3,0,3,13.4361,3580.62
1087,3,0,3,13.4226,3512.06
1090,3,0,3,13.414,3467.3
1076,3,0,3,13.396,3373.97
1074,3,0,3,13.3919,3353.31
1077,3,0,3,13.3785,3286.34
1080,3,0,3,13.3636,3212.99
1079,3,0,3,13.3565,3176.51
1061,3,0,3,13.3522,3155.22
1063,3,0,3,13.349,3138.38
1062,3,0,3,13.348,3131.34
2159,3,0,3,13.3478,3130.36
1045,3,0,3,13.3471,3127.21
1012,3,0,3,13.3399,3086.22
2028,3,0,3,13.3318,3040.76
989,3,0,3,13.3284,3025.02
990,3,0,3,13.3183,2974.76
991,3,0,3,13.3157,2962.41
706,3,0,3,13.3087,2922.94
704,3,0,3,13.3061,2910.17
2179,3,0,3,13.3059,2909.31
662,3,0,3,13.2997,2879.66
602,3,0,3,13.2885,2811.52
599,3,0,3,13.284,2786.83
605,3,0,3,13.2788,2758.7
529,3,0,3,13.2622,2659.81
726,3,0,3,13.2461,2558.27
714,3,0,3,13.2459,2556.39
1543,3,0,3,13.2401,2523.95
459,3,0,3,13.23,2460.77
458,3,0,3,13.2233,2415.36
456,3,0,3,13.2147,2354.96
457,3,0,3,13.2087,2321.91
454,3,0,3,13.201,2267.93
455,3,0,3,13.1984,2252.97
1304,3,0,4,13.6629,4709.04,0.0735,320.585,0.21,5
952,3,0,4,13.6389,4577.72
953,3,0,4,13.6266,4516.67
2023,3,0,4,13.6258,4512.57
2108,3,0,4,13.6116,4436.91
1794,3,0,4,13.6053,4404.56
2106,3,0,4,13.5914,4330.81
2039,3,0,4,13.5728,4233.29
1106,3,0,4,13.5626,4178.89
2035,3,0,4,13.5506,4114.3
1108,3,0,4,13.5343,4030.57
1302,3,0,5,13.7835,5268.62,0.035,152.659,0.22,6
1303,3,0,5,13.7631,5164.93
1305,3,0,5,13.7479,5088.91
1304,3,0,5,13.7364,5029.63
895,3,0,6,13.9674,6199.05,0.0823333,359.113,0.02,7
896,3,0,6,13.9637,6180.81
892,3,0,6,13.96,6162.06
906,3,0,6,13.9474,6093.2
1555,3,0,6,13.9192,5938.6
2157,3,0,6,13.9082,5884.85
2019,3,0,6,13.8814,5758.59
929,3,0,6,13.881,5756.61
938,3,0,6,13.869,5690.76
950,3,0,6,13.8555,5620.2
951,3,0,6,13.8485,5584.48
949,3,0,6,13.8375,5528
1302,3,0,6,13.8185,5421.28
978,3,0,7,14.2157,7397.53,0.0373333,162.837,0.05,8
1010,3,0,7,14.2009,7320.76
1011,3,0,7,14.1867,7248.12
1009,3,0,7,14.1811,7218.69
1038,3,0,7,14.1729,7178.09
1039,3,0,7,14.1723,7175.42
1037,3,0,7,14.1625,7126.85
1034,3,0,7,14.1542,7083.01
2032,3,0,7,14.1388,7005.42
1050,3,0,7,14.1124,6871.64
1049,3,0,7,14.1124,6871.55
1025,3,0,7,14.105,6833.85
1029,3,0,7,14.092,6768.06
1027,3,0,7,14.0791,6704.68
898,3,0,7,14.0687,6652.2
895,3,0,7,14.0498,6558.17
636,3,0,8,14.3328,7950.79,0.0391667,170.833,0.15,9
631,3,0,8,14.3261,7917.99
630,3,0,8,14.3203,7889.48
637,3,0,8,14.3097,7837.4
1996,3,0,8,14.2973,7774.11
1997,3,0,8,14.2934,7754.21
2027,3,0,8,14.2662,7623.99
2026,3,0,8,14.2604,7595.51
978,3,0,8,14.2531,7560.36
603,3,0,9,14.4562,8557.35,0.0658333,287.145,0.35,10
604,3,0,9,14.4514,8531.94
596,3,0,9,14.4513,8530.97
580,3,0,9,14.437,8454.76
583,3,0,9,14.4308,8424.95
587,3,0,9,14.4286,8410.52
578,3,0,9,14.4255,8393.7
575,3,0,9,14.42,8362.6
571,3,0,9,14.4171,8346.47
570,3,0,9,14.4122,8323.2
1994,3,0,9,14.3995,8258.84
562,3,0,9,14.3861,8193.79
639,3,0,9,14.3826,8176.35
638,3,0,9,14.3759,8142.32
636,3,0,9,14.3719,8121.62
64,3,0,10,14.684,9869.31,0,0,0
195,3,0,10,14.6624,9753.06
196,3,0,10,14.6597,9733.48
205,3,0,10,14.6454,9647.4
215,3,0,10,14.621,9492.42
225,3,0,10,14.5961,9288.58
715,3,0,10,14.5612,9098.04
714,3,0,10,14.5574,9074.2
726,3,0,10,14.5573,9072.34
529,3,0,10,14.5432,8972.73
605,3,0,10,14.5278,8875.47
603,3,0,10,14.522,8844.49
710,4,0,0,11.893,739.387,0.0443333,193.369,0.36,1
223,4,0,0,11.8755,646.157
1680,4,0,0,11.866,581.03
225,4,0,0,11.8632,562.11
215,4,0,0,11.8375,358.782
205,4,0,0,11.8136,204.484
196,4,0,0,11.8005,119.897
195,4,0,0,11.7979,100.335
64,4,0,0,11.78,0
603,4,0,1,12.0062,1343.94,0.0631667,275.514,0.35,2
604,4,0,1,12.0019,1320.8
596,4,0,1,12.0018,1319.83
595,4,0,1,11.9963,1289.42
605,4,0,1,11.9952,1281.43
529,4,0,1,11.9779,1181.4
726,4,0,1,11.962,1080.21
714,4,0,1,11.9619,1078.32
1543,4,0,1,11.957,1047.8
710,4,0,1,11.9373,932.755
1108,4,0,2,12.2578,2602.02,0.0588333,256.613,0.13,3
1109,4,0,2,12.2537,2580.49
1113,4,0,2,12.2464,2544.55
1847,4,0,2,12.2334,2478.7
1086,4,0,2,12.2297,2458.47
1087,4,0,2,12.216,2388.68
1090,4,0,2,12.2068,2341.42
1076,4,0,2,12.1837,2227.24
1074,4,0,2,12.1798,2206.85
1077,4,0,2,12.1694,2152.79
1080,4,0,2,12.1562,2086.35
1079,4,0,2,12.1485,2047.66
1061,4,0,2,12.1443,2026.38
1063,4,0,2,12.1408,2008.57
1062,4,0,2,12.1398,2001.5
2159,4,0,2,12.1396,2000.59
1045,4,0,2,12.1389,1997.44
1012,4,0,2,12.1317,1956.46
1014,4,0,2,12.1313,1954.26
989,4,0,2,12.1208,1898.4
990,4,0,2,12.1107,1848.13
704,4,0,2,12.0994,1790.4
2179,4,0,2,12.0992,1789.53
662,4,0,2,12.093,1759.89
602,4,0,2,12.0821,1692.19
604,4,0,2,12.0796,1675.51
596,4,0,2,12.0795,1674.54
595,4,0,2,12.0735,1641.8
603,4,0,2,12.0693,1619.46
1304,4,0,3,12.4495,3553.28,0.0815,355.478,0.17,4
2163,4,0,3,12.4285,3443.54
2051,4,0,3,12.3949,3265.45
2050,4,0,3,12.3837,3206.44
2106,4,0,3,12.3768,3171.71
2039,4,0,3,12.3591,3077.74
1106,4,0,3,12.3492,3024.79
2035,4,0,3,12.3367,2957.97
1108,4,0,3,12.3166,2858.64
1302,4,0,4,12.577,4142.76,0.106833,465.975,0.24,5
1303,4,0,4,12.5566,4039.23
1305,4,0,4,12.5431,3970.31
1304,4,0,4,12.531,3908.76
895,4,0,5,12.8496,5457.47,0.0435,189.734,0.02,6
896,4,0,5,12.8459,5439.23
892,4,0,5,12.8424,5421.45
906,4,0,5,12.8241,5328.65
1555,4,0,5,12.7987,5185.9
2157,4,0,5,12.786,5125.26
2019,4,0,5,12.757,4990.09
929,4,0,5,12.7566,4988.1
938,4,0,5,12.7445,4921.97
950,4,0,5,12.7286,4840.95
951,4,0,5,12.7221,4807.69
949,4,0,5,12.7105,4748.41
1302,4,0,5,12.6838,4608.74
978,4,0,6,13.0611,6496.16,0.0648333,282.783,0.06,7
1010,4,0,6,13.0454,6416.01
1011,4,0,6,13.032,6346.6
1009,4,0,6,13.0268,6318.98
1041,4,0,6,13.0266,6318.29
1039,4,0,6,13.0189,6277.81
1037,4,0,6,13.0093,6230.33
1034,4,0,6,13.0006,6184.64
2032,4,0,6,12.9852,6107.05
1050,4,0,6,12.9539,5952.95
1049,4,0,6,12.9539,5952.86
1025,4,0,6,12.9451,5909.2
1029,4,0,6,12.9318,5842.37
1027,4,0,6,12.92,5783.41
898,4,0,6,12.9117,5739.88
895,4,0,6,12.8931,5647.21
636,4,0,7,13.2032,7160.37,0.0665,290.053,0.15,8
633,4,0,7,13.1975,7130.84
639,4,0,7,13.194,7112.7
1993,4,0,7,13.1825,7054.41
1995,4,0,7,13.1756,7020.05
1996,4,0,7,13.1695,6990.1
1997,4,0,7,13.1656,6970.2
2027,4,0,7,13.1407,6849.43
2026,4,0,7,13.1349,6820.94
978,4,0,7,13.1259,6778.94
455,4,0,8,13.4323,8319.53,0.0423333,184.645,0.11,9
453,4,0,8,13.4237,8254.07
452,4,0,8,13.4114,8166.75
1678,4,0,8,13.3957,8082.36
474,4,0,8,13.3757,7982.85
2140,4,0,8,13.3675,7945.01
475,4,0,8,13.3608,7913.74
499,4,0,8,13.3531,7874.15
500,4,0,8,13.3485,7850.75
518,4,0,8,13.3429,7822.56
1754,4,0,8,13.3297,7760.7
540,4,0,8,13.3212,7716.8
541,4,0,8,13.3104,7661.65
572,4,0,8,13.3017,7615.9
1994,4,0,8,13.292,7565.62
562,4,0,8,13.2825,7516.57
639,4,0,8,13.279,7499.13
638,4,0,8,13.2738,7471.34
636,4,0,8,13.2697,7450.42
220,4,0,9,13.5661,9042.6,0.072,314.042,0.12,10
222,4,0,9,13.5581,8994.87
229,4,0,9,13.5327,8856.22
450,4,0,9,13.5223,8799.33
459,4,0,9,13.5063,8711.97
458,4,0,9,13.4996,8666.56
456,4,0,9,13.491,8606.16
457,4,0,9,13.485,8573.11
454,4,0,9,13.4773,8519.13
455,4,0,9,13.4747,8504.17
64,4,0,10,13.7337,9893.44,0,0,0
195,4,0,10,13.7094,9765.78
196,4,0,10,13.7067,9746.18
205,4,0,10,13.6917,9659.06
215,4,0,10,13.6602,9484.75
2130,4,0,10,13.6561,9451.1
220,4,0,10,13.6381,9356.64
220,5,0,0,11.7872,472.978,0.0955,416.542,0.04,1
2130,5,0,0,11.7724,392.48
215,5,0,0,11.7675,358.782
205,5,0,0,11.7436,204.484
196,5,0,0,11.7305,119.897
195,5,0,0,11.7279,100.335
64,5,0,0,11.71,0
710,5,0,1,11.9404,1198.14,0.0443333,193.369,0.36,2
223,5,0,1,11.9229,1104.91
224,5,0,1,11.9088,1031.05
222,5,0,1,11.893,945.57
220,5,0,1,11.8827,889.52
603,5,0,2,12.0536,1802.69,0.0631667,275.514,0.35,3
604,5,0,2,12.0493,1779.55
596,5,0,2,12.0492,1778.58
595,5,0,2,12.0437,1748.17
605,5,0,2,12.0426,1740.18
529,5,0,2,12.0253,1640.15
726,5,0,2,12.0095,1538.96
714,5,0,2,12.0093,1537.07
1543,5,0,2,12.0044,1506.55
710,5,0,2,11.9847,1391.51
1108,5,0,3,12.3052,3060.77,0.0588333,256.613,0.13,4
1109,5,0,3,12.3011,3039.24
1113,5,0,3,12.2938,3003.3
1847,5,0,3,12.2808,2937.45
1086,5,0,3,12.2771,2917.22
1087,5,0,3,12.2634,2847.43
1090,5,0,3,12.2542,2800.18
1076,5,0,3,12.2311,2685.99
1074,5,0,3,12.2272,2665.6
1077,5,0,3,12.2168,2611.54
1080,5,0,3,12.2036,2545.1
1079,5,0,3,12.1959,2506.41
1061,5,0,3,12.1917,2485.13
1063,5,0,3,12.1882,2467.32
1062,5,0,3,12.1872,2460.25
2159,5,0,3,12.187,2459.35
1045,5,0,3,12.1863,2456.2
1012,5,0,3,12.1791,2415.21
1014,5,0,3,12.1787,2413.01
989,5,0,3,12.1682,2357.15
990,5,0,3,12.1581,2306.89
704,5,0,3,12.1468,2249.15
2179,5,0,3,12.1466,2248.28
662,5,0,3,12.1404,2218.64
602,5,0,3,12.1295,2150.94
604,5,0,3,12.127,2134.26
596,5,0,3,12.1269,2133.29
595,5,0,3,12.1209,2100.55
603,5,0,3,12.1167,2078.21
1304,5,0,4,12.4969,4012.03,0.0815,355.478,0.17,5
2163,5,0,4,12.4759,3902.29
2051,5,0,4,12.4423,3724.2
2050,5,0,4,12.4312,3665.19
2106,5,0,4,12.4242,3630.46
2039,5,0,4,12.4065,3536.49
1106,5,0,4,12.3966,3483.54
2035,5,0,4,12.3841,3416.72
1108,5,0,4,12.364,3317.39
1302,5,0,5,12.6244,4601.51,0.106833,465.975,0.24,6
1303,5,0,5,12.604,4497.98
1305,5,0,5,12.5905,4429.06
1304,5,0,5,12.5784,4367.51
895,5,0,6,12.897,5916.22,0.0435,189.734,0.02,7
896,5,0,6,12.8933,5897.98
892,5,0,6,12.8898,5880.2
906,5,0,6,12.8716,5787.4
1555,5,0,6,12.8461,5644.65
2157,5,0,6,12.8335,5584.01
2019,5,0,6,12.8044,5448.84
929,5,0,6,12.804,5446.85
938,5,0,6,12.7919,5380.72
950,5,0,6,12.776,5299.7
951,5,0,6,12.7695,5266.44
949,5,0,6,12.7579,5207.16
1302,5,0,6,12.7312,5067.49
978,5,0,7,13.1085,6954.91,0.0648333,282.783,0.06,8
1010,5,0,7,13.0928,6874.76
1011,5,0,7,13.0794,6805.35
1009,5,0,7,13.0742,6777.73
1041,5,0,7,13.0741,6777.04
1039,5,0,7,13.0663,6736.56
1037,5,0,7,13.0567,6689.08
1034,5,0,7,13.048,6643.39
2032,5,0,7,13.0326,6565.8
1050,5,0,7,13.0013,6411.7
1049,5,0,7,13.0013,6411.61
1025,5,0,7,12.9925,6367.95
1029,5,0,7,12.9792,6301.12
1027,5,0,7,12.9674,6242.16
898,5,0,7,12.9592,6198.63
895,5,0,7,12.9405,6105.96
636,5,0,8,13.2506,7619.12,0.0665,290.053,0.15,9
633,5,0,8,13.2449,7589.59
639,5,0,8,13.2415,7571.45
1993,5,0,8,13.2299,7513.16
1995,5,0,8,13.223,7478.8
1996,5,0,8,13.2169,7448.85
1997,5,0,8,13.213,7428.95
2027,5,0,8,13.1881,7308.18
2026,5,0,8,13.1823,7279.69
978,5,0,8,13.1733,7237.69
455,5,0,9,13.4797,8778.28,0.0423333,184.645,0.11,10
453,5,0,9,13.4711,8712.82
452,5,0,9,13.4588,8625.5
1678,5,0,9,13.4431,8541.11
474,5,0,9,13.4231,8441.6
2140,5,0,9,13.4149,8403.76
475,5,0,9,13.4082,8372.49
499,5,0,9,13.4005,8332.9
500,5,0,9,13.3959,8309.5
518,5,0,9,13.3903,8281.31
1754,5,0,9,13.3771,8219.45
540,5,0,9,13.3686,8175.55
541,5,0,9,13.3578,8120.4
572,5,0,9,13.3491,8074.65
1994,5,0,9,13.3394,8024.37
562,5,0,9,13.3299,7975.32
639,5,0,9,13.3264,7957.88
638,5,0,9,13.3212,7930.09
636,5,0,9,13.3171,7909.17
64,5,0,10,13.7005,9954.86,0,0,0
63,5,0,10,13.695,9924.51
199,5,0,10,13.6566,9728.31
202,5,0,10,13.6351,9612.27
208,5,0,10,13.6233,9540.49
170,5,0,10,13.5997,9416.25
176,5,0,10,13.5996,9415.93
183,5,0,10,13.5823,9319.66
192,5,0,10,13.5777,9288.55
458,5,0,10,13.547,9125.31
456,5,0,10,13.5384,9064.91
457,5,0,10,13.5324,9031.86
454,5,0,10,13.5247,8977.88
455,5,0,10,13.5221,8962.92
220,6,0,0,11.6772,472.978,0.0955,416.542,0.04,1
2130,6,0,0,11.6624,392.48
215,6,0,0,11.6575,358.782
205,6,0,0,11.6336,204.484
196,6,0,0,11.6205,119.897
195,6,0,0,11.6179,100.335
64,6,0,0,11.6,0
710,6,0,1,11.8304,1198.14,0.0443333,193.369,0.36,2
223,6,0,1,11.8129,1104.91
224,6,0,1,11.7988,1031.05
222,6,0,1,11.783,945.57
220,6,0,1,11.7727,889.52
455,6,0,2,11.9338,1774.06,0.0408333,178.103,0.03,3
454,6,0,2,11.931,1758.44
457,6,0,2,11.9243,1704.48
456,6,0,2,11.9191,1675.03
458,6,0,2,11.9096,1613.89
459,6,0,2,11.9037,1568.78
1543,6,0,2,11.8944,1506.55
710,6,0,2,11.8747,1391.51
603,6,0,3,12.065,2516.24,0.0631667,275.514,0.35,4
604,6,0,3,12.0608,2493.1
596,6,0,3,12.0606,2492.13
595,6,0,3,12.0552,2461.72
605,6,0,3,12.054,2453.73
529,6,0,3,12.0368,2353.71
726,6,0,3,12.0209,2252.51
714,6,0,3,12.0207,2250.62
1543,6,0,3,12.0159,2220.1
459,6,0,3,12.0056,2156.7
458,6,0,3,11.9991,2111.44
456,6,0,3,11.99,2050.65
457,6,0,3,11.9846,2020.43
454,6,0,3,11.977,1966.47
455,6,0,3,11.9746,1952.16
1108,6,0,4,12.3166,3774.32,0.0588333,256.613,0.13,5
1109,6,0,4,12.3126,3752.79
1113,6,0,4,12.3053,3716.85
1847,6,0,4,12.2923,3651
1086,6,0,4,12.2886,3630.77
1087,6,0,4,12.2749,3560.98
1090,6,0,4,12.2657,3513.73
1076,6,0,4,12.2426,3399.54
1074,6,0,4,12.2386,3379.15
1077,6,0,4,12.2283,3325.1
1080,6,0,4,12.215,3258.65
1079,6,0,4,12.2074,3219.96
1061,6,0,4,12.2031,3198.68
1063,6,0,4,12.1997,3180.87
1062,6,0,4,12.1986,3173.8
2159,6,0,4,12.1985,3172.9
1045,6,0,4,12.1978,3169.75
1012,6,0,4,12.1905,3128.76
1014,6,0,4,12.1901,3126.56
989,6,0,4,12.1796,3070.7
990,6,0,4,12.1696,3020.44
704,6,0,4,12.1583,2962.7
2179,6,0,4,12.1581,2961.83
662,6,0,4,12.1519,2932.19
602,6,0,4,12.1409,2864.49
604,6,0,4,12.1385,2847.81
596,6,0,4,12.1384,2846.84
595,6,0,4,12.1324,2814.1
603,6,0,4,12.1282,2791.76
1304,6,0,5,12.5084,4725.58,0.0815,355.478,0.17,6
2163,6,0,5,12.4874,4615.84
2051,6,0,5,12.4538,4437.75
2050,6,0,5,12.4426,4378.74
2106,6,0,5,12.4357,4344.01
2039,6,0,5,12.418,4250.04
1106,6,0,5,12.4081,4197.09
2035,6,0,5,12.3955,4130.27
1108,6,0,5,12.3755,4030.94
1302,6,0,6,12.6358,5315.06,0.106833,465.975,0.24,7
1303,6,0,6,12.6155,5211.53
1305,6,0,6,12.602,5142.62
1304,6,0,6,12.5899,5081.06
895,6,0,7,12.9085,6629.77,0.0435,189.734,0.02,8
896,6,0,7,12.9048,6611.53
892,6,0,7,12.9013,6593.75
906,6,0,7,12.883,6500.95
1555,6,0,7,12.8575,6358.2
2157,6,0,7,12.8449,6297.56
2019,6,0,7,12.8158,6162.39
929,6,0,7,12.8154,6160.4
938,6,0,7,12.8034,6094.27
950,6,0,7,12.7874,6013.25
951,6,0,7,12.781,5979.99
949,6,0,7,12.7693,5920.71
1302,6,0,7,12.7427,5781.04
978,6,0,8,13.1199,7668.46,0.0648333,282.783,0.06,9
1010,6,0,8,13.1043,7588.31
1011,6,0,8,13.0908,7518.91
1009,6,0,8,13.0857,7491.28
1041,6,0,8,13.0855,7490.59
1039,6,0,8,13.0777,7450.11
1037,6,0,8,13.0682,7402.63
1034,6,0,8,13.0595,7356.94
2032,6,0,8,13.044,7279.35
1050,6,0,8,13.0128,7125.25
1049,6,0,8,13.0128,7125.16
1025,6,0,8,13.0039,7081.5
1029,6,0,8,12.9907,7014.67
1027,6,0,8,12.9789,6955.71
898,6,0,8,12.9706,6912.18
895,6,0,8,12.952,6819.51
636,6,0,9,13.2621,8332.67,0.0665,290.053,0.15,10
633,6,0,9,13.2564,8303.14
639,6,0,9,13.2529,8285
1993,6,0,9,13.2413,8226.71
1995,6,0,9,13.2345,8192.35
1996,6,0,9,13.2284,8162.4
1997,6,0,9,13.2245,8142.5
2027,6,0,9,13.1996,8021.73
2026,6,0,9,13.1938,7993.25
978,6,0,9,13.1848,7951.24
64,6,0,10,13.576,10076.7,0,0,0
195,6,0,10,13.5517,9949.05
196,6,0,10,13.549,9929.46
205,6,0,10,13.534,9842.34
215,6,0,10,13.5025,9668.03
225,6,0,10,13.4765,9464.79
715,6,0,10,13.4485,9299.91
714,6,0,10,13.4447,9276
726,6,0,10,13.4445,9274.15
529,6,0,10,13.4306,9174.62
605,6,0,10,13.416,9078.13
603,6,0,10,13.4074,9035.49
604,6,0,10,13.4024,9009.09
596,6,0,10,13.4022,9008.12
580,6,0,10,13.3907,8943.8
583,6,0,10,13.3845,8913.98
587,6,0,10,13.3823,8899.6
578,6,0,10,13.3794,8883.5
575,6,0,10,13.3736,8851.06
571,6,0,10,13.371,8835.95
570,6,0,10,13.3671,8816.9
1994,6,0,10,13.3509,8737.92
562,6,0,10,13.3413,8688.87
639,6,0,10,13.3379,8671.43
638,6,0,10,13.3326,8643.64
636,6,0,10,13.3286,8622.72
220,7,0,0,11.0772,472.978,0.0955,416.542,0.04,1
2130,7,0,0,11.0624,392.48
215,7,0,0,11.0575,358.782
205,7,0,0,11.0336,204.484
196,7,0,0,11.0205,119.897
195,7,0,0,11.0179,100.335
64,7,0,0,11,0
710,7,0,1,11.2304,1198.14,0.0443333,193.369,0.36,2
223,7,0,1,11.2129,1104.91
224,7,0,1,11.1988,1031.05
222,7,0,1,11.183,945.57
220,7,0,1,11.1727,889.52
455,7,0,2,11.3338,1774.06,0.0408333,178.103,0.03,3
454,7,0,2,11.331,1758.44
457,7,0,2,11.3243,1704.48
456,7,0,2,11.3191,1675.03
458,7,0,2,11.3096,1613.89
459,7,0,2,11.3037,1568.78
1543,7,0,2,11.2944,1506.55
710,7,0,2,11.2747,1391.51
1108,7,0,3,11.6419,3428.96,0.0935,407.819,0.09,4
1109,7,0,3,11.6367,3402.77
1113,7,0,3,11.6306,3371.72
1847,7,0,3,11.6177,3306.52
1086,7,0,3,11.6141,3286.49
1087,7,0,3,11.5995,3213.3
1090,7,0,3,11.5908,3168.13
1076,7,0,3,11.5647,3041.16
1074,7,0,3,11.5605,3020.04
1077,7,0,3,11.551,2969.22
1080,7,0,3,11.5375,2902.01
1079,7,0,3,11.5309,2867.56
1061,7,0,3,11.5266,2846.28
1063,7,0,3,11.5231,2828.11
1062,7,0,3,11.522,2821.03
2159,7,0,3,11.5218,2819.92
1045,7,0,3,11.5211,2816.77
1012,7,0,3,11.5139,2775.78
1014,7,0,3,11.5133,2772.91
989,7,0,3,11.5023,2714.61
990,7,0,3,11.4922,2664.35
991,7,0,3,11.4896,2652
706,7,0,3,11.4826,2612.53
704,7,0,3,11.48,2599.76
2179,7,0,3,11.4798,2598.9
662,7,0,3,11.4736,2569.25
602,7,0,3,11.4622,2500.98
599,7,0,3,11.4581,2477.72
605,7,0,3,11.454,2453.73
529,7,0,3,11.4368,2353.71
726,7,0,3,11.4209,2252.51
714,7,0,3,11.4207,2250.62
1543,7,0,3,11.4159,2220.1
459,7,0,3,11.4056,2156.7
458,7,0,3,11.3991,2111.44
456,7,0,3,11.39,2050.65
457,7,0,3,11.3846,2020.43
454,7,0,3,11.377,1966.47
455,7,0,3,11.3746,1952.16
1304,7,0,4,11.8649,4519.4,0.0428333,186.826,0.12,5
952,7,0,4,11.8405,4386.42
953,7,0,4,11.8298,4331.64
2023,7,0,4,11.829,4327.54
2108,7,0,4,11.8125,4242.33
1794,7,0,4,11.8054,4206.57
2106,7,0,4,11.7902,4127.2
2039,7,0,4,11.7725,4033.67
1106,7,0,4,11.7629,3981.72
2035,7,0,4,11.7487,3907.67
1108,7,0,4,11.7354,3836.78
1302,7,0,5,11.9579,4957.93,0.068,296.595,0.26,6
1303,7,0,5,11.9373,4853.42
1305,7,0,5,11.9227,4779.54
1304,7,0,5,11.9077,4706.23
895,7,0,6,12.1917,6103.27,0.0435,189.734,0.02,7
896,7,0,6,12.188,6085.03
892,7,0,6,12.1845,6067.24
906,7,0,6,12.1663,5974.44
1555,7,0,6,12.1408,5831.69
2157,7,0,6,12.1282,5771.05
2019,7,0,6,12.0991,5635.88
929,7,0,6,12.0987,5633.9
938,7,0,6,12.0866,5567.77
950,7,0,6,12.0707,5486.74
951,7,0,6,12.0642,5453.48
949,7,0,6,12.0526,5394.2
1302,7,0,6,12.0259,5254.53
978,7,0,7,12.4032,7141.95,0.107833,470.336,0.07,8
1010,7,0,7,12.3876,7061.8
1011,7,0,7,12.3741,6992.4
1009,7,0,7,12.3689,6964.77
1041,7,0,7,12.3688,6964.08
1039,7,0,7,12.361,6923.61
1037,7,0,7,12.3514,6876.12
1034,7,0,7,12.3427,6830.43
2032,7,0,7,12.3273,6752.84
1050,7,0,7,12.296,6598.74
1049,7,0,7,12.296,6598.65
1025,7,0,7,12.2872,6554.99
1029,7,0,7,12.2739,6488.16
1027,7,0,7,12.2621,6429.2
898,7,0,7,12.2539,6385.67
895,7,0,7,12.2352,6293
636,7,0,8,12.5966,8026.78,0.091,396.915,0.15,9
633,7,0,8,12.5899,7993.17
639,7,0,8,12.5865,7975.63
1993,7,0,8,12.5768,7925.01
1995,7,0,8,12.5672,7879.72
1996,7,0,8,12.5557,7827.98
1997,7,0,8,12.5518,7808.08
2027,7,0,8,12.5236,7673.74
2026,7,0,8,12.5178,7645.43
978,7,0,8,12.511,7612.29
603,7,0,9,12.7673,8837.52,0.0631667,275.514,0.35,10
604,7,0,9,12.7633,8815.66
596,7,0,9,12.7632,8814.69
580,7,0,9,12.7516,8750.16
583,7,0,9,12.7454,8720.35
587,7,0,9,12.7434,8706.08
578,7,0,9,12.7405,8690.02
579,7,0,9,12.7331,8651.22
570,7,0,9,12.7261,8618.06
1994,7,0,9,12.7132,8552.98
562,7,0,9,12.7002,8489.6
639,7,0,9,12.6968,8472.16
638,7,0,9,12.6914,8443.92
636,7,0,9,12.6876,8423.69
64,7,0,10,12.9977,10143.5,0,0,0
195,7,0,10,12.971,10005.3
196,7,0,10,12.9679,9985.38
205,7,0,10,12.9526,9897.63
215,7,0,10,12.9269,9741.07
225,7,0,10,12.9,9538
715,7,0,10,12.8699,9368.44
714,7,0,10,12.8659,9344.28
726,7,0,10,12.8657,9342.43
529,7,0,10,12.8516,9242.78
605,7,0,10,12.8367,9146.11
603,7,0,10,12.8304,9113.03
220,8,0,0,11.2072,472.978,0.0955,416.542,0.04,1
2130,8,0,0,11.1924,392.48
215,8,0,0,11.1875,358.782
205,8,0,0,11.1636,204.484
196,8,0,0,11.1505,119.897
195,8,0,0,11.1479,100.335
64,8,0,0,11.13,0
710,8,0,1,11.3604,1198.14,0.0443333,193.369,0.36,2
223,8,0,1,11.3429,1104.91
224,8,0,1,11.3288,1031.05
222,8,0,1,11.313,945.57
220,8,0,1,11.3027,889.52
455,8,0,2,11.4638,1774.06,0.0408333,178.103,0.03,3
454,8,0,2,11.461,1758.44
457,8,0,2,11.4543,1704.48
456,8,0,2,11.4491,1675.03
458,8,0,2,11.4396,1613.89
459,8,0,2,11.4337,1568.78
1543,8,0,2,11.4244,1506.55
710,8,0,2,11.4047,1391.51
1108,8,0,3,11.7719,3428.96,0.0935,407.819,0.09,4
1109,8,0,3,11.7667,3402.77
1113,8,0,3,11.7606,3371.72
1847,8,0,3,11.7477,3306.52
1086,8,0,3,11.7441,3286.49
1087,8,0,3,11.7295,3213.3
1090,8,0,3,11.7208,3168.13
1076,8,0,3,11.6947,3041.16
1074,8,0,3,11.6905,3020.04
1077,8,0,3,11.681,2969.22
1080,8,0,3,11.6675,2902.01
1079,8,0,3,11.6609,2867.56
1061,8,0,3,11.6566,2846.28
1063,8,0,3,11.6531,2828.11
1062,8,0,3,11.652,2821.03
2159,8,0,3,11.6518,2819.92
1045,8,0,3,11.6511,2816.77
1012,8,0,3,11.6439,2775.78
1014,8,0,3,11.6433,2772.91
989,8,0,3,11.6323,2714.61
990,8,0,3,11.6222,2664.35
991,8,0,3,11.6196,2652
706,8,0,3,11.6126,2612.53
704,8,0,3,11.61,2599.76
2179,8,0,3,11.6098,2598.9
662,8,0,3,11.6036,2569.25
602,8,0,3,11.5922,2500.98
599,8,0,3,11.5881,2477.72
605,8,0,3,11.584,2453.73
529,8,0,3,11.5668,2353.71
726,8,0,3,11.5509,2252.51
714,8,0,3,11.5507,2250.62
1543,8,0,3,11.5459,2220.1
459,8,0,3,11.5356,2156.7
458,8,0,3,11.5291,2111.44
456,8,0,3,11.52,2050.65
457,8,0,3,11.5146,2020.43
454,8,0,3,11.507,1966.47
455,8,0,3,11.5046,1952.16
1304,8,0,4,11.9949,4519.4,0.0428333,186.826,0.12,5
952,8,0,4,11.9705,4386.42
953,8,0,4,11.9598,4331.64
2023,8,0,4,11.959,4327.54
2108,8,0,4,11.9425,4242.33
1794,8,0,4,11.9354,4206.57
2106,8,0,4,11.9202,4127.2
2039,8,0,4,11.9025,4033.67
1106,8,0,4,11.8929,3981.72
2035,8,0,4,11.8787,3907.67
1108,8,0,4,11.8654,3836.78
1302,8,0,5,12.0837,4940.23,0.106833,465.975,0.24,6
1303,8,0,5,12.0633,4836.7
1305,8,0,5,12.0498,4767.79
1304,8,0,5,12.0377,4706.23
895,8,0,6,12.3563,6254.95,0.0435,189.734,0.02,7
896,8,0,6,12.3526,6236.71
892,8,0,6,12.3491,6218.92
906,8,0,6,12.3309,6126.12
1555,8,0,6,12.3054,5983.37
2157,8,0,6,12.2928,5922.73
2019,8,0,6,12.2637,5787.56
929,8,0,6,12.2633,5785.58
938,8,0,6,12.2512,5719.45
950,8,0,6,12.2353,5638.42
951,8,0,6,12.2288,5605.16
949,8,0,6,12.2172,5545.88
1302,8,0,6,12.1905,5406.21
978,8,0,7,12.5678,7293.63,0.107833,470.336,0.07,8
1010,8,0,7,12.5521,7213.48
1011,8,0,7,12.5387,7144.08
1009,8,0,7,12.5335,7116.45
1041,8,0,7,12.5334,7115.76
1039,8,0,7,12.5256,7075.29
1037,8,0,7,12.516,7027.8
1034,8,0,7,12.5073,6982.11
2032,8,0,7,12.4919,6904.52
1050,8,0,7,12.4606,6750.42
1049,8,0,7,12.4606,6750.33
1025,8,0,7,12.4518,6706.67
1029,8,0,7,12.4385,6639.84
1027,8,0,7,12.4267,6580.88
898,8,0,7,12.4184,6537.35
895,8,0,7,12.3998,6444.68
636,8,0,8,12.7611,8178.46,0.091,396.915,0.15,9
633,8,0,8,12.7545,8144.85
639,8,0,8,12.7511,8127.31
1993,8,0,8,12.7414,8076.69
1995,8,0,8,12.7318,8031.4
1996,8,0,8,12.7203,7979.66
1997,8,0,8,12.7164,7959.76
2027,8,0,8,12.6882,7825.42
2026,8,0,8,12.6824,7797.11
978,8,0,8,12.6756,7763.97
603,8,0,9,12.9319,8989.2,0.0631667,275.514,0.35,10
604,8,0,9,12.9279,8967.34
596,8,0,9,12.9277,8966.37
580,8,0,9,12.9162,8901.84
583,8,0,9,12.91,8872.03
587,8,0,9,12.9079,8857.76
578,8,0,9,12.905,8841.7
579,8,0,9,12.8977,8802.9
570,8,0,9,12.8907,8769.74
1994,8,0,9,12.8778,8704.66
562,8,0,9,12.8648,8641.29
639,8,0,9,12.8614,8623.84
638,8,0,9,12.856,8595.6
636,8,0,9,12.8521,8575.37
64,8,0,10,13.1623,10295.2,0,0,0
195,8,0,10,13.1356,10157
196,8,0,10,13.1324,10137.1
205,8,0,10,13.1171,10049.3
215,8,0,10,13.0915,9892.75
225,8,0,10,13.0646,9689.68
715,8,0,10,13.0345,9520.12
714,8,0,10,13.0305,9495.96
726,8,0,10,13.0303,9494.11
529,8,0,10,13.0162,9394.46
605,8,0,10,13.0013,9297.79
603,8,0,10,12.995,9264.71
220,9,0,0,11.0772,472.978,0.0955,416.542,0.04,1
2130,9,0,0,11.0624,392.48
215,9,0,0,11.0575,358.782
205,9,0,0,11.0336,204.484
196,9,0,0,11.0205,119.897
195,9,0,0,11.0179,100.335
64,9,0,0,11,0
710,9,0,1,11.2304,1198.14,0.0443333,193.369,0.36,2
223,9,0,1,11.2129,1104.91
224,9,0,1,11.1988,1031.05
222,9,0,1,11.183,945.57
220,9,0,1,11.1727,889.52
455,9,0,2,11.3338,1774.06,0.0408333,178.103,0.03,3
454,9,0,2,11.331,1758.44
457,9,0,2,11.3243,1704.48
456,9,0,2,11.3191,1675.03
458,9,0,2,11.3096,1613.89
459,9,0,2,11.3037,1568.78
1543,9,0,2,11.2944,1506.55
710,9,0,2,11.2747,1391.51
603,9,0,3,11.465,2516.24,0.109,475.425,0.32,4
604,9,0,3,11.4608,2493.1
596,9,0,3,11.4606,2492.13
595,9,0,3,11.4552,2461.72
605,9,0,3,11.454,2453.73
529,9,0,3,11.4368,2353.71
726,9,0,3,11.4209,2252.51
714,9,0,3,11.4207,2250.62
1543,9,0,3,11.4159,2220.1
459,9,0,3,11.4056,2156.7
458,9,0,3,11.3991,2111.44
456,9,0,3,11.39,2050.65
457,9,0,3,11.3846,2020.43
454,9,0,3,11.377,1966.47
455,9,0,3,11.3746,1952.16
1108,9,0,4,11.7662,3990.79,0.0935,407.819,0.09,5
1109,9,0,4,11.7618,3968.11
1113,9,0,4,11.755,3933.96
1847,9,0,4,11.7415,3866.44
1086,9,0,4,11.7379,3846.41
1087,9,0,4,11.7234,3773.22
1090,9,0,4,11.7147,3728.06
1076,9,0,4,11.6885,3601.08
1074,9,0,4,11.6844,3579.96
1077,9,0,4,11.6748,3529.14
1080,9,0,4,11.6613,3461.94
1079,9,0,4,11.6547,3427.48
1061,9,0,4,11.6505,3406.2
1063,9,0,4,11.6469,3388.03
1062,9,0,4,11.6459,3380.95
2159,9,0,4,11.6456,3379.84
1045,9,0,4,11.6449,3376.69
1012,9,0,4,11.6377,3335.7
1014,9,0,4,11.6372,3332.84
989,9,0,4,11.6261,3274.53
990,9,0,4,11.6161,3224.27
991,9,0,4,11.6135,3211.92
706,9,0,4,11.6065,3172.46
704,9,0,4,11.6038,3159.68
2179,9,0,4,11.6036,3158.82
662,9,0,4,11.5974,3129.17
602,9,0,4,11.5861,3060.9
604,9,0,4,11.5835,3044.1
596,9,0,4,11.5834,3043.13
595,9,0,4,11.5779,3012.72
603,9,0,4,11.574,2991.67
1304,9,0,5,11.9892,5081.23,0.0428333,186.826,0.12,6
952,9,0,5,11.9648,4948.24
953,9,0,5,11.9541,4893.46
2023,9,0,5,11.9532,4889.36
2108,9,0,5,11.9368,4804.15
1794,9,0,5,11.9297,4768.39
2106,9,0,5,11.9145,4689.02
2039,9,0,5,11.8968,4595.49
1106,9,0,5,11.8872,4543.54
2035,9,0,5,11.873,4469.49
1108,9,0,5,11.8597,4398.6
1302,9,0,6,12.078,5502.06,0.106833,465.975,0.24,7
1303,9,0,6,12.0576,5398.52
1305,9,0,6,12.0441,5329.61
1304,9,0,6,12.032,5268.05
895,9,0,7,12.3506,6816.77,0.0435,189.734,0.02,8
896,9,0,7,12.3469,6798.53
892,9,0,7,12.3434,6780.74
906,9,0,7,12.3251,6687.94
1555,9,0,7,12.2997,6545.19
2157,9,0,7,12.2871,6484.56
2019,9,0,7,12.258,6349.38
929,9,0,7,12.2576,6347.4
938,9,0,7,12.2455,6281.27
950,9,0,7,12.2296,6200.24
951,9,0,7,12.2231,6166.99
949,9,0,7,12.2115,6107.7
1302,9,0,7,12.1848,5968.03
978,9,0,8,12.5621,7855.45,0.107833,470.336,0.07,9
1010,9,0,8,12.5464,7775.3
1011,9,0,8,12.533,7705.9
1009,9,0,8,12.5278,7678.27
1041,9,0,8,12.5276,7677.58
1039,9,0,8,12.5199,7637.11
1037,9,0,8,12.5103,7589.62
1034,9,0,8,12.5016,7543.93
2032,9,0,8,12.4862,7466.34
1050,9,0,8,12.4549,7312.25
1049,9,0,8,12.4549,7312.15
1025,9,0,8,12.4461,7268.49
1029,9,0,8,12.4328,7201.66
1027,9,0,8,12.421,7142.71
898,9,0,8,12.4127,7099.17
895,9,0,8,12.3941,7006.5
636,9,0,9,12.7554,8740.28,0.091,396.915,0.15,10
633,9,0,9,12.7488,8706.67
639,9,0,9,12.7454,8689.13
1993,9,0,9,12.7357,8638.52
1995,9,0,9,12.7261,8593.22
1996,9,0,9,12.7146,8541.49
1997,9,0,9,12.7107,8521.58
2027,9,0,9,12.6825,8387.24
2026,9,0,9,12.6767,8358.94
978,9,0,9,12.6699,8325.79
64,9,0,10,13.0935,10581.5,0,0,0
195,9,0,10,13.0667,10443.3
196,9,0,10,13.0636,10423.4
205,9,0,10,13.0483,10335.6
215,9,0,10,13.0227,10179.1
225,9,0,10,12.9957,9975.99
715,9,0,10,12.9656,9806.43
714,9,0,10,12.9616,9782.27
726,9,0,10,12.9614,9780.42
529,9,0,10,12.9473,9680.77
605,9,0,10,12.9324,9584.1
603,9,0,10,12.9261,9551.02
604,9,0,10,12.9222,9529.16
596,9,0,10,12.922,9528.19
580,9,0,10,12.9105,9463.67
583,9,0,10,12.9043,9433.85
587,9,0,10,12.9022,9419.58
578,9,0,10,12.8993,9403.52
579,9,0,10,12.892,9364.72
570,9,0,10,12.885,9331.56
1994,9,0,10,12.8721,9266.48
562,9,0,10,12.8591,9203.11
639,9,0,10,12.8556,9185.67
638,9,0,10,12.8503,9157.42
636,9,0,10,12.8464,9137.2
220,10,0,0,11.2572,472.978,0.0955,416.542,0.04,1
2130,10,0,0,11.2424,392.48
215,10,0,0,11.2375,358.782
205,10,0,0,11.2136,204.484
196,10,0,0,11.2005,119.897
195,10,0,0,11.1979,100.335
64,10,0,0,11.18,0
455,10,0,1,11.4421,1421.69,0.0408333,178.103,0.03,2
454,10,0,1,11.4393,1406.07
457,10,0,1,11.4325,1352.11
456,10,0,1,11.4274,1322.67
458,10,0,1,11.4179,1261.52
459,10,0,1,11.412,1216.42
450,10,0,1,11.3968,1132.53
229,10,0,1,11.3873,1079.68
222,10,0,1,11.363,945.57
220,10,0,1,11.3527,889.52
1108,10,0,2,11.7502,3076.6,0.0935,407.819,0.09,3
1109,10,0,2,11.745,3050.4
1113,10,0,2,11.7389,3019.35
1847,10,0,2,11.726,2954.15
1086,10,0,2,11.7224,2934.12
1087,10,0,2,11.7078,2860.93
1090,10,0,2,11.6991,2815.77
1076,10,0,2,11.673,2688.79
1074,10,0,2,11.6688,2667.67
1077,10,0,2,11.6592,2616.85
1080,10,0,2,11.6458,2549.65
1079,10,0,2,11.6392,2515.2
1061,10,0,2,11.6349,2493.91
1063,10,0,2,11.6314,2475.75
1062,10,0,2,11.6303,2468.67
2159,10,0,2,11.6301,2467.55
1045,10,0,2,11.6294,2464.4
1012,10,0,2,11.6222,2423.42
1014,10,0,2,11.6216,2420.55
989,10,0,2,11.6105,2362.25
990,10,0,2,11.6005,2311.98
991,10,0,2,11.5979,2299.63
706,10,0,2,11.5909,2260.17
704,10,0,2,11.5883,2247.4
2179,10,0,2,11.5881,2246.53
662,10,0,2,11.5819,2216.89
602,10,0,2,11.5705,2148.61
599,10,0,2,11.5664,2125.35
605,10,0,2,11.5623,2101.36
529,10,0,2,11.5451,2001.34
726,10,0,2,11.5292,1900.14
714,10,0,2,11.529,1898.26
1543,10,0,2,11.5242,1867.73
459,10,0,2,11.5139,1804.33
458,10,0,2,11.5074,1759.07
456,10,0,2,11.4983,1698.29
457,10,0,2,11.4929,1668.07
454,10,0,2,11.4853,1614.11
455,10,0,2,11.4829,1599.79
1304,10,0,3,11.9732,4167.04,0.0428333,186.826,0.12,4
952,10,0,3,11.9488,4034.05
953,10,0,3,11.9381,3979.28
2023,10,0,3,11.9372,3975.18
2108,10,0,3,11.9208,3889.97
1794,10,0,3,11.9137,3854.21
2106,10,0,3,11.8984,3774.84
2039,10,0,3,11.8808,3681.31
1106,10,0,3,11.8712,3629.36
2035,10,0,3,11.8569,3555.31
1108,10,0,3,11.8437,3484.42
1302,10,0,4,12.0619,4587.87,0.106833,465.975,0.24,5
1303,10,0,4,12.0416,4484.33
1305,10,0,4,12.0281,4415.42
1304,10,0,4,12.016,4353.86
895,10,0,5,12.3346,5902.58,0.0435,189.734,0.02,6
896,10,0,5,12.3309,5884.34
892,10,0,5,12.3274,5866.55
906,10,0,5,12.3091,5773.75
1555,10,0,5,12.2836,5631.01
2157,10,0,5,12.271,5570.37
2019,10,0,5,12.242,5435.19
929,10,0,5,12.2416,5433.21
938,10,0,5,12.2295,5367.08
950,10,0,5,12.2135,5286.05
951,10,0,5,12.2071,5252.8
949,10,0,5,12.1955,5193.51
1302,10,0,5,12.1688,5053.84
978,10,0,6,12.546,6941.26,0.107833,470.336,0.07,7
1010,10,0,6,12.5304,6861.11
1011,10,0,6,12.517,6791.71
1009,10,0,6,12.5118,6764.09
1041,10,0,6,12.5116,6763.4
1039,10,0,6,12.5038,6722.92
1037,10,0,6,12.4943,6675.43
1034,10,0,6,12.4856,6629.75
2032,10,0,6,12.4701,6552.15
1050,10,0,6,12.4389,6398.06
1049,10,0,6,12.4389,6397.97
1025,10,0,6,12.4301,6354.31
1029,10,0,6,12.4168,6287.47
1027,10,0,6,12.405,6228.52
898,10,0,6,12.3967,6184.99
895,10,0,6,12.3781,6092.31
636,10,0,7,12.7394,7826.09,0.091,396.915,0.15,8
633,10,0,7,12.7328,7792.49
639,10,0,7,12.7294,7774.95
1993,10,0,7,12.7196,7724.33
1995,10,0,7,12.7101,7679.04
1996,10,0,7,12.6986,7627.3
1997,10,0,7,12.6947,7607.4
2027,10,0,7,12.6664,7473.05
2026,10,0,7,12.6607,7444.75
978,10,0,7,12.6539,7411.6
64,10,0,8,13.0775,9667.33,0,0,0
195,10,0,8,13.0507,9529.12
196,10,0,8,13.0476,9509.18
205,10,0,8,13.0323,9421.44
215,10,0,8,13.0066,9264.88
225,10,0,8,12.9797,9061.8
715,10,0,8,12.9496,8892.24
714,10,0,8,12.9456,8868.09
726,10,0,8,12.9454,8866.23
529,10,0,8,12.9313,8766.58
605,10,0,8,12.9164,8669.91
603,10,0,8,12.9101,8636.84
604,10,0,8,12.9062,8614.97
596,10,0,8,12.906,8614
580,10,0,8,12.8945,8549.48
583,10,0,8,12.8882,8519.66
587,10,0,8,12.8862,8505.39
578,10,0,8,12.8833,8489.33
579,10,0,8,12.876,8450.53
570,10,0,8,12.869,8417.37
1994,10,0,8,12.8561,8352.3
562,10,0,8,12.8431,8288.92
639,10,0,8,12.8396,8271.48
638,10,0,8,12.8343,8243.24
636,10,0,8,12.8304,8223.01
603,10,1,0,11.3884,1012.31,0.109,475.425,0.32,1
604,10,1,0,11.3841,989.164
596,10,1,0,11.384,988.193
595,10,1,0,11.3785,957.784
605,10,1,0,11.3774,949.793
529,10,1,0,11.3602,849.768
726,10,1,0,11.3443,748.573
714,10,1,0,11.3441,746.688
715,10,1,0,11.3407,723.201
225,10,1,0,11.3232,562.11
215,10,1,0,11.2975,358.782
205,10,1,0,11.2736,204.484
196,10,1,0,11.2605,119.897
195,10,1,0,11.2579,100.335
64,10,1,0,11.24,0
710,10,1,1,11.5614,1902.23,0.0443333,193.369,0.36,2
1543,10,1,1,11.54,1781.96
715,10,1,1,11.5351,1737.7
714,10,1,1,11.5313,1713.7
726,10,1,1,11.5311,1711.81
529,10,1,1,11.5173,1612.32
605,10,1,1,11.5025,1515.71
603,10,1,1,11.4974,1487.73
64,10,1,2,11.7063,2778.48,0,0,0
195,10,1,2,11.6851,2663.8
196,10,1,2,11.6823,2644.19
205,10,1,2,11.6698,2560.28
215,10,1,2,11.6499,2408.19
225,10,1,2,11.6247,2204.62
1680,10,1,2,11.6217,2185.61
710,10,1,2,11.6058,2095.6
603,11,0,0,11.2384,1012.31,0.109,475.425,0.32,1
604,11,0,0,11.2341,989.164
596,11,0,0,11.234,988.193
595,11,0,0,11.2285,957.784
605,11,0,0,11.2274,949.793
529,11,0,0,11.2102,849.768
726,11,0,0,11.1943,748.573
714,11,0,0,11.1941,746.688
715,11,0,0,11.1907,723.201
225,11,0,0,11.1732,562.11
215,11,0,0,11.1475,358.782
205,11,0,0,11.1236,204.484
196,11,0,0,11.1105,119.897
195,11,0,0,11.1079,100.335
64,11,0,0,11.09,0
1108,11,0,1,11.5395,2486.85,0.0935,407.819,0.09,2
1109,11,0,1,11.5352,2464.18
1113,11,0,1,11.5283,2430.03
1847,11,0,1,11.5149,2362.5
1086,11,0,1,11.5113,2342.47
1087,11,0,1,11.4967,2269.28
1090,11,0,1,11.488,2224.12
1076,11,0,1,11.4619,2097.14
1074,11,0,1,11.4578,2076.03
1077,11,0,1,11.4482,2025.21
1080,11,0,1,11.4347,1958
1079,11,0,1,11.4281,1923.55
1061,11,0,1,11.4238,1902.26
1063,11,0,1,11.4203,1884.1
1062,11,0,1,11.4192,1877.02
2159,11,0,1,11.419,1875.9
1045,11,0,1,11.4183,1872.75
1012,11,0,1,11.4111,1831.77
1014,11,0,1,11.4105,1828.9
989,11,0,1,11.3995,1770.6
990,11,0,1,11.3894,1720.33
991,11,0,1,11.3868,1707.98
706,11,0,1,11.3798,1668.52
704,11,0,1,11.3772,1655.75
2179,11,0,1,11.377,1654.88
662,11,0,1,11.3708,1625.24
602,11,0,1,11.3594,1556.96
604,11,0,1,11.3569,1540.16
596,11,0,1,11.3567,1539.19
595,11,0,1,11.3513,1508.78
603,11,0,1,11.3474,1487.73
895,11,0,2,11.7241,3370.05,0.103333,450.709,0.01,3
907,11,0,2,11.7085,3293.15
908,11,0,2,11.6992,3247.1
2014,11,0,2,11.6986,3244.42
2017,11,0,2,11.6975,3238.73
1786,11,0,2,11.6926,3214.29
918,11,0,2,11.6889,3195.18
920,11,0,2,11.6759,3124.53
1085,11,0,2,11.6602,3037.78
2035,11,0,2,11.6463,2965.56
1108,11,0,2,11.633,2894.67
1304,11,0,3,11.9908,4665.9,0.0428333,186.826,0.12,4
952,11,0,3,11.9664,4532.91
953,11,0,3,11.9557,4478.14
2023,11,0,3,11.9549,4474.04
1787,11,0,3,11.947,4433.48
2020,11,0,3,11.9313,4352.97
935,11,0,3,11.9211,4299.65
934,11,0,3,11.9206,4297.05
933,11,0,3,11.9119,4249.96
936,11,0,3,11.9113,4247.02
1737,11,0,3,11.8978,4175.12
917,11,0,3,11.8817,4094.8
916,11,0,3,11.8815,4093.89
906,11,0,3,11.8558,3961.48
892,11,0,3,11.8356,3860.82
896,11,0,3,11.8324,3844.24
895,11,0,3,11.8274,3820.76
1302,11,0,4,12.0796,5086.73,0.106833,465.975,0.24,5
1303,11,0,4,12.0593,4983.19
1305,11,0,4,12.0458,4914.28
1304,11,0,4,12.0337,4852.73
978,11,0,5,12.4752,7050.65,0.107833,470.336,0.07,6
1010,11,0,5,12.461,6976.92
1011,11,0,5,12.4461,6901.18
1009,11,0,5,12.437,6857.24
1041,11,0,5,12.4368,6856.55
1039,11,0,5,12.429,6815.72
1037,11,0,5,12.4194,6768.23
1034,11,0,5,12.4107,6722.54
2033,11,0,5,12.4052,6693.48
1053,11,0,5,12.3927,6630.46
1784,11,0,5,12.3894,6613.39
1066,11,0,5,12.3801,6565.76
2034,11,0,5,12.3559,6446.1
1850,11,0,5,12.3476,6402.98
2035,11,0,5,12.3386,6355.75
1106,11,0,5,12.3258,6287.9
2039,11,0,5,12.3192,6246.24
2106,11,0,5,12.3022,6155.59
2050,11,0,5,12.2927,6110.34
2051,11,0,5,12.2835,6059.82
2163,11,0,5,12.2492,5878.51
1304,11,0,5,12.231,5781.11
1305,11,0,5,12.2185,5717.8
1303,11,0,5,12.2034,5641.88
1302,11,0,5,12.1864,5552.71
636,11,0,6,12.6685,7935.48,0.091,396.915,0.15,7
633,11,0,6,12.6619,7901.87
639,11,0,6,12.6585,7884.33
1993,11,0,6,12.6488,7833.72
1995,11,0,6,12.6392,7788.42
1996,11,0,6,12.6277,7736.69
1997,11,0,6,12.6238,7716.78
2027,11,0,6,12.5955,7582.44
2026,11,0,6,12.5898,7554.14
978,11,0,6,12.583,7520.99
64,11,0,7,13.0066,9776.72,0,0,0
195,11,0,7,12.9798,9638.51
196,11,0,7,12.9767,9618.57
205,11,0,7,12.9614,9530.82
215,11,0,7,12.9358,9374.26
225,11,0,7,12.9088,9171.19
715,11,0,7,12.8787,9001.63
714,11,0,7,12.8747,8977.47
726,11,0,7,12.8745,8975.62
529,11,0,7,12.8604,8875.97
605,11,0,7,12.8455,8779.3
603,11,0,7,12.8392,8746.22
604,11,0,7,12.8353,8724.36
596,11,0,7,12.8351,8723.39
580,11,0,7,12.8236,8658.86
583,11,0,7,12.8173,8629.05
587,11,0,7,12.8153,8614.78
578,11,0,7,12.8124,8598.72
579,11,0,7,12.8051,8559.92
570,11,0,7,12.7981,8526.76
1994,11,0,7,12.7852,8461.68
562,11,0,7,12.7722,8398.31
639,11,0,7,12.7687,8380.87
638,11,0,7,12.7634,8352.62
636,11,0,7,12.7595,8332.39
220,11,1,0,11.2172,472.978,0.0955,416.542,0.04,1
2130,11,1,0,11.2024,392.48
215,11,1,0,11.1975,358.782
205,11,1,0,11.1736,204.484
196,11,1,0,11.1605,119.897
195,11,1,0,11.1579,100.335
64,11,1,0,11.14,0
455,11,1,1,11.4021,1421.69,0.0408333,178.103,0.03,2
454,11,1,1,11.3993,1406.07
457,11,1,1,11.3925,1352.11
456,11,1,1,11.3874,1322.67
458,11,1,1,11.3779,1261.52
459,11,1,1,11.372,1216.42
450,11,1,1,11.3568,1132.53
229,11,1,1,11.3473,1079.68
222,11,1,1,11.323,945.57
220,11,1,1,11.3127,889.52
710,11,1,2,11.5056,1988,0.0443333,193.369,0.36,3
1543,11,1,2,11.4842,1867.73
459,11,1,2,11.4739,1804.33
458,11,1,2,11.4674,1759.07
456,11,1,2,11.4583,1698.29
457,11,1,2,11.4529,1668.07
454,11,1,2,11.4453,1614.11
455,11,1,2,11.4429,1599.79
64,11,1,3,11.6505,2864.25,0,0,0
195,11,1,3,11.6293,2749.57
196,11,1,3,11.6265,2729.96
205,11,1,3,11.614,2646.06
215,11,1,3,11.5941,2493.96
225,11,1,3,11.5689,2290.4
1680,11,1,3,11.5659,2271.38
710,11,1,3,11.55,2181.37
220,12,0,0,11.2572,472.978,0.0955,416.542,0.04,1
2130,12,0,0,11.2424,392.48
215,12,0,0,11.2375,358.782
205,12,0,0,11.2136,204.484
196,12,0,0,11.2005,119.897
195,12,0,0,11.1979,100.335
64,12,0,0,11.18,0
455,12,0,1,11.4421,1421.69,0.0408333,178.103,0.03,2
454,12,0,1,11.4393,1406.07
457,12,0,1,11.4325,1352.11
456,12,0,1,11.4274,1322.67
458,12,0,1,11.4179,1261.52
459,12,0,1,11.412,1216.42
450,12,0,1,11.3968,1132.53
229,12,0,1,11.3873,1079.68
222,12,0,1,11.363,945.57
220,12,0,1,11.3527,889.52
1108,12,0,2,11.7502,3076.6,0.0935,407.819,0.09,3
1109,12,0,2,11.745,3050.4
1113,12,0,2,11.7389,3019.35
1847,12,0,2,11.726,2954.15
1086,12,0,2,11.7224,2934.12
1087,12,0,2,11.7078,2860.93
1090,12,0,2,11.6991,2815.77
1076,12,0,2,11.673,2688.79
1074,12,0,2,11.6688,2667.67
1077,12,0,2,11.6592,2616.85
1080,12,0,2,11.6458,2549.65
1079,12,0,2,11.6392,2515.2
1061,12,0,2,11.6349,2493.91
1063,12,0,2,11.6314,2475.75
1062,12,0,2,11.6303,2468.67
2159,12,0,2,11.6301,2467.55
1045,12,0,2,11.6294,2464.4
1012,12,0,2,11.6222,2423.42
1014,12,0,2,11.6216,2420.55
989,12,0,2,11.6105,2362.25
990,12,0,2,11.6005,2311.98
991,12,0,2,11.5979,2299.63
706,12,0,2,11.5909,2260.17
704,12,0,2,11.5883,2247.4
2179,12,0,2,11.5881,2246.53
662,12,0,2,11.5819,2216.89
602,12,0,2,11.5705,2148.61
599,12,0,2,11.5664,2125.35
605,12,0,2,11.5623,2101.36
529,12,0,2,11.5451,2001.34
726,12,0,2,11.5292,1900.14
714,12,0,2,11.529,1898.26
1543,12,0,2,11.5242,1867.73
459,12,0,2,11.5139,1804.33
458,12,0,2,11.5074,1759.07
456,12,0,2,11.4983,1698.29
457,12,0,2,11.4929,1668.07
454,12,0,2,11.4853,1614.11
455,12,0,2,11.4829,1599.79
1304,12,0,3,11.9732,4167.04,0.0428333,186.826,0.12,4
952,12,0,3,11.9488,4034.05
953,12,0,3,11.9381,3979.28
2023,12,0,3,11.9372,3975.18
2108,12,0,3,11.9208,3889.97
1794,12,0,3,11.9137,3854.21
2106,12,0,3,11.8984,3774.84
2039,12,0,3,11.8808,3681.31
1106,12,0,3,11.8712,3629.36
2035,12,0,3,11.8569,3555.31
1108,12,0,3,11.8437,3484.42
1302,12,0,4,12.0619,4587.87,0.106833,465.975,0.24,5
1303,12,0,4,12.0416,4484.33
1305,12,0,4,12.0281,4415.42
1304,12,0,4,12.016,4353.86
895,12,0,5,12.3346,5902.58,0.0435,189.734,0.02,6
896,12,0,5,12.3309,5884.34
892,12,0,5,12.3274,5866.55
906,12,0,5,12.3091,5773.75
1555,12,0,5,12.2836,5631.01
2157,12,0,5,12.271,5570.37
2019,12,0,5,12.242,5435.19
929,12,0,5,12.2416,5433.21
938,12,0,5,12.2295,5367.08
950,12,0,5,12.2135,5286.05
951,12,0,5,12.2071,5252.8
949,12,0,5,12.1955,5193.51
1302,12,0,5,12.1688,5053.84
64,12,0,6,12.7389,8210.64,0,0,0
195,12,0,6,12.7097,8062.26
196,12,0,6,12.707,8042.67
205,12,0,6,12.6925,7956.22
215,12,0,6,12.667,7799.83
225,12,0,6,12.6409,7596.63
715,12,0,6,12.6094,7420.96
714,12,0,6,12.6054,7396.8
726,12,0,6,12.6052,7394.95
529,12,0,6,12.5911,7295.3
605,12,0,6,12.5763,7198.63
603,12,0,6,12.57,7165.55
604,12,0,6,12.566,7143.69
596,12,0,6,12.5659,7142.72
580,12,0,6,12.5543,7078.19
574,12,0,6,12.5329,6967.07
573,12,0,6,12.5233,6913.28
564,12,0,6,12.5158,6873.01
557,12,0,6,12.5109,6841.95
561,12,0,6,12.5044,6795.51
628,12,0,6,12.5003,6770.37
609,12,0,6,12.4885,6695.07
423,12,0,6,12.4826,6638.75
419,12,0,6,12.4759,6601.18
420,12,0,6,12.4698,6565.14
421,12,0,6,12.4653,6537.65
417,12,0,6,12.4603,6510.94
1989,12,0,6,12.4418,6416.73
2011,12,0,6,12.4225,6317.02
891,12,0,6,12.4006,6202.56
893,12,0,6,12.3945,6171.69
894,12,0,6,12.3893,6146.94
895,12,0,6,12.3781,6092.31
603,12,1,0,11.4484,1012.31,0.109,475.425,0.32,1
604,12,1,0,11.4441,989.164
596,12,1,0,11.444,988.193
595,12,1,0,11.4385,957.784
605,12,1,0,11.4374,949.793
529,12,1,0,11.4202,849.768
726,12,1,0,11.4043,748.573
714,12,1,0,11.4041,746.688
715,12,1,0,11.4007,723.201
225,12,1,0,11.3832,562.11
215,12,1,0,11.3575,358.782
205,12,1,0,11.3336,204.484
196,12,1,0,11.3205,119.897
195,12,1,0,11.3179,100.335
64,12,1,0,11.3,0
710,12,1,1,11.6214,1902.23,0.0443333,193.369,0.36,2
1543,12,1,1,11.6,1781.96
715,12,1,1,11.5951,1737.7
714,12,1,1,11.5913,1713.7
726,12,1,1,11.5911,1711.81
529,12,1,1,11.5773,1612.32
605,12,1,1,11.5625,1515.71
603,12,1,1,11.5574,1487.73
64,12,1,2,11.7663,2778.48,0,0,0
195,12,1,2,11.7451,2663.8
196,12,1,2,11.7423,2644.19
205,12,1,2,11.7298,2560.28
215,12,1,2,11.7099,2408.19
225,12,1,2,11.6847,2204.62
1680,12,1,2,11.6817,2185.61
710,12,1,2,11.6658,2095.6
978,12,2,0,14.3246,1541.01,0.0373333,162.837,0.05,1
1010,12,2,0,14.3101,1465.78
1016,12,2,0,14.2904,1374.31
1548,12,2,0,14.2834,1338.05
1012,12,2,0,14.2784,1312.65
2028,12,2,0,14.2703,1267.19
989,12,2,0,14.2669,1251.45
990,12,2,0,14.2569,1201.19
991,12,2,0,14.2543,1188.84
706,12,2,0,14.2473,1149.38
704,12,2,0,14.2446,1136.6
2179,12,2,0,14.2444,1135.74
662,12,2,0,14.2382,1106.09
602,12,2,0,14.227,1038.03
599,12,2,0,14.223,1015.4
605,12,2,0,14.2193,991.921
529,12,2,0,14.2022,892.037
726,12,2,0,14.1876,792.08
714,12,2,0,14.1874,790.213
715,12,2,0,14.1838,766.53
225,12,2,0,14.1663,605.342
215,12,2,0,14.1404,402.069
205,12,2,0,14.1137,243.798
196,12,2,0,14.0995,157.808
195,12,2,0,14.0968,138.229
64,12,2,0,14.07,0
636,12,2,1,14.4416,2094.27,0.0391667,170.833,0.15,2
631,12,2,1,14.4349,2061.48
630,12,2,1,14.4292,2032.96
637,12,2,1,14.4186,1980.88
1996,12,2,1,14.4061,1917.59
1997,12,2,1,14.4023,1897.69
2027,12,2,1,14.375,1767.47
2026,12,2,1,14.3692,1738.99
978,12,2,1,14.3619,1703.84
64,12,2,2,14.727,3725.65,0,0,0
195,12,2,2,14.7054,3609.39
196,12,2,2,14.7027,3589.81
205,12,2,2,14.6885,3503.73
215,12,2,2,14.664,3348.75
225,12,2,2,14.6392,3144.92
715,12,2,2,14.6042,2954.38
714,12,2,2,14.6005,2930.54
726,12,2,2,14.6003,2928.68
529,12,2,2,14.5862,2829.07
605,12,2,2,14.5709,2731.81
603,12,2,2,14.5651,2700.83
604,12,2,2,14.5603,2675.42
596,12,2,2,14.5601,2674.45
580,12,2,2,14.5459,2598.24
583,12,2,2,14.5396,2568.43
587,12,2,2,14.5374,2554
578,12,2,2,14.5344,2537.18
575,12,2,2,14.5288,2506.08
571,12,2,2,14.5259,2489.96
570,12,2,2,14.5211,2466.68
1994,12,2,2,14.5084,2402.33
562,12,2,2,14.495,2337.27
639,12,2,2,14.4915,2319.83
638,12,2,2,14.4848,2285.8
636,12,2,2,14.4808,2265.1
603,13,0,0,11.2084,1012.31,0.109,475.425,0.32,1
604,13,0,0,11.2041,989.164
596,13,0,0,11.204,988.193
595,13,0,0,11.1985,957.784
605,13,0,0,11.1974,949.793
529,13,0,0,11.1802,849.768
726,13,0,0,11.1643,748.573
714,13,0,0,11.1641,746.688
715,13,0,0,11.1607,723.201
225,13,0,0,11.1432,562.11
215,13,0,0,11.1175,358.782
205,13,0,0,11.0936,204.484
196,13,0,0,11.0805,119.897
195,13,0,0,11.0779,100.335
64,13,0,0,11.06,0
1108,13,0,1,11.5095,2486.85,0.0935,407.819,0.09,2
1109,13,0,1,11.5052,2464.18
1113,13,0,1,11.4983,2430.03
1847,13,0,1,11.4849,2362.5
1086,13,0,1,11.4813,2342.47
1087,13,0,1,11.4667,2269.28
1090,13,0,1,11.458,2224.12
1076,13,0,1,11.4319,2097.14
1074,13,0,1,11.4278,2076.03
1077,13,0,1,11.4182,2025.21
1080,13,0,1,11.4047,1958
1079,13,0,1,11.3981,1923.55
1061,13,0,1,11.3938,1902.26
1063,13,0,1,11.3903,1884.1
1062,13,0,1,11.3892,1877.02
2159,13,0,1,11.389,1875.9
1045,13,0,1,11.3883,1872.75
1012,13,0,1,11.3811,1831.77
1014,13,0,1,11.3805,1828.9
989,13,0,1,11.3695,1770.6
990,13,0,1,11.3594,1720.33
991,13,0,1,11.3568,1707.98
706,13,0,1,11.3498,1668.52
704,13,0,1,11.3472,1655.75
2179,13,0,1,11.347,1654.88
662,13,0,1,11.3408,1625.24
602,13,0,1,11.3294,1556.96
604,13,0,1,11.3269,1540.16
596,13,0,1,11.3267,1539.19
595,13,0,1,11.3213,1508.78
603,13,0,1,11.3174,1487.73
895,13,0,2,11.6941,3370.05,0.103333,450.709,0.01,3
907,13,0,2,11.6785,3293.15
908,13,0,2,11.6692,3247.1
2014,13,0,2,11.6686,3244.42
2017,13,0,2,11.6675,3238.73
1786,13,0,2,11.6626,3214.29
918,13,0,2,11.6589,3195.18
920,13,0,2,11.6459,3124.53
1085,13,0,2,11.6302,3037.78
2035,13,0,2,11.6163,2965.56
1108,13,0,2,11.603,2894.67
1304,13,0,3,11.9608,4665.9,0.0428333,186.826,0.12,4
952,13,0,3,11.9364,4532.91
953,13,0,3,11.9257,4478.14
2023,13,0,3,11.9249,4474.04
1787,13,0,3,11.917,4433.48
2020,13,0,3,11.9013,4352.97
935,13,0,3,11.8911,4299.65
934,13,0,3,11.8906,4297.05
933,13,0,3,11.8819,4249.96
936,13,0,3,11.8813,4247.02
1737,13,0,3,11.8678,4175.12
917,13,0,3,11.8517,4094.8
916,13,0,3,11.8515,4093.89
906,13,0,3,11.8258,3961.48
892,13,0,3,11.8056,3860.82
896,13,0,3,11.8024,3844.24
895,13,0,3,11.7974,3820.76
1302,13,0,4,12.0496,5086.73,0.106833,465.975,0.24,5
1303,13,0,4,12.0293,4983.19
1305,13,0,4,12.0158,4914.28
1304,13,0,4,12.0037,4852.73
64,13,0,5,12.6225,8238.3,0,0,0
195,13,0,5,12.5933,8089.92
196,13,0,5,12.5906,8070.32
205,13,0,5,12.5761,7983.87
215,13,0,5,12.5506,7827.49
225,13,0,5,12.5245,7624.28
715,13,0,5,12.4907,7438.64
714,13,0,5,12.487,7414.77
726,13,0,5,12.4868,7412.88
529,13,0,5,12.4727,7313.28
605,13,0,5,12.4583,7216.98
603,13,0,5,12.4517,7182.89
604,13,0,5,12.447,7157.83
596,13,0,5,12.4469,7156.86
580,13,0,5,12.4354,7092.45
574,13,0,5,12.4155,6988.11
573,13,0,5,12.4051,6930.68
564,13,0,5,12.3976,6890.42
557,13,0,5,12.3928,6859.36
561,13,0,5,12.3862,6812.92
628,13,0,5,12.3821,6787.77
609,13,0,5,12.3703,6712.48
423,13,0,5,12.3644,6656.16
419,13,0,5,12.3577,6618.58
420,13,0,5,12.3517,6582.55
421,13,0,5,12.3471,6555.06
417,13,0,5,12.3421,6528.35
1989,13,0,5,12.3237,6434.13
2011,13,0,5,12.3044,6334.42
2156,13,0,5,12.2989,6306.38
2013,13,0,5,12.2983,6303.23
886,13,0,5,12.2901,6260.62
888,13,0,5,12.2717,6160.55
903,13,0,5,12.2619,6107.58
904,13,0,5,12.2586,6089.86
925,13,0,5,12.235,5961.38
2019,13,0,5,12.2296,5934.06
929,13,0,5,12.2292,5932.07
938,13,0,5,12.2172,5865.94
950,13,0,5,12.2012,5784.92
951,13,0,5,12.1948,5751.66
949,13,0,5,12.1831,5692.37
1302,13,0,5,12.1564,5552.71
220,13,1,0,11.2172,472.978,0.0955,416.542,0.04,1
2130,13,1,0,11.2024,392.48
215,13,1,0,11.1975,358.782
205,13,1,0,11.1736,204.484
196,13,1,0,11.1605,119.897
195,13,1,0,11.1579,100.335
64,13,1,0,11.14,0
455,13,1,1,11.4021,1421.69,0.0408333,178.103,0.03,2
454,13,1,1,11.3993,1406.07
457,13,1,1,11.3925,1352.11
456,13,1,1,11.3874,1322.67
458,13,1,1,11.3779,1261.52
459,13,1,1,11.372,1216.42
450,13,1,1,11.3568,1132.53
229,13,1,1,11.3473,1079.68
222,13,1,1,11.323,945.57
220,13,1,1,11.3127,889.52
710,13,1,2,11.5056,1988,0.0443333,193.369,0.36,3
1543,13,1,2,11.4842,1867.73
459,13,1,2,11.4739,1804.33
458,13,1,2,11.4674,1759.07
456,13,1,2,11.4583,1698.29
457,13,1,2,11.4529,1668.07
454,13,1,2,11.4453,1614.11
455,13,1,2,11.4429,1599.79
64,13,1,3,11.6505,2864.25,0,0,0
195,13,1,3,11.6293,2749.57
196,13,1,3,11.6265,2729.96
205,13,1,3,11.614,2646.06
215,13,1,3,11.5941,2493.96
225,13,1,3,11.5689,2290.4
1680,13,1,3,11.5659,2271.38
710,13,1,3,11.55,2181.37
978,13,2,0,14.5846,1541.01,0.0373333,162.837,0.05,1
1010,13,2,0,14.5701,1465.78
1016,13,2,0,14.5504,1374.31
1548,13,2,0,14.5434,1338.05
1012,13,2,0,14.5384,1312.65
2028,13,2,0,14.5303,1267.19
989,13,2,0,14.5269,1251.45
990,13,2,0,14.5169,1201.19
991,13,2,0,14.5143,1188.84
706,13,2,0,14.5073,1149.38
704,13,2,0,14.5046,1136.6
2179,13,2,0,14.5044,1135.74
662,13,2,0,14.4982,1106.09
602,13,2,0,14.487,1038.03
599,13,2,0,14.483,1015.4
605,13,2,0,14.4793,991.921
529,13,2,0,14.4622,892.037
726,13,2,0,14.4476,792.08
714,13,2,0,14.4474,790.213
715,13,2,0,14.4438,766.53
225,13,2,0,14.4263,605.342
215,13,2,0,14.4004,402.069
205,13,2,0,14.3737,243.798
196,13,2,0,14.3595,157.808
195,13,2,0,14.3568,138.229
64,13,2,0,14.33,0
636,13,2,1,14.7016,2094.27,0.0391667,170.833,0.15,2
631,13,2,1,14.6949,2061.48
630,13,2,1,14.6892,2032.96
637,13,2,1,14.6786,1980.88
1996,13,2,1,14.6661,1917.59
1997,13,2,1,14.6623,1897.69
2027,13,2,1,14.635,1767.47
2026,13,2,1,14.6292,1738.99
978,13,2,1,14.6219,1703.84
64,13,2,2,14.987,3725.65,0,0,0
195,13,2,2,14.9654,3609.39
196,13,2,2,14.9627,3589.81
205,13,2,2,14.9485,3503.73
215,13,2,2,14.924,3348.75
225,13,2,2,14.8992,3144.92
715,13,2,2,14.8642,2954.38
714,13,2,2,14.8605,2930.54
726,13,2,2,14.8603,2928.68
529,13,2,2,14.8462,2829.07
605,13,2,2,14.8309,2731.81
603,13,2,2,14.8251,2700.83
604,13,2,2,14.8203,2675.42
596,13,2,2,14.8201,2674.45
580,13,2,2,14.8059,2598.24
583,13,2,2,14.7996,2568.43
587,13,2,2,14.7974,2554
578,13,2,2,14.7944,2537.18
575,13,2,2,14.7888,2506.08
571,13,2,2,14.7859,2489.96
570,13,2,2,14.7811,2466.68
1994,13,2,2,14.7684,2402.33
562,13,2,2,14.755,2337.27
639,13,2,2,14.7515,2319.83
638,13,2,2,14.7448,2285.8
636,13,2,2,14.7408,2265.1
220,14,0,0,11.1272,472.978,0.0955,416.542,0.04,1
2130,14,0,0,11.1124,392.48
215,14,0,0,11.1075,358.782
205,14,0,0,11.0836,204.484
196,14,0,0,11.0705,119.897
195,14,0,0,11.0679,100.335
64,14,0,0,11.05,0
455,14,0,1,11.3121,1421.69,0.0408333,178.103,0.03,2
454,14,0,1,11.3093,1406.07
457,14,0,1,11.3025,1352.11
456,14,0,1,11.2974,1322.67
458,14,0,1,11.2879,1261.52
459,14,0,1,11.282,1216.42
450,14,0,1,11.2668,1132.53
229,14,0,1,11.2573,1079.68
222,14,0,1,11.233,945.57
220,14,0,1,11.2227,889.52
603,14,0,2,11.4433,2163.88,0.109,475.425,0.32,3
604,14,0,2,11.4391,2140.74
596,14,0,2,11.4389,2139.76
595,14,0,2,11.4334,2109.36
605,14,0,2,11.4323,2101.36
529,14,0,2,11.4151,2001.34
726,14,0,2,11.3992,1900.14
714,14,0,2,11.399,1898.26
1543,14,0,2,11.3942,1867.73
459,14,0,2,11.3839,1804.33
458,14,0,2,11.3774,1759.07
456,14,0,2,11.3683,1698.29
457,14,0,2,11.3629,1668.07
454,14,0,2,11.3553,1614.11
455,14,0,2,11.3529,1599.79
1108,14,0,3,11.7445,3638.42,0.0935,407.819,0.09,4
1109,14,0,3,11.7401,3615.75
1113,14,0,3,11.7332,3581.6
1847,14,0,3,11.7198,3514.08
1086,14,0,3,11.7162,3494.04
1087,14,0,3,11.7017,3420.85
1090,14,0,3,11.693,3375.69
1076,14,0,3,11.6668,3248.71
1074,14,0,3,11.6627,3227.6
1077,14,0,3,11.6531,3176.78
1080,14,0,3,11.6396,3109.57
1079,14,0,3,11.633,3075.12
1061,14,0,3,11.6287,3053.83
1063,14,0,3,11.6252,3035.67
1062,14,0,3,11.6241,3028.59
2159,14,0,3,11.6239,3027.47
1045,14,0,3,11.6232,3024.32
1012,14,0,3,11.616,2983.34
1014,14,0,3,11.6154,2980.47
989,14,0,3,11.6044,2922.17
990,14,0,3,11.5943,2871.91
991,14,0,3,11.5917,2859.55
706,14,0,3,11.5847,2820.09
704,14,0,3,11.5821,2807.32
2179,14,0,3,11.5819,2806.46
662,14,0,3,11.5757,2776.81
602,14,0,3,11.5644,2708.53
604,14,0,3,11.5618,2691.73
596,14,0,3,11.5617,2690.76
595,14,0,3,11.5562,2660.35
603,14,0,3,11.5523,2639.3
1304,14,0,4,11.9675,4728.86,0.0428333,186.826,0.12,5
952,14,0,4,11.9431,4595.87
953,14,0,4,11.9323,4541.1
2023,14,0,4,11.9315,4537
2108,14,0,4,11.9151,4451.79
1794,14,0,4,11.908,4416.03
2106,14,0,4,11.8927,4336.66
2039,14,0,4,11.8751,4243.13
1106,14,0,4,11.8655,4191.18
2035,14,0,4,11.8512,4117.13
1108,14,0,4,11.838,4046.24
895,14,0,5,12.1664,5716.02,0.0435,189.734,0.02,6
907,14,0,5,12.1507,5638.68
908,14,0,5,12.1416,5593.21
2014,14,0,5,12.141,5590.53
2017,14,0,5,12.1398,5584.83
2170,14,0,5,12.1371,5570.65
1738,14,0,5,12.1197,5483.72
1737,14,0,5,12.113,5449.94
936,14,0,5,12.0978,5371.02
933,14,0,5,12.0972,5368.08
934,14,0,5,12.0917,5330.43
935,14,0,5,12.0911,5327.82
2020,14,0,5,12.0801,5270.85
1787,14,0,5,12.0605,5173.69
1788,14,0,5,12.0597,5169.99
1789,14,0,5,12.0483,5113
952,14,0,5,12.0394,5068.56
1304,14,0,5,12.0103,4915.69
64,14,0,6,12.5707,8024.07,0,0,0
195,14,0,6,12.5416,7875.7
196,14,0,6,12.5388,7856.1
205,14,0,6,12.5243,7769.65
215,14,0,6,12.4988,7613.27
225,14,0,6,12.4728,7410.06
715,14,0,6,12.4413,7234.39
714,14,0,6,12.4373,7210.24
726,14,0,6,12.4371,7208.38
529,14,0,6,12.4229,7108.73
605,14,0,6,12.4081,7012.07
603,14,0,6,12.4018,6978.99
604,14,0,6,12.3978,6957.13
596,14,0,6,12.3977,6956.16
580,14,0,6,12.3861,6891.63
574,14,0,6,12.3647,6780.51
573,14,0,6,12.3551,6726.71
564,14,0,6,12.3476,6686.45
557,14,0,6,12.3428,6655.39
561,14,0,6,12.3363,6608.95
628,14,0,6,12.3321,6583.8
609,14,0,6,12.3203,6508.51
423,14,0,6,12.3144,6452.19
419,14,0,6,12.3077,6414.61
420,14,0,6,12.3017,6378.58
421,14,0,6,12.2971,6351.09
417,14,0,6,12.2921,6324.38
1989,14,0,6,12.2737,6230.16
2011,14,0,6,12.2544,6130.45
891,14,0,6,12.2324,6016
893,14,0,6,12.2263,5985.13
894,14,0,6,12.2211,5960.38
895,14,0,6,12.2099,5905.75
1302,14,1,0,13.7842,2766.91,0.035,152.659,0.22,1
949,14,1,0,13.7612,2642.85
2025,14,1,0,13.7577,2625.39
1598,14,1,0,13.7544,2606.63
948,14,1,0,13.7495,2579.61
928,14,1,0,13.7391,2522.31
929,14,1,0,13.7189,2416.19
2019,14,1,0,13.7185,2414.21
2157,14,1,0,13.6924,2290.85
905,14,1,0,13.6555,2102.44
889,14,1,0,13.6462,2054.31
890,14,1,0,13.6396,2018.4
2013,14,1,0,13.6201,1915.19
1988,14,1,0,13.6025,1821.32
417,14,1,0,13.582,1716.71
418,14,1,0,13.578,1695.77
419,14,1,0,13.5625,1609.96
423,14,1,0,13.5563,1573.67
609,14,1,0,13.5504,1517.35
628,14,1,0,13.5406,1443.34
561,14,1,0,13.5367,1418.58
557,14,1,0,13.5293,1371.34
554,14,1,0,13.5271,1360.2
565,14,1,0,13.517,1306.55
573,14,1,0,13.5117,1279.96
574,14,1,0,13.5044,1230.49
580,14,1,0,13.4816,1113.57
596,14,1,0,13.4755,1053.72
595,14,1,0,13.4705,1025.37
605,14,1,0,13.4693,1017.31
529,14,1,0,13.4527,918.413
726,14,1,0,13.4366,816.876
714,14,1,0,13.4364,814.998
715,14,1,0,13.4329,791.373
225,14,1,0,13.4151,630.742
215,14,1,0,13.3879,427.668
205,14,1,0,13.3569,255.297
196,14,1,0,13.3418,168.03
195,14,1,0,13.3392,148.465
64,14,1,0,13.31,0
978,14,1,1,14.1031,4355.78,0.0373333,162.837,0.05,2
1010,14,1,1,14.0882,4278.67
1011,14,1,1,14.0741,4206.68
1009,14,1,1,14.0674,4172.76
1038,14,1,1,14.0594,4132.87
1039,14,1,1,14.0588,4130.2
1037,14,1,1,14.046,4069.25
1034,14,1,1,14.0362,4019.03
2032,14,1,1,14.0208,3941.44
1050,14,1,1,13.9918,3796.99
1804,14,1,1,13.9787,3730.98
2015,14,1,1,13.9675,3674.76
2014,14,1,1,13.9593,3633.76
2017,14,1,1,13.9582,3628.07
2170,14,1,1,13.9553,3613.42
917,14,1,1,13.9491,3582.43
2016,14,1,1,13.9483,3578.62
915,14,1,1,13.9273,3473.67
1555,14,1,1,13.9199,3436.9
2157,14,1,1,13.909,3383.15
2019,14,1,1,13.8821,3256.89
929,14,1,1,13.8817,3254.9
938,14,1,1,13.8698,3189.05
950,14,1,1,13.8563,3118.49
951,14,1,1,13.8493,3082.77
949,14,1,1,13.8383,3026.3
1302,14,1,1,13.8192,2919.57
636,14,1,2,14.2201,4909.04,0.0391667,170.833,0.15,3
631,14,1,2,14.2134,4876.25
630,14,1,2,14.2076,4847.73
637,14,1,2,14.1971,4795.65
1996,14,1,2,14.1846,4732.36
1997,14,1,2,14.1807,4712.46
2027,14,1,2,14.1535,4582.24
2026,14,1,2,14.1477,4553.76
978,14,1,2,14.1404,4518.61
64,14,1,3,14.5055,6540.42,0,0,0
195,14,1,3,14.4839,6424.16
196,14,1,3,14.4812,6404.58
205,14,1,3,14.4669,6318.5
215,14,1,3,14.4425,6163.52
225,14,1,3,14.4176,5959.69
715,14,1,3,14.3827,5769.15
714,14,1,3,14.379,5745.31
726,14,1,3,14.3788,5743.45
529,14,1,3,14.3647,5643.84
605,14,1,3,14.3494,5546.58
603,14,1,3,14.3436,5515.6
604,14,1,3,14.3388,5490.19
596,14,1,3,14.3386,5489.22
580,14,1,3,14.3243,5413.01
583,14,1,3,14.3181,5383.2
587,14,1,3,14.3159,5368.77
578,14,1,3,14.3128,5351.95
575,14,1,3,14.3073,5320.85
571,14,1,3,14.3044,5304.73
570,14,1,3,14.2996,5281.45
1994,14,1,3,14.2868,5217.1
562,14,1,3,14.2735,5152.04
639,14,1,3,14.27,5134.6
638,14,1,3,14.2633,5100.57
636,14,1,3,14.2593,5079.87
710,14,2,0,11.933,739.387,0.0443333,193.369,0.36,1
223,14,2,0,11.9155,646.157
1680,14,2,0,11.906,581.03
225,14,2,0,11.9032,562.11
215,14,2,0,11.8775,358.782
205,14,2,0,11.8536,204.484
196,14,2,0,11.8405,119.897
195,14,2,0,11.8379,100.335
64,14,2,0,11.82,0
64,14,2,1,12.0778,1615.64,0,0,0
195,14,2,1,12.0566,1500.96
196,14,2,1,12.0538,1481.35
205,14,2,1,12.0414,1397.44
215,14,2,1,12.0215,1245.35
225,14,2,1,11.9962,1041.78
1680,14,2,1,11.9933,1022.76
710,14,2,1,11.9773,932.755
603,15,0,0,11.1684,1012.31,0.109,475.425,0.32,1
604,15,0,0,11.1641,989.164
596,15,0,0,11.164,988.193
595,15,0,0,11.1585,957.784
605,15,0,0,11.1574,949.793
529,15,0,0,11.1402,849.768
726,15,0,0,11.1243,748.573
714,15,0,0,11.1241,746.688
715,15,0,0,11.1207,723.201
225,15,0,0,11.1032,562.11
215,15,0,0,11.0775,358.782
205,15,0,0,11.0536,204.484
196,15,0,0,11.0405,119.897
195,15,0,0,11.0379,100.335
64,15,0,0,11.02,0
1108,15,0,1,11.4695,2486.85,0.0935,407.819,0.09,2
1109,15,0,1,11.4652,2464.18
1113,15,0,1,11.4583,2430.03
1847,15,0,1,11.4449,2362.5
1086,15,0,1,11.4413,2342.47
1087,15,0,1,11.4267,2269.28
1090,15,0,1,11.418,2224.12
1076,15,0,1,11.3919,2097.14
1074,15,0,1,11.3878,2076.03
1077,15,0,1,11.3782,2025.21
1080,15,0,1,11.3647,1958
1079,15,0,1,11.3581,1923.55
1061,15,0,1,11.3538,1902.26
1063,15,0,1,11.3503,1884.1
1062,15,0,1,11.3492,1877.02
2159,15,0,1,11.349,1875.9
1045,15,0,1,11.3483,1872.75
1012,15,0,1,11.3411,1831.77
1014,15,0,1,11.3405,1828.9
989,15,0,1,11.3295,1770.6
990,15,0,1,11.3194,1720.33
991,15,0,1,11.3168,1707.98
706,15,0,1,11.3098,1668.52
704,15,0,1,11.3072,1655.75
2179,15,0,1,11.307,1654.88
662,15,0,1,11.3008,1625.24
602,15,0,1,11.2894,1556.96
604,15,0,1,11.2869,1540.16
596,15,0,1,11.2867,1539.19
595,15,0,1,11.2813,1508.78
603,15,0,1,11.2774,1487.73
1304,15,0,2,11.6926,3577.29,0.0428333,186.826,0.12,3
952,15,0,2,11.6682,3444.3
953,15,0,2,11.6574,3389.53
2023,15,0,2,11.6566,3385.43
2108,15,0,2,11.6401,3300.22
1794,15,0,2,11.6331,3264.46
2106,15,0,2,11.6178,3185.09
2039,15,0,2,11.6002,3091.56
1106,15,0,2,11.5906,3039.61
2035,15,0,2,11.5763,2965.56
1108,15,0,2,11.563,2894.67
895,15,0,3,11.8942,4576.55,0.103333,450.709,0.01,4
907,15,0,3,11.8786,4499.65
908,15,0,3,11.8693,4453.6
2014,15,0,3,11.8687,4450.92
2017,15,0,3,11.8676,4445.23
2170,15,0,3,11.8646,4430.37
1738,15,0,3,11.8501,4355.29
1737,15,0,3,11.8447,4327.23
936,15,0,3,11.8296,4248.61
933,15,0,3,11.829,4245.67
934,15,0,3,11.8235,4208.03
943,15,0,3,11.8069,4127.49
2020,15,0,3,11.8061,4123.55
1787,15,0,3,11.7887,4035.69
1788,15,0,3,11.788,4031.98
1789,15,0,3,11.7779,3980.67
952,15,0,3,11.7699,3940.16
1304,15,0,3,11.7354,3764.11
64,15,0,4,12.3342,7034.23,0,0,0
195,15,0,4,12.3121,6916
196,15,0,4,12.3092,6896.27
205,15,0,4,12.2953,6810.71
215,15,0,4,12.2697,6654.27
225,15,0,4,12.2444,6450.75
715,15,0,4,12.2163,6285.72
714,15,0,4,12.2124,6261.72
726,15,0,4,12.2122,6259.84
529,15,0,4,12.1985,6160.34
605,15,0,4,12.1837,6063.73
603,15,0,4,12.1786,6035.75
604,15,0,4,12.1743,6012.61
596,15,0,4,12.1742,6011.64
580,15,0,4,12.1658,5953.37
574,15,0,4,12.1485,5860.12
573,15,0,4,12.1384,5804.22
564,15,0,4,12.1308,5763.07
557,15,0,4,12.1247,5729.08
561,15,0,4,12.118,5682.56
628,15,0,4,12.1135,5656.91
609,15,0,4,12.1007,5580.26
423,15,0,4,12.0948,5523.94
419,15,0,4,12.0902,5489.49
420,15,0,4,12.0842,5453.55
431,15,0,4,12.0644,5356.51
434,15,0,4,12.0579,5325.9
873,15,0,4,12.0536,5302.89
874,15,0,4,12.0405,5239.64
870,15,0,4,12.0346,5209.76
894,15,0,4,12.0076,5077.24
895,15,0,4,11.9975,5027.26
220,15,1,0,11.3472,472.978,0.0955,416.542,0.04,1
2130,15,1,0,11.3324,392.48
215,15,1,0,11.3275,358.782
205,15,1,0,11.3036,204.484
196,15,1,0,11.2905,119.897
195,15,1,0,11.2879,100.335
64,15,1,0,11.27,0
455,15,1,1,11.5321,1421.69,0.0408333,178.103,0.03,2
454,15,1,1,11.5293,1406.07
457,15,1,1,11.5225,1352.11
456,15,1,1,11.5174,1322.67
458,15,1,1,11.5079,1261.52
459,15,1,1,11.502,1216.42
450,15,1,1,11.4868,1132.53
229,15,1,1,11.4773,1079.68
222,15,1,1,11.453,945.57
220,15,1,1,11.4427,889.52
710,15,1,2,11.6356,1988,0.0443333,193.369,0.36,3
1543,15,1,2,11.6142,1867.73
459,15,1,2,11.6039,1804.33
458,15,1,2,11.5974,1759.07
456,15,1,2,11.5883,1698.29
457,15,1,2,11.5829,1668.07
454,15,1,2,11.5753,1614.11
455,15,1,2,11.5729,1599.79
64,15,1,3,11.7805,2864.25,0,0,0
195,15,1,3,11.7593,2749.57
196,15,1,3,11.7565,2729.96
205,15,1,3,11.744,2646.06
215,15,1,3,11.7241,2493.96
225,15,1,3,11.6989,2290.4
1680,15,1,3,11.6959,2271.38
710,15,1,3,11.68,2181.37
1302,15,2,0,13.7242,2766.91,0.035,152.659,0.22,1
949,15,2,0,13.7012,2642.85
2025,15,2,0,13.6977,2625.39
1598,15,2,0,13.6944,2606.63
948,15,2,0,13.6895,2579.61
928,15,2,0,13.6791,2522.31
929,15,2,0,13.6589,2416.19
2019,15,2,0,13.6585,2414.21
2157,15,2,0,13.6324,2290.85
905,15,2,0,13.5955,2102.44
889,15,2,0,13.5862,2054.31
890,15,2,0,13.5796,2018.4
2013,15,2,0,13.5601,1915.19
1988,15,2,0,13.5425,1821.32
417,15,2,0,13.522,1716.71
418,15,2,0,13.518,1695.77
419,15,2,0,13.5025,1609.96
423,15,2,0,13.4963,1573.67
609,15,2,0,13.4904,1517.35
628,15,2,0,13.4806,1443.34
561,15,2,0,13.4767,1418.58
557,15,2,0,13.4693,1371.34
554,15,2,0,13.4671,1360.2
565,15,2,0,13.457,1306.55
573,15,2,0,13.4517,1279.96
574,15,2,0,13.4444,1230.49
580,15,2,0,13.4216,1113.57
596,15,2,0,13.4155,1053.72
595,15,2,0,13.4105,1025.37
605,15,2,0,13.4093,1017.31
529,15,2,0,13.3927,918.413
726,15,2,0,13.3766,816.876
714,15,2,0,13.3764,814.998
715,15,2,0,13.3729,791.373
225,15,2,0,13.3551,630.742
215,15,2,0,13.3279,427.668
205,15,2,0,13.2969,255.297
196,15,2,0,13.2818,168.03
195,15,2,0,13.2792,148.465
64,15,2,0,13.25,0
978,15,2,1,14.0431,4355.78,0.0373333,162.837,0.05,2
1010,15,2,1,14.0282,4278.67
1011,15,2,1,14.0141,4206.68
1009,15,2,1,14.0074,4172.76
1038,15,2,1,13.9994,4132.87
1039,15,2,1,13.9988,4130.2
1037,15,2,1,13.986,4069.25
1034,15,2,1,13.9762,4019.03
2032,15,2,1,13.9608,3941.44
1050,15,2,1,13.9318,3796.99
1804,15,2,1,13.9187,3730.98
2015,15,2,1,13.9075,3674.76
2014,15,2,1,13.8993,3633.76
2017,15,2,1,13.8982,3628.07
2170,15,2,1,13.8953,3613.42
917,15,2,1,13.8891,3582.43
2016,15,2,1,13.8883,3578.62
915,15,2,1,13.8673,3473.67
1555,15,2,1,13.8599,3436.9
2157,15,2,1,13.849,3383.15
2019,15,2,1,13.8221,3256.89
929,15,2,1,13.8217,3254.9
938,15,2,1,13.8098,3189.05
950,15,2,1,13.7963,3118.49
951,15,2,1,13.7893,3082.77
949,15,2,1,13.7783,3026.3
1302,15,2,1,13.7592,2919.57
636,15,2,2,14.1601,4909.04,0.0391667,170.833,0.15,3
631,15,2,2,14.1534,4876.25
630,15,2,2,14.1476,4847.73
637,15,2,2,14.1371,4795.65
1996,15,2,2,14.1246,4732.36
1997,15,2,2,14.1207,4712.46
2027,15,2,2,14.0935,4582.24
2026,15,2,2,14.0877,4553.76
978,15,2,2,14.0804,4518.61
64,15,2,3,14.4455,6540.42,0,0,0
195,15,2,3,14.4239,6424.16
196,15,2,3,14.4212,6404.58
205,15,2,3,14.4069,6318.5
215,15,2,3,14.3825,6163.52
225,15,2,3,14.3576,5959.69
715,15,2,3,14.3227,5769.15
714,15,2,3,14.319,5745.31
726,15,2,3,14.3188,5743.45
529,15,2,3,14.3047,5643.84
605,15,2,3,14.2894,5546.58
603,15,2,3,14.2836,5515.6
604,15,2,3,14.2788,5490.19
596,15,2,3,14.2786,5489.22
580,15,2,3,14.2643,5413.01
583,15,2,3,14.2581,5383.2
587,15,2,3,14.2559,5368.77
578,15,2,3,14.2528,5351.95
575,15,2,3,14.2473,5320.85
571,15,2,3,14.2444,5304.73
570,15,2,3,14.2396,5281.45
1994,15,2,3,14.2268,5217.1
562,15,2,3,14.2135,5152.04
639,15,2,3,14.21,5134.6
638,15,2,3,14.2033,5100.57
636,15,2,3,14.1993,5079.87
