Node, Individual, Route,Segment, Travel time, Travel cost, Attention time, Attention cost, Failure rate, Demand
220,0,0,0,13.0702,511.167,0.072,314.042,0.12,1
2130,0,0,0,13.0524,417.757
215,0,0,0,13.0469,383.417
205,0,0,0,13.0189,223.068
196,0,0,0,13.005,137.521
195,0,0,0,13.0019,117.624
64,0,0,0,12.98,0
710,0,0,1,13.209,1171.13,0.0466667,203.546,0.45,2
223,0,0,1,13.1899,1071.11
224,0,0,1,13.1666,958.91
222,0,0,1,13.1509,874.132
220,0,0,1,13.1422,825.209
455,0,0,2,13.3163,1763.6,0.0423333,184.645,0.11,3
454,0,0,2,13.3131,1746.22
457,0,0,2,13.3065,1692.15
456,0,0,2,13.3016,1663.11
458,0,0,2,13.2923,1602.2
459,0,0,2,13.2857,1556.85
1543,0,0,2,13.2771,1495.04
710,0,0,2,13.2556,1374.67
1108,0,0,3,13.6222,3410.34,0.0723333,315.496,0.16,4
1109,0,0,3,13.6182,3388.96
1113,0,0,3,13.6118,3356.71
1847,0,0,3,13.6,3296.07
1086,0,0,3,13.5963,3275.89
1087,0,0,3,13.5829,3207.33
1090,0,0,3,13.5743,3162.57
1076,0,0,3,13.5562,3069.24
1074,0,0,3,13.5522,3048.58
1077,0,0,3,13.5388,2981.61
1080,0,0,3,13.5239,2908.26
1079,0,0,3,13.5167,2871.78
1061,0,0,3,13.5125,2850.49
1063,0,0,3,13.5093,2833.65
1062,0,0,3,13.5083,2826.61
2159,0,0,3,13.5081,2825.63
1045,0,0,3,13.5074,2822.48
1012,0,0,3,13.5002,2781.49
2028,0,0,3,13.4921,2736.03
989,0,0,3,13.4887,2720.29
990,0,0,3,13.4786,2670.03
991,0,0,3,13.476,2657.68
706,0,0,3,13.469,2618.21
704,0,0,3,13.4664,2605.44
2179,0,0,3,13.4662,2604.58
662,0,0,3,13.46,2574.93
602,0,0,3,13.4487,2506.79
599,0,0,3,13.4442,2482.09
605,0,0,3,13.4391,2453.97
529,0,0,3,13.4225,2355.08
726,0,0,3,13.4064,2253.54
714,0,0,3,13.4062,2251.66
1543,0,0,3,13.4004,2219.22
459,0,0,3,13.3903,2156.04
458,0,0,3,13.3836,2110.63
456,0,0,3,13.375,2050.23
457,0,0,3,13.369,2017.18
454,0,0,3,13.3613,1963.2
455,0,0,3,13.3586,1948.24
1304,0,0,4,13.8232,4404.31,0.0735,320.585,0.21,5
952,0,0,4,13.7991,4272.99
953,0,0,4,13.7869,4211.94
2023,0,0,4,13.7861,4207.84
2108,0,0,4,13.7719,4132.18
1794,0,0,4,13.7656,4099.83
2106,0,0,4,13.7517,4026.08
2039,0,0,4,13.7331,3928.56
1106,0,0,4,13.7229,3874.16
2035,0,0,4,13.7109,3809.57
1108,0,0,4,13.6946,3725.83
1302,0,0,5,13.9438,4963.89,0.035,152.659,0.22,6
1303,0,0,5,13.9234,4860.2
1305,0,0,5,13.9082,4784.18
1304,0,0,5,13.8967,4724.9
895,0,0,6,14.1277,5894.32,0.081,353.298,0.02,7
896,0,0,6,14.124,5876.08
892,0,0,6,14.1203,5857.33
906,0,0,6,14.1077,5788.47
1555,0,0,6,14.0794,5633.87
2157,0,0,6,14.0685,5580.12
2019,0,0,6,14.0417,5453.86
929,0,0,6,14.0413,5451.88
938,0,0,6,14.0293,5386.03
950,0,0,6,14.0158,5315.47
951,0,0,6,14.0088,5279.75
949,0,0,6,13.9978,5223.27
1302,0,0,6,13.9788,5116.55
978,0,0,7,14.3747,7086.98,0.0373333,162.837,0.05,8
1010,0,0,7,14.3599,7010.21
1011,0,0,7,14.3456,6937.58
1009,0,0,7,14.34,6908.14
1038,0,0,7,14.3318,6867.54
1039,0,0,7,14.3313,6864.87
1037,0,0,7,14.3214,6816.31
1034,0,0,7,14.3132,6772.47
2032,0,0,7,14.2977,6694.87
1050,0,0,7,14.2714,6561.09
1049,0,0,7,14.2713,6561
1025,0,0,7,14.264,6523.3
1029,0,0,7,14.2509,6457.51
1027,0,0,7,14.2381,6394.14
898,0,0,7,14.2277,6341.65
895,0,0,7,14.2087,6247.62
636,0,0,8,14.4917,7640.24,0.0391667,170.833,0.15,9
631,0,0,8,14.485,7607.45
630,0,0,8,14.4792,7578.93
637,0,0,8,14.4687,7526.85
1996,0,0,8,14.4562,7463.56
1997,0,0,8,14.4523,7443.66
2027,0,0,8,14.4251,7313.44
2026,0,0,8,14.4193,7284.96
978,0,0,8,14.412,7249.82
603,0,0,9,14.6152,8246.8,0.0658333,287.145,0.35,10
604,0,0,9,14.6104,8221.39
596,0,0,9,14.6102,8220.42
580,0,0,9,14.596,8144.21
583,0,0,9,14.5897,8114.4
587,0,0,9,14.5875,8099.97
578,0,0,9,14.5844,8083.16
575,0,0,9,14.5789,8052.05
571,0,0,9,14.576,8035.93
570,0,0,9,14.5712,8012.65
1994,0,0,9,14.5584,7948.3
562,0,0,9,14.5451,7883.24
639,0,0,9,14.5416,7865.8
638,0,0,9,14.5349,7831.77
636,0,0,9,14.5309,7811.07
64,0,0,10,14.8429,9558.76,0,0,0
195,0,0,10,14.8214,9442.51
196,0,0,10,14.8186,9422.93
205,0,0,10,14.8044,9336.85
215,0,0,10,14.78,9181.87
225,0,0,10,14.7551,8978.04
715,0,0,10,14.7201,8787.49
714,0,0,10,14.7164,8763.65
726,0,0,10,14.7162,8761.79
529,0,0,10,14.7022,8662.18
605,0,0,10,14.6868,8564.93
603,0,0,10,14.681,8533.95
220,1,0,0,12.8902,511.167,0.0923333,402.73,0.08,1
2130,1,0,0,12.8724,417.757
215,1,0,0,12.8669,383.417
205,1,0,0,12.8389,223.068
196,1,0,0,12.825,137.521
195,1,0,0,12.8219,117.624
64,1,0,0,12.8,0
710,1,0,1,13.047,1250.5,0.0466667,203.546,0.45,2
223,1,0,1,13.0304,1161.15
224,1,0,1,13.0085,1054.49
222,1,0,1,12.9926,968.676
220,1,0,1,12.9826,913.897
455,1,0,2,13.1544,1842.97,0.0423333,184.645,0.11,3
454,1,0,2,13.1511,1825.59
457,1,0,2,13.1446,1771.53
456,1,0,2,13.1396,1742.49
458,1,0,2,13.1304,1681.58
459,1,0,2,13.1238,1636.23
1543,1,0,2,13.1152,1574.42
710,1,0,2,13.0937,1454.05
1108,1,0,3,13.4603,3489.72,0.0723333,315.496,0.16,4
1109,1,0,3,13.4562,3468.33
1113,1,0,3,13.4498,3436.08
1847,1,0,3,13.4381,3375.45
1086,1,0,3,13.4344,3355.26
1087,1,0,3,13.421,3286.71
1090,1,0,3,13.4124,3241.94
1076,1,0,3,13.3943,3148.62
1074,1,0,3,13.3903,3127.95
1077,1,0,3,13.3768,3060.98
1080,1,0,3,13.3619,2987.63
1079,1,0,3,13.3548,2951.15
1061,1,0,3,13.3505,2929.87
1063,1,0,3,13.3473,2913.03
1062,1,0,3,13.3463,2905.99
2159,1,0,3,13.3461,2905
1045,1,0,3,13.3454,2901.85
1012,1,0,3,13.3382,2860.87
2028,1,0,3,13.3301,2815.4
989,1,0,3,13.3267,2799.67
990,1,0,3,13.3167,2749.41
991,1,0,3,13.3141,2737.05
706,1,0,3,13.3071,2697.59
704,1,0,3,13.3044,2684.82
2179,1,0,3,13.3042,2683.96
662,1,0,3,13.298,2654.31
602,1,0,3,13.2868,2586.17
599,1,0,3,13.2823,2561.47
605,1,0,3,13.2771,2533.35
529,1,0,3,13.2606,2434.45
726,1,0,3,13.2444,2332.92
714,1,0,3,13.2442,2331.04
1543,1,0,3,13.2385,2298.6
459,1,0,3,13.2283,2235.42
458,1,0,3,13.2216,2190.01
456,1,0,3,13.213,2129.61
457,1,0,3,13.207,2096.56
454,1,0,3,13.1994,2042.58
455,1,0,3,13.1967,2027.62
1304,1,0,4,13.6612,4483.69,0.0735,320.585,0.21,5
952,1,0,4,13.6372,4352.37
953,1,0,4,13.6249,4291.32
2023,1,0,4,13.6241,4287.22
2108,1,0,4,13.6099,4211.55
1794,1,0,4,13.6036,4179.21
2106,1,0,4,13.5897,4105.45
2039,1,0,4,13.5712,4007.94
1106,1,0,4,13.5609,3953.53
2035,1,0,4,13.5489,3888.95
1108,1,0,4,13.5326,3805.21
1302,1,0,5,13.7818,5043.27,0.035,152.659,0.22,6
1303,1,0,5,13.7615,4939.58
1305,1,0,5,13.7462,4863.56
1304,1,0,5,13.7347,4804.28
895,1,0,6,13.9658,5973.7,0.0823333,359.113,0.02,7
896,1,0,6,13.9621,5955.46
892,1,0,6,13.9583,5936.71
906,1,0,6,13.9457,5867.85
1555,1,0,6,13.9175,5713.25
2157,1,0,6,13.9066,5659.5
2019,1,0,6,13.8797,5533.24
929,1,0,6,13.8793,5531.26
938,1,0,6,13.8673,5465.41
950,1,0,6,13.8538,5394.84
951,1,0,6,13.8468,5359.13
949,1,0,6,13.8359,5302.65
1302,1,0,6,13.8168,5195.93
978,1,0,7,14.2141,7172.17,0.0373333,162.837,0.05,8
1010,1,0,7,14.1992,7095.41
1011,1,0,7,14.185,7022.77
1009,1,0,7,14.1794,6993.33
1038,1,0,7,14.1712,6952.74
1039,1,0,7,14.1706,6950.06
1037,1,0,7,14.1608,6901.5
1034,1,0,7,14.1526,6857.66
2032,1,0,7,14.1371,6780.07
1050,1,0,7,14.1107,6646.28
1049,1,0,7,14.1107,6646.19
1025,1,0,7,14.1033,6608.49
1029,1,0,7,14.0903,6542.71
1027,1,0,7,14.0775,6479.33
898,1,0,7,14.0671,6426.85
895,1,0,7,14.0481,6332.81
636,1,0,8,14.3311,7725.43,0.0391667,170.833,0.15,9
631,1,0,8,14.3244,7692.64
630,1,0,8,14.3186,7664.12
637,1,0,8,14.308,7612.04
1996,1,0,8,14.2956,7548.76
1997,1,0,8,14.2917,7528.85
2027,1,0,8,14.2645,7398.64
2026,1,0,8,14.2587,7370.15
978,1,0,8,14.2514,7335.01
603,1,0,9,14.4545,8331.99,0.0658333,287.145,0.35,10
604,1,0,9,14.4497,8306.58
596,1,0,9,14.4496,8305.61
580,1,0,9,14.4353,8229.41
583,1,0,9,14.4291,8199.59
587,1,0,9,14.4269,8185.16
578,1,0,9,14.4238,8168.35
575,1,0,9,14.4183,8137.24
571,1,0,9,14.4154,8121.12
570,1,0,9,14.4106,8097.85
1994,1,0,9,14.3978,8033.49
562,1,0,9,14.3844,7968.44
639,1,0,9,14.381,7950.99
638,1,0,9,14.3743,7916.96
636,1,0,9,14.3703,7896.26
64,1,0,10,14.6823,9643.96,0,0,0
195,1,0,10,14.6607,9527.7
196,1,0,10,14.658,9508.12
205,1,0,10,14.6438,9422.04
215,1,0,10,14.6193,9267.06
225,1,0,10,14.5945,9063.23
715,1,0,10,14.5595,8872.69
714,1,0,10,14.5558,8848.84
726,1,0,10,14.5556,8846.99
529,1,0,10,14.5415,8747.38
605,1,0,10,14.5262,8650.12
603,1,0,10,14.5204,8619.14
220,2,0,0,12.8202,511.167,0.0923333,402.73,0.08,1
2130,2,0,0,12.8024,417.757
215,2,0,0,12.7969,383.417
205,2,0,0,12.7689,223.068
196,2,0,0,12.755,137.521
195,2,0,0,12.7519,117.624
64,2,0,0,12.73,0
710,2,0,1,12.977,1250.5,0.0983333,428.9,0.42,2
223,2,0,1,12.9604,1161.15
224,2,0,1,12.9385,1054.49
222,2,0,1,12.9226,968.676
220,2,0,1,12.9126,913.897
455,2,0,2,13.136,2068.33,0.0423333,184.645,0.11,3
454,2,0,2,13.1328,2050.95
457,2,0,2,13.1262,1996.88
456,2,0,2,13.1213,1967.85
458,2,0,2,13.1121,1906.93
459,2,0,2,13.1054,1861.58
1543,2,0,2,13.0969,1799.77
710,2,0,2,13.0754,1679.4
1108,2,0,3,13.442,3715.07,0.0723333,315.496,0.16,4
1109,2,0,3,13.4379,3693.69
1113,2,0,3,13.4315,3661.44
1847,2,0,3,13.4197,3600.81
1086,2,0,3,13.4161,3580.62
1087,2,0,3,13.4026,3512.06
1090,2,0,3,13.394,3467.3
1076,2,0,3,13.376,3373.97
1074,2,0,3,13.3719,3353.31
1077,2,0,3,13.3585,3286.34
1080,2,0,3,13.3436,3212.99
1079,2,0,3,13.3365,3176.51
1061,2,0,3,13.3322,3155.22
1063,2,0,3,13.329,3138.38
1062,2,0,3,13.328,3131.34
2159,2,0,3,13.3278,3130.36
1045,2,0,3,13.3271,3127.21
1012,2,0,3,13.3199,3086.22
2028,2,0,3,13.3118,3040.76
989,2,0,3,13.3084,3025.02
990,2,0,3,13.2983,2974.76
991,2,0,3,13.2957,2962.41
706,2,0,3,13.2887,2922.94
704,2,0,3,13.2861,2910.17
2179,2,0,3,13.2859,2909.31
662,2,0,3,13.2797,2879.66
602,2,0,3,13.2685,2811.52
599,2,0,3,13.264,2786.83
605,2,0,3,13.2588,2758.7
529,2,0,3,13.2422,2659.81
726,2,0,3,13.2261,2558.27
714,2,0,3,13.2259,2556.39
1543,2,0,3,13.2201,2523.95
459,2,0,3,13.21,2460.77
458,2,0,3,13.2033,2415.36
456,2,0,3,13.1947,2354.96
457,2,0,3,13.1887,2321.91
454,2,0,3,13.181,2267.93
455,2,0,3,13.1784,2252.97
1304,2,0,4,13.6429,4709.04,0.0735,320.585,0.21,5
952,2,0,4,13.6189,4577.72
953,2,0,4,13.6066,4516.67
2023,2,0,4,13.6058,4512.57
2108,2,0,4,13.5916,4436.91
1794,2,0,4,13.5853,4404.56
2106,2,0,4,13.5714,4330.81
2039,2,0,4,13.5528,4233.29
1106,2,0,4,13.5426,4178.89
2035,2,0,4,13.5306,4114.3
1108,2,0,4,13.5143,4030.57
1302,2,0,5,13.7635,5268.62,0.035,152.659,0.22,6
1303,2,0,5,13.7431,5164.93
1305,2,0,5,13.7279,5088.91
1304,2,0,5,13.7164,5029.63
895,2,0,6,13.9474,6199.05,0.0823333,359.113,0.02,7
896,2,0,6,13.9437,6180.81
892,2,0,6,13.94,6162.06
906,2,0,6,13.9274,6093.2
1555,2,0,6,13.8992,5938.6
2157,2,0,6,13.8882,5884.85
2019,2,0,6,13.8614,5758.59
929,2,0,6,13.861,5756.61
938,2,0,6,13.849,5690.76
950,2,0,6,13.8355,5620.2
951,2,0,6,13.8285,5584.48
949,2,0,6,13.8175,5528
1302,2,0,6,13.7985,5421.28
978,2,0,7,14.1957,7397.53,0.0373333,162.837,0.05,8
1010,2,0,7,14.1809,7320.76
1011,2,0,7,14.1667,7248.12
1009,2,0,7,14.1611,7218.69
1038,2,0,7,14.1529,7178.09
1039,2,0,7,14.1523,7175.42
1037,2,0,7,14.1425,7126.85
1034,2,0,7,14.1342,7083.01
2032,2,0,7,14.1188,7005.42
1050,2,0,7,14.0924,6871.64
1049,2,0,7,14.0924,6871.55
1025,2,0,7,14.085,6833.85
1029,2,0,7,14.072,6768.06
1027,2,0,7,14.0591,6704.68
898,2,0,7,14.0487,6652.2
895,2,0,7,14.0298,6558.17
636,2,0,8,14.3128,7950.79,0.0391667,170.833,0.15,9
631,2,0,8,14.3061,7917.99
630,2,0,8,14.3003,7889.48
637,2,0,8,14.2897,7837.4
1996,2,0,8,14.2773,7774.11
1997,2,0,8,14.2734,7754.21
2027,2,0,8,14.2462,7623.99
2026,2,0,8,14.2404,7595.51
978,2,0,8,14.2331,7560.36
603,2,0,9,14.4362,8557.35,0.0658333,287.145,0.35,10
604,2,0,9,14.4314,8531.94
596,2,0,9,14.4313,8530.97
580,2,0,9,14.417,8454.76
583,2,0,9,14.4108,8424.95
587,2,0,9,14.4086,8410.52
578,2,0,9,14.4055,8393.7
575,2,0,9,14.4,8362.6
571,2,0,9,14.3971,8346.47
570,2,0,9,14.3922,8323.2
1994,2,0,9,14.3795,8258.84
562,2,0,9,14.3661,8193.79
639,2,0,9,14.3626,8176.35
638,2,0,9,14.3559,8142.32
636,2,0,9,14.3519,8121.62
64,2,0,10,14.664,9869.31,0,0,0
195,2,0,10,14.6424,9753.06
196,2,0,10,14.6397,9733.48
205,2,0,10,14.6254,9647.4
215,2,0,10,14.601,9492.42
225,2,0,10,14.5761,9288.58
715,2,0,10,14.5412,9098.04
714,2,0,10,14.5374,9074.2
726,2,0,10,14.5373,9072.34
529,2,0,10,14.5232,8972.73
605,2,0,10,14.5078,8875.47
603,2,0,10,14.502,8844.49
220,3,0,0,12.2602,511.167,0.0923333,402.73,0.08,1
2130,3,0,0,12.2424,417.757
215,3,0,0,12.2369,383.417
205,3,0,0,12.2089,223.068
196,3,0,0,12.195,137.521
195,3,0,0,12.1919,117.624
64,3,0,0,12.17,0
603,3,0,1,12.4734,1615.67,0.0631667,275.514,0.35,2
604,3,0,1,12.4695,1593.8
596,3,0,1,12.4693,1592.83
595,3,0,1,12.4633,1560.09
605,3,0,1,12.4621,1552.08
529,3,0,1,12.4449,1452.07
726,3,0,1,12.4301,1351.99
714,3,0,1,12.4299,1350.12
1543,3,0,1,12.4257,1320.16
459,3,0,1,12.4156,1257.06
450,3,0,1,12.3993,1168.32
229,3,0,1,12.3873,1104.61
222,3,0,1,12.3626,968.676
220,3,0,1,12.3526,913.897
1108,3,0,2,12.725,2873.75,0.0588333,256.613,0.13,3
1109,3,0,2,12.7209,2852.21
1113,3,0,2,12.7137,2816.27
1847,3,0,2,12.7006,2750.43
1086,3,0,2,12.697,2730.19
1087,3,0,2,12.6832,2660.4
1090,3,0,2,12.674,2613.15
1076,3,0,2,12.651,2498.97
1074,3,0,2,12.647,2478.57
1077,3,0,2,12.6367,2424.52
1080,3,0,2,12.6234,2358.07
1079,3,0,2,12.6158,2319.39
1061,3,0,2,12.6115,2298.1
1063,3,0,2,12.6081,2280.29
1062,3,0,2,12.607,2273.22
2159,3,0,2,12.6068,2272.32
1045,3,0,2,12.6062,2269.17
1012,3,0,2,12.5989,2228.18
1014,3,0,2,12.5985,2225.98
989,3,0,2,12.588,2170.12
990,3,0,2,12.578,2119.86
704,3,0,2,12.5667,2062.12
2179,3,0,2,12.5665,2061.26
662,3,0,2,12.5603,2031.61
602,3,0,2,12.5493,1963.92
604,3,0,2,12.5469,1947.23
596,3,0,2,12.5468,1946.26
595,3,0,2,12.5407,1913.53
603,3,0,2,12.5366,1891.18
1304,3,0,3,12.9168,3825,0.0815,355.478,0.17,4
2163,3,0,3,12.8958,3715.26
2051,3,0,3,12.8622,3537.17
2050,3,0,3,12.851,3478.16
2106,3,0,3,12.8441,3443.43
2039,3,0,3,12.8263,3349.46
1106,3,0,3,12.8165,3296.52
2035,3,0,3,12.8039,3229.69
1108,3,0,3,12.7839,3130.36
1302,3,0,4,13.0442,4414.49,0.035,152.659,0.22,5
1303,3,0,4,13.0239,4310.95
1305,3,0,4,13.0104,4242.04
1304,3,0,4,12.9983,4180.48
895,3,0,5,13.2282,5344.92,0.0823333,359.113,0.02,6
896,3,0,5,13.2245,5326.68
892,3,0,5,13.2207,5307.93
906,3,0,5,13.2081,5239.07
1555,3,0,5,13.1799,5084.47
2157,3,0,5,13.169,5030.72
2019,3,0,5,13.1421,4904.46
929,3,0,5,13.1417,4902.47
938,3,0,5,13.1297,4836.62
950,3,0,5,13.1162,4766.06
951,3,0,5,13.1092,4730.35
949,3,0,5,13.0982,4673.87
1302,3,0,5,13.0792,4567.15
978,3,0,6,13.4828,6568.41,0.0648333,282.783,0.06,7
1010,3,0,6,13.4691,6496.29
1011,3,0,6,13.4543,6421.57
1009,3,0,6,13.448,6389.14
1038,3,0,6,13.44,6349.25
1039,3,0,6,13.4394,6346.57
1037,3,0,6,13.4265,6285.62
1034,3,0,6,13.4168,6235.41
2032,3,0,6,13.4013,6157.81
2031,3,0,6,13.401,6155.99
1031,3,0,6,13.3911,6108.59
1002,3,0,6,13.3769,6037.86
1024,3,0,6,13.3564,5933.74
1029,3,0,6,13.3512,5907.58
1027,3,0,6,13.3391,5847.48
898,3,0,6,13.329,5796.22
895,3,0,6,13.3105,5704.03
636,3,0,7,13.6249,7232.63,0.0665,290.053,0.15,8
633,3,0,7,13.6193,7203.09
639,3,0,7,13.6158,7184.95
1993,3,0,7,13.6042,7126.67
1995,3,0,7,13.5973,7092.3
1996,3,0,7,13.5912,7062.36
1997,3,0,7,13.5873,7042.46
2027,3,0,7,13.5624,6921.68
2026,3,0,7,13.5566,6893.2
978,3,0,7,13.5476,6851.2
455,3,0,8,13.854,8391.78,0.0423333,184.645,0.11,9
453,3,0,8,13.8454,8326.32
452,3,0,8,13.8332,8239
1678,3,0,8,13.8174,8154.62
474,3,0,8,13.7974,8055.1
2140,3,0,8,13.7893,8017.27
475,3,0,8,13.7826,7986
499,3,0,8,13.7748,7946.41
500,3,0,8,13.7702,7923
518,3,0,8,13.7646,7894.82
1754,3,0,8,13.7514,7832.96
540,3,0,8,13.7429,7789.06
541,3,0,8,13.7321,7733.91
572,3,0,8,13.7235,7688.15
1994,3,0,8,13.7137,7637.87
562,3,0,8,13.7042,7588.83
639,3,0,8,13.7007,7571.38
638,3,0,8,13.6955,7543.59
636,3,0,8,13.6914,7522.68
710,3,0,9,13.9614,8975.63,0.0466667,203.546,0.45,10
1543,3,0,9,13.9381,8847.41
459,3,0,9,13.928,8784.22
458,3,0,9,13.9213,8738.82
456,3,0,9,13.9127,8678.42
457,3,0,9,13.9067,8645.37
454,3,0,9,13.899,8591.39
455,3,0,9,13.8964,8576.43
64,3,0,10,14.1168,9878.01,0,0,0
195,3,0,10,14.0953,9761.76
196,3,0,10,14.0925,9742.18
205,3,0,10,14.0783,9656.1
215,3,0,10,14.0538,9501.12
225,3,0,10,14.029,9297.29
1680,3,0,10,14.0262,9278.45
710,3,0,10,14.0081,9179.18
710,4,0,0,11.893,739.387,0.0443333,193.369,0.36,1
223,4,0,0,11.8755,646.157
1680,4,0,0,11.866,581.03
225,4,0,0,11.8632,562.11
215,4,0,0,11.8375,358.782
205,4,0,0,11.8136,204.484
196,4,0,0,11.8005,119.897
195,4,0,0,11.7979,100.335
64,4,0,0,11.78,0
603,4,0,1,12.0062,1343.94,0.0631667,275.514,0.35,2
604,4,0,1,12.0019,1320.8
596,4,0,1,12.0018,1319.83
595,4,0,1,11.9963,1289.42
605,4,0,1,11.9952,1281.43
529,4,0,1,11.9779,1181.4
726,4,0,1,11.962,1080.21
714,4,0,1,11.9619,1078.32
1543,4,0,1,11.957,1047.8
710,4,0,1,11.9373,932.755
1108,4,0,2,12.2578,2602.02,0.0588333,256.613,0.13,3
1109,4,0,2,12.2537,2580.49
1113,4,0,2,12.2464,2544.55
1847,4,0,2,12.2334,2478.7
1086,4,0,2,12.2297,2458.47
1087,4,0,2,12.216,2388.68
1090,4,0,2,12.2068,2341.42
1076,4,0,2,12.1837,2227.24
1074,4,0,2,12.1798,2206.85
1077,4,0,2,12.1694,2152.79
1080,4,0,2,12.1562,2086.35
1079,4,0,2,12.1485,2047.66
1061,4,0,2,12.1443,2026.38
1063,4,0,2,12.1408,2008.57
1062,4,0,2,12.1398,2001.5
2159,4,0,2,12.1396,2000.59
1045,4,0,2,12.1389,1997.44
1012,4,0,2,12.1317,1956.46
1014,4,0,2,12.1313,1954.26
989,4,0,2,12.1208,1898.4
990,4,0,2,12.1107,1848.13
704,4,0,2,12.0994,1790.4
2179,4,0,2,12.0992,1789.53
662,4,0,2,12.093,1759.89
602,4,0,2,12.0821,1692.19
604,4,0,2,12.0796,1675.51
596,4,0,2,12.0795,1674.54
595,4,0,2,12.0735,1641.8
603,4,0,2,12.0693,1619.46
1304,4,0,3,12.4495,3553.28,0.0815,355.478,0.17,4
2163,4,0,3,12.4285,3443.54
2051,4,0,3,12.3949,3265.45
2050,4,0,3,12.3837,3206.44
2106,4,0,3,12.3768,3171.71
2039,4,0,3,12.3591,3077.74
1106,4,0,3,12.3492,3024.79
2035,4,0,3,12.3367,2957.97
1108,4,0,3,12.3166,2858.64
1302,4,0,4,12.577,4142.76,0.106833,465.975,0.24,5
1303,4,0,4,12.5566,4039.23
1305,4,0,4,12.5431,3970.31
1304,4,0,4,12.531,3908.76
895,4,0,5,12.8496,5457.47,0.0435,189.734,0.02,6
896,4,0,5,12.8459,5439.23
892,4,0,5,12.8424,5421.45
906,4,0,5,12.8241,5328.65
1555,4,0,5,12.7987,5185.9
2157,4,0,5,12.786,5125.26
2019,4,0,5,12.757,4990.09
929,4,0,5,12.7566,4988.1
938,4,0,5,12.7445,4921.97
950,4,0,5,12.7286,4840.95
951,4,0,5,12.7221,4807.69
949,4,0,5,12.7105,4748.41
1302,4,0,5,12.6838,4608.74
978,4,0,6,13.0611,6496.16,0.0648333,282.783,0.06,7
1010,4,0,6,13.0454,6416.01
1011,4,0,6,13.032,6346.6
1009,4,0,6,13.0268,6318.98
1041,4,0,6,13.0266,6318.29
1039,4,0,6,13.0189,6277.81
1037,4,0,6,13.0093,6230.33
1034,4,0,6,13.0006,6184.64
2032,4,0,6,12.9852,6107.05
1050,4,0,6,12.9539,5952.95
1049,4,0,6,12.9539,5952.86
1025,4,0,6,12.9451,5909.2
1029,4,0,6,12.9318,5842.37
1027,4,0,6,12.92,5783.41
898,4,0,6,12.9117,5739.88
895,4,0,6,12.8931,5647.21
636,4,0,7,13.2032,7160.37,0.0665,290.053,0.15,8
633,4,0,7,13.1975,7130.84
639,4,0,7,13.194,7112.7
1993,4,0,7,13.1825,7054.41
1995,4,0,7,13.1756,7020.05
1996,4,0,7,13.1695,6990.1
1997,4,0,7,13.1656,6970.2
2027,4,0,7,13.1407,6849.43
2026,4,0,7,13.1349,6820.94
978,4,0,7,13.1259,6778.94
455,4,0,8,13.4323,8319.53,0.0423333,184.645,0.11,9
453,4,0,8,13.4237,8254.07
452,4,0,8,13.4114,8166.75
1678,4,0,8,13.3957,8082.36
474,4,0,8,13.3757,7982.85
2140,4,0,8,13.3675,7945.01
475,4,0,8,13.3608,7913.74
499,4,0,8,13.3531,7874.15
500,4,0,8,13.3485,7850.75
518,4,0,8,13.3429,7822.56
1754,4,0,8,13.3297,7760.7
540,4,0,8,13.3212,7716.8
541,4,0,8,13.3104,7661.65
572,4,0,8,13.3017,7615.9
1994,4,0,8,13.292,7565.62
562,4,0,8,13.2825,7516.57
639,4,0,8,13.279,7499.13
638,4,0,8,13.2738,7471.34
636,4,0,8,13.2697,7450.42
220,4,0,9,13.5661,9042.6,0.072,314.042,0.12,10
222,4,0,9,13.5581,8994.87
229,4,0,9,13.5327,8856.22
450,4,0,9,13.5223,8799.33
459,4,0,9,13.5063,8711.97
458,4,0,9,13.4996,8666.56
456,4,0,9,13.491,8606.16
457,4,0,9,13.485,8573.11
454,4,0,9,13.4773,8519.13
455,4,0,9,13.4747,8504.17
64,4,0,10,13.7337,9893.44,0,0,0
195,4,0,10,13.7094,9765.78
196,4,0,10,13.7067,9746.18
205,4,0,10,13.6917,9659.06
215,4,0,10,13.6602,9484.75
2130,4,0,10,13.6561,9451.1
220,4,0,10,13.6381,9356.64
220,5,0,0,11.7772,472.978,0.0955,416.542,0.04,1
2130,5,0,0,11.7624,392.48
215,5,0,0,11.7575,358.782
205,5,0,0,11.7336,204.484
196,5,0,0,11.7205,119.897
195,5,0,0,11.7179,100.335
64,5,0,0,11.7,0
710,5,0,1,11.9304,1198.14,0.0443333,193.369,0.36,2
223,5,0,1,11.9129,1104.91
224,5,0,1,11.8988,1031.05
222,5,0,1,11.883,945.57
220,5,0,1,11.8727,889.52
603,5,0,2,12.0436,1802.69,0.0631667,275.514,0.35,3
604,5,0,2,12.0393,1779.55
596,5,0,2,12.0392,1778.58
595,5,0,2,12.0337,1748.17
605,5,0,2,12.0326,1740.18
529,5,0,2,12.0153,1640.15
726,5,0,2,11.9995,1538.96
714,5,0,2,11.9993,1537.07
1543,5,0,2,11.9944,1506.55
710,5,0,2,11.9747,1391.51
1108,5,0,3,12.2952,3060.77,0.0588333,256.613,0.13,4
1109,5,0,3,12.2911,3039.24
1113,5,0,3,12.2838,3003.3
1847,5,0,3,12.2708,2937.45
1086,5,0,3,12.2671,2917.22
1087,5,0,3,12.2534,2847.43
1090,5,0,3,12.2442,2800.18
1076,5,0,3,12.2211,2685.99
1074,5,0,3,12.2172,2665.6
1077,5,0,3,12.2068,2611.54
1080,5,0,3,12.1936,2545.1
1079,5,0,3,12.1859,2506.41
1061,5,0,3,12.1817,2485.13
1063,5,0,3,12.1782,2467.32
1062,5,0,3,12.1772,2460.25
2159,5,0,3,12.177,2459.35
1045,5,0,3,12.1763,2456.2
1012,5,0,3,12.1691,2415.21
1014,5,0,3,12.1687,2413.01
989,5,0,3,12.1582,2357.15
990,5,0,3,12.1481,2306.89
704,5,0,3,12.1368,2249.15
2179,5,0,3,12.1366,2248.28
662,5,0,3,12.1304,2218.64
602,5,0,3,12.1195,2150.94
604,5,0,3,12.117,2134.26
596,5,0,3,12.1169,2133.29
595,5,0,3,12.1109,2100.55
603,5,0,3,12.1067,2078.21
1304,5,0,4,12.4869,4012.03,0.0815,355.478,0.17,5
2163,5,0,4,12.4659,3902.29
2051,5,0,4,12.4323,3724.2
2050,5,0,4,12.4212,3665.19
2106,5,0,4,12.4142,3630.46
2039,5,0,4,12.3965,3536.49
1106,5,0,4,12.3866,3483.54
2035,5,0,4,12.3741,3416.72
1108,5,0,4,12.354,3317.39
1302,5,0,5,12.6144,4601.51,0.106833,465.975,0.24,6
1303,5,0,5,12.594,4497.98
1305,5,0,5,12.5805,4429.06
1304,5,0,5,12.5684,4367.51
895,5,0,6,12.887,5916.22,0.0435,189.734,0.02,7
896,5,0,6,12.8833,5897.98
892,5,0,6,12.8798,5880.2
906,5,0,6,12.8616,5787.4
1555,5,0,6,12.8361,5644.65
2157,5,0,6,12.8235,5584.01
2019,5,0,6,12.7944,5448.84
929,5,0,6,12.794,5446.85
938,5,0,6,12.7819,5380.72
950,5,0,6,12.766,5299.7
951,5,0,6,12.7595,5266.44
949,5,0,6,12.7479,5207.16
1302,5,0,6,12.7212,5067.49
978,5,0,7,13.0985,6954.91,0.0648333,282.783,0.06,8
1010,5,0,7,13.0828,6874.76
1011,5,0,7,13.0694,6805.35
1009,5,0,7,13.0642,6777.73
1041,5,0,7,13.0641,6777.04
1039,5,0,7,13.0563,6736.56
1037,5,0,7,13.0467,6689.08
1034,5,0,7,13.038,6643.39
2032,5,0,7,13.0226,6565.8
1050,5,0,7,12.9913,6411.7
1049,5,0,7,12.9913,6411.61
1025,5,0,7,12.9825,6367.95
1029,5,0,7,12.9692,6301.12
1027,5,0,7,12.9574,6242.16
898,5,0,7,12.9492,6198.63
895,5,0,7,12.9305,6105.96
636,5,0,8,13.2406,7619.12,0.0665,290.053,0.15,9
633,5,0,8,13.2349,7589.59
639,5,0,8,13.2315,7571.45
1993,5,0,8,13.2199,7513.16
1995,5,0,8,13.213,7478.8
1996,5,0,8,13.2069,7448.85
1997,5,0,8,13.203,7428.95
2027,5,0,8,13.1781,7308.18
2026,5,0,8,13.1723,7279.69
978,5,0,8,13.1633,7237.69
455,5,0,9,13.4697,8778.28,0.0423333,184.645,0.11,10
453,5,0,9,13.4611,8712.82
452,5,0,9,13.4488,8625.5
1678,5,0,9,13.4331,8541.11
474,5,0,9,13.4131,8441.6
2140,5,0,9,13.4049,8403.76
475,5,0,9,13.3982,8372.49
499,5,0,9,13.3905,8332.9
500,5,0,9,13.3859,8309.5
518,5,0,9,13.3803,8281.31
1754,5,0,9,13.3671,8219.45
540,5,0,9,13.3586,8175.55
541,5,0,9,13.3478,8120.4
572,5,0,9,13.3391,8074.65
1994,5,0,9,13.3294,8024.37
562,5,0,9,13.3199,7975.32
639,5,0,9,13.3164,7957.88
638,5,0,9,13.3112,7930.09
636,5,0,9,13.3071,7909.17
64,5,0,10,13.6905,9954.86,0,0,0
63,5,0,10,13.685,9924.51
199,5,0,10,13.6466,9728.31
202,5,0,10,13.6251,9612.27
208,5,0,10,13.6133,9540.49
170,5,0,10,13.5897,9416.25
176,5,0,10,13.5896,9415.93
183,5,0,10,13.5723,9319.66
192,5,0,10,13.5677,9288.55
458,5,0,10,13.537,9125.31
456,5,0,10,13.5284,9064.91
457,5,0,10,13.5224,9031.86
454,5,0,10,13.5147,8977.88
455,5,0,10,13.5121,8962.92
220,6,0,0,11.6972,472.978,0.0955,416.542,0.04,1
2130,6,0,0,11.6824,392.48
215,6,0,0,11.6775,358.782
205,6,0,0,11.6536,204.484
196,6,0,0,11.6405,119.897
195,6,0,0,11.6379,100.335
64,6,0,0,11.62,0
710,6,0,1,11.8504,1198.14,0.0443333,193.369,0.36,2
223,6,0,1,11.8329,1104.91
224,6,0,1,11.8188,1031.05
222,6,0,1,11.803,945.57
220,6,0,1,11.7927,889.52
455,6,0,2,11.9538,1774.06,0.0408333,178.103,0.03,3
454,6,0,2,11.951,1758.44
457,6,0,2,11.9443,1704.48
456,6,0,2,11.9391,1675.03
458,6,0,2,11.9296,1613.89
459,6,0,2,11.9237,1568.78
1543,6,0,2,11.9144,1506.55
710,6,0,2,11.8947,1391.51
603,6,0,3,12.085,2516.24,0.0631667,275.514,0.35,4
604,6,0,3,12.0808,2493.1
596,6,0,3,12.0806,2492.13
595,6,0,3,12.0752,2461.72
605,6,0,3,12.074,2453.73
529,6,0,3,12.0568,2353.71
726,6,0,3,12.0409,2252.51
714,6,0,3,12.0407,2250.62
1543,6,0,3,12.0359,2220.1
459,6,0,3,12.0256,2156.7
458,6,0,3,12.0191,2111.44
456,6,0,3,12.01,2050.65
457,6,0,3,12.0046,2020.43
454,6,0,3,11.997,1966.47
455,6,0,3,11.9946,1952.16
1108,6,0,4,12.3366,3774.32,0.0588333,256.613,0.13,5
1109,6,0,4,12.3326,3752.79
1113,6,0,4,12.3253,3716.85
1847,6,0,4,12.3123,3651
1086,6,0,4,12.3086,3630.77
1087,6,0,4,12.2949,3560.98
1090,6,0,4,12.2857,3513.73
1076,6,0,4,12.2626,3399.54
1074,6,0,4,12.2586,3379.15
1077,6,0,4,12.2483,3325.1
1080,6,0,4,12.235,3258.65
1079,6,0,4,12.2274,3219.96
1061,6,0,4,12.2231,3198.68
1063,6,0,4,12.2197,3180.87
1062,6,0,4,12.2186,3173.8
2159,6,0,4,12.2185,3172.9
1045,6,0,4,12.2178,3169.75
1012,6,0,4,12.2105,3128.76
1014,6,0,4,12.2101,3126.56
989,6,0,4,12.1996,3070.7
990,6,0,4,12.1896,3020.44
704,6,0,4,12.1783,2962.7
2179,6,0,4,12.1781,2961.83
662,6,0,4,12.1719,2932.19
602,6,0,4,12.1609,2864.49
604,6,0,4,12.1585,2847.81
596,6,0,4,12.1584,2846.84
595,6,0,4,12.1524,2814.1
603,6,0,4,12.1482,2791.76
1304,6,0,5,12.5284,4725.58,0.0815,355.478,0.17,6
2163,6,0,5,12.5074,4615.84
2051,6,0,5,12.4738,4437.75
2050,6,0,5,12.4626,4378.74
2106,6,0,5,12.4557,4344.01
2039,6,0,5,12.438,4250.04
1106,6,0,5,12.4281,4197.09
2035,6,0,5,12.4155,4130.27
1108,6,0,5,12.3955,4030.94
1302,6,0,6,12.6558,5315.06,0.106833,465.975,0.24,7
1303,6,0,6,12.6355,5211.53
1305,6,0,6,12.622,5142.62
1304,6,0,6,12.6099,5081.06
895,6,0,7,12.9285,6629.77,0.0435,189.734,0.02,8
896,6,0,7,12.9248,6611.53
892,6,0,7,12.9213,6593.75
906,6,0,7,12.903,6500.95
1555,6,0,7,12.8775,6358.2
2157,6,0,7,12.8649,6297.56
2019,6,0,7,12.8358,6162.39
929,6,0,7,12.8354,6160.4
938,6,0,7,12.8234,6094.27
950,6,0,7,12.8074,6013.25
951,6,0,7,12.801,5979.99
949,6,0,7,12.7893,5920.71
1302,6,0,7,12.7627,5781.04
978,6,0,8,13.1399,7668.46,0.0648333,282.783,0.06,9
1010,6,0,8,13.1243,7588.31
1011,6,0,8,13.1108,7518.91
1009,6,0,8,13.1057,7491.28
1041,6,0,8,13.1055,7490.59
1039,6,0,8,13.0977,7450.11
1037,6,0,8,13.0882,7402.63
1034,6,0,8,13.0795,7356.94
2032,6,0,8,13.064,7279.35
1050,6,0,8,13.0328,7125.25
1049,6,0,8,13.0328,7125.16
1025,6,0,8,13.0239,7081.5
1029,6,0,8,13.0107,7014.67
1027,6,0,8,12.9989,6955.71
898,6,0,8,12.9906,6912.18
895,6,0,8,12.972,6819.51
636,6,0,9,13.2821,8332.67,0.0665,290.053,0.15,10
633,6,0,9,13.2764,8303.14
639,6,0,9,13.2729,8285
1993,6,0,9,13.2613,8226.71
1995,6,0,9,13.2545,8192.35
1996,6,0,9,13.2484,8162.4
1997,6,0,9,13.2445,8142.5
2027,6,0,9,13.2196,8021.73
2026,6,0,9,13.2138,7993.25
978,6,0,9,13.2048,7951.24
64,6,0,10,13.596,10076.7,0,0,0
195,6,0,10,13.5717,9949.05
196,6,0,10,13.5689,9929.46
205,6,0,10,13.554,9842.34
215,6,0,10,13.5225,9668.03
225,6,0,10,13.4965,9464.79
715,6,0,10,13.4685,9299.91
714,6,0,10,13.4647,9276
726,6,0,10,13.4645,9274.15
529,6,0,10,13.4506,9174.62
605,6,0,10,13.436,9078.13
603,6,0,10,13.4274,9035.49
604,6,0,10,13.4224,9009.09
596,6,0,10,13.4222,9008.12
580,6,0,10,13.4107,8943.8
583,6,0,10,13.4045,8913.98
587,6,0,10,13.4023,8899.6
578,6,0,10,13.3994,8883.5
575,6,0,10,13.3936,8851.06
571,6,0,10,13.391,8835.95
570,6,0,10,13.3871,8816.9
1994,6,0,10,13.3709,8737.92
562,6,0,10,13.3613,8688.87
639,6,0,10,13.3579,8671.43
638,6,0,10,13.3526,8643.64
636,6,0,10,13.3486,8622.72
220,7,0,0,11.1172,472.978,0.0955,416.542,0.04,1
2130,7,0,0,11.1024,392.48
215,7,0,0,11.0975,358.782
205,7,0,0,11.0736,204.484
196,7,0,0,11.0605,119.897
195,7,0,0,11.0579,100.335
64,7,0,0,11.04,0
710,7,0,1,11.2704,1198.14,0.0443333,193.369,0.36,2
223,7,0,1,11.2529,1104.91
224,7,0,1,11.2388,1031.05
222,7,0,1,11.223,945.57
220,7,0,1,11.2127,889.52
455,7,0,2,11.3738,1774.06,0.0408333,178.103,0.03,3
454,7,0,2,11.371,1758.44
457,7,0,2,11.3643,1704.48
456,7,0,2,11.3591,1675.03
458,7,0,2,11.3496,1613.89
459,7,0,2,11.3437,1568.78
1543,7,0,2,11.3344,1506.55
710,7,0,2,11.3147,1391.51
1108,7,0,3,11.6819,3428.96,0.0935,407.819,0.09,4
1109,7,0,3,11.6767,3402.77
1113,7,0,3,11.6706,3371.72
1847,7,0,3,11.6577,3306.52
1086,7,0,3,11.6541,3286.49
1087,7,0,3,11.6395,3213.3
1090,7,0,3,11.6308,3168.13
1076,7,0,3,11.6047,3041.16
1074,7,0,3,11.6005,3020.04
1077,7,0,3,11.591,2969.22
1080,7,0,3,11.5775,2902.01
1079,7,0,3,11.5709,2867.56
1061,7,0,3,11.5666,2846.28
1063,7,0,3,11.5631,2828.11
1062,7,0,3,11.562,2821.03
2159,7,0,3,11.5618,2819.92
1045,7,0,3,11.5611,2816.77
1012,7,0,3,11.5539,2775.78
1014,7,0,3,11.5533,2772.91
989,7,0,3,11.5423,2714.61
990,7,0,3,11.5322,2664.35
991,7,0,3,11.5296,2652
706,7,0,3,11.5226,2612.53
704,7,0,3,11.52,2599.76
2179,7,0,3,11.5198,2598.9
662,7,0,3,11.5136,2569.25
602,7,0,3,11.5022,2500.98
599,7,0,3,11.4981,2477.72
605,7,0,3,11.494,2453.73
529,7,0,3,11.4768,2353.71
726,7,0,3,11.4609,2252.51
714,7,0,3,11.4607,2250.62
1543,7,0,3,11.4559,2220.1
459,7,0,3,11.4456,2156.7
458,7,0,3,11.4391,2111.44
456,7,0,3,11.43,2050.65
457,7,0,3,11.4246,2020.43
454,7,0,3,11.417,1966.47
455,7,0,3,11.4146,1952.16
1304,7,0,4,11.9049,4519.4,0.0428333,186.826,0.12,5
952,7,0,4,11.8805,4386.42
953,7,0,4,11.8698,4331.64
2023,7,0,4,11.869,4327.54
2108,7,0,4,11.8525,4242.33
1794,7,0,4,11.8454,4206.57
2106,7,0,4,11.8302,4127.2
2039,7,0,4,11.8125,4033.67
1106,7,0,4,11.8029,3981.72
2035,7,0,4,11.7887,3907.67
1108,7,0,4,11.7754,3836.78
1302,7,0,5,11.9979,4957.93,0.068,296.595,0.26,6
1303,7,0,5,11.9773,4853.42
1305,7,0,5,11.9627,4779.54
1304,7,0,5,11.9477,4706.23
895,7,0,6,12.2317,6103.27,0.0435,189.734,0.02,7
896,7,0,6,12.228,6085.03
892,7,0,6,12.2245,6067.24
906,7,0,6,12.2063,5974.44
1555,7,0,6,12.1808,5831.69
2157,7,0,6,12.1682,5771.05
2019,7,0,6,12.1391,5635.88
929,7,0,6,12.1387,5633.9
938,7,0,6,12.1266,5567.77
950,7,0,6,12.1107,5486.74
951,7,0,6,12.1042,5453.48
949,7,0,6,12.0926,5394.2
1302,7,0,6,12.0659,5254.53
978,7,0,7,12.4432,7141.95,0.107833,470.336,0.07,8
1010,7,0,7,12.4276,7061.8
1011,7,0,7,12.4141,6992.4
1009,7,0,7,12.4089,6964.77
1041,7,0,7,12.4088,6964.08
1039,7,0,7,12.401,6923.61
1037,7,0,7,12.3914,6876.12
1034,7,0,7,12.3827,6830.43
2032,7,0,7,12.3673,6752.84
1050,7,0,7,12.336,6598.74
1049,7,0,7,12.336,6598.65
1025,7,0,7,12.3272,6554.99
1029,7,0,7,12.3139,6488.16
1027,7,0,7,12.3021,6429.2
898,7,0,7,12.2939,6385.67
895,7,0,7,12.2752,6293
636,7,0,8,12.6366,8026.78,0.091,396.915,0.15,9
633,7,0,8,12.6299,7993.17
639,7,0,8,12.6265,7975.63
1993,7,0,8,12.6168,7925.01
1995,7,0,8,12.6072,7879.72
1996,7,0,8,12.5957,7827.98
1997,7,0,8,12.5918,7808.08
2027,7,0,8,12.5636,7673.74
2026,7,0,8,12.5578,7645.43
978,7,0,8,12.551,7612.29
603,7,0,9,12.8073,8837.52,0.0631667,275.514,0.35,10
604,7,0,9,12.8033,8815.66
596,7,0,9,12.8032,8814.69
580,7,0,9,12.7916,8750.16
583,7,0,9,12.7854,8720.35
587,7,0,9,12.7834,8706.08
578,7,0,9,12.7805,8690.02
579,7,0,9,12.7731,8651.22
570,7,0,9,12.7661,8618.06
1994,7,0,9,12.7532,8552.98
562,7,0,9,12.7402,8489.6
639,7,0,9,12.7368,8472.16
638,7,0,9,12.7314,8443.92
636,7,0,9,12.7276,8423.69
64,7,0,10,13.0377,10143.5,0,0,0
195,7,0,10,13.011,10005.3
196,7,0,10,13.0079,9985.38
205,7,0,10,12.9926,9897.63
215,7,0,10,12.9669,9741.07
225,7,0,10,12.94,9538
715,7,0,10,12.9099,9368.44
714,7,0,10,12.9059,9344.28
726,7,0,10,12.9057,9342.43
529,7,0,10,12.8916,9242.78
605,7,0,10,12.8767,9146.11
603,7,0,10,12.8704,9113.03
220,8,0,0,11.1772,472.978,0.0955,416.542,0.04,1
2130,8,0,0,11.1624,392.48
215,8,0,0,11.1575,358.782
205,8,0,0,11.1336,204.484
196,8,0,0,11.1205,119.897
195,8,0,0,11.1179,100.335
64,8,0,0,11.1,0
710,8,0,1,11.3304,1198.14,0.0443333,193.369,0.36,2
223,8,0,1,11.3129,1104.91
224,8,0,1,11.2988,1031.05
222,8,0,1,11.283,945.57
220,8,0,1,11.2727,889.52
455,8,0,2,11.4338,1774.06,0.0408333,178.103,0.03,3
454,8,0,2,11.431,1758.44
457,8,0,2,11.4243,1704.48
456,8,0,2,11.4191,1675.03
458,8,0,2,11.4096,1613.89
459,8,0,2,11.4037,1568.78
1543,8,0,2,11.3944,1506.55
710,8,0,2,11.3747,1391.51
1108,8,0,3,11.7419,3428.96,0.0935,407.819,0.09,4
1109,8,0,3,11.7367,3402.77
1113,8,0,3,11.7306,3371.72
1847,8,0,3,11.7177,3306.52
1086,8,0,3,11.7141,3286.49
1087,8,0,3,11.6995,3213.3
1090,8,0,3,11.6908,3168.13
1076,8,0,3,11.6647,3041.16
1074,8,0,3,11.6605,3020.04
1077,8,0,3,11.651,2969.22
1080,8,0,3,11.6375,2902.01
1079,8,0,3,11.6309,2867.56
1061,8,0,3,11.6266,2846.28
1063,8,0,3,11.6231,2828.11
1062,8,0,3,11.622,2821.03
2159,8,0,3,11.6218,2819.92
1045,8,0,3,11.6211,2816.77
1012,8,0,3,11.6139,2775.78
1014,8,0,3,11.6133,2772.91
989,8,0,3,11.6023,2714.61
990,8,0,3,11.5922,2664.35
991,8,0,3,11.5896,2652
706,8,0,3,11.5826,2612.53
704,8,0,3,11.58,2599.76
2179,8,0,3,11.5798,2598.9
662,8,0,3,11.5736,2569.25
602,8,0,3,11.5622,2500.98
599,8,0,3,11.5581,2477.72
605,8,0,3,11.554,2453.73
529,8,0,3,11.5368,2353.71
726,8,0,3,11.5209,2252.51
714,8,0,3,11.5207,2250.62
1543,8,0,3,11.5159,2220.1
459,8,0,3,11.5056,2156.7
458,8,0,3,11.4991,2111.44
456,8,0,3,11.49,2050.65
457,8,0,3,11.4846,2020.43
454,8,0,3,11.477,1966.47
455,8,0,3,11.4746,1952.16
1304,8,0,4,11.9649,4519.4,0.0428333,186.826,0.12,5
952,8,0,4,11.9405,4386.42
953,8,0,4,11.9298,4331.64
2023,8,0,4,11.929,4327.54
2108,8,0,4,11.9125,4242.33
1794,8,0,4,11.9054,4206.57
2106,8,0,4,11.8902,4127.2
2039,8,0,4,11.8725,4033.67
1106,8,0,4,11.8629,3981.72
2035,8,0,4,11.8487,3907.67
1108,8,0,4,11.8354,3836.78
1302,8,0,5,12.0537,4940.23,0.106833,465.975,0.24,6
1303,8,0,5,12.0333,4836.7
1305,8,0,5,12.0198,4767.79
1304,8,0,5,12.0077,4706.23
895,8,0,6,12.3263,6254.95,0.0435,189.734,0.02,7
896,8,0,6,12.3226,6236.71
892,8,0,6,12.3191,6218.92
906,8,0,6,12.3009,6126.12
1555,8,0,6,12.2754,5983.37
2157,8,0,6,12.2628,5922.73
2019,8,0,6,12.2337,5787.56
929,8,0,6,12.2333,5785.58
938,8,0,6,12.2212,5719.45
950,8,0,6,12.2053,5638.42
951,8,0,6,12.1988,5605.16
949,8,0,6,12.1872,5545.88
1302,8,0,6,12.1605,5406.21
978,8,0,7,12.5378,7293.63,0.107833,470.336,0.07,8
1010,8,0,7,12.5221,7213.48
1011,8,0,7,12.5087,7144.08
1009,8,0,7,12.5035,7116.45
1041,8,0,7,12.5034,7115.76
1039,8,0,7,12.4956,7075.29
1037,8,0,7,12.486,7027.8
1034,8,0,7,12.4773,6982.11
2032,8,0,7,12.4619,6904.52
1050,8,0,7,12.4306,6750.42
1049,8,0,7,12.4306,6750.33
1025,8,0,7,12.4218,6706.67
1029,8,0,7,12.4085,6639.84
1027,8,0,7,12.3967,6580.88
898,8,0,7,12.3884,6537.35
895,8,0,7,12.3698,6444.68
636,8,0,8,12.7311,8178.46,0.091,396.915,0.15,9
633,8,0,8,12.7245,8144.85
639,8,0,8,12.7211,8127.31
1993,8,0,8,12.7114,8076.69
1995,8,0,8,12.7018,8031.4
1996,8,0,8,12.6903,7979.66
1997,8,0,8,12.6864,7959.76
2027,8,0,8,12.6582,7825.42
2026,8,0,8,12.6524,7797.11
978,8,0,8,12.6456,7763.97
603,8,0,9,12.9019,8989.2,0.0631667,275.514,0.35,10
604,8,0,9,12.8979,8967.34
596,8,0,9,12.8977,8966.37
580,8,0,9,12.8862,8901.84
583,8,0,9,12.88,8872.03
587,8,0,9,12.8779,8857.76
578,8,0,9,12.875,8841.7
579,8,0,9,12.8677,8802.9
570,8,0,9,12.8607,8769.74
1994,8,0,9,12.8478,8704.66
562,8,0,9,12.8348,8641.29
639,8,0,9,12.8314,8623.84
638,8,0,9,12.826,8595.6
636,8,0,9,12.8221,8575.37
64,8,0,10,13.1323,10295.2,0,0,0
195,8,0,10,13.1056,10157
196,8,0,10,13.1024,10137.1
205,8,0,10,13.0871,10049.3
215,8,0,10,13.0615,9892.75
225,8,0,10,13.0346,9689.68
715,8,0,10,13.0045,9520.12
714,8,0,10,13.0005,9495.96
726,8,0,10,13.0003,9494.11
529,8,0,10,12.9862,9394.46
605,8,0,10,12.9713,9297.79
603,8,0,10,12.965,9264.71
220,9,0,0,11.0872,472.978,0.0955,416.542,0.04,1
2130,9,0,0,11.0724,392.48
215,9,0,0,11.0675,358.782
205,9,0,0,11.0436,204.484
196,9,0,0,11.0305,119.897
195,9,0,0,11.0279,100.335
64,9,0,0,11.01,0
710,9,0,1,11.2404,1198.14,0.0443333,193.369,0.36,2
223,9,0,1,11.2229,1104.91
224,9,0,1,11.2088,1031.05
222,9,0,1,11.193,945.57
220,9,0,1,11.1827,889.52
455,9,0,2,11.3438,1774.06,0.0408333,178.103,0.03,3
454,9,0,2,11.341,1758.44
457,9,0,2,11.3343,1704.48
456,9,0,2,11.3291,1675.03
458,9,0,2,11.3196,1613.89
459,9,0,2,11.3137,1568.78
1543,9,0,2,11.3044,1506.55
710,9,0,2,11.2847,1391.51
603,9,0,3,11.475,2516.24,0.109,475.425,0.32,4
604,9,0,3,11.4708,2493.1
596,9,0,3,11.4706,2492.13
595,9,0,3,11.4652,2461.72
605,9,0,3,11.464,2453.73
529,9,0,3,11.4468,2353.71
726,9,0,3,11.4309,2252.51
714,9,0,3,11.4307,2250.62
1543,9,0,3,11.4259,2220.1
459,9,0,3,11.4156,2156.7
458,9,0,3,11.4091,2111.44
456,9,0,3,11.4,2050.65
457,9,0,3,11.3946,2020.43
454,9,0,3,11.387,1966.47
455,9,0,3,11.3846,1952.16
1108,9,0,4,11.7762,3990.79,0.0935,407.819,0.09,5
1109,9,0,4,11.7718,3968.11
1113,9,0,4,11.765,3933.96
1847,9,0,4,11.7515,3866.44
1086,9,0,4,11.7479,3846.41
1087,9,0,4,11.7334,3773.22
1090,9,0,4,11.7247,3728.06
1076,9,0,4,11.6985,3601.08
1074,9,0,4,11.6944,3579.96
1077,9,0,4,11.6848,3529.14
1080,9,0,4,11.6713,3461.94
1079,9,0,4,11.6647,3427.48
1061,9,0,4,11.6605,3406.2
1063,9,0,4,11.6569,3388.03
1062,9,0,4,11.6559,3380.95
2159,9,0,4,11.6556,3379.84
1045,9,0,4,11.6549,3376.69
1012,9,0,4,11.6477,3335.7
1014,9,0,4,11.6472,3332.84
989,9,0,4,11.6361,3274.53
990,9,0,4,11.6261,3224.27
991,9,0,4,11.6235,3211.92
706,9,0,4,11.6165,3172.46
704,9,0,4,11.6138,3159.68
2179,9,0,4,11.6136,3158.82
662,9,0,4,11.6074,3129.17
602,9,0,4,11.5961,3060.9
604,9,0,4,11.5935,3044.1
596,9,0,4,11.5934,3043.13
595,9,0,4,11.5879,3012.72
603,9,0,4,11.584,2991.67
1304,9,0,5,11.9992,5081.23,0.0428333,186.826,0.12,6
952,9,0,5,11.9748,4948.24
953,9,0,5,11.9641,4893.46
2023,9,0,5,11.9632,4889.36
2108,9,0,5,11.9468,4804.15
1794,9,0,5,11.9397,4768.39
2106,9,0,5,11.9245,4689.02
2039,9,0,5,11.9068,4595.49
1106,9,0,5,11.8972,4543.54
2035,9,0,5,11.883,4469.49
1108,9,0,5,11.8697,4398.6
1302,9,0,6,12.088,5502.06,0.106833,465.975,0.24,7
1303,9,0,6,12.0676,5398.52
1305,9,0,6,12.0541,5329.61
1304,9,0,6,12.042,5268.05
895,9,0,7,12.3606,6816.77,0.0435,189.734,0.02,8
896,9,0,7,12.3569,6798.53
892,9,0,7,12.3534,6780.74
906,9,0,7,12.3351,6687.94
1555,9,0,7,12.3097,6545.19
2157,9,0,7,12.2971,6484.56
2019,9,0,7,12.268,6349.38
929,9,0,7,12.2676,6347.4
938,9,0,7,12.2555,6281.27
950,9,0,7,12.2396,6200.24
951,9,0,7,12.2331,6166.99
949,9,0,7,12.2215,6107.7
1302,9,0,7,12.1948,5968.03
978,9,0,8,12.5721,7855.45,0.107833,470.336,0.07,9
1010,9,0,8,12.5564,7775.3
1011,9,0,8,12.543,7705.9
1009,9,0,8,12.5378,7678.27
1041,9,0,8,12.5376,7677.58
1039,9,0,8,12.5299,7637.11
1037,9,0,8,12.5203,7589.62
1034,9,0,8,12.5116,7543.93
2032,9,0,8,12.4962,7466.34
1050,9,0,8,12.4649,7312.25
1049,9,0,8,12.4649,7312.15
1025,9,0,8,12.4561,7268.49
1029,9,0,8,12.4428,7201.66
1027,9,0,8,12.431,7142.71
898,9,0,8,12.4227,7099.17
895,9,0,8,12.4041,7006.5
636,9,0,9,12.7654,8740.28,0.091,396.915,0.15,10
633,9,0,9,12.7588,8706.67
639,9,0,9,12.7554,8689.13
1993,9,0,9,12.7457,8638.52
1995,9,0,9,12.7361,8593.22
1996,9,0,9,12.7246,8541.49
1997,9,0,9,12.7207,8521.58
2027,9,0,9,12.6925,8387.24
2026,9,0,9,12.6867,8358.94
978,9,0,9,12.6799,8325.79
64,9,0,10,13.1035,10581.5,0,0,0
195,9,0,10,13.0767,10443.3
196,9,0,10,13.0736,10423.4
205,9,0,10,13.0583,10335.6
215,9,0,10,13.0327,10179.1
225,9,0,10,13.0057,9975.99
715,9,0,10,12.9756,9806.43
714,9,0,10,12.9716,9782.27
726,9,0,10,12.9714,9780.42
529,9,0,10,12.9573,9680.77
605,9,0,10,12.9424,9584.1
603,9,0,10,12.9361,9551.02
604,9,0,10,12.9322,9529.16
596,9,0,10,12.932,9528.19
580,9,0,10,12.9205,9463.67
583,9,0,10,12.9143,9433.85
587,9,0,10,12.9122,9419.58
578,9,0,10,12.9093,9403.52
579,9,0,10,12.902,9364.72
570,9,0,10,12.895,9331.56
1994,9,0,10,12.8821,9266.48
562,9,0,10,12.8691,9203.11
639,9,0,10,12.8656,9185.67
638,9,0,10,12.8603,9157.42
636,9,0,10,12.8564,9137.2
220,10,0,0,11.1572,472.978,0.0955,416.542,0.04,1
2130,10,0,0,11.1424,392.48
215,10,0,0,11.1375,358.782
205,10,0,0,11.1136,204.484
196,10,0,0,11.1005,119.897
195,10,0,0,11.0979,100.335
64,10,0,0,11.08,0
455,10,0,1,11.3421,1421.69,0.0408333,178.103,0.03,2
454,10,0,1,11.3393,1406.07
457,10,0,1,11.3325,1352.11
456,10,0,1,11.3274,1322.67
458,10,0,1,11.3179,1261.52
459,10,0,1,11.312,1216.42
450,10,0,1,11.2968,1132.53
229,10,0,1,11.2873,1079.68
222,10,0,1,11.263,945.57
220,10,0,1,11.2527,889.52
603,10,0,2,11.4733,2163.88,0.109,475.425,0.32,3
604,10,0,2,11.4691,2140.74
596,10,0,2,11.4689,2139.76
595,10,0,2,11.4634,2109.36
605,10,0,2,11.4623,2101.36
529,10,0,2,11.4451,2001.34
726,10,0,2,11.4292,1900.14
714,10,0,2,11.429,1898.26
1543,10,0,2,11.4242,1867.73
459,10,0,2,11.4139,1804.33
458,10,0,2,11.4074,1759.07
456,10,0,2,11.3983,1698.29
457,10,0,2,11.3929,1668.07
454,10,0,2,11.3853,1614.11
455,10,0,2,11.3829,1599.79
1108,10,0,3,11.7745,3638.42,0.0935,407.819,0.09,4
1109,10,0,3,11.7701,3615.75
1113,10,0,3,11.7632,3581.6
1847,10,0,3,11.7498,3514.08
1086,10,0,3,11.7462,3494.04
1087,10,0,3,11.7317,3420.85
1090,10,0,3,11.723,3375.69
1076,10,0,3,11.6968,3248.71
1074,10,0,3,11.6927,3227.6
1077,10,0,3,11.6831,3176.78
1080,10,0,3,11.6696,3109.57
1079,10,0,3,11.663,3075.12
1061,10,0,3,11.6587,3053.83
1063,10,0,3,11.6552,3035.67
1062,10,0,3,11.6541,3028.59
2159,10,0,3,11.6539,3027.47
1045,10,0,3,11.6532,3024.32
1012,10,0,3,11.646,2983.34
1014,10,0,3,11.6454,2980.47
989,10,0,3,11.6344,2922.17
990,10,0,3,11.6243,2871.91
991,10,0,3,11.6217,2859.55
706,10,0,3,11.6147,2820.09
704,10,0,3,11.6121,2807.32
2179,10,0,3,11.6119,2806.46
662,10,0,3,11.6057,2776.81
602,10,0,3,11.5944,2708.53
604,10,0,3,11.5918,2691.73
596,10,0,3,11.5917,2690.76
595,10,0,3,11.5862,2660.35
603,10,0,3,11.5823,2639.3
1304,10,0,4,11.9975,4728.86,0.0428333,186.826,0.12,5
952,10,0,4,11.9731,4595.87
953,10,0,4,11.9623,4541.1
2023,10,0,4,11.9615,4537
2108,10,0,4,11.9451,4451.79
1794,10,0,4,11.938,4416.03
2106,10,0,4,11.9227,4336.66
2039,10,0,4,11.9051,4243.13
1106,10,0,4,11.8955,4191.18
2035,10,0,4,11.8812,4117.13
1108,10,0,4,11.868,4046.24
1302,10,0,5,12.0862,5149.69,0.106833,465.975,0.24,6
1303,10,0,5,12.0659,5046.15
1305,10,0,5,12.0524,4977.24
1304,10,0,5,12.0403,4915.69
895,10,0,6,12.3589,6464.4,0.0435,189.734,0.02,7
896,10,0,6,12.3552,6446.16
892,10,0,6,12.3517,6428.37
906,10,0,6,12.3334,6335.58
1555,10,0,6,12.3079,6192.83
2157,10,0,6,12.2953,6132.19
2019,10,0,6,12.2663,5997.02
929,10,0,6,12.2658,5995.03
938,10,0,6,12.2538,5928.9
950,10,0,6,12.2378,5847.88
951,10,0,6,12.2314,5814.62
949,10,0,6,12.2198,5755.33
1302,10,0,6,12.1931,5615.67
978,10,0,7,12.5703,7503.09,0.107833,470.336,0.07,8
1010,10,0,7,12.5547,7422.94
1011,10,0,7,12.5413,7353.53
1009,10,0,7,12.5361,7325.91
1041,10,0,7,12.5359,7325.22
1039,10,0,7,12.5281,7284.74
1037,10,0,7,12.5186,7237.26
1034,10,0,7,12.5099,7191.57
2032,10,0,7,12.4944,7113.97
1050,10,0,7,12.4632,6959.88
1049,10,0,7,12.4632,6959.79
1025,10,0,7,12.4544,6916.13
1029,10,0,7,12.4411,6849.29
1027,10,0,7,12.4293,6790.34
898,10,0,7,12.421,6746.81
895,10,0,7,12.4024,6654.14
636,10,0,8,12.7637,8387.91,0.091,396.915,0.15,9
633,10,0,8,12.7571,8354.31
639,10,0,8,12.7537,8336.77
1993,10,0,8,12.7439,8286.15
1995,10,0,8,12.7344,8240.86
1996,10,0,8,12.7229,8189.12
1997,10,0,8,12.719,8169.22
2027,10,0,8,12.6907,8034.87
2026,10,0,8,12.685,8006.57
978,10,0,8,12.6782,7973.42
64,10,0,9,13.1017,10229.2,0,0,0
195,10,0,9,13.075,10090.9
196,10,0,9,13.0719,10071
205,10,0,9,13.0566,9983.26
215,10,0,9,13.0309,9826.7
225,10,0,9,13.004,9623.62
715,10,0,9,12.9739,9454.06
714,10,0,9,12.9699,9429.91
726,10,0,9,12.9697,9428.05
529,10,0,9,12.9556,9328.4
605,10,0,9,12.9407,9231.73
603,10,0,9,12.9344,9198.66
604,10,0,9,12.9305,9176.79
596,10,0,9,12.9303,9175.82
580,10,0,9,12.9188,9111.3
583,10,0,9,12.9125,9081.48
587,10,0,9,12.9105,9067.21
578,10,0,9,12.9076,9051.15
579,10,0,9,12.9003,9012.35
570,10,0,9,12.8933,8979.19
1994,10,0,9,12.8804,8914.12
562,10,0,9,12.8674,8850.74
639,10,0,9,12.8639,8833.3
638,10,0,9,12.8586,8805.06
636,10,0,9,12.8547,8784.83
710,10,1,0,11.663,739.387,0.0443333,193.369,0.36,1
223,10,1,0,11.6455,646.157
1680,10,1,0,11.636,581.03
225,10,1,0,11.6332,562.11
215,10,1,0,11.6075,358.782
205,10,1,0,11.5836,204.484
196,10,1,0,11.5705,119.897
195,10,1,0,11.5679,100.335
64,10,1,0,11.55,0
64,10,1,1,11.8078,1615.64,0,0,0
195,10,1,1,11.7866,1500.96
196,10,1,1,11.7838,1481.35
205,10,1,1,11.7714,1397.44
215,10,1,1,11.7515,1245.35
225,10,1,1,11.7262,1041.78
1680,10,1,1,11.7233,1022.76
710,10,1,1,11.7073,932.755
220,11,0,0,11.0872,472.978,0.0955,416.542,0.04,1
2130,11,0,0,11.0724,392.48
215,11,0,0,11.0675,358.782
205,11,0,0,11.0436,204.484
196,11,0,0,11.0305,119.897
195,11,0,0,11.0279,100.335
64,11,0,0,11.01,0
710,11,0,1,11.2404,1198.14,0.0443333,193.369,0.36,2
223,11,0,1,11.2229,1104.91
224,11,0,1,11.2088,1031.05
222,11,0,1,11.193,945.57
220,11,0,1,11.1827,889.52
455,11,0,2,11.3438,1774.06,0.0408333,178.103,0.03,3
454,11,0,2,11.341,1758.44
457,11,0,2,11.3343,1704.48
456,11,0,2,11.3291,1675.03
458,11,0,2,11.3196,1613.89
459,11,0,2,11.3137,1568.78
1543,11,0,2,11.3044,1506.55
710,11,0,2,11.2847,1391.51
603,11,0,3,11.475,2516.24,0.109,475.425,0.32,4
604,11,0,3,11.4708,2493.1
596,11,0,3,11.4706,2492.13
595,11,0,3,11.4652,2461.72
605,11,0,3,11.464,2453.73
529,11,0,3,11.4468,2353.71
726,11,0,3,11.4309,2252.51
714,11,0,3,11.4307,2250.62
1543,11,0,3,11.4259,2220.1
459,11,0,3,11.4156,2156.7
458,11,0,3,11.4091,2111.44
456,11,0,3,11.4,2050.65
457,11,0,3,11.3946,2020.43
454,11,0,3,11.387,1966.47
455,11,0,3,11.3846,1952.16
1108,11,0,4,11.7762,3990.79,0.0935,407.819,0.09,5
1109,11,0,4,11.7718,3968.11
1113,11,0,4,11.765,3933.96
1847,11,0,4,11.7515,3866.44
1086,11,0,4,11.7479,3846.41
1087,11,0,4,11.7334,3773.22
1090,11,0,4,11.7247,3728.06
1076,11,0,4,11.6985,3601.08
1074,11,0,4,11.6944,3579.96
1077,11,0,4,11.6848,3529.14
1080,11,0,4,11.6713,3461.94
1079,11,0,4,11.6647,3427.48
1061,11,0,4,11.6605,3406.2
1063,11,0,4,11.6569,3388.03
1062,11,0,4,11.6559,3380.95
2159,11,0,4,11.6556,3379.84
1045,11,0,4,11.6549,3376.69
1012,11,0,4,11.6477,3335.7
1014,11,0,4,11.6472,3332.84
989,11,0,4,11.6361,3274.53
990,11,0,4,11.6261,3224.27
991,11,0,4,11.6235,3211.92
706,11,0,4,11.6165,3172.46
704,11,0,4,11.6138,3159.68
2179,11,0,4,11.6136,3158.82
662,11,0,4,11.6074,3129.17
602,11,0,4,11.5961,3060.9
604,11,0,4,11.5935,3044.1
596,11,0,4,11.5934,3043.13
595,11,0,4,11.5879,3012.72
603,11,0,4,11.584,2991.67
1304,11,0,5,11.9992,5081.23,0.0428333,186.826,0.12,6
952,11,0,5,11.9748,4948.24
953,11,0,5,11.9641,4893.46
2023,11,0,5,11.9632,4889.36
2108,11,0,5,11.9468,4804.15
1794,11,0,5,11.9397,4768.39
2106,11,0,5,11.9245,4689.02
2039,11,0,5,11.9068,4595.49
1106,11,0,5,11.8972,4543.54
2035,11,0,5,11.883,4469.49
1108,11,0,5,11.8697,4398.6
895,11,0,6,12.1981,6068.38,0.0435,189.734,0.02,7
907,11,0,6,12.1824,5991.05
908,11,0,6,12.1733,5945.57
2014,11,0,6,12.1727,5942.89
2017,11,0,6,12.1716,5937.2
2170,11,0,6,12.1688,5923.01
1738,11,0,6,12.1514,5836.08
1737,11,0,6,12.1447,5802.3
936,11,0,6,12.1295,5723.39
933,11,0,6,12.1289,5720.45
934,11,0,6,12.1234,5682.8
935,11,0,6,12.1229,5680.19
2020,11,0,6,12.1118,5623.21
1787,11,0,6,12.0922,5526.06
1788,11,0,6,12.0914,5522.36
1789,11,0,6,12.08,5465.37
952,11,0,6,12.0711,5420.92
1304,11,0,6,12.042,5268.05
978,11,0,7,12.4096,7107.07,0.107833,470.336,0.07,8
1010,11,0,7,12.394,7026.92
1011,11,0,7,12.3805,6957.51
1009,11,0,7,12.3753,6929.89
1041,11,0,7,12.3752,6929.2
1039,11,0,7,12.3674,6888.72
1037,11,0,7,12.3578,6841.24
1034,11,0,7,12.3491,6795.55
2032,11,0,7,12.3337,6717.95
1050,11,0,7,12.3024,6563.86
1049,11,0,7,12.3024,6563.77
1025,11,0,7,12.2936,6520.11
1029,11,0,7,12.2803,6453.27
1027,11,0,7,12.2686,6394.32
898,11,0,7,12.2603,6350.79
895,11,0,7,12.2416,6258.12
636,11,0,8,12.603,7991.89,0.091,396.915,0.15,9
633,11,0,8,12.5963,7958.29
639,11,0,8,12.593,7940.75
1993,11,0,8,12.5832,7890.13
1995,11,0,8,12.5737,7844.84
1996,11,0,8,12.5621,7793.1
1997,11,0,8,12.5582,7773.2
2027,11,0,8,12.53,7638.85
2026,11,0,8,12.5243,7610.55
978,11,0,8,12.5174,7577.4
1302,11,0,9,13.0074,10052.1,0.035,152.659,0.22,10
949,11,0,9,12.9855,9932.67
951,11,0,9,12.9741,9874.71
950,11,0,9,12.9667,9837.04
938,11,0,9,12.9548,9773.43
929,11,0,9,12.941,9699.86
2019,11,0,9,12.9406,9697.88
2157,11,0,9,12.9134,9570.15
905,11,0,9,12.8734,9368.7
889,11,0,9,12.8629,9315.26
890,11,0,9,12.8501,9253.96
2013,11,0,9,12.8247,9125.56
1988,11,0,9,12.8034,9016.12
417,11,0,9,12.7809,8902.98
418,11,0,9,12.7768,8882
419,11,0,9,12.7599,8789.83
424,11,0,9,12.7564,8769.89
613,11,0,9,12.7533,8744.91
611,11,0,9,12.7478,8712.02
609,11,0,9,12.7459,8694.23
628,11,0,9,12.7359,8620.21
561,11,0,9,12.7321,8595.49
557,11,0,9,12.724,8547.36
554,11,0,9,12.7217,8535.56
565,11,0,9,12.7136,8490.54
562,11,0,9,12.7067,8454.72
639,11,0,9,12.7032,8437.28
638,11,0,9,12.6979,8409.04
636,11,0,9,12.694,8388.81
64,11,0,10,13.4972,12847.9,0,0,0
195,11,0,10,13.4641,12683
196,11,0,10,13.4613,12663.3
205,11,0,10,13.4461,12575.8
215,11,0,10,13.4219,12421
225,11,0,10,13.3951,12218
715,11,0,10,13.3668,12052.6
714,11,0,10,13.363,12028.7
726,11,0,10,13.3628,12026.8
529,11,0,10,13.3489,11927.3
605,11,0,10,13.3345,11831
603,11,0,10,13.3285,11799.2
604,11,0,10,13.3249,11778.9
596,11,0,10,13.3247,11777.9
580,11,0,10,13.3144,11717.3
574,11,0,10,13.2938,11609.7
573,11,0,10,13.2845,11557.3
564,11,0,10,13.2773,11518
557,11,0,10,13.2714,11484.9
561,11,0,10,13.2647,11438.4
628,11,0,10,13.2604,11413
609,11,0,10,13.2482,11337.2
423,11,0,10,13.2423,11280.9
419,11,0,10,13.237,11246.1
420,11,0,10,13.2319,11211.1
421,11,0,10,13.2279,11184.4
417,11,0,10,13.2234,11159.9
1989,11,0,10,13.2068,11073.5
2011,11,0,10,13.189,10980.3
2156,11,0,10,13.1838,10952.9
2013,11,0,10,13.1831,10949.8
886,11,0,10,13.1712,10891.6
888,11,0,10,13.1514,10785.5
903,11,0,10,13.1376,10715.6
904,11,0,10,13.1342,10697.2
925,11,0,10,13.1108,10569.3
2019,11,0,10,13.1053,10542.1
929,11,0,10,13.1049,10540.1
938,11,0,10,13.093,10474.2
950,11,0,10,13.0795,10403.7
951,11,0,10,13.0725,10368
949,11,0,10,13.0615,10311.5
1302,11,0,10,13.0424,10204.8
220,12,0,0,11.0872,472.978,0.0955,416.542,0.04,1
2130,12,0,0,11.0724,392.48
215,12,0,0,11.0675,358.782
205,12,0,0,11.0436,204.484
196,12,0,0,11.0305,119.897
195,12,0,0,11.0279,100.335
64,12,0,0,11.01,0
710,12,0,1,11.2404,1198.14,0.0443333,193.369,0.36,2
223,12,0,1,11.2229,1104.91
224,12,0,1,11.2088,1031.05
222,12,0,1,11.193,945.57
220,12,0,1,11.1827,889.52
455,12,0,2,11.3438,1774.06,0.0408333,178.103,0.03,3
454,12,0,2,11.341,1758.44
457,12,0,2,11.3343,1704.48
456,12,0,2,11.3291,1675.03
458,12,0,2,11.3196,1613.89
459,12,0,2,11.3137,1568.78
1543,12,0,2,11.3044,1506.55
710,12,0,2,11.2847,1391.51
603,12,0,3,11.475,2516.24,0.109,475.425,0.32,4
604,12,0,3,11.4708,2493.1
596,12,0,3,11.4706,2492.13
595,12,0,3,11.4652,2461.72
605,12,0,3,11.464,2453.73
529,12,0,3,11.4468,2353.71
726,12,0,3,11.4309,2252.51
714,12,0,3,11.4307,2250.62
1543,12,0,3,11.4259,2220.1
459,12,0,3,11.4156,2156.7
458,12,0,3,11.4091,2111.44
456,12,0,3,11.4,2050.65
457,12,0,3,11.3946,2020.43
454,12,0,3,11.387,1966.47
455,12,0,3,11.3846,1952.16
1108,12,0,4,11.7762,3990.79,0.0935,407.819,0.09,5
1109,12,0,4,11.7718,3968.11
1113,12,0,4,11.765,3933.96
1847,12,0,4,11.7515,3866.44
1086,12,0,4,11.7479,3846.41
1087,12,0,4,11.7334,3773.22
1090,12,0,4,11.7247,3728.06
1076,12,0,4,11.6985,3601.08
1074,12,0,4,11.6944,3579.96
1077,12,0,4,11.6848,3529.14
1080,12,0,4,11.6713,3461.94
1079,12,0,4,11.6647,3427.48
1061,12,0,4,11.6605,3406.2
1063,12,0,4,11.6569,3388.03
1062,12,0,4,11.6559,3380.95
2159,12,0,4,11.6556,3379.84
1045,12,0,4,11.6549,3376.69
1012,12,0,4,11.6477,3335.7
1014,12,0,4,11.6472,3332.84
989,12,0,4,11.6361,3274.53
990,12,0,4,11.6261,3224.27
991,12,0,4,11.6235,3211.92
706,12,0,4,11.6165,3172.46
704,12,0,4,11.6138,3159.68
2179,12,0,4,11.6136,3158.82
662,12,0,4,11.6074,3129.17
602,12,0,4,11.5961,3060.9
604,12,0,4,11.5935,3044.1
596,12,0,4,11.5934,3043.13
595,12,0,4,11.5879,3012.72
603,12,0,4,11.584,2991.67
1304,12,0,5,11.9992,5081.23,0.0428333,186.826,0.12,6
952,12,0,5,11.9748,4948.24
953,12,0,5,11.9641,4893.46
2023,12,0,5,11.9632,4889.36
2108,12,0,5,11.9468,4804.15
1794,12,0,5,11.9397,4768.39
2106,12,0,5,11.9245,4689.02
2039,12,0,5,11.9068,4595.49
1106,12,0,5,11.8972,4543.54
2035,12,0,5,11.883,4469.49
1108,12,0,5,11.8697,4398.6
1302,12,0,6,12.088,5502.06,0.106833,465.975,0.24,7
1303,12,0,6,12.0676,5398.52
1305,12,0,6,12.0541,5329.61
1304,12,0,6,12.042,5268.05
895,12,0,7,12.3606,6816.77,0.0435,189.734,0.02,8
896,12,0,7,12.3569,6798.53
892,12,0,7,12.3534,6780.74
906,12,0,7,12.3351,6687.94
1555,12,0,7,12.3097,6545.19
2157,12,0,7,12.2971,6484.56
2019,12,0,7,12.268,6349.38
929,12,0,7,12.2676,6347.4
938,12,0,7,12.2555,6281.27
950,12,0,7,12.2396,6200.24
951,12,0,7,12.2331,6166.99
949,12,0,7,12.2215,6107.7
1302,12,0,7,12.1948,5968.03
636,12,0,8,12.5592,7875.02,0.091,396.915,0.15,9
633,12,0,8,12.5525,7841.41
563,12,0,8,12.5472,7816.41
564,12,0,8,12.5418,7787.2
557,12,0,8,12.5369,7756.14
561,12,0,8,12.5304,7709.7
628,12,0,8,12.5263,7684.55
609,12,0,8,12.5145,7609.26
423,12,0,8,12.5086,7552.94
419,12,0,8,12.5019,7515.36
420,12,0,8,12.4958,7479.33
421,12,0,8,12.4913,7451.84
417,12,0,8,12.4863,7425.13
1989,12,0,8,12.4678,7330.91
2011,12,0,8,12.4485,7231.2
891,12,0,8,12.4266,7116.75
893,12,0,8,12.4205,7085.88
894,12,0,8,12.4153,7061.13
895,12,0,8,12.4041,7006.5
64,12,0,9,12.8972,9716.25,0,0,0
195,12,0,9,12.8705,9578.05
196,12,0,9,12.8673,9558.1
205,12,0,9,12.852,9470.36
215,12,0,9,12.8264,9313.8
225,12,0,9,12.7995,9110.73
715,12,0,9,12.7693,8941.16
714,12,0,9,12.7654,8917.01
726,12,0,9,12.7652,8915.15
529,12,0,9,12.751,8815.5
605,12,0,9,12.7362,8718.84
603,12,0,9,12.7299,8685.76
604,12,0,9,12.7259,8663.89
596,12,0,9,12.7258,8662.92
580,12,0,9,12.7142,8598.4
583,12,0,9,12.708,8568.58
587,12,0,9,12.706,8554.32
578,12,0,9,12.7031,8538.25
579,12,0,9,12.6958,8499.46
570,12,0,9,12.6888,8466.29
1994,12,0,9,12.6758,8401.22
562,12,0,9,12.6629,8337.84
639,12,0,9,12.6594,8320.4
638,12,0,9,12.6541,8292.16
636,12,0,9,12.6502,8271.93
978,12,1,0,14.3846,1541.01,0.0373333,162.837,0.05,1
1010,12,1,0,14.3701,1465.78
1016,12,1,0,14.3504,1374.31
1548,12,1,0,14.3434,1338.05
1012,12,1,0,14.3384,1312.65
2028,12,1,0,14.3303,1267.19
989,12,1,0,14.3269,1251.45
990,12,1,0,14.3169,1201.19
991,12,1,0,14.3143,1188.84
706,12,1,0,14.3073,1149.38
704,12,1,0,14.3046,1136.6
2179,12,1,0,14.3044,1135.74
662,12,1,0,14.2982,1106.09
602,12,1,0,14.287,1038.03
599,12,1,0,14.283,1015.4
605,12,1,0,14.2793,991.921
529,12,1,0,14.2622,892.037
726,12,1,0,14.2476,792.08
714,12,1,0,14.2474,790.213
715,12,1,0,14.2438,766.53
225,12,1,0,14.2263,605.342
215,12,1,0,14.2004,402.069
205,12,1,0,14.1737,243.798
196,12,1,0,14.1595,157.808
195,12,1,0,14.1568,138.229
64,12,1,0,14.13,0
64,12,1,1,14.6843,3241.41,0,0,0
195,12,1,1,14.663,3126.4
196,12,1,1,14.6603,3106.82
205,12,1,1,14.6461,3020.74
215,12,1,1,14.6216,2865.76
225,12,1,1,14.5968,2661.93
715,12,1,1,14.5618,2471.38
714,12,1,1,14.5581,2447.54
726,12,1,1,14.5579,2445.68
529,12,1,1,14.5438,2346.07
605,12,1,1,14.5285,2248.82
603,12,1,1,14.5227,2217.84
2202,12,1,1,14.5194,2197.3
602,12,1,1,14.5156,2172.71
1851,12,1,1,14.5053,2102.67
1852,12,1,1,14.4975,2066.84
706,12,1,1,14.4846,2003.69
703,12,1,1,14.4784,1973.27
1542,12,1,1,14.4687,1926.61
698,12,1,1,14.4613,1892.09
700,12,1,1,14.4545,1859.46
690,12,1,1,14.4395,1788.46
979,12,1,1,14.4313,1750.44
980,12,1,1,14.4255,1722.03
978,12,1,1,14.4219,1703.84
220,13,0,0,11.0772,472.978,0.0955,416.542,0.04,1
2130,13,0,0,11.0624,392.48
215,13,0,0,11.0575,358.782
205,13,0,0,11.0336,204.484
196,13,0,0,11.0205,119.897
195,13,0,0,11.0179,100.335
64,13,0,0,11,0
710,13,0,1,11.2304,1198.14,0.0443333,193.369,0.36,2
223,13,0,1,11.2129,1104.91
224,13,0,1,11.1988,1031.05
222,13,0,1,11.183,945.57
220,13,0,1,11.1727,889.52
455,13,0,2,11.3338,1774.06,0.0408333,178.103,0.03,3
454,13,0,2,11.331,1758.44
457,13,0,2,11.3243,1704.48
456,13,0,2,11.3191,1675.03
458,13,0,2,11.3096,1613.89
459,13,0,2,11.3037,1568.78
1543,13,0,2,11.2944,1506.55
710,13,0,2,11.2747,1391.51
603,13,0,3,11.465,2516.24,0.109,475.425,0.32,4
604,13,0,3,11.4608,2493.1
596,13,0,3,11.4606,2492.13
595,13,0,3,11.4552,2461.72
605,13,0,3,11.454,2453.73
529,13,0,3,11.4368,2353.71
726,13,0,3,11.4209,2252.51
714,13,0,3,11.4207,2250.62
1543,13,0,3,11.4159,2220.1
459,13,0,3,11.4056,2156.7
458,13,0,3,11.3991,2111.44
456,13,0,3,11.39,2050.65
457,13,0,3,11.3846,2020.43
454,13,0,3,11.377,1966.47
455,13,0,3,11.3746,1952.16
1108,13,0,4,11.7662,3990.79,0.0935,407.819,0.09,5
1109,13,0,4,11.7618,3968.11
1113,13,0,4,11.755,3933.96
1847,13,0,4,11.7415,3866.44
1086,13,0,4,11.7379,3846.41
1087,13,0,4,11.7234,3773.22
1090,13,0,4,11.7147,3728.06
1076,13,0,4,11.6885,3601.08
1074,13,0,4,11.6844,3579.96
1077,13,0,4,11.6748,3529.14
1080,13,0,4,11.6613,3461.94
1079,13,0,4,11.6547,3427.48
1061,13,0,4,11.6505,3406.2
1063,13,0,4,11.6469,3388.03
1062,13,0,4,11.6459,3380.95
2159,13,0,4,11.6456,3379.84
1045,13,0,4,11.6449,3376.69
1012,13,0,4,11.6377,3335.7
1014,13,0,4,11.6372,3332.84
989,13,0,4,11.6261,3274.53
990,13,0,4,11.6161,3224.27
991,13,0,4,11.6135,3211.92
706,13,0,4,11.6065,3172.46
704,13,0,4,11.6038,3159.68
2179,13,0,4,11.6036,3158.82
662,13,0,4,11.5974,3129.17
602,13,0,4,11.5861,3060.9
604,13,0,4,11.5835,3044.1
596,13,0,4,11.5834,3043.13
595,13,0,4,11.5779,3012.72
603,13,0,4,11.574,2991.67
1304,13,0,5,11.9892,5081.23,0.0428333,186.826,0.12,6
952,13,0,5,11.9648,4948.24
953,13,0,5,11.9541,4893.46
2023,13,0,5,11.9532,4889.36
2108,13,0,5,11.9368,4804.15
1794,13,0,5,11.9297,4768.39
2106,13,0,5,11.9145,4689.02
2039,13,0,5,11.8968,4595.49
1106,13,0,5,11.8872,4543.54
2035,13,0,5,11.873,4469.49
1108,13,0,5,11.8597,4398.6
895,13,0,6,12.1881,6068.38,0.0435,189.734,0.02,7
907,13,0,6,12.1724,5991.05
908,13,0,6,12.1633,5945.57
2014,13,0,6,12.1627,5942.89
2017,13,0,6,12.1616,5937.2
2170,13,0,6,12.1588,5923.01
1738,13,0,6,12.1414,5836.08
1737,13,0,6,12.1347,5802.3
936,13,0,6,12.1195,5723.39
933,13,0,6,12.1189,5720.45
934,13,0,6,12.1134,5682.8
935,13,0,6,12.1129,5680.19
2020,13,0,6,12.1018,5623.21
1787,13,0,6,12.0822,5526.06
1788,13,0,6,12.0814,5522.36
1789,13,0,6,12.07,5465.37
952,13,0,6,12.0611,5420.92
1304,13,0,6,12.032,5268.05
64,13,0,7,12.5924,8376.44,0,0,0
195,13,0,7,12.5633,8228.06
196,13,0,7,12.5605,8208.47
205,13,0,7,12.546,8122.02
215,13,0,7,12.5205,7965.64
225,13,0,7,12.4945,7762.43
715,13,0,7,12.463,7586.76
714,13,0,7,12.459,7562.6
726,13,0,7,12.4588,7560.75
529,13,0,7,12.4447,7461.1
605,13,0,7,12.4298,7364.43
603,13,0,7,12.4235,7331.35
604,13,0,7,12.4196,7309.49
596,13,0,7,12.4194,7308.52
580,13,0,7,12.4078,7244
574,13,0,7,12.3864,7132.88
573,13,0,7,12.3768,7079.08
564,13,0,7,12.3693,7038.82
557,13,0,7,12.3645,7007.75
561,13,0,7,12.358,6961.31
628,13,0,7,12.3538,6936.17
609,13,0,7,12.3421,6860.87
423,13,0,7,12.3362,6804.55
419,13,0,7,12.3294,6766.98
420,13,0,7,12.3234,6730.95
421,13,0,7,12.3188,6703.46
417,13,0,7,12.3138,6676.74
1989,13,0,7,12.2954,6582.53
2011,13,0,7,12.2761,6482.82
891,13,0,7,12.2541,6368.36
893,13,0,7,12.2481,6337.49
894,13,0,7,12.2428,6312.75
895,13,0,7,12.2316,6258.12
978,13,1,0,13.587,1574.75,0.0648333,282.783,0.06,1
1010,13,1,0,13.572,1497.65
1016,13,1,0,13.552,1404.7
1548,13,1,0,13.545,1368.79
1012,13,1,0,13.5404,1344.83
2028,13,1,0,13.5323,1299.37
989,13,1,0,13.5289,1283.63
990,13,1,0,13.5188,1233.37
991,13,1,0,13.5162,1221.01
706,13,1,0,13.5092,1181.55
704,13,1,0,13.5066,1168.78
2179,13,1,0,13.5064,1167.92
662,13,1,0,13.5002,1138.27
602,13,1,0,13.489,1070.13
599,13,1,0,13.4845,1045.43
605,13,1,0,13.4793,1017.31
529,13,1,0,13.4627,918.413
726,13,1,0,13.4466,816.876
714,13,1,0,13.4464,814.998
715,13,1,0,13.4429,791.373
225,13,1,0,13.4251,630.742
215,13,1,0,13.3979,427.668
205,13,1,0,13.3669,255.297
196,13,1,0,13.3518,168.03
195,13,1,0,13.3492,148.465
64,13,1,0,13.32,0
1302,13,1,1,13.9322,3301.76,0.035,152.659,0.22,2
949,13,1,1,13.9092,3177.7
951,13,1,1,13.8986,3123.16
950,13,1,1,13.8902,3081.64
938,13,1,1,13.8785,3018.52
929,13,1,1,13.8659,2949.83
2019,13,1,1,13.8655,2947.85
2157,13,1,1,13.8463,2853.04
1555,13,1,1,13.8359,2801.24
915,13,1,1,13.8284,2764.11
2016,13,1,1,13.8069,2657.2
917,13,1,1,13.8061,2653.39
916,13,1,1,13.8059,2652.48
919,13,1,1,13.8002,2613.4
2017,13,1,1,13.8001,2613.22
1786,13,1,1,13.7955,2589.68
2018,13,1,1,13.782,2517.89
1053,13,1,1,13.7426,2309.6
2033,13,1,1,13.7231,2218.02
1054,13,1,1,13.7142,2171.81
1037,13,1,1,13.7092,2145.09
1039,13,1,1,13.7022,2108.71
1041,13,1,1,13.6934,2063.93
2030,13,1,1,13.6873,2033
1011,13,1,1,13.6869,2031.55
1547,13,1,1,13.6696,1948.9
1546,13,1,1,13.6641,1921.53
975,13,1,1,13.6607,1903.56
981,13,1,1,13.6574,1885.83
980,13,1,1,13.6549,1874.06
978,13,1,1,13.6518,1857.53
636,13,1,2,14.2189,4853.33,0.0391667,170.833,0.15,3
633,13,1,2,14.2132,4823.53
563,13,1,2,14.2078,4798.53
564,13,1,2,14.2021,4767.69
557,13,1,2,14.1962,4734.61
561,13,1,2,14.1895,4688.07
628,13,1,2,14.1852,4662.7
609,13,1,2,14.173,4586.9
423,13,1,2,14.1671,4530.58
419,13,1,2,14.1618,4495.73
420,13,1,2,14.1566,4460.79
421,13,1,2,14.1526,4434.01
417,13,1,2,14.1481,4409.53
1989,13,1,2,14.1316,4323.12
2011,13,1,2,14.1138,4229.93
2156,13,1,2,14.1085,4202.6
2013,13,1,2,14.1079,4199.45
886,13,1,2,14.096,4141.27
888,13,1,2,14.0762,4035.16
903,13,1,2,14.0624,3965.27
904,13,1,2,14.059,3946.9
925,13,1,2,14.0355,3819
2019,13,1,2,14.0301,3791.73
929,13,1,2,14.0297,3789.75
938,13,1,2,14.0177,3723.9
950,13,1,2,14.0042,3653.34
951,13,1,2,13.9972,3617.62
949,13,1,2,13.9862,3561.14
1302,13,1,2,13.9672,3454.42
64,13,1,3,14.5043,6484.71,0,0,0
195,13,1,3,14.4827,6368.46
196,13,1,3,14.48,6348.88
205,13,1,3,14.4657,6262.8
215,13,1,3,14.4413,6107.82
225,13,1,3,14.4164,5903.98
715,13,1,3,14.3815,5713.44
714,13,1,3,14.3777,5689.6
726,13,1,3,14.3776,5687.74
529,13,1,3,14.3635,5588.13
605,13,1,3,14.3481,5490.87
603,13,1,3,14.3423,5459.89
604,13,1,3,14.3375,5434.48
596,13,1,3,14.3374,5433.51
580,13,1,3,14.3231,5357.31
583,13,1,3,14.3169,5327.49
587,13,1,3,14.3147,5313.06
578,13,1,3,14.3116,5296.25
575,13,1,3,14.3061,5265.14
571,13,1,3,14.3032,5249.02
570,13,1,3,14.2984,5225.74
1994,13,1,3,14.2856,5161.39
562,13,1,3,14.2722,5096.33
639,13,1,3,14.2688,5078.89
638,13,1,3,14.2621,5044.86
636,13,1,3,14.2581,5024.16
220,14,0,0,11.0772,472.978,0.0955,416.542,0.04,1
2130,14,0,0,11.0624,392.48
215,14,0,0,11.0575,358.782
205,14,0,0,11.0336,204.484
196,14,0,0,11.0205,119.897
195,14,0,0,11.0179,100.335
64,14,0,0,11,0
710,14,0,1,11.2304,1198.14,0.0443333,193.369,0.36,2
223,14,0,1,11.2129,1104.91
224,14,0,1,11.1988,1031.05
222,14,0,1,11.183,945.57
220,14,0,1,11.1727,889.52
455,14,0,2,11.3338,1774.06,0.0408333,178.103,0.03,3
454,14,0,2,11.331,1758.44
457,14,0,2,11.3243,1704.48
456,14,0,2,11.3191,1675.03
458,14,0,2,11.3096,1613.89
459,14,0,2,11.3037,1568.78
1543,14,0,2,11.2944,1506.55
710,14,0,2,11.2747,1391.51
603,14,0,3,11.465,2516.24,0.109,475.425,0.32,4
604,14,0,3,11.4608,2493.1
596,14,0,3,11.4606,2492.13
595,14,0,3,11.4552,2461.72
605,14,0,3,11.454,2453.73
529,14,0,3,11.4368,2353.71
726,14,0,3,11.4209,2252.51
714,14,0,3,11.4207,2250.62
1543,14,0,3,11.4159,2220.1
459,14,0,3,11.4056,2156.7
458,14,0,3,11.3991,2111.44
456,14,0,3,11.39,2050.65
457,14,0,3,11.3846,2020.43
454,14,0,3,11.377,1966.47
455,14,0,3,11.3746,1952.16
1108,14,0,4,11.7662,3990.79,0.0935,407.819,0.09,5
1109,14,0,4,11.7618,3968.11
1113,14,0,4,11.755,3933.96
1847,14,0,4,11.7415,3866.44
1086,14,0,4,11.7379,3846.41
1087,14,0,4,11.7234,3773.22
1090,14,0,4,11.7147,3728.06
1076,14,0,4,11.6885,3601.08
1074,14,0,4,11.6844,3579.96
1077,14,0,4,11.6748,3529.14
1080,14,0,4,11.6613,3461.94
1079,14,0,4,11.6547,3427.48
1061,14,0,4,11.6505,3406.2
1063,14,0,4,11.6469,3388.03
1062,14,0,4,11.6459,3380.95
2159,14,0,4,11.6456,3379.84
1045,14,0,4,11.6449,3376.69
1012,14,0,4,11.6377,3335.7
1014,14,0,4,11.6372,3332.84
989,14,0,4,11.6261,3274.53
990,14,0,4,11.6161,3224.27
991,14,0,4,11.6135,3211.92
706,14,0,4,11.6065,3172.46
704,14,0,4,11.6038,3159.68
2179,14,0,4,11.6036,3158.82
662,14,0,4,11.5974,3129.17
602,14,0,4,11.5861,3060.9
604,14,0,4,11.5835,3044.1
596,14,0,4,11.5834,3043.13
595,14,0,4,11.5779,3012.72
603,14,0,4,11.574,2991.67
1304,14,0,5,11.9892,5081.23,0.0428333,186.826,0.12,6
952,14,0,5,11.9648,4948.24
953,14,0,5,11.9541,4893.46
2023,14,0,5,11.9532,4889.36
2108,14,0,5,11.9368,4804.15
1794,14,0,5,11.9297,4768.39
2106,14,0,5,11.9145,4689.02
2039,14,0,5,11.8968,4595.49
1106,14,0,5,11.8872,4543.54
2035,14,0,5,11.873,4469.49
1108,14,0,5,11.8597,4398.6
895,14,0,6,12.1881,6068.38,0.0435,189.734,0.02,7
907,14,0,6,12.1724,5991.05
908,14,0,6,12.1633,5945.57
2014,14,0,6,12.1627,5942.89
2017,14,0,6,12.1616,5937.2
2170,14,0,6,12.1588,5923.01
1738,14,0,6,12.1414,5836.08
1737,14,0,6,12.1347,5802.3
936,14,0,6,12.1195,5723.39
933,14,0,6,12.1189,5720.45
934,14,0,6,12.1134,5682.8
935,14,0,6,12.1129,5680.19
2020,14,0,6,12.1018,5623.21
1787,14,0,6,12.0822,5526.06
1788,14,0,6,12.0814,5522.36
1789,14,0,6,12.07,5465.37
952,14,0,6,12.0611,5420.92
1304,14,0,6,12.032,5268.05
64,14,0,7,12.5924,8376.44,0,0,0
195,14,0,7,12.5633,8228.06
196,14,0,7,12.5605,8208.47
205,14,0,7,12.546,8122.02
215,14,0,7,12.5205,7965.64
225,14,0,7,12.4945,7762.43
715,14,0,7,12.463,7586.76
714,14,0,7,12.459,7562.6
726,14,0,7,12.4588,7560.75
529,14,0,7,12.4447,7461.1
605,14,0,7,12.4298,7364.43
603,14,0,7,12.4235,7331.35
604,14,0,7,12.4196,7309.49
596,14,0,7,12.4194,7308.52
580,14,0,7,12.4078,7244
574,14,0,7,12.3864,7132.88
573,14,0,7,12.3768,7079.08
564,14,0,7,12.3693,7038.82
557,14,0,7,12.3645,7007.75
561,14,0,7,12.358,6961.31
628,14,0,7,12.3538,6936.17
609,14,0,7,12.3421,6860.87
423,14,0,7,12.3362,6804.55
419,14,0,7,12.3294,6766.98
420,14,0,7,12.3234,6730.95
421,14,0,7,12.3188,6703.46
417,14,0,7,12.3138,6676.74
1989,14,0,7,12.2954,6582.53
2011,14,0,7,12.2761,6482.82
891,14,0,7,12.2541,6368.36
893,14,0,7,12.2481,6337.49
894,14,0,7,12.2428,6312.75
895,14,0,7,12.2316,6258.12
1302,14,1,0,13.7342,2766.91,0.035,152.659,0.22,1
949,14,1,0,13.7112,2642.85
2025,14,1,0,13.7077,2625.39
1598,14,1,0,13.7044,2606.63
948,14,1,0,13.6995,2579.61
928,14,1,0,13.6891,2522.31
929,14,1,0,13.6689,2416.19
2019,14,1,0,13.6685,2414.21
2157,14,1,0,13.6424,2290.85
905,14,1,0,13.6055,2102.44
889,14,1,0,13.5962,2054.31
890,14,1,0,13.5896,2018.4
2013,14,1,0,13.5701,1915.19
1988,14,1,0,13.5525,1821.32
417,14,1,0,13.532,1716.71
418,14,1,0,13.528,1695.77
419,14,1,0,13.5125,1609.96
423,14,1,0,13.5063,1573.67
609,14,1,0,13.5004,1517.35
628,14,1,0,13.4906,1443.34
561,14,1,0,13.4867,1418.58
557,14,1,0,13.4793,1371.34
554,14,1,0,13.4771,1360.2
565,14,1,0,13.467,1306.55
573,14,1,0,13.4617,1279.96
574,14,1,0,13.4544,1230.49
580,14,1,0,13.4316,1113.57
596,14,1,0,13.4255,1053.72
595,14,1,0,13.4205,1025.37
605,14,1,0,13.4193,1017.31
529,14,1,0,13.4027,918.413
726,14,1,0,13.3866,816.876
714,14,1,0,13.3864,814.998
715,14,1,0,13.3829,791.373
225,14,1,0,13.3651,630.742
215,14,1,0,13.3379,427.668
205,14,1,0,13.3069,255.297
196,14,1,0,13.2918,168.03
195,14,1,0,13.2892,148.465
64,14,1,0,13.26,0
978,14,1,1,14.0531,4355.78,0.0373333,162.837,0.05,2
1010,14,1,1,14.0382,4278.67
1011,14,1,1,14.0241,4206.68
1009,14,1,1,14.0174,4172.76
1038,14,1,1,14.0094,4132.87
1039,14,1,1,14.0088,4130.2
1037,14,1,1,13.996,4069.25
1034,14,1,1,13.9862,4019.03
2032,14,1,1,13.9708,3941.44
1050,14,1,1,13.9418,3796.99
1804,14,1,1,13.9287,3730.98
2015,14,1,1,13.9175,3674.76
2014,14,1,1,13.9093,3633.76
2017,14,1,1,13.9082,3628.07
2170,14,1,1,13.9053,3613.42
917,14,1,1,13.8991,3582.43
2016,14,1,1,13.8983,3578.62
915,14,1,1,13.8773,3473.67
1555,14,1,1,13.8699,3436.9
2157,14,1,1,13.859,3383.15
2019,14,1,1,13.8321,3256.89
929,14,1,1,13.8317,3254.9
938,14,1,1,13.8198,3189.05
950,14,1,1,13.8063,3118.49
951,14,1,1,13.7993,3082.77
949,14,1,1,13.7883,3026.3
1302,14,1,1,13.7692,2919.57
636,14,1,2,14.1701,4909.04,0.0391667,170.833,0.15,3
631,14,1,2,14.1634,4876.25
630,14,1,2,14.1576,4847.73
637,14,1,2,14.1471,4795.65
1996,14,1,2,14.1346,4732.36
1997,14,1,2,14.1307,4712.46
2027,14,1,2,14.1035,4582.24
2026,14,1,2,14.0977,4553.76
978,14,1,2,14.0904,4518.61
64,14,1,3,14.4555,6540.42,0,0,0
195,14,1,3,14.4339,6424.16
196,14,1,3,14.4312,6404.58
205,14,1,3,14.4169,6318.5
215,14,1,3,14.3925,6163.52
225,14,1,3,14.3676,5959.69
715,14,1,3,14.3327,5769.15
714,14,1,3,14.329,5745.31
726,14,1,3,14.3288,5743.45
529,14,1,3,14.3147,5643.84
605,14,1,3,14.2994,5546.58
603,14,1,3,14.2936,5515.6
604,14,1,3,14.2888,5490.19
596,14,1,3,14.2886,5489.22
580,14,1,3,14.2743,5413.01
583,14,1,3,14.2681,5383.2
587,14,1,3,14.2659,5368.77
578,14,1,3,14.2628,5351.95
575,14,1,3,14.2573,5320.85
571,14,1,3,14.2544,5304.73
570,14,1,3,14.2496,5281.45
1994,14,1,3,14.2368,5217.1
562,14,1,3,14.2235,5152.04
639,14,1,3,14.22,5134.6
638,14,1,3,14.2133,5100.57
636,14,1,3,14.2093,5079.87
220,15,0,0,11.4772,472.978,0.0955,416.542,0.04,1
2130,15,0,0,11.4624,392.48
215,15,0,0,11.4575,358.782
205,15,0,0,11.4336,204.484
196,15,0,0,11.4205,119.897
195,15,0,0,11.4179,100.335
64,15,0,0,11.4,0
455,15,0,1,11.6621,1421.69,0.0408333,178.103,0.03,2
454,15,0,1,11.6593,1406.07
457,15,0,1,11.6525,1352.11
456,15,0,1,11.6474,1322.67
458,15,0,1,11.6379,1261.52
459,15,0,1,11.632,1216.42
450,15,0,1,11.6168,1132.53
229,15,0,1,11.6073,1079.68
222,15,0,1,11.583,945.57
220,15,0,1,11.5727,889.52
710,15,0,2,11.7656,1988,0.0443333,193.369,0.36,3
1543,15,0,2,11.7442,1867.73
459,15,0,2,11.7339,1804.33
458,15,0,2,11.7274,1759.07
456,15,0,2,11.7183,1698.29
457,15,0,2,11.7129,1668.07
454,15,0,2,11.7053,1614.11
455,15,0,2,11.7029,1599.79
64,15,0,3,11.9105,2864.25,0,0,0
195,15,0,3,11.8893,2749.57
196,15,0,3,11.8865,2729.96
205,15,0,3,11.874,2646.06
215,15,0,3,11.8541,2493.96
225,15,0,3,11.8289,2290.4
1680,15,0,3,11.8259,2271.38
710,15,0,3,11.81,2181.37
1302,15,1,0,13.9142,2766.91,0.035,152.659,0.22,1
949,15,1,0,13.8912,2642.85
2025,15,1,0,13.8877,2625.39
1598,15,1,0,13.8844,2606.63
948,15,1,0,13.8795,2579.61
928,15,1,0,13.8691,2522.31
929,15,1,0,13.8489,2416.19
2019,15,1,0,13.8485,2414.21
2157,15,1,0,13.8224,2290.85
905,15,1,0,13.7855,2102.44
889,15,1,0,13.7762,2054.31
890,15,1,0,13.7696,2018.4
2013,15,1,0,13.7501,1915.19
1988,15,1,0,13.7325,1821.32
417,15,1,0,13.712,1716.71
418,15,1,0,13.708,1695.77
419,15,1,0,13.6925,1609.96
423,15,1,0,13.6863,1573.67
609,15,1,0,13.6804,1517.35
628,15,1,0,13.6706,1443.34
561,15,1,0,13.6667,1418.58
557,15,1,0,13.6593,1371.34
554,15,1,0,13.6571,1360.2
565,15,1,0,13.647,1306.55
573,15,1,0,13.6417,1279.96
574,15,1,0,13.6344,1230.49
580,15,1,0,13.6116,1113.57
596,15,1,0,13.6055,1053.72
595,15,1,0,13.6005,1025.37
605,15,1,0,13.5993,1017.31
529,15,1,0,13.5827,918.413
726,15,1,0,13.5666,816.876
714,15,1,0,13.5664,814.998
715,15,1,0,13.5629,791.373
225,15,1,0,13.5451,630.742
215,15,1,0,13.5179,427.668
205,15,1,0,13.4869,255.297
196,15,1,0,13.4718,168.03
195,15,1,0,13.4692,148.465
64,15,1,0,13.44,0
978,15,1,1,14.2331,4355.78,0.0373333,162.837,0.05,2
1010,15,1,1,14.2182,4278.67
1011,15,1,1,14.2041,4206.68
1009,15,1,1,14.1974,4172.76
1038,15,1,1,14.1894,4132.87
1039,15,1,1,14.1888,4130.2
1037,15,1,1,14.176,4069.25
1034,15,1,1,14.1662,4019.03
2032,15,1,1,14.1508,3941.44
1050,15,1,1,14.1218,3796.99
1804,15,1,1,14.1087,3730.98
2015,15,1,1,14.0975,3674.76
2014,15,1,1,14.0893,3633.76
2017,15,1,1,14.0882,3628.07
2170,15,1,1,14.0853,3613.42
917,15,1,1,14.0791,3582.43
2016,15,1,1,14.0783,3578.62
915,15,1,1,14.0573,3473.67
1555,15,1,1,14.0499,3436.9
2157,15,1,1,14.039,3383.15
2019,15,1,1,14.0121,3256.89
929,15,1,1,14.0117,3254.9
938,15,1,1,13.9998,3189.05
950,15,1,1,13.9863,3118.49
951,15,1,1,13.9793,3082.77
949,15,1,1,13.9683,3026.3
1302,15,1,1,13.9492,2919.57
636,15,1,2,14.3501,4909.04,0.0391667,170.833,0.15,3
631,15,1,2,14.3434,4876.25
630,15,1,2,14.3376,4847.73
637,15,1,2,14.3271,4795.65
1996,15,1,2,14.3146,4732.36
1997,15,1,2,14.3107,4712.46
2027,15,1,2,14.2835,4582.24
2026,15,1,2,14.2777,4553.76
978,15,1,2,14.2704,4518.61
64,15,1,3,14.6355,6540.42,0,0,0
195,15,1,3,14.6139,6424.16
196,15,1,3,14.6112,6404.58
205,15,1,3,14.5969,6318.5
215,15,1,3,14.5725,6163.52
225,15,1,3,14.5476,5959.69
715,15,1,3,14.5127,5769.15
714,15,1,3,14.509,5745.31
726,15,1,3,14.5088,5743.45
529,15,1,3,14.4947,5643.84
605,15,1,3,14.4794,5546.58
603,15,1,3,14.4736,5515.6
604,15,1,3,14.4688,5490.19
596,15,1,3,14.4686,5489.22
580,15,1,3,14.4543,5413.01
583,15,1,3,14.4481,5383.2
587,15,1,3,14.4459,5368.77
578,15,1,3,14.4428,5351.95
575,15,1,3,14.4373,5320.85
571,15,1,3,14.4344,5304.73
570,15,1,3,14.4296,5281.45
1994,15,1,3,14.4168,5217.1
562,15,1,3,14.4035,5152.04
639,15,1,3,14.4,5134.6
638,15,1,3,14.3933,5100.57
636,15,1,3,14.3893,5079.87
603,15,2,0,11.1584,1012.31,0.109,475.425,0.32,1
604,15,2,0,11.1541,989.164
596,15,2,0,11.154,988.193
595,15,2,0,11.1485,957.784
605,15,2,0,11.1474,949.793
529,15,2,0,11.1302,849.768
726,15,2,0,11.1143,748.573
714,15,2,0,11.1141,746.688
715,15,2,0,11.1107,723.201
225,15,2,0,11.0932,562.11
215,15,2,0,11.0675,358.782
205,15,2,0,11.0436,204.484
196,15,2,0,11.0305,119.897
195,15,2,0,11.0279,100.335
64,15,2,0,11.01,0
1108,15,2,1,11.4595,2486.85,0.0935,407.819,0.09,2
1109,15,2,1,11.4552,2464.18
1113,15,2,1,11.4483,2430.03
1847,15,2,1,11.4349,2362.5
1086,15,2,1,11.4313,2342.47
1087,15,2,1,11.4167,2269.28
1090,15,2,1,11.408,2224.12
1076,15,2,1,11.3819,2097.14
1074,15,2,1,11.3778,2076.03
1077,15,2,1,11.3682,2025.21
1080,15,2,1,11.3547,1958
1079,15,2,1,11.3481,1923.55
1061,15,2,1,11.3438,1902.26
1063,15,2,1,11.3403,1884.1
1062,15,2,1,11.3392,1877.02
2159,15,2,1,11.339,1875.9
1045,15,2,1,11.3383,1872.75
1012,15,2,1,11.3311,1831.77
1014,15,2,1,11.3305,1828.9
989,15,2,1,11.3195,1770.6
990,15,2,1,11.3094,1720.33
991,15,2,1,11.3068,1707.98
706,15,2,1,11.2998,1668.52
704,15,2,1,11.2972,1655.75
2179,15,2,1,11.297,1654.88
662,15,2,1,11.2908,1625.24
602,15,2,1,11.2794,1556.96
604,15,2,1,11.2769,1540.16
596,15,2,1,11.2767,1539.19
595,15,2,1,11.2713,1508.78
603,15,2,1,11.2674,1487.73
1304,15,2,2,11.6826,3577.29,0.0428333,186.826,0.12,3
952,15,2,2,11.6582,3444.3
953,15,2,2,11.6474,3389.53
2023,15,2,2,11.6466,3385.43
2108,15,2,2,11.6301,3300.22
1794,15,2,2,11.6231,3264.46
2106,15,2,2,11.6078,3185.09
2039,15,2,2,11.5902,3091.56
1106,15,2,2,11.5806,3039.61
2035,15,2,2,11.5663,2965.56
1108,15,2,2,11.553,2894.67
895,15,2,3,11.8842,4576.55,0.103333,450.709,0.01,4
907,15,2,3,11.8686,4499.65
908,15,2,3,11.8593,4453.6
2014,15,2,3,11.8587,4450.92
2017,15,2,3,11.8576,4445.23
2170,15,2,3,11.8546,4430.37
1738,15,2,3,11.8401,4355.29
1737,15,2,3,11.8347,4327.23
936,15,2,3,11.8196,4248.61
933,15,2,3,11.819,4245.67
934,15,2,3,11.8135,4208.03
943,15,2,3,11.7969,4127.49
2020,15,2,3,11.7961,4123.55
1787,15,2,3,11.7787,4035.69
1788,15,2,3,11.778,4031.98
1789,15,2,3,11.7679,3980.67
952,15,2,3,11.7599,3940.16
1304,15,2,3,11.7254,3764.11
64,15,2,4,12.3242,7034.23,0,0,0
195,15,2,4,12.3021,6916
196,15,2,4,12.2992,6896.27
205,15,2,4,12.2853,6810.71
215,15,2,4,12.2597,6654.27
225,15,2,4,12.2344,6450.75
715,15,2,4,12.2063,6285.72
714,15,2,4,12.2024,6261.72
726,15,2,4,12.2022,6259.84
529,15,2,4,12.1885,6160.34
605,15,2,4,12.1737,6063.73
603,15,2,4,12.1686,6035.75
604,15,2,4,12.1643,6012.61
596,15,2,4,12.1642,6011.64
580,15,2,4,12.1558,5953.37
574,15,2,4,12.1385,5860.12
573,15,2,4,12.1284,5804.22
564,15,2,4,12.1208,5763.07
557,15,2,4,12.1147,5729.08
561,15,2,4,12.108,5682.56
628,15,2,4,12.1035,5656.91
609,15,2,4,12.0907,5580.26
423,15,2,4,12.0848,5523.94
419,15,2,4,12.0802,5489.49
420,15,2,4,12.0742,5453.55
431,15,2,4,12.0544,5356.51
434,15,2,4,12.0479,5325.9
873,15,2,4,12.0436,5302.89
874,15,2,4,12.0305,5239.64
870,15,2,4,12.0246,5209.76
894,15,2,4,11.9976,5077.24
895,15,2,4,11.9875,5027.26
