Node, Individual, Route,Segment, Travel time, Travel cost, Attention time, Attention cost, Failure rate, Demand
905,0,0,0,9.6669,851.671,0.112167,489.237,0.46,1
906,0,0,0,9.65491,787.386
892,0,0,0,9.63767,698.862
896,0,0,0,9.63342,677.99
895,0,0,0,9.62954,658.95
907,0,0,0,9.61531,587.819
908,0,0,0,9.60733,547.082
2014,0,0,0,9.60674,544.403
2015,0,0,0,9.59863,503.688
2018,0,0,0,9.58942,456.238
920,0,0,0,9.58495,433.088
1793,0,0,0,9.5643,326.783
2034,0,0,0,9.55664,287.76
1850,0,0,0,9.54669,237.441
1849,0,0,0,9.52462,129.909
1848,0,0,0,9.52047,107.905
1847,0,0,0,9.51648,86.1224
1086,0,0,0,9.51266,65.35
1087,0,0,0,9.5,0
822,0,0,1,9.91807,2074.5,0.0406667,177.376,0.33,2
2153,0,0,1,9.89709,1962.6
831,0,0,1,9.89707,1962.51
825,0,0,1,9.89666,1960.49
834,0,0,1,9.88865,1914.37
833,0,0,1,9.88597,1900.16
899,0,0,1,9.86103,1766.86
900,0,0,1,9.83758,1647.84
901,0,0,1,9.83152,1616.98
902,0,0,1,9.81923,1550.2
904,0,0,1,9.80494,1474.69
903,0,0,1,9.80117,1454.85
905,0,0,1,9.77907,1340.91
1275,0,0,2,10.1241,3139.53,0.057,248.617,0.01,3
1266,0,0,2,10.1131,3080.11
1267,0,0,2,10.0996,3007.89
1260,0,0,2,10.0847,2929.56
1259,0,0,2,10.0712,2858.58
868,0,0,2,10.0502,2746.62
869,0,0,2,10.0279,2628.49
1856,0,0,2,10.0071,2528.75
855,0,0,2,10.0069,2528.03
843,0,0,2,9.99455,2450.82
832,0,0,2,9.98367,2389.44
831,0,0,2,9.97724,2354.87
825,0,0,2,9.97683,2352.84
822,0,0,2,9.95874,2251.87
1601,0,0,3,10.3214,4173.78,0.0673333,293.688,0.2,4
1599,0,0,3,10.3144,4135.78
1300,0,0,3,10.31,4109.27
1298,0,0,3,10.3032,4074.04
2176,0,0,3,10.2969,4035.18
2066,0,0,3,10.2862,3967.52
869,0,0,3,10.2762,3892.66
868,0,0,3,10.2556,3781.27
1259,0,0,3,10.2375,3681.96
1260,0,0,3,10.2201,3594.74
1258,0,0,3,10.2069,3524.78
1265,0,0,3,10.193,3451.72
1275,0,0,3,10.1811,3388.15
953,0,0,4,10.5162,5138.5,0.0833333,363.475,0.46,5
952,0,0,4,10.5024,5071
2022,0,0,4,10.4908,5012.78
2021,0,0,4,10.48,4956.97
951,0,0,4,10.4609,4858.76
949,0,0,4,10.45,4802.48
2025,0,0,4,10.4465,4785.03
2024,0,0,4,10.432,4706.68
1557,0,0,4,10.4206,4643.91
1299,0,0,4,10.3963,4519.09
1600,0,0,4,10.3949,4505.64
1599,0,0,4,10.3944,4500.54
1601,0,0,4,10.3887,4467.47
1348,0,0,5,10.7595,6354.17,0.0748333,326.4,0.08,6
1349,0,0,5,10.7585,6349.18
1357,0,0,5,10.7464,6286.58
1356,0,0,5,10.7456,6282.86
2076,0,0,5,10.7392,6248.57
1355,0,0,5,10.7379,6241.53
1354,0,0,5,10.7316,6207.99
2188,0,0,5,10.7235,6167.29
2075,0,0,5,10.7026,6059.25
1822,0,0,5,10.7018,6055.26
1353,0,0,5,10.691,6002.31
2118,0,0,5,10.6675,5877.44
2117,0,0,5,10.665,5852.81
2165,0,0,5,10.6604,5826.98
1314,0,0,5,10.6448,5743.05
2163,0,0,5,10.629,5659.03
2023,0,0,5,10.6003,5506.07
953,0,0,5,10.5995,5501.97
1650,0,0,6,10.954,7302.87,0.0471667,205.727,0.37,7
2167,0,0,6,10.9506,7284.76
1657,0,0,6,10.9462,7261.1
1399,0,0,6,10.9245,7148.89
1381,0,0,6,10.9018,7029.21
1380,0,0,6,10.8967,7002.79
1378,0,0,6,10.8885,6961.22
1375,0,0,6,10.8735,6885.17
1367,0,0,6,10.8605,6815.84
1357,0,0,6,10.8472,6746.85
1349,0,0,6,10.8353,6685.55
1348,0,0,6,10.8344,6680.57
1621,0,0,7,11.1427,8239.37,0.0768333,335.124,0.15,8
2089,0,0,7,11.1231,8142.29
2124,0,0,7,11.111,8088.47
1826,0,0,7,11.1027,8044.26
1450,0,0,7,11.1007,8028.96
2087,0,0,7,11.0834,7939.81
1461,0,0,7,11.0767,7905.18
2085,0,0,7,11.0265,7644.85
1650,0,0,7,11.0012,7508.59
1429,0,0,8,11.3429,9289.09,0.0606667,264.61,0.27,9
2166,0,0,8,11.3258,9199.64
1427,0,0,8,11.3106,9122.27
1677,0,0,8,11.3023,9078.31
1836,0,0,8,11.2956,9046.08
1834,0,0,8,11.2778,8954.14
1830,0,0,8,11.2699,8877.93
1828,0,0,8,11.261,8792.52
1449,0,0,8,11.2502,8739.15
1825,0,0,8,11.2448,8711.95
2124,0,0,8,11.2261,8607.98
2089,0,0,8,11.2219,8586.38
2102,0,0,8,11.2215,8584.35
1497,0,0,8,11.2202,8577.19
1621,0,0,8,11.2196,8574.49
2057,0,0,9,11.5423,10279.2,0.0335,146.117,0.35,10
1640,0,0,9,11.5372,10252.8
1821,0,0,9,11.53,10215.2
1196,0,0,9,11.5239,10176.4
1550,0,0,9,11.5173,10138.2
1552,0,0,9,11.5128,10115.4
2059,0,0,9,11.5066,10082.9
2063,0,0,9,11.4826,9961.6
2064,0,0,9,11.4765,9931.08
2080,0,0,9,11.4567,9831.15
2082,0,0,9,11.4353,9728.14
1419,0,0,9,11.4207,9649.5
1429,0,0,9,11.4036,9553.7
1087,0,0,10,11.7428,11279.1,0,0,0
1090,0,0,10,11.7341,11233.9
1076,0,0,10,11.708,11106.9
1074,0,0,10,11.7038,11085.8
1077,0,0,10,11.6943,11035
1080,0,0,10,11.6808,10967.8
1079,0,0,10,11.6742,10933.4
1061,0,0,10,11.6699,10912.1
1063,0,0,10,11.6664,10893.9
1083,0,0,10,11.6513,10812.3
1105,0,0,10,11.6347,10728.3
1104,0,0,10,11.6116,10612.3
1187,0,0,10,11.6016,10558.2
1188,0,0,10,11.5951,10525.8
1192,0,0,10,11.5914,10506.7
1639,0,0,10,11.5873,10484.9
2122,0,0,10,11.5817,10456.3
2057,0,0,10,11.5758,10425.3
953,1,0,0,9.45454,699.176,0.0893333,389.645,0.46,1
2023,1,0,0,9.45373,695.075
2108,1,0,0,9.43888,616.787
1794,1,0,0,9.43252,584.054
2106,1,0,0,9.41747,505.482
2039,1,0,0,9.39835,405.505
2040,1,0,0,9.38754,346.066
2043,1,0,0,9.38316,323.811
1111,1,0,0,9.36833,249.804
1110,1,0,0,9.36112,214.316
1113,1,0,0,9.34875,148.867
1847,1,0,0,9.33648,86.1224
1086,1,0,0,9.33266,65.35
1087,1,0,0,9.32,0
905,1,0,1,9.67986,1806.72,0.112167,489.237,0.46,2
906,1,0,1,9.66786,1742.43
1555,1,0,1,9.63857,1583.22
930,1,0,1,9.61842,1478.24
931,1,0,1,9.6089,1431.07
932,1,0,1,9.59486,1355.51
933,1,0,1,9.58985,1329.94
934,1,0,1,9.58432,1292.29
935,1,0,1,9.58378,1289.68
2020,1,0,1,9.57272,1232.7
1787,1,0,1,9.55412,1139.74
2023,1,0,1,9.54469,1092.92
953,1,0,1,9.54388,1088.82
822,1,0,2,9.93103,3029.54,0.0406667,177.376,0.33,3
2153,1,0,2,9.91004,2917.64
831,1,0,2,9.91002,2917.56
825,1,0,2,9.90961,2915.53
834,1,0,2,9.9016,2869.42
833,1,0,2,9.89892,2855.21
899,1,0,2,9.87398,2721.9
900,1,0,2,9.85053,2602.88
901,1,0,2,9.84447,2572.03
902,1,0,2,9.83218,2505.24
904,1,0,2,9.81789,2429.74
903,1,0,2,9.81412,2409.89
905,1,0,2,9.79202,2295.95
1275,1,0,3,10.137,4094.58,0.057,248.617,0.01,4
1266,1,0,3,10.126,4035.16
1267,1,0,3,10.1126,3962.93
1260,1,0,3,10.0977,3884.6
1259,1,0,3,10.0841,3813.63
868,1,0,3,10.0631,3701.66
869,1,0,3,10.0409,3583.53
1856,1,0,3,10.02,3483.79
855,1,0,3,10.0199,3483.08
843,1,0,3,10.0075,3405.87
832,1,0,3,9.99662,3344.49
831,1,0,3,9.99019,3309.91
825,1,0,3,9.98978,3307.88
822,1,0,3,9.97169,3206.92
1601,1,0,4,10.3343,5128.82,0.0673333,293.688,0.2,5
1599,1,0,4,10.3274,5090.82
1300,1,0,4,10.3229,5064.31
1298,1,0,4,10.3162,5029.09
2176,1,0,4,10.3099,4990.22
2066,1,0,4,10.2992,4922.57
869,1,0,4,10.2892,4847.71
868,1,0,4,10.2685,4736.32
1259,1,0,4,10.2504,4637.01
1260,1,0,4,10.2331,4549.79
1258,1,0,4,10.2199,4479.82
1265,1,0,4,10.2059,4406.76
1275,1,0,4,10.194,4343.19
1348,1,0,5,10.5616,6327.67,0.0748333,326.4,0.08,6
1349,1,0,5,10.5606,6322.68
1357,1,0,5,10.5485,6260.08
1356,1,0,5,10.5477,6256.36
2076,1,0,5,10.5413,6222.07
1355,1,0,5,10.5399,6215.02
1354,1,0,5,10.5337,6181.48
2188,1,0,5,10.5256,6140.78
2075,1,0,5,10.5046,6032.75
1822,1,0,5,10.5038,6028.76
1353,1,0,5,10.4931,5975.81
2118,1,0,5,10.4696,5850.93
2117,1,0,5,10.467,5826.3
2164,1,0,5,10.4483,5711.32
1306,1,0,5,10.4249,5552.06
1599,1,0,5,10.4073,5455.58
1601,1,0,5,10.4017,5422.51
1650,1,0,6,10.7561,7276.36,0.0471667,205.727,0.37,7
2167,1,0,6,10.7527,7258.26
1657,1,0,6,10.7482,7234.6
1399,1,0,6,10.7266,7122.39
1381,1,0,6,10.7039,7002.71
1380,1,0,6,10.6987,6976.29
1378,1,0,6,10.6906,6934.72
1375,1,0,6,10.6756,6858.67
1367,1,0,6,10.6626,6789.34
1357,1,0,6,10.6492,6720.35
1349,1,0,6,10.6374,6659.05
1348,1,0,6,10.6364,6654.07
1621,1,0,7,10.9443,8224.6,0.101167,441.259,0.13,8
1645,1,0,7,10.9144,8068.86
1496,1,0,7,10.9107,8048.35
1495,1,0,7,10.8705,7839.13
1494,1,0,7,10.8628,7797.09
1460,1,0,7,10.8503,7729.18
1646,1,0,7,10.8443,7698.94
1454,1,0,7,10.8344,7647.96
2167,1,0,7,10.8064,7499
1650,1,0,7,10.8033,7482.09
1429,1,0,8,11.1688,9380.46,0.0606667,264.61,0.27,9
2166,1,0,8,11.1517,9291.01
1427,1,0,8,11.1365,9213.64
1677,1,0,8,11.1282,9169.68
1836,1,0,8,11.1214,9137.45
1834,1,0,8,11.1037,9045.51
1830,1,0,8,11.0958,8969.3
1828,1,0,8,11.0869,8883.89
1449,1,0,8,11.0761,8830.52
1825,1,0,8,11.0707,8803.32
2124,1,0,8,11.0519,8699.35
2089,1,0,8,11.0478,8677.75
2102,1,0,8,11.0474,8675.72
1497,1,0,8,11.046,8668.56
1621,1,0,8,11.0454,8665.86
2057,1,0,9,11.3682,10370.5,0.0335,146.117,0.35,10
1640,1,0,9,11.363,10344.1
1821,1,0,9,11.3559,10306.6
1196,1,0,9,11.3498,10267.8
1550,1,0,9,11.3432,10229.6
1552,1,0,9,11.3387,10206.8
2059,1,0,9,11.3325,10174.3
2063,1,0,9,11.3085,10053
2064,1,0,9,11.3023,10022.4
2080,1,0,9,11.2826,9922.52
2082,1,0,9,11.2612,9819.51
1419,1,0,9,11.2466,9740.87
1429,1,0,9,11.2294,9645.07
1087,1,0,10,11.5687,11370.5,0,0,0
1090,1,0,10,11.56,11325.3
1076,1,0,10,11.5338,11198.3
1074,1,0,10,11.5297,11177.2
1077,1,0,10,11.5201,11126.4
1080,1,0,10,11.5067,11059.2
1079,1,0,10,11.5,11024.7
1061,1,0,10,11.4958,11003.4
1063,1,0,10,11.4923,10985.3
1083,1,0,10,11.4771,10903.7
1105,1,0,10,11.4606,10819.6
1104,1,0,10,11.4375,10703.7
1187,1,0,10,11.4275,10649.6
1188,1,0,10,11.421,10617.2
1192,1,0,10,11.4172,10598.1
1639,1,0,10,11.4132,10576.2
2122,1,0,10,11.4075,10547.7
2057,1,0,10,11.4017,10516.7
905,2,0,0,8.77157,829.666,0.061,266.064,0.44,1
906,2,0,0,8.75774,757.574
892,2,0,0,8.73882,661.974
896,2,0,0,8.73641,648.832
895,2,0,0,8.73369,634.662
907,2,0,0,8.72255,576.488
908,2,0,0,8.71507,537.87
2014,2,0,0,8.71448,535.191
2015,2,0,0,8.70637,494.476
2018,2,0,0,8.69717,447.026
920,2,0,0,8.69325,426.243
1793,2,0,0,8.67171,316.201
2034,2,0,0,8.66348,274.763
1850,2,0,0,8.65367,225.044
1849,2,0,0,8.63592,135.401
1848,2,0,0,8.63086,109.545
1847,2,0,0,8.62677,87.3505
1086,2,0,0,8.62314,67.3611
1087,2,0,0,8.61,0
822,2,0,1,8.96211,1793.64,0.0658333,287.145,0.32,2
2153,2,0,1,8.94382,1693.36
831,2,0,1,8.94381,1693.28
825,2,0,1,8.9434,1691.25
834,2,0,1,8.93692,1647.16
833,2,0,1,8.9345,1634.05
899,2,0,1,8.90847,1496.1
900,2,0,1,8.89116,1403.09
901,2,0,1,8.88532,1373.14
902,2,0,1,8.86937,1290.74
904,2,0,1,8.85476,1213.92
903,2,0,1,8.85116,1194.75
905,2,0,1,8.83257,1095.73
1275,2,0,2,9.19329,2968.44,0.1075,468.883,0.03,3
1266,2,0,2,9.18226,2909.02
1267,2,0,2,9.16881,2836.79
1260,2,0,2,9.1539,2758.47
1259,2,0,2,9.14039,2687.49
868,2,0,2,9.11935,2575.53
869,2,0,2,9.09713,2457.4
1856,2,0,2,9.07626,2357.66
855,2,0,2,9.07612,2356.94
843,2,0,2,9.06375,2279.73
832,2,0,2,9.05287,2218.35
831,2,0,2,9.04644,2183.77
825,2,0,2,9.04603,2181.75
822,2,0,2,9.02794,2080.78
1601,2,0,3,9.44651,4222.51,0.0985,429.627,0.19,4
1599,2,0,3,9.44041,4188.27
1300,2,0,3,9.43492,4158.16
1298,2,0,3,9.42956,4128.82
2176,2,0,3,9.42286,4089.35
2066,2,0,3,9.41164,4020.98
1262,2,0,3,9.40269,3970.49
1261,2,0,3,9.39559,3930.61
1846,2,0,3,9.36816,3787.79
1271,2,0,3,9.36292,3762.22
1270,2,0,3,9.35527,3720.29
1269,2,0,3,9.34173,3651.92
1267,2,0,3,9.32879,3584.01
1266,2,0,3,9.3143,3507.34
1275,2,0,3,9.30079,3437.32
953,2,0,4,9.67178,5319.24,0.0893333,389.645,0.46,5
952,2,0,4,9.65803,5251.98
2022,2,0,4,9.64645,5193.76
2021,2,0,4,9.63363,5129.39
951,2,0,4,9.6133,5025.96
949,2,0,4,9.60268,4971.03
2025,2,0,4,9.59921,4953.57
2024,2,0,4,9.58558,4878.89
1557,2,0,4,9.57171,4805.78
1299,2,0,4,9.55405,4709.1
1600,2,0,4,9.55261,4695.65
1599,2,0,4,9.55207,4690.58
1601,2,0,4,9.54501,4652.13
2057,2,0,5,10.0179,7022.06,0.039,170.106,0.35,6
2122,2,0,5,10.0117,6989.9
1639,2,0,5,10.0064,6962.46
1190,2,0,5,10.0021,6940.06
1186,2,0,5,9.99087,6880.47
1187,2,0,5,9.98706,6860.16
1124,2,0,5,9.97486,6799.63
2038,2,0,5,9.96412,6744.99
1123,2,0,5,9.93776,6617.07
2037,2,0,5,9.92894,6570.28
1122,2,0,5,9.92209,6535.05
1129,2,0,5,9.90856,6467.23
2045,2,0,5,9.89868,6417.89
1128,2,0,5,9.87828,6313.35
2044,2,0,5,9.87044,6274.4
1127,2,0,5,9.86962,6270.47
1126,2,0,5,9.86303,6237.17
2042,2,0,5,9.84855,6163
1125,2,0,5,9.84331,6135.76
2043,2,0,5,9.83696,6103.28
2040,2,0,5,9.83301,6082.82
2039,2,0,5,9.81789,6004.98
2106,2,0,5,9.8009,5914.06
2050,2,0,5,9.79577,5887
2108,2,0,5,9.78072,5807.94
2023,2,0,5,9.76193,5712.98
953,2,0,5,9.76111,5708.88
1429,2,0,6,10.1679,7778.16,0.0726667,316.95,0.28,7
2166,2,0,6,10.1426,7654.6
1427,2,0,6,10.1284,7581.55
1677,2,0,6,10.1203,7538.45
2103,2,0,6,10.1164,7519.11
2177,2,0,6,10.1164,7518.75
1841,2,0,6,10.1162,7517.4
2060,2,0,6,10.0806,7320.51
1551,2,0,6,10.0796,7315.32
1201,2,0,6,10.0722,7278.62
1821,2,0,6,10.0679,7254.27
1640,2,0,6,10.0591,7209.71
2057,2,0,6,10.0569,7192.17
1621,2,0,7,10.37,8823.26,0.101167,441.259,0.13,8
2089,2,0,7,10.3545,8743.29
2124,2,0,7,10.3424,8689.9
1826,2,0,7,10.3329,8640.54
1450,2,0,7,10.3303,8624.74
1829,2,0,7,10.3262,8595.98
1832,2,0,7,10.3144,8511.5
1833,2,0,7,10.3048,8439.06
1837,2,0,7,10.2945,8369.11
2177,2,0,7,10.2908,8349.52
2103,2,0,7,10.2908,8349.16
1677,2,0,7,10.2882,8335.38
1427,2,0,7,10.2805,8293.71
2166,2,0,7,10.2632,8207.96
1429,2,0,7,10.2405,8095.11
1650,2,0,8,10.6048,9955.46,0.0471667,205.727,0.37,9
2085,2,0,8,10.5766,9807.06
1461,2,0,8,10.5198,9518.98
2087,2,0,8,10.5103,9472.97
2088,2,0,8,10.497,9405.08
1644,2,0,8,10.4917,9377.57
2089,2,0,8,10.4735,9276.38
2102,2,0,8,10.4731,9274.35
1497,2,0,8,10.4717,9267.22
1621,2,0,8,10.4711,9264.52
1348,2,0,9,10.7651,10748,0.0748333,326.4,0.08,10
1349,2,0,9,10.7641,10743.1
1357,2,0,9,10.7519,10680.5
1356,2,0,9,10.7512,10676.7
1365,2,0,9,10.7436,10637.7
1366,2,0,9,10.7297,10565
1374,2,0,9,10.7185,10503.9
1377,2,0,9,10.7177,10500.2
1397,2,0,9,10.7022,10420.3
1398,2,0,9,10.6907,10361.1
1399,2,0,9,10.6809,10312.9
1657,2,0,9,10.6585,10197.4
1650,2,0,9,10.6519,10161.2
1087,2,0,10,10.9765,11770.6,0,0,0
1088,2,0,10,10.9678,11727.6
1117,2,0,10,10.9576,11676.7
1119,2,0,10,10.9568,11672.7
1118,2,0,10,10.9456,11617.9
2044,2,0,10,10.9317,11544.3
2169,2,0,10,10.9235,11502.4
2171,2,0,10,10.919,11478.8
1549,2,0,10,10.9115,11439.6
1147,2,0,10,10.9054,11407.2
1796,2,0,10,10.8609,11180.5
1328,2,0,10,10.8591,11171
1340,2,0,10,10.8404,11077
1348,2,0,10,10.8399,11074.4
953,3,0,0,8.39022,727.708,0.0948333,413.634,0.45,1
1788,3,0,0,8.37926,674.518
943,3,0,0,8.3641,597.041
934,3,0,0,8.35552,550.017
933,3,0,0,8.34686,503.224
936,3,0,0,8.34627,500.284
937,3,0,0,8.33339,432.774
1085,3,0,0,8.31766,348.909
2035,3,0,0,8.30171,268.111
1850,3,0,0,8.29367,225.044
1849,3,0,0,8.27592,135.401
1848,3,0,0,8.27086,109.545
1847,3,0,0,8.26677,87.3505
1086,3,0,0,8.26314,67.3611
1087,3,0,0,8.25,0
905,3,0,1,8.61553,1831.06,0.061,266.064,0.44,2
906,3,0,1,8.6017,1758.97
1555,3,0,1,8.57578,1614.36
930,3,0,1,8.55535,1508.2
940,3,0,1,8.54383,1449.01
934,3,0,1,8.52394,1338.33
935,3,0,1,8.5234,1335.72
2020,3,0,1,8.51234,1278.75
1787,3,0,1,8.49529,1192.26
2023,3,0,1,8.48587,1145.44
953,3,0,1,8.48505,1141.34
822,3,0,2,8.80607,2795.03,0.0658333,287.145,0.32,3
2153,3,0,2,8.78778,2694.75
831,3,0,2,8.78776,2694.67
825,3,0,2,8.78735,2692.64
834,3,0,2,8.78088,2648.55
833,3,0,2,8.77846,2635.44
899,3,0,2,8.75243,2497.5
900,3,0,2,8.73512,2404.48
901,3,0,2,8.72928,2374.54
902,3,0,2,8.71332,2292.13
904,3,0,2,8.69872,2215.31
903,3,0,2,8.69511,2196.14
905,3,0,2,8.67653,2097.12
1275,3,0,3,9.02526,3923.73,0.1075,468.883,0.03,4
1265,3,0,3,9.01362,3861.15
1258,3,0,3,9.00134,3795.28
1260,3,0,3,8.99378,3743.05
1259,3,0,3,8.97954,3669
868,3,0,3,8.96026,3564.55
869,3,0,3,8.93929,3451.8
1856,3,0,3,8.93268,3406.81
855,3,0,3,8.93254,3406.1
843,3,0,3,8.90981,3289.35
832,3,0,3,8.89933,3228.68
831,3,0,3,8.89379,3197.94
2153,3,0,3,8.89377,3197.86
822,3,0,3,8.8719,3082.18
1601,3,0,4,9.27848,5177.79,0.0985,429.627,0.19,5
1599,3,0,4,9.27239,5143.56
1300,3,0,4,9.2669,5113.44
1298,3,0,4,9.26154,5084.1
2176,3,0,4,9.25484,5044.63
2066,3,0,4,9.24362,4976.26
1262,3,0,4,9.23467,4925.78
1261,3,0,4,9.22757,4885.9
1846,3,0,4,9.20013,4743.07
1271,3,0,4,9.1949,4717.51
1270,3,0,4,9.18725,4675.58
1269,3,0,4,9.17371,4607.21
1267,3,0,4,9.16077,4539.3
1266,3,0,4,9.14628,4462.62
1275,3,0,4,9.13276,4392.61
2057,3,0,5,9.66295,7128.43,0.0776667,338.759,0.34,6
2122,3,0,5,9.65679,7096.27
1820,3,0,5,9.64622,7045.53
1197,3,0,5,9.63283,6978.78
1198,3,0,5,9.62052,6918.21
1199,3,0,5,9.60437,6841.83
1164,3,0,5,9.59493,6794.11
1161,3,0,5,9.58736,6754.6
1330,3,0,5,9.57639,6700.08
1339,3,0,5,9.55415,6584.91
1340,3,0,5,9.54894,6557.83
1348,3,0,5,9.54844,6555.29
1349,3,0,5,9.54758,6550.87
1357,3,0,5,9.53102,6469.89
1356,3,0,5,9.53025,6466.17
2076,3,0,5,9.52247,6426.09
1355,3,0,5,9.52099,6418.44
1364,3,0,5,9.52095,6418.23
1361,3,0,5,9.51449,6382.34
1354,3,0,5,9.51445,6382.15
2188,3,0,5,9.5067,6342.9
2075,3,0,5,9.48597,6235.77
1822,3,0,5,9.48515,6231.77
1353,3,0,5,9.4774,6191.29
2118,3,0,5,9.44864,6044.29
2117,3,0,5,9.44611,6019.66
2164,3,0,5,9.42443,5898.05
1306,3,0,5,9.40073,5738.56
1599,3,0,5,9.38405,5645.86
1601,3,0,5,9.37698,5607.42
1429,3,0,6,9.85437,8062.49,0.0865,377.287,0.27,7
2166,3,0,6,9.83512,7964.03
1427,3,0,6,9.82059,7889.51
1677,3,0,6,9.81107,7840.36
2103,3,0,6,9.8072,7821.02
2177,3,0,6,9.80713,7820.66
1841,3,0,6,9.80699,7819.31
2060,3,0,6,9.7674,7605.4
1551,3,0,6,9.76668,7601.22
1201,3,0,6,9.76016,7568.23
1821,3,0,6,9.75591,7543.89
1640,3,0,6,9.74679,7498.01
2057,3,0,6,9.74062,7467.19
1621,3,0,7,10.0679,9152.31,0.101167,441.259,0.13,8
2089,3,0,7,10.0557,9086.5
2124,3,0,7,10.0474,9047.54
1826,3,0,7,10.0401,9007.93
1450,3,0,7,10.0381,8992.63
1829,3,0,7,10.0336,8963.57
1832,3,0,7,10.0211,8878.65
1833,3,0,7,10.0125,8805.59
1835,3,0,7,10.001,8742.27
2103,3,0,7,9.9956,8712.77
1677,3,0,7,9.99075,8689.34
1427,3,0,7,9.98105,8639.47
2166,3,0,7,9.96399,8554.38
1429,3,0,7,9.94087,8439.78
1650,3,0,8,10.3027,10284.5,0.0471667,205.727,0.37,9
2085,3,0,8,10.2745,10136.1
1461,3,0,8,10.2177,9848.03
2087,3,0,8,10.2083,9802.02
2088,3,0,8,10.1949,9734.13
1644,3,0,8,10.1896,9706.62
2089,3,0,8,10.1714,9605.43
2102,3,0,8,10.171,9603.4
1497,3,0,8,10.1697,9596.26
1621,3,0,8,10.1691,9593.56
1348,3,0,9,10.463,11077.1,0.0748333,326.4,0.08,10
1349,3,0,9,10.462,11072.1
1357,3,0,9,10.4499,11009.5
1356,3,0,9,10.4491,11005.8
1365,3,0,9,10.4415,10966.7
1366,3,0,9,10.4276,10894
1374,3,0,9,10.4164,10832.9
1377,3,0,9,10.4156,10829.2
1397,3,0,9,10.4002,10749.4
1398,3,0,9,10.3887,10690.2
1399,3,0,9,10.3788,10641.9
1657,3,0,9,10.3564,10526.4
1650,3,0,9,10.3499,10490.2
1087,3,0,10,10.6744,12099.6,0,0,0
1088,3,0,10,10.6657,12056.6
1117,3,0,10,10.6556,12005.7
1119,3,0,10,10.6548,12001.7
1118,3,0,10,10.6435,11946.9
2044,3,0,10,10.6297,11873.3
2169,3,0,10,10.6215,11831.5
2171,3,0,10,10.6169,11807.9
1549,3,0,10,10.6094,11768.7
1147,3,0,10,10.6033,11736.3
1796,3,0,10,10.5588,11509.5
1328,3,0,10,10.557,11500
1340,3,0,10,10.5383,11406
1348,3,0,10,10.5378,11403.5
953,4,0,0,8.30022,727.708,0.0948333,413.634,0.45,1
1788,4,0,0,8.28926,674.518
943,4,0,0,8.2741,597.041
934,4,0,0,8.26552,550.017
933,4,0,0,8.25686,503.224
936,4,0,0,8.25627,500.284
937,4,0,0,8.24339,432.774
1085,4,0,0,8.22766,348.909
2035,4,0,0,8.21171,268.111
1850,4,0,0,8.20367,225.044
1849,4,0,0,8.18592,135.401
1848,4,0,0,8.18086,109.545
1847,4,0,0,8.17677,87.3505
1086,4,0,0,8.17314,67.3611
1087,4,0,0,8.16,0
905,4,0,1,8.52553,1831.06,0.061,266.064,0.44,2
906,4,0,1,8.5117,1758.97
1555,4,0,1,8.48578,1614.36
930,4,0,1,8.46535,1508.2
940,4,0,1,8.45383,1449.01
934,4,0,1,8.43394,1338.33
935,4,0,1,8.4334,1335.72
2020,4,0,1,8.42234,1278.75
1787,4,0,1,8.40529,1192.26
2023,4,0,1,8.39587,1145.44
953,4,0,1,8.39505,1141.34
822,4,0,2,8.71607,2795.03,0.0658333,287.145,0.32,3
2153,4,0,2,8.69778,2694.75
831,4,0,2,8.69776,2694.67
825,4,0,2,8.69735,2692.64
834,4,0,2,8.69088,2648.55
833,4,0,2,8.68846,2635.44
899,4,0,2,8.66243,2497.5
900,4,0,2,8.64512,2404.48
901,4,0,2,8.63928,2374.54
902,4,0,2,8.62332,2292.13
904,4,0,2,8.60872,2215.31
903,4,0,2,8.60511,2196.14
905,4,0,2,8.58653,2097.12
1601,4,0,3,8.89902,3749.44,0.0903333,394.007,0.18,4
1599,4,0,3,8.89078,3705.95
1300,4,0,3,8.88459,3672.81
1298,4,0,3,8.87701,3634.02
2176,4,0,3,8.87073,3595.18
2066,4,0,3,8.85942,3526.67
869,4,0,3,8.84929,3451.8
1856,4,0,3,8.84268,3406.81
855,4,0,3,8.84254,3406.1
843,4,0,3,8.81981,3289.35
832,4,0,3,8.80933,3228.68
831,4,0,3,8.80379,3197.94
2153,4,0,3,8.80377,3197.86
822,4,0,3,8.7819,3082.18
1275,4,0,4,9.14001,4964.95,0.1075,468.883,0.03,5
1265,4,0,4,9.12837,4902.37
1258,4,0,4,9.11609,4836.5
1260,4,0,4,9.10853,4784.26
1259,4,0,4,9.09429,4710.22
868,4,0,4,9.07501,4605.77
869,4,0,4,9.05404,4493.02
2066,4,0,4,9.03437,4389.39
1297,4,0,4,9.00704,4245.06
1299,4,0,4,9.00082,4210.73
1600,4,0,4,8.99937,4197.29
1599,4,0,4,8.99884,4192.2
1601,4,0,4,8.98936,4143.45
2057,4,0,5,9.6621,7654.62,0.0776667,338.759,0.34,6
2122,4,0,5,9.65593,7622.46
1820,4,0,5,9.64536,7571.72
1197,4,0,5,9.63197,7504.97
1198,4,0,5,9.61839,7439.16
1152,4,0,5,9.61142,7403.73
1163,4,0,5,9.60052,7351.35
1164,4,0,5,9.59175,7306.73
1161,4,0,5,9.58365,7265
1330,4,0,5,9.5736,7214.29
1339,4,0,5,9.55225,7102.89
1340,4,0,5,9.54716,7076.31
1348,4,0,5,9.54665,7073.77
1349,4,0,5,9.54574,7069.09
1357,4,0,5,9.53359,7006.48
1356,4,0,5,9.53282,7002.76
2076,4,0,5,9.52303,6954.27
1355,4,0,5,9.52157,6946.71
1364,4,0,5,9.52153,6946.5
1361,4,0,5,9.51527,6911.46
1354,4,0,5,9.51523,6911.27
2188,4,0,5,9.50809,6874.6
2075,4,0,5,9.48906,6774.68
1822,4,0,5,9.48824,6770.69
1353,4,0,5,9.48049,6730.21
2118,4,0,5,9.45173,6583.21
2117,4,0,5,9.4492,6558.58
2164,4,0,5,9.42752,6436.96
1306,4,0,5,9.40382,6277.48
1599,4,0,5,9.38714,6184.78
1300,4,0,5,9.38165,6154.66
1298,4,0,5,9.37629,6125.32
2176,4,0,5,9.36959,6085.85
2066,4,0,5,9.35837,6017.48
1262,4,0,5,9.34942,5967
1261,4,0,5,9.34232,5927.11
1846,4,0,5,9.31488,5784.29
1271,4,0,5,9.30965,5758.73
1270,4,0,5,9.302,5716.8
1269,4,0,5,9.28846,5648.43
1267,4,0,5,9.27552,5580.52
1266,4,0,5,9.26103,5503.84
1275,4,0,5,9.24751,5433.83
1429,4,0,6,9.85351,8588.68,0.0865,377.287,0.27,7
2166,4,0,6,9.83426,8490.21
1427,4,0,6,9.81973,8415.7
1677,4,0,6,9.81021,8366.55
2103,4,0,6,9.80635,8347.21
2177,4,0,6,9.80627,8346.85
1841,4,0,6,9.80613,8345.5
2060,4,0,6,9.76654,8131.59
1551,4,0,6,9.76582,8127.41
1201,4,0,6,9.7593,8094.42
1821,4,0,6,9.75505,8070.08
1640,4,0,6,9.74593,8024.2
2057,4,0,6,9.73976,7993.38
1621,4,0,7,10.0671,9678.49,0.101167,441.259,0.13,8
2089,4,0,7,10.0549,9612.69
2124,4,0,7,10.0465,9573.73
1826,4,0,7,10.0393,9534.12
1450,4,0,7,10.0372,9518.82
1829,4,0,7,10.0327,9489.76
1832,4,0,7,10.0202,9404.84
1833,4,0,7,10.0117,9331.78
1835,4,0,7,10.0001,9268.45
2103,4,0,7,9.99474,9238.96
1677,4,0,7,9.98989,9215.53
1427,4,0,7,9.98019,9165.66
2166,4,0,7,9.96313,9080.57
1429,4,0,7,9.94001,8965.96
1650,4,0,8,10.3018,10810.7,0.0471667,205.727,0.37,9
2085,4,0,8,10.2737,10662.3
1461,4,0,8,10.2169,10374.2
2087,4,0,8,10.2074,10328.2
2088,4,0,8,10.1941,10260.3
1644,4,0,8,10.1888,10232.8
2089,4,0,8,10.1706,10131.6
2102,4,0,8,10.1702,10129.6
1497,4,0,8,10.1688,10122.5
1621,4,0,8,10.1682,10119.8
1348,4,0,9,10.4622,11603.3,0.0748333,326.4,0.08,10
1349,4,0,9,10.4612,11598.3
1357,4,0,9,10.449,11535.7
1356,4,0,9,10.4482,11532
1365,4,0,9,10.4406,11492.9
1366,4,0,9,10.4268,11420.2
1374,4,0,9,10.4155,11359.1
1377,4,0,9,10.4148,11355.4
1397,4,0,9,10.3993,11275.5
1398,4,0,9,10.3878,11216.4
1399,4,0,9,10.378,11168.1
1657,4,0,9,10.3556,11052.6
1650,4,0,9,10.349,11016.4
1087,4,0,10,10.6736,12625.8,0,0,0
1088,4,0,10,10.6649,12582.8
1117,4,0,10,10.6547,12531.9
1119,4,0,10,10.6539,12527.9
1118,4,0,10,10.6427,12473.1
2044,4,0,10,10.6288,12399.5
2169,4,0,10,10.6206,12357.7
2171,4,0,10,10.6161,12334.1
1549,4,0,10,10.6085,12294.9
1147,4,0,10,10.6025,12262.5
1796,4,0,10,10.558,12035.7
1328,4,0,10,10.5561,12026.2
1340,4,0,10,10.5375,11932.2
1348,4,0,10,10.537,11929.7
905,5,0,0,8.22157,829.666,0.061,266.064,0.44,1
906,5,0,0,8.20774,757.574
892,5,0,0,8.18882,661.974
896,5,0,0,8.18641,648.832
895,5,0,0,8.18369,634.662
907,5,0,0,8.17255,576.488
908,5,0,0,8.16507,537.87
2014,5,0,0,8.16448,535.191
2015,5,0,0,8.15637,494.476
2018,5,0,0,8.14717,447.026
920,5,0,0,8.14325,426.243
1793,5,0,0,8.12171,316.201
2034,5,0,0,8.11348,274.763
1850,5,0,0,8.10367,225.044
1849,5,0,0,8.08592,135.401
1848,5,0,0,8.08086,109.545
1847,5,0,0,8.07677,87.3505
1086,5,0,0,8.07314,67.3611
1087,5,0,0,8.06,0
953,5,0,1,8.38804,1647.52,0.0948333,413.634,0.45,2
1788,5,0,1,8.37709,1594.33
943,5,0,1,8.36193,1516.86
934,5,0,1,8.35335,1469.83
933,5,0,1,8.34469,1423.04
936,5,0,1,8.3441,1420.1
1737,5,0,1,8.33216,1355.01
917,5,0,1,8.31635,1275.8
916,5,0,1,8.31617,1274.89
906,5,0,1,8.29471,1160.62
905,5,0,1,8.28257,1095.73
1601,5,0,2,8.62701,2804.6,0.0903333,394.007,0.18,3
1599,5,0,2,8.61877,2761.1
1300,5,0,2,8.61258,2727.97
1299,5,0,2,8.61041,2713.37
1557,5,0,2,8.58378,2578.61
2024,5,0,2,8.56815,2498.03
2025,5,0,2,8.5471,2391.84
949,5,0,2,8.54366,2374.54
951,5,0,2,8.53473,2326.75
2021,5,0,2,8.51458,2224.09
2022,5,0,2,8.50357,2167.32
952,5,0,2,8.49418,2118.29
953,5,0,2,8.48288,2061.16
822,5,0,3,8.86193,3964.56,0.0658333,287.145,0.32,4
2153,5,0,3,8.84364,3864.28
831,5,0,3,8.84362,3864.2
832,5,0,3,8.83354,3814.26
843,5,0,3,8.81889,3736.55
855,5,0,3,8.79143,3600.07
1856,5,0,3,8.79129,3599.36
869,5,0,3,8.78203,3548.18
2066,5,0,3,8.76236,3444.55
1297,5,0,3,8.73503,3300.22
1299,5,0,3,8.72881,3265.89
1600,5,0,3,8.72736,3252.44
1599,5,0,3,8.72683,3247.36
1601,5,0,3,8.71735,3198.6
1275,5,0,4,9.08112,5093.26,0.1075,468.883,0.03,5
1265,5,0,4,9.06948,5030.68
1258,5,0,4,9.0572,4964.81
1260,5,0,4,9.04964,4912.58
1259,5,0,4,9.0354,4838.53
868,5,0,4,9.01612,4734.08
869,5,0,4,8.99515,4621.33
1856,5,0,4,8.98854,4576.34
855,5,0,4,8.9884,4575.63
843,5,0,4,8.96567,4458.88
832,5,0,4,8.95519,4398.21
831,5,0,4,8.94965,4367.47
2153,5,0,4,8.94963,4367.39
822,5,0,4,8.92776,4251.71
2057,5,0,5,9.60321,7782.94,0.0776667,338.759,0.34,6
2122,5,0,5,9.59704,7750.77
1820,5,0,5,9.58647,7700.03
1197,5,0,5,9.57308,7633.29
1198,5,0,5,9.5595,7567.47
1152,5,0,5,9.55253,7532.05
1163,5,0,5,9.54163,7479.67
1164,5,0,5,9.53286,7435.04
1161,5,0,5,9.52476,7393.31
1330,5,0,5,9.51471,7342.61
1339,5,0,5,9.49336,7231.2
1340,5,0,5,9.48827,7204.62
1348,5,0,5,9.48776,7202.08
1349,5,0,5,9.48685,7197.4
1357,5,0,5,9.4747,7134.79
1356,5,0,5,9.47393,7131.08
2076,5,0,5,9.46414,7082.58
1355,5,0,5,9.46268,7075.02
1364,5,0,5,9.46264,7074.81
1361,5,0,5,9.45638,7039.77
1354,5,0,5,9.45634,7039.58
2188,5,0,5,9.4492,7002.91
2075,5,0,5,9.43017,6902.99
1822,5,0,5,9.42935,6899
1353,5,0,5,9.4216,6858.52
2118,5,0,5,9.39284,6711.52
2117,5,0,5,9.39031,6686.89
2164,5,0,5,9.36863,6565.28
1306,5,0,5,9.34492,6405.79
1599,5,0,5,9.32825,6313.09
1300,5,0,5,9.32276,6282.97
1298,5,0,5,9.3174,6253.64
2176,5,0,5,9.3107,6214.17
2066,5,0,5,9.29948,6145.79
1262,5,0,5,9.29053,6095.31
1261,5,0,5,9.28343,6055.43
1846,5,0,5,9.25599,5912.6
1271,5,0,5,9.25076,5887.04
1270,5,0,5,9.24311,5845.11
1269,5,0,5,9.22957,5776.74
1267,5,0,5,9.21663,5708.83
1266,5,0,5,9.20214,5632.15
1275,5,0,5,9.18862,5562.14
1429,5,0,6,9.79462,8716.99,0.0865,377.287,0.27,7
2166,5,0,6,9.77537,8618.53
1427,5,0,6,9.76084,8544.01
1677,5,0,6,9.75132,8494.87
2103,5,0,6,9.74746,8475.52
2177,5,0,6,9.74738,8475.16
1841,5,0,6,9.74724,8473.82
2060,5,0,6,9.70765,8259.91
1551,5,0,6,9.70693,8255.72
1201,5,0,6,9.70041,8222.74
1821,5,0,6,9.69616,8198.39
1640,5,0,6,9.68704,8152.52
2057,5,0,6,9.68087,8121.7
1621,5,0,7,10.0082,9806.81,0.101167,441.259,0.13,8
2089,5,0,7,9.99598,9741
2124,5,0,7,9.98761,9702.04
1826,5,0,7,9.9804,9662.43
1450,5,0,7,9.97833,9647.13
1829,5,0,7,9.97384,9618.07
1832,5,0,7,9.96131,9533.15
1833,5,0,7,9.95278,9460.09
1835,5,0,7,9.94125,9396.77
2103,5,0,7,9.93585,9367.27
1677,5,0,7,9.931,9343.85
1427,5,0,7,9.9213,9293.97
2166,5,0,7,9.90424,9208.89
1429,5,0,7,9.88112,9094.28
1650,5,0,8,10.243,10939,0.0471667,205.727,0.37,9
2085,5,0,8,10.2148,10790.6
1461,5,0,8,10.158,10502.5
2087,5,0,8,10.1485,10456.5
2088,5,0,8,10.1352,10388.6
1644,5,0,8,10.1299,10361.1
2089,5,0,8,10.1117,10259.9
2102,5,0,8,10.1113,10257.9
1497,5,0,8,10.1099,10250.8
1621,5,0,8,10.1093,10248.1
1348,5,0,9,10.4033,11731.6,0.0748333,326.4,0.08,10
1349,5,0,9,10.4023,11726.6
1357,5,0,9,10.3901,11664
1356,5,0,9,10.3894,11660.3
1365,5,0,9,10.3818,11621.2
1366,5,0,9,10.3679,11548.6
1374,5,0,9,10.3567,11487.4
1377,5,0,9,10.3559,11483.7
1397,5,0,9,10.3404,11403.9
1398,5,0,9,10.3289,11344.7
1399,5,0,9,10.3191,11296.4
1657,5,0,9,10.2967,11180.9
1650,5,0,9,10.2901,11144.7
1087,5,0,10,10.6147,12754.1,0,0,0
1088,5,0,10,10.606,12711.1
1117,5,0,10,10.5958,12660.2
1119,5,0,10,10.595,12656.2
1118,5,0,10,10.5838,12601.4
2044,5,0,10,10.5699,12527.8
2169,5,0,10,10.5617,12486
2171,5,0,10,10.5572,12462.4
1549,5,0,10,10.5497,12423.2
1147,5,0,10,10.5436,12390.8
1796,5,0,10,10.4991,12164
1328,5,0,10,10.4972,12154.5
1340,5,0,10,10.4786,12060.5
1348,5,0,10,10.4781,12058
2057,6,0,0,8.71738,790.795,0.0981667,428.173,0.33,1
2122,6,0,0,8.71061,756.084
1639,6,0,0,8.70528,728.728
1190,6,0,0,8.70185,709.948
1186,6,0,0,8.69193,656.065
1183,6,0,0,8.68169,601.675
1103,6,0,0,8.67103,544.89
1084,6,0,0,8.66116,487.929
1062,6,0,0,8.64467,388.255
1063,6,0,0,8.6439,381.112
1061,6,0,0,8.64047,363.372
1060,6,0,0,8.63397,330.074
1073,6,0,0,8.61255,218.101
1075,6,0,0,8.60724,191.567
1072,6,0,0,8.59669,137.848
1071,6,0,0,8.58891,97.4637
2160,6,0,0,8.58179,59.0712
1087,6,0,0,8.57,0
1429,6,0,1,8.92336,1788.84,0.0685,298.776,0.22,2
2166,6,0,1,8.9033,1686.97
1427,6,0,1,8.88996,1617.49
1677,6,0,1,8.87966,1565.05
2103,6,0,1,8.87579,1545.71
2177,6,0,1,8.87572,1545.35
1841,6,0,1,8.87558,1544
2060,6,0,1,8.83978,1346.48
1551,6,0,1,8.83905,1342.27
1201,6,0,1,8.83339,1312.91
1821,6,0,1,8.82914,1288.57
1640,6,0,1,8.82041,1244.34
2057,6,0,1,8.81555,1218.97
953,6,0,2,9.32883,3832.36,0.0893333,389.645,0.46,3
2023,6,0,2,9.32801,3828.26
2163,6,0,2,9.30044,3680.17
1314,6,0,2,9.28191,3584.22
2165,6,0,2,9.26206,3482.25
2118,6,0,2,9.26042,3474.04
1353,6,0,2,9.23582,3344.59
1822,6,0,2,9.22774,3302.72
2075,6,0,2,9.22692,3298.72
2188,6,0,2,9.20503,3186.75
1354,6,0,2,9.19536,3139.51
1355,6,0,2,9.18809,3101.66
2076,6,0,2,9.18626,3092.55
1356,6,0,2,9.17844,3052.25
1357,6,0,2,9.17766,3048.53
1358,6,0,2,9.16889,3000.65
1352,6,0,2,9.16085,2957.27
1351,6,0,2,9.14966,2899.79
1350,6,0,2,9.14314,2865.42
1414,6,0,2,9.12694,2784.91
2120,6,0,2,9.11636,2729.93
2097,6,0,2,9.11003,2694.78
1415,6,0,2,9.09778,2631.36
1416,6,0,2,9.08403,2560.75
1554,6,0,2,9.08247,2552.92
2079,6,0,2,9.07696,2523.55
1651,6,0,2,9.0441,2351.03
2094,6,0,2,9.03507,2303.19
1419,6,0,2,9.0254,2252.79
1429,6,0,2,8.99186,2087.61
905,6,0,3,9.55414,4939.9,0.112167,489.237,0.46,4
906,6,0,3,9.54214,4875.61
1555,6,0,3,9.51286,4716.4
930,6,0,3,9.4927,4611.43
931,6,0,3,9.48318,4564.25
932,6,0,3,9.46915,4488.69
933,6,0,3,9.46413,4463.12
934,6,0,3,9.4586,4425.47
935,6,0,3,9.45806,4422.86
2020,6,0,3,9.44701,4365.89
1787,6,0,3,9.4284,4272.92
2023,6,0,3,9.41898,4226.1
953,6,0,3,9.41816,4222
822,6,0,4,9.80531,6162.72,0.0406667,177.376,0.33,5
2153,6,0,4,9.78432,6050.82
831,6,0,4,9.78431,6050.74
825,6,0,4,9.7839,6048.71
834,6,0,4,9.77588,6002.6
833,6,0,4,9.77321,5988.39
899,6,0,4,9.74826,5855.09
900,6,0,4,9.72482,5736.06
901,6,0,4,9.71876,5705.21
902,6,0,4,9.70647,5638.42
904,6,0,4,9.69217,5562.92
903,6,0,4,9.68841,5543.07
905,6,0,4,9.66631,5429.13
1275,6,0,5,10.0113,7227.76,0.057,248.617,0.01,6
1266,6,0,5,10.0003,7168.34
1267,6,0,5,9.98684,7096.11
1260,6,0,5,9.97194,7017.78
1259,6,0,5,9.95843,6946.81
868,6,0,5,9.93739,6834.84
869,6,0,5,9.91517,6716.72
1856,6,0,5,9.8943,6616.97
855,6,0,5,9.89415,6616.26
843,6,0,5,9.88179,6539.05
832,6,0,5,9.87091,6477.67
831,6,0,5,9.86447,6443.09
825,6,0,5,9.86406,6441.06
822,6,0,5,9.84598,6340.1
1601,6,0,6,10.2086,8262.01,0.0673333,293.688,0.2,7
1599,6,0,6,10.2016,8224
1300,6,0,6,10.1972,8197.49
1298,6,0,6,10.1905,8162.27
2176,6,0,6,10.1842,8123.4
2066,6,0,6,10.1735,8055.75
869,6,0,6,10.1635,7980.89
868,6,0,6,10.1428,7869.5
1259,6,0,6,10.1247,7770.19
1260,6,0,6,10.1074,7682.97
1258,6,0,6,10.0942,7613
1265,6,0,6,10.0802,7539.94
1275,6,0,6,10.0683,7476.38
1621,6,0,7,10.6088,10425.6,0.101167,441.259,0.13,8
2089,6,0,7,10.5939,10348.1
2124,6,0,7,10.5861,10311.7
1826,6,0,7,10.5793,10273.5
1450,6,0,7,10.577,10258.1
1829,6,0,7,10.5724,10228.9
1832,6,0,7,10.5598,10143.9
1833,6,0,7,10.5515,10070.5
1837,6,0,7,10.5418,10000.9
2177,6,0,7,10.538,9980.52
1841,6,0,7,10.5378,9979.17
1554,6,0,7,10.5322,9948.75
1416,6,0,7,10.5307,9940.92
1415,6,0,7,10.5163,9867.6
2097,6,0,7,10.5041,9804.62
2119,6,0,7,10.4965,9769.93
2120,6,0,7,10.49,9736.92
1414,6,0,7,10.4782,9676.88
1350,6,0,7,10.4668,9616.47
1351,6,0,7,10.458,9572.54
1352,6,0,7,10.4439,9503.15
1358,6,0,7,10.4336,9449.97
1357,6,0,7,10.4227,9393.26
1356,6,0,7,10.422,9389.54
2076,6,0,7,10.4156,9355.25
1355,6,0,7,10.4142,9348.21
1354,6,0,7,10.408,9314.67
2188,6,0,7,10.3999,9273.97
2075,6,0,7,10.3789,9165.93
1822,6,0,7,10.3781,9161.94
1353,6,0,7,10.3674,9108.99
2118,6,0,7,10.3438,8984.12
2117,6,0,7,10.3413,8959.49
2164,6,0,7,10.3226,8844.5
1306,6,0,7,10.2991,8685.24
1599,6,0,7,10.2816,8588.76
1601,6,0,7,10.2759,8555.69
1650,6,0,8,10.8436,11557.8,0.0471667,205.727,0.37,9
2085,6,0,8,10.8154,11409.4
1461,6,0,8,10.7586,11121.4
2087,6,0,8,10.7492,11075.3
2088,6,0,8,10.7358,11007.5
1644,6,0,8,10.7305,10980
2089,6,0,8,10.7123,10878.8
2102,6,0,8,10.7119,10876.7
1497,6,0,8,10.7106,10869.6
1621,6,0,8,10.71,10866.9
1348,6,0,9,11.0039,12350.4,0.0711667,310.408,0.09,10
1349,6,0,9,11.0029,12345.4
1357,6,0,9,10.9908,12282.8
1356,6,0,9,10.99,12279.1
1365,6,0,9,10.9824,12240
1366,6,0,9,10.9685,12167.4
1374,6,0,9,10.9573,12106.3
1377,6,0,9,10.9565,12102.5
1397,6,0,9,10.9411,12022.7
1398,6,0,9,10.9296,11963.5
1399,6,0,9,10.9197,11915.2
1657,6,0,9,10.8973,11799.8
1650,6,0,9,10.8908,11763.6
1087,6,0,10,11.1885,13259,0,0,0
1088,6,0,10,11.1816,13223.7
1117,6,0,10,11.1721,13175.5
1119,6,0,10,11.1713,13171.5
1118,6,0,10,11.1649,13137
2044,6,0,10,11.1505,13061
2169,6,0,10,11.142,13017.9
2171,6,0,10,11.1374,12994.1
1549,6,0,10,11.1309,12959
1147,6,0,10,11.1244,12924.9
1796,6,0,10,11.0944,12760.1
1328,6,0,10,11.0925,12750
1340,6,0,10,11.0756,12663.4
1348,6,0,10,11.0751,12660.8
2057,7,0,0,8.70738,790.795,0.0981667,428.173,0.33,1
2122,7,0,0,8.70061,756.084
1639,7,0,0,8.69528,728.728
1190,7,0,0,8.69185,709.948
1186,7,0,0,8.68193,656.065
1183,7,0,0,8.67169,601.675
1103,7,0,0,8.66103,544.89
1084,7,0,0,8.65116,487.929
1062,7,0,0,8.63467,388.255
1063,7,0,0,8.6339,381.112
1061,7,0,0,8.63047,363.372
1060,7,0,0,8.62397,330.074
1073,7,0,0,8.60255,218.101
1075,7,0,0,8.59724,191.567
1072,7,0,0,8.58669,137.848
1071,7,0,0,8.57891,97.4637
2160,7,0,0,8.57179,59.0712
1087,7,0,0,8.56,0
1429,7,0,1,8.91336,1788.84,0.0685,298.776,0.22,2
2166,7,0,1,8.8933,1686.97
1427,7,0,1,8.87996,1617.49
1677,7,0,1,8.86966,1565.05
2103,7,0,1,8.8658,1545.71
2177,7,0,1,8.86572,1545.35
1841,7,0,1,8.86558,1544
2060,7,0,1,8.82978,1346.48
1551,7,0,1,8.82905,1342.27
1201,7,0,1,8.82339,1312.91
1821,7,0,1,8.81914,1288.57
1640,7,0,1,8.81042,1244.34
2057,7,0,1,8.80555,1218.97
953,7,0,2,9.31883,3832.36,0.0893333,389.645,0.46,3
2023,7,0,2,9.31801,3828.26
2163,7,0,2,9.29044,3680.17
1314,7,0,2,9.27191,3584.22
2165,7,0,2,9.25206,3482.25
2118,7,0,2,9.25042,3474.04
1353,7,0,2,9.22582,3344.59
1822,7,0,2,9.21774,3302.72
2075,7,0,2,9.21692,3298.72
2188,7,0,2,9.19503,3186.75
1354,7,0,2,9.18536,3139.51
1355,7,0,2,9.17809,3101.66
2076,7,0,2,9.17626,3092.55
1356,7,0,2,9.16844,3052.25
1357,7,0,2,9.16766,3048.53
1358,7,0,2,9.15889,3000.65
1352,7,0,2,9.15085,2957.27
1351,7,0,2,9.13966,2899.79
1350,7,0,2,9.13314,2865.42
1414,7,0,2,9.11694,2784.91
2120,7,0,2,9.10636,2729.93
2097,7,0,2,9.10003,2694.78
1415,7,0,2,9.08778,2631.36
1416,7,0,2,9.07403,2560.75
1554,7,0,2,9.07247,2552.92
2079,7,0,2,9.06696,2523.55
1651,7,0,2,9.0341,2351.03
2094,7,0,2,9.02507,2303.19
1419,7,0,2,9.0154,2252.79
1429,7,0,2,8.98186,2087.61
905,7,0,3,9.54414,4939.9,0.112167,489.237,0.46,4
906,7,0,3,9.53215,4875.61
1555,7,0,3,9.50286,4716.4
930,7,0,3,9.4827,4611.43
931,7,0,3,9.47318,4564.25
932,7,0,3,9.45915,4488.69
933,7,0,3,9.45413,4463.12
934,7,0,3,9.4486,4425.47
935,7,0,3,9.44806,4422.86
2020,7,0,3,9.43701,4365.89
1787,7,0,3,9.4184,4272.92
2023,7,0,3,9.40898,4226.1
953,7,0,3,9.40816,4222
822,7,0,4,9.79531,6162.72,0.0406667,177.376,0.33,5
2153,7,0,4,9.77432,6050.82
831,7,0,4,9.77431,6050.74
825,7,0,4,9.7739,6048.71
834,7,0,4,9.76588,6002.6
833,7,0,4,9.76321,5988.39
899,7,0,4,9.73826,5855.09
900,7,0,4,9.71482,5736.06
901,7,0,4,9.70876,5705.21
902,7,0,4,9.69647,5638.42
904,7,0,4,9.68217,5562.92
903,7,0,4,9.67841,5543.07
905,7,0,4,9.65631,5429.13
1275,7,0,5,10.0013,7227.76,0.057,248.617,0.01,6
1266,7,0,5,9.99029,7168.34
1267,7,0,5,9.97684,7096.11
1260,7,0,5,9.96194,7017.78
1259,7,0,5,9.94843,6946.81
868,7,0,5,9.92739,6834.84
869,7,0,5,9.90517,6716.72
1856,7,0,5,9.8843,6616.97
855,7,0,5,9.88416,6616.26
843,7,0,5,9.87179,6539.05
832,7,0,5,9.86091,6477.67
831,7,0,5,9.85447,6443.09
825,7,0,5,9.85406,6441.06
822,7,0,5,9.83598,6340.1
1601,7,0,6,10.1986,8262.01,0.0673333,293.688,0.2,7
1599,7,0,6,10.1916,8224
1300,7,0,6,10.1872,8197.49
1298,7,0,6,10.1805,8162.27
2176,7,0,6,10.1742,8123.4
2066,7,0,6,10.1635,8055.75
869,7,0,6,10.1535,7980.89
868,7,0,6,10.1328,7869.5
1259,7,0,6,10.1147,7770.19
1260,7,0,6,10.0974,7682.97
1258,7,0,6,10.0842,7613
1265,7,0,6,10.0702,7539.94
1275,7,0,6,10.0583,7476.38
1621,7,0,7,10.5988,10425.6,0.101167,441.259,0.13,8
2089,7,0,7,10.5839,10348.1
2124,7,0,7,10.5761,10311.7
1826,7,0,7,10.5693,10273.5
1450,7,0,7,10.567,10258.1
1829,7,0,7,10.5624,10228.9
1832,7,0,7,10.5498,10143.9
1833,7,0,7,10.5415,10070.5
1837,7,0,7,10.5318,10000.9
2177,7,0,7,10.528,9980.52
1841,7,0,7,10.5278,9979.17
1554,7,0,7,10.5222,9948.75
1416,7,0,7,10.5207,9940.92
1415,7,0,7,10.5063,9867.6
2097,7,0,7,10.4941,9804.62
2119,7,0,7,10.4865,9769.93
2120,7,0,7,10.48,9736.92
1414,7,0,7,10.4682,9676.88
1350,7,0,7,10.4568,9616.47
1351,7,0,7,10.448,9572.54
1352,7,0,7,10.4339,9503.15
1358,7,0,7,10.4236,9449.97
1357,7,0,7,10.4127,9393.26
1356,7,0,7,10.412,9389.54
2076,7,0,7,10.4056,9355.25
1355,7,0,7,10.4042,9348.21
1354,7,0,7,10.398,9314.67
2188,7,0,7,10.3899,9273.97
2075,7,0,7,10.3689,9165.93
1822,7,0,7,10.3681,9161.94
1353,7,0,7,10.3574,9108.99
2118,7,0,7,10.3338,8984.12
2117,7,0,7,10.3313,8959.49
2164,7,0,7,10.3126,8844.5
1306,7,0,7,10.2891,8685.24
1599,7,0,7,10.2716,8588.76
1601,7,0,7,10.2659,8555.69
1650,7,0,8,10.8336,11557.8,0.0471667,205.727,0.37,9
2085,7,0,8,10.8054,11409.4
1461,7,0,8,10.7486,11121.4
2087,7,0,8,10.7392,11075.3
2088,7,0,8,10.7258,11007.5
1644,7,0,8,10.7205,10980
2089,7,0,8,10.7023,10878.8
2102,7,0,8,10.7019,10876.7
1497,7,0,8,10.7006,10869.6
1621,7,0,8,10.7,10866.9
1348,7,0,9,10.9939,12350.4,0.0748333,326.4,0.08,10
1349,7,0,9,10.9929,12345.4
1357,7,0,9,10.9808,12282.8
1356,7,0,9,10.98,12279.1
1365,7,0,9,10.9724,12240
1366,7,0,9,10.9586,12167.4
1374,7,0,9,10.9473,12106.3
1377,7,0,9,10.9465,12102.5
1397,7,0,9,10.9311,12022.7
1398,7,0,9,10.9196,11963.5
1399,7,0,9,10.9097,11915.2
1657,7,0,9,10.8873,11799.8
1650,7,0,9,10.8808,11763.6
1087,7,0,10,11.1822,13275,0,0,0
1088,7,0,10,11.1753,13239.7
1117,7,0,10,11.1658,13191.5
1119,7,0,10,11.165,13187.5
1118,7,0,10,11.1586,13152.9
2044,7,0,10,11.1442,13077
2169,7,0,10,11.1357,13033.9
2171,7,0,10,11.1311,13010
1549,7,0,10,11.1245,12975
1147,7,0,10,11.1181,12940.9
1796,7,0,10,11.0881,12776.1
1328,7,0,10,11.0861,12766
1340,7,0,10,11.0693,12679.4
1348,7,0,10,11.0687,12676.8
2057,8,0,0,8.14738,790.795,0.0981667,428.173,0.33,1
2122,8,0,0,8.14061,756.084
1639,8,0,0,8.13528,728.728
1190,8,0,0,8.13185,709.948
1186,8,0,0,8.12193,656.065
1183,8,0,0,8.11169,601.675
1103,8,0,0,8.10103,544.89
1084,8,0,0,8.09116,487.929
1062,8,0,0,8.07467,388.255
1063,8,0,0,8.0739,381.112
1061,8,0,0,8.07047,363.372
1060,8,0,0,8.06397,330.074
1073,8,0,0,8.04255,218.101
1075,8,0,0,8.03724,191.567
1072,8,0,0,8.02669,137.848
1071,8,0,0,8.01891,97.4637
2160,8,0,0,8.01179,59.0712
1087,8,0,0,8,0
1429,8,0,1,8.35336,1788.84,0.0685,298.776,0.22,2
2166,8,0,1,8.3333,1686.97
1427,8,0,1,8.31996,1617.49
1677,8,0,1,8.30966,1565.05
2103,8,0,1,8.30579,1545.71
2177,8,0,1,8.30572,1545.35
1841,8,0,1,8.30558,1544
2060,8,0,1,8.26978,1346.48
1551,8,0,1,8.26905,1342.27
1201,8,0,1,8.26339,1312.91
1821,8,0,1,8.25914,1288.57
1640,8,0,1,8.25041,1244.34
2057,8,0,1,8.24555,1218.97
953,8,0,2,8.75883,3832.36,0.0948333,413.634,0.45,3
2023,8,0,2,8.75801,3828.26
2163,8,0,2,8.73044,3680.17
1314,8,0,2,8.71191,3584.22
2165,8,0,2,8.69206,3482.25
2118,8,0,2,8.69042,3474.04
1353,8,0,2,8.66582,3344.59
1822,8,0,2,8.65774,3302.72
2075,8,0,2,8.65692,3298.72
2188,8,0,2,8.63503,3186.75
1354,8,0,2,8.62536,3139.51
1355,8,0,2,8.61809,3101.66
2076,8,0,2,8.61626,3092.55
1356,8,0,2,8.60844,3052.25
1357,8,0,2,8.60766,3048.53
1358,8,0,2,8.59889,3000.65
1352,8,0,2,8.59085,2957.27
1351,8,0,2,8.57966,2899.79
1350,8,0,2,8.57314,2865.42
1414,8,0,2,8.55694,2784.91
2120,8,0,2,8.54636,2729.93
2097,8,0,2,8.54003,2694.78
1415,8,0,2,8.52778,2631.36
1416,8,0,2,8.51403,2560.75
1554,8,0,2,8.51247,2552.92
2079,8,0,2,8.50696,2523.55
1651,8,0,2,8.4741,2351.03
2094,8,0,2,8.46507,2303.19
1419,8,0,2,8.4554,2252.79
1429,8,0,2,8.42186,2087.61
905,8,0,3,8.98414,4935.71,0.061,266.064,0.44,4
906,8,0,3,8.97031,4863.62
1555,8,0,3,8.94439,4719.01
930,8,0,3,8.92396,4612.85
940,8,0,3,8.91244,4553.66
934,8,0,3,8.89255,4442.98
935,8,0,3,8.89201,4440.38
2020,8,0,3,8.88095,4383.4
1787,8,0,3,8.8639,4296.91
2023,8,0,3,8.85448,4250.09
953,8,0,3,8.85366,4245.99
822,8,0,4,9.18414,5935.36,0.0406667,177.376,0.33,5
2153,8,0,4,9.16315,5823.46
831,8,0,4,9.16314,5823.38
825,8,0,4,9.16273,5821.35
834,8,0,4,9.15472,5775.24
833,8,0,4,9.15204,5761.03
899,8,0,4,9.12709,5627.72
900,8,0,4,9.10365,5508.7
901,8,0,4,9.09759,5477.85
902,8,0,4,9.0853,5411.06
904,8,0,4,9.071,5335.56
903,8,0,4,9.06724,5315.71
905,8,0,4,9.04514,5201.77
1275,8,0,5,9.39015,7000.4,0.1075,468.883,0.03,6
1266,8,0,5,9.37912,6940.98
1267,8,0,5,9.36567,6868.75
1260,8,0,5,9.35077,6790.42
1259,8,0,5,9.33726,6719.45
868,8,0,5,9.31622,6607.48
869,8,0,5,9.294,6489.35
1856,8,0,5,9.27313,6389.61
855,8,0,5,9.27299,6388.9
843,8,0,5,9.26062,6311.69
832,8,0,5,9.24974,6250.31
831,8,0,5,9.2433,6215.73
825,8,0,5,9.24289,6213.7
822,8,0,5,9.22481,6112.74
1601,8,0,6,9.64337,8254.46,0.0985,429.627,0.19,7
1599,8,0,6,9.63728,8220.23
1300,8,0,6,9.63179,8190.11
1298,8,0,6,9.62642,8160.78
2176,8,0,6,9.61972,8121.31
2066,8,0,6,9.60851,8052.93
1262,8,0,6,9.59956,8002.45
1261,8,0,6,9.59246,7962.57
1846,8,0,6,9.56502,7819.74
1271,8,0,6,9.55978,7794.18
1270,8,0,6,9.55213,7752.25
1269,8,0,6,9.5386,7683.88
1267,8,0,6,9.52566,7615.97
1266,8,0,6,9.51117,7539.29
1275,8,0,6,9.49765,7469.28
1621,8,0,7,10.0827,10597.4,0.101167,441.259,0.13,8
2089,8,0,7,10.0692,10525.6
2124,8,0,7,10.0638,10498.7
1826,8,0,7,10.0586,10464.6
1450,8,0,7,10.0562,10449.1
1829,8,0,7,10.0515,10419.8
1832,8,0,7,10.0412,10335.1
1833,8,0,7,10.0324,10262.3
1837,8,0,7,10.0228,10192.7
2177,8,0,7,10.0182,10169.1
1841,8,0,7,10.018,10167.7
1554,8,0,7,10.0102,10127.8
1416,8,0,7,10.0086,10120
1415,8,0,7,9.99491,10049.6
2097,8,0,7,9.981,9979.18
2098,8,0,7,9.97561,9952.28
2119,8,0,7,9.97322,9937.78
2120,8,0,7,9.96666,9904.78
1414,8,0,7,9.95602,9849.55
1350,8,0,7,9.94319,9783.15
1351,8,0,7,9.93044,9723.01
1352,8,0,7,9.9191,9664.92
1358,8,0,7,9.90736,9605.86
1357,8,0,7,9.89591,9546.56
1356,8,0,7,9.89513,9542.84
2076,8,0,7,9.88736,9502.76
1355,8,0,7,9.88588,9495.11
1364,8,0,7,9.88584,9494.9
1361,8,0,7,9.87938,9459.01
1354,8,0,7,9.87934,9458.82
2188,8,0,7,9.87159,9419.58
2075,8,0,7,9.85085,9312.44
1822,8,0,7,9.85003,9308.44
1353,8,0,7,9.84228,9267.97
2118,8,0,7,9.81353,9120.96
2117,8,0,7,9.811,9096.33
2164,8,0,7,9.78932,8974.72
1306,8,0,7,9.76561,8815.24
1599,8,0,7,9.74894,8722.53
1601,8,0,7,9.74187,8684.09
1650,8,0,8,10.3175,11729.6,0.0471667,205.727,0.37,9
2085,8,0,8,10.2893,11581.2
1461,8,0,8,10.2325,11293.1
2087,8,0,8,10.2231,11247.1
2088,8,0,8,10.2098,11179.2
1644,8,0,8,10.2044,11151.7
2089,8,0,8,10.1862,11050.5
2102,8,0,8,10.1858,11048.4
1497,8,0,8,10.1845,11041.3
1621,8,0,8,10.1839,11038.6
1348,8,0,9,10.4778,12522.1,0.0748333,326.4,0.08,10
1349,8,0,9,10.4768,12517.2
1357,8,0,9,10.4647,12454.5
1356,8,0,9,10.4639,12450.8
1365,8,0,9,10.4563,12411.8
1366,8,0,9,10.4425,12339.1
1374,8,0,9,10.4312,12278
1377,8,0,9,10.4304,12274.3
1397,8,0,9,10.415,12194.4
1398,8,0,9,10.4035,12135.2
1399,8,0,9,10.3937,12087
1657,8,0,9,10.3712,11971.5
1650,8,0,9,10.3647,11935.3
1087,8,0,10,10.6892,13544.7,0,0,0
1088,8,0,10,10.6805,13501.7
1117,8,0,10,10.6704,13450.8
1119,8,0,10,10.6696,13446.8
1118,8,0,10,10.6583,13392
2044,8,0,10,10.6445,13318.4
2169,8,0,10,10.6363,13276.5
2171,8,0,10,10.6318,13252.9
1549,8,0,10,10.6242,13213.7
1147,8,0,10,10.6182,13181.3
1796,8,0,10,10.5736,12954.6
1328,8,0,10,10.5718,12945.1
1340,8,0,10,10.5532,12851.1
1348,8,0,10,10.5527,12848.5
953,9,0,0,8.26022,727.708,0.0948333,413.634,0.45,1
1788,9,0,0,8.24926,674.518
943,9,0,0,8.2341,597.041
934,9,0,0,8.22552,550.017
933,9,0,0,8.21686,503.224
936,9,0,0,8.21627,500.284
937,9,0,0,8.20339,432.774
1085,9,0,0,8.18766,348.909
2035,9,0,0,8.17171,268.111
1850,9,0,0,8.16367,225.044
1849,9,0,0,8.14592,135.401
1848,9,0,0,8.14086,109.545
1847,9,0,0,8.13677,87.3505
1086,9,0,0,8.13314,67.3611
1087,9,0,0,8.12,0
905,9,0,1,8.48553,1831.06,0.061,266.064,0.44,2
906,9,0,1,8.4717,1758.97
1555,9,0,1,8.44578,1614.36
930,9,0,1,8.42535,1508.2
940,9,0,1,8.41383,1449.01
934,9,0,1,8.39394,1338.33
935,9,0,1,8.3934,1335.72
2020,9,0,1,8.38234,1278.75
1787,9,0,1,8.36529,1192.26
2023,9,0,1,8.35587,1145.44
953,9,0,1,8.35505,1141.34
2057,9,0,2,8.78651,3353.06,0.0981667,428.173,0.33,3
2122,9,0,2,8.77974,3318.35
1639,9,0,2,8.77441,3291
1190,9,0,2,8.77098,3272.22
1186,9,0,2,8.76106,3218.33
1183,9,0,2,8.75082,3163.94
1103,9,0,2,8.74016,3107.16
1084,9,0,2,8.73029,3050.2
1062,9,0,2,8.7138,2950.52
2159,9,0,2,8.71365,2949.76
1045,9,0,2,8.71297,2946.61
1043,9,0,2,8.70985,2930.68
2158,9,0,2,8.7021,2892.09
2030,9,0,2,8.69816,2872.25
1041,9,0,2,8.69297,2845.45
1039,9,0,2,8.68444,2801.87
1037,9,0,2,8.67496,2754.8
1034,9,0,2,8.66645,2709.84
2032,9,0,2,8.651,2632.24
1050,9,0,2,8.62346,2493.52
1804,9,0,2,8.61033,2427.5
2015,9,0,2,8.59913,2371.29
2014,9,0,2,8.59082,2329.73
2017,9,0,2,8.58966,2324.04
2170,9,0,2,8.58648,2308.18
917,9,0,2,8.58031,2277.19
916,9,0,2,8.58012,2276.28
906,9,0,2,8.55866,2162.01
905,9,0,2,8.54653,2097.12
1429,9,0,3,8.99249,4351.11,0.0685,298.776,0.22,4
2166,9,0,3,8.97243,4249.24
1427,9,0,3,8.95909,4179.76
1677,9,0,3,8.94879,4127.32
2103,9,0,3,8.94492,4107.98
2177,9,0,3,8.94485,4107.62
1841,9,0,3,8.94471,4106.27
2060,9,0,3,8.90891,3908.75
1551,9,0,3,8.90818,3904.54
1201,9,0,3,8.90252,3875.18
1821,9,0,3,8.89827,3850.83
1640,9,0,3,8.88954,3806.61
2057,9,0,3,8.88468,3781.24
822,9,0,4,9.59339,7422.23,0.0406667,177.376,0.33,5
2153,9,0,4,9.57128,7305.54
831,9,0,4,9.57127,7305.46
825,9,0,4,9.57086,7303.43
834,9,0,4,9.56173,7253.05
835,9,0,4,9.55495,7211.28
2154,9,0,4,9.52778,7068.63
857,9,0,4,9.51806,7018.65
926,9,0,4,9.51019,6976.82
927,9,0,4,9.48338,6834.12
946,9,0,4,9.47862,6801.67
947,9,0,4,9.47037,6756.38
948,9,0,4,9.45692,6687.3
1598,9,0,4,9.44509,6631.73
2025,9,0,4,9.44111,6610.13
949,9,0,4,9.43841,6595.95
1302,9,0,4,9.41372,6464.8
1307,9,0,4,9.39851,6380.78
1308,9,0,4,9.38765,6322.81
1309,9,0,4,9.36965,6230.5
1314,9,0,4,9.36907,6227.63
2165,9,0,4,9.34733,6117.71
2118,9,0,4,9.34569,6109.5
1353,9,0,4,9.32093,5979.39
1822,9,0,4,9.31208,5934.26
2075,9,0,4,9.31126,5930.27
2188,9,0,4,9.28835,5813.99
1354,9,0,4,9.28005,5772.44
1355,9,0,4,9.2723,5732.53
2076,9,0,4,9.27046,5723.42
1356,9,0,4,9.2632,5685.49
1357,9,0,4,9.26243,5681.77
1367,9,0,4,9.2497,5615.26
1375,9,0,4,9.23657,5545.55
1378,9,0,4,9.22711,5492.98
1380,9,0,4,9.21986,5455.3
1435,9,0,4,9.19164,5306.77
1434,9,0,4,9.18408,5268.05
2083,9,0,4,9.15607,5128.47
1430,9,0,4,9.14024,5048.69
1428,9,0,4,9.12861,4989.46
1426,9,0,4,9.12152,4953.17
2103,9,0,4,9.11572,4922.88
1677,9,0,4,9.11087,4899.45
1427,9,0,4,9.10117,4849.57
2166,9,0,4,9.08411,4764.49
1429,9,0,4,9.06099,4649.88
1601,9,0,5,9.75056,8254.58,0.0985,429.627,0.19,6
1599,9,0,5,9.74446,8220.35
1300,9,0,5,9.73897,8190.23
1298,9,0,5,9.73361,8160.9
2176,9,0,5,9.72691,8121.43
2066,9,0,5,9.71569,8053.05
869,9,0,5,9.70325,7976.22
1856,9,0,5,9.68238,7876.48
855,9,0,5,9.68223,7875.76
843,9,0,5,9.66987,7798.55
832,9,0,5,9.65899,7737.18
831,9,0,5,9.65255,7702.6
825,9,0,5,9.65214,7700.57
822,9,0,5,9.63406,7599.6
1275,9,0,6,10.0102,9545.9,0.057,248.617,0.01,7
1266,9,0,6,9.99914,9486.48
1267,9,0,6,9.98569,9414.25
1260,9,0,6,9.97079,9335.93
1259,9,0,6,9.95728,9264.95
868,9,0,6,9.93624,9152.99
869,9,0,6,9.91402,9034.86
2066,9,0,6,9.89292,8925.16
1297,9,0,6,9.864,8774.08
1299,9,0,6,9.8581,8741.17
1600,9,0,6,9.85666,8727.72
1599,9,0,6,9.85612,8722.65
1601,9,0,6,9.84906,8684.21
1621,9,0,7,10.5202,12347.9,0.101167,441.259,0.13,8
2089,9,0,7,10.5053,12270.4
2124,9,0,7,10.4975,12234
1826,9,0,7,10.4906,12195.8
1450,9,0,7,10.4884,12180.5
1829,9,0,7,10.4838,12151.2
1832,9,0,7,10.4712,12066.2
1833,9,0,7,10.4629,11992.8
1837,9,0,7,10.4532,11923.2
2177,9,0,7,10.4493,11902.8
1841,9,0,7,10.4492,11901.5
1554,9,0,7,10.4436,11871.1
1416,9,0,7,10.442,11863.2
1415,9,0,7,10.4278,11790.5
2097,9,0,7,10.4162,11729.9
2120,9,0,7,10.4073,11683.5
1414,9,0,7,10.3971,11630.3
1350,9,0,7,10.3855,11569.2
1351,9,0,7,10.377,11526.5
1352,9,0,7,10.3628,11456.6
1358,9,0,7,10.354,11409.8
1357,9,0,7,10.3413,11345.1
1356,9,0,7,10.3405,11341.4
2076,9,0,7,10.3339,11306.3
1355,9,0,7,10.3326,11299.3
1354,9,0,7,10.3262,11265.1
2188,9,0,7,10.3189,11228
2075,9,0,7,10.2978,11119.3
1822,9,0,7,10.297,11115.3
1353,9,0,7,10.2863,11062.4
2118,9,0,7,10.2627,10937.5
2117,9,0,7,10.2602,10912.9
2164,9,0,7,10.2415,10797.9
1306,9,0,7,10.218,10638.6
1599,9,0,7,10.2005,10542.1
1300,9,0,7,10.196,10515.6
1298,9,0,7,10.1893,10480.4
2176,9,0,7,10.183,10441.5
2066,9,0,7,10.1723,10373.9
869,9,0,7,10.1623,10299
868,9,0,7,10.1417,10187.6
1259,9,0,7,10.1236,10088.3
1260,9,0,7,10.1062,10001.1
1258,9,0,7,10.093,9931.15
1265,9,0,7,10.0791,9858.09
1275,9,0,7,10.0672,9794.52
1650,9,0,8,10.755,13480.1,0.0471667,205.727,0.37,9
2085,9,0,8,10.7268,13331.7
1461,9,0,8,10.67,13043.7
2087,9,0,8,10.6606,12997.7
2088,9,0,8,10.6472,12929.8
1644,9,0,8,10.6419,12902.3
2089,9,0,8,10.6237,12801.1
2102,9,0,8,10.6233,12799
1497,9,0,8,10.622,12791.9
1621,9,0,8,10.6214,12789.2
1348,9,0,9,10.9153,14272.7,0.0748333,326.4,0.08,10
1349,9,0,9,10.9143,14267.7
1357,9,0,9,10.9022,14205.1
1356,9,0,9,10.9014,14201.4
1365,9,0,9,10.8938,14162.3
1366,9,0,9,10.8799,14089.7
1374,9,0,9,10.8687,14028.6
1377,9,0,9,10.8679,14024.8
1397,9,0,9,10.8524,13945
1398,9,0,9,10.8409,13885.8
1399,9,0,9,10.8311,13837.5
1657,9,0,9,10.8087,13722.1
1650,9,0,9,10.8021,13685.9
1087,9,0,10,11.1267,15295.2,0,0,0
1088,9,0,10,11.118,15252.3
1117,9,0,10,11.1079,15201.4
1119,9,0,10,11.107,15197.4
1118,9,0,10,11.0958,15142.6
2044,9,0,10,11.082,15068.9
2169,9,0,10,11.0738,15027.1
2171,9,0,10,11.0692,15003.5
1549,9,0,10,11.0617,14964.3
1147,9,0,10,11.0556,14931.9
1796,9,0,10,11.0111,14705.2
1328,9,0,10,11.0093,14695.6
1340,9,0,10,10.9906,14601.7
1348,9,0,10,10.9901,14599.1
822,10,0,0,8.28585,1470.95,0.0658333,287.145,0.32,1
823,10,0,0,8.28024,1441.35
824,10,0,0,8.26328,1356.35
880,10,0,0,8.24813,1271.85
882,10,0,0,8.22639,1164.49
2155,10,0,0,8.2228,1146.45
2012,10,0,0,8.20028,1031.61
885,10,0,0,8.19609,1010.33
886,10,0,0,8.1712,883.625
2013,10,0,0,8.1621,837.089
2156,10,0,0,8.16145,833.935
2011,10,0,0,8.15463,800.044
891,10,0,0,8.13577,698.78
892,10,0,0,8.12882,661.974
896,10,0,0,8.12641,648.832
895,10,0,0,8.12369,634.662
907,10,0,0,8.11255,576.488
908,10,0,0,8.10507,537.87
2014,10,0,0,8.10448,535.191
2015,10,0,0,8.09637,494.476
2018,10,0,0,8.08717,447.026
920,10,0,0,8.08325,426.243
1793,10,0,0,8.06171,316.201
2034,10,0,0,8.05348,274.763
1850,10,0,0,8.04367,225.044
1849,10,0,0,8.02592,135.401
1848,10,0,0,8.02086,109.545
1847,10,0,0,8.01677,87.3505
1086,10,0,0,8.01314,67.3611
1087,10,0,0,8,0
905,10,0,1,8.48897,2486.59,0.061,266.064,0.44,2
903,10,0,1,8.47097,2390.05
904,10,0,1,8.4677,2372.35
902,10,0,1,8.4549,2303.22
901,10,0,1,8.43812,2217.35
900,10,0,1,8.43319,2191.26
899,10,0,1,8.41217,2082.45
833,10,0,1,8.38654,1946.24
823,10,0,1,8.35718,1787.22
822,10,0,1,8.35168,1758.1
2057,10,0,2,8.78996,4008.59,0.0981667,428.173,0.33,3
2122,10,0,2,8.78319,3973.88
1639,10,0,2,8.77786,3946.53
1190,10,0,2,8.77442,3927.75
1186,10,0,2,8.7645,3873.86
1183,10,0,2,8.75426,3819.47
1103,10,0,2,8.74361,3762.69
1084,10,0,2,8.73373,3705.73
1062,10,0,2,8.71725,3606.05
2159,10,0,2,8.7171,3605.29
1045,10,0,2,8.71641,3602.14
1043,10,0,2,8.71329,3586.21
2158,10,0,2,8.70555,3547.62
2030,10,0,2,8.7016,3527.79
1041,10,0,2,8.69641,3500.98
1039,10,0,2,8.68788,3457.4
1037,10,0,2,8.67841,3410.33
1034,10,0,2,8.66989,3365.37
2032,10,0,2,8.65445,3287.77
1050,10,0,2,8.6269,3149.05
1804,10,0,2,8.61377,3083.03
2015,10,0,2,8.60258,3026.82
2014,10,0,2,8.59427,2985.26
2017,10,0,2,8.59311,2979.57
2170,10,0,2,8.58993,2963.71
917,10,0,2,8.58375,2932.72
916,10,0,2,8.58357,2931.81
906,10,0,2,8.56211,2817.54
905,10,0,2,8.54997,2752.65
1429,10,0,3,8.99594,5006.64,0.0685,298.776,0.22,4
2166,10,0,3,8.97588,4904.77
1427,10,0,3,8.96254,4835.29
1677,10,0,3,8.95223,4782.85
2103,10,0,3,8.94837,4763.51
2177,10,0,3,8.94829,4763.15
1841,10,0,3,8.94816,4761.8
2060,10,0,3,8.91236,4564.28
1551,10,0,3,8.91162,4560.07
1201,10,0,3,8.90597,4530.71
1821,10,0,3,8.90172,4506.36
1640,10,0,3,8.89299,4462.14
2057,10,0,3,8.88812,4436.77
1601,10,0,4,9.48861,7503.78,0.0985,429.627,0.19,5
1599,10,0,4,9.48219,7468.16
1300,10,0,4,9.4771,7439.79
1299,10,0,4,9.47498,7425.23
1557,10,0,4,9.45324,7311.05
1301,10,0,4,9.4403,7245.17
1302,10,0,4,9.41717,7120.33
1307,10,0,4,9.40195,7036.31
1308,10,0,4,9.3911,6978.34
1309,10,0,4,9.3731,6886.03
1314,10,0,4,9.37252,6883.16
2165,10,0,4,9.35077,6773.24
2118,10,0,4,9.34914,6765.03
1353,10,0,4,9.32438,6634.92
1822,10,0,4,9.31552,6589.79
2075,10,0,4,9.3147,6585.8
2188,10,0,4,9.29179,6469.52
1354,10,0,4,9.28349,6427.97
1355,10,0,4,9.27574,6388.06
2076,10,0,4,9.27391,6378.95
1356,10,0,4,9.26664,6341.02
1357,10,0,4,9.26587,6337.3
1367,10,0,4,9.25314,6270.79
1375,10,0,4,9.24002,6201.08
1378,10,0,4,9.23056,6148.51
1380,10,0,4,9.22331,6110.83
1435,10,0,4,9.19508,5962.3
1434,10,0,4,9.18752,5923.58
2083,10,0,4,9.15952,5784
1430,10,0,4,9.14368,5704.22
1428,10,0,4,9.13205,5644.99
1426,10,0,4,9.12497,5608.7
2103,10,0,4,9.11917,5578.41
1677,10,0,4,9.11432,5554.98
1427,10,0,4,9.10462,5505.1
2166,10,0,4,9.08756,5420.02
1429,10,0,4,9.06444,5305.41
1650,10,0,5,9.83659,9284.28,0.1055,460.159,0.37,6
1657,10,0,5,9.82688,9234.64
1399,10,0,5,9.80683,9129.14
1398,10,0,5,9.80059,9095.88
1397,10,0,5,9.78758,9030.42
1377,10,0,5,9.7759,8966.64
1374,10,0,5,9.77511,8962.91
1373,10,0,5,9.76388,8904.85
1372,10,0,5,9.75116,8841.98
1371,10,0,5,9.74226,8798.01
1362,10,0,5,9.73094,8740.73
1361,10,0,5,9.72461,8708.33
1354,10,0,5,9.72457,8708.14
2188,10,0,5,9.71683,8668.89
2075,10,0,5,9.69609,8561.75
1822,10,0,5,9.69527,8557.76
1353,10,0,5,9.68752,8517.28
2118,10,0,5,9.65876,8370.28
2117,10,0,5,9.65624,8345.65
2164,10,0,5,9.63455,8224.04
1306,10,0,5,9.61085,8064.55
1599,10,0,5,9.59417,7971.85
1601,10,0,5,9.58711,7933.41
1621,10,0,6,10.0673,10406.7,0.101167,441.259,0.13,7
2089,10,0,6,10.0551,10340.9
2124,10,0,6,10.0467,10301.9
1826,10,0,6,10.0395,10262.3
1450,10,0,6,10.0374,10247
2087,10,0,6,10.0201,10157.8
1461,10,0,6,10.0139,10125.2
2085,10,0,6,9.97058,9894.17
1650,10,0,6,9.94209,9744.44
1348,10,0,7,10.4028,12073.4,0.0748333,326.4,0.08,8
1349,10,0,7,10.4018,12068.4
1357,10,0,7,10.3897,12005.8
1367,10,0,7,10.378,11943.7
1375,10,0,7,10.3668,11882.4
1378,10,0,7,10.3507,11801.7
1380,10,0,7,10.344,11766.2
1435,10,0,7,10.3106,11596.2
1441,10,0,7,10.2981,11530.4
1656,10,0,7,10.2908,11493.1
1442,10,0,7,10.2847,11460.9
2084,10,0,7,10.2595,11333
1445,10,0,7,10.2294,11170.8
2087,10,0,7,10.2076,11056.4
2088,10,0,7,10.1943,10988.5
1644,10,0,7,10.189,10961
2089,10,0,7,10.1708,10859.8
2102,10,0,7,10.1704,10857.8
1497,10,0,7,10.169,10850.7
1621,10,0,7,10.1684,10848
1275,10,0,8,10.8472,14339.6,0.057,248.617,0.01,9
1266,10,0,8,10.8321,14263
1267,10,0,8,10.8165,14181.6
1260,10,0,8,10.8023,14106.3
1259,10,0,8,10.7888,14035.4
868,10,0,8,10.7676,13922.7
869,10,0,8,10.7476,13814
2066,10,0,8,10.7261,13702.5
1297,10,0,8,10.6998,13562.9
1299,10,0,8,10.6941,13530.9
1557,10,0,8,10.6761,13432.4
1301,10,0,8,10.6631,13366.4
1302,10,0,8,10.6391,13237.7
1307,10,0,8,10.6238,13153.4
1308,10,0,8,10.6124,13093.4
1309,10,0,8,10.5952,13004.3
1314,10,0,8,10.5946,13001.4
2165,10,0,8,10.5783,12914.2
2118,10,0,8,10.5766,12906
1353,10,0,8,10.5526,12779.1
1822,10,0,8,10.5427,12729.4
2075,10,0,8,10.5419,12725.4
2188,10,0,8,10.5177,12603.9
1354,10,0,8,10.5088,12560.1
1355,10,0,8,10.5009,12519.2
2076,10,0,8,10.499,12510.1
1356,10,0,8,10.4912,12469.8
1357,10,0,8,10.4904,12466.1
1349,10,0,8,10.4786,12404.8
1348,10,0,8,10.4776,12399.8
953,10,0,9,11.1572,15951,0.102333,446.347,0.44,10
952,10,0,9,11.1437,15884.8
2022,10,0,9,11.1322,15826.6
2021,10,0,9,11.1214,15770.8
951,10,0,9,11.1023,15672.6
949,10,0,9,11.0914,15616.3
2025,10,0,9,11.0879,15598.8
2024,10,0,9,11.0734,15520.5
1557,10,0,9,11.0619,15457.7
1299,10,0,9,11.0377,15332.9
1300,10,0,9,11.0331,15309.3
1298,10,0,9,11.0263,15274.1
2176,10,0,9,11.02,15235.3
2066,10,0,9,11.0093,15167.6
869,10,0,9,10.9993,15092.7
868,10,0,9,10.9787,14981.4
1259,10,0,9,10.9606,14882
1260,10,0,9,10.9432,14794.8
1258,10,0,9,10.93,14724.9
1265,10,0,9,10.9161,14651.8
1275,10,0,9,10.9042,14588.2
1087,10,0,10,11.4125,17182.1,0,0,0
1088,10,0,10,11.4057,17146.8
1117,10,0,10,11.3961,17098.6
1119,10,0,10,11.3953,17094.6
1118,10,0,10,11.3889,17060
1116,10,0,10,11.3881,17056.1
1115,10,0,10,11.3758,16995.6
2041,10,0,10,11.3615,16925.6
1110,10,0,10,11.3544,16890.7
1111,10,0,10,11.3444,16843.6
1107,10,0,10,11.3399,16820.5
1106,10,0,10,11.3266,16750.6
2039,10,0,10,11.3201,16709
2106,10,0,10,11.3039,16621.5
2050,10,0,10,11.2953,16580.1
2108,10,0,10,11.2762,16484
2023,10,0,10,11.2604,16401.5
953,10,0,10,11.2596,16397.4
