Node, Individual, Route,Segment, Travel time, Travel cost, Attention time, Attention cost, Failure rate, Demand
905,0,0,0,8.96157,829.666,0.061,266.064,0.44,1
906,0,0,0,8.94774,757.574
892,0,0,0,8.92882,661.974
896,0,0,0,8.92641,648.832
895,0,0,0,8.92369,634.662
907,0,0,0,8.91255,576.488
908,0,0,0,8.90507,537.87
2014,0,0,0,8.90448,535.191
2015,0,0,0,8.89637,494.476
2018,0,0,0,8.88717,447.026
920,0,0,0,8.88325,426.243
1793,0,0,0,8.86171,316.201
2034,0,0,0,8.85348,274.763
1850,0,0,0,8.84367,225.044
1849,0,0,0,8.82592,135.401
1848,0,0,0,8.82086,109.545
1847,0,0,0,8.81677,87.3505
1086,0,0,0,8.81314,67.3611
1087,0,0,0,8.8,0
822,0,0,1,9.16157,1829.32,0.0406667,177.376,0.33,2
2153,0,0,1,9.14059,1717.42
831,0,0,1,9.14057,1717.34
825,0,0,1,9.14016,1715.31
834,0,0,1,9.13215,1669.2
833,0,0,1,9.12947,1654.98
899,0,0,1,9.10453,1521.68
900,0,0,1,9.08108,1402.66
901,0,0,1,9.07502,1371.81
902,0,0,1,9.06273,1305.02
904,0,0,1,9.04844,1229.52
903,0,0,1,9.04467,1209.67
905,0,0,1,9.02257,1095.73
1275,0,0,2,9.36759,2894.35,0.1075,468.883,0.03,3
1266,0,0,2,9.35656,2834.93
1267,0,0,2,9.3431,2762.71
1260,0,0,2,9.3282,2684.38
1259,0,0,2,9.31469,2613.4
868,0,0,2,9.29365,2501.44
869,0,0,2,9.27143,2383.31
1856,0,0,2,9.25056,2283.57
855,0,0,2,9.25042,2282.86
843,0,0,2,9.23805,2205.65
832,0,0,2,9.22717,2144.27
831,0,0,2,9.22074,2109.69
825,0,0,2,9.22033,2107.66
822,0,0,2,9.20224,2006.69
1601,0,0,3,9.6208,4148.42,0.0985,429.627,0.19,4
1599,0,0,3,9.61471,4114.19
1300,0,0,3,9.60922,4084.07
1298,0,0,3,9.60386,4054.73
2176,0,0,3,9.59716,4015.26
2066,0,0,3,9.58594,3946.89
1262,0,0,3,9.57699,3896.4
1261,0,0,3,9.56989,3856.52
1846,0,0,3,9.54245,3713.7
1271,0,0,3,9.53722,3688.14
1270,0,0,3,9.52957,3646.21
1269,0,0,3,9.51603,3577.84
1267,0,0,3,9.50309,3509.93
1266,0,0,3,9.4886,3433.25
1275,0,0,3,9.47509,3363.24
953,0,0,4,9.84608,5245.15,0.0893333,389.645,0.46,5
952,0,0,4,9.83233,5177.9
2022,0,0,4,9.82075,5119.67
2021,0,0,4,9.80793,5055.3
951,0,0,4,9.7876,4951.87
949,0,0,4,9.77698,4896.94
2025,0,0,4,9.7735,4879.49
2024,0,0,4,9.75988,4804.8
1557,0,0,4,9.74601,4731.69
1299,0,0,4,9.72835,4635.01
1600,0,0,4,9.72691,4621.56
1599,0,0,4,9.72637,4616.49
1601,0,0,4,9.71931,4578.05
2057,0,0,5,10.1922,6947.97,0.039,170.106,0.35,6
2122,0,0,5,10.186,6915.81
1639,0,0,5,10.1807,6888.37
1190,0,0,5,10.1764,6865.97
1186,0,0,5,10.1652,6806.38
1187,0,0,5,10.1614,6786.07
1124,0,0,5,10.1492,6725.54
2038,0,0,5,10.1384,6670.9
1123,0,0,5,10.1121,6542.98
2037,0,0,5,10.1032,6496.2
1122,0,0,5,10.0964,6460.96
1129,0,0,5,10.0829,6393.14
2045,0,0,5,10.073,6343.8
1128,0,0,5,10.0526,6239.26
2044,0,0,5,10.0447,6200.32
1127,0,0,5,10.0439,6196.38
1126,0,0,5,10.0373,6163.08
2042,0,0,5,10.0229,6088.91
1125,0,0,5,10.0176,6061.68
2043,0,0,5,10.0113,6029.19
2040,0,0,5,10.0073,6008.73
2039,0,0,5,9.99219,5930.89
2106,0,0,5,9.97519,5839.97
2050,0,0,5,9.97007,5812.91
2108,0,0,5,9.95502,5733.85
2023,0,0,5,9.93622,5638.89
953,0,0,5,9.93541,5634.79
1429,0,0,6,10.3422,7704.07,0.0726667,316.95,0.28,7
2166,0,0,6,10.3169,7580.52
1427,0,0,6,10.3027,7507.47
1677,0,0,6,10.2946,7464.36
2103,0,0,6,10.2907,7445.02
2177,0,0,6,10.2907,7444.66
1841,0,0,6,10.2905,7443.31
2060,0,0,6,10.2549,7246.42
1551,0,0,6,10.2539,7241.23
1201,0,0,6,10.2465,7204.53
1821,0,0,6,10.2422,7180.19
1640,0,0,6,10.2334,7135.62
2057,0,0,6,10.2312,7118.08
1621,0,0,7,10.5443,8749.17,0.101167,441.259,0.13,8
2089,0,0,7,10.5288,8669.21
2124,0,0,7,10.5167,8615.82
1826,0,0,7,10.5072,8566.45
1450,0,0,7,10.5046,8550.66
1829,0,0,7,10.5005,8521.89
1832,0,0,7,10.4887,8437.42
1833,0,0,7,10.4791,8364.97
1837,0,0,7,10.4688,8295.02
2177,0,0,7,10.4651,8275.44
2103,0,0,7,10.4651,8275.08
1677,0,0,7,10.4625,8261.29
1427,0,0,7,10.4548,8219.62
2166,0,0,7,10.4375,8133.87
1429,0,0,7,10.4148,8021.02
1650,0,0,8,10.7791,9881.37,0.0471667,205.727,0.37,9
2085,0,0,8,10.7509,9732.97
1461,0,0,8,10.6941,9444.89
2087,0,0,8,10.6846,9398.88
2088,0,0,8,10.6713,9330.99
1644,0,0,8,10.666,9303.49
2089,0,0,8,10.6478,9202.3
2102,0,0,8,10.6474,9200.26
1497,0,0,8,10.646,9193.13
1621,0,0,8,10.6454,9190.43
1348,0,0,9,10.9394,10674,0.0748333,326.4,0.08,10
1349,0,0,9,10.9384,10669
1357,0,0,9,10.9262,10606.4
1356,0,0,9,10.9255,10602.6
1365,0,0,9,10.9179,10563.6
1366,0,0,9,10.904,10490.9
1374,0,0,9,10.8928,10429.8
1377,0,0,9,10.892,10426.1
1397,0,0,9,10.8765,10346.2
1398,0,0,9,10.865,10287
1399,0,0,9,10.8552,10238.8
1657,0,0,9,10.8328,10123.3
1650,0,0,9,10.8262,10087.1
1087,0,0,10,11.1276,11598.6,0,0,0
1088,0,0,10,11.1208,11563.2
1117,0,0,10,11.1112,11515
1119,0,0,10,11.1104,11511
1118,0,0,10,11.104,11476.5
2044,0,0,10,11.0897,11400.6
2169,0,0,10,11.0812,11357.5
2171,0,0,10,11.0765,11333.6
1549,0,0,10,11.07,11298.6
1147,0,0,10,11.0635,11264.4
1796,0,0,10,11.0336,11099.7
1328,0,0,10,11.0316,11089.5
1340,0,0,10,11.0147,11002.9
1348,0,0,10,11.0142,11000.4
905,1,0,0,8.80157,829.666,0.061,266.064,0.44,1
906,1,0,0,8.78774,757.574
892,1,0,0,8.76882,661.974
896,1,0,0,8.76641,648.832
895,1,0,0,8.76369,634.662
907,1,0,0,8.75255,576.488
908,1,0,0,8.74507,537.87
2014,1,0,0,8.74448,535.191
2015,1,0,0,8.73637,494.476
2018,1,0,0,8.72717,447.026
920,1,0,0,8.72325,426.243
1793,1,0,0,8.70171,316.201
2034,1,0,0,8.69348,274.763
1850,1,0,0,8.68367,225.044
1849,1,0,0,8.66592,135.401
1848,1,0,0,8.66086,109.545
1847,1,0,0,8.65677,87.3505
1086,1,0,0,8.65314,67.3611
1087,1,0,0,8.64,0
822,1,0,1,8.99211,1793.64,0.0658333,287.145,0.32,2
2153,1,0,1,8.97382,1693.36
831,1,0,1,8.97381,1693.28
825,1,0,1,8.9734,1691.25
834,1,0,1,8.96692,1647.16
833,1,0,1,8.9645,1634.05
899,1,0,1,8.93847,1496.1
900,1,0,1,8.92116,1403.09
901,1,0,1,8.91532,1373.14
902,1,0,1,8.89937,1290.74
904,1,0,1,8.88476,1213.92
903,1,0,1,8.88116,1194.75
905,1,0,1,8.86257,1095.73
1275,1,0,2,9.22329,2968.44,0.1075,468.883,0.03,3
1266,1,0,2,9.21226,2909.02
1267,1,0,2,9.19881,2836.79
1260,1,0,2,9.1839,2758.47
1259,1,0,2,9.17039,2687.49
868,1,0,2,9.14935,2575.53
869,1,0,2,9.12714,2457.4
1856,1,0,2,9.10627,2357.66
855,1,0,2,9.10612,2356.94
843,1,0,2,9.09375,2279.73
832,1,0,2,9.08288,2218.35
831,1,0,2,9.07644,2183.77
825,1,0,2,9.07603,2181.75
822,1,0,2,9.05794,2080.78
1601,1,0,3,9.47651,4222.51,0.0985,429.627,0.19,4
1599,1,0,3,9.47041,4188.27
1300,1,0,3,9.46492,4158.16
1298,1,0,3,9.45956,4128.82
2176,1,0,3,9.45286,4089.35
2066,1,0,3,9.44164,4020.98
1262,1,0,3,9.43269,3970.49
1261,1,0,3,9.42559,3930.61
1846,1,0,3,9.39816,3787.79
1271,1,0,3,9.39292,3762.22
1270,1,0,3,9.38527,3720.29
1269,1,0,3,9.37173,3651.92
1267,1,0,3,9.3588,3584.01
1266,1,0,3,9.3443,3507.34
1275,1,0,3,9.33079,3437.32
953,1,0,4,9.70178,5319.24,0.0893333,389.645,0.46,5
952,1,0,4,9.68803,5251.98
2022,1,0,4,9.67645,5193.76
2021,1,0,4,9.66363,5129.39
951,1,0,4,9.6433,5025.96
949,1,0,4,9.63268,4971.03
2025,1,0,4,9.62921,4953.57
2024,1,0,4,9.61558,4878.89
1557,1,0,4,9.60171,4805.78
1299,1,0,4,9.58405,4709.1
1600,1,0,4,9.58261,4695.65
1599,1,0,4,9.58207,4690.58
1601,1,0,4,9.57501,4652.13
2057,1,0,5,10.0479,7022.06,0.039,170.106,0.35,6
2122,1,0,5,10.0417,6989.9
1639,1,0,5,10.0364,6962.46
1190,1,0,5,10.0321,6940.06
1186,1,0,5,10.0209,6880.47
1187,1,0,5,10.0171,6860.16
1124,1,0,5,10.0049,6799.63
2038,1,0,5,9.99412,6744.99
1123,1,0,5,9.96776,6617.07
2037,1,0,5,9.95894,6570.28
1122,1,0,5,9.9521,6535.05
1129,1,0,5,9.93856,6467.23
2045,1,0,5,9.92868,6417.89
1128,1,0,5,9.90828,6313.35
2044,1,0,5,9.90044,6274.4
1127,1,0,5,9.89962,6270.47
1126,1,0,5,9.89303,6237.17
2042,1,0,5,9.87855,6163
1125,1,0,5,9.87331,6135.76
2043,1,0,5,9.86696,6103.28
2040,1,0,5,9.86301,6082.82
2039,1,0,5,9.84789,6004.98
2106,1,0,5,9.8309,5914.06
2050,1,0,5,9.82577,5887
2108,1,0,5,9.81072,5807.94
2023,1,0,5,9.79193,5712.98
953,1,0,5,9.79111,5708.88
1429,1,0,6,10.1979,7778.16,0.0726667,316.95,0.28,7
2166,1,0,6,10.1726,7654.6
1427,1,0,6,10.1584,7581.55
1677,1,0,6,10.1503,7538.45
2103,1,0,6,10.1464,7519.11
2177,1,0,6,10.1464,7518.75
1841,1,0,6,10.1462,7517.4
2060,1,0,6,10.1106,7320.51
1551,1,0,6,10.1096,7315.32
1201,1,0,6,10.1022,7278.62
1821,1,0,6,10.0979,7254.27
1640,1,0,6,10.0891,7209.71
2057,1,0,6,10.0869,7192.17
1621,1,0,7,10.4,8823.26,0.101167,441.259,0.13,8
2089,1,0,7,10.3845,8743.29
2124,1,0,7,10.3724,8689.9
1826,1,0,7,10.3629,8640.54
1450,1,0,7,10.3603,8624.74
1829,1,0,7,10.3562,8595.98
1832,1,0,7,10.3444,8511.5
1833,1,0,7,10.3348,8439.06
1837,1,0,7,10.3245,8369.11
2177,1,0,7,10.3208,8349.52
2103,1,0,7,10.3208,8349.16
1677,1,0,7,10.3182,8335.38
1427,1,0,7,10.3105,8293.71
2166,1,0,7,10.2932,8207.96
1429,1,0,7,10.2705,8095.11
1650,1,0,8,10.6348,9955.46,0.0471667,205.727,0.37,9
2085,1,0,8,10.6066,9807.06
1461,1,0,8,10.5498,9518.98
2087,1,0,8,10.5403,9472.97
2088,1,0,8,10.527,9405.08
1644,1,0,8,10.5217,9377.57
2089,1,0,8,10.5035,9276.38
2102,1,0,8,10.5031,9274.35
1497,1,0,8,10.5017,9267.22
1621,1,0,8,10.5011,9264.52
1348,1,0,9,10.7951,10748,0.0748333,326.4,0.08,10
1349,1,0,9,10.7941,10743.1
1357,1,0,9,10.7819,10680.5
1356,1,0,9,10.7812,10676.7
1365,1,0,9,10.7736,10637.7
1366,1,0,9,10.7597,10565
1374,1,0,9,10.7485,10503.9
1377,1,0,9,10.7477,10500.2
1397,1,0,9,10.7322,10420.3
1398,1,0,9,10.7207,10361.1
1399,1,0,9,10.7109,10312.9
1657,1,0,9,10.6885,10197.4
1650,1,0,9,10.6819,10161.2
1087,1,0,10,11.0065,11770.6,0,0,0
1088,1,0,10,10.9978,11727.6
1117,1,0,10,10.9876,11676.7
1119,1,0,10,10.9868,11672.7
1118,1,0,10,10.9756,11617.9
2044,1,0,10,10.9617,11544.3
2169,1,0,10,10.9535,11502.4
2171,1,0,10,10.949,11478.8
1549,1,0,10,10.9415,11439.6
1147,1,0,10,10.9354,11407.2
1796,1,0,10,10.8909,11180.5
1328,1,0,10,10.8891,11171
1340,1,0,10,10.8704,11077
1348,1,0,10,10.8699,11074.4
953,2,0,0,8.38022,727.708,0.0948333,413.634,0.45,1
1788,2,0,0,8.36926,674.518
943,2,0,0,8.3541,597.041
934,2,0,0,8.34552,550.017
933,2,0,0,8.33686,503.224
936,2,0,0,8.33627,500.284
937,2,0,0,8.32339,432.774
1085,2,0,0,8.30766,348.909
2035,2,0,0,8.29171,268.111
1850,2,0,0,8.28367,225.044
1849,2,0,0,8.26592,135.401
1848,2,0,0,8.26086,109.545
1847,2,0,0,8.25677,87.3505
1086,2,0,0,8.25314,67.3611
1087,2,0,0,8.24,0
905,2,0,1,8.60553,1831.06,0.061,266.064,0.44,2
906,2,0,1,8.5917,1758.97
1555,2,0,1,8.56578,1614.36
930,2,0,1,8.54535,1508.2
940,2,0,1,8.53383,1449.01
934,2,0,1,8.51394,1338.33
935,2,0,1,8.5134,1335.72
2020,2,0,1,8.50234,1278.75
1787,2,0,1,8.48529,1192.26
2023,2,0,1,8.47587,1145.44
953,2,0,1,8.47505,1141.34
822,2,0,2,8.79607,2795.03,0.0658333,287.145,0.32,3
2153,2,0,2,8.77778,2694.75
831,2,0,2,8.77776,2694.67
825,2,0,2,8.77735,2692.64
834,2,0,2,8.77088,2648.55
833,2,0,2,8.76846,2635.44
899,2,0,2,8.74243,2497.5
900,2,0,2,8.72512,2404.48
901,2,0,2,8.71928,2374.54
902,2,0,2,8.70332,2292.13
904,2,0,2,8.68872,2215.31
903,2,0,2,8.68511,2196.14
905,2,0,2,8.66653,2097.12
1275,2,0,3,9.01526,3923.73,0.1075,468.883,0.03,4
1265,2,0,3,9.00362,3861.15
1258,2,0,3,8.99134,3795.28
1260,2,0,3,8.98378,3743.05
1259,2,0,3,8.96954,3669
868,2,0,3,8.95026,3564.55
869,2,0,3,8.92929,3451.8
1856,2,0,3,8.92268,3406.81
855,2,0,3,8.92254,3406.1
843,2,0,3,8.89981,3289.35
832,2,0,3,8.88933,3228.68
831,2,0,3,8.88379,3197.94
2153,2,0,3,8.88377,3197.86
822,2,0,3,8.8619,3082.18
1601,2,0,4,9.26848,5177.79,0.0985,429.627,0.19,5
1599,2,0,4,9.26239,5143.56
1300,2,0,4,9.2569,5113.44
1298,2,0,4,9.25154,5084.1
2176,2,0,4,9.24484,5044.63
2066,2,0,4,9.23362,4976.26
1262,2,0,4,9.22467,4925.78
1261,2,0,4,9.21757,4885.9
1846,2,0,4,9.19013,4743.07
1271,2,0,4,9.1849,4717.51
1270,2,0,4,9.17725,4675.58
1269,2,0,4,9.16371,4607.21
1267,2,0,4,9.15077,4539.3
1266,2,0,4,9.13628,4462.62
1275,2,0,4,9.12276,4392.61
2057,2,0,5,9.65295,7128.43,0.0776667,338.759,0.34,6
2122,2,0,5,9.64679,7096.27
1820,2,0,5,9.63622,7045.53
1197,2,0,5,9.62283,6978.78
1198,2,0,5,9.61052,6918.21
1199,2,0,5,9.59437,6841.83
1164,2,0,5,9.58493,6794.11
1161,2,0,5,9.57736,6754.6
1330,2,0,5,9.56639,6700.08
1339,2,0,5,9.54415,6584.91
1340,2,0,5,9.53894,6557.83
1348,2,0,5,9.53843,6555.29
1349,2,0,5,9.53758,6550.87
1357,2,0,5,9.52102,6469.89
1356,2,0,5,9.52025,6466.17
2076,2,0,5,9.51247,6426.09
1355,2,0,5,9.51099,6418.44
1364,2,0,5,9.51095,6418.23
1361,2,0,5,9.50449,6382.34
1354,2,0,5,9.50445,6382.15
2188,2,0,5,9.4967,6342.9
2075,2,0,5,9.47597,6235.77
1822,2,0,5,9.47515,6231.77
1353,2,0,5,9.4674,6191.29
2118,2,0,5,9.43864,6044.29
2117,2,0,5,9.43611,6019.66
2164,2,0,5,9.41443,5898.05
1306,2,0,5,9.39073,5738.56
1599,2,0,5,9.37405,5645.86
1601,2,0,5,9.36698,5607.42
1429,2,0,6,9.84437,8062.49,0.0865,377.287,0.27,7
2166,2,0,6,9.82512,7964.03
1427,2,0,6,9.81059,7889.51
1677,2,0,6,9.80107,7840.36
2103,2,0,6,9.7972,7821.02
2177,2,0,6,9.79713,7820.66
1841,2,0,6,9.79699,7819.31
2060,2,0,6,9.7574,7605.4
1551,2,0,6,9.75668,7601.22
1201,2,0,6,9.75016,7568.23
1821,2,0,6,9.74591,7543.89
1640,2,0,6,9.73679,7498.01
2057,2,0,6,9.73062,7467.19
1621,2,0,7,10.0579,9152.31,0.101167,441.259,0.13,8
2089,2,0,7,10.0457,9086.5
2124,2,0,7,10.0374,9047.54
1826,2,0,7,10.0301,9007.93
1450,2,0,7,10.0281,8992.63
1829,2,0,7,10.0236,8963.57
1832,2,0,7,10.0111,8878.65
1833,2,0,7,10.0025,8805.59
1835,2,0,7,9.991,8742.27
2103,2,0,7,9.9856,8712.77
1677,2,0,7,9.98075,8689.34
1427,2,0,7,9.97105,8639.47
2166,2,0,7,9.95399,8554.38
1429,2,0,7,9.93087,8439.78
1650,2,0,8,10.2927,10284.5,0.0471667,205.727,0.37,9
2085,2,0,8,10.2645,10136.1
1461,2,0,8,10.2077,9848.03
2087,2,0,8,10.1983,9802.02
2088,2,0,8,10.1849,9734.13
1644,2,0,8,10.1796,9706.62
2089,2,0,8,10.1614,9605.43
2102,2,0,8,10.161,9603.4
1497,2,0,8,10.1597,9596.26
1621,2,0,8,10.1591,9593.56
1348,2,0,9,10.453,11077.1,0.0748333,326.4,0.08,10
1349,2,0,9,10.452,11072.1
1357,2,0,9,10.4399,11009.5
1356,2,0,9,10.4391,11005.8
1365,2,0,9,10.4315,10966.7
1366,2,0,9,10.4176,10894
1374,2,0,9,10.4064,10832.9
1377,2,0,9,10.4056,10829.2
1397,2,0,9,10.3902,10749.4
1398,2,0,9,10.3787,10690.2
1399,2,0,9,10.3688,10641.9
1657,2,0,9,10.3464,10526.4
1650,2,0,9,10.3399,10490.2
1087,2,0,10,10.6644,12099.6,0,0,0
1088,2,0,10,10.6557,12056.6
1117,2,0,10,10.6456,12005.7
1119,2,0,10,10.6448,12001.7
1118,2,0,10,10.6335,11946.9
2044,2,0,10,10.6197,11873.3
2169,2,0,10,10.6115,11831.5
2171,2,0,10,10.6069,11807.9
1549,2,0,10,10.5994,11768.7
1147,2,0,10,10.5933,11736.3
1796,2,0,10,10.5488,11509.5
1328,2,0,10,10.547,11500
1340,2,0,10,10.5283,11406
1348,2,0,10,10.5278,11403.5
953,3,0,0,8.27022,727.708,0.0948333,413.634,0.45,1
1788,3,0,0,8.25926,674.518
943,3,0,0,8.2441,597.041
934,3,0,0,8.23552,550.017
933,3,0,0,8.22686,503.224
936,3,0,0,8.22627,500.284
937,3,0,0,8.21339,432.774
1085,3,0,0,8.19766,348.909
2035,3,0,0,8.18171,268.111
1850,3,0,0,8.17367,225.044
1849,3,0,0,8.15592,135.401
1848,3,0,0,8.15086,109.545
1847,3,0,0,8.14677,87.3505
1086,3,0,0,8.14314,67.3611
1087,3,0,0,8.13,0
905,3,0,1,8.49553,1831.06,0.061,266.064,0.44,2
906,3,0,1,8.4817,1758.97
1555,3,0,1,8.45578,1614.36
930,3,0,1,8.43535,1508.2
940,3,0,1,8.42383,1449.01
934,3,0,1,8.40394,1338.33
935,3,0,1,8.4034,1335.72
2020,3,0,1,8.39234,1278.75
1787,3,0,1,8.37529,1192.26
2023,3,0,1,8.36587,1145.44
953,3,0,1,8.36505,1141.34
822,3,0,2,8.68607,2795.03,0.0658333,287.145,0.32,3
2153,3,0,2,8.66778,2694.75
831,3,0,2,8.66776,2694.67
825,3,0,2,8.66735,2692.64
834,3,0,2,8.66088,2648.55
833,3,0,2,8.65846,2635.44
899,3,0,2,8.63243,2497.5
900,3,0,2,8.61512,2404.48
901,3,0,2,8.60928,2374.54
902,3,0,2,8.59332,2292.13
904,3,0,2,8.57872,2215.31
903,3,0,2,8.57511,2196.14
905,3,0,2,8.55653,2097.12
1601,3,0,3,8.86903,3749.44,0.0903333,394.007,0.18,4
1599,3,0,3,8.86078,3705.95
1300,3,0,3,8.85459,3672.81
1298,3,0,3,8.84701,3634.02
2176,3,0,3,8.84073,3595.18
2066,3,0,3,8.82942,3526.67
869,3,0,3,8.81929,3451.8
1856,3,0,3,8.81269,3406.81
855,3,0,3,8.81254,3406.1
843,3,0,3,8.78981,3289.35
832,3,0,3,8.77934,3228.68
831,3,0,3,8.77379,3197.94
2153,3,0,3,8.77377,3197.86
822,3,0,3,8.7519,3082.18
1275,3,0,4,9.11001,4964.95,0.1075,468.883,0.03,5
1265,3,0,4,9.09837,4902.37
1258,3,0,4,9.08609,4836.5
1260,3,0,4,9.07853,4784.26
1259,3,0,4,9.06429,4710.22
868,3,0,4,9.04501,4605.77
869,3,0,4,9.02404,4493.02
2066,3,0,4,9.00437,4389.39
1297,3,0,4,8.97704,4245.06
1299,3,0,4,8.97082,4210.73
1600,3,0,4,8.96937,4197.29
1599,3,0,4,8.96884,4192.2
1601,3,0,4,8.95936,4143.45
2057,3,0,5,9.6321,7654.62,0.0776667,338.759,0.34,6
2122,3,0,5,9.62593,7622.46
1820,3,0,5,9.61536,7571.72
1197,3,0,5,9.60197,7504.97
1198,3,0,5,9.58839,7439.16
1152,3,0,5,9.58142,7403.73
1163,3,0,5,9.57052,7351.35
1164,3,0,5,9.56175,7306.73
1161,3,0,5,9.55365,7265
1330,3,0,5,9.5436,7214.29
1339,3,0,5,9.52225,7102.89
1340,3,0,5,9.51716,7076.31
1348,3,0,5,9.51665,7073.77
1349,3,0,5,9.51574,7069.09
1357,3,0,5,9.50359,7006.48
1356,3,0,5,9.50282,7002.76
2076,3,0,5,9.49303,6954.27
1355,3,0,5,9.49157,6946.71
1364,3,0,5,9.49153,6946.5
1361,3,0,5,9.48527,6911.46
1354,3,0,5,9.48523,6911.27
2188,3,0,5,9.47809,6874.6
2075,3,0,5,9.45906,6774.68
1822,3,0,5,9.45824,6770.69
1353,3,0,5,9.45049,6730.21
2118,3,0,5,9.42173,6583.21
2117,3,0,5,9.4192,6558.58
2164,3,0,5,9.39752,6436.96
1306,3,0,5,9.37382,6277.48
1599,3,0,5,9.35714,6184.78
1300,3,0,5,9.35165,6154.66
1298,3,0,5,9.34629,6125.32
2176,3,0,5,9.33959,6085.85
2066,3,0,5,9.32837,6017.48
1262,3,0,5,9.31942,5967
1261,3,0,5,9.31232,5927.11
1846,3,0,5,9.28488,5784.29
1271,3,0,5,9.27965,5758.73
1270,3,0,5,9.272,5716.8
1269,3,0,5,9.25846,5648.43
1267,3,0,5,9.24552,5580.52
1266,3,0,5,9.23103,5503.84
1275,3,0,5,9.21751,5433.83
1429,3,0,6,9.82351,8588.68,0.0865,377.287,0.27,7
2166,3,0,6,9.80427,8490.21
1427,3,0,6,9.78973,8415.7
1677,3,0,6,9.78021,8366.55
2103,3,0,6,9.77635,8347.21
2177,3,0,6,9.77627,8346.85
1841,3,0,6,9.77613,8345.5
2060,3,0,6,9.73654,8131.59
1551,3,0,6,9.73582,8127.41
1201,3,0,6,9.7293,8094.42
1821,3,0,6,9.72505,8070.08
1640,3,0,6,9.71593,8024.2
2057,3,0,6,9.70976,7993.38
1621,3,0,7,10.0371,9678.49,0.101167,441.259,0.13,8
2089,3,0,7,10.0249,9612.69
2124,3,0,7,10.0165,9573.73
1826,3,0,7,10.0093,9534.12
1450,3,0,7,10.0072,9518.82
1829,3,0,7,10.0027,9489.76
1832,3,0,7,9.9902,9404.84
1833,3,0,7,9.98167,9331.78
1835,3,0,7,9.97014,9268.45
2103,3,0,7,9.96474,9238.96
1677,3,0,7,9.95989,9215.53
1427,3,0,7,9.95019,9165.66
2166,3,0,7,9.93313,9080.57
1429,3,0,7,9.91001,8965.96
1650,3,0,8,10.2718,10810.7,0.0471667,205.727,0.37,9
2085,3,0,8,10.2437,10662.3
1461,3,0,8,10.1869,10374.2
2087,3,0,8,10.1774,10328.2
2088,3,0,8,10.1641,10260.3
1644,3,0,8,10.1588,10232.8
2089,3,0,8,10.1406,10131.6
2102,3,0,8,10.1402,10129.6
1497,3,0,8,10.1388,10122.5
1621,3,0,8,10.1382,10119.8
1348,3,0,9,10.4322,11603.3,0.0748333,326.4,0.08,10
1349,3,0,9,10.4312,11598.3
1357,3,0,9,10.419,11535.7
1356,3,0,9,10.4182,11532
1365,3,0,9,10.4106,11492.9
1366,3,0,9,10.3968,11420.2
1374,3,0,9,10.3855,11359.1
1377,3,0,9,10.3848,11355.4
1397,3,0,9,10.3693,11275.5
1398,3,0,9,10.3578,11216.4
1399,3,0,9,10.348,11168.1
1657,3,0,9,10.3256,11052.6
1650,3,0,9,10.319,11016.4
1087,3,0,10,10.6436,12625.8,0,0,0
1088,3,0,10,10.6349,12582.8
1117,3,0,10,10.6247,12531.9
1119,3,0,10,10.6239,12527.9
1118,3,0,10,10.6127,12473.1
2044,3,0,10,10.5988,12399.5
2169,3,0,10,10.5906,12357.7
2171,3,0,10,10.5861,12334.1
1549,3,0,10,10.5785,12294.9
1147,3,0,10,10.5725,12262.5
1796,3,0,10,10.528,12035.7
1328,3,0,10,10.5261,12026.2
1340,3,0,10,10.5075,11932.2
1348,3,0,10,10.507,11929.7
905,4,0,0,8.29157,829.666,0.061,266.064,0.44,1
906,4,0,0,8.27774,757.574
892,4,0,0,8.25882,661.974
896,4,0,0,8.25641,648.832
895,4,0,0,8.25369,634.662
907,4,0,0,8.24255,576.488
908,4,0,0,8.23507,537.87
2014,4,0,0,8.23448,535.191
2015,4,0,0,8.22637,494.476
2018,4,0,0,8.21717,447.026
920,4,0,0,8.21325,426.243
1793,4,0,0,8.19171,316.201
2034,4,0,0,8.18348,274.763
1850,4,0,0,8.17367,225.044
1849,4,0,0,8.15592,135.401
1848,4,0,0,8.15086,109.545
1847,4,0,0,8.14677,87.3505
1086,4,0,0,8.14314,67.3611
1087,4,0,0,8.13,0
953,4,0,1,8.45804,1647.52,0.0948333,413.634,0.45,2
1788,4,0,1,8.44709,1594.33
943,4,0,1,8.43193,1516.86
934,4,0,1,8.42335,1469.83
933,4,0,1,8.41469,1423.04
936,4,0,1,8.4141,1420.1
1737,4,0,1,8.40216,1355.01
917,4,0,1,8.38635,1275.8
916,4,0,1,8.38617,1274.89
906,4,0,1,8.36471,1160.62
905,4,0,1,8.35257,1095.73
1601,4,0,2,8.69701,2804.6,0.0903333,394.007,0.18,3
1599,4,0,2,8.68877,2761.1
1300,4,0,2,8.68258,2727.97
1299,4,0,2,8.68041,2713.37
1557,4,0,2,8.65378,2578.61
2024,4,0,2,8.63815,2498.03
2025,4,0,2,8.6171,2391.84
949,4,0,2,8.61366,2374.54
951,4,0,2,8.60473,2326.75
2021,4,0,2,8.58457,2224.09
2022,4,0,2,8.57357,2167.32
952,4,0,2,8.56418,2118.29
953,4,0,2,8.55288,2061.16
822,4,0,3,8.93193,3964.56,0.0658333,287.145,0.32,4
2153,4,0,3,8.91364,3864.28
831,4,0,3,8.91362,3864.2
832,4,0,3,8.90354,3814.26
843,4,0,3,8.88889,3736.55
855,4,0,3,8.86143,3600.07
1856,4,0,3,8.86129,3599.36
869,4,0,3,8.85203,3548.18
2066,4,0,3,8.83236,3444.55
1297,4,0,3,8.80503,3300.22
1299,4,0,3,8.79881,3265.89
1600,4,0,3,8.79736,3252.44
1599,4,0,3,8.79683,3247.36
1601,4,0,3,8.78734,3198.6
1275,4,0,4,9.15112,5093.26,0.1075,468.883,0.03,5
1265,4,0,4,9.13947,5030.68
1258,4,0,4,9.1272,4964.81
1260,4,0,4,9.11964,4912.58
1259,4,0,4,9.1054,4838.53
868,4,0,4,9.08612,4734.08
869,4,0,4,9.06515,4621.33
1856,4,0,4,9.05854,4576.34
855,4,0,4,9.0584,4575.63
843,4,0,4,9.03567,4458.88
832,4,0,4,9.02519,4398.21
831,4,0,4,9.01965,4367.47
2153,4,0,4,9.01963,4367.39
822,4,0,4,8.99776,4251.71
2057,4,0,5,9.67321,7782.94,0.0776667,338.759,0.34,6
2122,4,0,5,9.66704,7750.77
1820,4,0,5,9.65647,7700.03
1197,4,0,5,9.64308,7633.29
1198,4,0,5,9.6295,7567.47
1152,4,0,5,9.62253,7532.05
1163,4,0,5,9.61162,7479.67
1164,4,0,5,9.60286,7435.04
1161,4,0,5,9.59476,7393.31
1330,4,0,5,9.58471,7342.61
1339,4,0,5,9.56336,7231.2
1340,4,0,5,9.55827,7204.62
1348,4,0,5,9.55776,7202.08
1349,4,0,5,9.55685,7197.4
1357,4,0,5,9.5447,7134.79
1356,4,0,5,9.54393,7131.08
2076,4,0,5,9.53414,7082.58
1355,4,0,5,9.53268,7075.02
1364,4,0,5,9.53264,7074.81
1361,4,0,5,9.52638,7039.77
1354,4,0,5,9.52634,7039.58
2188,4,0,5,9.5192,7002.91
2075,4,0,5,9.50017,6902.99
1822,4,0,5,9.49935,6899
1353,4,0,5,9.4916,6858.52
2118,4,0,5,9.46284,6711.52
2117,4,0,5,9.46031,6686.89
2164,4,0,5,9.43863,6565.28
1306,4,0,5,9.41492,6405.79
1599,4,0,5,9.39825,6313.09
1300,4,0,5,9.39276,6282.97
1298,4,0,5,9.38739,6253.64
2176,4,0,5,9.3807,6214.17
2066,4,0,5,9.36948,6145.79
1262,4,0,5,9.36053,6095.31
1261,4,0,5,9.35343,6055.43
1846,4,0,5,9.32599,5912.6
1271,4,0,5,9.32076,5887.04
1270,4,0,5,9.31311,5845.11
1269,4,0,5,9.29957,5776.74
1267,4,0,5,9.28663,5708.83
1266,4,0,5,9.27214,5632.15
1275,4,0,5,9.25862,5562.14
1429,4,0,6,9.86462,8716.99,0.0865,377.287,0.27,7
2166,4,0,6,9.84537,8618.53
1427,4,0,6,9.83084,8544.01
1677,4,0,6,9.82132,8494.87
2103,4,0,6,9.81746,8475.52
2177,4,0,6,9.81738,8475.16
1841,4,0,6,9.81724,8473.82
2060,4,0,6,9.77765,8259.91
1551,4,0,6,9.77693,8255.72
1201,4,0,6,9.77041,8222.74
1821,4,0,6,9.76616,8198.39
1640,4,0,6,9.75704,8152.52
2057,4,0,6,9.75087,8121.7
1621,4,0,7,10.0782,9806.81,0.101167,441.259,0.13,8
2089,4,0,7,10.066,9741
2124,4,0,7,10.0576,9702.04
1826,4,0,7,10.0504,9662.43
1450,4,0,7,10.0483,9647.13
1829,4,0,7,10.0438,9618.07
1832,4,0,7,10.0313,9533.15
1833,4,0,7,10.0228,9460.09
1835,4,0,7,10.0113,9396.77
2103,4,0,7,10.0059,9367.27
1677,4,0,7,10.001,9343.85
1427,4,0,7,9.9913,9293.97
2166,4,0,7,9.97424,9208.89
1429,4,0,7,9.95112,9094.28
1650,4,0,8,10.313,10939,0.0471667,205.727,0.37,9
2085,4,0,8,10.2848,10790.6
1461,4,0,8,10.228,10502.5
2087,4,0,8,10.2185,10456.5
2088,4,0,8,10.2052,10388.6
1644,4,0,8,10.1999,10361.1
2089,4,0,8,10.1817,10259.9
2102,4,0,8,10.1813,10257.9
1497,4,0,8,10.1799,10250.8
1621,4,0,8,10.1793,10248.1
1348,4,0,9,10.4733,11731.6,0.0748333,326.4,0.08,10
1349,4,0,9,10.4723,11726.6
1357,4,0,9,10.4601,11664
1356,4,0,9,10.4594,11660.3
1365,4,0,9,10.4518,11621.2
1366,4,0,9,10.4379,11548.6
1374,4,0,9,10.4267,11487.4
1377,4,0,9,10.4259,11483.7
1397,4,0,9,10.4104,11403.9
1398,4,0,9,10.3989,11344.7
1399,4,0,9,10.3891,11296.4
1657,4,0,9,10.3667,11180.9
1650,4,0,9,10.3601,11144.7
1087,4,0,10,10.6847,12754.1,0,0,0
1088,4,0,10,10.676,12711.1
1117,4,0,10,10.6658,12660.2
1119,4,0,10,10.665,12656.2
1118,4,0,10,10.6538,12601.4
2044,4,0,10,10.6399,12527.8
2169,4,0,10,10.6317,12486
2171,4,0,10,10.6272,12462.4
1549,4,0,10,10.6197,12423.2
1147,4,0,10,10.6136,12390.8
1796,4,0,10,10.5691,12164
1328,4,0,10,10.5672,12154.5
1340,4,0,10,10.5486,12060.5
1348,4,0,10,10.5481,12058
2057,5,0,0,8.71738,790.795,0.0981667,428.173,0.33,1
2122,5,0,0,8.71061,756.084
1639,5,0,0,8.70528,728.728
1190,5,0,0,8.70185,709.948
1186,5,0,0,8.69193,656.065
1183,5,0,0,8.68169,601.675
1103,5,0,0,8.67103,544.89
1084,5,0,0,8.66116,487.929
1062,5,0,0,8.64467,388.255
1063,5,0,0,8.6439,381.112
1061,5,0,0,8.64047,363.372
1060,5,0,0,8.63397,330.074
1073,5,0,0,8.61255,218.101
1075,5,0,0,8.60724,191.567
1072,5,0,0,8.59669,137.848
1071,5,0,0,8.58891,97.4637
2160,5,0,0,8.58179,59.0712
1087,5,0,0,8.57,0
1429,5,0,1,8.92336,1788.84,0.0685,298.776,0.22,2
2166,5,0,1,8.9033,1686.97
1427,5,0,1,8.88996,1617.49
1677,5,0,1,8.87966,1565.05
2103,5,0,1,8.87579,1545.71
2177,5,0,1,8.87572,1545.35
1841,5,0,1,8.87558,1544
2060,5,0,1,8.83978,1346.48
1551,5,0,1,8.83905,1342.27
1201,5,0,1,8.83339,1312.91
1821,5,0,1,8.82914,1288.57
1640,5,0,1,8.82041,1244.34
2057,5,0,1,8.81555,1218.97
953,5,0,2,9.32883,3832.36,0.0893333,389.645,0.46,3
2023,5,0,2,9.32801,3828.26
2163,5,0,2,9.30044,3680.17
1314,5,0,2,9.28191,3584.22
2165,5,0,2,9.26206,3482.25
2118,5,0,2,9.26042,3474.04
1353,5,0,2,9.23582,3344.59
1822,5,0,2,9.22774,3302.72
2075,5,0,2,9.22692,3298.72
2188,5,0,2,9.20503,3186.75
1354,5,0,2,9.19536,3139.51
1355,5,0,2,9.18809,3101.66
2076,5,0,2,9.18626,3092.55
1356,5,0,2,9.17844,3052.25
1357,5,0,2,9.17766,3048.53
1358,5,0,2,9.16889,3000.65
1352,5,0,2,9.16085,2957.27
1351,5,0,2,9.14966,2899.79
1350,5,0,2,9.14314,2865.42
1414,5,0,2,9.12694,2784.91
2120,5,0,2,9.11636,2729.93
2097,5,0,2,9.11003,2694.78
1415,5,0,2,9.09778,2631.36
1416,5,0,2,9.08403,2560.75
1554,5,0,2,9.08247,2552.92
2079,5,0,2,9.07696,2523.55
1651,5,0,2,9.0441,2351.03
2094,5,0,2,9.03507,2303.19
1419,5,0,2,9.0254,2252.79
1429,5,0,2,8.99186,2087.61
905,5,0,3,9.55414,4939.9,0.112167,489.237,0.46,4
906,5,0,3,9.54214,4875.61
1555,5,0,3,9.51286,4716.4
930,5,0,3,9.4927,4611.43
931,5,0,3,9.48318,4564.25
932,5,0,3,9.46915,4488.69
933,5,0,3,9.46413,4463.12
934,5,0,3,9.4586,4425.47
935,5,0,3,9.45806,4422.86
2020,5,0,3,9.44701,4365.89
1787,5,0,3,9.4284,4272.92
2023,5,0,3,9.41898,4226.1
953,5,0,3,9.41816,4222
822,5,0,4,9.80531,6162.72,0.0406667,177.376,0.33,5
2153,5,0,4,9.78432,6050.82
831,5,0,4,9.78431,6050.74
825,5,0,4,9.7839,6048.71
834,5,0,4,9.77588,6002.6
833,5,0,4,9.77321,5988.39
899,5,0,4,9.74826,5855.09
900,5,0,4,9.72482,5736.06
901,5,0,4,9.71876,5705.21
902,5,0,4,9.70647,5638.42
904,5,0,4,9.69217,5562.92
903,5,0,4,9.68841,5543.07
905,5,0,4,9.66631,5429.13
1275,5,0,5,10.0113,7227.76,0.057,248.617,0.01,6
1266,5,0,5,10.0003,7168.34
1267,5,0,5,9.98684,7096.11
1260,5,0,5,9.97194,7017.78
1259,5,0,5,9.95843,6946.81
868,5,0,5,9.93739,6834.84
869,5,0,5,9.91517,6716.72
1856,5,0,5,9.8943,6616.97
855,5,0,5,9.89415,6616.26
843,5,0,5,9.88179,6539.05
832,5,0,5,9.87091,6477.67
831,5,0,5,9.86447,6443.09
825,5,0,5,9.86406,6441.06
822,5,0,5,9.84598,6340.1
1601,5,0,6,10.2086,8262.01,0.0673333,293.688,0.2,7
1599,5,0,6,10.2016,8224
1300,5,0,6,10.1972,8197.49
1298,5,0,6,10.1905,8162.27
2176,5,0,6,10.1842,8123.4
2066,5,0,6,10.1735,8055.75
869,5,0,6,10.1635,7980.89
868,5,0,6,10.1428,7869.5
1259,5,0,6,10.1247,7770.19
1260,5,0,6,10.1074,7682.97
1258,5,0,6,10.0942,7613
1265,5,0,6,10.0802,7539.94
1275,5,0,6,10.0683,7476.38
1621,5,0,7,10.6088,10425.6,0.101167,441.259,0.13,8
2089,5,0,7,10.5939,10348.1
2124,5,0,7,10.5861,10311.7
1826,5,0,7,10.5793,10273.5
1450,5,0,7,10.577,10258.1
1829,5,0,7,10.5724,10228.9
1832,5,0,7,10.5598,10143.9
1833,5,0,7,10.5515,10070.5
1837,5,0,7,10.5418,10000.9
2177,5,0,7,10.538,9980.52
1841,5,0,7,10.5378,9979.17
1554,5,0,7,10.5322,9948.75
1416,5,0,7,10.5307,9940.92
1415,5,0,7,10.5163,9867.6
2097,5,0,7,10.5041,9804.62
2119,5,0,7,10.4965,9769.93
2120,5,0,7,10.49,9736.92
1414,5,0,7,10.4782,9676.88
1350,5,0,7,10.4668,9616.47
1351,5,0,7,10.458,9572.54
1352,5,0,7,10.4439,9503.15
1358,5,0,7,10.4336,9449.97
1357,5,0,7,10.4227,9393.26
1356,5,0,7,10.422,9389.54
2076,5,0,7,10.4156,9355.25
1355,5,0,7,10.4142,9348.21
1354,5,0,7,10.408,9314.67
2188,5,0,7,10.3999,9273.97
2075,5,0,7,10.3789,9165.93
1822,5,0,7,10.3781,9161.94
1353,5,0,7,10.3674,9108.99
2118,5,0,7,10.3438,8984.12
2117,5,0,7,10.3413,8959.49
2164,5,0,7,10.3226,8844.5
1306,5,0,7,10.2991,8685.24
1599,5,0,7,10.2816,8588.76
1601,5,0,7,10.2759,8555.69
1650,5,0,8,10.8436,11557.8,0.0471667,205.727,0.37,9
2085,5,0,8,10.8154,11409.4
1461,5,0,8,10.7586,11121.4
2087,5,0,8,10.7492,11075.3
2088,5,0,8,10.7358,11007.5
1644,5,0,8,10.7305,10980
2089,5,0,8,10.7123,10878.8
2102,5,0,8,10.7119,10876.7
1497,5,0,8,10.7106,10869.6
1621,5,0,8,10.71,10866.9
1348,5,0,9,11.0039,12350.4,0.0711667,310.408,0.09,10
1349,5,0,9,11.0029,12345.4
1357,5,0,9,10.9908,12282.8
1356,5,0,9,10.99,12279.1
1365,5,0,9,10.9824,12240
1366,5,0,9,10.9685,12167.4
1374,5,0,9,10.9573,12106.3
1377,5,0,9,10.9565,12102.5
1397,5,0,9,10.9411,12022.7
1398,5,0,9,10.9296,11963.5
1399,5,0,9,10.9197,11915.2
1657,5,0,9,10.8973,11799.8
1650,5,0,9,10.8908,11763.6
1087,5,0,10,11.1885,13259,0,0,0
1088,5,0,10,11.1816,13223.7
1117,5,0,10,11.1721,13175.5
1119,5,0,10,11.1713,13171.5
1118,5,0,10,11.1649,13137
2044,5,0,10,11.1505,13061
2169,5,0,10,11.142,13017.9
2171,5,0,10,11.1374,12994.1
1549,5,0,10,11.1309,12959
1147,5,0,10,11.1244,12924.9
1796,5,0,10,11.0944,12760.1
1328,5,0,10,11.0925,12750
1340,5,0,10,11.0756,12663.4
1348,5,0,10,11.0751,12660.8
2057,6,0,0,8.70738,790.795,0.0981667,428.173,0.33,1
2122,6,0,0,8.70061,756.084
1639,6,0,0,8.69528,728.728
1190,6,0,0,8.69185,709.948
1186,6,0,0,8.68193,656.065
1183,6,0,0,8.67169,601.675
1103,6,0,0,8.66103,544.89
1084,6,0,0,8.65116,487.929
1062,6,0,0,8.63467,388.255
1063,6,0,0,8.6339,381.112
1061,6,0,0,8.63047,363.372
1060,6,0,0,8.62397,330.074
1073,6,0,0,8.60255,218.101
1075,6,0,0,8.59724,191.567
1072,6,0,0,8.58669,137.848
1071,6,0,0,8.57891,97.4637
2160,6,0,0,8.57179,59.0712
1087,6,0,0,8.56,0
1429,6,0,1,8.91336,1788.84,0.0685,298.776,0.22,2
2166,6,0,1,8.8933,1686.97
1427,6,0,1,8.87996,1617.49
1677,6,0,1,8.86966,1565.05
2103,6,0,1,8.8658,1545.71
2177,6,0,1,8.86572,1545.35
1841,6,0,1,8.86558,1544
2060,6,0,1,8.82978,1346.48
1551,6,0,1,8.82905,1342.27
1201,6,0,1,8.82339,1312.91
1821,6,0,1,8.81914,1288.57
1640,6,0,1,8.81042,1244.34
2057,6,0,1,8.80555,1218.97
953,6,0,2,9.31883,3832.36,0.0893333,389.645,0.46,3
2023,6,0,2,9.31801,3828.26
2163,6,0,2,9.29044,3680.17
1314,6,0,2,9.27191,3584.22
2165,6,0,2,9.25206,3482.25
2118,6,0,2,9.25042,3474.04
1353,6,0,2,9.22582,3344.59
1822,6,0,2,9.21774,3302.72
2075,6,0,2,9.21692,3298.72
2188,6,0,2,9.19503,3186.75
1354,6,0,2,9.18536,3139.51
1355,6,0,2,9.17809,3101.66
2076,6,0,2,9.17626,3092.55
1356,6,0,2,9.16844,3052.25
1357,6,0,2,9.16766,3048.53
1358,6,0,2,9.15889,3000.65
1352,6,0,2,9.15085,2957.27
1351,6,0,2,9.13966,2899.79
1350,6,0,2,9.13314,2865.42
1414,6,0,2,9.11694,2784.91
2120,6,0,2,9.10636,2729.93
2097,6,0,2,9.10003,2694.78
1415,6,0,2,9.08778,2631.36
1416,6,0,2,9.07403,2560.75
1554,6,0,2,9.07247,2552.92
2079,6,0,2,9.06696,2523.55
1651,6,0,2,9.0341,2351.03
2094,6,0,2,9.02507,2303.19
1419,6,0,2,9.0154,2252.79
1429,6,0,2,8.98186,2087.61
905,6,0,3,9.54414,4939.9,0.112167,489.237,0.46,4
906,6,0,3,9.53215,4875.61
1555,6,0,3,9.50286,4716.4
930,6,0,3,9.4827,4611.43
931,6,0,3,9.47318,4564.25
932,6,0,3,9.45915,4488.69
933,6,0,3,9.45413,4463.12
934,6,0,3,9.4486,4425.47
935,6,0,3,9.44806,4422.86
2020,6,0,3,9.43701,4365.89
1787,6,0,3,9.4184,4272.92
2023,6,0,3,9.40898,4226.1
953,6,0,3,9.40816,4222
822,6,0,4,9.79531,6162.72,0.0406667,177.376,0.33,5
2153,6,0,4,9.77432,6050.82
831,6,0,4,9.77431,6050.74
825,6,0,4,9.7739,6048.71
834,6,0,4,9.76588,6002.6
833,6,0,4,9.76321,5988.39
899,6,0,4,9.73826,5855.09
900,6,0,4,9.71482,5736.06
901,6,0,4,9.70876,5705.21
902,6,0,4,9.69647,5638.42
904,6,0,4,9.68217,5562.92
903,6,0,4,9.67841,5543.07
905,6,0,4,9.65631,5429.13
1275,6,0,5,10.0013,7227.76,0.057,248.617,0.01,6
1266,6,0,5,9.99029,7168.34
1267,6,0,5,9.97684,7096.11
1260,6,0,5,9.96194,7017.78
1259,6,0,5,9.94843,6946.81
868,6,0,5,9.92739,6834.84
869,6,0,5,9.90517,6716.72
1856,6,0,5,9.8843,6616.97
855,6,0,5,9.88416,6616.26
843,6,0,5,9.87179,6539.05
832,6,0,5,9.86091,6477.67
831,6,0,5,9.85447,6443.09
825,6,0,5,9.85406,6441.06
822,6,0,5,9.83598,6340.1
1601,6,0,6,10.1986,8262.01,0.0673333,293.688,0.2,7
1599,6,0,6,10.1916,8224
1300,6,0,6,10.1872,8197.49
1298,6,0,6,10.1805,8162.27
2176,6,0,6,10.1742,8123.4
2066,6,0,6,10.1635,8055.75
869,6,0,6,10.1535,7980.89
868,6,0,6,10.1328,7869.5
1259,6,0,6,10.1147,7770.19
1260,6,0,6,10.0974,7682.97
1258,6,0,6,10.0842,7613
1265,6,0,6,10.0702,7539.94
1275,6,0,6,10.0583,7476.38
1621,6,0,7,10.5988,10425.6,0.101167,441.259,0.13,8
2089,6,0,7,10.5839,10348.1
2124,6,0,7,10.5761,10311.7
1826,6,0,7,10.5693,10273.5
1450,6,0,7,10.567,10258.1
1829,6,0,7,10.5624,10228.9
1832,6,0,7,10.5498,10143.9
1833,6,0,7,10.5415,10070.5
1837,6,0,7,10.5318,10000.9
2177,6,0,7,10.528,9980.52
1841,6,0,7,10.5278,9979.17
1554,6,0,7,10.5222,9948.75
1416,6,0,7,10.5207,9940.92
1415,6,0,7,10.5063,9867.6
2097,6,0,7,10.4941,9804.62
2119,6,0,7,10.4865,9769.93
2120,6,0,7,10.48,9736.92
1414,6,0,7,10.4682,9676.88
1350,6,0,7,10.4568,9616.47
1351,6,0,7,10.448,9572.54
1352,6,0,7,10.4339,9503.15
1358,6,0,7,10.4236,9449.97
1357,6,0,7,10.4127,9393.26
1356,6,0,7,10.412,9389.54
2076,6,0,7,10.4056,9355.25
1355,6,0,7,10.4042,9348.21
1354,6,0,7,10.398,9314.67
2188,6,0,7,10.3899,9273.97
2075,6,0,7,10.3689,9165.93
1822,6,0,7,10.3681,9161.94
1353,6,0,7,10.3574,9108.99
2118,6,0,7,10.3338,8984.12
2117,6,0,7,10.3313,8959.49
2164,6,0,7,10.3126,8844.5
1306,6,0,7,10.2891,8685.24
1599,6,0,7,10.2716,8588.76
1601,6,0,7,10.2659,8555.69
1650,6,0,8,10.8336,11557.8,0.0471667,205.727,0.37,9
2085,6,0,8,10.8054,11409.4
1461,6,0,8,10.7486,11121.4
2087,6,0,8,10.7392,11075.3
2088,6,0,8,10.7258,11007.5
1644,6,0,8,10.7205,10980
2089,6,0,8,10.7023,10878.8
2102,6,0,8,10.7019,10876.7
1497,6,0,8,10.7006,10869.6
1621,6,0,8,10.7,10866.9
1348,6,0,9,10.9939,12350.4,0.0748333,326.4,0.08,10
1349,6,0,9,10.9929,12345.4
1357,6,0,9,10.9808,12282.8
1356,6,0,9,10.98,12279.1
1365,6,0,9,10.9724,12240
1366,6,0,9,10.9586,12167.4
1374,6,0,9,10.9473,12106.3
1377,6,0,9,10.9465,12102.5
1397,6,0,9,10.9311,12022.7
1398,6,0,9,10.9196,11963.5
1399,6,0,9,10.9097,11915.2
1657,6,0,9,10.8873,11799.8
1650,6,0,9,10.8808,11763.6
1087,6,0,10,11.1822,13275,0,0,0
1088,6,0,10,11.1753,13239.7
1117,6,0,10,11.1658,13191.5
1119,6,0,10,11.165,13187.5
1118,6,0,10,11.1586,13152.9
2044,6,0,10,11.1442,13077
2169,6,0,10,11.1357,13033.9
2171,6,0,10,11.1311,13010
1549,6,0,10,11.1245,12975
1147,6,0,10,11.1181,12940.9
1796,6,0,10,11.0881,12776.1
1328,6,0,10,11.0861,12766
1340,6,0,10,11.0693,12679.4
1348,6,0,10,11.0687,12676.8
2057,7,0,0,8.15738,790.795,0.0981667,428.173,0.33,1
2122,7,0,0,8.15061,756.084
1639,7,0,0,8.14528,728.728
1190,7,0,0,8.14185,709.948
1186,7,0,0,8.13193,656.065
1183,7,0,0,8.12169,601.675
1103,7,0,0,8.11103,544.89
1084,7,0,0,8.10116,487.929
1062,7,0,0,8.08467,388.255
1063,7,0,0,8.0839,381.112
1061,7,0,0,8.08047,363.372
1060,7,0,0,8.07397,330.074
1073,7,0,0,8.05255,218.101
1075,7,0,0,8.04724,191.567
1072,7,0,0,8.03669,137.848
1071,7,0,0,8.02891,97.4637
2160,7,0,0,8.02179,59.0712
1087,7,0,0,8.01,0
1429,7,0,1,8.36336,1788.84,0.0685,298.776,0.22,2
2166,7,0,1,8.3433,1686.97
1427,7,0,1,8.32996,1617.49
1677,7,0,1,8.31966,1565.05
2103,7,0,1,8.31579,1545.71
2177,7,0,1,8.31572,1545.35
1841,7,0,1,8.31558,1544
2060,7,0,1,8.27978,1346.48
1551,7,0,1,8.27905,1342.27
1201,7,0,1,8.27339,1312.91
1821,7,0,1,8.26914,1288.57
1640,7,0,1,8.26042,1244.34
2057,7,0,1,8.25555,1218.97
953,7,0,2,8.76883,3832.36,0.0948333,413.634,0.45,3
2023,7,0,2,8.76801,3828.26
2163,7,0,2,8.74044,3680.17
1314,7,0,2,8.72191,3584.22
2165,7,0,2,8.70206,3482.25
2118,7,0,2,8.70042,3474.04
1353,7,0,2,8.67582,3344.59
1822,7,0,2,8.66774,3302.72
2075,7,0,2,8.66692,3298.72
2188,7,0,2,8.64503,3186.75
1354,7,0,2,8.63536,3139.51
1355,7,0,2,8.62809,3101.66
2076,7,0,2,8.62626,3092.55
1356,7,0,2,8.61844,3052.25
1357,7,0,2,8.61766,3048.53
1358,7,0,2,8.60889,3000.65
1352,7,0,2,8.60085,2957.27
1351,7,0,2,8.58966,2899.79
1350,7,0,2,8.58314,2865.42
1414,7,0,2,8.56694,2784.91
2120,7,0,2,8.55636,2729.93
2097,7,0,2,8.55003,2694.78
1415,7,0,2,8.53778,2631.36
1416,7,0,2,8.52403,2560.75
1554,7,0,2,8.52247,2552.92
2079,7,0,2,8.51696,2523.55
1651,7,0,2,8.4841,2351.03
2094,7,0,2,8.47507,2303.19
1419,7,0,2,8.4654,2252.79
1429,7,0,2,8.43186,2087.61
905,7,0,3,8.99414,4935.71,0.061,266.064,0.44,4
906,7,0,3,8.98031,4863.62
1555,7,0,3,8.95439,4719.01
930,7,0,3,8.93396,4612.85
940,7,0,3,8.92244,4553.66
934,7,0,3,8.90255,4442.98
935,7,0,3,8.90201,4440.38
2020,7,0,3,8.89095,4383.4
1787,7,0,3,8.8739,4296.91
2023,7,0,3,8.86448,4250.09
953,7,0,3,8.86366,4245.99
822,7,0,4,9.19414,5935.36,0.0406667,177.376,0.33,5
2153,7,0,4,9.17315,5823.46
831,7,0,4,9.17314,5823.38
825,7,0,4,9.17273,5821.35
834,7,0,4,9.16472,5775.24
833,7,0,4,9.16204,5761.03
899,7,0,4,9.13709,5627.72
900,7,0,4,9.11365,5508.7
901,7,0,4,9.10759,5477.85
902,7,0,4,9.0953,5411.06
904,7,0,4,9.08101,5335.56
903,7,0,4,9.07724,5315.71
905,7,0,4,9.05514,5201.77
1275,7,0,5,9.40015,7000.4,0.1075,468.883,0.03,6
1266,7,0,5,9.38912,6940.98
1267,7,0,5,9.37567,6868.75
1260,7,0,5,9.36077,6790.42
1259,7,0,5,9.34726,6719.45
868,7,0,5,9.32622,6607.48
869,7,0,5,9.304,6489.35
1856,7,0,5,9.28313,6389.61
855,7,0,5,9.28299,6388.9
843,7,0,5,9.27062,6311.69
832,7,0,5,9.25974,6250.31
831,7,0,5,9.2533,6215.73
825,7,0,5,9.25289,6213.7
822,7,0,5,9.23481,6112.74
1601,7,0,6,9.65337,8254.46,0.0985,429.627,0.19,7
1599,7,0,6,9.64728,8220.23
1300,7,0,6,9.64179,8190.11
1298,7,0,6,9.63642,8160.78
2176,7,0,6,9.62972,8121.31
2066,7,0,6,9.61851,8052.93
1262,7,0,6,9.60956,8002.45
1261,7,0,6,9.60246,7962.57
1846,7,0,6,9.57502,7819.74
1271,7,0,6,9.56978,7794.18
1270,7,0,6,9.56213,7752.25
1269,7,0,6,9.5486,7683.88
1267,7,0,6,9.53566,7615.97
1266,7,0,6,9.52117,7539.29
1275,7,0,6,9.50765,7469.28
1621,7,0,7,10.0927,10597.4,0.101167,441.259,0.13,8
2089,7,0,7,10.0792,10525.6
2124,7,0,7,10.0738,10498.7
1826,7,0,7,10.0686,10464.6
1450,7,0,7,10.0662,10449.1
1829,7,0,7,10.0615,10419.8
1832,7,0,7,10.0512,10335.1
1833,7,0,7,10.0424,10262.3
1837,7,0,7,10.0328,10192.7
2177,7,0,7,10.0282,10169.1
1841,7,0,7,10.028,10167.7
1554,7,0,7,10.0202,10127.8
1416,7,0,7,10.0186,10120
1415,7,0,7,10.0049,10049.6
2097,7,0,7,9.991,9979.18
2098,7,0,7,9.98561,9952.28
2119,7,0,7,9.98322,9937.78
2120,7,0,7,9.97666,9904.78
1414,7,0,7,9.96602,9849.55
1350,7,0,7,9.95319,9783.15
1351,7,0,7,9.94044,9723.01
1352,7,0,7,9.9291,9664.92
1358,7,0,7,9.91736,9605.86
1357,7,0,7,9.90591,9546.56
1356,7,0,7,9.90513,9542.84
2076,7,0,7,9.89736,9502.76
1355,7,0,7,9.89588,9495.11
1364,7,0,7,9.89584,9494.9
1361,7,0,7,9.88938,9459.01
1354,7,0,7,9.88934,9458.82
2188,7,0,7,9.88159,9419.58
2075,7,0,7,9.86085,9312.44
1822,7,0,7,9.86003,9308.44
1353,7,0,7,9.85228,9267.97
2118,7,0,7,9.82353,9120.96
2117,7,0,7,9.821,9096.33
2164,7,0,7,9.79932,8974.72
1306,7,0,7,9.77561,8815.24
1599,7,0,7,9.75894,8722.53
1601,7,0,7,9.75187,8684.09
1650,7,0,8,10.3275,11729.6,0.0471667,205.727,0.37,9
2085,7,0,8,10.2993,11581.2
1461,7,0,8,10.2425,11293.1
2087,7,0,8,10.2331,11247.1
2088,7,0,8,10.2198,11179.2
1644,7,0,8,10.2144,11151.7
2089,7,0,8,10.1962,11050.5
2102,7,0,8,10.1958,11048.4
1497,7,0,8,10.1945,11041.3
1621,7,0,8,10.1939,11038.6
1348,7,0,9,10.4878,12522.1,0.0748333,326.4,0.08,10
1349,7,0,9,10.4868,12517.2
1357,7,0,9,10.4747,12454.5
1356,7,0,9,10.4739,12450.8
1365,7,0,9,10.4663,12411.8
1366,7,0,9,10.4525,12339.1
1374,7,0,9,10.4412,12278
1377,7,0,9,10.4404,12274.3
1397,7,0,9,10.425,12194.4
1398,7,0,9,10.4135,12135.2
1399,7,0,9,10.4037,12087
1657,7,0,9,10.3812,11971.5
1650,7,0,9,10.3747,11935.3
1087,7,0,10,10.6992,13544.7,0,0,0
1088,7,0,10,10.6905,13501.7
1117,7,0,10,10.6804,13450.8
1119,7,0,10,10.6796,13446.8
1118,7,0,10,10.6683,13392
2044,7,0,10,10.6545,13318.4
2169,7,0,10,10.6463,13276.5
2171,7,0,10,10.6418,13252.9
1549,7,0,10,10.6342,13213.7
1147,7,0,10,10.6282,13181.3
1796,7,0,10,10.5836,12954.6
1328,7,0,10,10.5818,12945.1
1340,7,0,10,10.5632,12851.1
1348,7,0,10,10.5627,12848.5
953,8,0,0,8.26022,727.708,0.0948333,413.634,0.45,1
1788,8,0,0,8.24926,674.518
943,8,0,0,8.2341,597.041
934,8,0,0,8.22552,550.017
933,8,0,0,8.21686,503.224
936,8,0,0,8.21627,500.284
937,8,0,0,8.20339,432.774
1085,8,0,0,8.18766,348.909
2035,8,0,0,8.17171,268.111
1850,8,0,0,8.16367,225.044
1849,8,0,0,8.14592,135.401
1848,8,0,0,8.14086,109.545
1847,8,0,0,8.13677,87.3505
1086,8,0,0,8.13314,67.3611
1087,8,0,0,8.12,0
905,8,0,1,8.48553,1831.06,0.061,266.064,0.44,2
906,8,0,1,8.4717,1758.97
1555,8,0,1,8.44578,1614.36
930,8,0,1,8.42535,1508.2
940,8,0,1,8.41383,1449.01
934,8,0,1,8.39394,1338.33
935,8,0,1,8.3934,1335.72
2020,8,0,1,8.38234,1278.75
1787,8,0,1,8.36529,1192.26
2023,8,0,1,8.35587,1145.44
953,8,0,1,8.35505,1141.34
2057,8,0,2,8.78651,3353.06,0.0981667,428.173,0.33,3
2122,8,0,2,8.77974,3318.35
1639,8,0,2,8.77441,3291
1190,8,0,2,8.77098,3272.22
1186,8,0,2,8.76106,3218.33
1183,8,0,2,8.75082,3163.94
1103,8,0,2,8.74016,3107.16
1084,8,0,2,8.73029,3050.2
1062,8,0,2,8.7138,2950.52
2159,8,0,2,8.71365,2949.76
1045,8,0,2,8.71297,2946.61
1043,8,0,2,8.70985,2930.68
2158,8,0,2,8.7021,2892.09
2030,8,0,2,8.69816,2872.25
1041,8,0,2,8.69297,2845.45
1039,8,0,2,8.68444,2801.87
1037,8,0,2,8.67496,2754.8
1034,8,0,2,8.66645,2709.84
2032,8,0,2,8.651,2632.24
1050,8,0,2,8.62346,2493.52
1804,8,0,2,8.61033,2427.5
2015,8,0,2,8.59913,2371.29
2014,8,0,2,8.59082,2329.73
2017,8,0,2,8.58966,2324.04
2170,8,0,2,8.58648,2308.18
917,8,0,2,8.58031,2277.19
916,8,0,2,8.58012,2276.28
906,8,0,2,8.55866,2162.01
905,8,0,2,8.54653,2097.12
1429,8,0,3,8.99249,4351.11,0.0685,298.776,0.22,4
2166,8,0,3,8.97243,4249.24
1427,8,0,3,8.95909,4179.76
1677,8,0,3,8.94879,4127.32
2103,8,0,3,8.94492,4107.98
2177,8,0,3,8.94485,4107.62
1841,8,0,3,8.94471,4106.27
2060,8,0,3,8.90891,3908.75
1551,8,0,3,8.90818,3904.54
1201,8,0,3,8.90252,3875.18
1821,8,0,3,8.89827,3850.83
1640,8,0,3,8.88954,3806.61
2057,8,0,3,8.88468,3781.24
822,8,0,4,9.59339,7422.23,0.0406667,177.376,0.33,5
2153,8,0,4,9.57128,7305.54
831,8,0,4,9.57127,7305.46
825,8,0,4,9.57086,7303.43
834,8,0,4,9.56173,7253.05
835,8,0,4,9.55495,7211.28
2154,8,0,4,9.52778,7068.63
857,8,0,4,9.51806,7018.65
926,8,0,4,9.51019,6976.82
927,8,0,4,9.48338,6834.12
946,8,0,4,9.47862,6801.67
947,8,0,4,9.47037,6756.38
948,8,0,4,9.45692,6687.3
1598,8,0,4,9.44509,6631.73
2025,8,0,4,9.44111,6610.13
949,8,0,4,9.43841,6595.95
1302,8,0,4,9.41372,6464.8
1307,8,0,4,9.39851,6380.78
1308,8,0,4,9.38765,6322.81
1309,8,0,4,9.36965,6230.5
1314,8,0,4,9.36907,6227.63
2165,8,0,4,9.34733,6117.71
2118,8,0,4,9.34569,6109.5
1353,8,0,4,9.32093,5979.39
1822,8,0,4,9.31208,5934.26
2075,8,0,4,9.31126,5930.27
2188,8,0,4,9.28835,5813.99
1354,8,0,4,9.28005,5772.44
1355,8,0,4,9.2723,5732.53
2076,8,0,4,9.27046,5723.42
1356,8,0,4,9.2632,5685.49
1357,8,0,4,9.26243,5681.77
1367,8,0,4,9.2497,5615.26
1375,8,0,4,9.23657,5545.55
1378,8,0,4,9.22711,5492.98
1380,8,0,4,9.21986,5455.3
1435,8,0,4,9.19164,5306.77
1434,8,0,4,9.18408,5268.05
2083,8,0,4,9.15607,5128.47
1430,8,0,4,9.14024,5048.69
1428,8,0,4,9.12861,4989.46
1426,8,0,4,9.12152,4953.17
2103,8,0,4,9.11572,4922.88
1677,8,0,4,9.11087,4899.45
1427,8,0,4,9.10117,4849.57
2166,8,0,4,9.08411,4764.49
1429,8,0,4,9.06099,4649.88
1601,8,0,5,9.75056,8254.58,0.0985,429.627,0.19,6
1599,8,0,5,9.74446,8220.35
1300,8,0,5,9.73897,8190.23
1298,8,0,5,9.73361,8160.9
2176,8,0,5,9.72691,8121.43
2066,8,0,5,9.71569,8053.05
869,8,0,5,9.70325,7976.22
1856,8,0,5,9.68238,7876.48
855,8,0,5,9.68223,7875.76
843,8,0,5,9.66987,7798.55
832,8,0,5,9.65899,7737.18
831,8,0,5,9.65255,7702.6
825,8,0,5,9.65214,7700.57
822,8,0,5,9.63406,7599.6
1275,8,0,6,10.0102,9545.9,0.057,248.617,0.01,7
1266,8,0,6,9.99914,9486.48
1267,8,0,6,9.98569,9414.25
1260,8,0,6,9.97079,9335.93
1259,8,0,6,9.95728,9264.95
868,8,0,6,9.93624,9152.99
869,8,0,6,9.91402,9034.86
2066,8,0,6,9.89292,8925.16
1297,8,0,6,9.864,8774.08
1299,8,0,6,9.8581,8741.17
1600,8,0,6,9.85666,8727.72
1599,8,0,6,9.85612,8722.65
1601,8,0,6,9.84906,8684.21
1621,8,0,7,10.5202,12347.9,0.101167,441.259,0.13,8
2089,8,0,7,10.5053,12270.4
2124,8,0,7,10.4975,12234
1826,8,0,7,10.4906,12195.8
1450,8,0,7,10.4884,12180.5
1829,8,0,7,10.4838,12151.2
1832,8,0,7,10.4712,12066.2
1833,8,0,7,10.4629,11992.8
1837,8,0,7,10.4532,11923.2
2177,8,0,7,10.4493,11902.8
1841,8,0,7,10.4492,11901.5
1554,8,0,7,10.4436,11871.1
1416,8,0,7,10.442,11863.2
1415,8,0,7,10.4278,11790.5
2097,8,0,7,10.4162,11729.9
2120,8,0,7,10.4073,11683.5
1414,8,0,7,10.3971,11630.3
1350,8,0,7,10.3855,11569.2
1351,8,0,7,10.377,11526.5
1352,8,0,7,10.3628,11456.6
1358,8,0,7,10.354,11409.8
1357,8,0,7,10.3413,11345.1
1356,8,0,7,10.3405,11341.4
2076,8,0,7,10.3339,11306.3
1355,8,0,7,10.3326,11299.3
1354,8,0,7,10.3262,11265.1
2188,8,0,7,10.3189,11228
2075,8,0,7,10.2978,11119.3
1822,8,0,7,10.297,11115.3
1353,8,0,7,10.2863,11062.4
2118,8,0,7,10.2627,10937.5
2117,8,0,7,10.2602,10912.9
2164,8,0,7,10.2415,10797.9
1306,8,0,7,10.218,10638.6
1599,8,0,7,10.2005,10542.1
1300,8,0,7,10.196,10515.6
1298,8,0,7,10.1893,10480.4
2176,8,0,7,10.183,10441.5
2066,8,0,7,10.1723,10373.9
869,8,0,7,10.1623,10299
868,8,0,7,10.1417,10187.6
1259,8,0,7,10.1236,10088.3
1260,8,0,7,10.1062,10001.1
1258,8,0,7,10.093,9931.15
1265,8,0,7,10.0791,9858.09
1275,8,0,7,10.0672,9794.52
1650,8,0,8,10.755,13480.1,0.0471667,205.727,0.37,9
2085,8,0,8,10.7268,13331.7
1461,8,0,8,10.67,13043.7
2087,8,0,8,10.6606,12997.7
2088,8,0,8,10.6472,12929.8
1644,8,0,8,10.6419,12902.3
2089,8,0,8,10.6237,12801.1
2102,8,0,8,10.6233,12799
1497,8,0,8,10.622,12791.9
1621,8,0,8,10.6214,12789.2
1348,8,0,9,10.9153,14272.7,0.0748333,326.4,0.08,10
1349,8,0,9,10.9143,14267.7
1357,8,0,9,10.9022,14205.1
1356,8,0,9,10.9014,14201.4
1365,8,0,9,10.8938,14162.3
1366,8,0,9,10.8799,14089.7
1374,8,0,9,10.8687,14028.6
1377,8,0,9,10.8679,14024.8
1397,8,0,9,10.8524,13945
1398,8,0,9,10.8409,13885.8
1399,8,0,9,10.8311,13837.5
1657,8,0,9,10.8087,13722.1
1650,8,0,9,10.8021,13685.9
1087,8,0,10,11.1267,15295.2,0,0,0
1088,8,0,10,11.118,15252.3
1117,8,0,10,11.1079,15201.4
1119,8,0,10,11.107,15197.4
1118,8,0,10,11.0958,15142.6
2044,8,0,10,11.082,15068.9
2169,8,0,10,11.0738,15027.1
2171,8,0,10,11.0692,15003.5
1549,8,0,10,11.0617,14964.3
1147,8,0,10,11.0556,14931.9
1796,8,0,10,11.0111,14705.2
1328,8,0,10,11.0093,14695.6
1340,8,0,10,10.9906,14601.7
1348,8,0,10,10.9901,14599.1
822,9,0,0,8.28585,1470.95,0.0658333,287.145,0.32,1
823,9,0,0,8.28024,1441.35
824,9,0,0,8.26328,1356.35
880,9,0,0,8.24813,1271.85
882,9,0,0,8.22639,1164.49
2155,9,0,0,8.2228,1146.45
2012,9,0,0,8.20028,1031.61
885,9,0,0,8.19609,1010.33
886,9,0,0,8.1712,883.625
2013,9,0,0,8.1621,837.089
2156,9,0,0,8.16145,833.935
2011,9,0,0,8.15463,800.044
891,9,0,0,8.13577,698.78
892,9,0,0,8.12882,661.974
896,9,0,0,8.12641,648.832
895,9,0,0,8.12369,634.662
907,9,0,0,8.11255,576.488
908,9,0,0,8.10507,537.87
2014,9,0,0,8.10448,535.191
2015,9,0,0,8.09637,494.476
2018,9,0,0,8.08717,447.026
920,9,0,0,8.08325,426.243
1793,9,0,0,8.06171,316.201
2034,9,0,0,8.05348,274.763
1850,9,0,0,8.04367,225.044
1849,9,0,0,8.02592,135.401
1848,9,0,0,8.02086,109.545
1847,9,0,0,8.01677,87.3505
1086,9,0,0,8.01314,67.3611
1087,9,0,0,8,0
905,9,0,1,8.48897,2486.59,0.061,266.064,0.44,2
903,9,0,1,8.47097,2390.05
904,9,0,1,8.4677,2372.35
902,9,0,1,8.4549,2303.22
901,9,0,1,8.43812,2217.35
900,9,0,1,8.43319,2191.26
899,9,0,1,8.41217,2082.45
833,9,0,1,8.38654,1946.24
823,9,0,1,8.35718,1787.22
822,9,0,1,8.35168,1758.1
2057,9,0,2,8.78996,4008.59,0.0981667,428.173,0.33,3
2122,9,0,2,8.78319,3973.88
1639,9,0,2,8.77786,3946.53
1190,9,0,2,8.77442,3927.75
1186,9,0,2,8.7645,3873.86
1183,9,0,2,8.75426,3819.47
1103,9,0,2,8.74361,3762.69
1084,9,0,2,8.73373,3705.73
1062,9,0,2,8.71725,3606.05
2159,9,0,2,8.7171,3605.29
1045,9,0,2,8.71641,3602.14
1043,9,0,2,8.71329,3586.21
2158,9,0,2,8.70555,3547.62
2030,9,0,2,8.7016,3527.79
1041,9,0,2,8.69641,3500.98
1039,9,0,2,8.68788,3457.4
1037,9,0,2,8.67841,3410.33
1034,9,0,2,8.66989,3365.37
2032,9,0,2,8.65445,3287.77
1050,9,0,2,8.6269,3149.05
1804,9,0,2,8.61377,3083.03
2015,9,0,2,8.60258,3026.82
2014,9,0,2,8.59427,2985.26
2017,9,0,2,8.59311,2979.57
2170,9,0,2,8.58993,2963.71
917,9,0,2,8.58375,2932.72
916,9,0,2,8.58357,2931.81
906,9,0,2,8.56211,2817.54
905,9,0,2,8.54997,2752.65
1429,9,0,3,8.99594,5006.64,0.0685,298.776,0.22,4
2166,9,0,3,8.97588,4904.77
1427,9,0,3,8.96254,4835.29
1677,9,0,3,8.95223,4782.85
2103,9,0,3,8.94837,4763.51
2177,9,0,3,8.94829,4763.15
1841,9,0,3,8.94816,4761.8
2060,9,0,3,8.91236,4564.28
1551,9,0,3,8.91162,4560.07
1201,9,0,3,8.90597,4530.71
1821,9,0,3,8.90172,4506.36
1640,9,0,3,8.89299,4462.14
2057,9,0,3,8.88812,4436.77
1601,9,0,4,9.48861,7503.78,0.0985,429.627,0.19,5
1599,9,0,4,9.48219,7468.16
1300,9,0,4,9.4771,7439.79
1299,9,0,4,9.47498,7425.23
1557,9,0,4,9.45324,7311.05
1301,9,0,4,9.4403,7245.17
1302,9,0,4,9.41717,7120.33
1307,9,0,4,9.40195,7036.31
1308,9,0,4,9.3911,6978.34
1309,9,0,4,9.3731,6886.03
1314,9,0,4,9.37252,6883.16
2165,9,0,4,9.35077,6773.24
2118,9,0,4,9.34914,6765.03
1353,9,0,4,9.32438,6634.92
1822,9,0,4,9.31552,6589.79
2075,9,0,4,9.3147,6585.8
2188,9,0,4,9.29179,6469.52
1354,9,0,4,9.28349,6427.97
1355,9,0,4,9.27574,6388.06
2076,9,0,4,9.27391,6378.95
1356,9,0,4,9.26664,6341.02
1357,9,0,4,9.26587,6337.3
1367,9,0,4,9.25314,6270.79
1375,9,0,4,9.24002,6201.08
1378,9,0,4,9.23056,6148.51
1380,9,0,4,9.22331,6110.83
1435,9,0,4,9.19508,5962.3
1434,9,0,4,9.18752,5923.58
2083,9,0,4,9.15952,5784
1430,9,0,4,9.14368,5704.22
1428,9,0,4,9.13205,5644.99
1426,9,0,4,9.12497,5608.7
2103,9,0,4,9.11917,5578.41
1677,9,0,4,9.11432,5554.98
1427,9,0,4,9.10462,5505.1
2166,9,0,4,9.08756,5420.02
1429,9,0,4,9.06444,5305.41
1650,9,0,5,9.83659,9284.28,0.1055,460.159,0.37,6
1657,9,0,5,9.82688,9234.64
1399,9,0,5,9.80683,9129.14
1398,9,0,5,9.80059,9095.88
1397,9,0,5,9.78758,9030.42
1377,9,0,5,9.7759,8966.64
1374,9,0,5,9.77511,8962.91
1373,9,0,5,9.76388,8904.85
1372,9,0,5,9.75116,8841.98
1371,9,0,5,9.74226,8798.01
1362,9,0,5,9.73094,8740.73
1361,9,0,5,9.72461,8708.33
1354,9,0,5,9.72457,8708.14
2188,9,0,5,9.71683,8668.89
2075,9,0,5,9.69609,8561.75
1822,9,0,5,9.69527,8557.76
1353,9,0,5,9.68752,8517.28
2118,9,0,5,9.65876,8370.28
2117,9,0,5,9.65624,8345.65
2164,9,0,5,9.63455,8224.04
1306,9,0,5,9.61085,8064.55
1599,9,0,5,9.59417,7971.85
1601,9,0,5,9.58711,7933.41
1621,9,0,6,10.0673,10406.7,0.101167,441.259,0.13,7
2089,9,0,6,10.0551,10340.9
2124,9,0,6,10.0467,10301.9
1826,9,0,6,10.0395,10262.3
1450,9,0,6,10.0374,10247
2087,9,0,6,10.0201,10157.8
1461,9,0,6,10.0139,10125.2
2085,9,0,6,9.97058,9894.17
1650,9,0,6,9.94209,9744.44
1348,9,0,7,10.4028,12073.4,0.0748333,326.4,0.08,8
1349,9,0,7,10.4018,12068.4
1357,9,0,7,10.3897,12005.8
1367,9,0,7,10.378,11943.7
1375,9,0,7,10.3668,11882.4
1378,9,0,7,10.3507,11801.7
1380,9,0,7,10.344,11766.2
1435,9,0,7,10.3106,11596.2
1441,9,0,7,10.2981,11530.4
1656,9,0,7,10.2908,11493.1
1442,9,0,7,10.2847,11460.9
2084,9,0,7,10.2595,11333
1445,9,0,7,10.2294,11170.8
2087,9,0,7,10.2076,11056.4
2088,9,0,7,10.1943,10988.5
1644,9,0,7,10.189,10961
2089,9,0,7,10.1708,10859.8
2102,9,0,7,10.1704,10857.8
1497,9,0,7,10.169,10850.7
1621,9,0,7,10.1684,10848
1275,9,0,8,10.8472,14339.6,0.057,248.617,0.01,9
1266,9,0,8,10.8321,14263
1267,9,0,8,10.8165,14181.6
1260,9,0,8,10.8023,14106.3
1259,9,0,8,10.7888,14035.4
868,9,0,8,10.7676,13922.7
869,9,0,8,10.7476,13814
2066,9,0,8,10.7261,13702.5
1297,9,0,8,10.6998,13562.9
1299,9,0,8,10.6941,13530.9
1557,9,0,8,10.6761,13432.4
1301,9,0,8,10.6631,13366.4
1302,9,0,8,10.6391,13237.7
1307,9,0,8,10.6238,13153.4
1308,9,0,8,10.6124,13093.4
1309,9,0,8,10.5952,13004.3
1314,9,0,8,10.5946,13001.4
2165,9,0,8,10.5783,12914.2
2118,9,0,8,10.5766,12906
1353,9,0,8,10.5526,12779.1
1822,9,0,8,10.5427,12729.4
2075,9,0,8,10.5419,12725.4
2188,9,0,8,10.5177,12603.9
1354,9,0,8,10.5088,12560.1
1355,9,0,8,10.5009,12519.2
2076,9,0,8,10.499,12510.1
1356,9,0,8,10.4912,12469.8
1357,9,0,8,10.4904,12466.1
1349,9,0,8,10.4786,12404.8
1348,9,0,8,10.4776,12399.8
953,9,0,9,11.1572,15951,0.102333,446.347,0.44,10
952,9,0,9,11.1437,15884.8
2022,9,0,9,11.1322,15826.6
2021,9,0,9,11.1214,15770.8
951,9,0,9,11.1023,15672.6
949,9,0,9,11.0914,15616.3
2025,9,0,9,11.0879,15598.8
2024,9,0,9,11.0734,15520.5
1557,9,0,9,11.0619,15457.7
1299,9,0,9,11.0377,15332.9
1300,9,0,9,11.0331,15309.3
1298,9,0,9,11.0263,15274.1
2176,9,0,9,11.02,15235.3
2066,9,0,9,11.0093,15167.6
869,9,0,9,10.9993,15092.7
868,9,0,9,10.9787,14981.4
1259,9,0,9,10.9606,14882
1260,9,0,9,10.9432,14794.8
1258,9,0,9,10.93,14724.9
1265,9,0,9,10.9161,14651.8
1275,9,0,9,10.9042,14588.2
1087,9,0,10,11.4125,17182.1,0,0,0
1088,9,0,10,11.4057,17146.8
1117,9,0,10,11.3961,17098.6
1119,9,0,10,11.3953,17094.6
1118,9,0,10,11.3889,17060
1116,9,0,10,11.3881,17056.1
1115,9,0,10,11.3758,16995.6
2041,9,0,10,11.3615,16925.6
1110,9,0,10,11.3544,16890.7
1111,9,0,10,11.3444,16843.6
1107,9,0,10,11.3399,16820.5
1106,9,0,10,11.3266,16750.6
2039,9,0,10,11.3201,16709
2106,9,0,10,11.3039,16621.5
2050,9,0,10,11.2953,16580.1
2108,9,0,10,11.2762,16484
2023,9,0,10,11.2604,16401.5
953,9,0,10,11.2596,16397.4
2057,10,0,0,8.19738,790.795,0.0981667,428.173,0.33,1
2122,10,0,0,8.19061,756.084
1639,10,0,0,8.18528,728.728
1190,10,0,0,8.18185,709.948
1186,10,0,0,8.17193,656.065
1183,10,0,0,8.16169,601.675
1103,10,0,0,8.15103,544.89
1084,10,0,0,8.14116,487.929
1062,10,0,0,8.12467,388.255
1063,10,0,0,8.1239,381.112
1061,10,0,0,8.12047,363.372
1060,10,0,0,8.11397,330.074
1073,10,0,0,8.09255,218.101
1075,10,0,0,8.08724,191.567
1072,10,0,0,8.07669,137.848
1071,10,0,0,8.06891,97.4637
2160,10,0,0,8.06179,59.0712
1087,10,0,0,8.05,0
1429,10,0,1,8.40336,1788.84,0.0685,298.776,0.22,2
2166,10,0,1,8.3833,1686.97
1427,10,0,1,8.36996,1617.49
1677,10,0,1,8.35966,1565.05
2103,10,0,1,8.35579,1545.71
2177,10,0,1,8.35572,1545.35
1841,10,0,1,8.35558,1544
2060,10,0,1,8.31978,1346.48
1551,10,0,1,8.31905,1342.27
1201,10,0,1,8.31339,1312.91
1821,10,0,1,8.30914,1288.57
1640,10,0,1,8.30042,1244.34
2057,10,0,1,8.29555,1218.97
1601,10,0,2,8.87696,4204.49,0.0903333,394.007,0.18,3
1311,10,0,2,8.86075,4109.07
1312,10,0,2,8.85178,4055.36
1306,10,0,2,8.85171,4055
1301,10,0,2,8.83966,3988.71
1302,10,0,2,8.81176,3843.52
1307,10,0,2,8.79441,3750.31
1308,10,0,2,8.78269,3688.59
1309,10,0,2,8.76249,3587.09
1314,10,0,2,8.76191,3584.22
2165,10,0,2,8.74206,3482.25
2118,10,0,2,8.74042,3474.04
1353,10,0,2,8.71582,3344.59
1822,10,0,2,8.70774,3302.72
2075,10,0,2,8.70692,3298.72
2188,10,0,2,8.68503,3186.75
1354,10,0,2,8.67536,3139.51
1355,10,0,2,8.66809,3101.66
2076,10,0,2,8.66626,3092.55
1356,10,0,2,8.65844,3052.25
1357,10,0,2,8.65766,3048.53
1358,10,0,2,8.64889,3000.65
1352,10,0,2,8.64085,2957.27
1351,10,0,2,8.62966,2899.79
1350,10,0,2,8.62314,2865.42
1414,10,0,2,8.60694,2784.91
2120,10,0,2,8.59636,2729.93
2097,10,0,2,8.59003,2694.78
1415,10,0,2,8.57778,2631.36
1416,10,0,2,8.56403,2560.75
1554,10,0,2,8.56247,2552.92
2079,10,0,2,8.55696,2523.55
1651,10,0,2,8.5241,2351.03
2094,10,0,2,8.51507,2303.19
1419,10,0,2,8.5054,2252.79
1429,10,0,2,8.47186,2087.61
822,10,0,3,9.11187,5364.46,0.0406667,177.376,0.33,4
2153,10,0,3,9.09359,5264.18
831,10,0,3,9.09357,5264.1
832,10,0,3,9.08348,5214.16
843,10,0,3,9.06884,5136.45
855,10,0,3,9.04138,4999.97
1856,10,0,3,9.04123,4999.25
869,10,0,3,9.03198,4948.07
2066,10,0,3,9.01231,4844.44
1297,10,0,3,8.98497,4700.11
1299,10,0,3,8.97875,4665.78
1600,10,0,3,8.97731,4652.34
1599,10,0,3,8.97678,4647.25
1601,10,0,3,8.96729,4598.5
1650,10,0,4,9.49798,7444.14,0.1055,460.159,0.37,5
2167,10,0,4,9.49482,7427.04
1657,10,0,4,9.48953,7399.85
1399,10,0,4,9.4696,7294.9
1398,10,0,4,9.46315,7260.75
1397,10,0,4,9.4522,7203.9
1377,10,0,4,9.43911,7134.07
1374,10,0,4,9.43831,7130.34
1373,10,0,4,9.428,7076.13
1372,10,0,4,9.41732,7021.76
1371,10,0,4,9.4094,6981.87
1362,10,0,4,9.39972,6931.46
1361,10,0,4,9.39339,6899.06
1354,10,0,4,9.39335,6898.87
2188,10,0,4,9.3856,6859.62
2075,10,0,4,9.36486,6752.48
1822,10,0,4,9.36404,6748.49
1353,10,0,4,9.35629,6708.01
2118,10,0,4,9.32754,6561.01
2117,10,0,4,9.32501,6536.38
2164,10,0,4,9.30333,6414.77
1306,10,0,4,9.27962,6255.28
1599,10,0,4,9.26295,6162.58
1300,10,0,4,9.25745,6132.46
1298,10,0,4,9.25209,6103.13
2176,10,0,4,9.24539,6063.65
2066,10,0,4,9.23417,5995.28
869,10,0,4,9.22173,5918.45
1856,10,0,4,9.20086,5818.71
855,10,0,4,9.20072,5817.99
843,10,0,4,9.18835,5740.78
832,10,0,4,9.17747,5679.4
831,10,0,4,9.17103,5644.82
825,10,0,4,9.17062,5642.8
822,10,0,4,9.15254,5541.83
1275,10,0,5,10.058,10286.5,0.057,248.617,0.01,6
1265,10,0,5,10.0463,10223.9
1258,10,0,5,10.0345,10159.9
1260,10,0,5,10.0268,10107.5
1259,10,0,5,10.0145,10041.8
868,10,0,5,9.99605,9940.89
869,10,0,5,9.97356,9821.61
2066,10,0,5,9.95731,9732.66
1297,10,0,5,9.92886,9583.56
1299,10,0,5,9.92261,9549.13
1557,10,0,5,9.90088,9434.96
1301,10,0,5,9.88793,9369.08
1302,10,0,5,9.8648,9244.23
1307,10,0,5,9.84975,9160.94
1308,10,0,5,9.83859,9101.66
1309,10,0,5,9.82097,9010.95
1314,10,0,5,9.82039,9008.08
2165,10,0,5,9.79739,8892.92
2118,10,0,5,9.79575,8884.71
1353,10,0,5,9.76974,8749.27
1822,10,0,5,9.76035,8701.92
2075,10,0,5,9.75953,8697.93
2188,10,0,5,9.73656,8581.39
1354,10,0,5,9.72826,8539.85
1355,10,0,5,9.72051,8499.93
1364,10,0,5,9.72047,8499.72
1363,10,0,5,9.70997,8445.85
1373,10,0,5,9.68621,8325.81
1374,10,0,5,9.67493,8267.53
1377,10,0,5,9.67414,8263.8
1397,10,0,5,9.65941,8186.98
1398,10,0,5,9.6446,8114.05
1399,10,0,5,9.63388,8062.07
1657,10,0,5,9.61066,7943.2
1650,10,0,5,9.60348,7904.3
1621,10,0,6,10.568,13088.6,0.101167,441.259,0.13,7
2089,10,0,6,10.5531,13011
2124,10,0,6,10.5453,12974.6
1826,10,0,6,10.5385,12936.5
1450,10,0,6,10.5362,12921.1
1829,10,0,6,10.5316,12891.9
1832,10,0,6,10.519,12806.9
1833,10,0,6,10.5107,12733.5
1837,10,0,6,10.5011,12663.8
2177,10,0,6,10.4972,12643.5
1841,10,0,6,10.497,12642.1
1554,10,0,6,10.4914,12611.7
1416,10,0,6,10.4899,12603.9
1415,10,0,6,10.4756,12531.2
2097,10,0,6,10.464,12470.6
2120,10,0,6,10.4551,12424.2
1414,10,0,6,10.4449,12370.9
1350,10,0,6,10.4333,12309.8
1351,10,0,6,10.4248,12267.1
1352,10,0,6,10.4107,12197.2
1358,10,0,6,10.4018,12150.5
1357,10,0,6,10.3891,12085.7
1356,10,0,6,10.3883,12082
2076,10,0,6,10.3817,12046.9
1355,10,0,6,10.3804,12040
1354,10,0,6,10.374,12005.8
2188,10,0,6,10.3668,11968.7
2075,10,0,6,10.3457,11860
1822,10,0,6,10.3448,11856
1353,10,0,6,10.3341,11803
2118,10,0,6,10.3106,11678.1
2117,10,0,6,10.308,11653.5
2164,10,0,6,10.2893,11538.5
1306,10,0,6,10.2659,11379.3
1599,10,0,6,10.2483,11282.8
1300,10,0,6,10.2439,11256.3
1298,10,0,6,10.2371,11221.1
2176,10,0,6,10.2308,11182.2
2066,10,0,6,10.2202,11114.5
869,10,0,6,10.2102,11039.7
868,10,0,6,10.1895,10928.3
1259,10,0,6,10.1714,10829
1260,10,0,6,10.154,10741.8
1258,10,0,6,10.1408,10671.8
1265,10,0,6,10.1269,10598.7
1275,10,0,6,10.115,10535.2
953,10,0,7,11.04,15464.3,0.102333,446.347,0.44,8
2023,10,0,7,11.0392,15460.2
2163,10,0,7,11.0115,15311.9
1314,10,0,7,10.9985,15239.7
2165,10,0,7,10.9792,15139.8
2118,10,0,7,10.9775,15131.6
1353,10,0,7,10.9522,14999.2
1822,10,0,7,10.9434,14954.1
2075,10,0,7,10.9426,14950.1
2188,10,0,7,10.9177,14825.5
1354,10,0,7,10.9088,14781.7
1355,10,0,7,10.9008,14740.8
2076,10,0,7,10.899,14731.7
1356,10,0,7,10.8912,14691.5
1357,10,0,7,10.8904,14687.7
1367,10,0,7,10.8787,14625.6
1375,10,0,7,10.8676,14564.3
1378,10,0,7,10.8515,14483.5
1380,10,0,7,10.8447,14448.1
1435,10,0,7,10.8114,14278
1441,10,0,7,10.7988,14212.2
1656,10,0,7,10.7916,14175
1442,10,0,7,10.7854,14142.8
2084,10,0,7,10.7602,14014.8
1445,10,0,7,10.7302,13852.7
2087,10,0,7,10.7084,13738.3
2088,10,0,7,10.6951,13670.4
1644,10,0,7,10.6897,13642.9
2089,10,0,7,10.6715,13541.7
2102,10,0,7,10.6711,13539.7
1497,10,0,7,10.6698,13532.5
1621,10,0,7,10.6692,13529.8
1087,10,0,8,11.2953,16695.4,0,0,0
1088,10,0,8,11.2884,16660.1
1117,10,0,8,11.2789,16611.9
1119,10,0,8,11.2781,16607.9
1118,10,0,8,11.2717,16573.4
1116,10,0,8,11.2708,16569.4
1115,10,0,8,11.2585,16508.9
2041,10,0,8,11.2443,16438.9
1110,10,0,8,11.2372,16404
1111,10,0,8,11.2271,16356.9
1107,10,0,8,11.2226,16333.8
1106,10,0,8,11.2094,16263.9
2039,10,0,8,11.2028,16222.4
2106,10,0,8,11.1866,16134.8
2050,10,0,8,11.1781,16093.4
2108,10,0,8,11.159,15997.3
2023,10,0,8,11.1431,15914.8
953,10,0,8,11.1423,15910.7
1348,10,1,0,10.9313,925.387,0.0748333,326.4,0.08,1
1340,10,1,0,10.9308,922.844
1328,10,1,0,10.9116,826.579
2047,10,1,0,10.8749,635.788
1149,10,1,0,10.8705,612.738
1150,10,1,0,10.8648,583.774
2045,10,1,0,10.8532,524.628
1120,10,1,0,10.8377,440.513
1094,10,1,0,10.8309,406.856
1091,10,1,0,10.8174,342.104
1092,10,1,0,10.8132,319.962
1074,10,1,0,10.8073,289.517
1073,10,1,0,10.7965,234.827
1075,10,1,0,10.7907,205.904
1072,10,1,0,10.7793,148.853
1071,10,1,0,10.7709,105.854
2160,10,1,0,10.7629,63.7234
1087,10,1,0,10.75,0
1087,10,1,1,11.1195,1849.98,0,0,0
1088,10,1,1,11.1127,1814.67
1117,10,1,1,11.1031,1766.43
1119,10,1,1,11.1023,1762.43
1118,10,1,1,11.0959,1727.9
2044,10,1,1,11.0816,1651.99
2169,10,1,1,11.0731,1608.88
2171,10,1,1,11.0684,1585
1549,10,1,1,11.0619,1549.99
1147,10,1,1,11.0554,1515.84
1796,10,1,1,11.0255,1351.09
1328,10,1,1,11.0235,1340.98
1340,10,1,1,11.0066,1254.33
1348,10,1,1,11.0061,1251.79
905,10,2,0,8.64157,829.666,0.061,266.064,0.44,1
906,10,2,0,8.62774,757.574
892,10,2,0,8.60882,661.974
896,10,2,0,8.60641,648.832
895,10,2,0,8.60369,634.662
907,10,2,0,8.59255,576.488
908,10,2,0,8.58507,537.87
2014,10,2,0,8.58448,535.191
2015,10,2,0,8.57637,494.476
2018,10,2,0,8.56717,447.026
920,10,2,0,8.56325,426.243
1793,10,2,0,8.54171,316.201
2034,10,2,0,8.53348,274.763
1850,10,2,0,8.52367,225.044
1849,10,2,0,8.50592,135.401
1848,10,2,0,8.50086,109.545
1847,10,2,0,8.49677,87.3505
1086,10,2,0,8.49314,67.3611
1087,10,2,0,8.48,0
1087,10,2,1,8.85864,1909.7,0,0,0
1090,10,2,1,8.85005,1864.99
1071,10,2,1,8.83958,1810.81
2160,10,2,1,8.83246,1772.42
1067,10,2,1,8.82232,1718.1
1068,10,2,1,8.81986,1705.61
1069,10,2,1,8.81422,1677.11
1070,10,2,1,8.80931,1651.67
2034,10,2,1,8.79347,1570.08
1793,10,2,1,8.78586,1531.26
920,10,2,1,8.76955,1443.39
2018,10,2,1,8.76414,1416.33
2015,10,2,1,8.75517,1369.89
2014,10,2,1,8.74687,1328.34
2017,10,2,1,8.74571,1322.65
2170,10,2,1,8.74253,1306.78
917,10,2,1,8.73635,1275.8
916,10,2,1,8.73617,1274.89
906,10,2,1,8.71471,1160.62
905,10,2,1,8.70257,1095.73
