Node, Individual, Route,Segment, Travel time, Travel cost, Attention time, Attention cost, Failure rate, Demand
905,0,0,0,9.7069,851.671,0.112167,489.237,0.46,1
906,0,0,0,9.69491,787.386
892,0,0,0,9.67767,698.862
896,0,0,0,9.67342,677.99
895,0,0,0,9.66954,658.95
907,0,0,0,9.65531,587.819
908,0,0,0,9.64733,547.082
2014,0,0,0,9.64674,544.403
2015,0,0,0,9.63863,503.688
2018,0,0,0,9.62942,456.238
920,0,0,0,9.62495,433.088
1793,0,0,0,9.6043,326.783
2034,0,0,0,9.59664,287.76
1850,0,0,0,9.58669,237.441
1849,0,0,0,9.56462,129.909
1848,0,0,0,9.56047,107.905
1847,0,0,0,9.55648,86.1224
1086,0,0,0,9.55266,65.35
1087,0,0,0,9.54,0
822,0,0,1,9.95807,2074.5,0.0406667,177.376,0.33,2
2153,0,0,1,9.93709,1962.6
831,0,0,1,9.93707,1962.51
825,0,0,1,9.93666,1960.49
834,0,0,1,9.92865,1914.37
833,0,0,1,9.92597,1900.16
899,0,0,1,9.90103,1766.86
900,0,0,1,9.87758,1647.84
901,0,0,1,9.87152,1616.98
902,0,0,1,9.85923,1550.2
904,0,0,1,9.84494,1474.69
903,0,0,1,9.84117,1454.85
905,0,0,1,9.81907,1340.91
1275,0,0,2,10.1641,3139.53,0.057,248.617,0.01,3
1266,0,0,2,10.1531,3080.11
1267,0,0,2,10.1396,3007.89
1260,0,0,2,10.1247,2929.56
1259,0,0,2,10.1112,2858.58
868,0,0,2,10.0902,2746.62
869,0,0,2,10.0679,2628.49
1856,0,0,2,10.0471,2528.75
855,0,0,2,10.0469,2528.03
843,0,0,2,10.0346,2450.82
832,0,0,2,10.0237,2389.44
831,0,0,2,10.0172,2354.87
825,0,0,2,10.0168,2352.84
822,0,0,2,9.99874,2251.87
1601,0,0,3,10.3614,4173.78,0.0673333,293.688,0.2,4
1599,0,0,3,10.3544,4135.78
1300,0,0,3,10.35,4109.27
1298,0,0,3,10.3432,4074.04
2176,0,0,3,10.3369,4035.18
2066,0,0,3,10.3262,3967.52
869,0,0,3,10.3162,3892.66
868,0,0,3,10.2956,3781.27
1259,0,0,3,10.2775,3681.96
1260,0,0,3,10.2601,3594.74
1258,0,0,3,10.2469,3524.78
1265,0,0,3,10.233,3451.72
1275,0,0,3,10.2211,3388.15
953,0,0,4,10.5562,5138.5,0.0833333,363.475,0.46,5
952,0,0,4,10.5424,5071
2022,0,0,4,10.5308,5012.78
2021,0,0,4,10.52,4956.97
951,0,0,4,10.5009,4858.76
949,0,0,4,10.49,4802.48
2025,0,0,4,10.4865,4785.03
2024,0,0,4,10.472,4706.68
1557,0,0,4,10.4606,4643.91
1299,0,0,4,10.4363,4519.09
1600,0,0,4,10.4349,4505.64
1599,0,0,4,10.4344,4500.54
1601,0,0,4,10.4287,4467.47
1348,0,0,5,10.7995,6354.17,0.0748333,326.4,0.08,6
1349,0,0,5,10.7985,6349.18
1357,0,0,5,10.7864,6286.58
1356,0,0,5,10.7856,6282.86
2076,0,0,5,10.7792,6248.57
1355,0,0,5,10.7779,6241.53
1354,0,0,5,10.7716,6207.99
2188,0,0,5,10.7635,6167.29
2075,0,0,5,10.7426,6059.25
1822,0,0,5,10.7418,6055.26
1353,0,0,5,10.731,6002.31
2118,0,0,5,10.7075,5877.44
2117,0,0,5,10.705,5852.81
2165,0,0,5,10.7004,5826.98
1314,0,0,5,10.6848,5743.05
2163,0,0,5,10.669,5659.03
2023,0,0,5,10.6403,5506.07
953,0,0,5,10.6395,5501.97
1650,0,0,6,10.994,7302.87,0.0471667,205.727,0.37,7
2167,0,0,6,10.9906,7284.76
1657,0,0,6,10.9862,7261.1
1399,0,0,6,10.9645,7148.89
1381,0,0,6,10.9418,7029.21
1380,0,0,6,10.9367,7002.79
1378,0,0,6,10.9285,6961.22
1375,0,0,6,10.9135,6885.17
1367,0,0,6,10.9005,6815.84
1357,0,0,6,10.8872,6746.85
1349,0,0,6,10.8753,6685.55
1348,0,0,6,10.8744,6680.57
1621,0,0,7,11.1827,8239.37,0.0768333,335.124,0.15,8
2089,0,0,7,11.1631,8142.29
2124,0,0,7,11.151,8088.47
1826,0,0,7,11.1427,8044.26
1450,0,0,7,11.1407,8028.96
2087,0,0,7,11.1234,7939.81
1461,0,0,7,11.1167,7905.18
2085,0,0,7,11.0665,7644.85
1650,0,0,7,11.0412,7508.59
1429,0,0,8,11.3829,9289.09,0.0606667,264.61,0.27,9
2166,0,0,8,11.3658,9199.64
1427,0,0,8,11.3506,9122.27
1677,0,0,8,11.3423,9078.31
1836,0,0,8,11.3356,9046.08
1834,0,0,8,11.3178,8954.14
1830,0,0,8,11.3099,8877.93
1828,0,0,8,11.301,8792.52
1449,0,0,8,11.2902,8739.15
1825,0,0,8,11.2848,8711.95
2124,0,0,8,11.2661,8607.98
2089,0,0,8,11.2619,8586.38
2102,0,0,8,11.2615,8584.35
1497,0,0,8,11.2602,8577.19
1621,0,0,8,11.2596,8574.49
2057,0,0,9,11.5823,10279.2,0.0335,146.117,0.35,10
1640,0,0,9,11.5772,10252.8
1821,0,0,9,11.57,10215.2
1196,0,0,9,11.5639,10176.4
1550,0,0,9,11.5573,10138.2
1552,0,0,9,11.5528,10115.4
2059,0,0,9,11.5466,10082.9
2063,0,0,9,11.5226,9961.6
2064,0,0,9,11.5165,9931.08
2080,0,0,9,11.4967,9831.15
2082,0,0,9,11.4753,9728.14
1419,0,0,9,11.4607,9649.5
1429,0,0,9,11.4436,9553.7
1087,0,0,10,11.7828,11279.1,0,0,0
1090,0,0,10,11.7741,11233.9
1076,0,0,10,11.748,11106.9
1074,0,0,10,11.7438,11085.8
1077,0,0,10,11.7343,11035
1080,0,0,10,11.7208,10967.8
1079,0,0,10,11.7142,10933.4
1061,0,0,10,11.7099,10912.1
1063,0,0,10,11.7064,10893.9
1083,0,0,10,11.6913,10812.3
1105,0,0,10,11.6747,10728.3
1104,0,0,10,11.6516,10612.3
1187,0,0,10,11.6416,10558.2
1188,0,0,10,11.6351,10525.8
1192,0,0,10,11.6314,10506.7
1639,0,0,10,11.6273,10484.9
2122,0,0,10,11.6217,10456.3
2057,0,0,10,11.6158,10425.3
953,1,0,0,9.46454,699.176,0.0893333,389.645,0.46,1
2023,1,0,0,9.46373,695.075
2108,1,0,0,9.44888,616.787
1794,1,0,0,9.44252,584.054
2106,1,0,0,9.42747,505.482
2039,1,0,0,9.40835,405.505
2040,1,0,0,9.39754,346.066
2043,1,0,0,9.39316,323.811
1111,1,0,0,9.37833,249.804
1110,1,0,0,9.37112,214.316
1113,1,0,0,9.35875,148.867
1847,1,0,0,9.34648,86.1224
1086,1,0,0,9.34266,65.35
1087,1,0,0,9.33,0
905,1,0,1,9.68986,1806.72,0.112167,489.237,0.46,2
906,1,0,1,9.67786,1742.43
1555,1,0,1,9.64857,1583.22
930,1,0,1,9.62842,1478.24
931,1,0,1,9.6189,1431.07
932,1,0,1,9.60487,1355.51
933,1,0,1,9.59985,1329.94
934,1,0,1,9.59432,1292.29
935,1,0,1,9.59378,1289.68
2020,1,0,1,9.58272,1232.7
1787,1,0,1,9.56412,1139.74
2023,1,0,1,9.55469,1092.92
953,1,0,1,9.55388,1088.82
822,1,0,2,9.94103,3029.54,0.0406667,177.376,0.33,3
2153,1,0,2,9.92004,2917.64
831,1,0,2,9.92002,2917.56
825,1,0,2,9.91961,2915.53
834,1,0,2,9.9116,2869.42
833,1,0,2,9.90893,2855.21
899,1,0,2,9.88398,2721.9
900,1,0,2,9.86053,2602.88
901,1,0,2,9.85448,2572.03
902,1,0,2,9.84218,2505.24
904,1,0,2,9.82789,2429.74
903,1,0,2,9.82412,2409.89
905,1,0,2,9.80202,2295.95
1275,1,0,3,10.147,4094.58,0.057,248.617,0.01,4
1266,1,0,3,10.136,4035.16
1267,1,0,3,10.1226,3962.93
1260,1,0,3,10.1077,3884.6
1259,1,0,3,10.0941,3813.63
868,1,0,3,10.0731,3701.66
869,1,0,3,10.0509,3583.53
1856,1,0,3,10.03,3483.79
855,1,0,3,10.0299,3483.08
843,1,0,3,10.0175,3405.87
832,1,0,3,10.0066,3344.49
831,1,0,3,10.0002,3309.91
825,1,0,3,9.99978,3307.88
822,1,0,3,9.98169,3206.92
1601,1,0,4,10.3443,5128.82,0.0673333,293.688,0.2,5
1599,1,0,4,10.3374,5090.82
1300,1,0,4,10.3329,5064.31
1298,1,0,4,10.3262,5029.09
2176,1,0,4,10.3199,4990.22
2066,1,0,4,10.3092,4922.57
869,1,0,4,10.2992,4847.71
868,1,0,4,10.2785,4736.32
1259,1,0,4,10.2604,4637.01
1260,1,0,4,10.2431,4549.79
1258,1,0,4,10.2299,4479.82
1265,1,0,4,10.2159,4406.76
1275,1,0,4,10.204,4343.19
1348,1,0,5,10.5716,6327.67,0.0748333,326.4,0.08,6
1349,1,0,5,10.5706,6322.68
1357,1,0,5,10.5585,6260.08
1356,1,0,5,10.5577,6256.36
2076,1,0,5,10.5513,6222.07
1355,1,0,5,10.5499,6215.02
1354,1,0,5,10.5437,6181.48
2188,1,0,5,10.5356,6140.78
2075,1,0,5,10.5146,6032.75
1822,1,0,5,10.5138,6028.76
1353,1,0,5,10.5031,5975.81
2118,1,0,5,10.4796,5850.93
2117,1,0,5,10.477,5826.3
2164,1,0,5,10.4583,5711.32
1306,1,0,5,10.4349,5552.06
1599,1,0,5,10.4173,5455.58
1601,1,0,5,10.4117,5422.51
1650,1,0,6,10.7661,7276.36,0.0471667,205.727,0.37,7
2167,1,0,6,10.7627,7258.26
1657,1,0,6,10.7582,7234.6
1399,1,0,6,10.7366,7122.39
1381,1,0,6,10.7139,7002.71
1380,1,0,6,10.7087,6976.29
1378,1,0,6,10.7006,6934.72
1375,1,0,6,10.6856,6858.67
1367,1,0,6,10.6726,6789.34
1357,1,0,6,10.6592,6720.35
1349,1,0,6,10.6474,6659.05
1348,1,0,6,10.6464,6654.07
1621,1,0,7,10.9543,8224.6,0.101167,441.259,0.13,8
1645,1,0,7,10.9244,8068.86
1496,1,0,7,10.9207,8048.35
1495,1,0,7,10.8805,7839.13
1494,1,0,7,10.8728,7797.09
1460,1,0,7,10.8603,7729.18
1646,1,0,7,10.8543,7698.94
1454,1,0,7,10.8444,7647.96
2167,1,0,7,10.8164,7499
1650,1,0,7,10.8133,7482.09
1429,1,0,8,11.1788,9380.46,0.0606667,264.61,0.27,9
2166,1,0,8,11.1617,9291.01
1427,1,0,8,11.1465,9213.64
1677,1,0,8,11.1382,9169.68
1836,1,0,8,11.1314,9137.45
1834,1,0,8,11.1137,9045.51
1830,1,0,8,11.1058,8969.3
1828,1,0,8,11.0969,8883.89
1449,1,0,8,11.0861,8830.52
1825,1,0,8,11.0807,8803.32
2124,1,0,8,11.0619,8699.35
2089,1,0,8,11.0578,8677.75
2102,1,0,8,11.0574,8675.72
1497,1,0,8,11.056,8668.56
1621,1,0,8,11.0554,8665.86
2057,1,0,9,11.3782,10370.5,0.0335,146.117,0.35,10
1640,1,0,9,11.373,10344.1
1821,1,0,9,11.3659,10306.6
1196,1,0,9,11.3598,10267.8
1550,1,0,9,11.3532,10229.6
1552,1,0,9,11.3487,10206.8
2059,1,0,9,11.3425,10174.3
2063,1,0,9,11.3185,10053
2064,1,0,9,11.3123,10022.4
2080,1,0,9,11.2926,9922.52
2082,1,0,9,11.2712,9819.51
1419,1,0,9,11.2566,9740.87
1429,1,0,9,11.2394,9645.07
1087,1,0,10,11.5787,11370.5,0,0,0
1090,1,0,10,11.57,11325.3
1076,1,0,10,11.5438,11198.3
1074,1,0,10,11.5397,11177.2
1077,1,0,10,11.5301,11126.4
1080,1,0,10,11.5167,11059.2
1079,1,0,10,11.51,11024.7
1061,1,0,10,11.5058,11003.4
1063,1,0,10,11.5023,10985.3
1083,1,0,10,11.4871,10903.7
1105,1,0,10,11.4706,10819.6
1104,1,0,10,11.4475,10703.7
1187,1,0,10,11.4375,10649.6
1188,1,0,10,11.431,10617.2
1192,1,0,10,11.4272,10598.1
1639,1,0,10,11.4232,10576.2
2122,1,0,10,11.4175,10547.7
2057,1,0,10,11.4117,10516.7
905,2,0,0,8.76157,829.666,0.061,266.064,0.44,1
906,2,0,0,8.74774,757.574
892,2,0,0,8.72882,661.974
896,2,0,0,8.72641,648.832
895,2,0,0,8.72369,634.662
907,2,0,0,8.71255,576.488
908,2,0,0,8.70507,537.87
2014,2,0,0,8.70448,535.191
2015,2,0,0,8.69637,494.476
2018,2,0,0,8.68717,447.026
920,2,0,0,8.68325,426.243
1793,2,0,0,8.66171,316.201
2034,2,0,0,8.65348,274.763
1850,2,0,0,8.64367,225.044
1849,2,0,0,8.62592,135.401
1848,2,0,0,8.62086,109.545
1847,2,0,0,8.61677,87.3505
1086,2,0,0,8.61314,67.3611
1087,2,0,0,8.6,0
822,2,0,1,8.95211,1793.64,0.0658333,287.145,0.32,2
2153,2,0,1,8.93382,1693.36
831,2,0,1,8.93381,1693.28
825,2,0,1,8.9334,1691.25
834,2,0,1,8.92692,1647.16
833,2,0,1,8.9245,1634.05
899,2,0,1,8.89847,1496.1
900,2,0,1,8.88116,1403.09
901,2,0,1,8.87532,1373.14
902,2,0,1,8.85937,1290.74
904,2,0,1,8.84476,1213.92
903,2,0,1,8.84116,1194.75
905,2,0,1,8.82257,1095.73
1275,2,0,2,9.18329,2968.44,0.1075,468.883,0.03,3
1266,2,0,2,9.17226,2909.02
1267,2,0,2,9.15881,2836.79
1260,2,0,2,9.1439,2758.47
1259,2,0,2,9.13039,2687.49
868,2,0,2,9.10935,2575.53
869,2,0,2,9.08714,2457.4
1856,2,0,2,9.06627,2357.66
855,2,0,2,9.06612,2356.94
843,2,0,2,9.05375,2279.73
832,2,0,2,9.04288,2218.35
831,2,0,2,9.03644,2183.77
825,2,0,2,9.03603,2181.75
822,2,0,2,9.01794,2080.78
1601,2,0,3,9.43651,4222.51,0.0985,429.627,0.19,4
1599,2,0,3,9.43041,4188.27
1300,2,0,3,9.42492,4158.16
1298,2,0,3,9.41956,4128.82
2176,2,0,3,9.41286,4089.35
2066,2,0,3,9.40164,4020.98
1262,2,0,3,9.39269,3970.49
1261,2,0,3,9.38559,3930.61
1846,2,0,3,9.35816,3787.79
1271,2,0,3,9.35292,3762.22
1270,2,0,3,9.34527,3720.29
1269,2,0,3,9.33173,3651.92
1267,2,0,3,9.3188,3584.01
1266,2,0,3,9.3043,3507.34
1275,2,0,3,9.29079,3437.32
953,2,0,4,9.66178,5319.24,0.0893333,389.645,0.46,5
952,2,0,4,9.64803,5251.98
2022,2,0,4,9.63645,5193.76
2021,2,0,4,9.62363,5129.39
951,2,0,4,9.6033,5025.96
949,2,0,4,9.59268,4971.03
2025,2,0,4,9.58921,4953.57
2024,2,0,4,9.57558,4878.89
1557,2,0,4,9.56171,4805.78
1299,2,0,4,9.54405,4709.1
1600,2,0,4,9.54261,4695.65
1599,2,0,4,9.54207,4690.58
1601,2,0,4,9.53501,4652.13
2057,2,0,5,10.0079,7022.06,0.039,170.106,0.35,6
2122,2,0,5,10.0017,6989.9
1639,2,0,5,9.9964,6962.46
1190,2,0,5,9.99212,6940.06
1186,2,0,5,9.98087,6880.47
1187,2,0,5,9.97706,6860.16
1124,2,0,5,9.96486,6799.63
2038,2,0,5,9.95412,6744.99
1123,2,0,5,9.92776,6617.07
2037,2,0,5,9.91894,6570.28
1122,2,0,5,9.9121,6535.05
1129,2,0,5,9.89856,6467.23
2045,2,0,5,9.88868,6417.89
1128,2,0,5,9.86828,6313.35
2044,2,0,5,9.86044,6274.4
1127,2,0,5,9.85962,6270.47
1126,2,0,5,9.85303,6237.17
2042,2,0,5,9.83855,6163
1125,2,0,5,9.83331,6135.76
2043,2,0,5,9.82696,6103.28
2040,2,0,5,9.82301,6082.82
2039,2,0,5,9.80789,6004.98
2106,2,0,5,9.7909,5914.06
2050,2,0,5,9.78577,5887
2108,2,0,5,9.77072,5807.94
2023,2,0,5,9.75193,5712.98
953,2,0,5,9.75111,5708.88
1429,2,0,6,10.1579,7778.16,0.0726667,316.95,0.28,7
2166,2,0,6,10.1326,7654.6
1427,2,0,6,10.1184,7581.55
1677,2,0,6,10.1103,7538.45
2103,2,0,6,10.1064,7519.11
2177,2,0,6,10.1064,7518.75
1841,2,0,6,10.1062,7517.4
2060,2,0,6,10.0706,7320.51
1551,2,0,6,10.0696,7315.32
1201,2,0,6,10.0622,7278.62
1821,2,0,6,10.0579,7254.27
1640,2,0,6,10.0491,7209.71
2057,2,0,6,10.0469,7192.17
1621,2,0,7,10.36,8823.26,0.101167,441.259,0.13,8
2089,2,0,7,10.3445,8743.29
2124,2,0,7,10.3324,8689.9
1826,2,0,7,10.3229,8640.54
1450,2,0,7,10.3203,8624.74
1829,2,0,7,10.3162,8595.98
1832,2,0,7,10.3044,8511.5
1833,2,0,7,10.2948,8439.06
1837,2,0,7,10.2845,8369.11
2177,2,0,7,10.2808,8349.52
2103,2,0,7,10.2808,8349.16
1677,2,0,7,10.2782,8335.38
1427,2,0,7,10.2705,8293.71
2166,2,0,7,10.2532,8207.96
1429,2,0,7,10.2305,8095.11
1650,2,0,8,10.5948,9955.46,0.0471667,205.727,0.37,9
2085,2,0,8,10.5666,9807.06
1461,2,0,8,10.5098,9518.98
2087,2,0,8,10.5003,9472.97
2088,2,0,8,10.487,9405.08
1644,2,0,8,10.4817,9377.57
2089,2,0,8,10.4635,9276.38
2102,2,0,8,10.4631,9274.35
1497,2,0,8,10.4617,9267.22
1621,2,0,8,10.4611,9264.52
1348,2,0,9,10.7551,10748,0.0748333,326.4,0.08,10
1349,2,0,9,10.7541,10743.1
1357,2,0,9,10.7419,10680.5
1356,2,0,9,10.7412,10676.7
1365,2,0,9,10.7336,10637.7
1366,2,0,9,10.7197,10565
1374,2,0,9,10.7085,10503.9
1377,2,0,9,10.7077,10500.2
1397,2,0,9,10.6922,10420.3
1398,2,0,9,10.6807,10361.1
1399,2,0,9,10.6709,10312.9
1657,2,0,9,10.6485,10197.4
1650,2,0,9,10.6419,10161.2
1087,2,0,10,10.9665,11770.6,0,0,0
1088,2,0,10,10.9578,11727.6
1117,2,0,10,10.9476,11676.7
1119,2,0,10,10.9468,11672.7
1118,2,0,10,10.9356,11617.9
2044,2,0,10,10.9217,11544.3
2169,2,0,10,10.9135,11502.4
2171,2,0,10,10.909,11478.8
1549,2,0,10,10.9015,11439.6
1147,2,0,10,10.8954,11407.2
1796,2,0,10,10.8509,11180.5
1328,2,0,10,10.8491,11171
1340,2,0,10,10.8304,11077
1348,2,0,10,10.8299,11074.4
953,3,0,0,8.38022,727.708,0.0948333,413.634,0.45,1
1788,3,0,0,8.36926,674.518
943,3,0,0,8.3541,597.041
934,3,0,0,8.34552,550.017
933,3,0,0,8.33686,503.224
936,3,0,0,8.33627,500.284
937,3,0,0,8.32339,432.774
1085,3,0,0,8.30766,348.909
2035,3,0,0,8.29171,268.111
1850,3,0,0,8.28367,225.044
1849,3,0,0,8.26592,135.401
1848,3,0,0,8.26086,109.545
1847,3,0,0,8.25677,87.3505
1086,3,0,0,8.25314,67.3611
1087,3,0,0,8.24,0
905,3,0,1,8.60553,1831.06,0.061,266.064,0.44,2
906,3,0,1,8.5917,1758.97
1555,3,0,1,8.56578,1614.36
930,3,0,1,8.54535,1508.2
940,3,0,1,8.53383,1449.01
934,3,0,1,8.51394,1338.33
935,3,0,1,8.5134,1335.72
2020,3,0,1,8.50234,1278.75
1787,3,0,1,8.48529,1192.26
2023,3,0,1,8.47587,1145.44
953,3,0,1,8.47505,1141.34
822,3,0,2,8.79607,2795.03,0.0658333,287.145,0.32,3
2153,3,0,2,8.77778,2694.75
831,3,0,2,8.77776,2694.67
825,3,0,2,8.77735,2692.64
834,3,0,2,8.77088,2648.55
833,3,0,2,8.76846,2635.44
899,3,0,2,8.74243,2497.5
900,3,0,2,8.72512,2404.48
901,3,0,2,8.71928,2374.54
902,3,0,2,8.70332,2292.13
904,3,0,2,8.68872,2215.31
903,3,0,2,8.68511,2196.14
905,3,0,2,8.66653,2097.12
1275,3,0,3,9.01526,3923.73,0.1075,468.883,0.03,4
1265,3,0,3,9.00362,3861.15
1258,3,0,3,8.99134,3795.28
1260,3,0,3,8.98378,3743.05
1259,3,0,3,8.96954,3669
868,3,0,3,8.95026,3564.55
869,3,0,3,8.92929,3451.8
1856,3,0,3,8.92268,3406.81
855,3,0,3,8.92254,3406.1
843,3,0,3,8.89981,3289.35
832,3,0,3,8.88933,3228.68
831,3,0,3,8.88379,3197.94
2153,3,0,3,8.88377,3197.86
822,3,0,3,8.8619,3082.18
1601,3,0,4,9.26848,5177.79,0.0985,429.627,0.19,5
1599,3,0,4,9.26239,5143.56
1300,3,0,4,9.2569,5113.44
1298,3,0,4,9.25154,5084.1
2176,3,0,4,9.24484,5044.63
2066,3,0,4,9.23362,4976.26
1262,3,0,4,9.22467,4925.78
1261,3,0,4,9.21757,4885.9
1846,3,0,4,9.19013,4743.07
1271,3,0,4,9.1849,4717.51
1270,3,0,4,9.17725,4675.58
1269,3,0,4,9.16371,4607.21
1267,3,0,4,9.15077,4539.3
1266,3,0,4,9.13628,4462.62
1275,3,0,4,9.12276,4392.61
2057,3,0,5,9.65295,7128.43,0.0776667,338.759,0.34,6
2122,3,0,5,9.64679,7096.27
1820,3,0,5,9.63622,7045.53
1197,3,0,5,9.62283,6978.78
1198,3,0,5,9.61052,6918.21
1199,3,0,5,9.59437,6841.83
1164,3,0,5,9.58493,6794.11
1161,3,0,5,9.57736,6754.6
1330,3,0,5,9.56639,6700.08
1339,3,0,5,9.54415,6584.91
1340,3,0,5,9.53894,6557.83
1348,3,0,5,9.53843,6555.29
1349,3,0,5,9.53758,6550.87
1357,3,0,5,9.52102,6469.89
1356,3,0,5,9.52025,6466.17
2076,3,0,5,9.51247,6426.09
1355,3,0,5,9.51099,6418.44
1364,3,0,5,9.51095,6418.23
1361,3,0,5,9.50449,6382.34
1354,3,0,5,9.50445,6382.15
2188,3,0,5,9.4967,6342.9
2075,3,0,5,9.47597,6235.77
1822,3,0,5,9.47515,6231.77
1353,3,0,5,9.4674,6191.29
2118,3,0,5,9.43864,6044.29
2117,3,0,5,9.43611,6019.66
2164,3,0,5,9.41443,5898.05
1306,3,0,5,9.39073,5738.56
1599,3,0,5,9.37405,5645.86
1601,3,0,5,9.36698,5607.42
1429,3,0,6,9.84437,8062.49,0.0865,377.287,0.27,7
2166,3,0,6,9.82512,7964.03
1427,3,0,6,9.81059,7889.51
1677,3,0,6,9.80107,7840.36
2103,3,0,6,9.7972,7821.02
2177,3,0,6,9.79713,7820.66
1841,3,0,6,9.79699,7819.31
2060,3,0,6,9.7574,7605.4
1551,3,0,6,9.75668,7601.22
1201,3,0,6,9.75016,7568.23
1821,3,0,6,9.74591,7543.89
1640,3,0,6,9.73679,7498.01
2057,3,0,6,9.73062,7467.19
1621,3,0,7,10.0579,9152.31,0.101167,441.259,0.13,8
2089,3,0,7,10.0457,9086.5
2124,3,0,7,10.0374,9047.54
1826,3,0,7,10.0301,9007.93
1450,3,0,7,10.0281,8992.63
1829,3,0,7,10.0236,8963.57
1832,3,0,7,10.0111,8878.65
1833,3,0,7,10.0025,8805.59
1835,3,0,7,9.991,8742.27
2103,3,0,7,9.9856,8712.77
1677,3,0,7,9.98075,8689.34
1427,3,0,7,9.97105,8639.47
2166,3,0,7,9.95399,8554.38
1429,3,0,7,9.93087,8439.78
1650,3,0,8,10.2927,10284.5,0.0471667,205.727,0.37,9
2085,3,0,8,10.2645,10136.1
1461,3,0,8,10.2077,9848.03
2087,3,0,8,10.1983,9802.02
2088,3,0,8,10.1849,9734.13
1644,3,0,8,10.1796,9706.62
2089,3,0,8,10.1614,9605.43
2102,3,0,8,10.161,9603.4
1497,3,0,8,10.1597,9596.26
1621,3,0,8,10.1591,9593.56
1348,3,0,9,10.453,11077.1,0.0748333,326.4,0.08,10
1349,3,0,9,10.452,11072.1
1357,3,0,9,10.4399,11009.5
1356,3,0,9,10.4391,11005.8
1365,3,0,9,10.4315,10966.7
1366,3,0,9,10.4176,10894
1374,3,0,9,10.4064,10832.9
1377,3,0,9,10.4056,10829.2
1397,3,0,9,10.3902,10749.4
1398,3,0,9,10.3787,10690.2
1399,3,0,9,10.3688,10641.9
1657,3,0,9,10.3464,10526.4
1650,3,0,9,10.3399,10490.2
1087,3,0,10,10.6644,12099.6,0,0,0
1088,3,0,10,10.6557,12056.6
1117,3,0,10,10.6456,12005.7
1119,3,0,10,10.6448,12001.7
1118,3,0,10,10.6335,11946.9
2044,3,0,10,10.6197,11873.3
2169,3,0,10,10.6115,11831.5
2171,3,0,10,10.6069,11807.9
1549,3,0,10,10.5994,11768.7
1147,3,0,10,10.5933,11736.3
1796,3,0,10,10.5488,11509.5
1328,3,0,10,10.547,11500
1340,3,0,10,10.5283,11406
1348,3,0,10,10.5278,11403.5
953,4,0,0,8.28022,727.708,0.0948333,413.634,0.45,1
1788,4,0,0,8.26926,674.518
943,4,0,0,8.2541,597.041
934,4,0,0,8.24552,550.017
933,4,0,0,8.23686,503.224
936,4,0,0,8.23627,500.284
937,4,0,0,8.22339,432.774
1085,4,0,0,8.20766,348.909
2035,4,0,0,8.19171,268.111
1850,4,0,0,8.18367,225.044
1849,4,0,0,8.16592,135.401
1848,4,0,0,8.16086,109.545
1847,4,0,0,8.15677,87.3505
1086,4,0,0,8.15314,67.3611
1087,4,0,0,8.14,0
905,4,0,1,8.50553,1831.06,0.061,266.064,0.44,2
906,4,0,1,8.4917,1758.97
1555,4,0,1,8.46578,1614.36
930,4,0,1,8.44535,1508.2
940,4,0,1,8.43383,1449.01
934,4,0,1,8.41394,1338.33
935,4,0,1,8.4134,1335.72
2020,4,0,1,8.40234,1278.75
1787,4,0,1,8.38529,1192.26
2023,4,0,1,8.37587,1145.44
953,4,0,1,8.37505,1141.34
822,4,0,2,8.69607,2795.03,0.0658333,287.145,0.32,3
2153,4,0,2,8.67778,2694.75
831,4,0,2,8.67776,2694.67
825,4,0,2,8.67735,2692.64
834,4,0,2,8.67088,2648.55
833,4,0,2,8.66846,2635.44
899,4,0,2,8.64243,2497.5
900,4,0,2,8.62512,2404.48
901,4,0,2,8.61928,2374.54
902,4,0,2,8.60332,2292.13
904,4,0,2,8.58872,2215.31
903,4,0,2,8.58511,2196.14
905,4,0,2,8.56653,2097.12
1601,4,0,3,8.87903,3749.44,0.0903333,394.007,0.18,4
1599,4,0,3,8.87078,3705.95
1300,4,0,3,8.86459,3672.81
1298,4,0,3,8.85701,3634.02
2176,4,0,3,8.85073,3595.18
2066,4,0,3,8.83942,3526.67
869,4,0,3,8.82929,3451.8
1856,4,0,3,8.82269,3406.81
855,4,0,3,8.82254,3406.1
843,4,0,3,8.79981,3289.35
832,4,0,3,8.78934,3228.68
831,4,0,3,8.78379,3197.94
2153,4,0,3,8.78377,3197.86
822,4,0,3,8.7619,3082.18
1275,4,0,4,9.12002,4964.95,0.1075,468.883,0.03,5
1265,4,0,4,9.10837,4902.37
1258,4,0,4,9.09609,4836.5
1260,4,0,4,9.08853,4784.26
1259,4,0,4,9.0743,4710.22
868,4,0,4,9.05501,4605.77
869,4,0,4,9.03404,4493.02
2066,4,0,4,9.01437,4389.39
1297,4,0,4,8.98704,4245.06
1299,4,0,4,8.98082,4210.73
1600,4,0,4,8.97937,4197.29
1599,4,0,4,8.97884,4192.2
1601,4,0,4,8.96936,4143.45
2057,4,0,5,9.6421,7654.62,0.0776667,338.759,0.34,6
2122,4,0,5,9.63593,7622.46
1820,4,0,5,9.62536,7571.72
1197,4,0,5,9.61197,7504.97
1198,4,0,5,9.59839,7439.16
1152,4,0,5,9.59142,7403.73
1163,4,0,5,9.58052,7351.35
1164,4,0,5,9.57175,7306.73
1161,4,0,5,9.56365,7265
1330,4,0,5,9.5536,7214.29
1339,4,0,5,9.53225,7102.89
1340,4,0,5,9.52716,7076.31
1348,4,0,5,9.52665,7073.77
1349,4,0,5,9.52574,7069.09
1357,4,0,5,9.51359,7006.48
1356,4,0,5,9.51282,7002.76
2076,4,0,5,9.50303,6954.27
1355,4,0,5,9.50157,6946.71
1364,4,0,5,9.50153,6946.5
1361,4,0,5,9.49527,6911.46
1354,4,0,5,9.49523,6911.27
2188,4,0,5,9.48809,6874.6
2075,4,0,5,9.46906,6774.68
1822,4,0,5,9.46824,6770.69
1353,4,0,5,9.46049,6730.21
2118,4,0,5,9.43173,6583.21
2117,4,0,5,9.4292,6558.58
2164,4,0,5,9.40752,6436.96
1306,4,0,5,9.38382,6277.48
1599,4,0,5,9.36714,6184.78
1300,4,0,5,9.36165,6154.66
1298,4,0,5,9.35629,6125.32
2176,4,0,5,9.34959,6085.85
2066,4,0,5,9.33837,6017.48
1262,4,0,5,9.32942,5967
1261,4,0,5,9.32232,5927.11
1846,4,0,5,9.29488,5784.29
1271,4,0,5,9.28965,5758.73
1270,4,0,5,9.282,5716.8
1269,4,0,5,9.26846,5648.43
1267,4,0,5,9.25552,5580.52
1266,4,0,5,9.24103,5503.84
1275,4,0,5,9.22752,5433.83
1429,4,0,6,9.83351,8588.68,0.0865,377.287,0.27,7
2166,4,0,6,9.81427,8490.21
1427,4,0,6,9.79974,8415.7
1677,4,0,6,9.79021,8366.55
2103,4,0,6,9.78635,8347.21
2177,4,0,6,9.78627,8346.85
1841,4,0,6,9.78613,8345.5
2060,4,0,6,9.74654,8131.59
1551,4,0,6,9.74582,8127.41
1201,4,0,6,9.7393,8094.42
1821,4,0,6,9.73505,8070.08
1640,4,0,6,9.72593,8024.2
2057,4,0,6,9.71976,7993.38
1621,4,0,7,10.0471,9678.49,0.101167,441.259,0.13,8
2089,4,0,7,10.0349,9612.69
2124,4,0,7,10.0265,9573.73
1826,4,0,7,10.0193,9534.12
1450,4,0,7,10.0172,9518.82
1829,4,0,7,10.0127,9489.76
1832,4,0,7,10.0002,9404.84
1833,4,0,7,9.99167,9331.78
1835,4,0,7,9.98014,9268.45
2103,4,0,7,9.97474,9238.96
1677,4,0,7,9.96989,9215.53
1427,4,0,7,9.96019,9165.66
2166,4,0,7,9.94313,9080.57
1429,4,0,7,9.92001,8965.96
1650,4,0,8,10.2818,10810.7,0.0471667,205.727,0.37,9
2085,4,0,8,10.2537,10662.3
1461,4,0,8,10.1969,10374.2
2087,4,0,8,10.1874,10328.2
2088,4,0,8,10.1741,10260.3
1644,4,0,8,10.1688,10232.8
2089,4,0,8,10.1506,10131.6
2102,4,0,8,10.1502,10129.6
1497,4,0,8,10.1488,10122.5
1621,4,0,8,10.1482,10119.8
1348,4,0,9,10.4422,11603.3,0.0748333,326.4,0.08,10
1349,4,0,9,10.4412,11598.3
1357,4,0,9,10.429,11535.7
1356,4,0,9,10.4282,11532
1365,4,0,9,10.4206,11492.9
1366,4,0,9,10.4068,11420.2
1374,4,0,9,10.3955,11359.1
1377,4,0,9,10.3948,11355.4
1397,4,0,9,10.3793,11275.5
1398,4,0,9,10.3678,11216.4
1399,4,0,9,10.358,11168.1
1657,4,0,9,10.3356,11052.6
1650,4,0,9,10.329,11016.4
1087,4,0,10,10.6536,12625.8,0,0,0
1088,4,0,10,10.6449,12582.8
1117,4,0,10,10.6347,12531.9
1119,4,0,10,10.6339,12527.9
1118,4,0,10,10.6227,12473.1
2044,4,0,10,10.6088,12399.5
2169,4,0,10,10.6006,12357.7
2171,4,0,10,10.5961,12334.1
1549,4,0,10,10.5885,12294.9
1147,4,0,10,10.5825,12262.5
1796,4,0,10,10.538,12035.7
1328,4,0,10,10.5361,12026.2
1340,4,0,10,10.5175,11932.2
1348,4,0,10,10.517,11929.7
905,5,0,0,8.23157,829.666,0.061,266.064,0.44,1
906,5,0,0,8.21774,757.574
892,5,0,0,8.19882,661.974
896,5,0,0,8.19641,648.832
895,5,0,0,8.19369,634.662
907,5,0,0,8.18255,576.488
908,5,0,0,8.17507,537.87
2014,5,0,0,8.17448,535.191
2015,5,0,0,8.16637,494.476
2018,5,0,0,8.15717,447.026
920,5,0,0,8.15325,426.243
1793,5,0,0,8.13171,316.201
2034,5,0,0,8.12348,274.763
1850,5,0,0,8.11367,225.044
1849,5,0,0,8.09592,135.401
1848,5,0,0,8.09086,109.545
1847,5,0,0,8.08677,87.3505
1086,5,0,0,8.08314,67.3611
1087,5,0,0,8.07,0
953,5,0,1,8.39804,1647.52,0.0948333,413.634,0.45,2
1788,5,0,1,8.38709,1594.33
943,5,0,1,8.37193,1516.86
934,5,0,1,8.36335,1469.83
933,5,0,1,8.35469,1423.04
936,5,0,1,8.3541,1420.1
1737,5,0,1,8.34216,1355.01
917,5,0,1,8.32635,1275.8
916,5,0,1,8.32617,1274.89
906,5,0,1,8.30471,1160.62
905,5,0,1,8.29257,1095.73
1601,5,0,2,8.63701,2804.6,0.0903333,394.007,0.18,3
1599,5,0,2,8.62877,2761.1
1300,5,0,2,8.62258,2727.97
1299,5,0,2,8.62041,2713.37
1557,5,0,2,8.59378,2578.61
2024,5,0,2,8.57815,2498.03
2025,5,0,2,8.5571,2391.84
949,5,0,2,8.55366,2374.54
951,5,0,2,8.54473,2326.75
2021,5,0,2,8.52457,2224.09
2022,5,0,2,8.51357,2167.32
952,5,0,2,8.50418,2118.29
953,5,0,2,8.49288,2061.16
822,5,0,3,8.87193,3964.56,0.0658333,287.145,0.32,4
2153,5,0,3,8.85364,3864.28
831,5,0,3,8.85362,3864.2
832,5,0,3,8.84354,3814.26
843,5,0,3,8.82889,3736.55
855,5,0,3,8.80143,3600.07
1856,5,0,3,8.80129,3599.36
869,5,0,3,8.79203,3548.18
2066,5,0,3,8.77236,3444.55
1297,5,0,3,8.74502,3300.22
1299,5,0,3,8.7388,3265.89
1600,5,0,3,8.73736,3252.44
1599,5,0,3,8.73683,3247.36
1601,5,0,3,8.72734,3198.6
1275,5,0,4,9.09112,5093.26,0.1075,468.883,0.03,5
1265,5,0,4,9.07947,5030.68
1258,5,0,4,9.0672,4964.81
1260,5,0,4,9.05964,4912.58
1259,5,0,4,9.0454,4838.53
868,5,0,4,9.02612,4734.08
869,5,0,4,9.00515,4621.33
1856,5,0,4,8.99854,4576.34
855,5,0,4,8.9984,4575.63
843,5,0,4,8.97567,4458.88
832,5,0,4,8.96519,4398.21
831,5,0,4,8.95965,4367.47
2153,5,0,4,8.95963,4367.39
822,5,0,4,8.93776,4251.71
2057,5,0,5,9.61321,7782.94,0.0776667,338.759,0.34,6
2122,5,0,5,9.60704,7750.77
1820,5,0,5,9.59647,7700.03
1197,5,0,5,9.58308,7633.29
1198,5,0,5,9.5695,7567.47
1152,5,0,5,9.56253,7532.05
1163,5,0,5,9.55162,7479.67
1164,5,0,5,9.54286,7435.04
1161,5,0,5,9.53476,7393.31
1330,5,0,5,9.52471,7342.61
1339,5,0,5,9.50336,7231.2
1340,5,0,5,9.49827,7204.62
1348,5,0,5,9.49776,7202.08
1349,5,0,5,9.49685,7197.4
1357,5,0,5,9.4847,7134.79
1356,5,0,5,9.48393,7131.08
2076,5,0,5,9.47414,7082.58
1355,5,0,5,9.47268,7075.02
1364,5,0,5,9.47264,7074.81
1361,5,0,5,9.46638,7039.77
1354,5,0,5,9.46634,7039.58
2188,5,0,5,9.4592,7002.91
2075,5,0,5,9.44017,6902.99
1822,5,0,5,9.43935,6899
1353,5,0,5,9.4316,6858.52
2118,5,0,5,9.40284,6711.52
2117,5,0,5,9.40031,6686.89
2164,5,0,5,9.37863,6565.28
1306,5,0,5,9.35492,6405.79
1599,5,0,5,9.33825,6313.09
1300,5,0,5,9.33276,6282.97
1298,5,0,5,9.32739,6253.64
2176,5,0,5,9.3207,6214.17
2066,5,0,5,9.30948,6145.79
1262,5,0,5,9.30053,6095.31
1261,5,0,5,9.29343,6055.43
1846,5,0,5,9.26599,5912.6
1271,5,0,5,9.26075,5887.04
1270,5,0,5,9.25311,5845.11
1269,5,0,5,9.23957,5776.74
1267,5,0,5,9.22663,5708.83
1266,5,0,5,9.21214,5632.15
1275,5,0,5,9.19862,5562.14
1429,5,0,6,9.80462,8716.99,0.0865,377.287,0.27,7
2166,5,0,6,9.78537,8618.53
1427,5,0,6,9.77084,8544.01
1677,5,0,6,9.76132,8494.87
2103,5,0,6,9.75746,8475.52
2177,5,0,6,9.75738,8475.16
1841,5,0,6,9.75724,8473.82
2060,5,0,6,9.71765,8259.91
1551,5,0,6,9.71693,8255.72
1201,5,0,6,9.71041,8222.74
1821,5,0,6,9.70616,8198.39
1640,5,0,6,9.69704,8152.52
2057,5,0,6,9.69087,8121.7
1621,5,0,7,10.0182,9806.81,0.101167,441.259,0.13,8
2089,5,0,7,10.006,9741
2124,5,0,7,9.99761,9702.04
1826,5,0,7,9.9904,9662.43
1450,5,0,7,9.98833,9647.13
1829,5,0,7,9.98384,9618.07
1832,5,0,7,9.97131,9533.15
1833,5,0,7,9.96278,9460.09
1835,5,0,7,9.95125,9396.77
2103,5,0,7,9.94585,9367.27
1677,5,0,7,9.941,9343.85
1427,5,0,7,9.9313,9293.97
2166,5,0,7,9.91424,9208.89
1429,5,0,7,9.89112,9094.28
1650,5,0,8,10.253,10939,0.0471667,205.727,0.37,9
2085,5,0,8,10.2248,10790.6
1461,5,0,8,10.168,10502.5
2087,5,0,8,10.1585,10456.5
2088,5,0,8,10.1452,10388.6
1644,5,0,8,10.1399,10361.1
2089,5,0,8,10.1217,10259.9
2102,5,0,8,10.1213,10257.9
1497,5,0,8,10.1199,10250.8
1621,5,0,8,10.1193,10248.1
1348,5,0,9,10.4133,11731.6,0.0748333,326.4,0.08,10
1349,5,0,9,10.4123,11726.6
1357,5,0,9,10.4001,11664
1356,5,0,9,10.3994,11660.3
1365,5,0,9,10.3918,11621.2
1366,5,0,9,10.3779,11548.6
1374,5,0,9,10.3667,11487.4
1377,5,0,9,10.3659,11483.7
1397,5,0,9,10.3504,11403.9
1398,5,0,9,10.3389,11344.7
1399,5,0,9,10.3291,11296.4
1657,5,0,9,10.3067,11180.9
1650,5,0,9,10.3001,11144.7
1087,5,0,10,10.6247,12754.1,0,0,0
1088,5,0,10,10.616,12711.1
1117,5,0,10,10.6058,12660.2
1119,5,0,10,10.605,12656.2
1118,5,0,10,10.5938,12601.4
2044,5,0,10,10.5799,12527.8
2169,5,0,10,10.5717,12486
2171,5,0,10,10.5672,12462.4
1549,5,0,10,10.5597,12423.2
1147,5,0,10,10.5536,12390.8
1796,5,0,10,10.5091,12164
1328,5,0,10,10.5072,12154.5
1340,5,0,10,10.4886,12060.5
1348,5,0,10,10.4881,12058
2057,6,0,0,8.71738,790.795,0.0981667,428.173,0.33,1
2122,6,0,0,8.71061,756.084
1639,6,0,0,8.70528,728.728
1190,6,0,0,8.70185,709.948
1186,6,0,0,8.69193,656.065
1183,6,0,0,8.68169,601.675
1103,6,0,0,8.67103,544.89
1084,6,0,0,8.66116,487.929
1062,6,0,0,8.64467,388.255
1063,6,0,0,8.6439,381.112
1061,6,0,0,8.64047,363.372
1060,6,0,0,8.63397,330.074
1073,6,0,0,8.61255,218.101
1075,6,0,0,8.60724,191.567
1072,6,0,0,8.59669,137.848
1071,6,0,0,8.58891,97.4637
2160,6,0,0,8.58179,59.0712
1087,6,0,0,8.57,0
1429,6,0,1,8.92336,1788.84,0.0685,298.776,0.22,2
2166,6,0,1,8.9033,1686.97
1427,6,0,1,8.88996,1617.49
1677,6,0,1,8.87966,1565.05
2103,6,0,1,8.87579,1545.71
2177,6,0,1,8.87572,1545.35
1841,6,0,1,8.87558,1544
2060,6,0,1,8.83978,1346.48
1551,6,0,1,8.83905,1342.27
1201,6,0,1,8.83339,1312.91
1821,6,0,1,8.82914,1288.57
1640,6,0,1,8.82041,1244.34
2057,6,0,1,8.81555,1218.97
953,6,0,2,9.32883,3832.36,0.0893333,389.645,0.46,3
2023,6,0,2,9.32801,3828.26
2163,6,0,2,9.30044,3680.17
1314,6,0,2,9.28191,3584.22
2165,6,0,2,9.26206,3482.25
2118,6,0,2,9.26042,3474.04
1353,6,0,2,9.23582,3344.59
1822,6,0,2,9.22774,3302.72
2075,6,0,2,9.22692,3298.72
2188,6,0,2,9.20503,3186.75
1354,6,0,2,9.19536,3139.51
1355,6,0,2,9.18809,3101.66
2076,6,0,2,9.18626,3092.55
1356,6,0,2,9.17844,3052.25
1357,6,0,2,9.17766,3048.53
1358,6,0,2,9.16889,3000.65
1352,6,0,2,9.16085,2957.27
1351,6,0,2,9.14966,2899.79
1350,6,0,2,9.14314,2865.42
1414,6,0,2,9.12694,2784.91
2120,6,0,2,9.11636,2729.93
2097,6,0,2,9.11003,2694.78
1415,6,0,2,9.09778,2631.36
1416,6,0,2,9.08403,2560.75
1554,6,0,2,9.08247,2552.92
2079,6,0,2,9.07696,2523.55
1651,6,0,2,9.0441,2351.03
2094,6,0,2,9.03507,2303.19
1419,6,0,2,9.0254,2252.79
1429,6,0,2,8.99186,2087.61
905,6,0,3,9.55414,4939.9,0.112167,489.237,0.46,4
906,6,0,3,9.54214,4875.61
1555,6,0,3,9.51286,4716.4
930,6,0,3,9.4927,4611.43
931,6,0,3,9.48318,4564.25
932,6,0,3,9.46915,4488.69
933,6,0,3,9.46413,4463.12
934,6,0,3,9.4586,4425.47
935,6,0,3,9.45806,4422.86
2020,6,0,3,9.44701,4365.89
1787,6,0,3,9.4284,4272.92
2023,6,0,3,9.41898,4226.1
953,6,0,3,9.41816,4222
822,6,0,4,9.80531,6162.72,0.0406667,177.376,0.33,5
2153,6,0,4,9.78432,6050.82
831,6,0,4,9.78431,6050.74
825,6,0,4,9.7839,6048.71
834,6,0,4,9.77588,6002.6
833,6,0,4,9.77321,5988.39
899,6,0,4,9.74826,5855.09
900,6,0,4,9.72482,5736.06
901,6,0,4,9.71876,5705.21
902,6,0,4,9.70647,5638.42
904,6,0,4,9.69217,5562.92
903,6,0,4,9.68841,5543.07
905,6,0,4,9.66631,5429.13
1275,6,0,5,10.0113,7227.76,0.057,248.617,0.01,6
1266,6,0,5,10.0003,7168.34
1267,6,0,5,9.98684,7096.11
1260,6,0,5,9.97194,7017.78
1259,6,0,5,9.95843,6946.81
868,6,0,5,9.93739,6834.84
869,6,0,5,9.91517,6716.72
1856,6,0,5,9.8943,6616.97
855,6,0,5,9.89415,6616.26
843,6,0,5,9.88179,6539.05
832,6,0,5,9.87091,6477.67
831,6,0,5,9.86447,6443.09
825,6,0,5,9.86406,6441.06
822,6,0,5,9.84598,6340.1
1601,6,0,6,10.2086,8262.01,0.0673333,293.688,0.2,7
1599,6,0,6,10.2016,8224
1300,6,0,6,10.1972,8197.49
1298,6,0,6,10.1905,8162.27
2176,6,0,6,10.1842,8123.4
2066,6,0,6,10.1735,8055.75
869,6,0,6,10.1635,7980.89
868,6,0,6,10.1428,7869.5
1259,6,0,6,10.1247,7770.19
1260,6,0,6,10.1074,7682.97
1258,6,0,6,10.0942,7613
1265,6,0,6,10.0802,7539.94
1275,6,0,6,10.0683,7476.38
1621,6,0,7,10.6088,10425.6,0.101167,441.259,0.13,8
2089,6,0,7,10.5939,10348.1
2124,6,0,7,10.5861,10311.7
1826,6,0,7,10.5793,10273.5
1450,6,0,7,10.577,10258.1
1829,6,0,7,10.5724,10228.9
1832,6,0,7,10.5598,10143.9
1833,6,0,7,10.5515,10070.5
1837,6,0,7,10.5418,10000.9
2177,6,0,7,10.538,9980.52
1841,6,0,7,10.5378,9979.17
1554,6,0,7,10.5322,9948.75
1416,6,0,7,10.5307,9940.92
1415,6,0,7,10.5163,9867.6
2097,6,0,7,10.5041,9804.62
2119,6,0,7,10.4965,9769.93
2120,6,0,7,10.49,9736.92
1414,6,0,7,10.4782,9676.88
1350,6,0,7,10.4668,9616.47
1351,6,0,7,10.458,9572.54
1352,6,0,7,10.4439,9503.15
1358,6,0,7,10.4336,9449.97
1357,6,0,7,10.4227,9393.26
1356,6,0,7,10.422,9389.54
2076,6,0,7,10.4156,9355.25
1355,6,0,7,10.4142,9348.21
1354,6,0,7,10.408,9314.67
2188,6,0,7,10.3999,9273.97
2075,6,0,7,10.3789,9165.93
1822,6,0,7,10.3781,9161.94
1353,6,0,7,10.3674,9108.99
2118,6,0,7,10.3438,8984.12
2117,6,0,7,10.3413,8959.49
2164,6,0,7,10.3226,8844.5
1306,6,0,7,10.2991,8685.24
1599,6,0,7,10.2816,8588.76
1601,6,0,7,10.2759,8555.69
1650,6,0,8,10.8436,11557.8,0.0471667,205.727,0.37,9
2085,6,0,8,10.8154,11409.4
1461,6,0,8,10.7586,11121.4
2087,6,0,8,10.7492,11075.3
2088,6,0,8,10.7358,11007.5
1644,6,0,8,10.7305,10980
2089,6,0,8,10.7123,10878.8
2102,6,0,8,10.7119,10876.7
1497,6,0,8,10.7106,10869.6
1621,6,0,8,10.71,10866.9
1348,6,0,9,11.0039,12350.4,0.0711667,310.408,0.09,10
1349,6,0,9,11.0029,12345.4
1357,6,0,9,10.9908,12282.8
1356,6,0,9,10.99,12279.1
1365,6,0,9,10.9824,12240
1366,6,0,9,10.9685,12167.4
1374,6,0,9,10.9573,12106.3
1377,6,0,9,10.9565,12102.5
1397,6,0,9,10.9411,12022.7
1398,6,0,9,10.9296,11963.5
1399,6,0,9,10.9197,11915.2
1657,6,0,9,10.8973,11799.8
1650,6,0,9,10.8908,11763.6
1087,6,0,10,11.1885,13259,0,0,0
1088,6,0,10,11.1816,13223.7
1117,6,0,10,11.1721,13175.5
1119,6,0,10,11.1713,13171.5
1118,6,0,10,11.1649,13137
2044,6,0,10,11.1505,13061
2169,6,0,10,11.142,13017.9
2171,6,0,10,11.1374,12994.1
1549,6,0,10,11.1309,12959
1147,6,0,10,11.1244,12924.9
1796,6,0,10,11.0944,12760.1
1328,6,0,10,11.0925,12750
1340,6,0,10,11.0756,12663.4
1348,6,0,10,11.0751,12660.8
2057,7,0,0,8.70738,790.795,0.0981667,428.173,0.33,1
2122,7,0,0,8.70061,756.084
1639,7,0,0,8.69528,728.728
1190,7,0,0,8.69185,709.948
1186,7,0,0,8.68193,656.065
1183,7,0,0,8.67169,601.675
1103,7,0,0,8.66103,544.89
1084,7,0,0,8.65116,487.929
1062,7,0,0,8.63467,388.255
1063,7,0,0,8.6339,381.112
1061,7,0,0,8.63047,363.372
1060,7,0,0,8.62397,330.074
1073,7,0,0,8.60255,218.101
1075,7,0,0,8.59724,191.567
1072,7,0,0,8.58669,137.848
1071,7,0,0,8.57891,97.4637
2160,7,0,0,8.57179,59.0712
1087,7,0,0,8.56,0
1429,7,0,1,8.91336,1788.84,0.0685,298.776,0.22,2
2166,7,0,1,8.8933,1686.97
1427,7,0,1,8.87996,1617.49
1677,7,0,1,8.86966,1565.05
2103,7,0,1,8.8658,1545.71
2177,7,0,1,8.86572,1545.35
1841,7,0,1,8.86558,1544
2060,7,0,1,8.82978,1346.48
1551,7,0,1,8.82905,1342.27
1201,7,0,1,8.82339,1312.91
1821,7,0,1,8.81914,1288.57
1640,7,0,1,8.81042,1244.34
2057,7,0,1,8.80555,1218.97
953,7,0,2,9.31883,3832.36,0.0893333,389.645,0.46,3
2023,7,0,2,9.31801,3828.26
2163,7,0,2,9.29044,3680.17
1314,7,0,2,9.27191,3584.22
2165,7,0,2,9.25206,3482.25
2118,7,0,2,9.25042,3474.04
1353,7,0,2,9.22582,3344.59
1822,7,0,2,9.21774,3302.72
2075,7,0,2,9.21692,3298.72
2188,7,0,2,9.19503,3186.75
1354,7,0,2,9.18536,3139.51
1355,7,0,2,9.17809,3101.66
2076,7,0,2,9.17626,3092.55
1356,7,0,2,9.16844,3052.25
1357,7,0,2,9.16766,3048.53
1358,7,0,2,9.15889,3000.65
1352,7,0,2,9.15085,2957.27
1351,7,0,2,9.13966,2899.79
1350,7,0,2,9.13314,2865.42
1414,7,0,2,9.11694,2784.91
2120,7,0,2,9.10636,2729.93
2097,7,0,2,9.10003,2694.78
1415,7,0,2,9.08778,2631.36
1416,7,0,2,9.07403,2560.75
1554,7,0,2,9.07247,2552.92
2079,7,0,2,9.06696,2523.55
1651,7,0,2,9.0341,2351.03
2094,7,0,2,9.02507,2303.19
1419,7,0,2,9.0154,2252.79
1429,7,0,2,8.98186,2087.61
905,7,0,3,9.54414,4939.9,0.112167,489.237,0.46,4
906,7,0,3,9.53215,4875.61
1555,7,0,3,9.50286,4716.4
930,7,0,3,9.4827,4611.43
931,7,0,3,9.47318,4564.25
932,7,0,3,9.45915,4488.69
933,7,0,3,9.45413,4463.12
934,7,0,3,9.4486,4425.47
935,7,0,3,9.44806,4422.86
2020,7,0,3,9.43701,4365.89
1787,7,0,3,9.4184,4272.92
2023,7,0,3,9.40898,4226.1
953,7,0,3,9.40816,4222
822,7,0,4,9.79531,6162.72,0.0406667,177.376,0.33,5
2153,7,0,4,9.77432,6050.82
831,7,0,4,9.77431,6050.74
825,7,0,4,9.7739,6048.71
834,7,0,4,9.76588,6002.6
833,7,0,4,9.76321,5988.39
899,7,0,4,9.73826,5855.09
900,7,0,4,9.71482,5736.06
901,7,0,4,9.70876,5705.21
902,7,0,4,9.69647,5638.42
904,7,0,4,9.68217,5562.92
903,7,0,4,9.67841,5543.07
905,7,0,4,9.65631,5429.13
1275,7,0,5,10.0013,7227.76,0.057,248.617,0.01,6
1266,7,0,5,9.99029,7168.34
1267,7,0,5,9.97684,7096.11
1260,7,0,5,9.96194,7017.78
1259,7,0,5,9.94843,6946.81
868,7,0,5,9.92739,6834.84
869,7,0,5,9.90517,6716.72
1856,7,0,5,9.8843,6616.97
855,7,0,5,9.88416,6616.26
843,7,0,5,9.87179,6539.05
832,7,0,5,9.86091,6477.67
831,7,0,5,9.85447,6443.09
825,7,0,5,9.85406,6441.06
822,7,0,5,9.83598,6340.1
1601,7,0,6,10.1986,8262.01,0.0673333,293.688,0.2,7
1599,7,0,6,10.1916,8224
1300,7,0,6,10.1872,8197.49
1298,7,0,6,10.1805,8162.27
2176,7,0,6,10.1742,8123.4
2066,7,0,6,10.1635,8055.75
869,7,0,6,10.1535,7980.89
868,7,0,6,10.1328,7869.5
1259,7,0,6,10.1147,7770.19
1260,7,0,6,10.0974,7682.97
1258,7,0,6,10.0842,7613
1265,7,0,6,10.0702,7539.94
1275,7,0,6,10.0583,7476.38
1621,7,0,7,10.5988,10425.6,0.101167,441.259,0.13,8
2089,7,0,7,10.5839,10348.1
2124,7,0,7,10.5761,10311.7
1826,7,0,7,10.5693,10273.5
1450,7,0,7,10.567,10258.1
1829,7,0,7,10.5624,10228.9
1832,7,0,7,10.5498,10143.9
1833,7,0,7,10.5415,10070.5
1837,7,0,7,10.5318,10000.9
2177,7,0,7,10.528,9980.52
1841,7,0,7,10.5278,9979.17
1554,7,0,7,10.5222,9948.75
1416,7,0,7,10.5207,9940.92
1415,7,0,7,10.5063,9867.6
2097,7,0,7,10.4941,9804.62
2119,7,0,7,10.4865,9769.93
2120,7,0,7,10.48,9736.92
1414,7,0,7,10.4682,9676.88
1350,7,0,7,10.4568,9616.47
1351,7,0,7,10.448,9572.54
1352,7,0,7,10.4339,9503.15
1358,7,0,7,10.4236,9449.97
1357,7,0,7,10.4127,9393.26
1356,7,0,7,10.412,9389.54
2076,7,0,7,10.4056,9355.25
1355,7,0,7,10.4042,9348.21
1354,7,0,7,10.398,9314.67
2188,7,0,7,10.3899,9273.97
2075,7,0,7,10.3689,9165.93
1822,7,0,7,10.3681,9161.94
1353,7,0,7,10.3574,9108.99
2118,7,0,7,10.3338,8984.12
2117,7,0,7,10.3313,8959.49
2164,7,0,7,10.3126,8844.5
1306,7,0,7,10.2891,8685.24
1599,7,0,7,10.2716,8588.76
1601,7,0,7,10.2659,8555.69
1650,7,0,8,10.8336,11557.8,0.0471667,205.727,0.37,9
2085,7,0,8,10.8054,11409.4
1461,7,0,8,10.7486,11121.4
2087,7,0,8,10.7392,11075.3
2088,7,0,8,10.7258,11007.5
1644,7,0,8,10.7205,10980
2089,7,0,8,10.7023,10878.8
2102,7,0,8,10.7019,10876.7
1497,7,0,8,10.7006,10869.6
1621,7,0,8,10.7,10866.9
1348,7,0,9,10.9939,12350.4,0.0748333,326.4,0.08,10
1349,7,0,9,10.9929,12345.4
1357,7,0,9,10.9808,12282.8
1356,7,0,9,10.98,12279.1
1365,7,0,9,10.9724,12240
1366,7,0,9,10.9586,12167.4
1374,7,0,9,10.9473,12106.3
1377,7,0,9,10.9465,12102.5
1397,7,0,9,10.9311,12022.7
1398,7,0,9,10.9196,11963.5
1399,7,0,9,10.9097,11915.2
1657,7,0,9,10.8873,11799.8
1650,7,0,9,10.8808,11763.6
1087,7,0,10,11.1822,13275,0,0,0
1088,7,0,10,11.1753,13239.7
1117,7,0,10,11.1658,13191.5
1119,7,0,10,11.165,13187.5
1118,7,0,10,11.1586,13152.9
2044,7,0,10,11.1442,13077
2169,7,0,10,11.1357,13033.9
2171,7,0,10,11.1311,13010
1549,7,0,10,11.1245,12975
1147,7,0,10,11.1181,12940.9
1796,7,0,10,11.0881,12776.1
1328,7,0,10,11.0861,12766
1340,7,0,10,11.0693,12679.4
1348,7,0,10,11.0687,12676.8
2057,8,0,0,8.14738,790.795,0.0981667,428.173,0.33,1
2122,8,0,0,8.14061,756.084
1639,8,0,0,8.13528,728.728
1190,8,0,0,8.13185,709.948
1186,8,0,0,8.12193,656.065
1183,8,0,0,8.11169,601.675
1103,8,0,0,8.10103,544.89
1084,8,0,0,8.09116,487.929
1062,8,0,0,8.07467,388.255
1063,8,0,0,8.0739,381.112
1061,8,0,0,8.07047,363.372
1060,8,0,0,8.06397,330.074
1073,8,0,0,8.04255,218.101
1075,8,0,0,8.03724,191.567
1072,8,0,0,8.02669,137.848
1071,8,0,0,8.01891,97.4637
2160,8,0,0,8.01179,59.0712
1087,8,0,0,8,0
1429,8,0,1,8.35336,1788.84,0.0685,298.776,0.22,2
2166,8,0,1,8.3333,1686.97
1427,8,0,1,8.31996,1617.49
1677,8,0,1,8.30966,1565.05
2103,8,0,1,8.30579,1545.71
2177,8,0,1,8.30572,1545.35
1841,8,0,1,8.30558,1544
2060,8,0,1,8.26978,1346.48
1551,8,0,1,8.26905,1342.27
1201,8,0,1,8.26339,1312.91
1821,8,0,1,8.25914,1288.57
1640,8,0,1,8.25041,1244.34
2057,8,0,1,8.24555,1218.97
953,8,0,2,8.75883,3832.36,0.0948333,413.634,0.45,3
2023,8,0,2,8.75801,3828.26
2163,8,0,2,8.73044,3680.17
1314,8,0,2,8.71191,3584.22
2165,8,0,2,8.69206,3482.25
2118,8,0,2,8.69042,3474.04
1353,8,0,2,8.66582,3344.59
1822,8,0,2,8.65774,3302.72
2075,8,0,2,8.65692,3298.72
2188,8,0,2,8.63503,3186.75
1354,8,0,2,8.62536,3139.51
1355,8,0,2,8.61809,3101.66
2076,8,0,2,8.61626,3092.55
1356,8,0,2,8.60844,3052.25
1357,8,0,2,8.60766,3048.53
1358,8,0,2,8.59889,3000.65
1352,8,0,2,8.59085,2957.27
1351,8,0,2,8.57966,2899.79
1350,8,0,2,8.57314,2865.42
1414,8,0,2,8.55694,2784.91
2120,8,0,2,8.54636,2729.93
2097,8,0,2,8.54003,2694.78
1415,8,0,2,8.52778,2631.36
1416,8,0,2,8.51403,2560.75
1554,8,0,2,8.51247,2552.92
2079,8,0,2,8.50696,2523.55
1651,8,0,2,8.4741,2351.03
2094,8,0,2,8.46507,2303.19
1419,8,0,2,8.4554,2252.79
1429,8,0,2,8.42186,2087.61
905,8,0,3,8.98414,4935.71,0.061,266.064,0.44,4
906,8,0,3,8.97031,4863.62
1555,8,0,3,8.94439,4719.01
930,8,0,3,8.92396,4612.85
940,8,0,3,8.91244,4553.66
934,8,0,3,8.89255,4442.98
935,8,0,3,8.89201,4440.38
2020,8,0,3,8.88095,4383.4
1787,8,0,3,8.8639,4296.91
2023,8,0,3,8.85448,4250.09
953,8,0,3,8.85366,4245.99
822,8,0,4,9.18414,5935.36,0.0406667,177.376,0.33,5
2153,8,0,4,9.16315,5823.46
831,8,0,4,9.16314,5823.38
825,8,0,4,9.16273,5821.35
834,8,0,4,9.15472,5775.24
833,8,0,4,9.15204,5761.03
899,8,0,4,9.12709,5627.72
900,8,0,4,9.10365,5508.7
901,8,0,4,9.09759,5477.85
902,8,0,4,9.0853,5411.06
904,8,0,4,9.071,5335.56
903,8,0,4,9.06724,5315.71
905,8,0,4,9.04514,5201.77
1275,8,0,5,9.39015,7000.4,0.1075,468.883,0.03,6
1266,8,0,5,9.37912,6940.98
1267,8,0,5,9.36567,6868.75
1260,8,0,5,9.35077,6790.42
1259,8,0,5,9.33726,6719.45
868,8,0,5,9.31622,6607.48
869,8,0,5,9.294,6489.35
1856,8,0,5,9.27313,6389.61
855,8,0,5,9.27299,6388.9
843,8,0,5,9.26062,6311.69
832,8,0,5,9.24974,6250.31
831,8,0,5,9.2433,6215.73
825,8,0,5,9.24289,6213.7
822,8,0,5,9.22481,6112.74
1601,8,0,6,9.64337,8254.46,0.0985,429.627,0.19,7
1599,8,0,6,9.63728,8220.23
1300,8,0,6,9.63179,8190.11
1298,8,0,6,9.62642,8160.78
2176,8,0,6,9.61972,8121.31
2066,8,0,6,9.60851,8052.93
1262,8,0,6,9.59956,8002.45
1261,8,0,6,9.59246,7962.57
1846,8,0,6,9.56502,7819.74
1271,8,0,6,9.55978,7794.18
1270,8,0,6,9.55213,7752.25
1269,8,0,6,9.5386,7683.88
1267,8,0,6,9.52566,7615.97
1266,8,0,6,9.51117,7539.29
1275,8,0,6,9.49765,7469.28
1621,8,0,7,10.0827,10597.4,0.101167,441.259,0.13,8
2089,8,0,7,10.0692,10525.6
2124,8,0,7,10.0638,10498.7
1826,8,0,7,10.0586,10464.6
1450,8,0,7,10.0562,10449.1
1829,8,0,7,10.0515,10419.8
1832,8,0,7,10.0412,10335.1
1833,8,0,7,10.0324,10262.3
1837,8,0,7,10.0228,10192.7
2177,8,0,7,10.0182,10169.1
1841,8,0,7,10.018,10167.7
1554,8,0,7,10.0102,10127.8
1416,8,0,7,10.0086,10120
1415,8,0,7,9.99491,10049.6
2097,8,0,7,9.981,9979.18
2098,8,0,7,9.97561,9952.28
2119,8,0,7,9.97322,9937.78
2120,8,0,7,9.96666,9904.78
1414,8,0,7,9.95602,9849.55
1350,8,0,7,9.94319,9783.15
1351,8,0,7,9.93044,9723.01
1352,8,0,7,9.9191,9664.92
1358,8,0,7,9.90736,9605.86
1357,8,0,7,9.89591,9546.56
1356,8,0,7,9.89513,9542.84
2076,8,0,7,9.88736,9502.76
1355,8,0,7,9.88588,9495.11
1364,8,0,7,9.88584,9494.9
1361,8,0,7,9.87938,9459.01
1354,8,0,7,9.87934,9458.82
2188,8,0,7,9.87159,9419.58
2075,8,0,7,9.85085,9312.44
1822,8,0,7,9.85003,9308.44
1353,8,0,7,9.84228,9267.97
2118,8,0,7,9.81353,9120.96
2117,8,0,7,9.811,9096.33
2164,8,0,7,9.78932,8974.72
1306,8,0,7,9.76561,8815.24
1599,8,0,7,9.74894,8722.53
1601,8,0,7,9.74187,8684.09
1650,8,0,8,10.3175,11729.6,0.0471667,205.727,0.37,9
2085,8,0,8,10.2893,11581.2
1461,8,0,8,10.2325,11293.1
2087,8,0,8,10.2231,11247.1
2088,8,0,8,10.2098,11179.2
1644,8,0,8,10.2044,11151.7
2089,8,0,8,10.1862,11050.5
2102,8,0,8,10.1858,11048.4
1497,8,0,8,10.1845,11041.3
1621,8,0,8,10.1839,11038.6
1348,8,0,9,10.4778,12522.1,0.0748333,326.4,0.08,10
1349,8,0,9,10.4768,12517.2
1357,8,0,9,10.4647,12454.5
1356,8,0,9,10.4639,12450.8
1365,8,0,9,10.4563,12411.8
1366,8,0,9,10.4425,12339.1
1374,8,0,9,10.4312,12278
1377,8,0,9,10.4304,12274.3
1397,8,0,9,10.415,12194.4
1398,8,0,9,10.4035,12135.2
1399,8,0,9,10.3937,12087
1657,8,0,9,10.3712,11971.5
1650,8,0,9,10.3647,11935.3
1087,8,0,10,10.6892,13544.7,0,0,0
1088,8,0,10,10.6805,13501.7
1117,8,0,10,10.6704,13450.8
1119,8,0,10,10.6696,13446.8
1118,8,0,10,10.6583,13392
2044,8,0,10,10.6445,13318.4
2169,8,0,10,10.6363,13276.5
2171,8,0,10,10.6318,13252.9
1549,8,0,10,10.6242,13213.7
1147,8,0,10,10.6182,13181.3
1796,8,0,10,10.5736,12954.6
1328,8,0,10,10.5718,12945.1
1340,8,0,10,10.5532,12851.1
1348,8,0,10,10.5527,12848.5
905,9,0,0,8.60157,829.666,0.061,266.064,0.44,1
906,9,0,0,8.58774,757.574
892,9,0,0,8.56882,661.974
896,9,0,0,8.56641,648.832
895,9,0,0,8.56369,634.662
907,9,0,0,8.55255,576.488
908,9,0,0,8.54507,537.87
2014,9,0,0,8.54448,535.191
2015,9,0,0,8.53637,494.476
2018,9,0,0,8.52717,447.026
920,9,0,0,8.52325,426.243
1793,9,0,0,8.50171,316.201
2034,9,0,0,8.49348,274.763
1850,9,0,0,8.48367,225.044
1849,9,0,0,8.46592,135.401
1848,9,0,0,8.46086,109.545
1847,9,0,0,8.45677,87.3505
1086,9,0,0,8.45314,67.3611
1087,9,0,0,8.44,0
822,9,0,1,8.79211,1793.64,0.0658333,287.145,0.32,2
2153,9,0,1,8.77382,1693.36
831,9,0,1,8.77381,1693.28
825,9,0,1,8.7734,1691.25
834,9,0,1,8.76692,1647.16
833,9,0,1,8.7645,1634.05
899,9,0,1,8.73847,1496.1
900,9,0,1,8.72116,1403.09
901,9,0,1,8.71532,1373.14
902,9,0,1,8.69937,1290.74
904,9,0,1,8.68476,1213.92
903,9,0,1,8.68116,1194.75
905,9,0,1,8.66257,1095.73
1601,9,0,2,8.97507,2748.05,0.0903333,394.007,0.18,3
1599,9,0,2,8.96682,2704.55
1300,9,0,2,8.96063,2671.42
1298,9,0,2,8.95305,2632.63
2176,9,0,2,8.94678,2593.79
2066,9,0,2,8.93546,2525.28
869,9,0,2,8.92534,2450.41
1856,9,0,2,8.91873,2405.42
855,9,0,2,8.91858,2404.7
843,9,0,2,8.89585,2287.95
832,9,0,2,8.88538,2227.28
831,9,0,2,8.87983,2196.54
2153,9,0,2,8.87982,2196.46
822,9,0,2,8.85794,2080.78
1275,9,0,3,9.22651,4003.75,0.1075,468.883,0.03,4
1266,9,0,3,9.21549,3944.32
1267,9,0,3,9.20203,3872.1
1260,9,0,3,9.18713,3793.77
1259,9,0,3,9.17362,3722.79
868,9,0,3,9.15258,3610.83
869,9,0,3,9.13036,3492.7
2066,9,0,3,9.10926,3383
1297,9,0,3,9.08034,3231.93
1299,9,0,3,9.07445,3199.02
1600,9,0,3,9.073,3185.57
1599,9,0,3,9.07247,3180.5
1601,9,0,3,9.0654,3142.06
953,9,0,4,9.59085,5828.57,0.0893333,389.645,0.46,5
952,9,0,4,9.57676,5759.89
2022,9,0,4,9.56518,5701.66
2021,9,0,4,9.55236,5637.29
951,9,0,4,9.53203,5533.86
949,9,0,4,9.52141,5478.94
2025,9,0,4,9.51794,5461.48
2024,9,0,4,9.50431,5386.79
1557,9,0,4,9.49044,5313.68
1299,9,0,4,9.47278,5217
1300,9,0,4,9.46815,5193.46
1298,9,0,4,9.46279,5164.12
2176,9,0,4,9.45609,5124.65
2066,9,0,4,9.44487,5056.28
1262,9,0,4,9.43592,5005.8
1261,9,0,4,9.42882,4965.91
1846,9,0,4,9.40138,4823.09
1271,9,0,4,9.39615,4797.53
1270,9,0,4,9.3885,4755.6
1269,9,0,4,9.37496,4687.23
1267,9,0,4,9.36202,4619.32
1266,9,0,4,9.34753,4542.64
1275,9,0,4,9.33401,4472.63
1621,9,0,5,10.0209,8081.68,0.101167,441.259,0.13,6
2089,9,0,5,10.0073,8009.93
2124,9,0,5,10.0019,7983.07
1826,9,0,5,9.9967,7948.94
1450,9,0,5,9.99435,7933.46
1829,9,0,5,9.98962,7904.1
1832,9,0,5,9.97931,7819.43
1833,9,0,5,9.97053,7746.63
1837,9,0,5,9.96094,7677.06
2177,9,0,5,9.95628,7653.41
1841,9,0,5,9.95614,7652.06
1554,9,0,5,9.9483,7612.12
1416,9,0,5,9.94674,7604.29
1415,9,0,5,9.93304,7533.94
2097,9,0,5,9.91913,7463.53
2098,9,0,5,9.91375,7436.63
2119,9,0,5,9.91136,7422.13
2120,9,0,5,9.90479,7389.13
1414,9,0,5,9.89415,7333.9
1350,9,0,5,9.88133,7267.5
1351,9,0,5,9.86857,7207.36
1352,9,0,5,9.85723,7149.27
1358,9,0,5,9.84549,7090.21
1357,9,0,5,9.83404,7030.91
1356,9,0,5,9.83327,7027.19
2076,9,0,5,9.82549,6987.11
1355,9,0,5,9.82401,6979.46
1364,9,0,5,9.82397,6979.25
1361,9,0,5,9.81751,6943.36
1354,9,0,5,9.81747,6943.17
2188,9,0,5,9.80972,6903.92
2075,9,0,5,9.78899,6796.79
1822,9,0,5,9.78817,6792.79
1342,9,0,5,9.76545,6674.09
1341,9,0,5,9.75776,6635.16
1315,9,0,5,9.74091,6541.82
1314,9,0,5,9.72458,6455.59
2163,9,0,5,9.70776,6366.91
2023,9,0,5,9.681,6222.32
953,9,0,5,9.68019,6218.22
1650,9,0,6,10.2556,9213.88,0.0471667,205.727,0.37,7
2085,9,0,6,10.2275,9065.48
1461,9,0,6,10.1707,8777.4
2087,9,0,6,10.1612,8731.39
2088,9,0,6,10.1479,8663.5
1644,9,0,6,10.1426,8636
2089,9,0,6,10.1244,8534.81
2102,9,0,6,10.124,8532.78
1497,9,0,6,10.1226,8525.64
1621,9,0,6,10.122,8522.94
1348,9,0,7,10.416,10006.5,0.0748333,326.4,0.08,8
1349,9,0,7,10.415,10001.5
1357,9,0,7,10.4028,9938.88
1356,9,0,7,10.4021,9935.16
1365,9,0,7,10.3944,9896.09
1366,9,0,7,10.3806,9823.43
1374,9,0,7,10.3693,9762.31
1377,9,0,7,10.3686,9758.59
1397,9,0,7,10.3531,9678.73
1398,9,0,7,10.3416,9619.55
1399,9,0,7,10.3318,9571.29
1657,9,0,7,10.3094,9455.81
1650,9,0,7,10.3028,9419.61
1087,9,0,8,10.6274,11029,0,0,0
1088,9,0,8,10.6187,10986
1117,9,0,8,10.6085,10935.1
1119,9,0,8,10.6077,10931.1
1118,9,0,8,10.5965,10876.3
2044,9,0,8,10.5826,10802.7
2169,9,0,8,10.5744,10760.9
2171,9,0,8,10.5699,10737.3
1549,9,0,8,10.5623,10698
1147,9,0,8,10.5563,10665.6
1796,9,0,8,10.5118,10438.9
1328,9,0,8,10.5099,10429.4
1340,9,0,8,10.4913,10335.4
1348,9,0,8,10.4908,10332.9
2057,9,1,0,8.53738,790.795,0.0981667,428.173,0.33,1
2122,9,1,0,8.53061,756.084
1639,9,1,0,8.52528,728.728
1190,9,1,0,8.52185,709.948
1186,9,1,0,8.51193,656.065
1183,9,1,0,8.50169,601.675
1103,9,1,0,8.49103,544.89
1084,9,1,0,8.48116,487.929
1062,9,1,0,8.46467,388.255
1063,9,1,0,8.4639,381.112
1061,9,1,0,8.46047,363.372
1060,9,1,0,8.45397,330.074
1073,9,1,0,8.43255,218.101
1075,9,1,0,8.42724,191.567
1072,9,1,0,8.41669,137.848
1071,9,1,0,8.40891,97.4637
2160,9,1,0,8.40179,59.0712
1087,9,1,0,8.39,0
1429,9,1,1,8.74336,1788.84,0.0685,298.776,0.22,2
2166,9,1,1,8.7233,1686.97
1427,9,1,1,8.70996,1617.49
1677,9,1,1,8.69966,1565.05
2103,9,1,1,8.6958,1545.71
2177,9,1,1,8.69572,1545.35
1841,9,1,1,8.69558,1544
2060,9,1,1,8.65978,1346.48
1551,9,1,1,8.65905,1342.27
1201,9,1,1,8.65339,1312.91
1821,9,1,1,8.64914,1288.57
1640,9,1,1,8.64042,1244.34
2057,9,1,1,8.63555,1218.97
1087,9,1,2,9.09939,3580.77,0,0,0
1090,9,1,2,9.09109,3537.3
1076,9,1,2,9.0723,3440.91
1074,9,1,2,9.06784,3418.37
1077,9,1,2,9.05804,3366.69
1080,9,1,2,9.04416,3297.64
1079,9,1,2,9.03719,3261.8
1061,9,1,2,9.03294,3240.52
1063,9,1,2,9.02991,3224.44
1083,9,1,2,9.01496,3143.64
1105,9,1,2,9.00296,3078.85
1104,9,1,2,8.98534,2986.05
1183,9,1,2,8.98292,2969.77
1184,9,1,2,8.97813,2943.68
1663,9,1,2,8.96811,2892.63
1189,9,1,2,8.96015,2851.34
1194,9,1,2,8.94813,2777.45
1196,9,1,2,8.94785,2775.85
1550,9,1,2,8.94142,2737.82
1552,9,1,2,8.93769,2718.25
2059,9,1,2,8.93184,2687.18
2063,9,1,2,8.91522,2597.28
2064,9,1,2,8.91166,2577.72
2080,9,1,2,8.89529,2491.89
2082,9,1,2,8.86824,2366.07
1419,9,1,2,8.8454,2252.79
1429,9,1,2,8.81186,2087.61
953,10,0,0,8.25022,727.708,0.0948333,413.634,0.45,1
1788,10,0,0,8.23926,674.518
943,10,0,0,8.2241,597.041
934,10,0,0,8.21552,550.017
933,10,0,0,8.20686,503.224
936,10,0,0,8.20627,500.284
937,10,0,0,8.19339,432.774
1085,10,0,0,8.17766,348.909
2035,10,0,0,8.16171,268.111
1850,10,0,0,8.15367,225.044
1849,10,0,0,8.13592,135.401
1848,10,0,0,8.13086,109.545
1847,10,0,0,8.12677,87.3505
1086,10,0,0,8.12314,67.3611
1087,10,0,0,8.11,0
905,10,0,1,8.47553,1831.06,0.061,266.064,0.44,2
906,10,0,1,8.4617,1758.97
1555,10,0,1,8.43578,1614.36
930,10,0,1,8.41535,1508.2
940,10,0,1,8.40383,1449.01
934,10,0,1,8.38394,1338.33
935,10,0,1,8.3834,1335.72
2020,10,0,1,8.37234,1278.75
1787,10,0,1,8.35529,1192.26
2023,10,0,1,8.34587,1145.44
953,10,0,1,8.34505,1141.34
2057,10,0,2,8.77651,3353.06,0.0981667,428.173,0.33,3
2122,10,0,2,8.76974,3318.35
1639,10,0,2,8.76441,3291
1190,10,0,2,8.76098,3272.22
1186,10,0,2,8.75106,3218.33
1183,10,0,2,8.74082,3163.94
1103,10,0,2,8.73016,3107.16
1084,10,0,2,8.72029,3050.2
1062,10,0,2,8.7038,2950.52
2159,10,0,2,8.70365,2949.76
1045,10,0,2,8.70296,2946.61
1043,10,0,2,8.69985,2930.68
2158,10,0,2,8.6921,2892.09
2030,10,0,2,8.68816,2872.25
1041,10,0,2,8.68297,2845.45
1039,10,0,2,8.67444,2801.87
1037,10,0,2,8.66496,2754.8
1034,10,0,2,8.65645,2709.84
2032,10,0,2,8.641,2632.24
1050,10,0,2,8.61346,2493.52
1804,10,0,2,8.60033,2427.5
2015,10,0,2,8.58913,2371.29
2014,10,0,2,8.58082,2329.73
2017,10,0,2,8.57966,2324.04
2170,10,0,2,8.57648,2308.18
917,10,0,2,8.57031,2277.19
916,10,0,2,8.57012,2276.28
906,10,0,2,8.54866,2162.01
905,10,0,2,8.53653,2097.12
1429,10,0,3,8.98249,4351.11,0.0685,298.776,0.22,4
2166,10,0,3,8.96243,4249.24
1427,10,0,3,8.94909,4179.76
1677,10,0,3,8.93879,4127.32
2103,10,0,3,8.93492,4107.98
2177,10,0,3,8.93485,4107.62
1841,10,0,3,8.93471,4106.27
2060,10,0,3,8.89891,3908.75
1551,10,0,3,8.89818,3904.54
1201,10,0,3,8.89252,3875.18
1821,10,0,3,8.88827,3850.83
1640,10,0,3,8.87954,3806.61
2057,10,0,3,8.87468,3781.24
822,10,0,4,9.58339,7422.23,0.0406667,177.376,0.33,5
2153,10,0,4,9.56128,7305.54
831,10,0,4,9.56126,7305.46
825,10,0,4,9.56085,7303.43
834,10,0,4,9.55173,7253.05
835,10,0,4,9.54495,7211.28
2154,10,0,4,9.51778,7068.63
857,10,0,4,9.50806,7018.65
926,10,0,4,9.50019,6976.82
927,10,0,4,9.47338,6834.12
946,10,0,4,9.46862,6801.67
947,10,0,4,9.46037,6756.38
948,10,0,4,9.44692,6687.3
1598,10,0,4,9.43509,6631.73
2025,10,0,4,9.43111,6610.13
949,10,0,4,9.42841,6595.95
1302,10,0,4,9.40372,6464.8
1307,10,0,4,9.38851,6380.78
1308,10,0,4,9.37765,6322.81
1309,10,0,4,9.35965,6230.5
1314,10,0,4,9.35907,6227.63
2165,10,0,4,9.33733,6117.71
2118,10,0,4,9.33569,6109.5
1353,10,0,4,9.31093,5979.39
1822,10,0,4,9.30208,5934.26
2075,10,0,4,9.30126,5930.27
2188,10,0,4,9.27835,5813.99
1354,10,0,4,9.27005,5772.44
1355,10,0,4,9.2623,5732.53
2076,10,0,4,9.26046,5723.42
1356,10,0,4,9.2532,5685.49
1357,10,0,4,9.25243,5681.77
1367,10,0,4,9.2397,5615.26
1375,10,0,4,9.22657,5545.55
1378,10,0,4,9.21711,5492.98
1380,10,0,4,9.20986,5455.3
1435,10,0,4,9.18163,5306.77
1434,10,0,4,9.17408,5268.05
2083,10,0,4,9.14607,5128.47
1430,10,0,4,9.13024,5048.69
1428,10,0,4,9.11861,4989.46
1426,10,0,4,9.11152,4953.17
2103,10,0,4,9.10572,4922.88
1677,10,0,4,9.10087,4899.45
1427,10,0,4,9.09117,4849.57
2166,10,0,4,9.07411,4764.49
1429,10,0,4,9.05099,4649.88
1601,10,0,5,9.74056,8254.58,0.0985,429.627,0.19,6
1599,10,0,5,9.73446,8220.35
1300,10,0,5,9.72897,8190.23
1298,10,0,5,9.72361,8160.9
2176,10,0,5,9.71691,8121.43
2066,10,0,5,9.70569,8053.05
869,10,0,5,9.69325,7976.22
1856,10,0,5,9.67238,7876.48
855,10,0,5,9.67223,7875.76
843,10,0,5,9.65987,7798.55
832,10,0,5,9.64899,7737.18
831,10,0,5,9.64255,7702.6
825,10,0,5,9.64214,7700.57
822,10,0,5,9.62406,7599.6
1275,10,0,6,10.0002,9545.9,0.057,248.617,0.01,7
1266,10,0,6,9.98914,9486.48
1267,10,0,6,9.97569,9414.25
1260,10,0,6,9.96079,9335.93
1259,10,0,6,9.94728,9264.95
868,10,0,6,9.92624,9152.99
869,10,0,6,9.90402,9034.86
2066,10,0,6,9.88292,8925.16
1297,10,0,6,9.854,8774.08
1299,10,0,6,9.8481,8741.17
1600,10,0,6,9.84666,8727.72
1599,10,0,6,9.84612,8722.65
1601,10,0,6,9.83906,8684.21
1621,10,0,7,10.5102,12347.9,0.101167,441.259,0.13,8
2089,10,0,7,10.4953,12270.4
2124,10,0,7,10.4875,12234
1826,10,0,7,10.4806,12195.8
1450,10,0,7,10.4784,12180.5
1829,10,0,7,10.4738,12151.2
1832,10,0,7,10.4612,12066.2
1833,10,0,7,10.4529,11992.8
1837,10,0,7,10.4432,11923.2
2177,10,0,7,10.4393,11902.8
1841,10,0,7,10.4392,11901.5
1554,10,0,7,10.4336,11871.1
1416,10,0,7,10.432,11863.2
1415,10,0,7,10.4178,11790.5
2097,10,0,7,10.4062,11729.9
2120,10,0,7,10.3973,11683.5
1414,10,0,7,10.3871,11630.3
1350,10,0,7,10.3755,11569.2
1351,10,0,7,10.367,11526.5
1352,10,0,7,10.3528,11456.6
1358,10,0,7,10.344,11409.8
1357,10,0,7,10.3313,11345.1
1356,10,0,7,10.3305,11341.4
2076,10,0,7,10.3239,11306.3
1355,10,0,7,10.3226,11299.3
1354,10,0,7,10.3162,11265.1
2188,10,0,7,10.3089,11228
2075,10,0,7,10.2878,11119.3
1822,10,0,7,10.287,11115.3
1353,10,0,7,10.2763,11062.4
2118,10,0,7,10.2527,10937.5
2117,10,0,7,10.2502,10912.9
2164,10,0,7,10.2315,10797.9
1306,10,0,7,10.208,10638.6
1599,10,0,7,10.1905,10542.1
1300,10,0,7,10.186,10515.6
1298,10,0,7,10.1793,10480.4
2176,10,0,7,10.173,10441.5
2066,10,0,7,10.1623,10373.9
869,10,0,7,10.1523,10299
868,10,0,7,10.1317,10187.6
1259,10,0,7,10.1136,10088.3
1260,10,0,7,10.0962,10001.1
1258,10,0,7,10.083,9931.15
1265,10,0,7,10.0691,9858.09
1275,10,0,7,10.0572,9794.52
1650,10,0,8,10.745,13480.1,0.0471667,205.727,0.37,9
2085,10,0,8,10.7168,13331.7
1461,10,0,8,10.66,13043.7
2087,10,0,8,10.6506,12997.7
2088,10,0,8,10.6372,12929.8
1644,10,0,8,10.6319,12902.3
2089,10,0,8,10.6137,12801.1
2102,10,0,8,10.6133,12799
1497,10,0,8,10.612,12791.9
1621,10,0,8,10.6114,12789.2
1348,10,0,9,10.9053,14272.7,0.0748333,326.4,0.08,10
1349,10,0,9,10.9043,14267.7
1357,10,0,9,10.8922,14205.1
1356,10,0,9,10.8914,14201.4
1365,10,0,9,10.8838,14162.3
1366,10,0,9,10.8699,14089.7
1374,10,0,9,10.8587,14028.6
1377,10,0,9,10.8579,14024.8
1397,10,0,9,10.8424,13945
1398,10,0,9,10.8309,13885.8
1399,10,0,9,10.8211,13837.5
1657,10,0,9,10.7987,13722.1
1650,10,0,9,10.7921,13685.9
1087,10,0,10,11.1167,15295.2,0,0,0
1088,10,0,10,11.108,15252.3
1117,10,0,10,11.0979,15201.4
1119,10,0,10,11.097,15197.4
1118,10,0,10,11.0858,15142.6
2044,10,0,10,11.072,15068.9
2169,10,0,10,11.0638,15027.1
2171,10,0,10,11.0592,15003.5
1549,10,0,10,11.0517,14964.3
1147,10,0,10,11.0456,14931.9
1796,10,0,10,11.0011,14705.2
1328,10,0,10,10.9993,14695.6
1340,10,0,10,10.9806,14601.7
1348,10,0,10,10.9801,14599.1
905,11,0,0,8.41157,829.666,0.061,266.064,0.44,1
906,11,0,0,8.39774,757.574
892,11,0,0,8.37882,661.974
896,11,0,0,8.37641,648.832
895,11,0,0,8.37369,634.662
907,11,0,0,8.36255,576.488
908,11,0,0,8.35507,537.87
2014,11,0,0,8.35448,535.191
2015,11,0,0,8.34637,494.476
2018,11,0,0,8.33717,447.026
920,11,0,0,8.33325,426.243
1793,11,0,0,8.31171,316.201
2034,11,0,0,8.30348,274.763
1850,11,0,0,8.29367,225.044
1849,11,0,0,8.27592,135.401
1848,11,0,0,8.27086,109.545
1847,11,0,0,8.26677,87.3505
1086,11,0,0,8.26314,67.3611
1087,11,0,0,8.25,0
2057,11,0,1,8.71255,2351.67,0.0981667,428.173,0.33,2
2122,11,0,1,8.70579,2316.96
1639,11,0,1,8.70045,2289.6
1190,11,0,1,8.69702,2270.82
1186,11,0,1,8.6871,2216.94
1183,11,0,1,8.67686,2162.55
1103,11,0,1,8.6662,2105.77
1084,11,0,1,8.65633,2048.8
1062,11,0,1,8.63984,1949.13
2159,11,0,1,8.63969,1948.36
1045,11,0,1,8.63901,1945.21
1043,11,0,1,8.63589,1929.29
2158,11,0,1,8.62814,1890.7
2030,11,0,1,8.6242,1870.86
1041,11,0,1,8.61901,1844.06
1039,11,0,1,8.61048,1800.47
1037,11,0,1,8.601,1753.41
1034,11,0,1,8.59249,1708.44
2032,11,0,1,8.57705,1630.85
1050,11,0,1,8.5495,1492.12
1804,11,0,1,8.53637,1426.11
2015,11,0,1,8.52518,1369.89
2014,11,0,1,8.51687,1328.34
2017,11,0,1,8.51571,1322.65
2170,11,0,1,8.51253,1306.78
917,11,0,1,8.50635,1275.8
916,11,0,1,8.50617,1274.89
906,11,0,1,8.48471,1160.62
905,11,0,1,8.47257,1095.73
1429,11,0,2,8.91853,3349.71,0.0685,298.776,0.22,3
2166,11,0,2,8.89848,3247.85
1427,11,0,2,8.88514,3178.36
1677,11,0,2,8.87483,3125.93
2103,11,0,2,8.87097,3106.58
2177,11,0,2,8.87089,3106.22
1841,11,0,2,8.87075,3104.88
2060,11,0,2,8.83495,2907.35
1551,11,0,2,8.83422,2903.15
1201,11,0,2,8.82856,2873.78
1821,11,0,2,8.82432,2849.44
1640,11,0,2,8.81559,2805.22
2057,11,0,2,8.81072,2779.84
822,11,0,3,9.51432,6410.01,0.0406667,177.376,0.33,4
2153,11,0,3,9.49297,6296.54
831,11,0,3,9.49295,6296.46
832,11,0,3,9.48796,6267.91
843,11,0,3,9.47554,6199.79
855,11,0,3,9.44808,6063.31
1856,11,0,3,9.44794,6062.6
869,11,0,3,9.43739,6005.8
2066,11,0,3,9.41417,5887.2
1297,11,0,3,9.38939,5753.77
1299,11,0,3,9.38225,5715.48
1600,11,0,3,9.3808,5702.03
1306,11,0,3,9.36689,5615.88
1301,11,0,3,9.35483,5549.59
1302,11,0,3,9.32693,5404.39
1307,11,0,3,9.30959,5311.18
1308,11,0,3,9.29786,5249.47
1309,11,0,3,9.27766,5147.96
1314,11,0,3,9.27708,5145.09
2165,11,0,3,9.25723,5043.13
2118,11,0,3,9.25559,5034.92
1353,11,0,3,9.23099,4905.47
1822,11,0,3,9.22291,4863.59
2075,11,0,3,9.22209,4859.6
2188,11,0,3,9.2002,4747.62
1354,11,0,3,9.19053,4700.39
1355,11,0,3,9.18327,4662.54
2076,11,0,3,9.18143,4653.43
1356,11,0,3,9.17361,4613.13
1357,11,0,3,9.17284,4609.41
1358,11,0,3,9.16406,4561.53
1352,11,0,3,9.15603,4518.15
1351,11,0,3,9.14483,4460.66
1350,11,0,3,9.13831,4426.3
1414,11,0,3,9.12211,4345.79
2120,11,0,3,9.11153,4290.81
2097,11,0,3,9.10521,4255.66
1415,11,0,3,9.09296,4192.24
1416,11,0,3,9.0792,4121.63
1554,11,0,3,9.07764,4113.8
2079,11,0,3,9.07214,4084.43
1651,11,0,3,9.03927,3911.91
2094,11,0,3,9.03024,3864.07
1419,11,0,3,9.02058,3813.67
1429,11,0,3,8.98703,3648.49
1601,11,0,4,9.67149,7242.36,0.0985,429.627,0.19,5
1599,11,0,4,9.66539,7208.13
1300,11,0,4,9.6599,7178.01
1298,11,0,4,9.65454,7148.68
2176,11,0,4,9.64784,7109.21
2066,11,0,4,9.63662,7040.83
869,11,0,4,9.62418,6964
1856,11,0,4,9.60331,6864.26
855,11,0,4,9.60316,6863.54
843,11,0,4,9.5908,6786.33
832,11,0,4,9.57992,6724.96
831,11,0,4,9.57348,6690.38
825,11,0,4,9.57307,6688.35
822,11,0,4,9.55499,6587.38
1621,11,0,5,10.1109,9585.25,0.101167,441.259,0.13,6
2089,11,0,5,10.0973,9513.5
2124,11,0,5,10.0919,9486.64
1826,11,0,5,10.0867,9452.51
1450,11,0,5,10.0843,9437.03
1829,11,0,5,10.0796,9407.67
1832,11,0,5,10.0693,9323
1833,11,0,5,10.0605,9250.2
1837,11,0,5,10.0509,9180.63
2177,11,0,5,10.0463,9156.98
1841,11,0,5,10.0461,9155.63
1554,11,0,5,10.0383,9115.69
1416,11,0,5,10.0367,9107.86
1415,11,0,5,10.023,9037.51
2097,11,0,5,10.0091,8967.08
2098,11,0,5,10.0037,8940.18
2119,11,0,5,10.0013,8925.68
2120,11,0,5,9.99477,8892.68
1414,11,0,5,9.98413,8837.45
1350,11,0,5,9.97131,8771.05
1351,11,0,5,9.95855,8710.91
1352,11,0,5,9.94721,8652.82
1358,11,0,5,9.93547,8593.76
1357,11,0,5,9.92402,8534.46
1356,11,0,5,9.92325,8530.74
2076,11,0,5,9.91547,8490.66
1355,11,0,5,9.91399,8483.01
1364,11,0,5,9.91395,8482.8
1361,11,0,5,9.90749,8446.92
1354,11,0,5,9.90745,8446.72
2188,11,0,5,9.89971,8407.48
2075,11,0,5,9.87897,8300.34
1822,11,0,5,9.87815,8296.34
1353,11,0,5,9.8704,8255.87
2118,11,0,5,9.84164,8108.86
2117,11,0,5,9.83912,8084.23
2164,11,0,5,9.81743,7962.62
1306,11,0,5,9.79373,7803.14
1599,11,0,5,9.77705,7710.43
1601,11,0,5,9.76999,7671.99
1650,11,0,6,10.3456,10717.5,0.0471667,205.727,0.37,7
2085,11,0,6,10.3175,10569.1
1461,11,0,6,10.2607,10281
2087,11,0,6,10.2512,10235
2088,11,0,6,10.2379,10167.1
1644,11,0,6,10.2326,10139.6
2089,11,0,6,10.2143,10038.4
2102,11,0,6,10.2139,10036.3
1497,11,0,6,10.2126,10029.2
1621,11,0,6,10.212,10026.5
1348,11,0,7,10.5059,11510,0.0748333,326.4,0.08,8
1349,11,0,7,10.505,11505.1
1357,11,0,7,10.4928,11442.5
1356,11,0,7,10.492,11438.7
1365,11,0,7,10.4844,11399.7
1366,11,0,7,10.4706,11327
1374,11,0,7,10.4593,11265.9
1377,11,0,7,10.4585,11262.2
1397,11,0,7,10.4431,11182.3
1398,11,0,7,10.4316,11123.1
1399,11,0,7,10.4218,11074.9
1657,11,0,7,10.3994,10959.4
1650,11,0,7,10.3928,10923.2
1275,11,0,8,10.9503,13776.2,0.057,248.617,0.01,9
1266,11,0,8,10.9353,13699.6
1267,11,0,8,10.9197,13618.2
1260,11,0,8,10.9055,13542.9
1259,11,0,8,10.892,13472
868,11,0,8,10.8707,13359.3
869,11,0,8,10.8507,13250.6
2066,11,0,8,10.8292,13139.1
1297,11,0,8,10.803,12999.5
1299,11,0,8,10.7973,12967.5
1557,11,0,8,10.7792,12869
1301,11,0,8,10.7662,12803
1302,11,0,8,10.7422,12674.3
1307,11,0,8,10.7269,12590.1
1308,11,0,8,10.7156,12530
1309,11,0,8,10.6984,12440.9
1314,11,0,8,10.6978,12438
2165,11,0,8,10.6814,12350.9
2118,11,0,8,10.6798,12342.6
1353,11,0,8,10.6558,12215.7
1822,11,0,8,10.6458,12166.1
2075,11,0,8,10.645,12162.1
2188,11,0,8,10.6208,12040.5
1354,11,0,8,10.612,11996.7
1355,11,0,8,10.604,11955.8
2076,11,0,8,10.6022,11946.7
1356,11,0,8,10.5944,11906.4
1357,11,0,8,10.5936,11902.7
1349,11,0,8,10.5818,11841.4
1348,11,0,8,10.5808,11836.4
953,11,0,9,11.2633,15380.6,0.102333,446.347,0.44,10
952,11,0,9,11.2515,15321.3
2022,11,0,9,11.2399,15263
2021,11,0,9,11.2281,15202.7
951,11,0,9,11.2081,15100.8
949,11,0,9,11.1965,15042
2025,11,0,9,11.1931,15024.6
2024,11,0,9,11.18,14952.2
1557,11,0,9,11.1683,14888.3
1299,11,0,9,11.1435,14761.5
1300,11,0,9,11.1389,14737.9
1298,11,0,9,11.1327,14705
2176,11,0,9,11.1261,14665.7
2066,11,0,9,11.1159,14598.6
1262,11,0,9,11.1059,14543.5
1261,11,0,9,11.096,14491.7
1846,11,0,9,11.0727,14366.7
1845,11,0,9,11.0654,14326.3
1270,11,0,9,11.0612,14305.2
1269,11,0,9,11.047,14234
1267,11,0,9,11.0335,14163.6
1266,11,0,9,11.02,14091.4
1275,11,0,9,11.0073,14024.8
1087,11,0,10,11.5186,16611.7,0,0,0
1088,11,0,10,11.5117,16576.4
1117,11,0,10,11.5022,16528.1
1119,11,0,10,11.5014,16524.1
1118,11,0,10,11.495,16489.6
1116,11,0,10,11.4942,16485.6
1115,11,0,10,11.4819,16425.2
2041,11,0,10,11.4676,16355.2
1110,11,0,10,11.4605,16320.2
1111,11,0,10,11.4505,16273.2
1107,11,0,10,11.446,16250.1
1106,11,0,10,11.4327,16180.1
2039,11,0,10,11.4262,16138.6
2106,11,0,10,11.41,16051.1
2050,11,0,10,11.4014,16009.6
2108,11,0,10,11.3823,15913.6
2023,11,0,10,11.3665,15831
953,11,0,10,11.3656,15826.9
905,12,0,0,8.77157,829.666,0.061,266.064,0.44,1
906,12,0,0,8.75774,757.574
892,12,0,0,8.73882,661.974
896,12,0,0,8.73641,648.832
895,12,0,0,8.73369,634.662
907,12,0,0,8.72255,576.488
908,12,0,0,8.71507,537.87
2014,12,0,0,8.71448,535.191
2015,12,0,0,8.70637,494.476
2018,12,0,0,8.69717,447.026
920,12,0,0,8.69325,426.243
1793,12,0,0,8.67171,316.201
2034,12,0,0,8.66348,274.763
1850,12,0,0,8.65367,225.044
1849,12,0,0,8.63592,135.401
1848,12,0,0,8.63086,109.545
1847,12,0,0,8.62677,87.3505
1086,12,0,0,8.62314,67.3611
1087,12,0,0,8.61,0
822,12,0,1,8.96211,1793.64,0.0658333,287.145,0.32,2
2153,12,0,1,8.94382,1693.36
831,12,0,1,8.94381,1693.28
825,12,0,1,8.9434,1691.25
834,12,0,1,8.93692,1647.16
833,12,0,1,8.9345,1634.05
899,12,0,1,8.90847,1496.1
900,12,0,1,8.89116,1403.09
901,12,0,1,8.88532,1373.14
902,12,0,1,8.86937,1290.74
904,12,0,1,8.85476,1213.92
903,12,0,1,8.85116,1194.75
905,12,0,1,8.83257,1095.73
1601,12,0,2,9.14444,2735.76,0.0985,429.627,0.19,3
1599,12,0,2,9.13835,2701.53
1300,12,0,2,9.13286,2671.41
1298,12,0,2,9.12749,2642.08
2176,12,0,2,9.1208,2602.6
2066,12,0,2,9.10958,2534.23
869,12,0,2,9.09713,2457.4
1856,12,0,2,9.07626,2357.66
855,12,0,2,9.07612,2356.94
843,12,0,2,9.06375,2279.73
832,12,0,2,9.05287,2218.35
831,12,0,2,9.04644,2183.77
825,12,0,2,9.04603,2181.75
822,12,0,2,9.02794,2080.78
1650,12,0,3,9.49243,4516.26,0.1055,460.159,0.37,4
1657,12,0,3,9.48272,4466.63
1399,12,0,3,9.46267,4361.13
1398,12,0,3,9.45643,4327.86
1397,12,0,3,9.44342,4262.4
1377,12,0,3,9.43174,4198.62
1374,12,0,3,9.43094,4194.89
1373,12,0,3,9.41972,4136.83
1372,12,0,3,9.40699,4073.97
1371,12,0,3,9.39809,4029.99
1362,12,0,3,9.38678,3972.71
1361,12,0,3,9.38045,3940.31
1354,12,0,3,9.38041,3940.12
2188,12,0,3,9.37266,3900.87
2075,12,0,3,9.35193,3793.74
1822,12,0,3,9.35111,3789.74
1353,12,0,3,9.34336,3749.27
2118,12,0,3,9.3146,3602.26
2117,12,0,3,9.31207,3577.63
2164,12,0,3,9.29039,3456.02
1306,12,0,3,9.26668,3296.53
1599,12,0,3,9.25001,3203.83
1601,12,0,3,9.24294,3165.39
1275,12,0,4,10.0525,7358.67,0.057,248.617,0.01,5
1265,12,0,4,10.0408,7296.04
1258,12,0,4,10.0289,7231.99
1260,12,0,4,10.0213,7179.67
1259,12,0,4,10.009,7113.89
868,12,0,4,9.99051,7013.02
869,12,0,4,9.96802,6893.73
2066,12,0,4,9.95177,6804.78
1297,12,0,4,9.92331,6655.68
1299,12,0,4,9.91707,6621.26
1557,12,0,4,9.89533,6507.08
1301,12,0,4,9.88239,6441.2
1302,12,0,4,9.85926,6316.36
1307,12,0,4,9.84421,6233.06
1308,12,0,4,9.83305,6173.79
1309,12,0,4,9.81543,6083.07
1314,12,0,4,9.81485,6080.2
2165,12,0,4,9.79185,5965.04
2118,12,0,4,9.79021,5956.83
1353,12,0,4,9.76419,5821.39
1822,12,0,4,9.75481,5774.04
2075,12,0,4,9.75399,5770.05
2188,12,0,4,9.73102,5653.52
1354,12,0,4,9.72272,5611.97
1355,12,0,4,9.71497,5572.06
1364,12,0,4,9.71492,5571.85
1363,12,0,4,9.70442,5517.97
1373,12,0,4,9.68066,5397.93
1374,12,0,4,9.66939,5339.65
1377,12,0,4,9.66859,5335.92
1397,12,0,4,9.65386,5259.1
1398,12,0,4,9.63905,5186.17
1399,12,0,4,9.62833,5134.19
1657,12,0,4,9.60512,5015.32
1650,12,0,4,9.59793,4976.42
1621,12,0,5,10.5625,10160.7,0.101167,441.259,0.13,6
2089,12,0,5,10.5475,10083.1
2124,12,0,5,10.5398,10046.7
1826,12,0,5,10.5329,10008.6
1450,12,0,5,10.5307,9993.22
1829,12,0,5,10.5261,9964.01
1832,12,0,5,10.5135,9879.02
1833,12,0,5,10.5052,9805.58
1837,12,0,5,10.4955,9735.97
2177,12,0,5,10.4916,9715.59
1841,12,0,5,10.4915,9714.24
1554,12,0,5,10.4859,9683.82
1416,12,0,5,10.4843,9675.99
1415,12,0,5,10.4701,9603.28
2097,12,0,5,10.4585,9542.69
2120,12,0,5,10.4495,9496.31
1414,12,0,5,10.4394,9443.02
1350,12,0,5,10.4278,9381.95
1351,12,0,5,10.4193,9339.25
1352,12,0,5,10.4051,9269.33
1358,12,0,5,10.3963,9222.62
1357,12,0,5,10.3835,9157.85
1356,12,0,5,10.3828,9154.13
2076,12,0,5,10.3762,9119.07
1355,12,0,5,10.3749,9112.08
1354,12,0,5,10.3684,9077.88
2188,12,0,5,10.3612,9040.8
2075,12,0,5,10.3401,8932.08
1822,12,0,5,10.3393,8928.09
1353,12,0,5,10.3286,8875.14
2118,12,0,5,10.305,8750.26
2117,12,0,5,10.3025,8725.63
2164,12,0,5,10.2838,8610.65
1306,12,0,5,10.2603,8451.39
1599,12,0,5,10.2428,8354.91
1300,12,0,5,10.2383,8328.4
1298,12,0,5,10.2316,8293.18
2176,12,0,5,10.2253,8254.31
2066,12,0,5,10.2146,8186.66
869,12,0,5,10.2046,8111.8
868,12,0,5,10.184,8000.41
1259,12,0,5,10.1659,7901.1
1260,12,0,5,10.1485,7813.88
1258,12,0,5,10.1353,7743.91
1265,12,0,5,10.1213,7670.85
1275,12,0,5,10.1095,7607.28
1348,12,0,6,10.898,11827.4,0.0748333,326.4,0.08,7
1349,12,0,6,10.897,11822.5
1357,12,0,6,10.8849,11759.9
1367,12,0,6,10.8732,11697.7
1375,12,0,6,10.862,11636.4
1378,12,0,6,10.8459,11555.7
1380,12,0,6,10.8392,11520.2
1435,12,0,6,10.8059,11350.2
1441,12,0,6,10.7933,11284.4
1656,12,0,6,10.786,11247.1
1442,12,0,6,10.7799,11214.9
2084,12,0,6,10.7547,11087
1445,12,0,6,10.7246,10924.8
2087,12,0,6,10.7028,10810.4
2088,12,0,6,10.6895,10742.5
1644,12,0,6,10.6842,10715
2089,12,0,6,10.666,10613.8
2102,12,0,6,10.6656,10611.8
1497,12,0,6,10.6642,10604.7
1621,12,0,6,10.6637,10602
953,12,0,7,11.1295,12972.5,0.102333,446.347,0.44,8
2023,12,0,7,11.1287,12968.4
2163,12,0,7,11.1024,12825.8
1314,12,0,7,11.0899,12755.5
2165,12,0,7,11.0735,12668.3
2118,12,0,7,11.0719,12660
1353,12,0,7,11.0479,12533.1
1822,12,0,7,11.0379,12483.5
2075,12,0,7,11.0371,12479.5
2188,12,0,7,11.0129,12357.9
1354,12,0,7,11.0041,12314.1
1355,12,0,7,10.9961,12273.2
2076,12,0,7,10.9943,12264.1
1356,12,0,7,10.9864,12223.8
1357,12,0,7,10.9857,12220.1
1349,12,0,7,10.9738,12158.8
1348,12,0,7,10.9729,12153.8
1087,12,0,8,11.3848,14203.6,0,0,0
1088,12,0,8,11.378,14168.3
1117,12,0,8,11.3684,14120
1119,12,0,8,11.3676,14116
1118,12,0,8,11.3612,14081.5
1116,12,0,8,11.3604,14077.5
1115,12,0,8,11.3481,14017.1
2041,12,0,8,11.3338,13947.1
1110,12,0,8,11.3267,13912.1
1111,12,0,8,11.3167,13865.1
1107,12,0,8,11.3122,13842
1106,12,0,8,11.2989,13772
2039,12,0,8,11.2924,13730.5
2106,12,0,8,11.2762,13643
2050,12,0,8,11.2676,13601.5
2108,12,0,8,11.2485,13505.5
2023,12,0,8,11.2327,13422.9
953,12,0,8,11.2319,13418.8
2057,12,1,0,8.16738,790.795,0.0981667,428.173,0.33,1
2122,12,1,0,8.16061,756.084
1639,12,1,0,8.15528,728.728
1190,12,1,0,8.15185,709.948
1186,12,1,0,8.14193,656.065
1183,12,1,0,8.13169,601.675
1103,12,1,0,8.12103,544.89
1084,12,1,0,8.11116,487.929
1062,12,1,0,8.09467,388.255
1063,12,1,0,8.0939,381.112
1061,12,1,0,8.09047,363.372
1060,12,1,0,8.08397,330.074
1073,12,1,0,8.06255,218.101
1075,12,1,0,8.05724,191.567
1072,12,1,0,8.04669,137.848
1071,12,1,0,8.03891,97.4637
2160,12,1,0,8.03179,59.0712
1087,12,1,0,8.02,0
1429,12,1,1,8.37336,1788.84,0.0685,298.776,0.22,2
2166,12,1,1,8.3533,1686.97
1427,12,1,1,8.33996,1617.49
1677,12,1,1,8.32966,1565.05
2103,12,1,1,8.3258,1545.71
2177,12,1,1,8.32572,1545.35
1841,12,1,1,8.32558,1544
2060,12,1,1,8.28978,1346.48
1551,12,1,1,8.28905,1342.27
1201,12,1,1,8.28339,1312.91
1821,12,1,1,8.27914,1288.57
1640,12,1,1,8.27042,1244.34
2057,12,1,1,8.26555,1218.97
1087,12,1,2,8.72939,3580.77,0,0,0
1090,12,1,2,8.72109,3537.3
1076,12,1,2,8.7023,3440.91
1074,12,1,2,8.69784,3418.37
1077,12,1,2,8.68804,3366.69
1080,12,1,2,8.67416,3297.64
1079,12,1,2,8.66719,3261.8
1061,12,1,2,8.66294,3240.52
1063,12,1,2,8.65991,3224.44
1083,12,1,2,8.64496,3143.64
1105,12,1,2,8.63296,3078.85
1104,12,1,2,8.61534,2986.05
1183,12,1,2,8.61292,2969.77
1184,12,1,2,8.60813,2943.68
1663,12,1,2,8.59811,2892.63
1189,12,1,2,8.59015,2851.34
1194,12,1,2,8.57813,2777.45
1196,12,1,2,8.57785,2775.85
1550,12,1,2,8.57142,2737.82
1552,12,1,2,8.56769,2718.25
2059,12,1,2,8.56184,2687.18
2063,12,1,2,8.54522,2597.28
2064,12,1,2,8.54167,2577.72
2080,12,1,2,8.52529,2491.89
2082,12,1,2,8.49824,2366.07
1419,12,1,2,8.4754,2252.79
1429,12,1,2,8.44186,2087.61
