Node, Individual, Route,Segment, Travel time, Travel cost, Attention time, Attention cost, Failure rate, Demand
220,0,0,0,13.0702,511.167,0.072,314.042,0.12,1
2130,0,0,0,13.0524,417.757
215,0,0,0,13.0469,383.417
205,0,0,0,13.0189,223.068
196,0,0,0,13.005,137.521
195,0,0,0,13.0019,117.624
64,0,0,0,12.98,0
710,0,0,1,13.209,1171.13,0.0466667,203.546,0.45,2
223,0,0,1,13.1899,1071.11
224,0,0,1,13.1666,958.91
222,0,0,1,13.1509,874.132
220,0,0,1,13.1422,825.209
455,0,0,2,13.3163,1763.6,0.0423333,184.645,0.11,3
454,0,0,2,13.3131,1746.22
457,0,0,2,13.3065,1692.15
456,0,0,2,13.3016,1663.11
458,0,0,2,13.2923,1602.2
459,0,0,2,13.2857,1556.85
1543,0,0,2,13.2771,1495.04
710,0,0,2,13.2556,1374.67
895,0,0,3,13.6123,3391.51,0.0823333,359.113,0.02,4
896,0,0,3,13.6086,3373.27
893,0,0,3,13.5979,3320.67
876,0,0,3,13.5699,3183.3
875,0,0,3,13.5652,3158.5
2011,0,0,3,13.5578,3120.25
2156,0,0,3,13.5525,3092.93
2013,0,0,3,13.5519,3089.77
1988,0,0,3,13.5329,2989.99
417,0,0,3,13.5092,2871.91
418,0,0,3,13.5059,2854.13
1741,0,0,3,13.4994,2818.92
1740,0,0,3,13.4952,2796.68
1739,0,0,3,13.49,2768.08
401,0,0,3,13.4792,2709.7
393,0,0,3,13.466,2638.23
2136,0,0,3,13.4432,2513.31
2134,0,0,3,13.4319,2450.97
371,0,0,3,13.4266,2410.19
372,0,0,3,13.4117,2306.19
460,0,0,3,13.4059,2271.55
461,0,0,3,13.3941,2202.97
462,0,0,3,13.3925,2188.59
1990,0,0,3,13.3847,2135.55
452,0,0,3,13.3807,2103.48
453,0,0,3,13.37,2016.06
455,0,0,3,13.3586,1948.24
1302,0,0,4,13.8473,4548.94,0.035,152.659,0.22,5
949,0,0,4,13.8262,4433.17
951,0,0,4,13.8166,4382.2
950,0,0,4,13.8081,4340.68
938,0,0,4,13.7964,4277.56
929,0,0,4,13.7838,4208.87
2019,0,0,4,13.7834,4206.89
2157,0,0,4,13.7642,4112.08
905,0,0,4,13.7298,3934.13
906,0,0,4,13.7165,3864.08
892,0,0,4,13.7007,3782.01
896,0,0,4,13.6981,3767.94
895,0,0,4,13.6946,3750.63
1304,0,0,5,13.9359,4967.23,0.0735,320.585,0.21,6
1305,0,0,5,13.92,4889.9
1303,0,0,5,13.9034,4808.09
1302,0,0,5,13.8823,4701.6
1108,0,0,6,14.1462,5999.49,0.0538333,234.805,0.19,7
1107,0,0,6,14.1336,5933.25
1106,0,0,6,14.1211,5866.47
2039,0,0,6,14.1146,5824.95
2106,0,0,6,14.0967,5730.37
2050,0,0,6,14.0886,5690.75
2051,0,0,6,14.0691,5597.27
2163,0,0,6,14.0287,5390.23
1304,0,0,6,14.0094,5287.81
978,0,0,7,14.327,6886.77,0.0373333,162.837,0.05,8
1010,0,0,7,14.3122,6810.01
1011,0,0,7,14.298,6737.37
1009,0,0,7,14.2923,6707.94
1038,0,0,7,14.2842,6667.34
1039,0,0,7,14.2836,6664.67
1037,0,0,7,14.2737,6616.1
1034,0,0,7,14.2655,6572.26
2033,0,0,7,14.2592,6539.97
1803,0,0,7,14.2533,6509.83
1785,0,0,7,14.2376,6428.32
1067,0,0,7,14.2312,6396.58
1068,0,0,7,14.2292,6386.09
1069,0,0,7,14.2241,6359.91
1070,0,0,7,14.2192,6334.47
1849,0,0,7,14.2101,6286.78
1108,0,0,7,14.2,6234.3
636,0,0,8,14.4441,7440.03,0.0391667,170.833,0.15,9
631,0,0,8,14.4374,7407.24
630,0,0,8,14.4316,7378.72
637,0,0,8,14.421,7326.65
1996,0,0,8,14.4086,7263.36
1997,0,0,8,14.4047,7243.46
2027,0,0,8,14.3774,7113.24
2026,0,0,8,14.3716,7084.76
978,0,0,8,14.3643,7049.61
603,0,0,9,14.5675,8046.6,0.0658333,287.145,0.35,10
604,0,0,9,14.5627,8021.19
596,0,0,9,14.5626,8020.21
580,0,0,9,14.5483,7944.01
583,0,0,9,14.5421,7914.19
587,0,0,9,14.5398,7899.77
578,0,0,9,14.5368,7882.95
575,0,0,9,14.5312,7851.84
571,0,0,9,14.5283,7835.72
570,0,0,9,14.5235,7812.45
1994,0,0,9,14.5108,7748.09
562,0,0,9,14.4974,7683.04
639,0,0,9,14.4939,7665.6
638,0,0,9,14.4872,7631.56
636,0,0,9,14.4832,7610.87
64,0,0,10,14.7953,9358.56,0,0,0
195,0,0,10,14.7737,9242.31
196,0,0,10,14.771,9222.72
205,0,0,10,14.7567,9136.64
215,0,0,10,14.7323,8981.67
225,0,0,10,14.7074,8777.83
715,0,0,10,14.6725,8587.29
714,0,0,10,14.6687,8563.45
726,0,0,10,14.6685,8561.59
529,0,0,10,14.6545,8461.98
605,0,0,10,14.6391,8364.72
603,0,0,10,14.6333,8333.74
220,1,0,0,13.0302,511.167,0.072,314.042,0.12,1
2130,1,0,0,13.0124,417.757
215,1,0,0,13.0069,383.417
205,1,0,0,12.9789,223.068
196,1,0,0,12.965,137.521
195,1,0,0,12.9619,117.624
64,1,0,0,12.94,0
455,1,0,1,13.196,1375.28,0.0423333,184.645,0.11,2
454,1,0,1,13.1927,1357.9
457,1,0,1,13.1862,1303.83
456,1,0,1,13.1812,1274.8
458,1,0,1,13.172,1213.88
459,1,0,1,13.1654,1168.53
450,1,0,1,13.1502,1084.61
229,1,0,1,13.1391,1024.74
222,1,0,1,13.1109,874.132
220,1,0,1,13.1022,825.209
895,1,0,2,13.492,3003.2,0.0823333,359.113,0.02,3
896,1,0,2,13.4883,2984.96
893,1,0,2,13.4776,2932.35
876,1,0,2,13.4495,2794.98
875,1,0,2,13.4448,2770.19
2011,1,0,2,13.4374,2731.94
2156,1,0,2,13.4322,2704.61
2013,1,0,2,13.4315,2701.46
1988,1,0,2,13.4125,2601.68
417,1,0,2,13.3888,2483.59
418,1,0,2,13.3855,2465.81
1741,1,0,2,13.379,2430.6
1740,1,0,2,13.3749,2408.37
1739,1,0,2,13.3697,2379.77
401,1,0,2,13.3588,2321.38
393,1,0,2,13.3456,2249.91
2136,1,0,2,13.3228,2124.99
2134,1,0,2,13.3115,2062.66
371,1,0,2,13.3062,2021.87
372,1,0,2,13.2914,1917.88
460,1,0,2,13.2856,1883.23
461,1,0,2,13.2737,1814.65
462,1,0,2,13.2722,1800.28
1990,1,0,2,13.2643,1747.24
452,1,0,2,13.2604,1715.16
453,1,0,2,13.2496,1627.74
455,1,0,2,13.2383,1559.93
1302,1,0,3,13.727,4160.62,0.035,152.659,0.22,4
949,1,0,3,13.7059,4044.85
951,1,0,3,13.6962,3993.89
950,1,0,3,13.6878,3952.36
938,1,0,3,13.6761,3889.25
929,1,0,3,13.6634,3820.56
2019,1,0,3,13.663,3818.57
2157,1,0,3,13.6439,3723.76
905,1,0,3,13.6095,3545.82
906,1,0,3,13.5961,3475.77
892,1,0,3,13.5804,3393.69
896,1,0,3,13.5778,3379.63
895,1,0,3,13.5743,3362.31
1304,1,0,4,13.8155,4578.91,0.0735,320.585,0.21,5
1305,1,0,4,13.7996,4501.58
1303,1,0,4,13.783,4419.77
1302,1,0,4,13.762,4313.28
1108,1,0,5,14.0293,5624.69,0.0538333,234.805,0.19,6
1107,1,0,5,14.0165,5557.33
1106,1,0,5,13.9945,5450.91
2039,1,0,5,13.9878,5409.25
2106,1,0,5,13.9724,5324.88
2050,1,0,5,13.9597,5267.11
2051,1,0,5,13.9482,5206.76
2163,1,0,5,13.9091,5005.28
1304,1,0,5,13.889,4899.49
978,1,0,6,14.2102,6511.97,0.0373333,162.837,0.05,7
1010,1,0,6,14.1953,6435.21
1011,1,0,6,14.1811,6362.57
1009,1,0,6,14.1755,6333.13
1038,1,0,6,14.1673,6292.54
1039,1,0,6,14.1667,6289.86
1037,1,0,6,14.1569,6241.3
1034,1,0,6,14.1486,6197.46
2033,1,0,6,14.1424,6165.17
1803,1,0,6,14.1365,6135.02
1785,1,0,6,14.1207,6053.52
1067,1,0,6,14.1144,6021.78
1068,1,0,6,14.1124,6011.29
1069,1,0,6,14.1073,5985.11
1070,1,0,6,14.1024,5959.66
1849,1,0,6,14.0932,5911.98
1108,1,0,6,14.0832,5859.49
636,1,0,7,14.3272,7065.23,0.0391667,170.833,0.15,8
631,1,0,7,14.3205,7032.44
630,1,0,7,14.3147,7003.92
637,1,0,7,14.3041,6951.84
1996,1,0,7,14.2917,6888.56
1997,1,0,7,14.2878,6868.65
2027,1,0,7,14.2606,6738.43
2026,1,0,7,14.2548,6709.95
978,1,0,7,14.2475,6674.81
603,1,0,8,14.4506,7671.79,0.0658333,287.145,0.35,9
604,1,0,8,14.4458,7646.38
596,1,0,8,14.4457,7645.41
580,1,0,8,14.4314,7569.21
583,1,0,8,14.4252,7539.39
587,1,0,8,14.423,7524.96
578,1,0,8,14.4199,7508.15
575,1,0,8,14.4144,7477.04
571,1,0,8,14.4115,7460.92
570,1,0,8,14.4067,7437.64
1994,1,0,8,14.3939,7373.29
562,1,0,8,14.3805,7308.23
639,1,0,8,14.3771,7290.79
638,1,0,8,14.3704,7256.76
636,1,0,8,14.3664,7236.06
710,1,0,9,14.5802,8372.33,0.0876667,382.376,0.44,10
1543,1,0,9,14.5603,8256.97
715,1,0,9,14.5556,8212.48
714,1,0,9,14.5519,8188.64
726,1,0,9,14.5517,8186.78
529,1,0,9,14.5376,8087.17
605,1,0,9,14.5223,7989.92
603,1,0,9,14.5165,7958.94
64,1,0,10,14.7766,9453.54,0,0,0
195,1,0,10,14.7551,9337.29
196,1,0,10,14.7523,9317.71
205,1,0,10,14.7381,9231.63
215,1,0,10,14.7136,9076.65
225,1,0,10,14.6888,8872.82
1680,1,0,10,14.686,8853.97
710,1,0,10,14.6679,8754.71
220,2,0,0,12.9502,511.167,0.0923333,402.73,0.08,1
2130,2,0,0,12.9324,417.757
215,2,0,0,12.9269,383.417
205,2,0,0,12.8989,223.068
196,2,0,0,12.885,137.521
195,2,0,0,12.8819,117.624
64,2,0,0,12.86,0
710,2,0,1,13.1093,1259.82,0.0466667,203.546,0.45,2
223,2,0,1,13.0902,1159.8
224,2,0,1,13.0669,1047.6
222,2,0,1,13.0512,962.82
220,2,0,1,13.0426,913.897
455,2,0,2,13.2166,1852.28,0.0423333,184.645,0.11,3
454,2,0,2,13.2134,1834.91
457,2,0,2,13.2069,1780.84
456,2,0,2,13.2019,1751.8
458,2,0,2,13.1927,1690.89
459,2,0,2,13.1861,1645.54
1543,2,0,2,13.1775,1583.73
710,2,0,2,13.156,1463.36
895,2,0,3,13.5126,3480.2,0.0823333,359.113,0.02,4
896,2,0,3,13.509,3461.96
893,2,0,3,13.4983,3409.36
876,2,0,3,13.4702,3271.99
875,2,0,3,13.4655,3247.19
2011,2,0,3,13.4581,3208.94
2156,2,0,3,13.4529,3181.61
2013,2,0,3,13.4522,3178.46
1988,2,0,3,13.4332,3078.68
417,2,0,3,13.4095,2960.59
418,2,0,3,13.4062,2942.82
1741,2,0,3,13.3997,2907.61
1740,2,0,3,13.3956,2885.37
1739,2,0,3,13.3904,2856.77
401,2,0,3,13.3795,2798.38
393,2,0,3,13.3663,2726.91
2136,2,0,3,13.3435,2602
2134,2,0,3,13.3322,2539.66
371,2,0,3,13.3269,2498.88
372,2,0,3,13.3121,2394.88
460,2,0,3,13.3062,2360.23
461,2,0,3,13.2944,2291.66
462,2,0,3,13.2928,2277.28
1990,2,0,3,13.285,2224.24
452,2,0,3,13.2811,2192.17
453,2,0,3,13.2703,2104.75
455,2,0,3,13.259,2036.93
1302,2,0,4,13.7477,4637.63,0.035,152.659,0.22,5
949,2,0,4,13.7266,4521.86
951,2,0,4,13.7169,4470.89
950,2,0,4,13.7085,4429.37
938,2,0,4,13.6967,4366.25
929,2,0,4,13.6841,4297.56
2019,2,0,4,13.6837,4295.58
2157,2,0,4,13.6646,4200.77
905,2,0,4,13.6301,4022.82
906,2,0,4,13.6168,3952.77
892,2,0,4,13.6011,3870.69
896,2,0,4,13.5984,3856.63
895,2,0,4,13.595,3839.31
1304,2,0,5,13.8362,5055.91,0.0735,320.585,0.21,6
1305,2,0,5,13.8203,4978.59
1303,2,0,5,13.8037,4896.78
1302,2,0,5,13.7827,4790.29
1108,2,0,6,14.05,6101.69,0.0538333,234.805,0.19,7
1107,2,0,6,14.0372,6034.33
1106,2,0,6,14.0152,5927.91
2039,2,0,6,14.0085,5886.26
2106,2,0,6,13.993,5801.89
2050,2,0,6,13.9804,5744.11
2051,2,0,6,13.9689,5683.76
2163,2,0,6,13.9298,5482.29
1304,2,0,6,13.9097,5376.5
978,2,0,7,14.2308,6988.97,0.0373333,162.837,0.05,8
1010,2,0,7,14.216,6912.21
1011,2,0,7,14.2018,6839.57
1009,2,0,7,14.1962,6810.14
1038,2,0,7,14.188,6769.54
1039,2,0,7,14.1874,6766.87
1037,2,0,7,14.1776,6718.3
1034,2,0,7,14.1693,6674.46
2033,2,0,7,14.1631,6642.17
1803,2,0,7,14.1572,6612.02
1785,2,0,7,14.1414,6530.52
1067,2,0,7,14.135,6498.78
1068,2,0,7,14.1331,6488.29
1069,2,0,7,14.128,6462.11
1070,2,0,7,14.1231,6436.67
1849,2,0,7,14.1139,6388.98
1108,2,0,7,14.1038,6336.5
636,2,0,8,14.3479,7542.23,0.0391667,170.833,0.15,9
631,2,0,8,14.3412,7509.44
630,2,0,8,14.3354,7480.92
637,2,0,8,14.3248,7428.85
1996,2,0,8,14.3124,7365.56
1997,2,0,8,14.3085,7345.66
2027,2,0,8,14.2813,7215.44
2026,2,0,8,14.2755,7186.96
978,2,0,8,14.2682,7151.81
603,2,0,9,14.4713,8148.8,0.0658333,287.145,0.35,10
604,2,0,9,14.4665,8123.39
596,2,0,9,14.4664,8122.41
580,2,0,9,14.4521,8046.21
583,2,0,9,14.4459,8016.39
587,2,0,9,14.4437,8001.97
578,2,0,9,14.4406,7985.15
575,2,0,9,14.4351,7954.04
571,2,0,9,14.4322,7937.92
570,2,0,9,14.4273,7914.65
1994,2,0,9,14.4146,7850.29
562,2,0,9,14.4012,7785.24
639,2,0,9,14.3977,7767.8
638,2,0,9,14.391,7733.76
636,2,0,9,14.387,7713.07
64,2,0,10,14.6991,9460.76,0,0,0
195,2,0,10,14.6775,9344.5
196,2,0,10,14.6748,9324.92
205,2,0,10,14.6605,9238.84
215,2,0,10,14.6361,9083.87
225,2,0,10,14.6112,8880.03
715,2,0,10,14.5763,8689.49
714,2,0,10,14.5725,8665.65
726,2,0,10,14.5724,8663.79
529,2,0,10,14.5583,8564.18
605,2,0,10,14.5429,8466.92
603,2,0,10,14.5371,8435.94
220,3,0,0,12.8702,511.167,0.0923333,402.73,0.08,1
2130,3,0,0,12.8524,417.757
215,3,0,0,12.8469,383.417
205,3,0,0,12.8189,223.068
196,3,0,0,12.805,137.521
195,3,0,0,12.8019,117.624
64,3,0,0,12.78,0
710,3,0,1,13.027,1250.5,0.0466667,203.546,0.45,2
223,3,0,1,13.0104,1161.15
224,3,0,1,12.9885,1054.49
222,3,0,1,12.9726,968.676
220,3,0,1,12.9626,913.897
455,3,0,2,13.1344,1842.97,0.0423333,184.645,0.11,3
454,3,0,2,13.1311,1825.59
457,3,0,2,13.1246,1771.53
456,3,0,2,13.1196,1742.49
458,3,0,2,13.1104,1681.58
459,3,0,2,13.1038,1636.23
1543,3,0,2,13.0952,1574.42
710,3,0,2,13.0737,1454.05
895,3,0,3,13.4304,3470.89,0.0823333,359.113,0.02,4
896,3,0,3,13.4267,3452.65
893,3,0,3,13.416,3400.04
876,3,0,3,13.3879,3262.68
875,3,0,3,13.3832,3237.88
2011,3,0,3,13.3758,3199.63
2156,3,0,3,13.3706,3172.3
2013,3,0,3,13.3699,3169.15
1988,3,0,3,13.3509,3069.37
417,3,0,3,13.3272,2951.28
418,3,0,3,13.3239,2933.51
1741,3,0,3,13.3174,2898.29
1740,3,0,3,13.3133,2876.06
1739,3,0,3,13.3081,2847.46
401,3,0,3,13.2972,2789.07
393,3,0,3,13.284,2717.6
2136,3,0,3,13.2612,2592.69
2134,3,0,3,13.2499,2530.35
371,3,0,3,13.2446,2489.57
372,3,0,3,13.2298,2385.57
460,3,0,3,13.224,2350.92
461,3,0,3,13.2121,2282.35
462,3,0,3,13.2105,2267.97
1990,3,0,3,13.2027,2214.93
452,3,0,3,13.1988,2182.85
453,3,0,3,13.188,2095.44
455,3,0,3,13.1767,2027.62
1302,3,0,4,13.6654,4628.31,0.035,152.659,0.22,5
949,3,0,4,13.6443,4512.55
951,3,0,4,13.6346,4461.58
950,3,0,4,13.6262,4420.05
938,3,0,4,13.6145,4356.94
929,3,0,4,13.6018,4288.25
2019,3,0,4,13.6014,4286.27
2157,3,0,4,13.5823,4191.46
905,3,0,4,13.5478,4013.51
906,3,0,4,13.5345,3943.46
892,3,0,4,13.5188,3861.38
896,3,0,4,13.5162,3847.32
895,3,0,4,13.5127,3830
1304,3,0,5,13.7539,5046.6,0.0735,320.585,0.21,6
1305,3,0,5,13.738,4969.28
1303,3,0,5,13.7214,4887.47
1302,3,0,5,13.7004,4780.97
1108,3,0,6,13.9677,6092.38,0.0723333,315.496,0.16,7
1107,3,0,6,13.9549,6025.02
1106,3,0,6,13.9329,5918.6
2039,3,0,6,13.9262,5876.95
2106,3,0,6,13.9108,5792.58
2050,3,0,6,13.8981,5734.8
2051,3,0,6,13.8866,5674.45
2163,3,0,6,13.8475,5472.98
1304,3,0,6,13.8274,5367.19
978,3,0,7,14.1671,7060.35,0.0373333,162.837,0.05,8
1010,3,0,7,14.1522,6983.59
1011,3,0,7,14.138,6910.95
1009,3,0,7,14.1324,6881.52
1038,3,0,7,14.1242,6840.92
1039,3,0,7,14.1236,6838.25
1037,3,0,7,14.1138,6789.68
1034,3,0,7,14.1055,6745.84
2033,3,0,7,14.0993,6713.55
1803,3,0,7,14.0934,6683.4
1785,3,0,7,14.0776,6601.9
1067,3,0,7,14.0713,6570.16
1068,3,0,7,14.0693,6559.67
1069,3,0,7,14.0642,6533.49
1070,3,0,7,14.0593,6508.05
1849,3,0,7,14.0501,6460.36
1108,3,0,7,14.0401,6407.88
636,3,0,8,14.2841,7613.61,0.0391667,170.833,0.15,9
631,3,0,8,14.2774,7580.82
630,3,0,8,14.2716,7552.3
637,3,0,8,14.261,7500.23
1996,3,0,8,14.2486,7436.94
1997,3,0,8,14.2447,7417.04
2027,3,0,8,14.2175,7286.82
2026,3,0,8,14.2117,7258.34
978,3,0,8,14.2044,7223.19
603,3,0,9,14.4075,8220.18,0.0658333,287.145,0.35,10
604,3,0,9,14.4027,8194.77
596,3,0,9,14.4026,8193.79
580,3,0,9,14.3883,8117.59
583,3,0,9,14.3821,8087.77
587,3,0,9,14.3799,8073.35
578,3,0,9,14.3768,8056.53
575,3,0,9,14.3713,8025.42
571,3,0,9,14.3684,8009.3
570,3,0,9,14.3636,7986.03
1994,3,0,9,14.3508,7921.67
562,3,0,9,14.3374,7856.62
639,3,0,9,14.334,7839.18
638,3,0,9,14.3272,7805.14
636,3,0,9,14.3233,7784.45
64,3,0,10,14.6353,9532.14,0,0,0
195,3,0,10,14.6137,9415.88
196,3,0,10,14.611,9396.3
205,3,0,10,14.5967,9310.22
215,3,0,10,14.5723,9155.25
225,3,0,10,14.5475,8951.41
715,3,0,10,14.5125,8760.87
714,3,0,10,14.5088,8737.03
726,3,0,10,14.5086,8735.17
529,3,0,10,14.4945,8635.56
605,3,0,10,14.4792,8538.3
603,3,0,10,14.4734,8507.32
220,4,0,0,12.9502,511.167,0.0923333,402.73,0.08,1
2130,4,0,0,12.9324,417.757
215,4,0,0,12.9269,383.417
205,4,0,0,12.8989,223.068
196,4,0,0,12.885,137.521
195,4,0,0,12.8819,117.624
64,4,0,0,12.86,0
455,4,0,1,13.1363,1463.97,0.0423333,184.645,0.11,2
454,4,0,1,13.1331,1446.59
457,4,0,1,13.1265,1392.52
456,4,0,1,13.1216,1363.49
458,4,0,1,13.1123,1302.57
459,4,0,1,13.1057,1257.22
450,4,0,1,13.0905,1173.3
229,4,0,1,13.0794,1113.43
222,4,0,1,13.0512,962.82
220,4,0,1,13.0426,913.897
895,4,0,2,13.4323,3091.89,0.0823333,359.113,0.02,3
896,4,0,2,13.4286,3073.65
893,4,0,2,13.4179,3021.04
876,4,0,2,13.3899,2883.67
875,4,0,2,13.3852,2858.88
2011,4,0,2,13.3778,2820.62
2156,4,0,2,13.3725,2793.3
2013,4,0,2,13.3719,2790.14
1988,4,0,2,13.3528,2690.37
417,4,0,2,13.3291,2572.28
418,4,0,2,13.3259,2554.5
1741,4,0,2,13.3194,2519.29
1740,4,0,2,13.3152,2497.05
1739,4,0,2,13.31,2468.45
401,4,0,2,13.2992,2410.07
393,4,0,2,13.286,2338.6
2136,4,0,2,13.2632,2213.68
2134,4,0,2,13.2519,2151.35
371,4,0,2,13.2466,2110.56
372,4,0,2,13.2317,2006.57
460,4,0,2,13.2259,1971.92
461,4,0,2,13.214,1903.34
462,4,0,2,13.2125,1888.96
1990,4,0,2,13.2047,1835.93
452,4,0,2,13.2007,1803.85
453,4,0,2,13.1899,1716.43
455,4,0,2,13.1786,1648.61
1302,4,0,3,13.6673,4249.31,0.035,152.659,0.22,4
949,4,0,3,13.6462,4133.54
951,4,0,3,13.6365,4082.58
950,4,0,3,13.6281,4041.05
938,4,0,3,13.6164,3977.93
929,4,0,3,13.6038,3909.24
2019,4,0,3,13.6034,3907.26
2157,4,0,3,13.5842,3812.45
905,4,0,3,13.5498,3634.5
906,4,0,3,13.5364,3564.45
892,4,0,3,13.5207,3482.38
896,4,0,3,13.5181,3468.32
895,4,0,3,13.5146,3451
1304,4,0,4,13.7559,4667.6,0.0735,320.585,0.21,5
1305,4,0,4,13.74,4590.27
1303,4,0,4,13.7234,4508.46
1302,4,0,4,13.7023,4401.97
1108,4,0,5,13.9697,5713.38,0.0723333,315.496,0.16,6
1107,4,0,5,13.9569,5646.02
1106,4,0,5,13.9348,5539.59
2039,4,0,5,13.9282,5497.94
2106,4,0,5,13.9127,5413.57
2050,4,0,5,13.9001,5355.8
2051,4,0,5,13.8886,5295.45
2163,4,0,5,13.8494,5093.97
1304,4,0,5,13.8294,4988.18
978,4,0,6,14.169,6681.35,0.0373333,162.837,0.05,7
1010,4,0,6,14.1542,6604.58
1011,4,0,6,14.1399,6531.95
1009,4,0,6,14.1343,6502.51
1038,4,0,6,14.1262,6461.92
1039,4,0,6,14.1256,6459.24
1037,4,0,6,14.1157,6410.68
1034,4,0,6,14.1075,6366.84
2033,4,0,6,14.1012,6334.55
1803,4,0,6,14.0953,6304.4
1785,4,0,6,14.0796,6222.9
1067,4,0,6,14.0732,6191.16
1068,4,0,6,14.0712,6180.67
1069,4,0,6,14.0661,6154.49
1070,4,0,6,14.0612,6129.04
1849,4,0,6,14.0521,6081.36
1108,4,0,6,14.042,6028.87
636,4,0,7,14.286,7234.61,0.0391667,170.833,0.15,8
631,4,0,7,14.2793,7201.82
630,4,0,7,14.2736,7173.3
637,4,0,7,14.263,7121.22
1996,4,0,7,14.2505,7057.93
1997,4,0,7,14.2467,7038.03
2027,4,0,7,14.2194,6907.81
2026,4,0,7,14.2136,6879.33
978,4,0,7,14.2063,6844.19
603,4,0,8,14.4095,7841.17,0.0658333,287.145,0.35,9
604,4,0,8,14.4047,7815.76
596,4,0,8,14.4045,7814.79
580,4,0,8,14.3903,7738.58
583,4,0,8,14.384,7708.77
587,4,0,8,14.3818,7694.34
578,4,0,8,14.3788,7677.53
575,4,0,8,14.3732,7646.42
571,4,0,8,14.3703,7630.3
570,4,0,8,14.3655,7607.02
1994,4,0,8,14.3528,7542.67
562,4,0,8,14.3394,7477.61
639,4,0,8,14.3359,7460.17
638,4,0,8,14.3292,7426.14
636,4,0,8,14.3252,7405.44
710,4,0,9,14.5391,8541.71,0.0876667,382.376,0.44,10
1543,4,0,9,14.5192,8426.35
715,4,0,9,14.5145,8381.86
714,4,0,9,14.5107,8358.02
726,4,0,9,14.5105,8356.16
529,4,0,9,14.4965,8256.55
605,4,0,9,14.4811,8159.3
603,4,0,9,14.4753,8128.32
64,4,0,10,14.7355,9622.92,0,0,0
195,4,0,10,14.7139,9506.67
196,4,0,10,14.7112,9487.09
205,4,0,10,14.6969,9401.01
215,4,0,10,14.6725,9246.03
225,4,0,10,14.6476,9042.2
1680,4,0,10,14.6448,9023.35
710,4,0,10,14.6267,8924.08
220,5,0,0,12.8402,511.167,0.0923333,402.73,0.08,1
2130,5,0,0,12.8224,417.757
215,5,0,0,12.8169,383.417
205,5,0,0,12.7889,223.068
196,5,0,0,12.775,137.521
195,5,0,0,12.7719,117.624
64,5,0,0,12.75,0
710,5,0,1,12.997,1250.5,0.0983333,428.9,0.42,2
223,5,0,1,12.9804,1161.15
224,5,0,1,12.9585,1054.49
222,5,0,1,12.9426,968.676
220,5,0,1,12.9326,913.897
455,5,0,2,13.156,2068.33,0.0423333,184.645,0.11,3
454,5,0,2,13.1528,2050.95
457,5,0,2,13.1462,1996.88
456,5,0,2,13.1413,1967.85
458,5,0,2,13.1321,1906.93
459,5,0,2,13.1254,1861.58
1543,5,0,2,13.1169,1799.77
710,5,0,2,13.0954,1679.4
895,5,0,3,13.452,3696.24,0.0823333,359.113,0.02,4
896,5,0,3,13.4483,3678
893,5,0,3,13.4376,3625.4
876,5,0,3,13.4096,3488.03
875,5,0,3,13.4049,3463.23
2011,5,0,3,13.3975,3424.98
2156,5,0,3,13.3922,3397.66
2013,5,0,3,13.3916,3394.5
1988,5,0,3,13.3726,3294.72
417,5,0,3,13.3489,3176.64
418,5,0,3,13.3456,3158.86
1741,5,0,3,13.3391,3123.65
1740,5,0,3,13.3349,3101.41
1739,5,0,3,13.3298,3072.81
401,5,0,3,13.3189,3014.43
393,5,0,3,13.3057,2942.96
2136,5,0,3,13.2829,2818.04
2134,5,0,3,13.2716,2755.71
371,5,0,3,13.2663,2714.92
372,5,0,3,13.2515,2610.93
460,5,0,3,13.2456,2576.28
461,5,0,3,13.2338,2507.7
462,5,0,3,13.2322,2493.32
1990,5,0,3,13.2244,2440.28
452,5,0,3,13.2205,2408.21
453,5,0,3,13.2097,2320.79
455,5,0,3,13.1984,2252.97
1302,5,0,4,13.6871,4853.67,0.035,152.659,0.22,5
949,5,0,4,13.666,4737.9
951,5,0,4,13.6563,4686.94
950,5,0,4,13.6479,4645.41
938,5,0,4,13.6361,4582.29
929,5,0,4,13.6235,4513.6
2019,5,0,4,13.6231,4511.62
2157,5,0,4,13.6039,4416.81
905,5,0,4,13.5695,4238.86
906,5,0,4,13.5562,4168.81
892,5,0,4,13.5405,4086.74
896,5,0,4,13.5378,4072.67
895,5,0,4,13.5344,4055.36
1304,5,0,5,13.7756,5271.96,0.0735,320.585,0.21,6
1305,5,0,5,13.7597,5194.63
1303,5,0,5,13.7431,5112.82
1302,5,0,5,13.7221,5006.33
1108,5,0,6,13.9894,6317.74,0.0723333,315.496,0.16,7
1107,5,0,6,13.9766,6250.38
1106,5,0,6,13.9545,6143.95
2039,5,0,6,13.9479,6102.3
2106,5,0,6,13.9324,6017.93
2050,5,0,6,13.9198,5960.16
2051,5,0,6,13.9083,5899.81
2163,5,0,6,13.8692,5698.33
1304,5,0,6,13.8491,5592.54
978,5,0,7,14.1887,7285.71,0.0373333,162.837,0.05,8
1010,5,0,7,14.1739,7208.94
1011,5,0,7,14.1597,7136.3
1009,5,0,7,14.1541,7106.87
1038,5,0,7,14.1459,7066.27
1039,5,0,7,14.1453,7063.6
1037,5,0,7,14.1355,7015.04
1034,5,0,7,14.1272,6971.2
2033,5,0,7,14.121,6938.91
1803,5,0,7,14.1151,6908.76
1785,5,0,7,14.0993,6827.26
1067,5,0,7,14.0929,6795.52
1068,5,0,7,14.0909,6785.03
1069,5,0,7,14.0859,6758.85
1070,5,0,7,14.0809,6733.4
1849,5,0,7,14.0718,6685.72
1108,5,0,7,14.0617,6633.23
636,5,0,8,14.3058,7838.97,0.0391667,170.833,0.15,9
631,5,0,8,14.2991,7806.18
630,5,0,8,14.2933,7777.66
637,5,0,8,14.2827,7725.58
1996,5,0,8,14.2703,7662.29
1997,5,0,8,14.2664,7642.39
2027,5,0,8,14.2391,7512.17
2026,5,0,8,14.2334,7483.69
978,5,0,8,14.2261,7448.55
603,5,0,9,14.4292,8445.53,0.0658333,287.145,0.35,10
604,5,0,9,14.4244,8420.12
596,5,0,9,14.4243,8419.15
580,5,0,9,14.41,8342.94
583,5,0,9,14.4038,8313.13
587,5,0,9,14.4016,8298.7
578,5,0,9,14.3985,8281.89
575,5,0,9,14.393,8250.78
571,5,0,9,14.3901,8234.66
570,5,0,9,14.3852,8211.38
1994,5,0,9,14.3725,8147.03
562,5,0,9,14.3591,8081.97
639,5,0,9,14.3556,8064.53
638,5,0,9,14.3489,8030.5
636,5,0,9,14.3449,8009.8
64,5,0,10,14.657,9757.49,0,0,0
195,5,0,10,14.6354,9641.24
196,5,0,10,14.6327,9621.66
205,5,0,10,14.6184,9535.58
215,5,0,10,14.594,9380.6
225,5,0,10,14.5691,9176.77
715,5,0,10,14.5342,8986.22
714,5,0,10,14.5304,8962.38
726,5,0,10,14.5302,8960.52
529,5,0,10,14.5162,8860.91
605,5,0,10,14.5008,8763.66
603,5,0,10,14.495,8732.68
220,6,0,0,12.7502,511.167,0.0923333,402.73,0.08,1
2130,6,0,0,12.7324,417.757
215,6,0,0,12.7269,383.417
205,6,0,0,12.6989,223.068
196,6,0,0,12.685,137.521
195,6,0,0,12.6819,117.624
64,6,0,0,12.66,0
455,6,0,1,12.9372,1465.09,0.0851667,371.471,0.08,2
454,6,0,1,12.9348,1450.75
457,6,0,1,12.9281,1396.73
456,6,0,1,12.9222,1364.17
458,6,0,1,12.9123,1302.41
459,6,0,1,12.9056,1257.06
450,6,0,1,12.8893,1168.32
229,6,0,1,12.8773,1104.61
222,6,0,1,12.8526,968.676
220,6,0,1,12.8426,913.897
895,6,0,2,13.276,3279.83,0.0823333,359.113,0.02,3
896,6,0,2,13.2723,3261.59
893,6,0,2,13.2616,3208.99
876,6,0,2,13.2336,3071.62
875,6,0,2,13.2289,3046.82
2011,6,0,2,13.2215,3008.57
2156,6,0,2,13.2162,2981.24
2013,6,0,2,13.2156,2978.09
1988,6,0,2,13.1965,2878.31
417,6,0,2,13.1728,2760.23
418,6,0,2,13.1696,2742.45
1741,6,0,2,13.1631,2707.24
1740,6,0,2,13.1589,2685
1739,6,0,2,13.1537,2656.4
401,6,0,2,13.1429,2598.02
393,6,0,2,13.1297,2526.54
2136,6,0,2,13.1069,2401.63
2134,6,0,2,13.0956,2339.29
371,6,0,2,13.0903,2298.51
372,6,0,2,13.0754,2194.51
460,6,0,2,13.0696,2159.87
461,6,0,2,13.0577,2091.29
462,6,0,2,13.0562,2076.91
1990,6,0,2,13.0484,2023.87
452,6,0,2,13.0444,1991.8
453,6,0,2,13.0336,1904.38
455,6,0,2,13.0223,1836.56
1302,6,0,3,13.511,4437.26,0.035,152.659,0.22,4
949,6,0,3,13.4899,4321.49
951,6,0,3,13.4802,4270.52
950,6,0,3,13.4718,4229
938,6,0,3,13.4601,4165.88
929,6,0,3,13.4475,4097.19
2019,6,0,3,13.4471,4095.21
2157,6,0,3,13.4279,4000.4
905,6,0,3,13.3935,3822.45
906,6,0,3,13.3801,3752.4
892,6,0,3,13.3644,3670.32
896,6,0,3,13.3618,3656.26
895,6,0,3,13.3583,3638.95
1304,6,0,4,13.5996,4855.54,0.0735,320.585,0.21,5
1305,6,0,4,13.5837,4778.22
1303,6,0,4,13.5671,4696.41
1302,6,0,4,13.546,4589.92
1108,6,0,5,13.8134,5901.32,0.0723333,315.496,0.16,6
1107,6,0,5,13.8006,5833.97
1106,6,0,5,13.7785,5727.54
2039,6,0,5,13.7719,5685.89
2106,6,0,5,13.7564,5601.52
2050,6,0,5,13.7438,5543.75
2051,6,0,5,13.7323,5483.4
2163,6,0,5,13.6931,5281.92
1304,6,0,5,13.6731,5176.13
978,6,0,6,14.0243,6917.83,0.0373333,162.837,0.05,7
1010,6,0,6,14.0106,6845.72
1011,6,0,6,13.9958,6770.99
1009,6,0,6,13.9895,6738.56
1038,6,0,6,13.9815,6698.67
1039,6,0,6,13.9809,6695.99
1040,6,0,6,13.9721,6653.72
1056,6,0,6,13.9642,6614.8
1055,6,0,6,13.9544,6565.51
1803,6,0,6,13.9471,6526.25
1785,6,0,6,13.9311,6443.73
1067,6,0,6,13.9252,6414.06
1068,6,0,6,13.923,6402.48
1069,6,0,6,13.9166,6370.86
1070,6,0,6,13.9111,6342.73
1849,6,0,6,13.8984,6280.58
1108,6,0,6,13.8857,6216.82
636,6,0,7,14.1413,7471.09,0.0391667,170.833,0.15,8
631,6,0,7,14.1346,7438.3
630,6,0,7,14.1288,7409.78
637,6,0,7,14.1183,7357.71
1996,6,0,7,14.1058,7294.42
1997,6,0,7,14.1019,7274.52
2027,6,0,7,14.0747,7144.3
2026,6,0,7,14.0689,7115.82
978,6,0,7,14.0616,7080.67
603,6,0,8,14.2648,8077.66,0.0658333,287.145,0.35,9
604,6,0,8,14.26,8052.25
596,6,0,8,14.2598,8051.27
580,6,0,8,14.2456,7975.07
583,6,0,8,14.2393,7945.25
587,6,0,8,14.2371,7930.83
578,6,0,8,14.234,7914.01
575,6,0,8,14.2285,7882.9
571,6,0,8,14.2256,7866.78
570,6,0,8,14.2208,7843.51
1994,6,0,8,14.208,7779.15
562,6,0,8,14.1947,7714.1
639,6,0,8,14.1912,7696.66
638,6,0,8,14.1845,7662.62
636,6,0,8,14.1805,7641.93
710,6,0,9,14.3944,8778.19,0.0876667,382.376,0.44,10
1543,6,0,9,14.3745,8662.83
715,6,0,9,14.3698,8618.35
714,6,0,9,14.366,8594.51
726,6,0,9,14.3658,8592.65
529,6,0,9,14.3518,8493.04
605,6,0,9,14.3364,8395.78
603,6,0,9,14.3306,8364.8
64,6,0,10,14.5908,9859.41,0,0,0
195,6,0,10,14.5692,9743.16
196,6,0,10,14.5665,9723.57
205,6,0,10,14.5522,9637.49
215,6,0,10,14.5278,9482.52
225,6,0,10,14.5029,9278.68
1680,6,0,10,14.5001,9259.84
710,6,0,10,14.482,9160.57
710,7,0,0,11.923,739.387,0.0443333,193.369,0.36,1
223,7,0,0,11.9055,646.157
1680,7,0,0,11.896,581.03
225,7,0,0,11.8932,562.11
215,7,0,0,11.8675,358.782
205,7,0,0,11.8436,204.484
196,7,0,0,11.8305,119.897
195,7,0,0,11.8279,100.335
64,7,0,0,11.81,0
603,7,0,1,12.0362,1343.94,0.0631667,275.514,0.35,2
604,7,0,1,12.0319,1320.8
596,7,0,1,12.0318,1319.83
595,7,0,1,12.0263,1289.42
605,7,0,1,12.0252,1281.43
529,7,0,1,12.0079,1181.4
726,7,0,1,11.992,1080.21
714,7,0,1,11.9919,1078.32
1543,7,0,1,11.987,1047.8
710,7,0,1,11.9673,932.755
895,7,0,2,12.3175,2812.54,0.0435,189.734,0.02,3
896,7,0,2,12.3138,2794.3
893,7,0,2,12.3025,2739.13
894,7,0,2,12.2973,2714.38
897,7,0,2,12.2784,2621.16
877,7,0,2,12.2534,2499.61
878,7,0,2,12.244,2455.51
879,7,0,2,12.2293,2385.94
437,7,0,2,12.2207,2344.81
439,7,0,2,12.2172,2325.77
436,7,0,2,12.2057,2271.67
425,7,0,2,12.1986,2234.59
426,7,0,2,12.1937,2209.64
424,7,0,2,12.1913,2195.93
613,7,0,2,12.1882,2170.95
611,7,0,2,12.1827,2138.05
609,7,0,2,12.1808,2120.26
628,7,0,2,12.1708,2046.25
561,7,0,2,12.167,2021.53
557,7,0,2,12.1589,1973.4
554,7,0,2,12.1566,1961.59
565,7,0,2,12.1485,1916.58
573,7,0,2,12.1432,1889.99
574,7,0,2,12.1359,1840.5
580,7,0,2,12.1156,1734.4
596,7,0,2,12.1095,1674.54
595,7,0,2,12.1035,1641.8
603,7,0,2,12.0993,1619.46
1302,7,0,3,12.5427,3921.71,0.106833,465.975,0.24,4
949,7,0,3,12.5199,3798.91
951,7,0,3,12.5088,3741.94
950,7,0,3,12.5021,3707.31
938,7,0,3,12.4881,3634.8
929,7,0,3,12.4698,3541.91
2019,7,0,3,12.4694,3539.92
2157,7,0,3,12.4422,3412.19
905,7,0,3,12.4021,3210.75
906,7,0,3,12.3893,3142.83
892,7,0,3,12.3704,3047.52
896,7,0,3,12.3659,3025.45
895,7,0,3,12.361,3002.28
1304,7,0,4,12.6941,4616.08,0.0815,355.478,0.17,5
1305,7,0,4,12.6816,4552.78
1303,7,0,4,12.6664,4476.85
1302,7,0,4,12.6495,4387.68
1108,7,0,5,12.9011,5635.26,0.0588333,256.613,0.13,6
1107,7,0,5,12.8866,5560.65
1106,7,0,5,12.8704,5478.35
2039,7,0,5,12.8637,5436.69
2106,7,0,5,12.8468,5346.04
2050,7,0,5,12.8373,5300.8
2051,7,0,5,12.8281,5250.27
2163,7,0,5,12.7937,5068.96
1304,7,0,5,12.7756,4971.56
978,7,0,6,13.0878,6546.17,0.0648333,282.783,0.06,7
1010,7,0,6,13.0721,6466.02
1011,7,0,6,13.0587,6396.61
1009,7,0,6,13.0535,6368.99
1041,7,0,6,13.0533,6368.3
1039,7,0,6,13.0456,6327.82
1037,7,0,6,13.036,6280.34
1034,7,0,6,13.0273,6234.65
2033,7,0,6,13.0218,6205.59
1053,7,0,6,13.0093,6142.57
1784,7,0,6,13.006,6125.5
1066,7,0,6,12.9967,6077.87
1070,7,0,6,12.9849,6016.17
1849,7,0,6,12.9724,5954.64
1108,7,0,6,12.9599,5891.87
636,7,0,7,13.2299,7210.38,0.0665,290.053,0.15,8
633,7,0,7,13.2242,7180.85
639,7,0,7,13.2207,7162.71
1993,7,0,7,13.2092,7104.42
1995,7,0,7,13.2023,7070.05
1996,7,0,7,13.1962,7040.11
1997,7,0,7,13.1923,7020.21
2027,7,0,7,13.1674,6899.44
2026,7,0,7,13.1616,6870.95
978,7,0,7,13.1526,6828.95
455,7,0,8,13.459,8369.54,0.0423333,184.645,0.11,9
453,7,0,8,13.4504,8304.08
452,7,0,8,13.4381,8216.76
1678,7,0,8,13.4224,8132.37
474,7,0,8,13.4024,8032.85
2140,7,0,8,13.3942,7995.02
475,7,0,8,13.3875,7963.75
499,7,0,8,13.3798,7924.16
500,7,0,8,13.3752,7900.75
518,7,0,8,13.3696,7872.57
1754,7,0,8,13.3564,7810.71
540,7,0,8,13.3479,7766.81
541,7,0,8,13.3371,7711.66
572,7,0,8,13.3284,7665.91
1994,7,0,8,13.3187,7615.63
562,7,0,8,13.3092,7566.58
639,7,0,8,13.3057,7549.14
638,7,0,8,13.3005,7521.35
636,7,0,8,13.2964,7500.43
220,7,0,9,13.5928,9092.61,0.072,314.042,0.12,10
222,7,0,9,13.5848,9044.88
229,7,0,9,13.5594,8906.23
450,7,0,9,13.549,8849.33
459,7,0,9,13.533,8761.98
458,7,0,9,13.5263,8716.57
456,7,0,9,13.5177,8656.17
457,7,0,9,13.5117,8623.12
454,7,0,9,13.504,8569.14
455,7,0,9,13.5014,8554.18
64,7,0,10,13.7604,9943.45,0,0,0
195,7,0,10,13.7361,9815.79
196,7,0,10,13.7334,9796.19
205,7,0,10,13.7184,9709.07
215,7,0,10,13.6869,9534.76
2130,7,0,10,13.6828,9501.11
220,7,0,10,13.6648,9406.65
220,8,0,0,11.7372,472.978,0.0955,416.542,0.04,1
2130,8,0,0,11.7224,392.48
215,8,0,0,11.7175,358.782
205,8,0,0,11.6936,204.484
196,8,0,0,11.6805,119.897
195,8,0,0,11.6779,100.335
64,8,0,0,11.66,0
710,8,0,1,11.8904,1198.14,0.0443333,193.369,0.36,2
223,8,0,1,11.8729,1104.91
224,8,0,1,11.8588,1031.05
222,8,0,1,11.843,945.57
220,8,0,1,11.8327,889.52
603,8,0,2,12.0036,1802.69,0.0631667,275.514,0.35,3
604,8,0,2,11.9993,1779.55
596,8,0,2,11.9992,1778.58
595,8,0,2,11.9937,1748.17
605,8,0,2,11.9926,1740.18
529,8,0,2,11.9753,1640.15
726,8,0,2,11.9595,1538.96
714,8,0,2,11.9593,1537.07
1543,8,0,2,11.9544,1506.55
710,8,0,2,11.9347,1391.51
1108,8,0,3,12.2552,3060.77,0.0588333,256.613,0.13,4
1109,8,0,3,12.2511,3039.24
1113,8,0,3,12.2438,3003.3
1847,8,0,3,12.2308,2937.45
1086,8,0,3,12.2271,2917.22
1087,8,0,3,12.2134,2847.43
1090,8,0,3,12.2042,2800.18
1076,8,0,3,12.1811,2685.99
1074,8,0,3,12.1772,2665.6
1077,8,0,3,12.1668,2611.54
1080,8,0,3,12.1536,2545.1
1079,8,0,3,12.1459,2506.41
1061,8,0,3,12.1417,2485.13
1063,8,0,3,12.1382,2467.32
1062,8,0,3,12.1372,2460.25
2159,8,0,3,12.137,2459.35
1045,8,0,3,12.1363,2456.2
1012,8,0,3,12.1291,2415.21
1014,8,0,3,12.1287,2413.01
989,8,0,3,12.1182,2357.15
990,8,0,3,12.1081,2306.89
704,8,0,3,12.0968,2249.15
2179,8,0,3,12.0966,2248.28
662,8,0,3,12.0904,2218.64
602,8,0,3,12.0795,2150.94
604,8,0,3,12.077,2134.26
596,8,0,3,12.0769,2133.29
595,8,0,3,12.0709,2100.55
603,8,0,3,12.0667,2078.21
1304,8,0,4,12.4469,4012.03,0.0815,355.478,0.17,5
2163,8,0,4,12.4259,3902.29
2051,8,0,4,12.3923,3724.2
2050,8,0,4,12.3812,3665.19
2106,8,0,4,12.3742,3630.46
2039,8,0,4,12.3565,3536.49
1106,8,0,4,12.3466,3483.54
2035,8,0,4,12.3341,3416.72
1108,8,0,4,12.314,3317.39
1302,8,0,5,12.5744,4601.51,0.106833,465.975,0.24,6
1303,8,0,5,12.554,4497.98
1305,8,0,5,12.5405,4429.06
1304,8,0,5,12.5284,4367.51
895,8,0,6,12.847,5916.22,0.0435,189.734,0.02,7
896,8,0,6,12.8433,5897.98
892,8,0,6,12.8398,5880.2
906,8,0,6,12.8216,5787.4
1555,8,0,6,12.7961,5644.65
2157,8,0,6,12.7835,5584.01
2019,8,0,6,12.7544,5448.84
929,8,0,6,12.754,5446.85
938,8,0,6,12.7419,5380.72
950,8,0,6,12.726,5299.7
951,8,0,6,12.7195,5266.44
949,8,0,6,12.7079,5207.16
1302,8,0,6,12.6812,5067.49
978,8,0,7,13.0585,6954.91,0.0648333,282.783,0.06,8
1010,8,0,7,13.0428,6874.76
1011,8,0,7,13.0294,6805.35
1009,8,0,7,13.0242,6777.73
1041,8,0,7,13.0241,6777.04
1039,8,0,7,13.0163,6736.56
1037,8,0,7,13.0067,6689.08
1034,8,0,7,12.998,6643.39
2032,8,0,7,12.9826,6565.8
1050,8,0,7,12.9513,6411.7
1049,8,0,7,12.9513,6411.61
1025,8,0,7,12.9425,6367.95
1029,8,0,7,12.9292,6301.12
1027,8,0,7,12.9174,6242.16
898,8,0,7,12.9092,6198.63
895,8,0,7,12.8905,6105.96
636,8,0,8,13.2006,7619.12,0.0665,290.053,0.15,9
633,8,0,8,13.1949,7589.59
639,8,0,8,13.1915,7571.45
1993,8,0,8,13.1799,7513.16
1995,8,0,8,13.173,7478.8
1996,8,0,8,13.1669,7448.85
1997,8,0,8,13.163,7428.95
2027,8,0,8,13.1381,7308.18
2026,8,0,8,13.1323,7279.69
978,8,0,8,13.1233,7237.69
455,8,0,9,13.4297,8778.28,0.0423333,184.645,0.11,10
453,8,0,9,13.4211,8712.82
452,8,0,9,13.4088,8625.5
1678,8,0,9,13.3931,8541.11
474,8,0,9,13.3731,8441.6
2140,8,0,9,13.3649,8403.76
475,8,0,9,13.3582,8372.49
499,8,0,9,13.3505,8332.9
500,8,0,9,13.3459,8309.5
518,8,0,9,13.3403,8281.31
1754,8,0,9,13.3271,8219.45
540,8,0,9,13.3186,8175.55
541,8,0,9,13.3078,8120.4
572,8,0,9,13.2991,8074.65
1994,8,0,9,13.2894,8024.37
562,8,0,9,13.2799,7975.32
639,8,0,9,13.2764,7957.88
638,8,0,9,13.2712,7930.09
636,8,0,9,13.2671,7909.17
64,8,0,10,13.6505,9954.86,0,0,0
63,8,0,10,13.645,9924.51
199,8,0,10,13.6066,9728.31
202,8,0,10,13.5851,9612.27
208,8,0,10,13.5733,9540.49
170,8,0,10,13.5497,9416.25
176,8,0,10,13.5496,9415.93
183,8,0,10,13.5323,9319.66
192,8,0,10,13.5277,9288.55
458,8,0,10,13.497,9125.31
456,8,0,10,13.4884,9064.91
457,8,0,10,13.4824,9031.86
454,8,0,10,13.4747,8977.88
455,8,0,10,13.4721,8962.92
220,9,0,0,11.6872,472.978,0.0955,416.542,0.04,1
2130,9,0,0,11.6724,392.48
215,9,0,0,11.6675,358.782
205,9,0,0,11.6436,204.484
196,9,0,0,11.6305,119.897
195,9,0,0,11.6279,100.335
64,9,0,0,11.61,0
710,9,0,1,11.8404,1198.14,0.0443333,193.369,0.36,2
223,9,0,1,11.8229,1104.91
224,9,0,1,11.8088,1031.05
222,9,0,1,11.793,945.57
220,9,0,1,11.7827,889.52
455,9,0,2,11.9438,1774.06,0.0408333,178.103,0.03,3
454,9,0,2,11.941,1758.44
457,9,0,2,11.9343,1704.48
456,9,0,2,11.9291,1675.03
458,9,0,2,11.9196,1613.89
459,9,0,2,11.9137,1568.78
1543,9,0,2,11.9044,1506.55
710,9,0,2,11.8847,1391.51
895,9,0,3,12.2349,3359.07,0.0435,189.734,0.02,4
896,9,0,3,12.2312,3340.83
893,9,0,3,12.2211,3290.64
894,9,0,3,12.2158,3265.57
897,9,0,3,12.1985,3178.98
877,9,0,3,12.1754,3065.48
878,9,0,3,12.1693,3034.74
879,9,0,3,12.1547,2965.15
437,9,0,3,12.1503,2941.77
439,9,0,3,12.1466,2921.75
436,9,0,3,12.1378,2878.89
425,9,0,3,12.1296,2836.89
426,9,0,3,12.1253,2814.81
424,9,0,3,12.123,2801.41
407,9,0,3,12.1056,2710.16
406,9,0,3,12.1009,2685.56
403,9,0,3,12.0972,2657.01
394,9,0,3,12.0865,2600.27
384,9,0,3,12.0823,2578.97
385,9,0,3,12.0786,2559.74
377,9,0,3,12.0753,2541.72
2134,9,0,3,12.0604,2456.38
371,9,0,3,12.0553,2415.49
372,9,0,3,12.0387,2309.86
460,9,0,3,12.0329,2275.31
461,9,0,3,12.0228,2209.12
462,9,0,3,12.0212,2194.74
1990,9,0,3,12.0134,2141.71
452,9,0,3,12.0084,2109.27
453,9,0,3,11.997,2022.09
455,9,0,3,11.9846,1952.16
1302,9,0,4,12.4601,4468.24,0.106833,465.975,0.24,5
949,9,0,4,12.4373,4345.44
951,9,0,4,12.4262,4288.47
950,9,0,4,12.4195,4253.84
938,9,0,4,12.4055,4181.34
929,9,0,4,12.3872,4088.44
2019,9,0,4,12.3868,4086.46
2157,9,0,4,12.3596,3958.73
905,9,0,4,12.3195,3757.28
906,9,0,4,12.3067,3689.36
892,9,0,4,12.2878,3594.05
896,9,0,4,12.2833,3571.99
895,9,0,4,12.2784,3548.81
1304,9,0,5,12.6115,5162.61,0.0815,355.478,0.17,6
1305,9,0,5,12.599,5099.31
1303,9,0,5,12.5838,5023.38
1302,9,0,5,12.5669,4934.21
1108,9,0,6,12.8185,6181.79,0.0588333,256.613,0.13,7
1107,9,0,6,12.804,6107.18
1106,9,0,6,12.7878,6024.89
2039,9,0,6,12.7811,5983.23
2106,9,0,6,12.7642,5892.57
2050,9,0,6,12.7547,5847.33
2051,9,0,6,12.7455,5796.8
2163,9,0,6,12.7111,5615.49
1304,9,0,6,12.693,5518.09
978,9,0,7,13.0052,7092.7,0.0648333,282.783,0.06,8
1010,9,0,7,12.9895,7012.55
1011,9,0,7,12.9761,6943.15
1009,9,0,7,12.9709,6915.52
1041,9,0,7,12.9707,6914.83
1039,9,0,7,12.9629,6874.35
1037,9,0,7,12.9534,6826.87
1034,9,0,7,12.9447,6781.18
2033,9,0,7,12.9392,6752.12
1053,9,0,7,12.9267,6689.1
1784,9,0,7,12.9234,6672.03
1066,9,0,7,12.9141,6624.4
1070,9,0,7,12.9023,6562.7
1849,9,0,7,12.8898,6501.17
1108,9,0,7,12.8773,6438.41
636,9,0,8,13.1473,7756.91,0.0665,290.053,0.15,9
633,9,0,8,13.1416,7727.38
639,9,0,8,13.1381,7709.24
1993,9,0,8,13.1265,7650.95
1995,9,0,8,13.1197,7616.59
1996,9,0,8,13.1136,7586.64
1997,9,0,8,13.1097,7566.74
2027,9,0,8,13.0848,7445.97
2026,9,0,8,13.079,7417.49
978,9,0,8,13.07,7375.48
603,9,0,9,13.2926,8459.73,0.111167,484.876,0.36,10
604,9,0,9,13.2876,8433.33
596,9,0,9,13.2875,8432.36
580,9,0,9,13.2759,8368.04
583,9,0,9,13.2697,8338.22
587,9,0,9,13.2675,8323.84
578,9,0,9,13.2646,8307.74
575,9,0,9,13.2588,8275.3
571,9,0,9,13.2562,8260.19
570,9,0,9,13.2524,8241.14
1994,9,0,9,13.2361,8162.16
562,9,0,9,13.2266,8113.11
639,9,0,9,13.2231,8095.67
638,9,0,9,13.2179,8067.88
636,9,0,9,13.2138,8046.96
64,9,0,10,13.5724,9985.83,0,0,0
195,9,0,10,13.5481,9858.17
196,9,0,10,13.5453,9838.57
205,9,0,10,13.5304,9751.45
215,9,0,10,13.4989,9577.14
225,9,0,10,13.4729,9373.9
715,9,0,10,13.4449,9209.03
714,9,0,10,13.4411,9185.12
726,9,0,10,13.4409,9183.26
529,9,0,10,13.427,9083.74
605,9,0,10,13.4124,8987.24
603,9,0,10,13.4038,8944.6
220,10,0,0,11.6672,472.978,0.0955,416.542,0.04,1
2130,10,0,0,11.6524,392.48
215,10,0,0,11.6475,358.782
205,10,0,0,11.6236,204.484
196,10,0,0,11.6105,119.897
195,10,0,0,11.6079,100.335
64,10,0,0,11.59,0
710,10,0,1,11.8204,1198.14,0.0443333,193.369,0.36,2
223,10,0,1,11.8029,1104.91
224,10,0,1,11.7888,1031.05
222,10,0,1,11.773,945.57
220,10,0,1,11.7627,889.52
455,10,0,2,11.9238,1774.06,0.0408333,178.103,0.03,3
454,10,0,2,11.921,1758.44
457,10,0,2,11.9143,1704.48
456,10,0,2,11.9091,1675.03
458,10,0,2,11.8996,1613.89
459,10,0,2,11.8937,1568.78
1543,10,0,2,11.8844,1506.55
710,10,0,2,11.8647,1391.51
603,10,0,3,12.055,2516.24,0.0631667,275.514,0.35,4
604,10,0,3,12.0508,2493.1
596,10,0,3,12.0506,2492.13
595,10,0,3,12.0452,2461.72
605,10,0,3,12.044,2453.73
529,10,0,3,12.0268,2353.71
726,10,0,3,12.0109,2252.51
714,10,0,3,12.0107,2250.62
1543,10,0,3,12.0059,2220.1
459,10,0,3,11.9956,2156.7
458,10,0,3,11.9891,2111.44
456,10,0,3,11.98,2050.65
457,10,0,3,11.9746,2020.43
454,10,0,3,11.967,1966.47
455,10,0,3,11.9646,1952.16
1108,10,0,4,12.3066,3774.32,0.0588333,256.613,0.13,5
1109,10,0,4,12.3026,3752.79
1113,10,0,4,12.2953,3716.85
1847,10,0,4,12.2823,3651
1086,10,0,4,12.2786,3630.77
1087,10,0,4,12.2649,3560.98
1090,10,0,4,12.2557,3513.73
1076,10,0,4,12.2326,3399.54
1074,10,0,4,12.2286,3379.15
1077,10,0,4,12.2183,3325.1
1080,10,0,4,12.205,3258.65
1079,10,0,4,12.1974,3219.96
1061,10,0,4,12.1931,3198.68
1063,10,0,4,12.1897,3180.87
1062,10,0,4,12.1886,3173.8
2159,10,0,4,12.1885,3172.9
1045,10,0,4,12.1878,3169.75
1012,10,0,4,12.1805,3128.76
1014,10,0,4,12.1801,3126.56
989,10,0,4,12.1696,3070.7
990,10,0,4,12.1596,3020.44
704,10,0,4,12.1483,2962.7
2179,10,0,4,12.1481,2961.83
662,10,0,4,12.1419,2932.19
602,10,0,4,12.1309,2864.49
604,10,0,4,12.1285,2847.81
596,10,0,4,12.1284,2846.84
595,10,0,4,12.1224,2814.1
603,10,0,4,12.1182,2791.76
1304,10,0,5,12.4984,4725.58,0.0815,355.478,0.17,6
2163,10,0,5,12.4774,4615.84
2051,10,0,5,12.4438,4437.75
2050,10,0,5,12.4326,4378.74
2106,10,0,5,12.4257,4344.01
2039,10,0,5,12.408,4250.04
1106,10,0,5,12.3981,4197.09
2035,10,0,5,12.3855,4130.27
1108,10,0,5,12.3655,4030.94
1302,10,0,6,12.6258,5315.06,0.106833,465.975,0.24,7
1303,10,0,6,12.6055,5211.53
1305,10,0,6,12.592,5142.62
1304,10,0,6,12.5799,5081.06
895,10,0,7,12.8985,6629.77,0.0435,189.734,0.02,8
896,10,0,7,12.8948,6611.53
892,10,0,7,12.8913,6593.75
906,10,0,7,12.873,6500.95
1555,10,0,7,12.8475,6358.2
2157,10,0,7,12.8349,6297.56
2019,10,0,7,12.8058,6162.39
929,10,0,7,12.8054,6160.4
938,10,0,7,12.7934,6094.27
950,10,0,7,12.7774,6013.25
951,10,0,7,12.771,5979.99
949,10,0,7,12.7593,5920.71
1302,10,0,7,12.7327,5781.04
978,10,0,8,13.1099,7668.46,0.0648333,282.783,0.06,9
1010,10,0,8,13.0943,7588.31
1011,10,0,8,13.0808,7518.91
1009,10,0,8,13.0757,7491.28
1041,10,0,8,13.0755,7490.59
1039,10,0,8,13.0677,7450.11
1037,10,0,8,13.0582,7402.63
1034,10,0,8,13.0495,7356.94
2032,10,0,8,13.034,7279.35
1050,10,0,8,13.0028,7125.25
1049,10,0,8,13.0028,7125.16
1025,10,0,8,12.9939,7081.5
1029,10,0,8,12.9807,7014.67
1027,10,0,8,12.9689,6955.71
898,10,0,8,12.9606,6912.18
895,10,0,8,12.942,6819.51
636,10,0,9,13.2521,8332.67,0.0665,290.053,0.15,10
633,10,0,9,13.2464,8303.14
639,10,0,9,13.2429,8285
1993,10,0,9,13.2313,8226.71
1995,10,0,9,13.2245,8192.35
1996,10,0,9,13.2184,8162.4
1997,10,0,9,13.2145,8142.5
2027,10,0,9,13.1896,8021.73
2026,10,0,9,13.1838,7993.25
978,10,0,9,13.1748,7951.24
64,10,0,10,13.566,10076.7,0,0,0
195,10,0,10,13.5417,9949.05
196,10,0,10,13.5389,9929.46
205,10,0,10,13.524,9842.34
215,10,0,10,13.4925,9668.03
225,10,0,10,13.4665,9464.79
715,10,0,10,13.4385,9299.91
714,10,0,10,13.4347,9276
726,10,0,10,13.4345,9274.15
529,10,0,10,13.4206,9174.62
605,10,0,10,13.406,9078.13
603,10,0,10,13.3974,9035.49
604,10,0,10,13.3924,9009.09
596,10,0,10,13.3922,9008.12
580,10,0,10,13.3807,8943.8
583,10,0,10,13.3745,8913.98
587,10,0,10,13.3723,8899.6
578,10,0,10,13.3694,8883.5
575,10,0,10,13.3636,8851.06
571,10,0,10,13.361,8835.95
570,10,0,10,13.3571,8816.9
1994,10,0,10,13.3409,8737.92
562,10,0,10,13.3313,8688.87
639,10,0,10,13.3279,8671.43
638,10,0,10,13.3226,8643.64
636,10,0,10,13.3186,8622.72
220,11,0,0,11.0872,472.978,0.0955,416.542,0.04,1
2130,11,0,0,11.0724,392.48
215,11,0,0,11.0675,358.782
205,11,0,0,11.0436,204.484
196,11,0,0,11.0305,119.897
195,11,0,0,11.0279,100.335
64,11,0,0,11.01,0
710,11,0,1,11.2404,1198.14,0.0443333,193.369,0.36,2
223,11,0,1,11.2229,1104.91
224,11,0,1,11.2088,1031.05
222,11,0,1,11.193,945.57
220,11,0,1,11.1827,889.52
455,11,0,2,11.3438,1774.06,0.0408333,178.103,0.03,3
454,11,0,2,11.341,1758.44
457,11,0,2,11.3343,1704.48
456,11,0,2,11.3291,1675.03
458,11,0,2,11.3196,1613.89
459,11,0,2,11.3137,1568.78
1543,11,0,2,11.3044,1506.55
710,11,0,2,11.2847,1391.51
1108,11,0,3,11.6519,3428.96,0.0935,407.819,0.09,4
1109,11,0,3,11.6467,3402.77
1113,11,0,3,11.6406,3371.72
1847,11,0,3,11.6277,3306.52
1086,11,0,3,11.6241,3286.49
1087,11,0,3,11.6095,3213.3
1090,11,0,3,11.6008,3168.13
1076,11,0,3,11.5747,3041.16
1074,11,0,3,11.5705,3020.04
1077,11,0,3,11.561,2969.22
1080,11,0,3,11.5475,2902.01
1079,11,0,3,11.5409,2867.56
1061,11,0,3,11.5366,2846.28
1063,11,0,3,11.5331,2828.11
1062,11,0,3,11.532,2821.03
2159,11,0,3,11.5318,2819.92
1045,11,0,3,11.5311,2816.77
1012,11,0,3,11.5239,2775.78
1014,11,0,3,11.5233,2772.91
989,11,0,3,11.5123,2714.61
990,11,0,3,11.5022,2664.35
991,11,0,3,11.4996,2652
706,11,0,3,11.4926,2612.53
704,11,0,3,11.49,2599.76
2179,11,0,3,11.4898,2598.9
662,11,0,3,11.4836,2569.25
602,11,0,3,11.4722,2500.98
599,11,0,3,11.4681,2477.72
605,11,0,3,11.464,2453.73
529,11,0,3,11.4468,2353.71
726,11,0,3,11.4309,2252.51
714,11,0,3,11.4307,2250.62
1543,11,0,3,11.4259,2220.1
459,11,0,3,11.4156,2156.7
458,11,0,3,11.4091,2111.44
456,11,0,3,11.4,2050.65
457,11,0,3,11.3946,2020.43
454,11,0,3,11.387,1966.47
455,11,0,3,11.3846,1952.16
1304,11,0,4,11.8749,4519.4,0.0428333,186.826,0.12,5
952,11,0,4,11.8505,4386.42
953,11,0,4,11.8398,4331.64
2023,11,0,4,11.839,4327.54
2108,11,0,4,11.8225,4242.33
1794,11,0,4,11.8154,4206.57
2106,11,0,4,11.8002,4127.2
2039,11,0,4,11.7825,4033.67
1106,11,0,4,11.7729,3981.72
2035,11,0,4,11.7587,3907.67
1108,11,0,4,11.7454,3836.78
1302,11,0,5,11.9679,4957.93,0.068,296.595,0.26,6
1303,11,0,5,11.9473,4853.42
1305,11,0,5,11.9327,4779.54
1304,11,0,5,11.9177,4706.23
895,11,0,6,12.2017,6103.27,0.0435,189.734,0.02,7
896,11,0,6,12.198,6085.03
892,11,0,6,12.1945,6067.24
906,11,0,6,12.1763,5974.44
1555,11,0,6,12.1508,5831.69
2157,11,0,6,12.1382,5771.05
2019,11,0,6,12.1091,5635.88
929,11,0,6,12.1087,5633.9
938,11,0,6,12.0966,5567.77
950,11,0,6,12.0807,5486.74
951,11,0,6,12.0742,5453.48
949,11,0,6,12.0626,5394.2
1302,11,0,6,12.0359,5254.53
978,11,0,7,12.4132,7141.95,0.107833,470.336,0.07,8
1010,11,0,7,12.3976,7061.8
1011,11,0,7,12.3841,6992.4
1009,11,0,7,12.3789,6964.77
1041,11,0,7,12.3788,6964.08
1039,11,0,7,12.371,6923.61
1037,11,0,7,12.3614,6876.12
1034,11,0,7,12.3527,6830.43
2032,11,0,7,12.3373,6752.84
1050,11,0,7,12.306,6598.74
1049,11,0,7,12.306,6598.65
1025,11,0,7,12.2972,6554.99
1029,11,0,7,12.2839,6488.16
1027,11,0,7,12.2721,6429.2
898,11,0,7,12.2639,6385.67
895,11,0,7,12.2452,6293
636,11,0,8,12.6066,8026.78,0.091,396.915,0.15,9
633,11,0,8,12.5999,7993.17
639,11,0,8,12.5965,7975.63
1993,11,0,8,12.5868,7925.01
1995,11,0,8,12.5772,7879.72
1996,11,0,8,12.5657,7827.98
1997,11,0,8,12.5618,7808.08
2027,11,0,8,12.5336,7673.74
2026,11,0,8,12.5278,7645.43
978,11,0,8,12.521,7612.29
603,11,0,9,12.7773,8837.52,0.0631667,275.514,0.35,10
604,11,0,9,12.7733,8815.66
596,11,0,9,12.7732,8814.69
580,11,0,9,12.7616,8750.16
583,11,0,9,12.7554,8720.35
587,11,0,9,12.7534,8706.08
578,11,0,9,12.7505,8690.02
579,11,0,9,12.7431,8651.22
570,11,0,9,12.7361,8618.06
1994,11,0,9,12.7232,8552.98
562,11,0,9,12.7102,8489.6
639,11,0,9,12.7068,8472.16
638,11,0,9,12.7014,8443.92
636,11,0,9,12.6976,8423.69
64,11,0,10,13.0077,10143.5,0,0,0
195,11,0,10,12.981,10005.3
196,11,0,10,12.9779,9985.38
205,11,0,10,12.9626,9897.63
215,11,0,10,12.9369,9741.07
225,11,0,10,12.91,9538
715,11,0,10,12.8799,9368.44
714,11,0,10,12.8759,9344.28
726,11,0,10,12.8757,9342.43
529,11,0,10,12.8616,9242.78
605,11,0,10,12.8467,9146.11
603,11,0,10,12.8404,9113.03
220,12,0,0,11.2072,472.978,0.0955,416.542,0.04,1
2130,12,0,0,11.1924,392.48
215,12,0,0,11.1875,358.782
205,12,0,0,11.1636,204.484
196,12,0,0,11.1505,119.897
195,12,0,0,11.1479,100.335
64,12,0,0,11.13,0
710,12,0,1,11.3604,1198.14,0.0443333,193.369,0.36,2
223,12,0,1,11.3429,1104.91
224,12,0,1,11.3288,1031.05
222,12,0,1,11.313,945.57
220,12,0,1,11.3027,889.52
455,12,0,2,11.4638,1774.06,0.0408333,178.103,0.03,3
454,12,0,2,11.461,1758.44
457,12,0,2,11.4543,1704.48
456,12,0,2,11.4491,1675.03
458,12,0,2,11.4396,1613.89
459,12,0,2,11.4337,1568.78
1543,12,0,2,11.4244,1506.55
710,12,0,2,11.4047,1391.51
1108,12,0,3,11.7719,3428.96,0.0935,407.819,0.09,4
1109,12,0,3,11.7667,3402.77
1113,12,0,3,11.7606,3371.72
1847,12,0,3,11.7477,3306.52
1086,12,0,3,11.7441,3286.49
1087,12,0,3,11.7295,3213.3
1090,12,0,3,11.7208,3168.13
1076,12,0,3,11.6947,3041.16
1074,12,0,3,11.6905,3020.04
1077,12,0,3,11.681,2969.22
1080,12,0,3,11.6675,2902.01
1079,12,0,3,11.6609,2867.56
1061,12,0,3,11.6566,2846.28
1063,12,0,3,11.6531,2828.11
1062,12,0,3,11.652,2821.03
2159,12,0,3,11.6518,2819.92
1045,12,0,3,11.6511,2816.77
1012,12,0,3,11.6439,2775.78
1014,12,0,3,11.6433,2772.91
989,12,0,3,11.6323,2714.61
990,12,0,3,11.6222,2664.35
991,12,0,3,11.6196,2652
706,12,0,3,11.6126,2612.53
704,12,0,3,11.61,2599.76
2179,12,0,3,11.6098,2598.9
662,12,0,3,11.6036,2569.25
602,12,0,3,11.5922,2500.98
599,12,0,3,11.5881,2477.72
605,12,0,3,11.584,2453.73
529,12,0,3,11.5668,2353.71
726,12,0,3,11.5509,2252.51
714,12,0,3,11.5507,2250.62
1543,12,0,3,11.5459,2220.1
459,12,0,3,11.5356,2156.7
458,12,0,3,11.5291,2111.44
456,12,0,3,11.52,2050.65
457,12,0,3,11.5146,2020.43
454,12,0,3,11.507,1966.47
455,12,0,3,11.5046,1952.16
1304,12,0,4,11.9949,4519.4,0.0428333,186.826,0.12,5
952,12,0,4,11.9705,4386.42
953,12,0,4,11.9598,4331.64
2023,12,0,4,11.959,4327.54
2108,12,0,4,11.9425,4242.33
1794,12,0,4,11.9354,4206.57
2106,12,0,4,11.9202,4127.2
2039,12,0,4,11.9025,4033.67
1106,12,0,4,11.8929,3981.72
2035,12,0,4,11.8787,3907.67
1108,12,0,4,11.8654,3836.78
1302,12,0,5,12.0837,4940.23,0.106833,465.975,0.24,6
1303,12,0,5,12.0633,4836.7
1305,12,0,5,12.0498,4767.79
1304,12,0,5,12.0377,4706.23
895,12,0,6,12.3563,6254.95,0.0435,189.734,0.02,7
896,12,0,6,12.3526,6236.71
892,12,0,6,12.3491,6218.92
906,12,0,6,12.3309,6126.12
1555,12,0,6,12.3054,5983.37
2157,12,0,6,12.2928,5922.73
2019,12,0,6,12.2637,5787.56
929,12,0,6,12.2633,5785.58
938,12,0,6,12.2512,5719.45
950,12,0,6,12.2353,5638.42
951,12,0,6,12.2288,5605.16
949,12,0,6,12.2172,5545.88
1302,12,0,6,12.1905,5406.21
978,12,0,7,12.5678,7293.63,0.107833,470.336,0.07,8
1010,12,0,7,12.5521,7213.48
1011,12,0,7,12.5387,7144.08
1009,12,0,7,12.5335,7116.45
1041,12,0,7,12.5334,7115.76
1039,12,0,7,12.5256,7075.29
1037,12,0,7,12.516,7027.8
1034,12,0,7,12.5073,6982.11
2032,12,0,7,12.4919,6904.52
1050,12,0,7,12.4606,6750.42
1049,12,0,7,12.4606,6750.33
1025,12,0,7,12.4518,6706.67
1029,12,0,7,12.4385,6639.84
1027,12,0,7,12.4267,6580.88
898,12,0,7,12.4184,6537.35
895,12,0,7,12.3998,6444.68
636,12,0,8,12.7611,8178.46,0.091,396.915,0.15,9
633,12,0,8,12.7545,8144.85
639,12,0,8,12.7511,8127.31
1993,12,0,8,12.7414,8076.69
1995,12,0,8,12.7318,8031.4
1996,12,0,8,12.7203,7979.66
1997,12,0,8,12.7164,7959.76
2027,12,0,8,12.6882,7825.42
2026,12,0,8,12.6824,7797.11
978,12,0,8,12.6756,7763.97
603,12,0,9,12.9319,8989.2,0.0631667,275.514,0.35,10
604,12,0,9,12.9279,8967.34
596,12,0,9,12.9277,8966.37
580,12,0,9,12.9162,8901.84
583,12,0,9,12.91,8872.03
587,12,0,9,12.9079,8857.76
578,12,0,9,12.905,8841.7
579,12,0,9,12.8977,8802.9
570,12,0,9,12.8907,8769.74
1994,12,0,9,12.8778,8704.66
562,12,0,9,12.8648,8641.29
639,12,0,9,12.8614,8623.84
638,12,0,9,12.856,8595.6
636,12,0,9,12.8521,8575.37
64,12,0,10,13.1623,10295.2,0,0,0
195,12,0,10,13.1356,10157
196,12,0,10,13.1324,10137.1
205,12,0,10,13.1171,10049.3
215,12,0,10,13.0915,9892.75
225,12,0,10,13.0646,9689.68
715,12,0,10,13.0345,9520.12
714,12,0,10,13.0305,9495.96
726,12,0,10,13.0303,9494.11
529,12,0,10,13.0162,9394.46
605,12,0,10,13.0013,9297.79
603,12,0,10,12.995,9264.71
220,13,0,0,11.0872,472.978,0.0955,416.542,0.04,1
2130,13,0,0,11.0724,392.48
215,13,0,0,11.0675,358.782
205,13,0,0,11.0436,204.484
196,13,0,0,11.0305,119.897
195,13,0,0,11.0279,100.335
64,13,0,0,11.01,0
710,13,0,1,11.2404,1198.14,0.0443333,193.369,0.36,2
223,13,0,1,11.2229,1104.91
224,13,0,1,11.2088,1031.05
222,13,0,1,11.193,945.57
220,13,0,1,11.1827,889.52
455,13,0,2,11.3438,1774.06,0.0408333,178.103,0.03,3
454,13,0,2,11.341,1758.44
457,13,0,2,11.3343,1704.48
456,13,0,2,11.3291,1675.03
458,13,0,2,11.3196,1613.89
459,13,0,2,11.3137,1568.78
1543,13,0,2,11.3044,1506.55
710,13,0,2,11.2847,1391.51
603,13,0,3,11.475,2516.24,0.109,475.425,0.32,4
604,13,0,3,11.4708,2493.1
596,13,0,3,11.4706,2492.13
595,13,0,3,11.4652,2461.72
605,13,0,3,11.464,2453.73
529,13,0,3,11.4468,2353.71
726,13,0,3,11.4309,2252.51
714,13,0,3,11.4307,2250.62
1543,13,0,3,11.4259,2220.1
459,13,0,3,11.4156,2156.7
458,13,0,3,11.4091,2111.44
456,13,0,3,11.4,2050.65
457,13,0,3,11.3946,2020.43
454,13,0,3,11.387,1966.47
455,13,0,3,11.3846,1952.16
1108,13,0,4,11.7762,3990.79,0.0935,407.819,0.09,5
1109,13,0,4,11.7718,3968.11
1113,13,0,4,11.765,3933.96
1847,13,0,4,11.7515,3866.44
1086,13,0,4,11.7479,3846.41
1087,13,0,4,11.7334,3773.22
1090,13,0,4,11.7247,3728.06
1076,13,0,4,11.6985,3601.08
1074,13,0,4,11.6944,3579.96
1077,13,0,4,11.6848,3529.14
1080,13,0,4,11.6713,3461.94
1079,13,0,4,11.6647,3427.48
1061,13,0,4,11.6605,3406.2
1063,13,0,4,11.6569,3388.03
1062,13,0,4,11.6559,3380.95
2159,13,0,4,11.6556,3379.84
1045,13,0,4,11.6549,3376.69
1012,13,0,4,11.6477,3335.7
1014,13,0,4,11.6472,3332.84
989,13,0,4,11.6361,3274.53
990,13,0,4,11.6261,3224.27
991,13,0,4,11.6235,3211.92
706,13,0,4,11.6165,3172.46
704,13,0,4,11.6138,3159.68
2179,13,0,4,11.6136,3158.82
662,13,0,4,11.6074,3129.17
602,13,0,4,11.5961,3060.9
604,13,0,4,11.5935,3044.1
596,13,0,4,11.5934,3043.13
595,13,0,4,11.5879,3012.72
603,13,0,4,11.584,2991.67
1304,13,0,5,11.9992,5081.23,0.0428333,186.826,0.12,6
952,13,0,5,11.9748,4948.24
953,13,0,5,11.9641,4893.46
2023,13,0,5,11.9632,4889.36
2108,13,0,5,11.9468,4804.15
1794,13,0,5,11.9397,4768.39
2106,13,0,5,11.9245,4689.02
2039,13,0,5,11.9068,4595.49
1106,13,0,5,11.8972,4543.54
2035,13,0,5,11.883,4469.49
1108,13,0,5,11.8697,4398.6
1302,13,0,6,12.088,5502.06,0.106833,465.975,0.24,7
1303,13,0,6,12.0676,5398.52
1305,13,0,6,12.0541,5329.61
1304,13,0,6,12.042,5268.05
895,13,0,7,12.3606,6816.77,0.0435,189.734,0.02,8
896,13,0,7,12.3569,6798.53
892,13,0,7,12.3534,6780.74
906,13,0,7,12.3351,6687.94
1555,13,0,7,12.3097,6545.19
2157,13,0,7,12.2971,6484.56
2019,13,0,7,12.268,6349.38
929,13,0,7,12.2676,6347.4
938,13,0,7,12.2555,6281.27
950,13,0,7,12.2396,6200.24
951,13,0,7,12.2331,6166.99
949,13,0,7,12.2215,6107.7
1302,13,0,7,12.1948,5968.03
978,13,0,8,12.5721,7855.45,0.107833,470.336,0.07,9
1010,13,0,8,12.5564,7775.3
1011,13,0,8,12.543,7705.9
1009,13,0,8,12.5378,7678.27
1041,13,0,8,12.5376,7677.58
1039,13,0,8,12.5299,7637.11
1037,13,0,8,12.5203,7589.62
1034,13,0,8,12.5116,7543.93
2032,13,0,8,12.4962,7466.34
1050,13,0,8,12.4649,7312.25
1049,13,0,8,12.4649,7312.15
1025,13,0,8,12.4561,7268.49
1029,13,0,8,12.4428,7201.66
1027,13,0,8,12.431,7142.71
898,13,0,8,12.4227,7099.17
895,13,0,8,12.4041,7006.5
636,13,0,9,12.7654,8740.28,0.091,396.915,0.15,10
633,13,0,9,12.7588,8706.67
639,13,0,9,12.7554,8689.13
1993,13,0,9,12.7457,8638.52
1995,13,0,9,12.7361,8593.22
1996,13,0,9,12.7246,8541.49
1997,13,0,9,12.7207,8521.58
2027,13,0,9,12.6925,8387.24
2026,13,0,9,12.6867,8358.94
978,13,0,9,12.6799,8325.79
64,13,0,10,13.1035,10581.5,0,0,0
195,13,0,10,13.0767,10443.3
196,13,0,10,13.0736,10423.4
205,13,0,10,13.0583,10335.6
215,13,0,10,13.0327,10179.1
225,13,0,10,13.0057,9975.99
715,13,0,10,12.9756,9806.43
714,13,0,10,12.9716,9782.27
726,13,0,10,12.9714,9780.42
529,13,0,10,12.9573,9680.77
605,13,0,10,12.9424,9584.1
603,13,0,10,12.9361,9551.02
604,13,0,10,12.9322,9529.16
596,13,0,10,12.932,9528.19
580,13,0,10,12.9205,9463.67
583,13,0,10,12.9143,9433.85
587,13,0,10,12.9122,9419.58
578,13,0,10,12.9093,9403.52
579,13,0,10,12.902,9364.72
570,13,0,10,12.895,9331.56
1994,13,0,10,12.8821,9266.48
562,13,0,10,12.8691,9203.11
639,13,0,10,12.8656,9185.67
638,13,0,10,12.8603,9157.42
636,13,0,10,12.8564,9137.2
220,14,0,0,11.0872,472.978,0.0955,416.542,0.04,1
2130,14,0,0,11.0724,392.48
215,14,0,0,11.0675,358.782
205,14,0,0,11.0436,204.484
196,14,0,0,11.0305,119.897
195,14,0,0,11.0279,100.335
64,14,0,0,11.01,0
710,14,0,1,11.2404,1198.14,0.0443333,193.369,0.36,2
223,14,0,1,11.2229,1104.91
224,14,0,1,11.2088,1031.05
222,14,0,1,11.193,945.57
220,14,0,1,11.1827,889.52
455,14,0,2,11.3438,1774.06,0.0408333,178.103,0.03,3
454,14,0,2,11.341,1758.44
457,14,0,2,11.3343,1704.48
456,14,0,2,11.3291,1675.03
458,14,0,2,11.3196,1613.89
459,14,0,2,11.3137,1568.78
1543,14,0,2,11.3044,1506.55
710,14,0,2,11.2847,1391.51
603,14,0,3,11.475,2516.24,0.109,475.425,0.32,4
604,14,0,3,11.4708,2493.1
596,14,0,3,11.4706,2492.13
595,14,0,3,11.4652,2461.72
605,14,0,3,11.464,2453.73
529,14,0,3,11.4468,2353.71
726,14,0,3,11.4309,2252.51
714,14,0,3,11.4307,2250.62
1543,14,0,3,11.4259,2220.1
459,14,0,3,11.4156,2156.7
458,14,0,3,11.4091,2111.44
456,14,0,3,11.4,2050.65
457,14,0,3,11.3946,2020.43
454,14,0,3,11.387,1966.47
455,14,0,3,11.3846,1952.16
1108,14,0,4,11.7762,3990.79,0.0935,407.819,0.09,5
1109,14,0,4,11.7718,3968.11
1113,14,0,4,11.765,3933.96
1847,14,0,4,11.7515,3866.44
1086,14,0,4,11.7479,3846.41
1087,14,0,4,11.7334,3773.22
1090,14,0,4,11.7247,3728.06
1076,14,0,4,11.6985,3601.08
1074,14,0,4,11.6944,3579.96
1077,14,0,4,11.6848,3529.14
1080,14,0,4,11.6713,3461.94
1079,14,0,4,11.6647,3427.48
1061,14,0,4,11.6605,3406.2
1063,14,0,4,11.6569,3388.03
1062,14,0,4,11.6559,3380.95
2159,14,0,4,11.6556,3379.84
1045,14,0,4,11.6549,3376.69
1012,14,0,4,11.6477,3335.7
1014,14,0,4,11.6472,3332.84
989,14,0,4,11.6361,3274.53
990,14,0,4,11.6261,3224.27
991,14,0,4,11.6235,3211.92
706,14,0,4,11.6165,3172.46
704,14,0,4,11.6138,3159.68
2179,14,0,4,11.6136,3158.82
662,14,0,4,11.6074,3129.17
602,14,0,4,11.5961,3060.9
604,14,0,4,11.5935,3044.1
596,14,0,4,11.5934,3043.13
595,14,0,4,11.5879,3012.72
603,14,0,4,11.584,2991.67
1304,14,0,5,11.9992,5081.23,0.0428333,186.826,0.12,6
952,14,0,5,11.9748,4948.24
953,14,0,5,11.9641,4893.46
2023,14,0,5,11.9632,4889.36
2108,14,0,5,11.9468,4804.15
1794,14,0,5,11.9397,4768.39
2106,14,0,5,11.9245,4689.02
2039,14,0,5,11.9068,4595.49
1106,14,0,5,11.8972,4543.54
2035,14,0,5,11.883,4469.49
1108,14,0,5,11.8697,4398.6
895,14,0,6,12.1981,6068.38,0.0435,189.734,0.02,7
907,14,0,6,12.1824,5991.05
908,14,0,6,12.1733,5945.57
2014,14,0,6,12.1727,5942.89
2017,14,0,6,12.1716,5937.2
2170,14,0,6,12.1688,5923.01
1738,14,0,6,12.1514,5836.08
1737,14,0,6,12.1447,5802.3
936,14,0,6,12.1295,5723.39
933,14,0,6,12.1289,5720.45
934,14,0,6,12.1234,5682.8
935,14,0,6,12.1229,5680.19
2020,14,0,6,12.1118,5623.21
1787,14,0,6,12.0922,5526.06
1788,14,0,6,12.0914,5522.36
1789,14,0,6,12.08,5465.37
952,14,0,6,12.0711,5420.92
1304,14,0,6,12.042,5268.05
978,14,0,7,12.4096,7107.07,0.107833,470.336,0.07,8
1010,14,0,7,12.394,7026.92
1011,14,0,7,12.3805,6957.51
1009,14,0,7,12.3753,6929.89
1041,14,0,7,12.3752,6929.2
1039,14,0,7,12.3674,6888.72
1037,14,0,7,12.3578,6841.24
1034,14,0,7,12.3491,6795.55
2032,14,0,7,12.3337,6717.95
1050,14,0,7,12.3024,6563.86
1049,14,0,7,12.3024,6563.77
1025,14,0,7,12.2936,6520.11
1029,14,0,7,12.2803,6453.27
1027,14,0,7,12.2686,6394.32
898,14,0,7,12.2603,6350.79
895,14,0,7,12.2416,6258.12
636,14,0,8,12.603,7991.89,0.091,396.915,0.15,9
633,14,0,8,12.5963,7958.29
639,14,0,8,12.593,7940.75
1993,14,0,8,12.5832,7890.13
1995,14,0,8,12.5737,7844.84
1996,14,0,8,12.5621,7793.1
1997,14,0,8,12.5582,7773.2
2027,14,0,8,12.53,7638.85
2026,14,0,8,12.5243,7610.55
978,14,0,8,12.5174,7577.4
1302,14,0,9,13.0074,10052.1,0.035,152.659,0.22,10
949,14,0,9,12.9855,9932.67
951,14,0,9,12.9741,9874.71
950,14,0,9,12.9667,9837.04
938,14,0,9,12.9548,9773.43
929,14,0,9,12.941,9699.86
2019,14,0,9,12.9406,9697.88
2157,14,0,9,12.9134,9570.15
905,14,0,9,12.8734,9368.7
889,14,0,9,12.8629,9315.26
890,14,0,9,12.8501,9253.96
2013,14,0,9,12.8247,9125.56
1988,14,0,9,12.8034,9016.12
417,14,0,9,12.7809,8902.98
418,14,0,9,12.7768,8882
419,14,0,9,12.7599,8789.83
424,14,0,9,12.7564,8769.89
613,14,0,9,12.7533,8744.91
611,14,0,9,12.7478,8712.02
609,14,0,9,12.7459,8694.23
628,14,0,9,12.7359,8620.21
561,14,0,9,12.7321,8595.49
557,14,0,9,12.724,8547.36
554,14,0,9,12.7217,8535.56
565,14,0,9,12.7136,8490.54
562,14,0,9,12.7067,8454.72
639,14,0,9,12.7032,8437.28
638,14,0,9,12.6979,8409.04
636,14,0,9,12.694,8388.81
64,14,0,10,13.4972,12847.9,0,0,0
195,14,0,10,13.4641,12683
196,14,0,10,13.4613,12663.3
205,14,0,10,13.4461,12575.8
215,14,0,10,13.4219,12421
225,14,0,10,13.3951,12218
715,14,0,10,13.3668,12052.6
714,14,0,10,13.363,12028.7
726,14,0,10,13.3628,12026.8
529,14,0,10,13.3489,11927.3
605,14,0,10,13.3345,11831
603,14,0,10,13.3285,11799.2
604,14,0,10,13.3249,11778.9
596,14,0,10,13.3247,11777.9
580,14,0,10,13.3144,11717.3
574,14,0,10,13.2938,11609.7
573,14,0,10,13.2845,11557.3
564,14,0,10,13.2773,11518
557,14,0,10,13.2714,11484.9
561,14,0,10,13.2647,11438.4
628,14,0,10,13.2604,11413
609,14,0,10,13.2482,11337.2
423,14,0,10,13.2423,11280.9
419,14,0,10,13.237,11246.1
420,14,0,10,13.2319,11211.1
421,14,0,10,13.2279,11184.4
417,14,0,10,13.2234,11159.9
1989,14,0,10,13.2068,11073.5
2011,14,0,10,13.189,10980.3
2156,14,0,10,13.1838,10952.9
2013,14,0,10,13.1831,10949.8
886,14,0,10,13.1712,10891.6
888,14,0,10,13.1514,10785.5
903,14,0,10,13.1376,10715.6
904,14,0,10,13.1342,10697.2
925,14,0,10,13.1108,10569.3
2019,14,0,10,13.1053,10542.1
929,14,0,10,13.1049,10540.1
938,14,0,10,13.093,10474.2
950,14,0,10,13.0795,10403.7
951,14,0,10,13.0725,10368
949,14,0,10,13.0615,10311.5
1302,14,0,10,13.0424,10204.8
220,15,0,0,11.0772,472.978,0.0955,416.542,0.04,1
2130,15,0,0,11.0624,392.48
215,15,0,0,11.0575,358.782
205,15,0,0,11.0336,204.484
196,15,0,0,11.0205,119.897
195,15,0,0,11.0179,100.335
64,15,0,0,11,0
710,15,0,1,11.2304,1198.14,0.0443333,193.369,0.36,2
223,15,0,1,11.2129,1104.91
224,15,0,1,11.1988,1031.05
222,15,0,1,11.183,945.57
220,15,0,1,11.1727,889.52
455,15,0,2,11.3338,1774.06,0.0408333,178.103,0.03,3
454,15,0,2,11.331,1758.44
457,15,0,2,11.3243,1704.48
456,15,0,2,11.3191,1675.03
458,15,0,2,11.3096,1613.89
459,15,0,2,11.3037,1568.78
1543,15,0,2,11.2944,1506.55
710,15,0,2,11.2747,1391.51
603,15,0,3,11.465,2516.24,0.109,475.425,0.32,4
604,15,0,3,11.4608,2493.1
596,15,0,3,11.4606,2492.13
595,15,0,3,11.4552,2461.72
605,15,0,3,11.454,2453.73
529,15,0,3,11.4368,2353.71
726,15,0,3,11.4209,2252.51
714,15,0,3,11.4207,2250.62
1543,15,0,3,11.4159,2220.1
459,15,0,3,11.4056,2156.7
458,15,0,3,11.3991,2111.44
456,15,0,3,11.39,2050.65
457,15,0,3,11.3846,2020.43
454,15,0,3,11.377,1966.47
455,15,0,3,11.3746,1952.16
1108,15,0,4,11.7662,3990.79,0.0935,407.819,0.09,5
1109,15,0,4,11.7618,3968.11
1113,15,0,4,11.755,3933.96
1847,15,0,4,11.7415,3866.44
1086,15,0,4,11.7379,3846.41
1087,15,0,4,11.7234,3773.22
1090,15,0,4,11.7147,3728.06
1076,15,0,4,11.6885,3601.08
1074,15,0,4,11.6844,3579.96
1077,15,0,4,11.6748,3529.14
1080,15,0,4,11.6613,3461.94
1079,15,0,4,11.6547,3427.48
1061,15,0,4,11.6505,3406.2
1063,15,0,4,11.6469,3388.03
1062,15,0,4,11.6459,3380.95
2159,15,0,4,11.6456,3379.84
1045,15,0,4,11.6449,3376.69
1012,15,0,4,11.6377,3335.7
1014,15,0,4,11.6372,3332.84
989,15,0,4,11.6261,3274.53
990,15,0,4,11.6161,3224.27
991,15,0,4,11.6135,3211.92
706,15,0,4,11.6065,3172.46
704,15,0,4,11.6038,3159.68
2179,15,0,4,11.6036,3158.82
662,15,0,4,11.5974,3129.17
602,15,0,4,11.5861,3060.9
604,15,0,4,11.5835,3044.1
596,15,0,4,11.5834,3043.13
595,15,0,4,11.5779,3012.72
603,15,0,4,11.574,2991.67
1304,15,0,5,11.9892,5081.23,0.0428333,186.826,0.12,6
952,15,0,5,11.9648,4948.24
953,15,0,5,11.9541,4893.46
2023,15,0,5,11.9532,4889.36
2108,15,0,5,11.9368,4804.15
1794,15,0,5,11.9297,4768.39
2106,15,0,5,11.9145,4689.02
2039,15,0,5,11.8968,4595.49
1106,15,0,5,11.8872,4543.54
2035,15,0,5,11.873,4469.49
1108,15,0,5,11.8597,4398.6
895,15,0,6,12.1881,6068.38,0.0435,189.734,0.02,7
907,15,0,6,12.1724,5991.05
908,15,0,6,12.1633,5945.57
2014,15,0,6,12.1627,5942.89
2017,15,0,6,12.1616,5937.2
2170,15,0,6,12.1588,5923.01
1738,15,0,6,12.1414,5836.08
1737,15,0,6,12.1347,5802.3
936,15,0,6,12.1195,5723.39
933,15,0,6,12.1189,5720.45
934,15,0,6,12.1134,5682.8
935,15,0,6,12.1129,5680.19
2020,15,0,6,12.1018,5623.21
1787,15,0,6,12.0822,5526.06
1788,15,0,6,12.0814,5522.36
1789,15,0,6,12.07,5465.37
952,15,0,6,12.0611,5420.92
1304,15,0,6,12.032,5268.05
64,15,0,7,12.5924,8376.44,0,0,0
195,15,0,7,12.5633,8228.06
196,15,0,7,12.5605,8208.47
205,15,0,7,12.546,8122.02
215,15,0,7,12.5205,7965.64
225,15,0,7,12.4945,7762.43
715,15,0,7,12.463,7586.76
714,15,0,7,12.459,7562.6
726,15,0,7,12.4588,7560.75
529,15,0,7,12.4447,7461.1
605,15,0,7,12.4298,7364.43
603,15,0,7,12.4235,7331.35
604,15,0,7,12.4196,7309.49
596,15,0,7,12.4194,7308.52
580,15,0,7,12.4078,7244
574,15,0,7,12.3864,7132.88
573,15,0,7,12.3768,7079.08
564,15,0,7,12.3693,7038.82
557,15,0,7,12.3645,7007.75
561,15,0,7,12.358,6961.31
628,15,0,7,12.3538,6936.17
609,15,0,7,12.3421,6860.87
423,15,0,7,12.3362,6804.55
419,15,0,7,12.3294,6766.98
420,15,0,7,12.3234,6730.95
421,15,0,7,12.3188,6703.46
417,15,0,7,12.3138,6676.74
1989,15,0,7,12.2954,6582.53
2011,15,0,7,12.2761,6482.82
891,15,0,7,12.2541,6368.36
893,15,0,7,12.2481,6337.49
894,15,0,7,12.2428,6312.75
895,15,0,7,12.2316,6258.12
978,15,1,0,13.537,1574.75,0.0648333,282.783,0.06,1
1010,15,1,0,13.522,1497.65
1016,15,1,0,13.502,1404.7
1548,15,1,0,13.495,1368.79
1012,15,1,0,13.4904,1344.83
2028,15,1,0,13.4823,1299.37
989,15,1,0,13.4789,1283.63
990,15,1,0,13.4688,1233.37
991,15,1,0,13.4662,1221.01
706,15,1,0,13.4592,1181.55
704,15,1,0,13.4566,1168.78
2179,15,1,0,13.4564,1167.92
662,15,1,0,13.4502,1138.27
602,15,1,0,13.439,1070.13
599,15,1,0,13.4345,1045.43
605,15,1,0,13.4293,1017.31
529,15,1,0,13.4127,918.413
726,15,1,0,13.3966,816.876
714,15,1,0,13.3964,814.998
715,15,1,0,13.3929,791.373
225,15,1,0,13.3751,630.742
215,15,1,0,13.3479,427.668
205,15,1,0,13.3169,255.297
196,15,1,0,13.3018,168.03
195,15,1,0,13.2992,148.465
64,15,1,0,13.27,0
1302,15,1,1,13.8822,3301.76,0.035,152.659,0.22,2
949,15,1,1,13.8592,3177.7
951,15,1,1,13.8486,3123.16
950,15,1,1,13.8402,3081.64
938,15,1,1,13.8285,3018.52
929,15,1,1,13.8159,2949.83
2019,15,1,1,13.8155,2947.85
2157,15,1,1,13.7963,2853.04
1555,15,1,1,13.7859,2801.24
915,15,1,1,13.7784,2764.11
2016,15,1,1,13.7569,2657.2
917,15,1,1,13.7561,2653.39
916,15,1,1,13.7559,2652.48
919,15,1,1,13.7502,2613.4
2017,15,1,1,13.7501,2613.22
1786,15,1,1,13.7455,2589.68
2018,15,1,1,13.732,2517.89
1053,15,1,1,13.6926,2309.6
2033,15,1,1,13.6731,2218.02
1054,15,1,1,13.6642,2171.81
1037,15,1,1,13.6592,2145.09
1039,15,1,1,13.6522,2108.71
1041,15,1,1,13.6434,2063.93
2030,15,1,1,13.6373,2033
1011,15,1,1,13.6369,2031.55
1547,15,1,1,13.6196,1948.9
1546,15,1,1,13.6141,1921.53
975,15,1,1,13.6107,1903.56
981,15,1,1,13.6074,1885.83
980,15,1,1,13.6049,1874.06
978,15,1,1,13.6018,1857.53
636,15,1,2,14.1689,4853.33,0.0391667,170.833,0.15,3
633,15,1,2,14.1632,4823.53
563,15,1,2,14.1578,4798.53
564,15,1,2,14.1521,4767.69
557,15,1,2,14.1462,4734.61
561,15,1,2,14.1395,4688.07
628,15,1,2,14.1352,4662.7
609,15,1,2,14.123,4586.9
423,15,1,2,14.1171,4530.58
419,15,1,2,14.1118,4495.73
420,15,1,2,14.1066,4460.79
421,15,1,2,14.1026,4434.01
417,15,1,2,14.0981,4409.53
1989,15,1,2,14.0816,4323.12
2011,15,1,2,14.0638,4229.93
2156,15,1,2,14.0585,4202.6
2013,15,1,2,14.0579,4199.45
886,15,1,2,14.046,4141.27
888,15,1,2,14.0262,4035.16
903,15,1,2,14.0124,3965.27
904,15,1,2,14.009,3946.9
925,15,1,2,13.9855,3819
2019,15,1,2,13.9801,3791.73
929,15,1,2,13.9797,3789.75
938,15,1,2,13.9677,3723.9
950,15,1,2,13.9542,3653.34
951,15,1,2,13.9472,3617.62
949,15,1,2,13.9362,3561.14
1302,15,1,2,13.9172,3454.42
64,15,1,3,14.4543,6484.71,0,0,0
195,15,1,3,14.4327,6368.46
196,15,1,3,14.43,6348.88
205,15,1,3,14.4157,6262.8
215,15,1,3,14.3913,6107.82
225,15,1,3,14.3664,5903.98
715,15,1,3,14.3315,5713.44
714,15,1,3,14.3277,5689.6
726,15,1,3,14.3276,5687.74
529,15,1,3,14.3135,5588.13
605,15,1,3,14.2981,5490.87
603,15,1,3,14.2923,5459.89
604,15,1,3,14.2875,5434.48
596,15,1,3,14.2874,5433.51
580,15,1,3,14.2731,5357.31
583,15,1,3,14.2669,5327.49
587,15,1,3,14.2647,5313.06
578,15,1,3,14.2616,5296.25
575,15,1,3,14.2561,5265.14
571,15,1,3,14.2532,5249.02
570,15,1,3,14.2484,5225.74
1994,15,1,3,14.2356,5161.39
562,15,1,3,14.2222,5096.33
639,15,1,3,14.2188,5078.89
638,15,1,3,14.2121,5044.86
636,15,1,3,14.2081,5024.16
220,16,0,0,11.0772,472.978,0.0955,416.542,0.04,1
2130,16,0,0,11.0624,392.48
215,16,0,0,11.0575,358.782
205,16,0,0,11.0336,204.484
196,16,0,0,11.0205,119.897
195,16,0,0,11.0179,100.335
64,16,0,0,11,0
710,16,0,1,11.2304,1198.14,0.0443333,193.369,0.36,2
223,16,0,1,11.2129,1104.91
224,16,0,1,11.1988,1031.05
222,16,0,1,11.183,945.57
220,16,0,1,11.1727,889.52
455,16,0,2,11.3338,1774.06,0.0408333,178.103,0.03,3
454,16,0,2,11.331,1758.44
457,16,0,2,11.3243,1704.48
456,16,0,2,11.3191,1675.03
458,16,0,2,11.3096,1613.89
459,16,0,2,11.3037,1568.78
1543,16,0,2,11.2944,1506.55
710,16,0,2,11.2747,1391.51
603,16,0,3,11.465,2516.24,0.109,475.425,0.32,4
604,16,0,3,11.4608,2493.1
596,16,0,3,11.4606,2492.13
595,16,0,3,11.4552,2461.72
605,16,0,3,11.454,2453.73
529,16,0,3,11.4368,2353.71
726,16,0,3,11.4209,2252.51
714,16,0,3,11.4207,2250.62
1543,16,0,3,11.4159,2220.1
459,16,0,3,11.4056,2156.7
458,16,0,3,11.3991,2111.44
456,16,0,3,11.39,2050.65
457,16,0,3,11.3846,2020.43
454,16,0,3,11.377,1966.47
455,16,0,3,11.3746,1952.16
1108,16,0,4,11.7662,3990.79,0.0935,407.819,0.09,5
1109,16,0,4,11.7618,3968.11
1113,16,0,4,11.755,3933.96
1847,16,0,4,11.7415,3866.44
1086,16,0,4,11.7379,3846.41
1087,16,0,4,11.7234,3773.22
1090,16,0,4,11.7147,3728.06
1076,16,0,4,11.6885,3601.08
1074,16,0,4,11.6844,3579.96
1077,16,0,4,11.6748,3529.14
1080,16,0,4,11.6613,3461.94
1079,16,0,4,11.6547,3427.48
1061,16,0,4,11.6505,3406.2
1063,16,0,4,11.6469,3388.03
1062,16,0,4,11.6459,3380.95
2159,16,0,4,11.6456,3379.84
1045,16,0,4,11.6449,3376.69
1012,16,0,4,11.6377,3335.7
1014,16,0,4,11.6372,3332.84
989,16,0,4,11.6261,3274.53
990,16,0,4,11.6161,3224.27
991,16,0,4,11.6135,3211.92
706,16,0,4,11.6065,3172.46
704,16,0,4,11.6038,3159.68
2179,16,0,4,11.6036,3158.82
662,16,0,4,11.5974,3129.17
602,16,0,4,11.5861,3060.9
604,16,0,4,11.5835,3044.1
596,16,0,4,11.5834,3043.13
595,16,0,4,11.5779,3012.72
603,16,0,4,11.574,2991.67
1304,16,0,5,11.9892,5081.23,0.0428333,186.826,0.12,6
952,16,0,5,11.9648,4948.24
953,16,0,5,11.9541,4893.46
2023,16,0,5,11.9532,4889.36
2108,16,0,5,11.9368,4804.15
1794,16,0,5,11.9297,4768.39
2106,16,0,5,11.9145,4689.02
2039,16,0,5,11.8968,4595.49
1106,16,0,5,11.8872,4543.54
2035,16,0,5,11.873,4469.49
1108,16,0,5,11.8597,4398.6
895,16,0,6,12.1881,6068.38,0.0435,189.734,0.02,7
907,16,0,6,12.1724,5991.05
908,16,0,6,12.1633,5945.57
2014,16,0,6,12.1627,5942.89
2017,16,0,6,12.1616,5937.2
2170,16,0,6,12.1588,5923.01
1738,16,0,6,12.1414,5836.08
1737,16,0,6,12.1347,5802.3
936,16,0,6,12.1195,5723.39
933,16,0,6,12.1189,5720.45
934,16,0,6,12.1134,5682.8
935,16,0,6,12.1129,5680.19
2020,16,0,6,12.1018,5623.21
1787,16,0,6,12.0822,5526.06
1788,16,0,6,12.0814,5522.36
1789,16,0,6,12.07,5465.37
952,16,0,6,12.0611,5420.92
1304,16,0,6,12.032,5268.05
64,16,0,7,12.5924,8376.44,0,0,0
195,16,0,7,12.5633,8228.06
196,16,0,7,12.5605,8208.47
205,16,0,7,12.546,8122.02
215,16,0,7,12.5205,7965.64
225,16,0,7,12.4945,7762.43
715,16,0,7,12.463,7586.76
714,16,0,7,12.459,7562.6
726,16,0,7,12.4588,7560.75
529,16,0,7,12.4447,7461.1
605,16,0,7,12.4298,7364.43
603,16,0,7,12.4235,7331.35
604,16,0,7,12.4196,7309.49
596,16,0,7,12.4194,7308.52
580,16,0,7,12.4078,7244
574,16,0,7,12.3864,7132.88
573,16,0,7,12.3768,7079.08
564,16,0,7,12.3693,7038.82
557,16,0,7,12.3645,7007.75
561,16,0,7,12.358,6961.31
628,16,0,7,12.3538,6936.17
609,16,0,7,12.3421,6860.87
423,16,0,7,12.3362,6804.55
419,16,0,7,12.3294,6766.98
420,16,0,7,12.3234,6730.95
421,16,0,7,12.3188,6703.46
417,16,0,7,12.3138,6676.74
1989,16,0,7,12.2954,6582.53
2011,16,0,7,12.2761,6482.82
891,16,0,7,12.2541,6368.36
893,16,0,7,12.2481,6337.49
894,16,0,7,12.2428,6312.75
895,16,0,7,12.2316,6258.12
1302,16,1,0,13.7442,2766.91,0.035,152.659,0.22,1
949,16,1,0,13.7212,2642.85
2025,16,1,0,13.7177,2625.39
1598,16,1,0,13.7144,2606.63
948,16,1,0,13.7095,2579.61
928,16,1,0,13.6991,2522.31
929,16,1,0,13.6789,2416.19
2019,16,1,0,13.6785,2414.21
2157,16,1,0,13.6524,2290.85
905,16,1,0,13.6155,2102.44
889,16,1,0,13.6062,2054.31
890,16,1,0,13.5996,2018.4
2013,16,1,0,13.5801,1915.19
1988,16,1,0,13.5625,1821.32
417,16,1,0,13.542,1716.71
418,16,1,0,13.538,1695.77
419,16,1,0,13.5225,1609.96
423,16,1,0,13.5163,1573.67
609,16,1,0,13.5104,1517.35
628,16,1,0,13.5006,1443.34
561,16,1,0,13.4967,1418.58
557,16,1,0,13.4893,1371.34
554,16,1,0,13.4871,1360.2
565,16,1,0,13.477,1306.55
573,16,1,0,13.4717,1279.96
574,16,1,0,13.4644,1230.49
580,16,1,0,13.4416,1113.57
596,16,1,0,13.4355,1053.72
595,16,1,0,13.4305,1025.37
605,16,1,0,13.4293,1017.31
529,16,1,0,13.4127,918.413
726,16,1,0,13.3966,816.876
714,16,1,0,13.3964,814.998
715,16,1,0,13.3929,791.373
225,16,1,0,13.3751,630.742
215,16,1,0,13.3479,427.668
205,16,1,0,13.3169,255.297
196,16,1,0,13.3018,168.03
195,16,1,0,13.2992,148.465
64,16,1,0,13.27,0
978,16,1,1,14.0631,4355.78,0.0373333,162.837,0.05,2
1010,16,1,1,14.0482,4278.67
1011,16,1,1,14.0341,4206.68
1009,16,1,1,14.0274,4172.76
1038,16,1,1,14.0194,4132.87
1039,16,1,1,14.0188,4130.2
1037,16,1,1,14.006,4069.25
1034,16,1,1,13.9962,4019.03
2032,16,1,1,13.9808,3941.44
1050,16,1,1,13.9518,3796.99
1804,16,1,1,13.9387,3730.98
2015,16,1,1,13.9275,3674.76
2014,16,1,1,13.9193,3633.76
2017,16,1,1,13.9182,3628.07
2170,16,1,1,13.9153,3613.42
917,16,1,1,13.9091,3582.43
2016,16,1,1,13.9083,3578.62
915,16,1,1,13.8873,3473.67
1555,16,1,1,13.8799,3436.9
2157,16,1,1,13.869,3383.15
2019,16,1,1,13.8421,3256.89
929,16,1,1,13.8417,3254.9
938,16,1,1,13.8298,3189.05
950,16,1,1,13.8163,3118.49
951,16,1,1,13.8093,3082.77
949,16,1,1,13.7983,3026.3
1302,16,1,1,13.7792,2919.57
636,16,1,2,14.1801,4909.04,0.0391667,170.833,0.15,3
631,16,1,2,14.1734,4876.25
630,16,1,2,14.1676,4847.73
637,16,1,2,14.1571,4795.65
1996,16,1,2,14.1446,4732.36
1997,16,1,2,14.1407,4712.46
2027,16,1,2,14.1135,4582.24
2026,16,1,2,14.1077,4553.76
978,16,1,2,14.1004,4518.61
64,16,1,3,14.4655,6540.42,0,0,0
195,16,1,3,14.4439,6424.16
196,16,1,3,14.4412,6404.58
205,16,1,3,14.4269,6318.5
215,16,1,3,14.4025,6163.52
225,16,1,3,14.3776,5959.69
715,16,1,3,14.3427,5769.15
714,16,1,3,14.339,5745.31
726,16,1,3,14.3388,5743.45
529,16,1,3,14.3247,5643.84
605,16,1,3,14.3094,5546.58
603,16,1,3,14.3036,5515.6
604,16,1,3,14.2988,5490.19
596,16,1,3,14.2986,5489.22
580,16,1,3,14.2843,5413.01
583,16,1,3,14.2781,5383.2
587,16,1,3,14.2759,5368.77
578,16,1,3,14.2728,5351.95
575,16,1,3,14.2673,5320.85
571,16,1,3,14.2644,5304.73
570,16,1,3,14.2596,5281.45
1994,16,1,3,14.2468,5217.1
562,16,1,3,14.2335,5152.04
639,16,1,3,14.23,5134.6
638,16,1,3,14.2233,5100.57
636,16,1,3,14.2193,5079.87
603,17,0,0,11.1684,1012.31,0.109,475.425,0.32,1
604,17,0,0,11.1641,989.164
596,17,0,0,11.164,988.193
595,17,0,0,11.1585,957.784
605,17,0,0,11.1574,949.793
529,17,0,0,11.1402,849.768
726,17,0,0,11.1243,748.573
714,17,0,0,11.1241,746.688
715,17,0,0,11.1207,723.201
225,17,0,0,11.1032,562.11
215,17,0,0,11.0775,358.782
205,17,0,0,11.0536,204.484
196,17,0,0,11.0405,119.897
195,17,0,0,11.0379,100.335
64,17,0,0,11.02,0
1108,17,0,1,11.4695,2486.85,0.0935,407.819,0.09,2
1109,17,0,1,11.4652,2464.18
1113,17,0,1,11.4583,2430.03
1847,17,0,1,11.4449,2362.5
1086,17,0,1,11.4413,2342.47
1087,17,0,1,11.4267,2269.28
1090,17,0,1,11.418,2224.12
1076,17,0,1,11.3919,2097.14
1074,17,0,1,11.3878,2076.03
1077,17,0,1,11.3782,2025.21
1080,17,0,1,11.3647,1958
1079,17,0,1,11.3581,1923.55
1061,17,0,1,11.3538,1902.26
1063,17,0,1,11.3503,1884.1
1062,17,0,1,11.3492,1877.02
2159,17,0,1,11.349,1875.9
1045,17,0,1,11.3483,1872.75
1012,17,0,1,11.3411,1831.77
1014,17,0,1,11.3405,1828.9
989,17,0,1,11.3295,1770.6
990,17,0,1,11.3194,1720.33
991,17,0,1,11.3168,1707.98
706,17,0,1,11.3098,1668.52
704,17,0,1,11.3072,1655.75
2179,17,0,1,11.307,1654.88
662,17,0,1,11.3008,1625.24
602,17,0,1,11.2894,1556.96
604,17,0,1,11.2869,1540.16
596,17,0,1,11.2867,1539.19
595,17,0,1,11.2813,1508.78
603,17,0,1,11.2774,1487.73
1304,17,0,2,11.6926,3577.29,0.0428333,186.826,0.12,3
952,17,0,2,11.6682,3444.3
953,17,0,2,11.6574,3389.53
2023,17,0,2,11.6566,3385.43
2108,17,0,2,11.6401,3300.22
1794,17,0,2,11.6331,3264.46
2106,17,0,2,11.6178,3185.09
2039,17,0,2,11.6002,3091.56
1106,17,0,2,11.5906,3039.61
2035,17,0,2,11.5763,2965.56
1108,17,0,2,11.563,2894.67
895,17,0,3,11.8942,4576.55,0.103333,450.709,0.01,4
907,17,0,3,11.8786,4499.65
908,17,0,3,11.8693,4453.6
2014,17,0,3,11.8687,4450.92
2017,17,0,3,11.8676,4445.23
2170,17,0,3,11.8646,4430.37
1738,17,0,3,11.8501,4355.29
1737,17,0,3,11.8447,4327.23
936,17,0,3,11.8296,4248.61
933,17,0,3,11.829,4245.67
934,17,0,3,11.8235,4208.03
943,17,0,3,11.8069,4127.49
2020,17,0,3,11.8061,4123.55
1787,17,0,3,11.7887,4035.69
1788,17,0,3,11.788,4031.98
1789,17,0,3,11.7779,3980.67
952,17,0,3,11.7699,3940.16
1304,17,0,3,11.7354,3764.11
64,17,0,4,12.3342,7034.23,0,0,0
195,17,0,4,12.3121,6916
196,17,0,4,12.3092,6896.27
205,17,0,4,12.2953,6810.71
215,17,0,4,12.2697,6654.27
225,17,0,4,12.2444,6450.75
715,17,0,4,12.2163,6285.72
714,17,0,4,12.2124,6261.72
726,17,0,4,12.2122,6259.84
529,17,0,4,12.1985,6160.34
605,17,0,4,12.1837,6063.73
603,17,0,4,12.1786,6035.75
604,17,0,4,12.1743,6012.61
596,17,0,4,12.1742,6011.64
580,17,0,4,12.1658,5953.37
574,17,0,4,12.1485,5860.12
573,17,0,4,12.1384,5804.22
564,17,0,4,12.1308,5763.07
557,17,0,4,12.1247,5729.08
561,17,0,4,12.118,5682.56
628,17,0,4,12.1135,5656.91
609,17,0,4,12.1007,5580.26
423,17,0,4,12.0948,5523.94
419,17,0,4,12.0902,5489.49
420,17,0,4,12.0842,5453.55
431,17,0,4,12.0644,5356.51
434,17,0,4,12.0579,5325.9
873,17,0,4,12.0536,5302.89
874,17,0,4,12.0405,5239.64
870,17,0,4,12.0346,5209.76
894,17,0,4,12.0076,5077.24
895,17,0,4,11.9975,5027.26
1302,17,1,0,13.8742,2766.91,0.035,152.659,0.22,1
949,17,1,0,13.8512,2642.85
2025,17,1,0,13.8477,2625.39
1598,17,1,0,13.8444,2606.63
948,17,1,0,13.8395,2579.61
928,17,1,0,13.8291,2522.31
929,17,1,0,13.8089,2416.19
2019,17,1,0,13.8085,2414.21
2157,17,1,0,13.7824,2290.85
905,17,1,0,13.7455,2102.44
889,17,1,0,13.7362,2054.31
890,17,1,0,13.7296,2018.4
2013,17,1,0,13.7101,1915.19
1988,17,1,0,13.6925,1821.32
417,17,1,0,13.672,1716.71
418,17,1,0,13.668,1695.77
419,17,1,0,13.6525,1609.96
423,17,1,0,13.6463,1573.67
609,17,1,0,13.6404,1517.35
628,17,1,0,13.6306,1443.34
561,17,1,0,13.6267,1418.58
557,17,1,0,13.6193,1371.34
554,17,1,0,13.6171,1360.2
565,17,1,0,13.607,1306.55
573,17,1,0,13.6017,1279.96
574,17,1,0,13.5944,1230.49
580,17,1,0,13.5716,1113.57
596,17,1,0,13.5655,1053.72
595,17,1,0,13.5605,1025.37
605,17,1,0,13.5593,1017.31
529,17,1,0,13.5427,918.413
726,17,1,0,13.5266,816.876
714,17,1,0,13.5264,814.998
715,17,1,0,13.5229,791.373
225,17,1,0,13.5051,630.742
215,17,1,0,13.4779,427.668
205,17,1,0,13.4469,255.297
196,17,1,0,13.4318,168.03
195,17,1,0,13.4292,148.465
64,17,1,0,13.4,0
978,17,1,1,14.1931,4355.78,0.0373333,162.837,0.05,2
1010,17,1,1,14.1782,4278.67
1011,17,1,1,14.1641,4206.68
1009,17,1,1,14.1574,4172.76
1038,17,1,1,14.1494,4132.87
1039,17,1,1,14.1488,4130.2
1037,17,1,1,14.136,4069.25
1034,17,1,1,14.1262,4019.03
2032,17,1,1,14.1108,3941.44
1050,17,1,1,14.0818,3796.99
1804,17,1,1,14.0687,3730.98
2015,17,1,1,14.0575,3674.76
2014,17,1,1,14.0493,3633.76
2017,17,1,1,14.0482,3628.07
2170,17,1,1,14.0453,3613.42
917,17,1,1,14.0391,3582.43
2016,17,1,1,14.0383,3578.62
915,17,1,1,14.0173,3473.67
1555,17,1,1,14.0099,3436.9
2157,17,1,1,13.999,3383.15
2019,17,1,1,13.9721,3256.89
929,17,1,1,13.9717,3254.9
938,17,1,1,13.9598,3189.05
950,17,1,1,13.9463,3118.49
951,17,1,1,13.9393,3082.77
949,17,1,1,13.9283,3026.3
1302,17,1,1,13.9092,2919.57
636,17,1,2,14.3101,4909.04,0.0391667,170.833,0.15,3
631,17,1,2,14.3034,4876.25
630,17,1,2,14.2976,4847.73
637,17,1,2,14.2871,4795.65
1996,17,1,2,14.2746,4732.36
1997,17,1,2,14.2707,4712.46
2027,17,1,2,14.2435,4582.24
2026,17,1,2,14.2377,4553.76
978,17,1,2,14.2304,4518.61
64,17,1,3,14.5955,6540.42,0,0,0
195,17,1,3,14.5739,6424.16
196,17,1,3,14.5712,6404.58
205,17,1,3,14.5569,6318.5
215,17,1,3,14.5325,6163.52
225,17,1,3,14.5076,5959.69
715,17,1,3,14.4727,5769.15
714,17,1,3,14.469,5745.31
726,17,1,3,14.4688,5743.45
529,17,1,3,14.4547,5643.84
605,17,1,3,14.4394,5546.58
603,17,1,3,14.4336,5515.6
604,17,1,3,14.4288,5490.19
596,17,1,3,14.4286,5489.22
580,17,1,3,14.4143,5413.01
583,17,1,3,14.4081,5383.2
587,17,1,3,14.4059,5368.77
578,17,1,3,14.4028,5351.95
575,17,1,3,14.3973,5320.85
571,17,1,3,14.3944,5304.73
570,17,1,3,14.3896,5281.45
1994,17,1,3,14.3768,5217.1
562,17,1,3,14.3635,5152.04
639,17,1,3,14.36,5134.6
638,17,1,3,14.3533,5100.57
636,17,1,3,14.3493,5079.87
220,17,2,0,11.3872,472.978,0.0955,416.542,0.04,1
2130,17,2,0,11.3724,392.48
215,17,2,0,11.3675,358.782
205,17,2,0,11.3436,204.484
196,17,2,0,11.3305,119.897
195,17,2,0,11.3279,100.335
64,17,2,0,11.31,0
455,17,2,1,11.5721,1421.69,0.0408333,178.103,0.03,2
454,17,2,1,11.5693,1406.07
457,17,2,1,11.5625,1352.11
456,17,2,1,11.5574,1322.67
458,17,2,1,11.5479,1261.52
459,17,2,1,11.542,1216.42
450,17,2,1,11.5268,1132.53
229,17,2,1,11.5173,1079.68
222,17,2,1,11.493,945.57
220,17,2,1,11.4827,889.52
710,17,2,2,11.6756,1988,0.0443333,193.369,0.36,3
1543,17,2,2,11.6542,1867.73
459,17,2,2,11.6439,1804.33
458,17,2,2,11.6374,1759.07
456,17,2,2,11.6283,1698.29
457,17,2,2,11.6229,1668.07
454,17,2,2,11.6153,1614.11
455,17,2,2,11.6129,1599.79
64,17,2,3,11.8205,2864.25,0,0,0
195,17,2,3,11.7993,2749.57
196,17,2,3,11.7965,2729.96
205,17,2,3,11.784,2646.06
215,17,2,3,11.7641,2493.96
225,17,2,3,11.7389,2290.4
1680,17,2,3,11.7359,2271.38
710,17,2,3,11.72,2181.37
