Node, Individual, Route,Segment, Travel time, Travel cost, Attention time, Attention cost, Failure rate, Demand
2090,0,0,0,12.3483,194.986,0.0353333,154.113,0.07,1
1524,0,0,0,12.3392,100.283
2095,0,0,0,12.32,0
2124,0,0,1,12.3957,413.155,0.0435,189.734,0.02,2
2089,0,0,1,12.3925,395.598
2102,0,0,1,12.3921,393.567
1497,0,0,1,12.3909,387.027
1660,0,0,1,12.3881,372.374
2090,0,0,1,12.3836,349.1
1445,0,0,2,12.5086,962.714,0.0491667,214.45,0.02,3
2087,0,0,2,12.4833,833.788
2088,0,0,2,12.4709,769.709
1644,0,0,2,12.4659,743.566
2089,0,0,2,12.4481,644.103
2124,0,0,2,12.4392,602.888
1658,0,0,3,12.5995,1391.33,0.0986667,430.354,0.47,4
1649,0,0,3,12.5755,1270.06
1444,0,0,3,12.5739,1261.4
1445,0,0,3,12.5577,1177.16
1655,0,0,4,12.7826,2251.13,0.0521667,227.535,0.27,5
2121,0,0,4,12.7804,2239.95
1424,0,0,4,12.7547,2108.39
2083,0,0,4,12.7232,1949.45
2101,0,0,4,12.7097,1878.27
1658,0,0,4,12.6982,1821.69
2077,0,0,5,12.8713,2658.28,0.0555,242.074,0.02,6
2078,0,0,5,12.8624,2614.62
1823,0,0,5,12.8531,2567.33
2097,0,0,5,12.8401,2505.72
1655,0,0,5,12.8347,2478.66
2058,0,0,6,12.9575,3054.19,0.0493333,215.177,0.21,7
2062,0,0,6,12.9451,2994.03
2077,0,0,6,12.9268,2900.35
2038,0,0,7,13.0595,3536.4,0.0538333,234.805,0.02,8
1124,0,0,7,13.0468,3473.49
1144,0,0,7,13.0413,3443.51
1191,0,0,7,13.0343,3407.1
1193,0,0,7,13.0278,3372.88
1197,0,0,7,13.0127,3298.44
2058,0,0,7,13.0069,3269.36
1101,0,0,8,13.1602,3995.8,0.0546667,238.44,0.12,9
1100,0,0,8,13.1467,3928.55
1102,0,0,8,13.1231,3821.23
2038,0,0,8,13.1134,3771.21
1624,0,0,9,13.4466,5495.8,0.0715,311.861,0.1,10
2090,0,0,9,13.4264,5388.7
1497,0,0,9,13.4232,5372.08
2102,0,0,9,13.4213,5362.44
2089,0,0,9,13.421,5360.78
2124,0,0,9,13.4143,5328.66
1826,0,0,9,13.3986,5253.6
1450,0,0,9,13.3962,5238.11
1829,0,0,9,13.3913,5208.43
1447,0,0,9,13.3854,5174.05
1832,0,0,9,13.376,5119.64
1833,0,0,9,13.3674,5046.66
1835,0,0,9,13.3571,4988.6
2103,0,0,9,13.3518,4959.71
2177,0,0,9,13.3517,4959.35
1841,0,0,9,13.3516,4958
2060,0,0,9,13.3147,4755.77
1551,0,0,9,13.314,4751.6
1550,0,0,9,13.3132,4747.82
1196,0,0,9,13.3066,4704.22
1194,0,0,9,13.3063,4702.7
1190,0,0,9,13.2953,4637.24
1186,0,0,9,13.2803,4561.98
1187,0,0,9,13.2777,4546.1
1124,0,0,9,13.2611,4467.65
2038,0,0,9,13.2499,4410.72
1102,0,0,9,13.2401,4360.28
1100,0,0,9,13.2259,4290.89
1101,0,0,9,13.2149,4234.24
2095,0,0,10,13.5423,5933.53,0,0,0
1524,0,0,10,13.5228,5831.8
1624,0,0,10,13.5181,5807.66
2090,1,0,0,12.1483,194.986,0.0353333,154.113,0.07,1
1524,1,0,0,12.1392,100.283
2095,1,0,0,12.12,0
2124,1,0,1,12.1957,413.155,0.0435,189.734,0.02,2
2089,1,0,1,12.1925,395.598
2102,1,0,1,12.1921,393.567
1497,1,0,1,12.1909,387.027
1660,1,0,1,12.1881,372.374
2090,1,0,1,12.1836,349.1
1445,1,0,2,12.3086,962.714,0.0491667,214.45,0.02,3
2087,1,0,2,12.2833,833.788
2088,1,0,2,12.2709,769.709
1644,1,0,2,12.2659,743.566
2089,1,0,2,12.2481,644.103
2124,1,0,2,12.2392,602.888
1658,1,0,3,12.3995,1391.33,0.0986667,430.354,0.47,4
1649,1,0,3,12.3755,1270.06
1444,1,0,3,12.3739,1261.4
1445,1,0,3,12.3577,1177.16
1655,1,0,4,12.5826,2251.13,0.0521667,227.535,0.27,5
2121,1,0,4,12.5804,2239.95
1424,1,0,4,12.5547,2108.39
2083,1,0,4,12.5232,1949.45
2101,1,0,4,12.5097,1878.27
1658,1,0,4,12.4982,1821.69
2077,1,0,5,12.6713,2658.28,0.0555,242.074,0.02,6
2078,1,0,5,12.6624,2614.62
1823,1,0,5,12.6531,2567.33
2097,1,0,5,12.6401,2505.72
1655,1,0,5,12.6347,2478.66
2058,1,0,6,12.7575,3054.19,0.0493333,215.177,0.21,7
2062,1,0,6,12.7451,2994.03
2077,1,0,6,12.7268,2900.35
1101,1,0,7,12.909,3772.65,0.0638333,278.422,0.11,8
1100,1,0,7,12.894,3699.44
1102,1,0,7,12.8764,3615.98
2038,1,0,7,12.8664,3564.9
1124,1,0,7,12.8542,3503.96
1144,1,0,7,12.8457,3461.43
1191,1,0,7,12.8401,3430.8
1193,1,0,7,12.8324,3391.54
1197,1,0,7,12.8127,3298.44
2058,1,0,7,12.8069,3269.36
2038,1,0,8,13.0075,4226.15,0.0538333,234.805,0.02,9
1102,1,0,8,12.997,4172.79
1100,1,0,8,12.9841,4108.9
1101,1,0,8,12.9728,4051.07
1624,1,0,9,13.2581,5546.04,0.0715,311.861,0.1,10
2090,1,0,9,13.2378,5438.94
1497,1,0,9,13.2347,5422.31
2102,1,0,9,13.2327,5412.68
2089,1,0,9,13.2324,5411.02
2124,1,0,9,13.2257,5378.9
1826,1,0,9,13.21,5303.84
1450,1,0,9,13.2077,5288.35
1829,1,0,9,13.2027,5258.67
1447,1,0,9,13.1969,5224.29
1832,1,0,9,13.1874,5169.88
1833,1,0,9,13.1788,5096.89
1835,1,0,9,13.1685,5038.84
2103,1,0,9,13.1633,5009.94
2177,1,0,9,13.1632,5009.58
1841,1,0,9,13.163,5008.24
2060,1,0,9,13.1262,4806.01
1551,1,0,9,13.1254,4801.84
1550,1,0,9,13.1247,4798.06
1196,1,0,9,13.118,4754.46
1194,1,0,9,13.1178,4752.94
1190,1,0,9,13.1067,4687.48
1186,1,0,9,13.0918,4612.22
1187,1,0,9,13.0892,4596.33
1124,1,0,9,13.0726,4517.89
2038,1,0,9,13.0613,4460.96
2095,1,0,10,13.3538,5983.77,0,0,0
1524,1,0,10,13.3342,5882.04
1624,1,0,10,13.3296,5857.9
2090,2,0,0,12.5483,194.986,0.0353333,154.113,0.07,1
1524,2,0,0,12.5392,100.283
2095,2,0,0,12.52,0
2124,2,0,1,12.5957,413.155,0.0435,189.734,0.02,2
2089,2,0,1,12.5925,395.598
2102,2,0,1,12.5921,393.567
1497,2,0,1,12.5909,387.027
1660,2,0,1,12.5881,372.374
2090,2,0,1,12.5836,349.1
1445,2,0,2,12.7086,962.714,0.0491667,214.45,0.02,3
2087,2,0,2,12.6833,833.788
2088,2,0,2,12.6709,769.709
1644,2,0,2,12.6659,743.566
2089,2,0,2,12.6481,644.103
2124,2,0,2,12.6392,602.888
1658,2,0,3,12.7995,1391.33,0.0986667,430.354,0.47,4
1649,2,0,3,12.7755,1270.06
1444,2,0,3,12.7739,1261.4
1445,2,0,3,12.7577,1177.16
1655,2,0,4,12.9826,2251.13,0.0521667,227.535,0.27,5
2121,2,0,4,12.9804,2239.95
1424,2,0,4,12.9547,2108.39
2083,2,0,4,12.9232,1949.45
2101,2,0,4,12.9097,1878.27
1658,2,0,4,12.8982,1821.69
2077,2,0,5,13.0651,2632.28,0.0361667,157.748,0,6
2078,2,0,5,13.0563,2589.43
1823,2,0,5,13.0479,2546.19
2097,2,0,5,13.0389,2500.7
1655,2,0,5,13.0347,2478.66
2058,2,0,6,13.1305,2938.02,0.0933333,407.092,0.2,7
2062,2,0,6,13.1194,2883.22
2077,2,0,6,13.1012,2790.02
1101,2,0,7,13.3234,3836.75,0.0546667,238.44,0.12,8
1100,2,0,7,13.3098,3769.49
1102,2,0,7,13.2862,3662.17
2038,2,0,7,13.2765,3612.15
1124,2,0,7,13.2638,3549.24
1144,2,0,7,13.2583,3519.26
1191,2,0,7,13.2513,3482.85
1193,2,0,7,13.2448,3448.63
1197,2,0,7,13.2296,3374.19
2058,2,0,7,13.2238,3345.11
2038,2,0,8,13.413,4251.66,0.0538333,234.805,0.02,9
1102,2,0,8,13.4032,4201.23
1100,2,0,8,13.389,4131.83
1101,2,0,8,13.378,4075.19
1624,2,0,9,13.6636,5571.55,0.0715,311.861,0.1,10
2090,2,0,9,13.6433,5464.45
1497,2,0,9,13.6402,5447.83
2102,2,0,9,13.6383,5438.19
2089,2,0,9,13.6379,5436.53
2124,2,0,9,13.6313,5404.41
1826,2,0,9,13.6156,5329.35
1450,2,0,9,13.6132,5313.87
1829,2,0,9,13.6082,5284.18
1447,2,0,9,13.6024,5249.8
1832,2,0,9,13.593,5195.39
1833,2,0,9,13.5844,5122.41
1835,2,0,9,13.574,5064.35
2103,2,0,9,13.5688,5035.46
2177,2,0,9,13.5687,5035.1
1841,2,0,9,13.5686,5033.75
2060,2,0,9,13.5317,4831.52
1551,2,0,9,13.531,4827.35
1550,2,0,9,13.5302,4823.57
1196,2,0,9,13.5235,4779.97
1194,2,0,9,13.5233,4778.45
1190,2,0,9,13.5123,4712.99
1186,2,0,9,13.4973,4637.73
1187,2,0,9,13.4947,4621.85
1124,2,0,9,13.4781,4543.4
2038,2,0,9,13.4668,4486.47
2095,2,0,10,13.7593,6009.28,0,0,0
1524,2,0,10,13.7397,5907.55
1624,2,0,10,13.7351,5883.41
2090,3,0,0,12.6383,194.986,0.0353333,154.113,0.07,1
1524,3,0,0,12.6292,100.283
2095,3,0,0,12.61,0
2124,3,0,1,12.6857,413.155,0.0435,189.734,0.02,2
2089,3,0,1,12.6825,395.598
2102,3,0,1,12.6821,393.567
1497,3,0,1,12.6809,387.027
1660,3,0,1,12.6781,372.374
2090,3,0,1,12.6736,349.1
1445,3,0,2,12.7986,962.714,0.0491667,214.45,0.02,3
2087,3,0,2,12.7733,833.788
2088,3,0,2,12.7609,769.709
1644,3,0,2,12.7559,743.566
2089,3,0,2,12.7381,644.103
2124,3,0,2,12.7292,602.888
1655,3,0,3,12.9739,1820.77,0.0521667,227.535,0.27,4
2121,3,0,3,12.9717,1809.6
1424,3,0,3,12.946,1678.04
2083,3,0,3,12.9146,1519.1
2101,3,0,3,12.9011,1447.92
1658,3,0,3,12.8895,1391.33
1649,3,0,3,12.8655,1270.06
1444,3,0,3,12.8639,1261.4
1445,3,0,3,12.8477,1177.16
2077,3,0,4,13.0564,2201.92,0.0361667,157.748,0,5
2078,3,0,4,13.0477,2159.07
1823,3,0,4,13.0393,2115.84
2097,3,0,4,13.0303,2070.35
1655,3,0,4,13.0261,2048.31
2058,3,0,5,13.1218,2507.67,0.0933333,407.092,0.2,6
2062,3,0,5,13.1107,2452.86
2077,3,0,5,13.0926,2359.67
2038,3,0,6,13.2678,3181.8,0.0538333,234.805,0.02,7
1124,3,0,6,13.2551,3118.89
1144,3,0,6,13.2496,3088.91
1191,3,0,6,13.2426,3052.5
1193,3,0,6,13.2361,3018.27
1197,3,0,6,13.221,2943.83
2058,3,0,6,13.2152,2914.76
1101,3,0,7,13.3685,3641.2,0.0546667,238.44,0.12,8
1100,3,0,7,13.355,3573.94
1102,3,0,7,13.3314,3466.62
2038,3,0,7,13.3217,3416.6
1658,3,0,8,13.6267,4943.62,0.0673333,293.688,0.46,9
1436,3,0,8,13.6224,4920.08
2101,3,0,8,13.6189,4902.52
2083,3,0,8,13.6027,4820.15
1430,3,0,8,13.5879,4744.4
1428,3,0,8,13.5736,4674.31
1426,3,0,8,13.5657,4634.32
2103,3,0,8,13.5601,4605.1
2177,3,0,8,13.56,4604.74
1841,3,0,8,13.5599,4603.39
2060,3,0,8,13.523,4401.17
1551,3,0,8,13.5223,4397
1550,3,0,8,13.5215,4393.22
1196,3,0,8,13.5149,4349.62
1194,3,0,8,13.5147,4348.1
1190,3,0,8,13.5036,4282.64
1186,3,0,8,13.4886,4207.37
1187,3,0,8,13.486,4191.49
1124,3,0,8,13.4695,4113.05
2038,3,0,8,13.4582,4056.11
1102,3,0,8,13.4484,4005.68
1100,3,0,8,13.4342,3936.28
1101,3,0,8,13.4232,3879.64
1624,3,0,9,13.8083,5837.88,0.0715,311.861,0.1,10
2090,3,0,9,13.7881,5730.78
1497,3,0,9,13.7849,5714.16
2102,3,0,9,13.783,5704.52
2089,3,0,9,13.7827,5702.86
2124,3,0,9,13.776,5670.74
1826,3,0,9,13.7603,5595.68
1450,3,0,9,13.7579,5580.2
1829,3,0,9,13.753,5550.52
1447,3,0,9,13.7471,5516.14
1446,3,0,9,13.7366,5460.17
1648,3,0,9,13.7243,5391.05
1444,3,0,9,13.7191,5365.14
1649,3,0,9,13.7168,5353.51
1658,3,0,9,13.6941,5237.3
2095,3,0,10,13.904,6275.61,0,0,0
1524,3,0,10,13.8845,6173.89
1624,3,0,10,13.8798,6149.74
1624,4,0,0,12.4187,302.839,0.104,453.617,0.08,1
2090,4,0,0,12.3983,194.986
1524,4,0,0,12.3892,100.283
2095,4,0,0,12.37,0
2090,4,0,1,12.5356,871.663,0.0353333,154.113,0.07,2
1524,4,0,1,12.5265,776.96
1624,4,0,1,12.5227,756.456
2124,4,0,2,12.583,1089.83,0.0435,189.734,0.02,3
2089,4,0,2,12.5798,1072.28
2102,4,0,2,12.5794,1070.24
1497,4,0,2,12.5782,1063.7
1660,4,0,2,12.5755,1049.05
2090,4,0,2,12.5709,1025.78
1445,4,0,3,12.6959,1639.39,0.0491667,214.45,0.02,4
2087,4,0,3,12.6706,1510.46
2088,4,0,3,12.6582,1446.39
1644,4,0,3,12.6532,1420.24
2089,4,0,3,12.6354,1320.78
2124,4,0,3,12.6265,1279.57
1658,4,0,4,12.7868,2068.01,0.0986667,430.354,0.47,5
1649,4,0,4,12.7628,1946.74
1444,4,0,4,12.7612,1938.08
1445,4,0,4,12.745,1853.84
1655,4,0,5,12.9699,2927.8,0.0521667,227.535,0.27,6
2121,4,0,5,12.9677,2916.63
1424,4,0,5,12.942,2785.07
2083,4,0,5,12.9106,2626.13
2101,4,0,5,12.8971,2554.95
1658,4,0,5,12.8855,2498.37
2077,4,0,6,13.0524,3308.95,0.0361667,157.748,0,7
2078,4,0,6,13.0436,3266.1
1823,4,0,6,13.0353,3222.87
2097,4,0,6,13.0262,3177.38
1655,4,0,6,13.022,3155.34
2058,4,0,7,13.1178,3614.7,0.0933333,407.092,0.2,8
2062,4,0,7,13.1067,3559.89
2077,4,0,7,13.0885,3466.7
1101,4,0,8,13.3107,4513.43,0.0546667,238.44,0.12,9
1100,4,0,8,13.2971,4446.17
1102,4,0,8,13.2735,4338.85
2038,4,0,8,13.2638,4288.83
1124,4,0,8,13.2511,4225.92
1144,4,0,8,13.2456,4195.94
1191,4,0,8,13.2386,4159.53
1193,4,0,8,13.2321,4125.3
1197,4,0,8,13.2169,4050.87
2058,4,0,8,13.2112,4021.79
2038,4,0,9,13.4003,4928.34,0.0538333,234.805,0.02,10
1102,4,0,9,13.3905,4877.9
1100,4,0,9,13.3763,4808.51
1101,4,0,9,13.3653,4751.87
2095,4,0,10,13.6751,6374.09,0,0,0
1524,4,0,10,13.6556,6272.37
1624,4,0,10,13.6509,6248.23
2090,4,0,10,13.6307,6141.13
1497,4,0,10,13.6275,6124.5
2102,4,0,10,13.6256,6114.87
2089,4,0,10,13.6253,6113.21
2124,4,0,10,13.6186,6081.09
1826,4,0,10,13.6029,6006.02
1450,4,0,10,13.6005,5990.54
1829,4,0,10,13.5956,5960.86
1447,4,0,10,13.5897,5926.48
1832,4,0,10,13.5803,5872.06
1833,4,0,10,13.5717,5799.08
1835,4,0,10,13.5614,5741.03
2103,4,0,10,13.5561,5712.13
2177,4,0,10,13.556,5711.77
1841,4,0,10,13.5559,5710.42
2060,4,0,10,13.519,5508.2
1551,4,0,10,13.5183,5504.03
1550,4,0,10,13.5175,5500.25
1196,4,0,10,13.5108,5456.65
1194,4,0,10,13.5106,5455.13
1190,4,0,10,13.4996,5389.67
1186,4,0,10,13.4846,5314.4
1187,4,0,10,13.482,5298.52
1124,4,0,10,13.4654,5220.08
2038,4,0,10,13.4541,5163.15
2124,5,0,0,12.5903,259.041,0.0435,189.734,0.02,1
2089,5,0,0,12.5871,241.485
2102,5,0,0,12.5867,239.454
1497,5,0,0,12.5855,232.914
1660,5,0,0,12.5828,218.261
2090,5,0,0,12.5783,194.986
1524,5,0,0,12.5692,100.283
2095,5,0,0,12.55,0
1445,5,0,1,12.7032,808.6,0.0491667,214.45,0.02,2
2087,5,0,1,12.678,679.675
2088,5,0,1,12.6656,615.595
1644,5,0,1,12.6606,589.452
2089,5,0,1,12.6428,489.99
2124,5,0,1,12.6338,448.775
1658,5,0,2,12.7942,1237.22,0.0986667,430.354,0.47,3
1649,5,0,2,12.7702,1115.95
1444,5,0,2,12.7686,1107.29
1445,5,0,2,12.7524,1023.05
1655,5,0,3,12.9772,2097.01,0.0521667,227.535,0.27,4
2121,5,0,3,12.9751,2085.84
1424,5,0,3,12.9493,1954.28
2083,5,0,3,12.9179,1795.34
2101,5,0,3,12.9044,1724.16
1658,5,0,3,12.8928,1667.58
2077,5,0,4,13.0597,2478.16,0.0361667,157.748,0,5
2078,5,0,4,13.051,2435.32
1823,5,0,4,13.0426,2392.08
2097,5,0,4,13.0336,2346.59
1655,5,0,4,13.0294,2324.55
2058,5,0,5,13.1252,2783.91,0.0933333,407.092,0.2,6
2062,5,0,5,13.1141,2729.1
2077,5,0,5,13.0959,2635.91
1101,5,0,6,13.318,3682.64,0.0546667,238.44,0.12,7
1100,5,0,6,13.3045,3615.38
1102,5,0,6,13.2809,3508.06
2038,5,0,6,13.2712,3458.04
1124,5,0,6,13.2585,3395.13
1144,5,0,6,13.253,3365.15
1191,5,0,6,13.246,3328.74
1193,5,0,6,13.2395,3294.51
1197,5,0,6,13.2243,3220.08
2058,5,0,6,13.2185,3191
2038,5,0,7,13.4077,4097.55,0.0538333,234.805,0.02,8
1102,5,0,7,13.3979,4047.11
1100,5,0,7,13.3837,3977.72
1101,5,0,7,13.3727,3921.08
1624,5,0,8,13.6583,5417.44,0.0715,311.861,0.1,9
2090,5,0,8,13.638,5310.34
1497,5,0,8,13.6349,5293.71
2102,5,0,8,13.6329,5284.08
2089,5,0,8,13.6326,5282.42
2124,5,0,8,13.6259,5250.3
1826,5,0,8,13.6102,5175.23
1450,5,0,8,13.6079,5159.75
1829,5,0,8,13.6029,5130.07
1447,5,0,8,13.5971,5095.69
1832,5,0,8,13.5876,5041.28
1833,5,0,8,13.579,4968.29
1835,5,0,8,13.5687,4910.24
2103,5,0,8,13.5634,4881.34
2177,5,0,8,13.5634,4880.98
1841,5,0,8,13.5632,4879.63
2060,5,0,8,13.5263,4677.41
1551,5,0,8,13.5256,4673.24
1550,5,0,8,13.5249,4669.46
1196,5,0,8,13.5182,4625.86
1194,5,0,8,13.518,4624.34
1190,5,0,8,13.5069,4558.88
1186,5,0,8,13.492,4483.62
1187,5,0,8,13.4894,4467.73
1124,5,0,8,13.4728,4389.29
2038,5,0,8,13.4615,4332.36
2095,5,0,9,13.754,5855.17,0,0,0
1524,5,0,9,13.7344,5753.44
1624,5,0,9,13.7298,5729.3
2090,5,1,0,15.737,192.482,0.0666667,290.78,0.04,1
1524,5,1,0,15.7283,96.317
2095,5,1,0,15.71,0
2095,5,1,1,15.8461,707.482,0,0,0
1524,5,1,1,15.8288,615.255
1624,5,1,1,15.8255,596.858
2090,5,1,1,15.8037,483.262
1624,6,0,0,12.6187,302.839,0.104,453.617,0.08,1
2090,6,0,0,12.5983,194.986
1524,6,0,0,12.5892,100.283
2095,6,0,0,12.57,0
2090,6,0,1,12.7356,871.663,0.0353333,154.113,0.07,2
1524,6,0,1,12.7265,776.96
1624,6,0,1,12.7227,756.456
2124,6,0,2,12.783,1089.83,0.0435,189.734,0.02,3
2089,6,0,2,12.7798,1072.28
2102,6,0,2,12.7794,1070.24
1497,6,0,2,12.7782,1063.7
1660,6,0,2,12.7755,1049.05
2090,6,0,2,12.7709,1025.78
1655,6,0,3,12.9891,2191.22,0.0521667,227.535,0.27,4
1425,6,0,3,12.9521,1999.43
1430,6,0,3,12.9327,1901.64
1428,6,0,3,12.9192,1834.26
1426,6,0,3,12.9113,1794.82
2103,6,0,3,12.9053,1763.57
1677,6,0,3,12.9006,1740.79
1836,6,0,3,12.8939,1708.56
1834,6,0,3,12.8769,1619.69
1830,6,0,3,12.8689,1543.47
1828,6,0,3,12.86,1458.07
1449,6,0,3,12.8494,1405.2
1825,6,0,3,12.844,1378.17
2124,6,0,3,12.8265,1279.57
2077,6,0,4,13.0715,2572.36,0.0361667,157.748,0,5
2078,6,0,4,13.0628,2529.52
1823,6,0,4,13.0544,2486.28
2097,6,0,4,13.0454,2440.79
1655,6,0,4,13.0412,2418.75
2058,6,0,5,13.137,2878.11,0.0933333,407.092,0.2,6
2062,6,0,5,13.1259,2823.3
2077,6,0,5,13.1077,2730.11
1101,6,0,6,13.3298,3776.84,0.0546667,238.44,0.12,7
1100,6,0,6,13.3163,3709.58
1102,6,0,6,13.2927,3602.26
2038,6,0,6,13.283,3552.24
1124,6,0,6,13.2703,3489.33
1144,6,0,6,13.2648,3459.35
1191,6,0,6,13.2578,3422.94
1193,6,0,6,13.2513,3388.72
1197,6,0,6,13.2361,3314.28
2058,6,0,6,13.2303,3285.2
2038,6,0,7,13.4195,4191.75,0.0538333,234.805,0.02,8
1102,6,0,7,13.4097,4141.32
1100,6,0,7,13.3955,4071.92
1101,6,0,7,13.3845,4015.28
1658,6,0,8,13.6419,5314.06,0.0673333,293.688,0.46,9
1436,6,0,8,13.6375,5290.53
2101,6,0,8,13.634,5272.97
2083,6,0,8,13.6179,5190.59
1430,6,0,8,13.603,5114.84
1428,6,0,8,13.5888,5044.75
1426,6,0,8,13.5808,5004.77
2103,6,0,8,13.5753,4975.54
2177,6,0,8,13.5752,4975.19
1841,6,0,8,13.575,4973.84
2060,6,0,8,13.5382,4771.61
1551,6,0,8,13.5375,4767.44
1550,6,0,8,13.5367,4763.66
1196,6,0,8,13.53,4720.06
1194,6,0,8,13.5298,4718.54
1190,6,0,8,13.5187,4653.08
1186,6,0,8,13.5038,4577.82
1187,6,0,8,13.5012,4561.94
1124,6,0,8,13.4846,4483.49
2038,6,0,8,13.4733,4426.56
1445,6,0,9,13.749,5813.71,0.105333,459.432,0.01,10
1444,6,0,9,13.7343,5735.58
1649,6,0,9,13.732,5723.95
1658,6,0,9,13.7092,5607.75
2095,6,0,10,13.9642,6850.88,0,0,0
1524,6,0,10,13.9447,6749.15
1624,6,0,10,13.94,6725.01
2090,6,0,10,13.9198,6617.91
1497,6,0,10,13.9166,6601.29
2102,6,0,10,13.9147,6591.65
2089,6,0,10,13.9144,6589.99
1644,6,0,10,13.8957,6486.61
2088,6,0,10,13.8895,6455.32
2087,6,0,10,13.8766,6389.58
1445,6,0,10,13.8544,6273.14
1624,7,0,0,12.3187,302.839,0.104,453.617,0.08,1
2090,7,0,0,12.2983,194.986
1524,7,0,0,12.2892,100.283
2095,7,0,0,12.27,0
2090,7,0,1,12.4356,871.663,0.0353333,154.113,0.07,2
1524,7,0,1,12.4265,776.96
1624,7,0,1,12.4227,756.456
2124,7,0,2,12.483,1089.83,0.0435,189.734,0.02,3
2089,7,0,2,12.4798,1072.28
2102,7,0,2,12.4794,1070.24
1497,7,0,2,12.4782,1063.7
1660,7,0,2,12.4755,1049.05
2090,7,0,2,12.4709,1025.78
1655,7,0,3,12.6891,2191.22,0.0521667,227.535,0.27,4
1425,7,0,3,12.6521,1999.43
1430,7,0,3,12.6327,1901.64
1428,7,0,3,12.6192,1834.26
1426,7,0,3,12.6113,1794.82
2103,7,0,3,12.6053,1763.57
1677,7,0,3,12.6006,1740.79
1836,7,0,3,12.5939,1708.56
1834,7,0,3,12.5769,1619.69
1830,7,0,3,12.5689,1543.47
1828,7,0,3,12.56,1458.07
1449,7,0,3,12.5494,1405.2
1825,7,0,3,12.544,1378.17
2124,7,0,3,12.5265,1279.57
1101,7,0,4,12.9107,3255.49,0.0638333,278.422,0.11,5
1100,7,0,4,12.8957,3182.28
1102,7,0,4,12.8781,3098.81
2038,7,0,4,12.8681,3047.74
1124,7,0,4,12.8558,2986.79
1144,7,0,4,12.8474,2944.26
1191,7,0,4,12.8417,2913.64
1193,7,0,4,12.834,2874.38
1197,7,0,4,12.8143,2781.28
2058,7,0,4,12.8085,2752.2
2062,7,0,4,12.7961,2692.04
2077,7,0,4,12.7778,2598.37
2078,7,0,4,12.7689,2554.71
1823,7,0,4,12.7595,2507.42
2097,7,0,4,12.7466,2445.8
1655,7,0,4,12.7412,2418.75
2038,7,0,5,13.0091,3708.99,0.0538333,234.805,0.02,6
1102,7,0,5,12.9986,3655.63
1100,7,0,5,12.9858,3591.74
1101,7,0,5,12.9745,3533.91
2058,7,0,6,13.1244,4243.88,0.0933333,407.092,0.2,7
1197,7,0,6,13.1177,4211.11
1191,7,0,6,13.098,4114.06
1144,7,0,6,13.0871,4061.11
1124,7,0,6,13.0742,4000.73
2038,7,0,6,13.063,3943.79
2077,7,0,7,13.2491,4807.78,0.0361667,157.748,0,8
2062,7,0,7,13.2286,4704.66
2058,7,0,7,13.2177,4650.98
1658,7,0,8,13.3948,5524.57,0.0673333,293.688,0.46,9
1436,7,0,8,13.3904,5501.03
2101,7,0,8,13.387,5483.47
2083,7,0,8,13.3708,5401.1
1424,7,0,8,13.3389,5239.8
2121,7,0,8,13.3147,5114.92
2098,7,0,8,13.3062,5071.07
1823,7,0,8,13.3013,5046.75
2078,7,0,8,13.2941,5008.46
2077,7,0,8,13.2853,4965.53
1445,7,0,9,13.502,6024.22,0.105333,459.432,0.01,10
1444,7,0,9,13.4872,5946.09
1649,7,0,9,13.4849,5934.46
1658,7,0,9,13.4621,5818.26
2095,7,0,10,13.7172,7061.38,0,0,0
1524,7,0,10,13.6976,6959.66
1624,7,0,10,13.693,6935.52
2090,7,0,10,13.6727,6828.42
1497,7,0,10,13.6696,6811.79
2102,7,0,10,13.6676,6802.16
2089,7,0,10,13.6673,6800.5
1644,7,0,10,13.6486,6697.12
2088,7,0,10,13.6424,6665.83
2087,7,0,10,13.6296,6600.09
1445,7,0,10,13.6073,6483.65
1624,8,0,0,12.5787,302.839,0.104,453.617,0.08,1
2090,8,0,0,12.5583,194.986
1524,8,0,0,12.5492,100.283
2095,8,0,0,12.53,0
2124,8,0,1,12.7076,935.718,0.0435,189.734,0.02,2
2089,8,0,1,12.7044,918.162
2102,8,0,1,12.704,916.131
1497,8,0,1,12.7028,909.591
1660,8,0,1,12.7001,894.938
2090,8,0,1,12.6956,871.663
1524,8,0,1,12.6865,776.96
1624,8,0,1,12.6827,756.456
1445,8,0,2,12.8205,1485.28,0.0491667,214.45,0.02,3
2087,8,0,2,12.7953,1356.35
2088,8,0,2,12.7829,1292.27
1644,8,0,2,12.7779,1266.13
2089,8,0,2,12.7601,1166.67
2124,8,0,2,12.7511,1125.45
1655,8,0,3,12.9959,2343.34,0.0521667,227.535,0.27,4
2121,8,0,3,12.9937,2332.16
1424,8,0,3,12.968,2200.6
2083,8,0,3,12.9366,2041.66
2101,8,0,3,12.9231,1970.48
1658,8,0,3,12.9115,1913.9
1649,8,0,3,12.8875,1792.63
1444,8,0,3,12.8859,1783.96
1445,8,0,3,12.8697,1699.73
2077,8,0,4,13.0784,2724.49,0.0361667,157.748,0,5
2078,8,0,4,13.0696,2681.64
1823,8,0,4,13.0613,2638.4
2097,8,0,4,13.0522,2592.91
1655,8,0,4,13.048,2570.87
2058,8,0,5,13.1438,3030.23,0.0933333,407.092,0.2,6
2062,8,0,5,13.1327,2975.42
2077,8,0,5,13.1145,2882.23
1101,8,0,6,13.3367,3928.96,0.0546667,238.44,0.12,7
1100,8,0,6,13.3231,3861.7
1102,8,0,6,13.2995,3754.38
2038,8,0,6,13.2898,3704.36
1124,8,0,6,13.2771,3641.45
1144,8,0,6,13.2716,3611.47
1191,8,0,6,13.2646,3575.06
1193,8,0,6,13.2581,3540.84
1197,8,0,6,13.2429,3466.4
2058,8,0,6,13.2372,3437.32
2038,8,0,7,13.4263,4343.87,0.0538333,234.805,0.02,8
1102,8,0,7,13.4165,4293.44
1100,8,0,7,13.4023,4224.04
1101,8,0,7,13.3913,4167.4
1658,8,0,8,13.6487,5466.18,0.0673333,293.688,0.46,9
1436,8,0,8,13.6443,5442.65
2101,8,0,8,13.6409,5425.09
2083,8,0,8,13.6247,5342.71
1430,8,0,8,13.6098,5266.96
1428,8,0,8,13.5956,5196.87
1426,8,0,8,13.5876,5156.89
2103,8,0,8,13.5821,5127.67
2177,8,0,8,13.582,5127.31
1841,8,0,8,13.5819,5125.96
2060,8,0,8,13.545,4923.73
1551,8,0,8,13.5443,4919.56
1550,8,0,8,13.5435,4915.78
1196,8,0,8,13.5368,4872.18
1194,8,0,8,13.5366,4870.66
1190,8,0,8,13.5256,4805.2
1186,8,0,8,13.5106,4729.94
1187,8,0,8,13.508,4714.06
1124,8,0,8,13.4914,4635.61
2038,8,0,8,13.4801,4578.68
2095,8,0,9,13.8545,6486.31,0,0,0
1524,8,0,9,13.835,6384.59
1624,8,0,9,13.8303,6360.45
2090,8,0,9,13.81,6253.35
1497,8,0,9,13.8069,6236.72
2102,8,0,9,13.805,6227.09
2089,8,0,9,13.8046,6225.43
2124,8,0,9,13.798,6193.31
1826,8,0,9,13.7823,6118.24
1450,8,0,9,13.7799,6102.76
1829,8,0,9,13.775,6073.08
1447,8,0,9,13.7691,6038.7
1446,8,0,9,13.7586,5982.73
1648,8,0,9,13.7463,5913.62
1444,8,0,9,13.7411,5887.7
1649,8,0,9,13.7388,5876.07
1658,8,0,9,13.716,5759.87
2090,8,1,0,15.197,192.482,0.0666667,290.78,0.04,1
1524,8,1,0,15.1883,96.317
2095,8,1,0,15.17,0
2095,8,1,1,15.3061,707.482,0,0,0
1524,8,1,1,15.2888,615.255
1624,8,1,1,15.2855,596.858
2090,8,1,1,15.2637,483.262
1624,9,0,0,12.6187,302.839,0.104,453.617,0.08,1
2090,9,0,0,12.5983,194.986
1524,9,0,0,12.5892,100.283
2095,9,0,0,12.57,0
2124,9,0,1,12.7476,935.718,0.0435,189.734,0.02,2
2089,9,0,1,12.7444,918.162
2102,9,0,1,12.744,916.131
1497,9,0,1,12.7428,909.591
1660,9,0,1,12.7401,894.938
2090,9,0,1,12.7356,871.663
1524,9,0,1,12.7265,776.96
1624,9,0,1,12.7227,756.456
1655,9,0,2,12.9537,2037.1,0.0521667,227.535,0.27,3
1425,9,0,2,12.9168,1845.31
1430,9,0,2,12.8974,1747.53
1428,9,0,2,12.8838,1680.14
1426,9,0,2,12.876,1640.7
2103,9,0,2,12.87,1609.46
1677,9,0,2,12.8653,1586.67
1836,9,0,2,12.8585,1554.45
1834,9,0,2,12.8415,1465.58
1830,9,0,2,12.8336,1389.36
1828,9,0,2,12.8247,1303.95
1449,9,0,2,12.814,1251.09
1825,9,0,2,12.8087,1224.06
2124,9,0,2,12.7911,1125.45
2077,9,0,3,13.0362,2418.25,0.0361667,157.748,0,4
2078,9,0,3,13.0275,2375.4
1823,9,0,3,13.0191,2332.17
2097,9,0,3,13.0101,2286.68
1655,9,0,3,13.0059,2264.64
2058,9,0,4,13.1017,2724,0.0933333,407.092,0.2,5
2062,9,0,4,13.0905,2669.19
2077,9,0,4,13.0724,2576
2038,9,0,5,13.2477,3398.13,0.0538333,234.805,0.02,6
1124,9,0,5,13.2349,3335.22
1144,9,0,5,13.2294,3305.24
1191,9,0,5,13.2224,3268.83
1193,9,0,5,13.2159,3234.6
1197,9,0,5,13.2008,3160.17
2058,9,0,5,13.195,3131.09
1101,9,0,6,13.3483,3857.53,0.0546667,238.44,0.12,7
1100,9,0,6,13.3348,3790.27
1102,9,0,6,13.3112,3682.95
2038,9,0,6,13.3015,3632.93
1658,9,0,7,13.6065,5159.95,0.0673333,293.688,0.46,8
1436,9,0,7,13.6022,5136.41
2101,9,0,7,13.5987,5118.85
2083,9,0,7,13.5826,5036.48
1430,9,0,7,13.5677,4960.73
1428,9,0,7,13.5534,4890.64
1426,9,0,7,13.5455,4850.65
2103,9,0,7,13.5399,4821.43
2177,9,0,7,13.5399,4821.07
1841,9,0,7,13.5397,4819.72
2060,9,0,7,13.5028,4617.5
1551,9,0,7,13.5021,4613.33
1550,9,0,7,13.5013,4609.55
1196,9,0,7,13.4947,4565.95
1194,9,0,7,13.4945,4564.43
1190,9,0,7,13.4834,4498.97
1186,9,0,7,13.4684,4423.7
1187,9,0,7,13.4659,4407.82
1124,9,0,7,13.4493,4329.38
2038,9,0,7,13.438,4272.44
1102,9,0,7,13.4282,4222.01
1100,9,0,7,13.414,4152.61
1101,9,0,7,13.403,4095.97
1445,9,0,8,13.7137,5659.6,0.105333,459.432,0.01,9
1444,9,0,8,13.699,5581.47
1649,9,0,8,13.6966,5569.84
1658,9,0,8,13.6739,5453.63
2095,9,0,9,13.9289,6696.76,0,0,0
1524,9,0,9,13.9094,6595.04
1624,9,0,9,13.9047,6570.9
2090,9,0,9,13.8845,6463.8
1497,9,0,9,13.8813,6447.17
2102,9,0,9,13.8794,6437.54
2089,9,0,9,13.879,6435.88
1644,9,0,9,13.8603,6332.5
2088,9,0,9,13.8541,6301.21
2087,9,0,9,13.8413,6235.47
1445,9,0,9,13.819,6119.03
2090,9,1,0,15.467,192.482,0.0666667,290.78,0.04,1
1524,9,1,0,15.4583,96.317
2095,9,1,0,15.44,0
2095,9,1,1,15.5761,707.482,0,0,0
1524,9,1,1,15.5588,615.255
1624,9,1,1,15.5555,596.858
2090,9,1,1,15.5337,483.262
1624,10,0,0,12.3687,302.839,0.104,453.617,0.08,1
2090,10,0,0,12.3483,194.986
1524,10,0,0,12.3392,100.283
2095,10,0,0,12.32,0
2124,10,0,1,12.4976,935.718,0.0435,189.734,0.02,2
2089,10,0,1,12.4944,918.162
2102,10,0,1,12.494,916.131
1497,10,0,1,12.4928,909.591
1660,10,0,1,12.4901,894.938
2090,10,0,1,12.4856,871.663
1524,10,0,1,12.4765,776.96
1624,10,0,1,12.4727,756.456
1655,10,0,2,12.7037,2037.1,0.0521667,227.535,0.27,3
1425,10,0,2,12.6668,1845.31
1430,10,0,2,12.6474,1747.53
1428,10,0,2,12.6338,1680.14
1426,10,0,2,12.626,1640.7
2103,10,0,2,12.62,1609.46
1677,10,0,2,12.6153,1586.67
1836,10,0,2,12.6085,1554.45
1834,10,0,2,12.5915,1465.58
1830,10,0,2,12.5836,1389.36
1828,10,0,2,12.5747,1303.95
1449,10,0,2,12.564,1251.09
1825,10,0,2,12.5587,1224.06
2124,10,0,2,12.5411,1125.45
1101,10,0,3,12.9253,3101.38,0.0638333,278.422,0.11,4
1100,10,0,3,12.9104,3028.16
1102,10,0,3,12.8927,2944.7
2038,10,0,3,12.8828,2893.63
1124,10,0,3,12.8705,2832.68
1144,10,0,3,12.862,2790.15
1191,10,0,3,12.8564,2759.52
1193,10,0,3,12.8487,2720.27
1197,10,0,3,12.829,2627.16
2058,10,0,3,12.8232,2598.09
2062,10,0,3,12.8108,2537.93
2077,10,0,3,12.7925,2444.25
2078,10,0,3,12.7836,2400.59
1823,10,0,3,12.7742,2353.31
2097,10,0,3,12.7613,2291.69
1655,10,0,3,12.7559,2264.64
2038,10,0,4,13.0238,3554.88,0.0538333,234.805,0.02,5
1102,10,0,4,13.0133,3501.52
1100,10,0,4,13.0004,3437.63
1101,10,0,4,12.9892,3379.8
2058,10,0,5,13.1391,4089.77,0.0933333,407.092,0.2,6
1197,10,0,5,13.1324,4057
1191,10,0,5,13.1127,3959.95
1144,10,0,5,13.1017,3906.99
1124,10,0,5,13.0889,3846.61
2038,10,0,5,13.0776,3789.68
2077,10,0,6,13.2638,4653.67,0.0361667,157.748,0,7
2062,10,0,6,13.2433,4550.55
2058,10,0,6,13.2324,4496.86
1658,10,0,7,13.4095,5370.45,0.0673333,293.688,0.46,8
1436,10,0,7,13.4051,5346.92
2101,10,0,7,13.4016,5329.36
2083,10,0,7,13.3855,5246.99
1424,10,0,7,13.3535,5085.69
2121,10,0,7,13.3294,4960.81
2098,10,0,7,13.3208,4916.96
1823,10,0,7,13.3159,4892.63
2078,10,0,7,13.3087,4854.34
2077,10,0,7,13.3,4811.42
1445,10,0,8,13.5166,5870.11,0.105333,459.432,0.01,9
1444,10,0,8,13.5019,5791.97
1649,10,0,8,13.4996,5780.35
1658,10,0,8,13.4768,5664.14
2095,10,0,9,13.7318,6907.27,0,0,0
1524,10,0,9,13.7123,6805.55
1624,10,0,9,13.7076,6781.4
2090,10,0,9,13.6874,6674.31
1497,10,0,9,13.6842,6657.68
2102,10,0,9,13.6823,6648.04
2089,10,0,9,13.682,6646.38
1644,10,0,9,13.6633,6543
2088,10,0,9,13.657,6511.71
2087,10,0,9,13.6442,6445.98
1445,10,0,9,13.622,6329.54
2090,10,1,0,15.307,192.482,0.0666667,290.78,0.04,1
1524,10,1,0,15.2983,96.317
2095,10,1,0,15.28,0
2095,10,1,1,15.4161,707.482,0,0,0
1524,10,1,1,15.3988,615.255
1624,10,1,1,15.3955,596.858
2090,10,1,1,15.3737,483.262
1624,11,0,0,12.5387,302.839,0.104,453.617,0.08,1
2090,11,0,0,12.5183,194.986
1524,11,0,0,12.5092,100.283
2095,11,0,0,12.49,0
2124,11,0,1,12.6676,935.718,0.0435,189.734,0.02,2
2089,11,0,1,12.6644,918.162
2102,11,0,1,12.664,916.131
1497,11,0,1,12.6628,909.591
1660,11,0,1,12.6601,894.938
2090,11,0,1,12.6556,871.663
1524,11,0,1,12.6465,776.96
1624,11,0,1,12.6427,756.456
1445,11,0,2,12.7805,1485.28,0.0491667,214.45,0.02,3
2087,11,0,2,12.7553,1356.35
2088,11,0,2,12.7429,1292.27
1644,11,0,2,12.7379,1266.13
2089,11,0,2,12.7201,1166.67
2124,11,0,2,12.7111,1125.45
1655,11,0,3,12.9559,2343.34,0.0521667,227.535,0.27,4
2121,11,0,3,12.9537,2332.16
1424,11,0,3,12.928,2200.6
2083,11,0,3,12.8966,2041.66
2101,11,0,3,12.8831,1970.48
1658,11,0,3,12.8715,1913.9
1649,11,0,3,12.8475,1792.63
1444,11,0,3,12.8459,1783.96
1445,11,0,3,12.8297,1699.73
2077,11,0,4,13.0384,2724.49,0.0361667,157.748,0,5
2078,11,0,4,13.0296,2681.64
1823,11,0,4,13.0213,2638.4
2097,11,0,4,13.0122,2592.91
1655,11,0,4,13.008,2570.87
2058,11,0,5,13.1038,3030.23,0.0933333,407.092,0.2,6
2062,11,0,5,13.0927,2975.42
2077,11,0,5,13.0745,2882.23
1101,11,0,6,13.2967,3928.96,0.0546667,238.44,0.12,7
1100,11,0,6,13.2831,3861.7
1102,11,0,6,13.2595,3754.38
2038,11,0,6,13.2498,3704.36
1124,11,0,6,13.2371,3641.45
1144,11,0,6,13.2316,3611.47
1191,11,0,6,13.2246,3575.06
1193,11,0,6,13.2181,3540.84
1197,11,0,6,13.2029,3466.4
2058,11,0,6,13.1972,3437.32
2038,11,0,7,13.3863,4343.87,0.0538333,234.805,0.02,8
1102,11,0,7,13.3765,4293.44
1100,11,0,7,13.3623,4224.04
1101,11,0,7,13.3513,4167.4
2095,11,0,8,13.6611,5789.63,0,0,0
1524,11,0,8,13.6416,5687.9
1624,11,0,8,13.6369,5663.76
2090,11,0,8,13.6167,5556.66
1497,11,0,8,13.6135,5540.04
2102,11,0,8,13.6116,5530.4
2089,11,0,8,13.6113,5528.74
2124,11,0,8,13.6046,5496.62
1826,11,0,8,13.5889,5421.56
1450,11,0,8,13.5865,5406.07
1829,11,0,8,13.5816,5376.39
1447,11,0,8,13.5757,5342.01
1832,11,0,8,13.5663,5287.6
1833,11,0,8,13.5577,5214.62
1835,11,0,8,13.5474,5156.56
2103,11,0,8,13.5421,5127.67
2177,11,0,8,13.542,5127.31
1841,11,0,8,13.5419,5125.96
2060,11,0,8,13.505,4923.73
1551,11,0,8,13.5043,4919.56
1550,11,0,8,13.5035,4915.78
1196,11,0,8,13.4968,4872.18
1194,11,0,8,13.4966,4870.66
1190,11,0,8,13.4856,4805.2
1186,11,0,8,13.4706,4729.94
1187,11,0,8,13.468,4714.06
1124,11,0,8,13.4514,4635.61
2038,11,0,8,13.4401,4578.68
2090,11,1,0,15.387,192.482,0.0666667,290.78,0.04,1
1524,11,1,0,15.3783,96.317
2095,11,1,0,15.36,0
1658,11,1,1,15.564,1059.97,0.09,392.553,0.43,2
1649,11,1,1,15.5417,945.697
1444,11,1,1,15.5401,936.948
1445,11,1,1,15.524,853.305
2087,11,1,1,15.5038,745.449
2088,11,1,1,15.4918,683.135
1644,11,1,1,15.4861,654.019
2089,11,1,1,15.4625,529.75
2102,11,1,1,15.4621,527.719
1497,11,1,1,15.4608,520.684
1660,11,1,1,15.4582,506.537
2090,11,1,1,15.4537,483.262
2095,11,1,2,15.805,2231.21,0,0,0
1524,11,1,2,15.7877,2138.98
1624,11,1,2,15.7844,2120.58
2090,11,1,2,15.7626,2006.99
1497,11,1,2,15.7592,1989.21
2102,11,1,2,15.7573,1979.58
2089,11,1,2,15.757,1978.29
2124,11,1,2,15.7465,1930.89
1826,11,1,2,15.7384,1887.17
1450,11,1,2,15.736,1871.62
1829,11,1,2,15.7307,1841.48
1447,11,1,2,15.7252,1807.53
1446,11,1,2,15.7119,1739.76
1648,11,1,2,15.6901,1630.46
1444,11,1,2,15.6856,1607.17
1649,11,1,2,15.6833,1595.54
1658,11,1,2,15.654,1452.53
1624,12,0,0,12.2887,302.839,0.104,453.617,0.08,1
2090,12,0,0,12.2683,194.986
1524,12,0,0,12.2592,100.283
2095,12,0,0,12.24,0
2124,12,0,1,12.4176,935.718,0.0435,189.734,0.02,2
2089,12,0,1,12.4144,918.162
2102,12,0,1,12.414,916.131
1497,12,0,1,12.4128,909.591
1660,12,0,1,12.4101,894.938
2090,12,0,1,12.4056,871.663
1524,12,0,1,12.3965,776.96
1624,12,0,1,12.3927,756.456
1445,12,0,2,12.5305,1485.28,0.0491667,214.45,0.02,3
2087,12,0,2,12.5053,1356.35
2088,12,0,2,12.4929,1292.27
1644,12,0,2,12.4879,1266.13
2089,12,0,2,12.4701,1166.67
2124,12,0,2,12.4611,1125.45
1655,12,0,3,12.7059,2343.34,0.0521667,227.535,0.27,4
2121,12,0,3,12.7037,2332.16
1424,12,0,3,12.678,2200.6
2083,12,0,3,12.6466,2041.66
2101,12,0,3,12.6331,1970.48
1658,12,0,3,12.6215,1913.9
1649,12,0,3,12.5975,1792.63
1444,12,0,3,12.5959,1783.96
1445,12,0,3,12.5797,1699.73
1101,12,0,4,12.9275,3407.61,0.0638333,278.422,0.11,5
1100,12,0,4,12.9125,3334.4
1102,12,0,4,12.8949,3250.94
2038,12,0,4,12.8849,3199.86
1124,12,0,4,12.8727,3138.91
1144,12,0,4,12.8642,3096.38
1191,12,0,4,12.8586,3065.76
1193,12,0,4,12.8509,3026.5
1197,12,0,4,12.8311,2933.4
2058,12,0,4,12.8253,2904.32
2062,12,0,4,12.8129,2844.16
2077,12,0,4,12.7946,2750.49
2078,12,0,4,12.7857,2706.83
1823,12,0,4,12.7764,2659.54
2097,12,0,4,12.7634,2597.92
1655,12,0,4,12.758,2570.87
2038,12,0,5,13.026,3861.11,0.0538333,234.805,0.02,6
1102,12,0,5,13.0155,3807.75
1100,12,0,5,13.0026,3743.86
1101,12,0,5,12.9913,3686.03
2058,12,0,6,13.1412,4396,0.0933333,407.092,0.2,7
1197,12,0,6,13.1346,4363.23
1191,12,0,6,13.1149,4266.18
1144,12,0,6,13.1039,4213.23
1124,12,0,6,13.0911,4152.85
2038,12,0,6,13.0798,4095.91
2077,12,0,7,13.266,4959.9,0.0361667,157.748,0,8
2062,12,0,7,13.2454,4856.78
2058,12,0,7,13.2346,4803.1
2095,12,0,8,13.4868,6111.29,0,0,0
1524,12,0,8,13.4673,6009.56
1624,12,0,8,13.4626,5985.42
2090,12,0,8,13.4424,5878.32
1497,12,0,8,13.4392,5861.69
2102,12,0,8,13.4373,5852.06
2089,12,0,8,13.437,5850.4
2124,12,0,8,13.4303,5818.28
1826,12,0,8,13.4146,5743.22
1450,12,0,8,13.4122,5727.73
1829,12,0,8,13.4073,5698.05
1447,12,0,8,13.4014,5663.67
1832,12,0,8,13.392,5609.26
1833,12,0,8,13.3834,5536.27
1835,12,0,8,13.3731,5478.22
2103,12,0,8,13.3678,5449.32
2177,12,0,8,13.3677,5448.96
1841,12,0,8,13.3676,5447.62
1554,12,0,8,13.3615,5415.33
1416,12,0,8,13.36,5407.5
1415,12,0,8,13.3419,5318.83
2097,12,0,8,13.3284,5250.25
2098,12,0,8,13.323,5223.19
1823,12,0,8,13.3181,5198.87
2078,12,0,8,13.3109,5160.58
2077,12,0,8,13.3021,5117.65
2090,12,1,0,15.457,192.482,0.0666667,290.78,0.04,1
1524,12,1,0,15.4483,96.317
2095,12,1,0,15.43,0
1658,12,1,1,15.634,1059.97,0.09,392.553,0.43,2
1649,12,1,1,15.6117,945.697
1444,12,1,1,15.6101,936.948
1445,12,1,1,15.594,853.305
2087,12,1,1,15.5738,745.449
2088,12,1,1,15.5618,683.135
1644,12,1,1,15.5561,654.019
2089,12,1,1,15.5325,529.75
2102,12,1,1,15.5321,527.719
1497,12,1,1,15.5308,520.684
1660,12,1,1,15.5282,506.537
2090,12,1,1,15.5237,483.262
2095,12,1,2,15.875,2231.21,0,0,0
1524,12,1,2,15.8577,2138.98
1624,12,1,2,15.8544,2120.58
2090,12,1,2,15.8326,2006.99
1497,12,1,2,15.8292,1989.21
2102,12,1,2,15.8273,1979.58
2089,12,1,2,15.827,1978.29
2124,12,1,2,15.8165,1930.89
1826,12,1,2,15.8084,1887.17
1450,12,1,2,15.806,1871.62
1829,12,1,2,15.8007,1841.48
1447,12,1,2,15.7952,1807.53
1446,12,1,2,15.7819,1739.76
1648,12,1,2,15.7601,1630.46
1444,12,1,2,15.7556,1607.17
1649,12,1,2,15.7533,1595.54
1658,12,1,2,15.724,1452.53
1624,13,0,0,12.3487,302.839,0.104,453.617,0.08,1
2090,13,0,0,12.3283,194.986
1524,13,0,0,12.3192,100.283
2095,13,0,0,12.3,0
2124,13,0,1,12.4776,935.718,0.0435,189.734,0.02,2
2089,13,0,1,12.4744,918.162
2102,13,0,1,12.474,916.131
1497,13,0,1,12.4728,909.591
1660,13,0,1,12.4701,894.938
2090,13,0,1,12.4656,871.663
1524,13,0,1,12.4565,776.96
1624,13,0,1,12.4527,756.456
1655,13,0,2,12.6837,2037.1,0.0521667,227.535,0.27,3
1425,13,0,2,12.6468,1845.31
1430,13,0,2,12.6274,1747.53
1428,13,0,2,12.6138,1680.14
1426,13,0,2,12.606,1640.7
2103,13,0,2,12.6,1609.46
1677,13,0,2,12.5953,1586.67
1836,13,0,2,12.5885,1554.45
1834,13,0,2,12.5715,1465.58
1830,13,0,2,12.5636,1389.36
1828,13,0,2,12.5547,1303.95
1449,13,0,2,12.544,1251.09
1825,13,0,2,12.5387,1224.06
2124,13,0,2,12.5211,1125.45
1101,13,0,3,12.9053,3101.38,0.0638333,278.422,0.11,4
1100,13,0,3,12.8904,3028.16
1102,13,0,3,12.8727,2944.7
2038,13,0,3,12.8628,2893.63
1124,13,0,3,12.8505,2832.68
1144,13,0,3,12.842,2790.15
1191,13,0,3,12.8364,2759.52
1193,13,0,3,12.8287,2720.27
1197,13,0,3,12.809,2627.16
2058,13,0,3,12.8032,2598.09
2062,13,0,3,12.7908,2537.93
2077,13,0,3,12.7725,2444.25
2078,13,0,3,12.7636,2400.59
1823,13,0,3,12.7542,2353.31
2097,13,0,3,12.7413,2291.69
1655,13,0,3,12.7359,2264.64
2038,13,0,4,13.0038,3554.88,0.0538333,234.805,0.02,5
1102,13,0,4,12.9933,3501.52
1100,13,0,4,12.9804,3437.63
1101,13,0,4,12.9692,3379.8
2058,13,0,5,13.1191,4089.77,0.0933333,407.092,0.2,6
1197,13,0,5,13.1124,4057
1191,13,0,5,13.0927,3959.95
1144,13,0,5,13.0817,3906.99
1124,13,0,5,13.0689,3846.61
2038,13,0,5,13.0576,3789.68
2077,13,0,6,13.2438,4653.67,0.0361667,157.748,0,7
2062,13,0,6,13.2233,4550.55
2058,13,0,6,13.2124,4496.86
1445,13,0,7,13.4212,5545.41,0.105333,459.432,0.01,8
1444,13,0,7,13.4065,5467.28
1649,13,0,7,13.4041,5455.65
1437,13,0,7,13.3895,5381.25
1443,13,0,7,13.3786,5320.61
1831,13,0,7,13.3667,5262.81
1833,13,0,7,13.3612,5230.04
1835,13,0,7,13.3509,5171.98
2103,13,0,7,13.3456,5143.09
2177,13,0,7,13.3456,5142.73
1841,13,0,7,13.3454,5141.38
1554,13,0,7,13.3394,5109.1
1416,13,0,7,13.3378,5101.27
1415,13,0,7,13.3197,5012.6
2097,13,0,7,13.3062,4944.02
2098,13,0,7,13.3008,4916.96
1823,13,0,7,13.2959,4892.63
2078,13,0,7,13.2887,4854.34
2077,13,0,7,13.28,4811.42
2095,13,0,8,13.6364,6582.58,0,0,0
1524,13,0,8,13.6169,6480.85
1624,13,0,8,13.6122,6456.71
2090,13,0,8,13.592,6349.61
1497,13,0,8,13.5888,6332.99
2102,13,0,8,13.5869,6323.35
2089,13,0,8,13.5865,6321.69
1644,13,0,8,13.5678,6218.31
2088,13,0,8,13.5616,6187.02
2087,13,0,8,13.5488,6121.28
1445,13,0,8,13.5265,6004.85
2090,13,1,0,15.477,192.482,0.0666667,290.78,0.04,1
1524,13,1,0,15.4683,96.317
2095,13,1,0,15.45,0
1658,13,1,1,15.654,1059.97,0.09,392.553,0.43,2
1649,13,1,1,15.6317,945.697
1444,13,1,1,15.6301,936.948
1445,13,1,1,15.614,853.305
2087,13,1,1,15.5938,745.449
2088,13,1,1,15.5818,683.135
1644,13,1,1,15.5761,654.019
2089,13,1,1,15.5525,529.75
2102,13,1,1,15.5521,527.719
1497,13,1,1,15.5508,520.684
1660,13,1,1,15.5482,506.537
2090,13,1,1,15.5437,483.262
2095,13,1,2,15.895,2231.21,0,0,0
1524,13,1,2,15.8777,2138.98
1624,13,1,2,15.8744,2120.58
2090,13,1,2,15.8526,2006.99
1497,13,1,2,15.8492,1989.21
2102,13,1,2,15.8473,1979.58
2089,13,1,2,15.847,1978.29
2124,13,1,2,15.8365,1930.89
1826,13,1,2,15.8284,1887.17
1450,13,1,2,15.826,1871.62
1829,13,1,2,15.8207,1841.48
1447,13,1,2,15.8152,1807.53
1446,13,1,2,15.8019,1739.76
1648,13,1,2,15.7801,1630.46
1444,13,1,2,15.7756,1607.17
1649,13,1,2,15.7733,1595.54
1658,13,1,2,15.744,1452.53
1624,14,0,0,12.4587,302.839,0.104,453.617,0.08,1
2090,14,0,0,12.4383,194.986
1524,14,0,0,12.4292,100.283
2095,14,0,0,12.41,0
2124,14,0,1,12.5876,935.718,0.0435,189.734,0.02,2
2089,14,0,1,12.5844,918.162
2102,14,0,1,12.584,916.131
1497,14,0,1,12.5828,909.591
1660,14,0,1,12.5801,894.938
2090,14,0,1,12.5756,871.663
1524,14,0,1,12.5665,776.96
1624,14,0,1,12.5627,756.456
1101,14,0,2,12.9134,2658.15,0.0638333,278.422,0.11,3
1083,14,0,2,12.9018,2600.29
1105,14,0,2,12.8855,2517.31
1104,14,0,2,12.8638,2407.34
1183,14,0,2,12.8611,2390.71
1184,14,0,2,12.8545,2356.93
1663,14,0,2,12.8396,2285.61
1189,14,0,2,12.8298,2236.82
1194,14,0,2,12.8159,2158.85
1196,14,0,2,12.8156,2157.26
1550,14,0,2,12.8089,2118.63
2060,14,0,2,12.8034,2092.01
1843,14,0,2,12.747,1803.13
1840,14,0,2,12.7177,1649.66
1839,14,0,2,12.7095,1608.49
1677,14,0,2,12.7053,1586.67
1836,14,0,2,12.6985,1554.45
1834,14,0,2,12.6815,1465.58
1830,14,0,2,12.6736,1389.36
1828,14,0,2,12.6647,1303.95
1449,14,0,2,12.654,1251.09
1825,14,0,2,12.6487,1224.06
2124,14,0,2,12.6311,1125.45
2038,14,0,3,13.0119,3111.65,0.0538333,234.805,0.02,4
1102,14,0,3,13.0014,3058.29
1100,14,0,3,12.9886,2994.4
1101,14,0,3,12.9773,2936.57
2058,14,0,4,13.1272,3646.54,0.0933333,407.092,0.2,5
1197,14,0,4,13.1205,3613.77
1191,14,0,4,13.1008,3516.72
1144,14,0,4,13.0899,3463.77
1124,14,0,4,13.077,3403.39
2038,14,0,4,13.0657,3346.45
2077,14,0,5,13.2519,4210.44,0.0361667,157.748,0,6
2062,14,0,5,13.2314,4107.32
2058,14,0,5,13.2205,4053.64
1445,14,0,6,13.4293,5102.19,0.105333,459.432,0.01,7
1444,14,0,6,13.4146,5024.05
1649,14,0,6,13.4123,5012.43
1437,14,0,6,13.3976,4938.02
1443,14,0,6,13.3867,4877.38
1831,14,0,6,13.3748,4819.59
1833,14,0,6,13.3693,4786.81
1835,14,0,6,13.359,4728.76
2103,14,0,6,13.3537,4699.86
2177,14,0,6,13.3537,4699.51
1841,14,0,6,13.3535,4698.16
1554,14,0,6,13.3475,4665.87
1416,14,0,6,13.3459,4658.04
1415,14,0,6,13.3278,4569.37
2097,14,0,6,13.3144,4500.79
2098,14,0,6,13.3089,4473.73
1823,14,0,6,13.3041,4449.41
2078,14,0,6,13.2968,4411.12
2077,14,0,6,13.2881,4368.19
2095,14,0,7,13.6445,6139.35,0,0,0
1524,14,0,7,13.625,6037.63
1624,14,0,7,13.6203,6013.48
2090,14,0,7,13.6001,5906.39
1497,14,0,7,13.5969,5889.76
2102,14,0,7,13.595,5880.12
2089,14,0,7,13.5947,5878.46
1644,14,0,7,13.576,5775.08
2088,14,0,7,13.5697,5743.79
2087,14,0,7,13.5569,5678.06
1445,14,0,7,13.5346,5561.62
2090,14,1,0,15.207,192.482,0.0666667,290.78,0.04,1
1524,14,1,0,15.1983,96.317
2095,14,1,0,15.18,0
1658,14,1,1,15.384,1059.97,0.09,392.553,0.43,2
1649,14,1,1,15.3617,945.697
1444,14,1,1,15.3601,936.948
1445,14,1,1,15.344,853.305
2087,14,1,1,15.3238,745.449
2088,14,1,1,15.3118,683.135
1644,14,1,1,15.3061,654.019
2089,14,1,1,15.2825,529.75
2102,14,1,1,15.2821,527.719
1497,14,1,1,15.2808,520.684
1660,14,1,1,15.2782,506.537
2090,14,1,1,15.2737,483.262
1655,14,1,2,15.5619,1896.56,0.0378333,165.018,0.26,3
2121,14,1,2,15.559,1882.36
1424,14,1,2,15.534,1754
2083,14,1,2,15.503,1596.87
2101,14,1,2,15.4844,1504.24
1658,14,1,2,15.474,1452.53
2095,14,1,3,15.7534,2906.1,0,0,0
1524,14,1,3,15.7361,2813.87
1624,14,1,3,15.7328,2795.47
2090,14,1,3,15.711,2681.88
1497,14,1,3,15.7076,2664.1
2102,14,1,3,15.7056,2654.47
2089,14,1,3,15.7054,2653.18
2124,14,1,3,15.6949,2605.78
1826,14,1,3,15.6867,2562.06
1450,14,1,3,15.6843,2546.51
1829,14,1,3,15.6791,2516.37
1832,14,1,3,15.6645,2429.02
1833,14,1,3,15.6556,2356.32
1835,14,1,3,15.6446,2295.17
2103,14,1,3,15.6387,2263.72
2177,14,1,3,15.6387,2263.36
1841,14,1,3,15.6385,2262.01
1554,14,1,3,15.6319,2227.11
1416,14,1,3,15.6303,2219.28
1415,14,1,3,15.616,2146.36
2097,14,1,3,15.6043,2085.14
1655,14,1,3,15.5997,2061.58
