Node, Individual, Route,Segment, Travel time, Travel cost, Attention time, Attention cost, Failure rate, Demand
943,0,0,0,10.1911,1008.29,0.0575,250.798,0.09,1
934,0,0,0,10.1818,958.471
933,0,0,0,10.173,911.022
936,0,0,0,10.1724,908.082
1737,0,0,0,10.1589,836.185
917,0,0,0,10.1454,766.637
916,0,0,0,10.1452,765.73
906,0,0,0,10.1187,630.162
889,0,0,0,10.1079,573.979
890,0,0,0,10.1022,542.289
2013,0,0,0,10.0796,425.539
1988,0,0,0,10.0589,318.598
416,0,0,0,10.0398,221.918
2139,0,0,0,10.0352,197.608
2138,0,0,0,10.0161,93.3215
411,0,0,0,10.0027,19.0468
412,0,0,0,10,0
1589,0,0,1,10.4671,2425.16,0.0523333,228.262,0.28,2
1560,0,0,1,10.433,2242.62
1321,0,0,1,10.4076,2110.94
1562,0,0,1,10.394,2036.87
1563,0,0,1,10.3596,1852.2
2164,0,0,1,10.3477,1789.13
1313,0,0,1,10.3257,1669.67
1309,0,0,1,10.3173,1621.33
1314,0,0,1,10.3167,1618.46
2163,0,0,1,10.301,1534.44
2023,0,0,1,10.2723,1381.47
1787,0,0,1,10.2646,1341.92
2020,0,0,1,10.2494,1263.02
943,0,0,1,10.2486,1259.08
948,0,0,2,10.6902,3562.91,0.0538333,234.805,0.41,3
1598,0,0,2,10.6784,3507.34
2025,0,0,2,10.6742,3484.71
2024,0,0,2,10.6597,3406.37
1301,0,0,2,10.648,3344.34
1306,0,0,2,10.6355,3276.12
1312,0,0,2,10.6354,3275.76
1602,0,0,2,10.6082,3128.37
1320,0,0,2,10.5926,3047.15
1321,0,0,2,10.5773,2960.94
1560,0,0,2,10.5559,2846.2
1589,0,0,2,10.5194,2653.42
465,0,0,3,11.0382,5314.08,0.111333,485.602,0.18,4
379,0,0,3,11.0241,5245.48
380,0,0,3,11.0174,5213.26
386,0,0,3,11.0069,5162.33
387,0,0,3,10.9835,5050.74
396,0,0,3,10.9815,5037.12
395,0,0,3,10.9768,5013.54
403,0,0,3,10.9595,4922.03
406,0,0,3,10.9447,4852.41
407,0,0,3,10.939,4824.08
424,0,0,3,10.9208,4729.36
426,0,0,3,10.9173,4711.24
425,0,0,3,10.9136,4691.17
420,0,0,3,10.9035,4637.61
421,0,0,3,10.8983,4608.54
417,0,0,3,10.8935,4582.44
1989,0,0,3,10.8762,4493.05
2011,0,0,3,10.8567,4392.53
2156,0,0,3,10.8518,4366.67
2013,0,0,3,10.8511,4363.51
886,0,0,3,10.8413,4313.84
888,0,0,3,10.8242,4219.52
903,0,0,3,10.8146,4167.47
904,0,0,3,10.8113,4149.56
925,0,0,3,10.7894,4028.4
2019,0,0,3,10.7819,3992.58
929,0,0,3,10.7815,3990.59
928,0,0,3,10.7576,3868.97
948,0,0,3,10.744,3797.72
141,0,0,4,11.244,6310.34,0.0505,220.266,0.03,5
142,0,0,4,11.2299,6231.1
362,0,0,4,11.2208,6181.28
363,0,0,4,11.208,6107.32
367,0,0,4,11.1946,6034.88
368,0,0,4,11.1926,6021.42
372,0,0,4,11.1801,5954.21
460,0,0,4,11.1743,5919.67
464,0,0,4,11.1571,5836.49
465,0,0,4,11.1495,5799.69
1972,0,0,5,11.4441,7370.7,0.0608333,265.337,0.08,6
148,0,0,5,11.4175,7230.87
149,0,0,5,11.4135,7210.38
161,0,0,5,11.3993,7130.18
167,0,0,5,11.3822,7019.35
172,0,0,5,11.366,6921.9
1535,0,0,5,11.3564,6870.29
177,0,0,5,11.3461,6816.14
184,0,0,5,11.3257,6704.81
141,0,0,5,11.2945,6530.6
1979,0,0,6,11.8274,9413.21,0.0433333,189.007,0.09,7
1978,0,0,6,11.7863,9183.96
107,0,0,6,11.778,9130.05
1967,0,0,6,11.775,9101.34
105,0,0,6,11.7502,8952.85
124,0,0,6,11.7368,8878.06
1970,0,0,6,11.721,8784.97
122,0,0,6,11.7081,8719.7
127,0,0,6,11.6728,8529.06
128,0,0,6,11.6685,8507.87
1717,0,0,6,11.64,8356.83
129,0,0,6,11.6174,8231.71
130,0,0,6,11.6097,8192.7
1726,0,0,6,11.603,8155.42
1723,0,0,6,11.5925,8098.37
2104,0,0,6,11.5827,8049.15
1724,0,0,6,11.5622,7939.03
1725,0,0,6,11.5597,7925.41
1727,0,0,6,11.5425,7831.26
149,0,0,6,11.5415,7821.64
148,0,0,6,11.5368,7797.85
1972,0,0,6,11.505,7636.04
294,0,0,7,12.0067,10350.7,0.0338333,147.571,0.48,8
295,0,0,7,11.9849,10237.6
338,0,0,7,11.9713,10161.8
339,0,0,7,11.9659,10124.8
342,0,0,7,11.9504,10039.5
343,0,0,7,11.9399,9984.69
344,0,0,7,11.9128,9850.29
1819,0,0,7,11.8995,9756.77
335,0,0,7,11.8945,9727.82
2114,0,0,7,11.8792,9647.02
329,0,0,7,11.8766,9631.96
1979,0,0,7,11.8707,9602.22
2008,0,0,8,12.1937,11335.5,0.0393333,171.56,0.02,9
2152,0,0,8,12.1869,11298.6
820,0,0,8,12.1709,11215.1
819,0,0,8,12.154,11126.6
818,0,0,8,12.1418,11058.3
817,0,0,8,12.1324,11006.1
780,0,0,8,12.117,10917.4
778,0,0,8,12.0984,10813.3
2148,0,0,8,12.0978,10810.4
312,0,0,8,12.0977,10810
313,0,0,8,12.0907,10771.3
306,0,0,8,12.0765,10695.5
297,0,0,8,12.0698,10658.5
305,0,0,8,12.0517,10561
294,0,0,8,12.0406,10498.2
810,0,0,9,12.3017,11872.2,0.0375,163.564,0.29,10
813,0,0,9,12.2912,11821.4
809,0,0,9,12.2643,11686.7
808,0,0,9,12.2551,11637.9
807,0,0,9,12.2459,11589.7
812,0,0,9,12.2457,11588.9
2008,0,0,9,12.233,11507.1
412,0,0,10,12.4552,12637.9,0,0,0
398,0,0,10,12.441,12559.9
410,0,0,10,12.4407,12558.6
409,0,0,10,12.4246,12474.9
1985,0,0,10,12.4101,12397.6
881,0,0,10,12.3803,12241.2
814,0,0,10,12.36,12136.5
810,0,0,10,12.3392,12035.8
943,1,0,0,10.4811,1008.29,0.0575,250.798,0.09,1
934,1,0,0,10.4718,958.471
933,1,0,0,10.463,911.022
936,1,0,0,10.4624,908.082
1737,1,0,0,10.4489,836.185
917,1,0,0,10.4354,766.637
916,1,0,0,10.4352,765.73
906,1,0,0,10.4087,630.162
889,1,0,0,10.3979,573.979
890,1,0,0,10.3922,542.289
2013,1,0,0,10.3696,425.539
1988,1,0,0,10.3489,318.598
416,1,0,0,10.3298,221.918
2139,1,0,0,10.3252,197.608
2138,1,0,0,10.3061,93.3215
411,1,0,0,10.2927,19.0468
412,1,0,0,10.29,0
1589,1,0,1,10.7571,2425.16,0.0523333,228.262,0.28,2
1560,1,0,1,10.723,2242.62
1321,1,0,1,10.6976,2110.94
1562,1,0,1,10.684,2036.87
1563,1,0,1,10.6496,1852.2
2164,1,0,1,10.6377,1789.13
1313,1,0,1,10.6157,1669.67
1309,1,0,1,10.6073,1621.33
1314,1,0,1,10.6067,1618.46
2163,1,0,1,10.591,1534.44
2023,1,0,1,10.5623,1381.47
1787,1,0,1,10.5546,1341.92
2020,1,0,1,10.5394,1263.02
943,1,0,1,10.5386,1259.08
948,1,0,2,10.9802,3562.91,0.0538333,234.805,0.41,3
1598,1,0,2,10.9684,3507.34
2025,1,0,2,10.9642,3484.71
2024,1,0,2,10.9497,3406.37
1301,1,0,2,10.938,3344.34
1306,1,0,2,10.9255,3276.12
1312,1,0,2,10.9254,3275.76
1602,1,0,2,10.8982,3128.37
1320,1,0,2,10.8826,3047.15
1321,1,0,2,10.8673,2960.94
1560,1,0,2,10.8459,2846.2
1589,1,0,2,10.8094,2653.42
465,1,0,3,11.3233,5292.66,0.111333,485.602,0.18,4
379,1,0,3,11.3127,5238.64
380,1,0,3,11.306,5206.41
386,1,0,3,11.2956,5155.48
387,1,0,3,11.2729,5047.13
396,1,0,3,11.2709,5033.51
395,1,0,3,11.2661,5009.5
403,1,0,3,11.2479,4914.31
406,1,0,3,11.2331,4844.7
407,1,0,3,11.2283,4819.78
424,1,0,3,11.2091,4720.98
426,1,0,3,11.2067,4707.29
420,1,0,3,11.1938,4639.59
421,1,0,3,11.1892,4612.06
417,1,0,3,11.1848,4588.18
1989,1,0,3,11.1679,4500.16
2011,1,0,3,11.1476,4396.32
2156,1,0,3,11.141,4363.41
2013,1,0,3,11.1403,4360.25
886,1,0,3,11.1308,4312.07
888,1,0,3,11.1144,4220.6
903,1,0,3,11.105,4169.1
904,1,0,3,11.1009,4148.07
925,1,0,3,11.0797,4030.11
2019,1,0,3,11.0744,4003.25
929,1,0,3,11.074,4001.26
928,1,0,3,11.0494,3876.54
948,1,0,3,11.034,3797.72
141,1,0,4,11.5291,6288.91,0.0505,220.266,0.03,5
142,1,0,4,11.515,6209.68
362,1,0,4,11.5059,6159.86
363,1,0,4,11.4932,6085.9
367,1,0,4,11.4797,6013.46
368,1,0,4,11.4777,6000
372,1,0,4,11.4652,5932.79
460,1,0,4,11.4594,5898.25
464,1,0,4,11.4423,5815.07
465,1,0,4,11.4346,5778.27
1972,1,0,5,11.7292,7349.28,0.0608333,265.337,0.08,6
148,1,0,5,11.7026,7209.45
149,1,0,5,11.6986,7188.96
161,1,0,5,11.6844,7108.76
167,1,0,5,11.6673,6997.93
172,1,0,5,11.6511,6900.48
1535,1,0,5,11.6415,6848.87
177,1,0,5,11.6312,6794.72
184,1,0,5,11.6108,6683.39
141,1,0,5,11.5796,6509.18
1979,1,0,6,12.1125,9391.79,0.0556667,242.801,0.07,7
1978,1,0,6,12.0714,9162.53
107,1,0,6,12.0631,9108.63
1967,1,0,6,12.0601,9079.92
105,1,0,6,12.0353,8931.43
124,1,0,6,12.0219,8856.63
1970,1,0,6,12.0061,8763.55
122,1,0,6,11.9932,8698.28
127,1,0,6,11.9579,8507.64
128,1,0,6,11.9536,8486.45
1717,1,0,6,11.9251,8335.41
129,1,0,6,11.9025,8210.28
130,1,0,6,11.8948,8171.28
1726,1,0,6,11.8881,8134
1723,1,0,6,11.8776,8076.94
2104,1,0,6,11.8678,8027.73
1724,1,0,6,11.8473,7917.61
1725,1,0,6,11.8448,7903.98
1727,1,0,6,11.8276,7809.84
149,1,0,6,11.8267,7800.21
148,1,0,6,11.8219,7776.42
1972,1,0,6,11.7901,7614.62
294,1,0,7,12.3052,10388.3,0.0338333,147.571,0.48,8
295,1,0,7,12.2866,10288.7
338,1,0,7,12.2725,10211
339,1,0,7,12.2671,10174
342,1,0,7,12.2457,10063.4
343,1,0,7,12.2323,9996.23
344,1,0,7,12.2114,9887.82
1819,1,0,7,12.1976,9793.97
335,1,0,7,12.1934,9766.13
2114,1,0,7,12.1774,9682.47
1979,1,0,7,12.1682,9634.59
2008,1,0,8,12.4922,11373.1,0.0393333,171.56,0.02,9
2152,1,0,8,12.4854,11336.2
820,1,0,8,12.4694,11252.7
819,1,0,8,12.4525,11164.2
818,1,0,8,12.4403,11095.9
817,1,0,8,12.4309,11043.7
780,1,0,8,12.4155,10955.1
778,1,0,8,12.3968,10850.9
2148,1,0,8,12.3963,10848
312,1,0,8,12.3962,10847.7
313,1,0,8,12.3892,10808.9
306,1,0,8,12.375,10733.1
297,1,0,8,12.3683,10696.1
305,1,0,8,12.3502,10598.6
294,1,0,8,12.339,10535.9
810,1,0,9,12.6002,11909.8,0.0375,163.564,0.29,10
813,1,0,9,12.5897,11859
809,1,0,9,12.5628,11724.3
808,1,0,9,12.5536,11675.5
807,1,0,9,12.5443,11627.3
812,1,0,9,12.5442,11626.5
2008,1,0,9,12.5315,11544.7
412,1,0,10,12.7537,12675.5,0,0,0
398,1,0,10,12.7394,12597.5
410,1,0,10,12.7392,12596.3
409,1,0,10,12.723,12512.5
1985,1,0,10,12.7085,12435.2
881,1,0,10,12.6788,12278.9
814,1,0,10,12.6585,12174.1
810,1,0,10,12.6377,12073.4
943,2,0,0,10.0853,977.226,0.0575,250.798,0.09,1
934,2,0,0,10.0764,929.095
933,2,0,0,10.0672,879.984
936,2,0,0,10.0666,877.044
1737,2,0,0,10.0554,815.103
917,2,0,0,10.038,729.074
916,2,0,0,10.0378,728.166
906,2,0,0,10.0145,606.172
889,2,0,0,10.0033,548.313
890,2,0,0,9.99809,518.428
2013,2,0,0,9.97573,402.826
1988,2,0,0,9.95798,308.467
429,2,0,0,9.93226,176.544
415,2,0,0,9.91606,92.3787
2138,2,0,0,9.91588,91.3208
411,2,0,0,9.90292,19.2235
412,2,0,0,9.9,0
1589,2,0,1,10.3613,2394.1,0.0523333,228.262,0.28,2
1560,2,0,1,10.3272,2211.56
1321,2,0,1,10.3019,2079.88
1562,2,0,1,10.2882,2005.81
1563,2,0,1,10.2538,1821.14
2164,2,0,1,10.2419,1758.07
1313,2,0,1,10.2199,1638.61
1309,2,0,1,10.2115,1590.27
1314,2,0,1,10.2109,1587.4
2163,2,0,1,10.1952,1503.38
2023,2,0,1,10.1665,1350.41
1787,2,0,1,10.1588,1310.86
2020,2,0,1,10.1436,1231.96
943,2,0,1,10.1428,1228.02
948,2,0,2,10.5844,3531.85,0.0538333,234.805,0.41,3
1598,2,0,2,10.5726,3476.28
2025,2,0,2,10.5684,3453.65
2024,2,0,2,10.5539,3375.31
1301,2,0,2,10.5422,3313.28
1306,2,0,2,10.5297,3245.06
1312,2,0,2,10.5296,3244.7
1602,2,0,2,10.5024,3097.31
1320,2,0,2,10.4868,3016.09
1321,2,0,2,10.4715,2929.88
1560,2,0,2,10.4501,2815.14
1589,2,0,2,10.4136,2622.36
465,2,0,3,10.9324,5283.03,0.0695,303.138,0.16,4
379,2,0,3,10.9183,5214.42
380,2,0,3,10.9116,5182.2
386,2,0,3,10.9011,5131.27
387,2,0,3,10.8777,5019.68
396,2,0,3,10.8757,5006.06
395,2,0,3,10.871,4982.48
403,2,0,3,10.8537,4890.97
406,2,0,3,10.8389,4821.35
407,2,0,3,10.8332,4793.02
424,2,0,3,10.815,4698.3
426,2,0,3,10.8116,4680.18
425,2,0,3,10.8078,4660.11
420,2,0,3,10.7977,4606.55
421,2,0,3,10.7925,4577.48
417,2,0,3,10.7877,4551.38
1989,2,0,3,10.7704,4461.99
2011,2,0,3,10.7509,4361.47
2156,2,0,3,10.746,4335.61
2013,2,0,3,10.7453,4332.45
886,2,0,3,10.7355,4282.78
888,2,0,3,10.7184,4188.46
903,2,0,3,10.7088,4136.41
904,2,0,3,10.7055,4118.5
925,2,0,3,10.6836,3997.34
2019,2,0,3,10.6761,3961.52
929,2,0,3,10.6757,3959.54
928,2,0,3,10.6518,3837.91
948,2,0,3,10.6383,3766.66
141,2,0,4,11.0964,6096.81,0.0505,220.266,0.03,5
142,2,0,4,11.0823,6017.58
362,2,0,4,11.0732,5967.75
363,2,0,4,11.0604,5893.79
367,2,0,4,11.047,5821.35
368,2,0,4,11.045,5807.9
372,2,0,4,11.0324,5740.69
460,2,0,4,11.0267,5706.14
464,2,0,4,11.0095,5622.97
465,2,0,4,11.0019,5586.16
1972,2,0,5,11.2965,7157.18,0.0608333,265.337,0.08,6
148,2,0,5,11.2699,7017.35
149,2,0,5,11.2659,6996.86
161,2,0,5,11.2517,6916.66
167,2,0,5,11.2345,6805.83
172,2,0,5,11.2184,6708.38
1535,2,0,5,11.2088,6656.77
177,2,0,5,11.1985,6602.61
184,2,0,5,11.1781,6491.29
141,2,0,5,11.1469,6317.08
1979,2,0,6,11.6798,9199.69,0.0433333,189.007,0.09,7
1978,2,0,6,11.6387,8970.43
107,2,0,6,11.6304,8916.52
1967,2,0,6,11.6274,8887.82
105,2,0,6,11.6026,8739.33
124,2,0,6,11.5892,8664.53
1970,2,0,6,11.5734,8571.45
122,2,0,6,11.5605,8506.18
127,2,0,6,11.5252,8315.53
128,2,0,6,11.5209,8294.34
1717,2,0,6,11.4924,8143.3
129,2,0,6,11.4698,8018.18
130,2,0,6,11.462,7979.17
1726,2,0,6,11.4554,7941.9
1723,2,0,6,11.4448,7884.84
2104,2,0,6,11.435,7835.62
1724,2,0,6,11.4145,7725.5
1725,2,0,6,11.412,7711.88
1727,2,0,6,11.3949,7617.74
149,2,0,6,11.3939,7608.11
148,2,0,6,11.3891,7584.32
1972,2,0,6,11.3573,7422.51
294,2,0,7,11.8591,10137.1,0.100167,436.897,0.4,8
295,2,0,7,11.8373,10024.1
338,2,0,7,11.8237,9948.24
339,2,0,7,11.8182,9911.24
342,2,0,7,11.8027,9826
343,2,0,7,11.7923,9771.16
344,2,0,7,11.7652,9636.77
1819,2,0,7,11.7519,9543.24
335,2,0,7,11.7469,9514.29
2114,2,0,7,11.7316,9433.5
329,2,0,7,11.729,9418.44
1979,2,0,7,11.7231,9388.69
2008,2,0,8,12.1105,11394.9,0.0393333,171.56,0.02,9
2152,2,0,8,12.1038,11358.5
820,2,0,8,12.0895,11282
819,2,0,8,12.0726,11193.5
818,2,0,8,12.0579,11114.1
804,2,0,8,12.04,11013.8
803,2,0,8,12.0319,10968.5
354,2,0,8,12.0318,10968.2
347,2,0,8,12.0197,10901
346,2,0,8,12.0191,10898
339,2,0,8,12.0019,10803.5
338,2,0,8,11.994,10760
295,2,0,8,11.9771,10670
294,2,0,8,11.9593,10574
810,2,0,9,12.2185,11931.6,0.0375,163.564,0.29,10
813,2,0,9,12.2081,11880.8
809,2,0,9,12.1812,11746.1
808,2,0,9,12.172,11697.3
807,2,0,9,12.1627,11649.1
812,2,0,9,12.1625,11648.3
2008,2,0,9,12.1499,11566.4
412,2,0,10,12.3721,12697.3,0,0,0
398,2,0,10,12.3578,12619.2
410,2,0,10,12.3575,12618
409,2,0,10,12.3414,12534.3
1985,2,0,10,12.3269,12456.9
881,2,0,10,12.2971,12300.6
814,2,0,10,12.2768,12195.8
810,2,0,10,12.256,12095.1
948,3,0,0,9.98857,1017.62,0.0391667,170.833,0.36,1
928,3,0,0,9.97859,961.847
923,3,0,0,9.94072,774.378
924,3,0,0,9.93244,735.064
914,3,0,0,9.91023,620.414
902,3,0,0,9.90274,579.948
887,3,0,0,9.88726,499.708
2012,3,0,0,9.86066,369.988
884,3,0,0,9.8566,348.667
1987,3,0,0,9.82006,162.519
413,3,0,0,9.80368,77.1309
411,3,0,0,9.79292,19.2235
412,3,0,0,9.79,0
1589,3,0,1,10.2062,2130.15,0.0523333,228.262,0.28,2
1560,3,0,1,10.1721,1947.61
1321,3,0,1,10.1467,1815.93
1320,3,0,1,10.1251,1702.72
1602,3,0,1,10.1005,1583.85
1312,3,0,1,10.0777,1455.7
1306,3,0,1,10.0776,1455.34
1301,3,0,1,10.0622,1374.79
2024,3,0,1,10.0509,1314.4
2025,3,0,1,10.0387,1245.59
1598,3,0,1,10.033,1217.04
948,3,0,1,10.0277,1188.45
943,3,0,2,10.4874,3561.29,0.0575,250.798,0.09,3
2020,3,0,2,10.4866,3557.36
1787,3,0,2,10.4699,3472.46
2023,3,0,2,10.4605,3425.64
2163,3,0,2,10.4342,3283.07
1314,3,0,2,10.4216,3212.71
2165,3,0,2,10.4053,3125.51
2071,3,0,2,10.3836,3011
1317,3,0,2,10.3714,2942.79
2072,3,0,2,10.3515,2835.69
1588,3,0,2,10.3201,2667.4
1590,3,0,2,10.2839,2488.08
1589,3,0,2,10.2585,2358.41
465,3,0,3,10.838,5299.52,0.0695,303.138,0.16,4
379,3,0,3,10.8239,5230.92
380,3,0,3,10.8172,5198.69
386,3,0,3,10.8067,5147.76
387,3,0,3,10.7828,5034.19
396,3,0,3,10.7808,5020.58
395,3,0,3,10.7761,4996.99
403,3,0,3,10.7588,4905.48
406,3,0,3,10.744,4835.86
407,3,0,3,10.7383,4807.53
424,3,0,3,10.7201,4712.82
426,3,0,3,10.7166,4694.69
425,3,0,3,10.7129,4674.63
420,3,0,3,10.7028,4621.07
431,3,0,3,10.688,4544.58
434,3,0,3,10.6815,4513.97
873,3,0,3,10.6776,4492.88
874,3,0,3,10.6635,4425.7
870,3,0,3,10.6581,4397.88
894,3,0,3,10.6361,4285.99
895,3,0,3,10.6266,4238.4
907,3,0,3,10.6132,4170.81
908,3,0,3,10.6066,4135.92
2014,3,0,3,10.606,4133.24
2017,3,0,3,10.6049,4127.55
2170,3,0,3,10.6016,4111.29
1738,3,0,3,10.5857,4030.59
1737,3,0,3,10.58,4001.02
936,3,0,3,10.5634,3916.2
933,3,0,3,10.5628,3913.26
934,3,0,3,10.5573,3875.61
935,3,0,3,10.5568,3873
2020,3,0,3,10.5457,3816.02
943,3,0,3,10.5449,3812.09
141,3,0,4,11.0097,6145.16,0.0505,220.266,0.03,5
142,3,0,4,10.9944,6060.71
362,3,0,4,10.9851,6010.09
363,3,0,4,10.9693,5924.16
367,3,0,4,10.9552,5848.97
368,3,0,4,10.9532,5835.51
372,3,0,4,10.9381,5757.28
460,3,0,4,10.9322,5722.64
464,3,0,4,10.9151,5639.46
465,3,0,4,10.9075,5602.66
1972,3,0,5,11.2098,7205.53,0.0608333,265.337,0.08,6
148,3,0,5,11.1832,7065.7
149,3,0,5,11.1792,7045.21
161,3,0,5,11.165,6965.01
167,3,0,5,11.1479,6854.18
172,3,0,5,11.1317,6756.73
1535,3,0,5,11.1221,6705.12
177,3,0,5,11.1118,6650.96
184,3,0,5,11.0914,6539.64
141,3,0,5,11.0602,6365.43
1979,3,0,6,11.5931,9248.04,0.0433333,189.007,0.09,7
1978,3,0,6,11.552,9018.78
107,3,0,6,11.5437,8964.88
1967,3,0,6,11.5407,8936.17
105,3,0,6,11.5159,8787.68
124,3,0,6,11.5025,8712.88
1970,3,0,6,11.4867,8619.8
122,3,0,6,11.4738,8554.53
127,3,0,6,11.4385,8363.88
128,3,0,6,11.4342,8342.7
1717,3,0,6,11.4057,8191.65
129,3,0,6,11.3831,8066.53
130,3,0,6,11.3753,8027.52
1726,3,0,6,11.3687,7990.25
1723,3,0,6,11.3581,7933.19
2104,3,0,6,11.3483,7883.97
1724,3,0,6,11.3278,7773.85
1725,3,0,6,11.3253,7760.23
1727,3,0,6,11.3082,7666.09
149,3,0,6,11.3072,7656.46
148,3,0,6,11.3024,7632.67
1972,3,0,6,11.2706,7470.86
294,3,0,7,11.7724,10185.5,0.100167,436.897,0.4,8
295,3,0,7,11.7506,10072.4
338,3,0,7,11.737,9996.59
339,3,0,7,11.7315,9959.59
342,3,0,7,11.7161,9874.35
343,3,0,7,11.7056,9819.52
344,3,0,7,11.6785,9685.12
1819,3,0,7,11.6652,9591.59
335,3,0,7,11.6602,9562.64
2114,3,0,7,11.6449,9481.85
329,3,0,7,11.6423,9466.79
1979,3,0,7,11.6364,9437.04
2008,3,0,8,12.0238,11443.2,0.0393333,171.56,0.02,9
2152,3,0,8,12.0171,11406.8
820,3,0,8,12.0028,11330.3
819,3,0,8,11.9859,11241.9
818,3,0,8,11.9712,11162.5
804,3,0,8,11.9533,11062.2
803,3,0,8,11.9452,11016.9
354,3,0,8,11.9451,11016.5
347,3,0,8,11.933,10949.3
346,3,0,8,11.9324,10946.3
339,3,0,8,11.9152,10851.8
338,3,0,8,11.9073,10808.4
295,3,0,8,11.8904,10718.4
294,3,0,8,11.8726,10622.4
810,3,0,9,12.1318,11979.9,0.0375,163.564,0.29,10
813,3,0,9,12.1214,11929.1
809,3,0,9,12.0945,11794.4
808,3,0,9,12.0853,11745.6
807,3,0,9,12.076,11697.4
812,3,0,9,12.0758,11696.6
2008,3,0,9,12.0632,11614.8
412,3,0,10,12.2854,12745.6,0,0,0
398,3,0,10,12.2711,12667.6
410,3,0,10,12.2708,12666.4
409,3,0,10,12.2547,12582.6
1985,3,0,10,12.2402,12505.3
881,3,0,10,12.2104,12348.9
814,3,0,10,12.1901,12244.2
810,3,0,10,12.1693,12143.5
943,4,0,0,9.81526,977.226,0.0683333,298.049,0.1,1
934,4,0,0,9.80643,929.095
933,4,0,0,9.79722,879.984
936,4,0,0,9.79663,877.044
1737,4,0,0,9.78543,815.103
917,4,0,0,9.76797,729.074
916,4,0,0,9.76779,728.166
906,4,0,0,9.74451,606.172
889,4,0,0,9.73332,548.313
890,4,0,0,9.72809,518.428
2013,4,0,0,9.70573,402.826
1988,4,0,0,9.68798,308.467
429,4,0,0,9.66226,176.544
415,4,0,0,9.64606,92.3787
2138,4,0,0,9.64588,91.3208
411,4,0,0,9.63292,19.2235
412,4,0,0,9.63,0
948,4,0,1,9.97446,1735.42,0.0391667,170.833,0.36,2
950,4,0,1,9.96137,1662.49
938,4,0,1,9.95114,1605.91
939,4,0,1,9.92478,1475.6
941,4,0,1,9.90411,1379
942,4,0,1,9.89182,1317.76
943,4,0,1,9.8836,1275.28
1589,4,0,2,10.1921,2847.95,0.0523333,228.262,0.28,3
1560,4,0,2,10.158,2665.41
1321,4,0,2,10.1326,2533.73
1320,4,0,2,10.111,2420.52
1602,4,0,2,10.0864,2301.65
1312,4,0,2,10.0636,2173.5
1306,4,0,2,10.0635,2173.14
1301,4,0,2,10.0481,2092.59
2024,4,0,2,10.0368,2032.2
2025,4,0,2,10.0246,1963.4
1598,4,0,2,10.0189,1934.84
948,4,0,2,10.0136,1906.25
294,4,0,3,10.6316,5251.1,0.0973333,424.539,0.34,4
295,4,0,3,10.6142,5156.79
338,4,0,3,10.6005,5080.44
339,4,0,3,10.595,5043.44
346,4,0,3,10.5772,4946.25
347,4,0,3,10.5766,4943.23
354,4,0,3,10.5656,4879.66
803,4,0,3,10.5656,4879.29
804,4,0,3,10.5474,4791.73
818,4,0,3,10.5264,4678.18
819,4,0,3,10.5118,4598.98
2009,4,0,3,10.5053,4551.87
2010,4,0,3,10.4897,4451.13
837,4,0,3,10.4824,4405.01
1774,4,0,3,10.4712,4336.26
849,4,0,3,10.4669,4313.5
850,4,0,3,10.4598,4264.34
852,4,0,3,10.4541,4221.4
865,4,0,3,10.4473,4179.44
869,4,0,3,10.4321,4088.61
2066,4,0,3,10.41,3974.88
1297,4,0,3,10.3838,3835.22
1299,4,0,3,10.3781,3803.23
1600,4,0,3,10.3767,3789.78
1306,4,0,3,10.3605,3698.91
1312,4,0,3,10.3604,3698.55
1602,4,0,3,10.3332,3551.16
1320,4,0,3,10.3176,3469.93
1321,4,0,3,10.3023,3383.73
1560,4,0,3,10.2809,3268.99
1589,4,0,3,10.2444,3076.21
1979,4,0,4,10.8614,6406.85,0.0713333,311.134,0.1,5
329,4,0,4,10.8592,6389.39
2114,4,0,4,10.854,6363.47
335,4,0,4,10.8436,6302.32
1819,4,0,4,10.8386,6273.33
344,4,0,4,10.823,6177.55
343,4,0,4,10.8051,6081.48
1980,4,0,4,10.796,6033.17
342,4,0,4,10.7899,6002.55
339,4,0,4,10.7731,5911.69
338,4,0,4,10.7632,5859.68
295,4,0,4,10.7458,5767.46
294,4,0,4,10.729,5675.64
1972,4,0,5,11.2564,8496.46,0.0608333,265.337,0.08,6
148,4,0,5,11.2308,8360.54
149,4,0,5,11.227,8341.09
1727,4,0,5,11.2241,8326.43
1725,4,0,5,11.1967,8188.68
1724,4,0,5,11.192,8165.95
2104,4,0,5,11.1756,8073.64
1723,4,0,5,11.1695,8039.85
1726,4,0,5,11.1597,7986.34
130,4,0,5,11.1515,7942.19
129,4,0,5,11.147,7917.02
1717,4,0,5,11.1231,7786.08
128,4,0,5,11.0995,7656.21
127,4,0,5,11.0958,7637.65
122,4,0,5,11.0609,7448.54
1970,4,0,5,11.0488,7386.96
124,4,0,5,11.0296,7281.61
105,4,0,5,11.0168,7208.98
1967,4,0,5,10.9799,7013.71
107,4,0,5,10.9744,6983.05
1978,4,0,5,10.9654,6928.17
1979,4,0,5,10.9327,6717.98
141,4,0,6,11.4709,9575.8,0.0505,220.266,0.03,7
137,4,0,6,11.4671,9549.84
134,4,0,6,11.4373,9397.1
129,4,0,6,11.4297,9357.46
130,4,0,6,11.422,9318.45
1726,4,0,6,11.4153,9281.18
1723,4,0,6,11.4048,9224.12
2104,4,0,6,11.395,9174.9
1724,4,0,6,11.3745,9064.78
1725,4,0,6,11.372,9051.16
1727,4,0,6,11.3548,8957.02
149,4,0,6,11.3539,8947.39
148,4,0,6,11.3491,8923.6
1972,4,0,6,11.3173,8761.79
465,4,0,7,11.6096,10278.2,0.111333,485.602,0.18,8
464,4,0,7,11.6022,10242.6
460,4,0,7,11.5927,10191.3
372,4,0,7,11.587,10156.8
368,4,0,7,11.5748,10091.1
367,4,0,7,11.5721,10076.3
363,4,0,7,11.5576,9999.09
362,4,0,7,11.5444,9924.45
142,4,0,7,11.5359,9877.29
141,4,0,7,11.5214,9796.06
2008,4,0,8,12.0223,12349.3,0.0393333,171.56,0.02,9
821,4,0,8,12.0175,12321.8
2153,4,0,8,12.0061,12263.2
831,4,0,8,12.006,12263.1
825,4,0,8,12.0056,12261
822,4,0,8,11.9887,12164.6
823,4,0,8,11.9815,12128.4
824,4,0,8,11.9671,12054
880,4,0,8,11.9508,11964.4
882,4,0,8,11.931,11865.2
2155,4,0,8,11.9277,11848.2
2012,4,0,8,11.9102,11754.6
885,4,0,8,11.9042,11725.8
886,4,0,8,11.8832,11615.6
2013,4,0,8,11.8748,11572
1988,4,0,8,11.8561,11473.7
417,4,0,8,11.8339,11361.7
418,4,0,8,11.8303,11342.9
419,4,0,8,11.814,11253.7
424,4,0,8,11.8105,11233.8
407,4,0,8,11.7931,11142.6
406,4,0,8,11.7884,11118
403,4,0,8,11.7847,11089.4
394,4,0,8,11.774,11032.7
384,4,0,8,11.7698,11011.4
385,4,0,8,11.7661,10992.1
377,4,0,8,11.7628,10974.1
386,4,0,8,11.7474,10894.7
380,4,0,8,11.7419,10864.9
466,4,0,8,11.7317,10812.4
465,4,0,8,11.7209,10763.8
810,4,0,9,12.1303,12886,0.0375,163.564,0.29,10
813,4,0,9,12.1199,12835.2
809,4,0,9,12.093,12700.5
808,4,0,9,12.0838,12651.6
807,4,0,9,12.0745,12603.5
812,4,0,9,12.0743,12602.7
2008,4,0,9,12.0617,12520.8
412,4,0,10,12.2839,13651.7,0,0,0
398,4,0,10,12.2696,13573.6
410,4,0,10,12.2693,13572.4
409,4,0,10,12.2532,13488.7
1985,4,0,10,12.2387,13411.3
881,4,0,10,12.209,13255
814,4,0,10,12.1886,13150.2
810,4,0,10,12.1678,13049.5
943,5,0,0,9.83526,977.226,0.0683333,298.049,0.1,1
934,5,0,0,9.82643,929.095
933,5,0,0,9.81722,879.984
936,5,0,0,9.81663,877.044
1737,5,0,0,9.80542,815.103
917,5,0,0,9.78797,729.074
916,5,0,0,9.78779,728.166
906,5,0,0,9.76451,606.172
889,5,0,0,9.75332,548.313
890,5,0,0,9.74809,518.428
2013,5,0,0,9.72573,402.826
1988,5,0,0,9.70798,308.467
429,5,0,0,9.68226,176.544
415,5,0,0,9.66606,92.3787
2138,5,0,0,9.66588,91.3208
411,5,0,0,9.65292,19.2235
412,5,0,0,9.65,0
948,5,0,1,9.99446,1735.42,0.0391667,170.833,0.36,2
950,5,0,1,9.98137,1662.49
938,5,0,1,9.97114,1605.91
939,5,0,1,9.94478,1475.6
941,5,0,1,9.92411,1379
942,5,0,1,9.91182,1317.76
943,5,0,1,9.9036,1275.28
1589,5,0,2,10.2121,2847.95,0.0523333,228.262,0.28,3
1560,5,0,2,10.178,2665.41
1321,5,0,2,10.1526,2533.73
1320,5,0,2,10.131,2420.52
1602,5,0,2,10.1064,2301.65
1312,5,0,2,10.0836,2173.5
1306,5,0,2,10.0835,2173.14
1301,5,0,2,10.0681,2092.59
2024,5,0,2,10.0568,2032.2
2025,5,0,2,10.0446,1963.4
1598,5,0,2,10.0389,1934.84
948,5,0,2,10.0336,1906.25
294,5,0,3,10.6516,5251.1,0.0973333,424.539,0.34,4
295,5,0,3,10.6342,5156.79
338,5,0,3,10.6205,5080.44
339,5,0,3,10.615,5043.44
346,5,0,3,10.5972,4946.25
347,5,0,3,10.5966,4943.23
354,5,0,3,10.5856,4879.66
803,5,0,3,10.5856,4879.29
804,5,0,3,10.5674,4791.73
818,5,0,3,10.5464,4678.18
819,5,0,3,10.5318,4598.98
2009,5,0,3,10.5253,4551.87
2010,5,0,3,10.5097,4451.13
837,5,0,3,10.5024,4405.01
1774,5,0,3,10.4912,4336.26
849,5,0,3,10.4869,4313.5
850,5,0,3,10.4798,4264.34
852,5,0,3,10.4741,4221.4
865,5,0,3,10.4673,4179.44
869,5,0,3,10.4521,4088.61
2066,5,0,3,10.43,3974.88
1297,5,0,3,10.4038,3835.22
1299,5,0,3,10.3981,3803.23
1600,5,0,3,10.3967,3789.78
1306,5,0,3,10.3805,3698.91
1312,5,0,3,10.3804,3698.55
1602,5,0,3,10.3532,3551.16
1320,5,0,3,10.3376,3469.93
1321,5,0,3,10.3223,3383.73
1560,5,0,3,10.3009,3268.99
1589,5,0,3,10.2644,3076.21
465,5,0,4,11.0658,7512.96,0.111333,485.602,0.18,5
464,5,0,4,11.059,7479.88
460,5,0,4,11.0506,7433.27
372,5,0,4,11.0452,7399.19
371,5,0,4,11.0294,7294.48
2134,5,0,4,11.0239,7253.7
369,5,0,4,11.0075,7157.5
370,5,0,4,11.0025,7120.31
365,5,0,4,10.9542,6863.54
323,5,0,4,10.9343,6738.77
108,5,0,4,10.9225,6671.24
321,5,0,4,10.9221,6669.01
1978,5,0,4,10.9141,6617.03
1979,5,0,4,10.8814,6406.85
329,5,0,4,10.8792,6389.39
2114,5,0,4,10.874,6363.47
335,5,0,4,10.8636,6302.32
1819,5,0,4,10.8586,6273.33
344,5,0,4,10.843,6177.55
343,5,0,4,10.8251,6081.48
1980,5,0,4,10.816,6033.17
342,5,0,4,10.8099,6002.55
339,5,0,4,10.7931,5911.69
338,5,0,4,10.7832,5859.68
295,5,0,4,10.7658,5767.46
294,5,0,4,10.749,5675.64
141,5,0,5,11.2715,8509.21,0.0505,220.266,0.03,6
142,5,0,5,11.2575,8429.97
362,5,0,5,11.2484,8380.15
363,5,0,5,11.2356,8306.19
367,5,0,5,11.2222,8233.75
368,5,0,5,11.2202,8220.29
372,5,0,5,11.2076,8153.09
460,5,0,5,11.2018,8118.54
464,5,0,5,11.1847,8035.36
465,5,0,5,11.1771,7998.56
1972,5,0,6,11.4717,9569.57,0.0608333,265.337,0.08,7
148,5,0,6,11.4451,9429.74
149,5,0,6,11.4411,9409.25
161,5,0,6,11.4269,9329.05
167,5,0,6,11.4097,9218.22
172,5,0,6,11.3936,9120.77
1535,5,0,6,11.3839,9069.17
177,5,0,6,11.3737,9015.01
184,5,0,6,11.3532,8903.68
141,5,0,6,11.322,8729.47
1979,5,0,7,11.8549,11612.1,0.0433333,189.007,0.09,8
1978,5,0,7,11.8139,11382.8
107,5,0,7,11.8056,11328.9
1967,5,0,7,11.8026,11300.2
105,5,0,7,11.7777,11151.7
124,5,0,7,11.7644,11076.9
1970,5,0,7,11.7486,10983.8
122,5,0,7,11.7357,10918.6
127,5,0,7,11.7003,10727.9
128,5,0,7,11.6961,10706.7
1717,5,0,7,11.6675,10555.7
129,5,0,7,11.645,10430.6
130,5,0,7,11.6372,10391.6
1726,5,0,7,11.6306,10354.3
1723,5,0,7,11.62,10297.2
2104,5,0,7,11.6102,10248
1724,5,0,7,11.5897,10137.9
1725,5,0,7,11.5872,10124.3
1727,5,0,7,11.5701,10030.1
149,5,0,7,11.5691,10020.5
148,5,0,7,11.5643,9996.72
1972,5,0,7,11.5325,9834.91
2008,5,0,8,12.0064,12410.5,0.0393333,171.56,0.02,9
812,5,0,8,11.99,12319.2
807,5,0,8,11.9898,12318.4
356,5,0,8,11.977,12248
1981,5,0,8,11.9647,12164.5
345,5,0,8,11.943,12054.4
341,5,0,8,11.9336,12004.2
2132,5,0,8,11.9333,12002.1
328,5,0,8,11.9195,11910.5
2115,5,0,8,11.9081,11851.5
329,5,0,8,11.9042,11830.8
1979,5,0,8,11.8983,11801.1
810,5,0,9,12.1144,12947.2,0.0375,163.564,0.29,10
813,5,0,9,12.1039,12896.4
809,5,0,9,12.0771,12761.7
808,5,0,9,12.0678,12712.9
807,5,0,9,12.0586,12664.7
812,5,0,9,12.0584,12663.9
2008,5,0,9,12.0458,12582.1
412,5,0,10,12.268,13712.9,0,0,0
398,5,0,10,12.2537,13634.9
410,5,0,10,12.2534,13633.6
409,5,0,10,12.2373,13549.9
1985,5,0,10,12.2228,13472.6
881,5,0,10,12.193,13316.2
814,5,0,10,12.1727,13211.5
810,5,0,10,12.1519,13110.8
948,6,0,0,9.95857,1017.62,0.0391667,170.833,0.36,1
928,6,0,0,9.94859,961.847
923,6,0,0,9.91072,774.378
924,6,0,0,9.90244,735.064
914,6,0,0,9.88023,620.414
902,6,0,0,9.87274,579.948
887,6,0,0,9.85726,499.708
2012,6,0,0,9.83066,369.988
884,6,0,0,9.8266,348.667
1987,6,0,0,9.79006,162.519
413,6,0,0,9.77368,77.1309
411,6,0,0,9.76292,19.2235
412,6,0,0,9.76,0
943,6,0,1,10.0777,1603.7,0.0575,250.798,0.09,2
942,6,0,1,10.0694,1560.75
941,6,0,1,10.0577,1501.95
939,6,0,1,10.0462,1442.95
938,6,0,1,10.0262,1339.23
928,6,0,1,10.011,1258.5
948,6,0,1,9.99773,1188.45
1589,6,0,2,10.3537,3020.57,0.0523333,228.262,0.28,3
1560,6,0,2,10.3197,2838.03
1321,6,0,2,10.2943,2706.35
1562,6,0,2,10.2807,2632.28
1563,6,0,2,10.2462,2447.61
2164,6,0,2,10.2343,2384.54
1313,6,0,2,10.2124,2265.08
1309,6,0,2,10.204,2216.74
1314,6,0,2,10.2034,2213.87
2163,6,0,2,10.1877,2129.85
2023,6,0,2,10.159,1976.88
1787,6,0,2,10.1513,1937.33
2020,6,0,2,10.136,1858.43
943,6,0,2,10.1352,1854.49
294,6,0,3,10.7933,5423.72,0.0973333,424.539,0.34,4
295,6,0,3,10.7759,5329.42
338,6,0,3,10.7621,5253.06
339,6,0,3,10.7567,5216.07
346,6,0,3,10.7389,5118.87
347,6,0,3,10.7382,5115.85
354,6,0,3,10.7273,5052.29
803,6,0,3,10.7272,5051.91
804,6,0,3,10.7091,4964.36
818,6,0,3,10.6881,4850.8
819,6,0,3,10.6734,4771.6
2009,6,0,3,10.667,4724.5
2010,6,0,3,10.6514,4623.75
837,6,0,3,10.644,4577.63
1774,6,0,3,10.6328,4508.88
849,6,0,3,10.6286,4486.12
850,6,0,3,10.6215,4436.96
852,6,0,3,10.6157,4394.02
865,6,0,3,10.6089,4352.06
869,6,0,3,10.5938,4261.23
2066,6,0,3,10.5717,4147.5
1297,6,0,3,10.5455,4007.84
1299,6,0,3,10.5398,3975.85
1600,6,0,3,10.5383,3962.4
1306,6,0,3,10.5222,3871.53
1312,6,0,3,10.5221,3871.17
1602,6,0,3,10.4948,3723.78
1320,6,0,3,10.4793,3642.56
1321,6,0,3,10.4639,3556.35
1560,6,0,3,10.4425,3441.61
1589,6,0,3,10.4061,3248.83
1979,6,0,4,11.023,6579.47,0.0433333,189.007,0.09,5
329,6,0,4,11.0209,6562.01
2114,6,0,4,11.0157,6536.09
335,6,0,4,11.0053,6474.94
1819,6,0,4,11.0003,6445.95
344,6,0,4,10.9847,6350.18
343,6,0,4,10.9667,6254.1
1980,6,0,4,10.9576,6205.79
342,6,0,4,10.9516,6175.17
339,6,0,4,10.9348,6084.31
338,6,0,4,10.9249,6032.3
295,6,0,4,10.9074,5940.08
294,6,0,4,10.8906,5848.26
1972,6,0,5,11.4038,8610.94,0.0608333,265.337,0.08,6
148,6,0,5,11.3788,8477.84
149,6,0,5,11.3748,8457.15
1727,6,0,5,11.3719,8442.5
1728,6,0,5,11.346,8303.5
150,6,0,5,11.3309,8220.17
2189,6,0,5,11.3208,8166.39
1723,6,0,5,11.3137,8129.1
1726,6,0,5,11.3037,8074.57
130,6,0,5,11.2953,8029.68
129,6,0,5,11.2911,8005.42
1717,6,0,5,11.2698,7885.83
128,6,0,5,11.2365,7714.75
127,6,0,5,11.2332,7697.31
122,6,0,5,11.1978,7506.64
1970,6,0,5,11.184,7437.36
124,6,0,5,11.1648,7332.34
105,6,0,5,11.1515,7257.65
1967,6,0,5,11.1154,7065.94
107,6,0,5,11.1101,7036.15
1978,6,0,5,11.1009,6981.03
1979,6,0,5,11.0664,6768.48
141,6,0,6,11.6183,9690.28,0.0505,220.266,0.03,7
137,6,0,6,11.6145,9664.33
134,6,0,6,11.5848,9511.59
129,6,0,6,11.5771,9471.95
130,6,0,6,11.5694,9432.94
1726,6,0,6,11.5627,9395.66
1723,6,0,6,11.5522,9338.61
2104,6,0,6,11.5424,9289.39
1724,6,0,6,11.5219,9179.27
1725,6,0,6,11.5194,9165.65
1727,6,0,6,11.5022,9071.5
149,6,0,6,11.5013,9061.88
148,6,0,6,11.4965,9038.09
1972,6,0,6,11.4647,8876.28
465,6,0,7,11.757,10392.7,0.111333,485.602,0.18,8
464,6,0,7,11.7496,10357.1
460,6,0,7,11.7401,10305.8
372,6,0,7,11.7344,10271.3
368,6,0,7,11.7222,10205.6
367,6,0,7,11.7195,10190.7
363,6,0,7,11.705,10113.6
362,6,0,7,11.6918,10038.9
142,6,0,7,11.6833,9991.78
141,6,0,7,11.6688,9910.55
2008,6,0,8,12.1697,12463.7,0.0393333,171.56,0.02,9
821,6,0,8,12.1649,12436.3
2153,6,0,8,12.1535,12377.6
831,6,0,8,12.1534,12377.6
825,6,0,8,12.153,12375.5
822,6,0,8,12.1361,12279.1
823,6,0,8,12.1289,12242.8
824,6,0,8,12.1145,12168.5
880,6,0,8,12.0982,12078.9
882,6,0,8,12.0784,11979.7
2155,6,0,8,12.0751,11962.7
2012,6,0,8,12.0576,11869.1
885,6,0,8,12.0516,11840.3
886,6,0,8,12.0306,11730.1
2013,6,0,8,12.0222,11686.5
1988,6,0,8,12.0035,11588.2
417,6,0,8,11.9813,11476.2
418,6,0,8,11.9777,11457.3
419,6,0,8,11.9614,11368.2
424,6,0,8,11.9579,11348.3
407,6,0,8,11.9406,11257
406,6,0,8,11.9358,11232.4
403,6,0,8,11.9321,11203.9
394,6,0,8,11.9214,11147.1
384,6,0,8,11.9172,11125.9
385,6,0,8,11.9135,11106.6
377,6,0,8,11.9102,11088.6
386,6,0,8,11.8948,11009.2
380,6,0,8,11.8893,10979.4
466,6,0,8,11.8791,10926.9
465,6,0,8,11.8683,10878.3
810,6,0,9,12.2777,13000.4,0.0375,163.564,0.29,10
813,6,0,9,12.2673,12949.6
809,6,0,9,12.2404,12815
808,6,0,9,12.2312,12766.1
807,6,0,9,12.2219,12717.9
812,6,0,9,12.2217,12717.2
2008,6,0,9,12.2091,12635.3
412,6,0,10,12.4313,13766.2,0,0,0
398,6,0,10,12.417,13688.1
410,6,0,10,12.4167,13686.9
409,6,0,10,12.4006,13603.2
1985,6,0,10,12.3861,13525.8
881,6,0,10,12.3564,13369.5
814,6,0,10,12.336,13264.7
810,6,0,10,12.3152,13164
948,7,0,0,9.99857,1017.62,0.0391667,170.833,0.36,1
928,7,0,0,9.98859,961.847
923,7,0,0,9.95072,774.378
924,7,0,0,9.94244,735.064
914,7,0,0,9.92023,620.414
902,7,0,0,9.91274,579.948
887,7,0,0,9.89726,499.708
2012,7,0,0,9.87066,369.988
884,7,0,0,9.8666,348.667
1987,7,0,0,9.83006,162.519
413,7,0,0,9.81368,77.1309
411,7,0,0,9.80292,19.2235
412,7,0,0,9.8,0
943,7,0,1,10.1247,1632.29,0.0575,250.798,0.09,2
942,7,0,1,10.1175,1593.97
941,7,0,1,10.1058,1535.17
939,7,0,1,10.0853,1439.2
938,7,0,1,10.0674,1344.44
928,7,0,1,10.0513,1259.7
948,7,0,1,10.0377,1188.45
1589,7,0,2,10.4008,3049.17,0.0523333,228.262,0.28,3
1560,7,0,2,10.3667,2866.63
1321,7,0,2,10.3413,2734.95
1562,7,0,2,10.3277,2660.88
1563,7,0,2,10.2933,2476.21
2164,7,0,2,10.2814,2413.14
1313,7,0,2,10.2594,2293.67
1309,7,0,2,10.251,2245.33
1314,7,0,2,10.2504,2242.46
2163,7,0,2,10.2347,2158.44
2023,7,0,2,10.206,2005.48
1787,7,0,2,10.1983,1965.93
2020,7,0,2,10.1831,1887.02
943,7,0,2,10.1822,1883.09
294,7,0,3,10.8403,5452.32,0.0973333,424.539,0.34,4
295,7,0,3,10.8229,5358.01
338,7,0,3,10.8092,5281.66
339,7,0,3,10.8037,5244.66
346,7,0,3,10.7859,5147.47
347,7,0,3,10.7853,5144.45
354,7,0,3,10.7743,5080.88
803,7,0,3,10.7743,5080.51
804,7,0,3,10.7561,4992.95
818,7,0,3,10.7351,4879.4
819,7,0,3,10.7205,4800.2
2009,7,0,3,10.714,4753.09
2010,7,0,3,10.6984,4652.34
837,7,0,3,10.6911,4606.23
1774,7,0,3,10.6799,4537.48
849,7,0,3,10.6757,4514.71
850,7,0,3,10.6685,4465.56
852,7,0,3,10.6628,4422.61
865,7,0,3,10.656,4380.66
869,7,0,3,10.6408,4289.83
2066,7,0,3,10.6187,4176.1
1297,7,0,3,10.5925,4036.44
1299,7,0,3,10.5868,4004.45
1600,7,0,3,10.5854,3991
1306,7,0,3,10.5692,3900.13
1312,7,0,3,10.5691,3899.77
1602,7,0,3,10.5419,3752.38
1320,7,0,3,10.5263,3671.15
1321,7,0,3,10.511,3584.95
1560,7,0,3,10.4896,3470.21
1589,7,0,3,10.4531,3277.43
465,7,0,4,11.2545,7714.17,0.111333,485.602,0.18,5
464,7,0,4,11.2477,7681.1
460,7,0,4,11.2393,7634.49
372,7,0,4,11.2339,7600.41
371,7,0,4,11.2181,7495.7
2134,7,0,4,11.2126,7454.92
369,7,0,4,11.1962,7358.72
370,7,0,4,11.1912,7321.52
365,7,0,4,11.1429,7064.76
323,7,0,4,11.123,6939.98
108,7,0,4,11.1112,6872.46
321,7,0,4,11.1108,6870.22
1978,7,0,4,11.1028,6818.25
1979,7,0,4,11.0701,6608.07
329,7,0,4,11.0679,6590.61
2114,7,0,4,11.0627,6564.69
335,7,0,4,11.0523,6503.54
1819,7,0,4,11.0473,6474.55
344,7,0,4,11.0317,6378.77
343,7,0,4,11.0138,6282.7
1980,7,0,4,11.0047,6234.39
342,7,0,4,10.9986,6203.77
339,7,0,4,10.9818,6112.9
338,7,0,4,10.9719,6060.9
295,7,0,4,10.9545,5968.68
294,7,0,4,10.9377,5876.86
141,7,0,5,11.4603,8710.42,0.0505,220.266,0.03,6
142,7,0,5,11.4462,8631.19
362,7,0,5,11.4371,8581.37
363,7,0,5,11.4243,8507.41
367,7,0,5,11.4109,8434.97
368,7,0,5,11.4089,8421.51
372,7,0,5,11.3963,8354.3
460,7,0,5,11.3906,8319.75
464,7,0,5,11.3734,8236.58
465,7,0,5,11.3658,8199.78
1972,7,0,6,11.6604,9770.79,0.0608333,265.337,0.08,7
148,7,0,6,11.6338,9630.96
149,7,0,6,11.6298,9610.47
161,7,0,6,11.6156,9530.27
167,7,0,6,11.5984,9419.44
172,7,0,6,11.5823,9321.99
1535,7,0,6,11.5726,9270.38
177,7,0,6,11.5624,9216.23
184,7,0,6,11.5419,9104.9
141,7,0,6,11.5108,8930.69
1979,7,0,7,12.0437,11813.3,0.0556667,242.801,0.07,8
1978,7,0,7,12.0026,11584
107,7,0,7,11.9943,11530.1
1967,7,0,7,11.9913,11501.4
105,7,0,7,11.9664,11352.9
124,7,0,7,11.9531,11278.1
1970,7,0,7,11.9373,11185.1
122,7,0,7,11.9244,11119.8
127,7,0,7,11.889,10929.1
128,7,0,7,11.8848,10908
1717,7,0,7,11.8563,10756.9
129,7,0,7,11.8337,10631.8
130,7,0,7,11.8259,10592.8
1726,7,0,7,11.8193,10555.5
1723,7,0,7,11.8087,10498.5
2104,7,0,7,11.7989,10449.2
1724,7,0,7,11.7784,10339.1
1725,7,0,7,11.7759,10325.5
1727,7,0,7,11.7588,10231.4
149,7,0,7,11.7578,10221.7
148,7,0,7,11.753,10197.9
1972,7,0,7,11.7212,10036.1
2008,7,0,8,12.2133,12682.7,0.0393333,171.56,0.02,9
812,7,0,8,12.1954,12585
807,7,0,8,12.1952,12584.2
356,7,0,8,12.1791,12499.4
1981,7,0,8,12.1668,12415.9
345,7,0,8,12.1467,12312.4
341,7,0,8,12.1373,12262.4
2132,7,0,8,12.1371,12260.3
328,7,0,8,12.1204,12164.8
2115,7,0,8,12.1104,12111.6
329,7,0,8,12.1066,12091.6
1979,7,0,8,12.0993,12056.1
810,7,0,9,12.3213,13219.4,0.0375,163.564,0.29,10
813,7,0,9,12.3109,13168.6
809,7,0,9,12.284,13033.9
808,7,0,9,12.2748,12985.1
807,7,0,9,12.2655,12936.9
812,7,0,9,12.2653,12936.1
2008,7,0,9,12.2527,12854.3
412,7,0,10,12.4749,13985.1,0,0,0
398,7,0,10,12.4606,13907.1
410,7,0,10,12.4603,13905.9
409,7,0,10,12.4442,13822.1
1985,7,0,10,12.4297,13744.8
881,7,0,10,12.3999,13588.5
814,7,0,10,12.3796,13483.7
810,7,0,10,12.3588,13383
465,8,0,0,10.9902,777.97,0.0695,303.138,0.16,1
464,8,0,0,10.9836,745.345
460,8,0,0,10.976,702.293
372,8,0,0,10.9697,666.868
371,8,0,0,10.9511,558.413
2134,8,0,0,10.9457,517.634
2136,8,0,0,10.934,453.922
393,8,0,0,10.9019,288.91
401,8,0,0,10.8897,221.946
400,8,0,0,10.8665,91.0573
411,8,0,0,10.8527,19.0468
412,8,0,0,10.85,0
141,8,0,1,11.1541,1591.76,0.0505,220.266,0.03,2
142,8,0,1,11.1401,1512.52
362,8,0,1,11.131,1462.7
363,8,0,1,11.1182,1388.74
367,8,0,1,11.1047,1316.3
368,8,0,1,11.1028,1302.84
372,8,0,1,11.0902,1235.64
460,8,0,1,11.0844,1201.09
464,8,0,1,11.0673,1117.91
465,8,0,1,11.0597,1081.11
1972,8,0,2,11.3543,2652.12,0.0608333,265.337,0.08,3
148,8,0,2,11.3277,2512.29
149,8,0,2,11.3237,2491.8
161,8,0,2,11.3095,2411.6
167,8,0,2,11.2923,2300.77
172,8,0,2,11.2762,2203.32
1535,8,0,2,11.2665,2151.72
177,8,0,2,11.2563,2097.56
184,8,0,2,11.2358,1986.23
141,8,0,2,11.2046,1812.02
1979,8,0,3,11.7375,4694.63,0.0433333,189.007,0.09,4
1978,8,0,3,11.6965,4465.38
107,8,0,3,11.6882,4411.47
1967,8,0,3,11.6852,4382.76
105,8,0,3,11.6603,4234.27
124,8,0,3,11.647,4159.48
1970,8,0,3,11.6312,4066.39
122,8,0,3,11.6183,4001.12
127,8,0,3,11.5829,3810.48
128,8,0,3,11.5787,3789.29
1717,8,0,3,11.5501,3638.25
129,8,0,3,11.5276,3513.12
130,8,0,3,11.5198,3474.12
1726,8,0,3,11.5132,3436.84
1723,8,0,3,11.5026,3379.79
2104,8,0,3,11.4928,3330.57
1724,8,0,3,11.4723,3220.45
1725,8,0,3,11.4698,3206.83
1727,8,0,3,11.4526,3112.68
149,8,0,3,11.4517,3103.06
148,8,0,3,11.4469,3079.27
1972,8,0,3,11.4151,2917.46
2008,8,0,4,11.889,5493.06,0.0795,346.755,0.05,5
812,8,0,4,11.8726,5401.74
807,8,0,4,11.8724,5400.95
356,8,0,4,11.8596,5330.53
1981,8,0,4,11.8473,5247.02
345,8,0,4,11.8256,5136.95
341,8,0,4,11.8162,5086.7
2132,8,0,4,11.8159,5084.66
328,8,0,4,11.8021,4993.08
2115,8,0,4,11.7907,4934.09
329,8,0,4,11.7868,4913.39
1979,8,0,4,11.7809,4883.64
810,8,0,5,12.034,6191.21,0.0375,163.564,0.29,6
813,8,0,5,12.0235,6140.41
809,8,0,5,11.9979,6011.19
808,8,0,5,11.99,5967.71
807,8,0,5,11.9814,5922.52
812,8,0,5,11.9812,5921.73
2008,8,0,5,11.9685,5839.82
412,8,0,6,12.1875,6956.93,0,0,0
398,8,0,6,12.1732,6878.87
410,8,0,6,12.173,6877.66
409,8,0,6,12.1568,6793.93
1985,8,0,6,12.1423,6716.58
881,8,0,6,12.1126,6560.24
814,8,0,6,12.0923,6455.48
810,8,0,6,12.0715,6354.78
294,8,1,0,9.26621,1448.73,0.0963333,420.177,0.3,1
295,8,1,0,9.24867,1353.83
338,8,1,0,9.2331,1269.62
339,8,1,0,9.22767,1232.63
342,8,1,0,9.20155,1102.41
343,8,1,0,9.18551,1024.34
344,8,1,0,9.16773,928.994
1819,8,1,0,9.15257,833.761
335,8,1,0,9.14766,804.919
2114,8,1,0,9.134,731.261
329,8,1,0,9.1314,716.09
2115,8,1,0,9.12713,693.73
330,8,1,0,9.11236,610.461
336,8,1,0,9.09073,498.645
388,8,1,0,9.06261,347.265
397,8,1,0,9.03292,184.096
399,8,1,0,9.01791,100.956
411,8,1,0,9.00292,19.2235
412,8,1,0,9,0
1589,8,1,1,9.73586,3973.07,0.0506667,220.993,0.28,2
1560,8,1,1,9.70101,3787.18
1591,8,1,1,9.67677,3658.93
1559,8,1,1,9.65904,3563.75
1320,8,1,1,9.6551,3542.96
1602,8,1,1,9.64673,3486.01
1312,8,1,1,9.62362,3356.6
1306,8,1,1,9.62355,3356.24
1599,8,1,1,9.60619,3260.56
1300,8,1,1,9.60069,3230.44
1298,8,1,1,9.59533,3201.11
2176,8,1,1,9.58863,3161.63
2066,8,1,1,9.57741,3093.26
869,8,1,1,9.56497,3016.43
865,8,1,1,9.54717,2917.59
852,8,1,1,9.54025,2875.47
850,8,1,1,9.53359,2831.98
849,8,1,1,9.5259,2782.29
1774,8,1,1,9.52255,2763.28
837,8,1,1,9.51113,2694.21
2010,8,1,1,9.49823,2627.32
2009,8,1,1,9.47477,2501.14
819,8,1,1,9.46644,2452.06
818,8,1,1,9.45375,2381.34
804,8,1,1,9.43572,2280.57
803,8,1,1,9.4284,2237.56
354,8,1,1,9.42833,2237.18
353,8,1,1,9.42596,2226.09
314,8,1,1,9.41726,2177.29
312,8,1,1,9.41312,2154.36
313,8,1,1,9.40745,2119.21
306,8,1,1,9.39434,2048.14
297,8,1,1,9.38828,2013.94
295,8,1,1,9.37801,1954.83
294,8,1,1,9.36254,1868.9
948,8,1,2,9.95646,5099.85,0.0391667,170.833,0.36,3
1598,8,1,2,9.94463,5044.28
2025,8,1,2,9.94038,5021.54
2024,8,1,2,9.92675,4946.85
1301,8,1,2,9.9159,4888.35
1306,8,1,2,9.89932,4802.73
1312,8,1,2,9.89924,4802.36
1602,8,1,2,9.86858,4640.42
1320,8,1,2,9.85439,4564.94
1321,8,1,2,9.83942,4480.29
1560,8,1,2,9.81871,4368.47
1589,8,1,2,9.78653,4194.06
943,8,1,3,10.0756,5685.94,0.0575,250.798,0.09,4
942,8,1,3,10.0673,5642.99
941,8,1,3,10.0556,5584.19
939,8,1,3,10.0441,5525.19
938,8,1,3,10.0241,5421.47
928,8,1,3,10.0089,5340.74
948,8,1,3,9.99563,5270.69
412,8,1,4,10.3606,7112.19,0,0,0
414,8,1,4,10.3467,7041.61
427,8,1,4,10.3319,6962.21
1987,8,1,4,10.3261,6933.15
428,8,1,4,10.3211,6907.78
429,8,1,4,10.2962,6785.55
886,8,1,4,10.2604,6607.26
888,8,1,4,10.2434,6512.93
903,8,1,4,10.2338,6460.89
904,8,1,4,10.2305,6442.98
925,8,1,4,10.2085,6321.82
2019,8,1,4,10.2011,6285.99
929,8,1,4,10.2006,6284.01
938,8,1,4,10.1883,6216.36
939,8,1,4,10.1669,6106.79
941,8,1,4,10.1534,6039.53
942,8,1,4,10.1411,5978.3
943,8,1,4,10.1331,5936.73
465,9,0,0,11.0802,777.97,0.111333,485.602,0.18,1
464,9,0,0,11.0736,745.345
460,9,0,0,11.0659,702.293
372,9,0,0,11.0597,666.868
371,9,0,0,11.0411,558.413
2134,9,0,0,11.0357,517.634
2136,9,0,0,11.024,453.922
393,9,0,0,10.9919,288.91
401,9,0,0,10.9797,221.946
400,9,0,0,10.9565,91.0573
411,9,0,0,10.9427,19.0468
412,9,0,0,10.94,0
141,9,0,1,11.286,1774.22,0.0505,220.266,0.03,2
142,9,0,1,11.2719,1694.99
362,9,0,1,11.2628,1645.16
363,9,0,1,11.25,1571.2
367,9,0,1,11.2366,1498.76
368,9,0,1,11.2346,1485.3
372,9,0,1,11.222,1418.1
460,9,0,1,11.2163,1383.55
464,9,0,1,11.1991,1300.38
465,9,0,1,11.1915,1263.57
1972,9,0,2,11.4861,2834.58,0.0608333,265.337,0.08,3
148,9,0,2,11.4595,2694.76
149,9,0,2,11.4555,2674.27
161,9,0,2,11.4413,2594.07
167,9,0,2,11.4242,2483.24
172,9,0,2,11.408,2385.79
1535,9,0,2,11.3984,2334.18
177,9,0,2,11.3881,2280.02
184,9,0,2,11.3677,2168.69
141,9,0,2,11.3365,1994.49
1979,9,0,3,11.8694,4877.09,0.0433333,189.007,0.09,4
1978,9,0,3,11.8283,4647.84
107,9,0,3,11.82,4593.93
1967,9,0,3,11.817,4565.23
105,9,0,3,11.7922,4416.74
124,9,0,3,11.7788,4341.94
1970,9,0,3,11.763,4248.86
122,9,0,3,11.7501,4183.58
127,9,0,3,11.7148,3992.94
128,9,0,3,11.7105,3971.75
1717,9,0,3,11.682,3820.71
129,9,0,3,11.6594,3695.59
130,9,0,3,11.6517,3656.58
1726,9,0,3,11.645,3619.3
1723,9,0,3,11.6345,3562.25
2104,9,0,3,11.6247,3513.03
1724,9,0,3,11.6041,3402.91
1725,9,0,3,11.6016,3389.29
1727,9,0,3,11.5845,3295.15
149,9,0,3,11.5835,3285.52
148,9,0,3,11.5788,3261.73
1972,9,0,3,11.5469,3099.92
2008,9,0,4,12.0209,5675.53,0.0393333,171.56,0.02,5
812,9,0,4,12.0044,5584.2
807,9,0,4,12.0042,5583.41
356,9,0,4,11.9914,5512.99
1981,9,0,4,11.9792,5429.48
345,9,0,4,11.9574,5319.41
341,9,0,4,11.948,5269.16
2132,9,0,4,11.9478,5267.13
328,9,0,4,11.9339,5175.54
2115,9,0,4,11.9225,5116.55
329,9,0,4,11.9186,5095.85
1979,9,0,4,11.9127,5066.1
810,9,0,5,12.1288,6212.22,0.0375,163.564,0.29,6
813,9,0,5,12.1184,6161.42
809,9,0,5,12.0915,6026.73
808,9,0,5,12.0823,5977.91
807,9,0,5,12.073,5929.72
812,9,0,5,12.0729,5928.93
2008,9,0,5,12.0602,5847.09
412,9,0,6,12.2824,6977.93,0,0,0
398,9,0,6,12.2681,6899.87
410,9,0,6,12.2678,6898.66
409,9,0,6,12.2517,6814.93
1985,9,0,6,12.2372,6737.58
881,9,0,6,12.2075,6581.25
814,9,0,6,12.1871,6476.49
810,9,0,6,12.1663,6375.78
294,9,1,0,9.26621,1448.73,0.0963333,420.177,0.3,1
295,9,1,0,9.24867,1353.83
338,9,1,0,9.2331,1269.62
339,9,1,0,9.22767,1232.63
342,9,1,0,9.20155,1102.41
343,9,1,0,9.18551,1024.34
344,9,1,0,9.16773,928.994
1819,9,1,0,9.15257,833.761
335,9,1,0,9.14766,804.919
2114,9,1,0,9.134,731.261
329,9,1,0,9.1314,716.09
2115,9,1,0,9.12713,693.73
330,9,1,0,9.11236,610.461
336,9,1,0,9.09073,498.645
388,9,1,0,9.06261,347.265
397,9,1,0,9.03292,184.096
399,9,1,0,9.01791,100.956
411,9,1,0,9.00292,19.2235
412,9,1,0,9,0
1589,9,1,1,9.73586,3973.07,0.0506667,220.993,0.28,2
1560,9,1,1,9.70101,3787.18
1591,9,1,1,9.67677,3658.93
1559,9,1,1,9.65904,3563.75
1320,9,1,1,9.6551,3542.96
1602,9,1,1,9.64673,3486.01
1312,9,1,1,9.62362,3356.6
1306,9,1,1,9.62355,3356.24
1599,9,1,1,9.60619,3260.56
1300,9,1,1,9.60069,3230.44
1298,9,1,1,9.59533,3201.11
2176,9,1,1,9.58863,3161.63
2066,9,1,1,9.57741,3093.26
869,9,1,1,9.56497,3016.43
865,9,1,1,9.54717,2917.59
852,9,1,1,9.54025,2875.47
850,9,1,1,9.53359,2831.98
849,9,1,1,9.5259,2782.29
1774,9,1,1,9.52255,2763.28
837,9,1,1,9.51113,2694.21
2010,9,1,1,9.49823,2627.32
2009,9,1,1,9.47477,2501.14
819,9,1,1,9.46644,2452.06
818,9,1,1,9.45375,2381.34
804,9,1,1,9.43572,2280.57
803,9,1,1,9.4284,2237.56
354,9,1,1,9.42833,2237.18
353,9,1,1,9.42596,2226.09
314,9,1,1,9.41726,2177.29
312,9,1,1,9.41312,2154.36
313,9,1,1,9.40745,2119.21
306,9,1,1,9.39434,2048.14
297,9,1,1,9.38828,2013.94
295,9,1,1,9.37801,1954.83
294,9,1,1,9.36254,1868.9
948,9,1,2,9.95646,5099.85,0.0391667,170.833,0.36,3
1598,9,1,2,9.94463,5044.28
2025,9,1,2,9.94038,5021.54
2024,9,1,2,9.92675,4946.85
1301,9,1,2,9.9159,4888.35
1306,9,1,2,9.89932,4802.73
1312,9,1,2,9.89924,4802.36
1602,9,1,2,9.86858,4640.42
1320,9,1,2,9.85439,4564.94
1321,9,1,2,9.83942,4480.29
1560,9,1,2,9.81871,4368.47
1589,9,1,2,9.78653,4194.06
943,9,1,3,10.0756,5685.94,0.0575,250.798,0.09,4
942,9,1,3,10.0673,5642.99
941,9,1,3,10.0556,5584.19
939,9,1,3,10.0441,5525.19
938,9,1,3,10.0241,5421.47
928,9,1,3,10.0089,5340.74
948,9,1,3,9.99563,5270.69
412,9,1,4,10.3606,7112.19,0,0,0
414,9,1,4,10.3467,7041.61
427,9,1,4,10.3319,6962.21
1987,9,1,4,10.3261,6933.15
428,9,1,4,10.3211,6907.78
429,9,1,4,10.2962,6785.55
886,9,1,4,10.2604,6607.26
888,9,1,4,10.2434,6512.93
903,9,1,4,10.2338,6460.89
904,9,1,4,10.2305,6442.98
925,9,1,4,10.2085,6321.82
2019,9,1,4,10.2011,6285.99
929,9,1,4,10.2006,6284.01
938,9,1,4,10.1883,6216.36
939,9,1,4,10.1669,6106.79
941,9,1,4,10.1534,6039.53
942,9,1,4,10.1411,5978.3
943,9,1,4,10.1331,5936.73
465,10,0,0,11.365,803.071,0.111333,485.602,0.18,1
464,10,0,0,11.3577,767.503
460,10,0,0,11.3482,716.244
372,10,0,0,11.3424,681.736
371,10,0,0,11.3256,575.841
2134,10,0,0,11.3203,535.054
2136,10,0,0,11.3078,467.409
393,10,0,0,11.2751,300.393
392,10,0,0,11.2571,199.844
400,10,0,0,11.2368,93.075
411,10,0,0,11.2225,19.0121
412,10,0,0,11.22,0
141,10,0,1,11.5708,1799.32,0.0505,220.266,0.03,2
142,10,0,1,11.5567,1720.09
362,10,0,1,11.5476,1670.26
363,10,0,1,11.5349,1596.3
367,10,0,1,11.5214,1523.86
368,10,0,1,11.5194,1510.41
372,10,0,1,11.5069,1443.2
460,10,0,1,11.5011,1408.65
464,10,0,1,11.484,1325.48
465,10,0,1,11.4763,1288.67
1972,10,0,2,11.7709,2859.69,0.0608333,265.337,0.08,3
148,10,0,2,11.7443,2719.86
149,10,0,2,11.7403,2699.37
161,10,0,2,11.7261,2619.17
167,10,0,2,11.709,2508.34
172,10,0,2,11.6928,2410.89
1535,10,0,2,11.6832,2359.28
177,10,0,2,11.6729,2305.12
184,10,0,2,11.6525,2193.79
141,10,0,2,11.6213,2019.59
1979,10,0,3,12.1542,4902.2,0.0556667,242.801,0.07,4
1978,10,0,3,12.1131,4672.94
107,10,0,3,12.1048,4619.04
1967,10,0,3,12.1018,4590.33
105,10,0,3,12.077,4441.84
124,10,0,3,12.0636,4367.04
1970,10,0,3,12.0478,4273.96
122,10,0,3,12.0349,4208.69
127,10,0,3,11.9996,4018.04
128,10,0,3,11.9953,3996.85
1717,10,0,3,11.9668,3845.81
129,10,0,3,11.9442,3720.69
130,10,0,3,11.9365,3681.68
1726,10,0,3,11.9298,3644.41
1723,10,0,3,11.9193,3587.35
2104,10,0,3,11.9095,3538.13
1724,10,0,3,11.889,3428.01
1725,10,0,3,11.8865,3414.39
1727,10,0,3,11.8693,3320.25
149,10,0,3,11.8684,3310.62
148,10,0,3,11.8636,3286.83
1972,10,0,3,11.8318,3125.02
2008,10,0,4,12.3239,5771.64,0.0393333,171.56,0.02,5
812,10,0,4,12.306,5673.93
807,10,0,4,12.3058,5673.15
356,10,0,4,12.2896,5588.34
1981,10,0,4,12.2774,5504.83
345,10,0,4,12.2572,5401.26
341,10,0,4,12.2478,5351.28
2132,10,0,4,12.2476,5349.23
328,10,0,4,12.2309,5253.69
2115,10,0,4,12.2209,5200.5
329,10,0,4,12.2172,5180.45
1979,10,0,4,12.2099,5145
810,10,0,5,12.4319,6308.33,0.0375,163.564,0.29,6
813,10,0,5,12.4214,6257.53
809,10,0,5,12.3945,6122.84
808,10,0,5,12.3853,6074.02
807,10,0,5,12.376,6025.83
812,10,0,5,12.3759,6025.05
2008,10,0,5,12.3632,5943.2
412,10,0,6,12.5854,7074.05,0,0,0
398,10,0,6,12.5711,6995.98
410,10,0,6,12.5709,6994.77
409,10,0,6,12.5547,6911.04
1985,10,0,6,12.5402,6833.69
881,10,0,6,12.5105,6677.36
814,10,0,6,12.4902,6572.6
810,10,0,6,12.4694,6471.89
294,10,1,0,9.26621,1448.73,0.0963333,420.177,0.3,1
295,10,1,0,9.24867,1353.83
338,10,1,0,9.2331,1269.62
339,10,1,0,9.22767,1232.63
342,10,1,0,9.20155,1102.41
343,10,1,0,9.18551,1024.34
344,10,1,0,9.16773,928.994
1819,10,1,0,9.15257,833.761
335,10,1,0,9.14766,804.919
2114,10,1,0,9.134,731.261
329,10,1,0,9.1314,716.09
2115,10,1,0,9.12713,693.73
330,10,1,0,9.11236,610.461
336,10,1,0,9.09073,498.645
388,10,1,0,9.06261,347.265
397,10,1,0,9.03292,184.096
399,10,1,0,9.01791,100.956
411,10,1,0,9.00292,19.2235
412,10,1,0,9,0
1589,10,1,1,9.73586,3973.07,0.0506667,220.993,0.28,2
1560,10,1,1,9.70101,3787.18
1591,10,1,1,9.67677,3658.93
1559,10,1,1,9.65904,3563.75
1320,10,1,1,9.6551,3542.96
1602,10,1,1,9.64673,3486.01
1312,10,1,1,9.62362,3356.6
1306,10,1,1,9.62355,3356.24
1599,10,1,1,9.60619,3260.56
1300,10,1,1,9.60069,3230.44
1298,10,1,1,9.59533,3201.11
2176,10,1,1,9.58863,3161.63
2066,10,1,1,9.57741,3093.26
869,10,1,1,9.56497,3016.43
865,10,1,1,9.54717,2917.59
852,10,1,1,9.54025,2875.47
850,10,1,1,9.53359,2831.98
849,10,1,1,9.5259,2782.29
1774,10,1,1,9.52255,2763.28
837,10,1,1,9.51113,2694.21
2010,10,1,1,9.49823,2627.32
2009,10,1,1,9.47477,2501.14
819,10,1,1,9.46644,2452.06
818,10,1,1,9.45375,2381.34
804,10,1,1,9.43572,2280.57
803,10,1,1,9.4284,2237.56
354,10,1,1,9.42833,2237.18
353,10,1,1,9.42596,2226.09
314,10,1,1,9.41726,2177.29
312,10,1,1,9.41312,2154.36
313,10,1,1,9.40745,2119.21
306,10,1,1,9.39434,2048.14
297,10,1,1,9.38828,2013.94
295,10,1,1,9.37801,1954.83
294,10,1,1,9.36254,1868.9
948,10,1,2,9.95646,5099.85,0.0391667,170.833,0.36,3
1598,10,1,2,9.94463,5044.28
2025,10,1,2,9.94038,5021.54
2024,10,1,2,9.92675,4946.85
1301,10,1,2,9.9159,4888.35
1306,10,1,2,9.89932,4802.73
1312,10,1,2,9.89924,4802.36
1602,10,1,2,9.86858,4640.42
1320,10,1,2,9.85439,4564.94
1321,10,1,2,9.83942,4480.29
1560,10,1,2,9.81871,4368.47
1589,10,1,2,9.78653,4194.06
943,10,1,3,10.0756,5685.94,0.0575,250.798,0.09,4
942,10,1,3,10.0673,5642.99
941,10,1,3,10.0556,5584.19
939,10,1,3,10.0441,5525.19
938,10,1,3,10.0241,5421.47
928,10,1,3,10.0089,5340.74
948,10,1,3,9.99563,5270.69
412,10,1,4,10.3606,7112.19,0,0,0
414,10,1,4,10.3467,7041.61
427,10,1,4,10.3319,6962.21
1987,10,1,4,10.3261,6933.15
428,10,1,4,10.3211,6907.78
429,10,1,4,10.2962,6785.55
886,10,1,4,10.2604,6607.26
888,10,1,4,10.2434,6512.93
903,10,1,4,10.2338,6460.89
904,10,1,4,10.2305,6442.98
925,10,1,4,10.2085,6321.82
2019,10,1,4,10.2011,6285.99
929,10,1,4,10.2006,6284.01
938,10,1,4,10.1883,6216.36
939,10,1,4,10.1669,6106.79
941,10,1,4,10.1534,6039.53
942,10,1,4,10.1411,5978.3
943,10,1,4,10.1331,5936.73
465,11,0,0,11.685,803.071,0.111333,485.602,0.18,1
464,11,0,0,11.6777,767.503
460,11,0,0,11.6682,716.244
372,11,0,0,11.6624,681.736
371,11,0,0,11.6456,575.841
2134,11,0,0,11.6403,535.054
2136,11,0,0,11.6278,467.409
393,11,0,0,11.5951,300.393
392,11,0,0,11.5771,199.844
400,11,0,0,11.5568,93.075
411,11,0,0,11.5425,19.0121
412,11,0,0,11.54,0
1972,11,0,1,11.9859,2333.4,0.0608333,265.337,0.08,2
148,11,0,1,11.9593,2193.58
149,11,0,1,11.9553,2173.09
161,11,0,1,11.9411,2092.89
167,11,0,1,11.9239,1982.06
172,11,0,1,11.9078,1884.61
1535,11,0,1,11.8981,1833
177,11,0,1,11.8879,1778.84
185,11,0,1,11.8766,1717.81
441,11,0,1,11.8641,1653.64
1857,11,0,1,11.8595,1630.6
1990,11,0,1,11.8425,1543.54
462,11,0,1,11.8338,1489.5
461,11,0,1,11.8314,1475
460,11,0,1,11.8211,1408.65
464,11,0,1,11.804,1325.48
465,11,0,1,11.7963,1288.67
141,11,0,2,12.1972,3399.7,0.0695,303.138,0.01,3
137,11,0,2,12.1934,3373.75
134,11,0,2,12.1664,3232.58
129,11,0,2,12.1583,3190.87
130,11,0,2,12.1516,3155.9
1726,11,0,2,12.1431,3111
1723,11,0,2,12.1319,3051.11
2104,11,0,2,12.1199,2992.64
1724,11,0,2,12.0989,2880.51
1725,11,0,2,12.0942,2857.41
1727,11,0,2,12.0754,2756.41
149,11,0,2,12.0745,2746.79
148,11,0,2,12.0696,2722.88
1972,11,0,2,12.0467,2598.74
1979,11,0,3,12.4862,5087.91,0.0556667,242.801,0.07,4
1978,11,0,3,12.4463,4863.9
321,11,0,3,12.4327,4792.52
322,11,0,3,12.4171,4706.96
323,11,0,3,12.417,4706.3
365,11,0,3,12.3979,4582.57
370,11,0,3,12.378,4380.9
369,11,0,3,12.3733,4343.64
2134,11,0,3,12.3635,4248
371,11,0,3,12.3586,4206.95
372,11,0,3,12.3405,4099.17
368,11,0,3,12.327,4028.26
367,11,0,3,12.3234,4009.35
363,11,0,3,12.3047,3914.69
362,11,0,3,12.288,3824.62
142,11,0,3,12.2805,3781.15
141,11,0,3,12.2667,3702.84
2008,11,0,4,12.6559,5957.35,0.0393333,171.56,0.02,5
812,11,0,4,12.6379,5859.65
807,11,0,4,12.6378,5858.86
356,11,0,4,12.6216,5774.05
1981,11,0,4,12.6093,5690.54
345,11,0,4,12.5892,5586.97
341,11,0,4,12.5798,5536.99
2132,11,0,4,12.5796,5534.94
328,11,0,4,12.5629,5439.4
2115,11,0,4,12.5529,5386.21
329,11,0,4,12.5491,5366.17
1979,11,0,4,12.5418,5330.71
810,11,0,5,12.7638,6494.04,0.0375,163.564,0.29,6
813,11,0,5,12.7534,6443.24
809,11,0,5,12.7265,6308.56
808,11,0,5,12.7173,6259.73
807,11,0,5,12.708,6211.55
812,11,0,5,12.7079,6210.76
2008,11,0,5,12.6952,6128.91
412,11,0,6,12.9174,7259.76,0,0,0
398,11,0,6,12.9031,7181.69
410,11,0,6,12.9028,7180.49
409,11,0,6,12.8867,7096.75
1985,11,0,6,12.8722,7019.41
881,11,0,6,12.8425,6863.07
814,11,0,6,12.8221,6758.31
810,11,0,6,12.8013,6657.61
294,11,1,0,9.26621,1448.73,0.0963333,420.177,0.3,1
295,11,1,0,9.24867,1353.83
338,11,1,0,9.2331,1269.62
339,11,1,0,9.22767,1232.63
342,11,1,0,9.20155,1102.41
343,11,1,0,9.18551,1024.34
344,11,1,0,9.16773,928.994
1819,11,1,0,9.15257,833.761
335,11,1,0,9.14766,804.919
2114,11,1,0,9.134,731.261
329,11,1,0,9.1314,716.09
2115,11,1,0,9.12713,693.73
330,11,1,0,9.11236,610.461
336,11,1,0,9.09073,498.645
388,11,1,0,9.06261,347.265
397,11,1,0,9.03292,184.096
399,11,1,0,9.01791,100.956
411,11,1,0,9.00292,19.2235
412,11,1,0,9,0
1589,11,1,1,9.73586,3973.07,0.0506667,220.993,0.28,2
1560,11,1,1,9.70101,3787.18
1591,11,1,1,9.67677,3658.93
1559,11,1,1,9.65904,3563.75
1320,11,1,1,9.6551,3542.96
1602,11,1,1,9.64673,3486.01
1312,11,1,1,9.62362,3356.6
1306,11,1,1,9.62355,3356.24
1599,11,1,1,9.60619,3260.56
1300,11,1,1,9.60069,3230.44
1298,11,1,1,9.59533,3201.11
2176,11,1,1,9.58863,3161.63
2066,11,1,1,9.57741,3093.26
869,11,1,1,9.56497,3016.43
865,11,1,1,9.54717,2917.59
852,11,1,1,9.54025,2875.47
850,11,1,1,9.53359,2831.98
849,11,1,1,9.5259,2782.29
1774,11,1,1,9.52255,2763.28
837,11,1,1,9.51113,2694.21
2010,11,1,1,9.49823,2627.32
2009,11,1,1,9.47477,2501.14
819,11,1,1,9.46644,2452.06
818,11,1,1,9.45375,2381.34
804,11,1,1,9.43572,2280.57
803,11,1,1,9.4284,2237.56
354,11,1,1,9.42833,2237.18
353,11,1,1,9.42596,2226.09
314,11,1,1,9.41726,2177.29
312,11,1,1,9.41312,2154.36
313,11,1,1,9.40745,2119.21
306,11,1,1,9.39434,2048.14
297,11,1,1,9.38828,2013.94
295,11,1,1,9.37801,1954.83
294,11,1,1,9.36254,1868.9
948,11,1,2,9.95646,5099.85,0.0391667,170.833,0.36,3
1598,11,1,2,9.94463,5044.28
2025,11,1,2,9.94038,5021.54
2024,11,1,2,9.92675,4946.85
1301,11,1,2,9.9159,4888.35
1306,11,1,2,9.89932,4802.73
1312,11,1,2,9.89924,4802.36
1602,11,1,2,9.86858,4640.42
1320,11,1,2,9.85439,4564.94
1321,11,1,2,9.83942,4480.29
1560,11,1,2,9.81871,4368.47
1589,11,1,2,9.78653,4194.06
943,11,1,3,10.0756,5685.94,0.0575,250.798,0.09,4
942,11,1,3,10.0673,5642.99
941,11,1,3,10.0556,5584.19
939,11,1,3,10.0441,5525.19
938,11,1,3,10.0241,5421.47
928,11,1,3,10.0089,5340.74
948,11,1,3,9.99563,5270.69
412,11,1,4,10.3606,7112.19,0,0,0
414,11,1,4,10.3467,7041.61
427,11,1,4,10.3319,6962.21
1987,11,1,4,10.3261,6933.15
428,11,1,4,10.3211,6907.78
429,11,1,4,10.2962,6785.55
886,11,1,4,10.2604,6607.26
888,11,1,4,10.2434,6512.93
903,11,1,4,10.2338,6460.89
904,11,1,4,10.2305,6442.98
925,11,1,4,10.2085,6321.82
2019,11,1,4,10.2011,6285.99
929,11,1,4,10.2006,6284.01
938,11,1,4,10.1883,6216.36
939,11,1,4,10.1669,6106.79
941,11,1,4,10.1534,6039.53
942,11,1,4,10.1411,5978.3
943,11,1,4,10.1331,5936.73
1972,12,0,0,11.9414,1634.47,0.0608333,265.337,0.08,1
148,12,0,0,11.9164,1501.37
149,12,0,0,11.9124,1480.68
161,12,0,0,11.8981,1400.48
167,12,0,0,11.881,1289.65
172,12,0,0,11.8649,1192.2
1535,12,0,0,11.8552,1140.59
177,12,0,0,11.8449,1086.44
185,12,0,0,11.8336,1025.41
441,12,0,0,11.8211,961.228
1857,12,0,0,11.8166,938.193
1990,12,0,0,11.7996,851.133
462,12,0,0,11.7908,797.091
461,12,0,0,11.7885,782.594
460,12,0,0,11.7782,716.244
372,12,0,0,11.7724,681.736
371,12,0,0,11.7556,575.841
2134,12,0,0,11.7503,535.054
2136,12,0,0,11.7378,467.409
393,12,0,0,11.7051,300.393
392,12,0,0,11.6871,199.844
400,12,0,0,11.6668,93.075
411,12,0,0,11.6525,19.0121
412,12,0,0,11.65,0
141,12,0,1,12.1528,2700.77,0.0695,303.138,0.01,2
137,12,0,1,12.149,2674.81
134,12,0,1,12.122,2533.65
129,12,0,1,12.1139,2491.93
130,12,0,1,12.1071,2456.96
1726,12,0,1,12.0987,2412.06
1723,12,0,1,12.0875,2352.18
2104,12,0,1,12.0754,2293.7
1724,12,0,1,12.0545,2181.58
1725,12,0,1,12.0497,2158.47
1727,12,0,1,12.0309,2057.48
149,12,0,1,12.03,2047.86
148,12,0,1,12.0252,2023.94
1972,12,0,1,12.0023,1899.8
1979,12,0,2,12.4417,4388.97,0.0556667,242.801,0.07,3
1978,12,0,2,12.4018,4164.97
321,12,0,2,12.3883,4093.58
322,12,0,2,12.3726,4008.02
323,12,0,2,12.3725,4007.36
365,12,0,2,12.3534,3883.64
370,12,0,2,12.3335,3681.97
369,12,0,2,12.3289,3644.7
2134,12,0,2,12.319,3549.06
371,12,0,2,12.3141,3508.02
372,12,0,2,12.296,3400.23
368,12,0,2,12.2826,3329.32
367,12,0,2,12.279,3310.42
363,12,0,2,12.2603,3215.76
362,12,0,2,12.2435,3125.69
142,12,0,2,12.236,3082.21
141,12,0,2,12.2223,3003.91
2008,12,0,3,12.6114,5258.41,0.0393333,171.56,0.02,4
812,12,0,3,12.5935,5160.71
807,12,0,3,12.5933,5159.92
356,12,0,3,12.5771,5075.11
1981,12,0,3,12.5649,4991.61
345,12,0,3,12.5447,4888.03
341,12,0,3,12.5353,4838.06
2132,12,0,3,12.5351,4836.01
328,12,0,3,12.5184,4740.47
2115,12,0,3,12.5084,4687.27
329,12,0,3,12.5047,4667.23
1979,12,0,3,12.4974,4631.77
810,12,0,4,12.7194,5795.11,0.0375,163.564,0.29,5
813,12,0,4,12.7089,5744.3
809,12,0,4,12.682,5609.62
808,12,0,4,12.6728,5560.8
807,12,0,4,12.6636,5512.61
812,12,0,4,12.6634,5511.82
2008,12,0,4,12.6507,5429.97
412,12,0,5,12.8729,6560.82,0,0,0
398,12,0,5,12.8586,6482.76
410,12,0,5,12.8584,6481.55
409,12,0,5,12.8423,6397.82
1985,12,0,5,12.8278,6320.47
881,12,0,5,12.798,6164.13
814,12,0,5,12.7777,6059.37
810,12,0,5,12.7569,5958.67
294,12,1,0,9.26621,1448.73,0.0963333,420.177,0.3,1
295,12,1,0,9.24867,1353.83
338,12,1,0,9.2331,1269.62
339,12,1,0,9.22767,1232.63
342,12,1,0,9.20155,1102.41
343,12,1,0,9.18551,1024.34
344,12,1,0,9.16773,928.994
1819,12,1,0,9.15257,833.761
335,12,1,0,9.14766,804.919
2114,12,1,0,9.134,731.261
329,12,1,0,9.1314,716.09
2115,12,1,0,9.12713,693.73
330,12,1,0,9.11236,610.461
336,12,1,0,9.09073,498.645
388,12,1,0,9.06261,347.265
397,12,1,0,9.03292,184.096
399,12,1,0,9.01791,100.956
411,12,1,0,9.00292,19.2235
412,12,1,0,9,0
1589,12,1,1,9.73586,3973.07,0.0506667,220.993,0.28,2
1560,12,1,1,9.70101,3787.18
1591,12,1,1,9.67677,3658.93
1559,12,1,1,9.65904,3563.75
1320,12,1,1,9.6551,3542.96
1602,12,1,1,9.64673,3486.01
1312,12,1,1,9.62362,3356.6
1306,12,1,1,9.62355,3356.24
1599,12,1,1,9.60619,3260.56
1300,12,1,1,9.60069,3230.44
1298,12,1,1,9.59533,3201.11
2176,12,1,1,9.58863,3161.63
2066,12,1,1,9.57741,3093.26
869,12,1,1,9.56497,3016.43
865,12,1,1,9.54717,2917.59
852,12,1,1,9.54025,2875.47
850,12,1,1,9.53359,2831.98
849,12,1,1,9.5259,2782.29
1774,12,1,1,9.52255,2763.28
837,12,1,1,9.51113,2694.21
2010,12,1,1,9.49823,2627.32
2009,12,1,1,9.47477,2501.14
819,12,1,1,9.46644,2452.06
818,12,1,1,9.45375,2381.34
804,12,1,1,9.43572,2280.57
803,12,1,1,9.4284,2237.56
354,12,1,1,9.42833,2237.18
353,12,1,1,9.42596,2226.09
314,12,1,1,9.41726,2177.29
312,12,1,1,9.41312,2154.36
313,12,1,1,9.40745,2119.21
306,12,1,1,9.39434,2048.14
297,12,1,1,9.38828,2013.94
295,12,1,1,9.37801,1954.83
294,12,1,1,9.36254,1868.9
948,12,1,2,9.95646,5099.85,0.0391667,170.833,0.36,3
1598,12,1,2,9.94463,5044.28
2025,12,1,2,9.94038,5021.54
2024,12,1,2,9.92675,4946.85
1301,12,1,2,9.9159,4888.35
1306,12,1,2,9.89932,4802.73
1312,12,1,2,9.89924,4802.36
1602,12,1,2,9.86858,4640.42
1320,12,1,2,9.85439,4564.94
1321,12,1,2,9.83942,4480.29
1560,12,1,2,9.81871,4368.47
1589,12,1,2,9.78653,4194.06
943,12,1,3,10.0756,5685.94,0.0575,250.798,0.09,4
942,12,1,3,10.0673,5642.99
941,12,1,3,10.0556,5584.19
939,12,1,3,10.0441,5525.19
938,12,1,3,10.0241,5421.47
928,12,1,3,10.0089,5340.74
948,12,1,3,9.99563,5270.69
465,12,1,4,10.4262,7424.16,0.0695,303.138,0.16,5
379,12,1,4,10.4121,7355.56
380,12,1,4,10.4054,7323.33
386,12,1,4,10.3949,7272.41
387,12,1,4,10.371,7158.84
396,12,1,4,10.369,7145.22
395,12,1,4,10.3643,7121.64
403,12,1,4,10.347,7030.13
406,12,1,4,10.3322,6960.51
407,12,1,4,10.3265,6932.18
424,12,1,4,10.3083,6837.46
426,12,1,4,10.3049,6819.34
425,12,1,4,10.3011,6799.27
420,12,1,4,10.291,6745.72
431,12,1,4,10.2762,6669.22
434,12,1,4,10.2697,6638.61
873,12,1,4,10.2658,6617.52
874,12,1,4,10.2518,6550.34
870,12,1,4,10.2463,6522.52
894,12,1,4,10.2243,6410.63
895,12,1,4,10.2148,6363.04
907,12,1,4,10.2014,6295.45
908,12,1,4,10.1948,6260.57
2014,12,1,4,10.1942,6257.89
2017,12,1,4,10.1931,6252.19
2170,12,1,4,10.1898,6235.94
1738,12,1,4,10.1739,6155.23
1737,12,1,4,10.1682,6125.66
936,12,1,4,10.1516,6040.84
933,12,1,4,10.151,6037.9
934,12,1,4,10.1455,6000.25
935,12,1,4,10.145,5997.64
2020,12,1,4,10.1339,5940.67
943,12,1,4,10.1331,5936.73
412,12,1,5,10.6536,8637.22,0,0,0
398,12,1,5,10.6388,8557.32
397,12,1,5,10.6283,8497.12
390,12,1,5,10.6098,8400.11
382,12,1,5,10.5932,8311.74
376,12,1,5,10.5764,8219.94
369,12,1,5,10.5594,8126.02
2134,12,1,5,10.5496,8030.38
371,12,1,5,10.5443,7989.57
372,12,1,5,10.5263,7881.92
460,12,1,5,10.5205,7847.28
464,12,1,5,10.5033,7764.11
465,12,1,5,10.4957,7727.3
465,13,0,0,10.9302,777.97,0.0695,303.138,0.16,1
464,13,0,0,10.9236,745.345
460,13,0,0,10.9159,702.293
372,13,0,0,10.9097,666.868
371,13,0,0,10.8911,558.413
2134,13,0,0,10.8857,517.634
2136,13,0,0,10.874,453.922
393,13,0,0,10.8419,288.91
401,13,0,0,10.8297,221.946
400,13,0,0,10.8065,91.0573
411,13,0,0,10.7927,19.0468
412,13,0,0,10.79,0
943,13,0,1,11.261,2426.01,0.0943333,411.454,0.08,2
934,13,0,1,11.2532,2382.1
933,13,0,1,11.2444,2334.76
936,13,0,1,11.2438,2331.82
1737,13,0,1,11.2303,2259.93
917,13,0,1,11.2168,2190.38
916,13,0,1,11.2166,2189.47
919,13,0,1,11.2109,2150.39
2017,13,0,1,11.2108,2150.21
2014,13,0,1,11.2097,2144.66
2015,13,0,1,11.2016,2103.95
910,13,0,1,11.2015,2103.46
909,13,0,1,11.1931,2060.95
898,13,0,1,11.1786,1989.33
897,13,0,1,11.1678,1935.79
877,13,0,1,11.1483,1837.25
878,13,0,1,11.1427,1808.64
879,13,0,1,11.128,1738.7
437,13,0,1,11.124,1717.27
439,13,0,1,11.1204,1697.21
436,13,0,1,11.111,1651.81
425,13,0,1,11.1012,1603.72
426,13,0,1,11.0975,1583.92
424,13,0,1,11.0949,1569.37
407,13,0,1,11.0762,1472.47
406,13,0,1,11.0718,1449.38
403,13,0,1,11.0633,1405.91
394,13,0,1,11.0541,1355.34
384,13,0,1,11.0493,1331.19
385,13,0,1,11.0454,1311.41
377,13,0,1,11.0424,1294.73
386,13,0,1,11.0267,1214.13
489,13,0,1,11.0185,1170.46
466,13,0,1,11.0103,1129.06
465,13,0,1,10.9997,1081.11
1972,13,0,2,11.7976,5247.77,0.0608333,265.337,0.08,3
148,13,0,2,11.7725,5114.68
149,13,0,2,11.7685,5093.98
161,13,0,2,11.7543,5013.78
167,13,0,2,11.7353,4900.53
172,13,0,2,11.7199,4804.01
1535,13,0,2,11.7112,4756.79
177,13,0,2,11.7039,4715.25
185,13,0,2,11.6922,4652.17
441,13,0,2,11.6796,4587.63
1857,13,0,2,11.6749,4564.2
1990,13,0,2,11.6573,4474.69
462,13,0,2,11.6492,4421.39
461,13,0,2,11.647,4407.13
460,13,0,2,11.6371,4341.14
372,13,0,2,11.6303,4303.38
371,13,0,2,11.6123,4195.91
2134,13,0,2,11.6067,4155.1
2136,13,0,2,11.5941,4087.33
393,13,0,2,11.5615,3920.31
401,13,0,2,11.5432,3827.33
1739,13,0,2,11.5335,3774.32
1742,13,0,2,11.5265,3737.8
1741,13,0,2,11.5197,3701.67
418,13,0,2,11.5125,3663.2
417,13,0,2,11.5097,3647.38
1989,13,0,2,11.4927,3559.36
2011,13,0,2,11.4724,3455.53
891,13,0,2,11.4531,3352.44
892,13,0,2,11.4415,3296.09
916,13,0,2,11.4218,3194.46
919,13,0,2,11.416,3155.37
2017,13,0,2,11.416,3155.2
2170,13,0,2,11.413,3140.35
1738,13,0,2,11.3985,3065.26
1737,13,0,2,11.3932,3037.21
936,13,0,2,11.3781,2958.59
933,13,0,2,11.3775,2955.65
934,13,0,2,11.3719,2918
943,13,0,2,11.3554,2837.46
141,13,0,3,12.012,6327.11,0.0695,303.138,0.01,4
137,13,0,3,12.0082,6301.16
134,13,0,3,11.9785,6148.42
129,13,0,3,11.9709,6108.77
130,13,0,3,11.9631,6069.77
1726,13,0,3,11.9565,6032.49
1723,13,0,3,11.9459,5975.44
2104,13,0,3,11.9361,5926.22
1724,13,0,3,11.9156,5816.1
1725,13,0,3,11.9131,5802.48
1727,13,0,3,11.8959,5708.33
149,13,0,3,11.895,5698.71
148,13,0,3,11.8902,5674.92
1972,13,0,3,11.8584,5513.11
1979,13,0,4,12.3009,8015.32,0.0556667,242.801,0.07,5
1978,13,0,4,12.261,7791.31
321,13,0,4,12.2475,7719.92
322,13,0,4,12.2319,7634.36
323,13,0,4,12.2317,7633.71
365,13,0,4,12.2126,7509.98
370,13,0,4,12.1927,7308.31
369,13,0,4,12.1881,7271.04
2134,13,0,4,12.1782,7175.4
371,13,0,4,12.1734,7134.36
372,13,0,4,12.1552,7026.58
368,13,0,4,12.1418,6955.66
367,13,0,4,12.1382,6936.76
363,13,0,4,12.1195,6842.1
362,13,0,4,12.1027,6752.03
142,13,0,4,12.0952,6708.55
141,13,0,4,12.0815,6630.25
2008,13,0,5,12.4706,8884.76,0.0393333,171.56,0.02,6
812,13,0,5,12.4527,8787.05
807,13,0,5,12.4525,8786.27
356,13,0,5,12.4364,8701.46
1981,13,0,5,12.4241,8617.95
345,13,0,5,12.4039,8514.38
341,13,0,5,12.3946,8464.4
2132,13,0,5,12.3943,8462.35
328,13,0,5,12.3777,8366.81
2115,13,0,5,12.3676,8313.62
329,13,0,5,12.3639,8293.57
1979,13,0,5,12.3566,8258.12
810,13,0,6,12.5786,9421.45,0.0375,163.564,0.29,7
813,13,0,6,12.5681,9370.65
809,13,0,6,12.5413,9235.96
808,13,0,6,12.532,9187.14
807,13,0,6,12.5228,9138.95
812,13,0,6,12.5226,9138.17
2008,13,0,6,12.51,9056.32
412,13,0,7,12.7322,10187.2,0,0,0
398,13,0,7,12.7179,10109.1
410,13,0,7,12.7176,10107.9
409,13,0,7,12.7015,10024.2
1985,13,0,7,12.687,9946.82
881,13,0,7,12.6572,9790.48
814,13,0,7,12.6369,9685.72
810,13,0,7,12.6161,9585.01
948,13,1,0,9.21857,1017.62,0.0391667,170.833,0.36,1
928,13,1,0,9.20859,961.847
923,13,1,0,9.17072,774.378
924,13,1,0,9.16244,735.064
914,13,1,0,9.14023,620.414
902,13,1,0,9.13274,579.948
887,13,1,0,9.11726,499.708
2012,13,1,0,9.09066,369.988
884,13,1,0,9.0866,348.667
1987,13,1,0,9.05006,162.519
413,13,1,0,9.03368,77.1309
411,13,1,0,9.02292,19.2235
412,13,1,0,9.02,0
1589,13,1,1,9.439,2162.26,0.0506667,220.993,0.28,2
1560,13,1,1,9.40882,1996.49
1321,13,1,1,9.38567,1874.25
1562,13,1,1,9.37283,1803.52
1563,13,1,1,9.33366,1598.8
2164,13,1,1,9.32454,1547.7
1307,13,1,1,9.30939,1466.92
1302,13,1,1,9.29315,1378.48
949,13,1,1,9.26997,1253.79
2025,13,1,1,9.2665,1236.33
1598,13,1,1,9.26221,1213.4
948,13,1,1,9.25773,1188.45
294,13,1,2,9.87527,4541.78,0.0963333,420.177,0.3,3
295,13,1,2,9.85797,4447.89
297,13,1,2,9.84794,4389.18
306,13,1,2,9.8415,4353.33
307,13,1,2,9.82857,4282.46
314,13,1,2,9.81638,4214.45
353,13,1,2,9.80762,4165.35
354,13,1,2,9.80525,4154.25
803,13,1,2,9.80517,4153.88
804,13,1,2,9.79111,4083.22
818,13,1,2,9.7725,3979.96
819,13,1,2,9.7631,3915.98
2009,13,1,2,9.7561,3868.57
2010,13,1,2,9.73795,3764.15
837,13,1,2,9.72853,3712.14
1774,13,1,2,9.71526,3638.1
849,13,1,2,9.71175,3618.43
850,13,1,2,9.70485,3569.39
852,13,1,2,9.69837,3526.07
865,13,1,2,9.69117,3483.51
869,13,1,2,9.67339,3384.75
2066,13,1,2,9.65229,3275.05
1297,13,1,2,9.62337,3123.98
1299,13,1,2,9.61747,3091.07
1600,13,1,2,9.61603,3077.62
1306,13,1,2,9.60246,2991.92
1312,13,1,2,9.60239,2991.56
1602,13,1,2,9.57173,2829.61
1320,13,1,2,9.55753,2754.14
1321,13,1,2,9.54256,2669.48
1560,13,1,2,9.52185,2557.66
1589,13,1,2,9.48967,2383.26
412,13,1,3,10.2158,6276.98,0,0,0
398,13,1,3,10.2022,6201.99
397,13,1,3,10.1882,6127.06
389,13,1,3,10.1766,6064.77
388,13,1,3,10.1521,5936.55
2132,13,1,3,10.1263,5787.45
341,13,1,3,10.1255,5783.45
345,13,1,3,10.1146,5727.17
1981,13,1,3,10.1021,5656.07
350,13,1,3,10.0806,5541.72
344,13,1,3,10.0652,5461.44
343,13,1,3,10.0459,5359.85
1980,13,1,3,10.036,5308.02
342,13,1,3,10.0292,5274.42
339,13,1,3,10.0115,5179.62
338,13,1,3,10.0026,5132.09
295,13,1,3,9.98707,5047.88
294,13,1,3,9.97161,4961.96
