Node, Individual, Route,Segment, Travel time, Travel cost, Attention time, Attention cost, Failure rate, Demand
141,0,0,0,10.4413,1054.75,0.0773333,337.305,0.05,1
142,0,0,0,10.426,970.305
362,0,0,0,10.4167,919.682
363,0,0,0,10.4009,833.754
367,0,0,0,10.3868,758.561
368,0,0,0,10.3848,745.103
372,0,0,0,10.3697,666.868
371,0,0,0,10.3511,558.413
2134,0,0,0,10.3457,517.634
2136,0,0,0,10.334,453.922
393,0,0,0,10.3019,288.91
401,0,0,0,10.2897,221.946
400,0,0,0,10.2665,91.0573
411,0,0,0,10.2527,19.0468
412,0,0,0,10.25,0
1972,0,0,1,10.6551,2134.9,0.0888333,387.464,0.08,2
148,0,0,1,10.6325,2012.08
149,0,0,1,10.6287,1992.44
1727,0,0,1,10.6259,1977.79
1725,0,0,1,10.6132,1896.57
1724,0,0,1,10.609,1875.68
2104,0,0,1,10.5926,1783.38
1723,0,0,1,10.5864,1749.59
1726,0,0,1,10.5767,1696.08
130,0,0,1,10.5685,1651.93
129,0,0,1,10.564,1626.76
134,0,0,1,10.5567,1588.76
137,0,0,1,10.5228,1418.46
141,0,0,1,10.5186,1392.06
465,0,0,2,10.9265,3510.05,0.0695,303.138,0.16,3
464,0,0,2,10.9199,3477.42
460,0,0,2,10.9122,3434.37
461,0,0,2,10.9016,3367.67
462,0,0,2,10.9001,3353.29
1990,0,0,2,10.8918,3299.79
1857,0,0,2,10.8761,3218.22
441,0,0,2,10.8711,3193.66
185,0,0,2,10.8608,3138.74
186,0,0,2,10.8531,3099.44
187,0,0,2,10.8369,3023.34
2129,0,0,2,10.8235,2953.64
1974,0,0,2,10.7858,2748.09
1973,0,0,2,10.765,2638.34
1972,0,0,2,10.744,2522.36
943,0,0,3,11.2573,5158.08,0.0943333,411.454,0.08,4
934,0,0,3,11.2495,5114.18
933,0,0,3,11.2407,5066.84
936,0,0,3,11.2401,5063.9
1737,0,0,3,11.2266,4992
917,0,0,3,11.2131,4922.45
916,0,0,3,11.2129,4921.55
919,0,0,3,11.2071,4882.46
2017,0,0,3,11.2071,4882.29
2014,0,0,3,11.206,4876.74
2015,0,0,3,11.1979,4836.02
910,0,0,3,11.1978,4835.54
909,0,0,3,11.1894,4793.02
898,0,0,3,11.1749,4721.41
897,0,0,3,11.1641,4667.86
877,0,0,3,11.1446,4569.33
878,0,0,3,11.139,4540.71
879,0,0,3,11.1243,4470.78
437,0,0,3,11.1203,4449.35
439,0,0,3,11.1166,4429.28
436,0,0,3,11.1073,4383.88
425,0,0,3,11.0975,4335.79
426,0,0,3,11.0938,4316
424,0,0,3,11.0912,4301.45
407,0,0,3,11.0725,4204.54
406,0,0,3,11.068,4181.46
403,0,0,3,11.0596,4137.99
394,0,0,3,11.0503,4087.42
384,0,0,3,11.0455,4063.27
385,0,0,3,11.0417,4043.49
377,0,0,3,11.0387,4026.8
386,0,0,3,11.023,3946.2
489,0,0,3,11.0148,3902.54
466,0,0,3,11.0066,3861.13
465,0,0,3,10.996,3813.18
948,0,0,4,11.4378,6011.44,0.0926667,404.184,0.47,5
950,0,0,4,11.4211,5922.89
938,0,0,4,11.4098,5861.68
939,0,0,4,11.3868,5745.45
941,0,0,4,11.3732,5677.51
942,0,0,4,11.3609,5616.28
943,0,0,4,11.3517,5569.54
1589,0,0,5,11.6983,7312,0.0458333,199.911,0.32,6
1560,0,0,5,11.6685,7147.76
1321,0,0,5,11.6441,7020.43
1320,0,0,5,11.6244,6915.27
1602,0,0,5,11.597,6784.92
1312,0,0,5,11.5748,6659.42
1306,0,0,5,11.5747,6659.06
1301,0,0,5,11.5608,6584.67
2024,0,0,5,11.5515,6533.08
2025,0,0,5,11.5392,6464.07
1598,0,0,5,11.5362,6445.96
948,0,0,5,11.5305,6415.62
810,0,0,6,12.0235,9039.93,0.0375,163.564,0.29,7
823,0,0,6,12.0088,8939.3
822,0,0,6,12.0031,8909.46
2153,0,0,6,11.9819,8796.62
831,0,0,6,11.9819,8796.54
832,0,0,6,11.9731,8752.04
843,0,0,6,11.9617,8688.25
855,0,0,6,11.9342,8551.76
1856,0,0,6,11.9341,8551.05
869,0,0,6,11.9219,8487.24
2066,0,0,6,11.9008,8377.68
1297,0,0,6,11.8738,8234.93
1299,0,0,6,11.8679,8201.99
1600,0,0,6,11.8665,8188.54
1306,0,0,6,11.8518,8101.2
1312,0,0,6,11.8517,8100.84
1602,0,0,6,11.8264,7961.7
1320,0,0,6,11.8122,7886.56
1321,0,0,6,11.7983,7803.72
1560,0,0,6,11.7775,7691.56
1589,0,0,6,11.7441,7511.91
2008,0,0,7,12.1338,9584.56,0.0393333,171.56,0.02,8
821,0,0,7,12.1289,9557.1
2153,0,0,7,12.1191,9504.96
822,0,0,7,12.0994,9398.96
823,0,0,7,12.0937,9368.62
810,0,0,7,12.061,9203.49
294,0,0,8,12.3338,10623.7,0.0338333,147.571,0.48,9
295,0,0,8,12.3152,10524
297,0,0,8,12.3053,10465.6
306,0,0,8,12.2984,10427.7
313,0,0,8,12.2859,10359.3
312,0,0,8,12.2796,10323.1
314,0,0,8,12.2747,10297.1
353,0,0,8,12.2649,10243.5
354,0,0,8,12.2625,10232.4
357,0,0,8,12.2537,10182.1
358,0,0,8,12.2379,10098.1
359,0,0,8,12.2179,10001.3
806,0,0,8,12.2177,10000.3
812,0,0,8,12.1858,9837.97
2008,0,0,8,12.1731,9756.12
1979,0,0,9,12.5065,11527.2,0.0556667,242.801,0.07,10
329,0,0,9,12.5043,11509.8
2114,0,0,9,12.4998,11486.5
335,0,0,9,12.4894,11425.4
1819,0,0,9,12.4844,11396.5
344,0,0,9,12.4678,11299.2
343,0,0,9,12.4499,11203
1980,0,0,9,12.4417,11158.6
342,0,0,9,12.435,11125.1
339,0,0,9,12.4157,11023.7
338,0,0,9,12.405,10968.6
295,0,0,9,12.3872,10874.6
294,0,0,9,12.3677,10771.2
412,0,0,10,12.6903,12465.5,0,0,0
398,0,0,10,12.676,12387.5
397,0,0,10,12.6633,12318.1
389,0,0,10,12.6516,12255.4
388,0,0,10,12.6267,12125.3
2132,0,0,10,12.5999,11974.2
328,0,0,10,12.5832,11878.7
2115,0,0,10,12.5732,11825.5
329,0,0,10,12.5695,11805.5
1979,0,0,10,12.5622,11770
465,1,0,0,10.6002,777.97,0.0695,303.138,0.16,1
464,1,0,0,10.5936,745.345
460,1,0,0,10.5859,702.293
372,1,0,0,10.5797,666.868
371,1,0,0,10.5611,558.413
2134,1,0,0,10.5557,517.634
2136,1,0,0,10.544,453.922
393,1,0,0,10.5119,288.91
401,1,0,0,10.4997,221.946
400,1,0,0,10.4765,91.0573
411,1,0,0,10.4627,19.0468
412,1,0,0,10.46,0
1972,1,0,1,10.8487,2103.58,0.0888333,387.464,0.08,2
148,1,0,1,10.826,1980.76
149,1,0,1,10.8222,1961.12
161,1,0,1,10.808,1880.92
167,1,0,1,10.7951,1770.89
172,1,0,1,10.7813,1676.14
1535,1,0,1,10.7731,1630.99
177,1,0,1,10.7595,1562.95
185,1,0,1,10.7483,1502.3
441,1,0,1,10.7358,1437.89
1857,1,0,1,10.7312,1414.84
1990,1,0,1,10.7163,1336.58
462,1,0,1,10.7072,1282.09
461,1,0,1,10.705,1267.7
460,1,0,1,10.6944,1201.09
464,1,0,1,10.6773,1117.91
465,1,0,1,10.6697,1081.11
141,1,0,2,11.0672,3214.88,0.0505,220.266,0.03,3
137,1,0,2,11.0634,3188.93
134,1,0,2,11.0387,3057.56
129,1,0,2,11.0299,3012.93
130,1,0,2,11.0235,2979.63
1726,1,0,2,11.0171,2943.5
1723,1,0,2,11.0071,2888.78
2104,1,0,2,10.9992,2847.69
1724,1,0,2,10.9797,2741.88
1725,1,0,2,10.9772,2728.26
1727,1,0,2,10.9661,2648.24
149,1,0,2,10.9651,2638.63
148,1,0,2,10.9601,2613.75
1972,1,0,2,10.9375,2491.04
943,1,0,3,11.4501,5205.72,0.0943333,411.454,0.08,4
934,1,0,3,11.4386,5146.18
933,1,0,3,11.4245,5076.61
936,1,0,3,11.4239,5073.67
1737,1,0,3,11.409,4996.06
917,1,0,3,11.3932,4916.6
2170,1,0,3,11.3885,4892.06
2017,1,0,3,11.3859,4878.41
2014,1,0,3,11.3846,4872.13
2015,1,0,3,11.3765,4831.42
910,1,0,3,11.3764,4830.93
909,1,0,3,11.3664,4781.8
898,1,0,3,11.353,4714.48
897,1,0,3,11.3431,4665.04
877,1,0,3,11.32,4551.54
878,1,0,3,11.3139,4520.8
879,1,0,3,11.2993,4451.22
437,1,0,3,11.2949,4427.83
439,1,0,3,11.2912,4407.82
436,1,0,3,11.2824,4364.95
425,1,0,3,11.2741,4322.96
426,1,0,3,11.2699,4300.87
424,1,0,3,11.2676,4287.47
407,1,0,3,11.2502,4196.22
406,1,0,3,11.2454,4171.62
403,1,0,3,11.2417,4143.08
394,1,0,3,11.231,4086.33
384,1,0,3,11.2269,4065.04
385,1,0,3,11.2232,4045.8
377,1,0,3,11.2198,4027.78
2134,1,0,3,11.205,3942.45
371,1,0,3,11.1999,3901.55
372,1,0,3,11.1833,3795.92
368,1,0,3,11.1711,3730.21
367,1,0,3,11.1684,3715.35
363,1,0,3,11.1538,3638.17
362,1,0,3,11.1407,3563.54
142,1,0,3,11.1322,3516.38
141,1,0,3,11.1177,3435.15
948,1,0,4,11.6306,6059.08,0.0926667,404.184,0.47,5
950,1,0,4,11.6139,5970.53
938,1,0,4,11.6026,5909.32
939,1,0,4,11.5796,5793.09
941,1,0,4,11.5659,5725.15
942,1,0,4,11.5537,5663.92
943,1,0,4,11.5444,5617.18
1589,1,0,5,11.8911,7359.64,0.0458333,199.911,0.32,6
1560,1,0,5,11.8612,7195.4
1321,1,0,5,11.8369,7068.07
1320,1,0,5,11.8172,6962.91
1602,1,0,5,11.7898,6832.56
1312,1,0,5,11.7675,6707.06
1306,1,0,5,11.7675,6706.7
1301,1,0,5,11.7535,6632.31
2024,1,0,5,11.7443,6580.72
2025,1,0,5,11.732,6511.71
1598,1,0,5,11.729,6493.6
948,1,0,5,11.7232,6463.26
810,1,0,6,12.2163,9087.57,0.0375,163.564,0.29,7
823,1,0,6,12.2015,8986.94
822,1,0,6,12.1959,8957.1
2153,1,0,6,12.1746,8844.26
831,1,0,6,12.1746,8844.18
832,1,0,6,12.1659,8799.68
843,1,0,6,12.1544,8735.88
855,1,0,6,12.127,8599.4
1856,1,0,6,12.1268,8598.69
869,1,0,6,12.1146,8534.88
2066,1,0,6,12.0936,8425.32
1297,1,0,6,12.0666,8282.57
1299,1,0,6,12.0607,8249.63
1600,1,0,6,12.0593,8236.18
1306,1,0,6,12.0445,8148.84
1312,1,0,6,12.0445,8148.48
1602,1,0,6,12.0191,8009.34
1320,1,0,6,12.005,7934.2
1321,1,0,6,11.9911,7851.36
1560,1,0,6,11.9703,7739.2
1589,1,0,6,11.9369,7559.55
2008,1,0,7,12.3266,9632.2,0.0393333,171.56,0.02,8
821,1,0,7,12.3217,9604.74
2153,1,0,7,12.3118,9552.6
822,1,0,7,12.2922,9446.6
823,1,0,7,12.2864,9416.26
810,1,0,7,12.2538,9251.13
294,1,0,8,12.5266,10671.3,0.0338333,147.571,0.48,9
295,1,0,8,12.5079,10571.7
297,1,0,8,12.4981,10513.2
306,1,0,8,12.4912,10475.3
313,1,0,8,12.4787,10406.9
312,1,0,8,12.4723,10370.7
314,1,0,8,12.4675,10344.8
353,1,0,8,12.4577,10291.1
354,1,0,8,12.4553,10280
357,1,0,8,12.4464,10229.7
358,1,0,8,12.4306,10145.8
359,1,0,8,12.4106,10048.9
806,1,0,8,12.4104,10047.9
812,1,0,8,12.3786,9885.61
2008,1,0,8,12.3659,9803.76
1979,1,0,9,12.6993,11574.8,0.0556667,242.801,0.07,10
329,1,0,9,12.6971,11557.4
2114,1,0,9,12.6926,11534.2
335,1,0,9,12.6821,11473.1
1819,1,0,9,12.6771,11444.1
344,1,0,9,12.6606,11346.9
343,1,0,9,12.6426,11250.6
1980,1,0,9,12.6344,11206.3
342,1,0,9,12.6277,11172.8
339,1,0,9,12.6084,11071.4
338,1,0,9,12.5978,11016.3
295,1,0,9,12.5799,10922.3
294,1,0,9,12.5604,10818.9
412,1,0,10,12.8831,12513.2,0,0,0
398,1,0,10,12.8688,12435.1
397,1,0,10,12.856,12365.7
389,1,0,10,12.8444,12303.1
388,1,0,10,12.8194,12172.9
2132,1,0,10,12.7927,12021.9
328,1,0,10,12.776,11926.3
2115,1,0,10,12.766,11873.1
329,1,0,10,12.7622,11853.1
1979,1,0,10,12.7549,11817.6
141,2,0,0,10.021,1058.71,0.0773333,337.305,0.05,1
142,2,0,0,10.0054,972.596
362,2,0,0,9.9956,919.977
363,2,0,0,9.97739,823.704
367,2,0,0,9.96393,751.225
368,2,0,0,9.96195,737.767
372,2,0,0,9.95153,679.809
371,2,0,0,9.93534,574.676
2134,2,0,0,9.92966,533.847
2136,2,0,0,9.91669,464.328
393,2,0,0,9.8843,298.474
401,2,0,0,9.87155,229.048
400,2,0,0,9.84828,97.8785
411,2,0,0,9.83292,19.2235
412,2,0,0,9.83,0
1972,2,0,1,10.2349,2138.85,0.0888333,387.464,0.08,2
148,2,0,1,10.2123,2016.03
149,2,0,1,10.2085,1996.4
1727,2,0,1,10.2056,1981.74
1725,2,0,1,10.193,1900.53
1724,2,0,1,10.1887,1879.64
2104,2,0,1,10.1723,1787.33
1723,2,0,1,10.1662,1753.55
1726,2,0,1,10.1565,1700.04
130,2,0,1,10.1482,1655.89
129,2,0,1,10.1437,1630.72
134,2,0,1,10.1365,1592.71
137,2,0,1,10.1026,1422.42
141,2,0,1,10.0983,1396.01
465,2,0,2,10.5062,3514,0.0695,303.138,0.16,3
464,2,0,2,10.4996,3481.38
460,2,0,2,10.492,3438.32
461,2,0,2,10.4814,3371.62
462,2,0,2,10.4798,3357.24
1990,2,0,2,10.4715,3303.75
1857,2,0,2,10.4558,3222.18
441,2,0,2,10.4509,3197.62
185,2,0,2,10.4406,3142.7
186,2,0,2,10.4328,3103.4
187,2,0,2,10.4166,3027.3
2129,2,0,2,10.4033,2957.6
1974,2,0,2,10.3656,2752.04
1973,2,0,2,10.3447,2642.29
1972,2,0,2,10.3237,2526.32
943,2,0,3,10.8371,5162.04,0.0575,250.798,0.09,4
934,2,0,3,10.8292,5118.14
933,2,0,3,10.8204,5070.8
936,2,0,3,10.8198,5067.86
1737,2,0,3,10.8063,4995.96
917,2,0,3,10.7928,4926.41
916,2,0,3,10.7926,4925.5
919,2,0,3,10.7869,4886.42
2017,2,0,3,10.7869,4886.25
2014,2,0,3,10.7857,4880.69
2015,2,0,3,10.7776,4839.98
910,2,0,3,10.7775,4839.49
909,2,0,3,10.7691,4796.98
898,2,0,3,10.7547,4725.37
897,2,0,3,10.7438,4671.82
877,2,0,3,10.7244,4573.28
878,2,0,3,10.7188,4544.67
879,2,0,3,10.704,4474.73
437,2,0,3,10.7001,4453.3
439,2,0,3,10.6964,4433.24
436,2,0,3,10.687,4387.84
425,2,0,3,10.6773,4339.75
426,2,0,3,10.6736,4319.96
424,2,0,3,10.671,4305.41
407,2,0,3,10.6522,4208.5
406,2,0,3,10.6478,4185.41
403,2,0,3,10.6394,4141.94
394,2,0,3,10.6301,4091.37
384,2,0,3,10.6253,4067.22
385,2,0,3,10.6214,4047.44
377,2,0,3,10.6184,4030.76
386,2,0,3,10.6027,3950.16
489,2,0,3,10.5945,3906.49
466,2,0,3,10.5863,3865.09
465,2,0,3,10.5757,3817.14
948,2,0,4,10.977,5839.05,0.0538333,234.805,0.41,5
950,2,0,4,10.9612,5754.31
938,2,0,4,10.9497,5692.46
939,2,0,4,10.9284,5582.9
941,2,0,4,10.9149,5515.64
942,2,0,4,10.9026,5454.4
943,2,0,4,10.8946,5412.84
1589,2,0,5,11.1987,6970.23,0.0458333,199.911,0.32,6
1560,2,0,5,11.1689,6806
1321,2,0,5,11.1445,6678.66
1320,2,0,5,11.1248,6573.51
1602,2,0,5,11.0974,6443.15
1312,2,0,5,11.0751,6317.66
1306,2,0,5,11.0751,6317.3
1301,2,0,5,11.0611,6242.9
2024,2,0,5,11.0519,6191.31
2025,2,0,5,11.0396,6122.3
1598,2,0,5,11.0366,6104.19
948,2,0,5,11.0308,6073.85
294,2,0,6,11.618,9282.94,0.100167,436.897,0.4,7
295,2,0,6,11.6021,9195.14
297,2,0,6,11.5929,9137.66
306,2,0,6,11.5862,9100.79
313,2,0,6,11.5742,9034.34
312,2,0,6,11.5677,8997.96
314,2,0,6,11.5633,8974.04
353,2,0,6,11.5554,8927.22
354,2,0,6,11.553,8916.13
803,2,0,6,11.553,8915.76
804,2,0,6,11.54,8849.67
811,2,0,6,11.528,8782.57
819,2,0,6,11.5065,8662.56
2009,2,0,6,11.499,8614.65
2010,2,0,6,11.4827,8512.99
837,2,0,6,11.4753,8466.82
1774,2,0,6,11.4621,8392.86
849,2,0,6,11.4587,8373.82
850,2,0,6,11.4523,8324.87
852,2,0,6,11.446,8281.75
865,2,0,6,11.4381,8237.5
869,2,0,6,11.4222,8145.47
2066,2,0,6,11.4012,8035.92
1297,2,0,6,11.3742,7893.16
1299,2,0,6,11.3683,7860.22
1600,2,0,6,11.3669,7846.77
1306,2,0,6,11.3521,7759.43
1312,2,0,6,11.3521,7759.07
1602,2,0,6,11.3267,7619.93
1320,2,0,6,11.3126,7544.8
1321,2,0,6,11.2987,7461.95
1560,2,0,6,11.2779,7349.79
1589,2,0,6,11.2445,7170.14
1979,2,0,7,11.8494,10447.5,0.0433333,189.007,0.09,8
329,2,0,7,11.8473,10430.1
2114,2,0,7,11.8424,10405.5
335,2,0,7,11.8319,10344.2
1819,2,0,7,11.8274,10316.1
344,2,0,7,11.8119,10220.4
343,2,0,7,11.7926,10118.3
1980,2,0,7,11.7827,10066.8
342,2,0,7,11.7765,10035.7
339,2,0,7,11.7608,9949.26
338,2,0,7,11.7528,9905.82
295,2,0,7,11.7359,9815.83
294,2,0,7,11.7181,9719.84
2008,2,0,8,12.0009,11245.9,0.0393333,171.56,0.02,9
812,2,0,8,11.9845,11154.6
807,2,0,8,11.9843,11153.8
356,2,0,8,11.9715,11083.4
1981,2,0,8,11.9592,10999.9
345,2,0,8,11.9375,10889.8
341,2,0,8,11.9281,10839.6
2132,2,0,8,11.9278,10837.5
328,2,0,8,11.914,10746
2115,2,0,8,11.9026,10687
329,2,0,8,11.8987,10666.3
1979,2,0,8,11.8928,10636.5
810,2,0,9,12.1089,11782.6,0.0375,163.564,0.29,10
813,2,0,9,12.0984,11731.8
809,2,0,9,12.0716,11597.1
808,2,0,9,12.0623,11548.3
807,2,0,9,12.0531,11500.1
812,2,0,9,12.0529,11499.3
2008,2,0,9,12.0403,11417.5
412,2,0,10,12.2625,12548.3,0,0,0
398,2,0,10,12.2482,12470.3
410,2,0,10,12.2479,12469.1
409,2,0,10,12.2318,12385.3
1985,2,0,10,12.2173,12308
881,2,0,10,12.1875,12151.7
814,2,0,10,12.1672,12046.9
810,2,0,10,12.1464,11946.2
943,3,0,0,10.1253,977.226,0.0575,250.798,0.09,1
934,3,0,0,10.1164,929.095
933,3,0,0,10.1072,879.984
936,3,0,0,10.1066,877.044
1737,3,0,0,10.0954,815.103
917,3,0,0,10.078,729.074
916,3,0,0,10.0778,728.166
906,3,0,0,10.0545,606.172
889,3,0,0,10.0433,548.313
890,3,0,0,10.0381,518.428
2013,3,0,0,10.0157,402.826
1988,3,0,0,9.99798,308.467
429,3,0,0,9.97226,176.544
415,3,0,0,9.95606,92.3787
2138,3,0,0,9.95588,91.3208
411,3,0,0,9.94292,19.2235
412,3,0,0,9.94,0
1589,3,0,1,10.4013,2394.1,0.0523333,228.262,0.28,2
1560,3,0,1,10.3672,2211.56
1321,3,0,1,10.3419,2079.88
1562,3,0,1,10.3282,2005.81
1563,3,0,1,10.2938,1821.14
2164,3,0,1,10.2819,1758.07
1313,3,0,1,10.2599,1638.61
1309,3,0,1,10.2515,1590.27
1314,3,0,1,10.2509,1587.4
2163,3,0,1,10.2352,1503.38
2023,3,0,1,10.2065,1350.41
1787,3,0,1,10.1988,1310.86
2020,3,0,1,10.1836,1231.96
943,3,0,1,10.1828,1228.02
948,3,0,2,10.6244,3531.85,0.0538333,234.805,0.41,3
1598,3,0,2,10.6126,3476.28
2025,3,0,2,10.6084,3453.65
2024,3,0,2,10.5939,3375.31
1301,3,0,2,10.5822,3313.28
1306,3,0,2,10.5697,3245.06
1312,3,0,2,10.5696,3244.7
1602,3,0,2,10.5424,3097.31
1320,3,0,2,10.5268,3016.09
1321,3,0,2,10.5115,2929.88
1560,3,0,2,10.4901,2815.14
1589,3,0,2,10.4536,2622.36
465,3,0,3,10.9724,5283.03,0.0695,303.138,0.16,4
379,3,0,3,10.9583,5214.42
380,3,0,3,10.9516,5182.2
386,3,0,3,10.9411,5131.27
387,3,0,3,10.9177,5019.68
396,3,0,3,10.9157,5006.06
395,3,0,3,10.911,4982.48
403,3,0,3,10.8937,4890.97
406,3,0,3,10.8789,4821.35
407,3,0,3,10.8732,4793.02
424,3,0,3,10.855,4698.3
426,3,0,3,10.8516,4680.18
425,3,0,3,10.8478,4660.11
420,3,0,3,10.8377,4606.55
421,3,0,3,10.8325,4577.48
417,3,0,3,10.8277,4551.38
1989,3,0,3,10.8104,4461.99
2011,3,0,3,10.7909,4361.47
2156,3,0,3,10.786,4335.61
2013,3,0,3,10.7853,4332.45
886,3,0,3,10.7755,4282.78
888,3,0,3,10.7584,4188.46
903,3,0,3,10.7488,4136.41
904,3,0,3,10.7455,4118.5
925,3,0,3,10.7236,3997.34
2019,3,0,3,10.7161,3961.52
929,3,0,3,10.7157,3959.54
928,3,0,3,10.6918,3837.91
948,3,0,3,10.6783,3766.66
141,3,0,4,11.1364,6096.81,0.0505,220.266,0.03,5
142,3,0,4,11.1223,6017.58
362,3,0,4,11.1132,5967.75
363,3,0,4,11.1004,5893.79
367,3,0,4,11.087,5821.35
368,3,0,4,11.085,5807.9
372,3,0,4,11.0724,5740.69
460,3,0,4,11.0667,5706.14
464,3,0,4,11.0495,5622.97
465,3,0,4,11.0419,5586.16
1972,3,0,5,11.3365,7157.18,0.0608333,265.337,0.08,6
148,3,0,5,11.3099,7017.35
149,3,0,5,11.3059,6996.86
161,3,0,5,11.2917,6916.66
167,3,0,5,11.2745,6805.83
172,3,0,5,11.2584,6708.38
1535,3,0,5,11.2488,6656.77
177,3,0,5,11.2385,6602.61
184,3,0,5,11.2181,6491.29
141,3,0,5,11.1869,6317.08
1979,3,0,6,11.7198,9199.69,0.0433333,189.007,0.09,7
1978,3,0,6,11.6787,8970.43
107,3,0,6,11.6704,8916.52
1967,3,0,6,11.6674,8887.82
105,3,0,6,11.6426,8739.33
124,3,0,6,11.6292,8664.53
1970,3,0,6,11.6134,8571.45
122,3,0,6,11.6005,8506.18
127,3,0,6,11.5652,8315.53
128,3,0,6,11.5609,8294.34
1717,3,0,6,11.5324,8143.3
129,3,0,6,11.5098,8018.18
130,3,0,6,11.502,7979.17
1726,3,0,6,11.4954,7941.9
1723,3,0,6,11.4848,7884.84
2104,3,0,6,11.475,7835.62
1724,3,0,6,11.4545,7725.5
1725,3,0,6,11.452,7711.88
1727,3,0,6,11.4349,7617.74
149,3,0,6,11.4339,7608.11
148,3,0,6,11.4291,7584.32
1972,3,0,6,11.3973,7422.51
294,3,0,7,11.8991,10137.1,0.100167,436.897,0.4,8
295,3,0,7,11.8773,10024.1
338,3,0,7,11.8637,9948.24
339,3,0,7,11.8582,9911.24
342,3,0,7,11.8427,9826
343,3,0,7,11.8323,9771.16
344,3,0,7,11.8052,9636.77
1819,3,0,7,11.7919,9543.24
335,3,0,7,11.7869,9514.29
2114,3,0,7,11.7716,9433.5
329,3,0,7,11.769,9418.44
1979,3,0,7,11.7631,9388.69
2008,3,0,8,12.1505,11394.9,0.0393333,171.56,0.02,9
2152,3,0,8,12.1438,11358.5
820,3,0,8,12.1295,11282
819,3,0,8,12.1126,11193.5
818,3,0,8,12.0979,11114.1
804,3,0,8,12.08,11013.8
803,3,0,8,12.0719,10968.5
354,3,0,8,12.0718,10968.2
347,3,0,8,12.0597,10901
346,3,0,8,12.0591,10898
339,3,0,8,12.0419,10803.5
338,3,0,8,12.034,10760
295,3,0,8,12.0171,10670
294,3,0,8,11.9993,10574
810,3,0,9,12.2585,11931.6,0.0375,163.564,0.29,10
813,3,0,9,12.2481,11880.8
809,3,0,9,12.2212,11746.1
808,3,0,9,12.212,11697.3
807,3,0,9,12.2027,11649.1
812,3,0,9,12.2025,11648.3
2008,3,0,9,12.1899,11566.4
412,3,0,10,12.4121,12697.3,0,0,0
398,3,0,10,12.3978,12619.2
410,3,0,10,12.3975,12618
409,3,0,10,12.3814,12534.3
1985,3,0,10,12.3669,12456.9
881,3,0,10,12.3371,12300.6
814,3,0,10,12.3168,12195.8
810,3,0,10,12.296,12095.1
948,4,0,0,9.98857,1017.62,0.0391667,170.833,0.36,1
928,4,0,0,9.97859,961.847
923,4,0,0,9.94072,774.378
924,4,0,0,9.93244,735.064
914,4,0,0,9.91023,620.414
902,4,0,0,9.90274,579.948
887,4,0,0,9.88726,499.708
2012,4,0,0,9.86066,369.988
884,4,0,0,9.8566,348.667
1987,4,0,0,9.82006,162.519
413,4,0,0,9.80368,77.1309
411,4,0,0,9.79292,19.2235
412,4,0,0,9.79,0
1589,4,0,1,10.2062,2130.15,0.0523333,228.262,0.28,2
1560,4,0,1,10.1721,1947.61
1321,4,0,1,10.1467,1815.93
1320,4,0,1,10.1251,1702.72
1602,4,0,1,10.1005,1583.85
1312,4,0,1,10.0777,1455.7
1306,4,0,1,10.0776,1455.34
1301,4,0,1,10.0622,1374.79
2024,4,0,1,10.0509,1314.4
2025,4,0,1,10.0387,1245.59
1598,4,0,1,10.033,1217.04
948,4,0,1,10.0277,1188.45
943,4,0,2,10.4874,3561.29,0.0575,250.798,0.09,3
2020,4,0,2,10.4866,3557.36
1787,4,0,2,10.4699,3472.46
2023,4,0,2,10.4605,3425.64
2163,4,0,2,10.4342,3283.07
1314,4,0,2,10.4216,3212.71
2165,4,0,2,10.4053,3125.51
2071,4,0,2,10.3836,3011
1317,4,0,2,10.3714,2942.79
2072,4,0,2,10.3515,2835.69
1588,4,0,2,10.3201,2667.4
1590,4,0,2,10.2839,2488.08
1589,4,0,2,10.2585,2358.41
465,4,0,3,10.838,5299.52,0.0695,303.138,0.16,4
379,4,0,3,10.8239,5230.92
380,4,0,3,10.8172,5198.69
386,4,0,3,10.8067,5147.76
387,4,0,3,10.7828,5034.19
396,4,0,3,10.7808,5020.58
395,4,0,3,10.7761,4996.99
403,4,0,3,10.7588,4905.48
406,4,0,3,10.744,4835.86
407,4,0,3,10.7383,4807.53
424,4,0,3,10.7201,4712.82
426,4,0,3,10.7166,4694.69
425,4,0,3,10.7129,4674.63
420,4,0,3,10.7028,4621.07
431,4,0,3,10.688,4544.58
434,4,0,3,10.6815,4513.97
873,4,0,3,10.6776,4492.88
874,4,0,3,10.6635,4425.7
870,4,0,3,10.6581,4397.88
894,4,0,3,10.6361,4285.99
895,4,0,3,10.6266,4238.4
907,4,0,3,10.6132,4170.81
908,4,0,3,10.6066,4135.92
2014,4,0,3,10.606,4133.24
2017,4,0,3,10.6049,4127.55
2170,4,0,3,10.6016,4111.29
1738,4,0,3,10.5857,4030.59
1737,4,0,3,10.58,4001.02
936,4,0,3,10.5634,3916.2
933,4,0,3,10.5628,3913.26
934,4,0,3,10.5573,3875.61
935,4,0,3,10.5568,3873
2020,4,0,3,10.5457,3816.02
943,4,0,3,10.5449,3812.09
141,4,0,4,11.0097,6145.16,0.0505,220.266,0.03,5
142,4,0,4,10.9944,6060.71
362,4,0,4,10.9851,6010.09
363,4,0,4,10.9693,5924.16
367,4,0,4,10.9552,5848.97
368,4,0,4,10.9532,5835.51
372,4,0,4,10.9381,5757.28
460,4,0,4,10.9322,5722.64
464,4,0,4,10.9151,5639.46
465,4,0,4,10.9075,5602.66
1972,4,0,5,11.2098,7205.53,0.0608333,265.337,0.08,6
148,4,0,5,11.1832,7065.7
149,4,0,5,11.1792,7045.21
161,4,0,5,11.165,6965.01
167,4,0,5,11.1479,6854.18
172,4,0,5,11.1317,6756.73
1535,4,0,5,11.1221,6705.12
177,4,0,5,11.1118,6650.96
184,4,0,5,11.0914,6539.64
141,4,0,5,11.0602,6365.43
1979,4,0,6,11.5931,9248.04,0.0433333,189.007,0.09,7
1978,4,0,6,11.552,9018.78
107,4,0,6,11.5437,8964.88
1967,4,0,6,11.5407,8936.17
105,4,0,6,11.5159,8787.68
124,4,0,6,11.5025,8712.88
1970,4,0,6,11.4867,8619.8
122,4,0,6,11.4738,8554.53
127,4,0,6,11.4385,8363.88
128,4,0,6,11.4342,8342.7
1717,4,0,6,11.4057,8191.65
129,4,0,6,11.3831,8066.53
130,4,0,6,11.3753,8027.52
1726,4,0,6,11.3687,7990.25
1723,4,0,6,11.3581,7933.19
2104,4,0,6,11.3483,7883.97
1724,4,0,6,11.3278,7773.85
1725,4,0,6,11.3253,7760.23
1727,4,0,6,11.3082,7666.09
149,4,0,6,11.3072,7656.46
148,4,0,6,11.3024,7632.67
1972,4,0,6,11.2706,7470.86
294,4,0,7,11.7724,10185.5,0.100167,436.897,0.4,8
295,4,0,7,11.7506,10072.4
338,4,0,7,11.737,9996.59
339,4,0,7,11.7315,9959.59
342,4,0,7,11.7161,9874.35
343,4,0,7,11.7056,9819.52
344,4,0,7,11.6785,9685.12
1819,4,0,7,11.6652,9591.59
335,4,0,7,11.6602,9562.64
2114,4,0,7,11.6449,9481.85
329,4,0,7,11.6423,9466.79
1979,4,0,7,11.6364,9437.04
2008,4,0,8,12.0238,11443.2,0.0393333,171.56,0.02,9
2152,4,0,8,12.0171,11406.8
820,4,0,8,12.0028,11330.3
819,4,0,8,11.9859,11241.9
818,4,0,8,11.9712,11162.5
804,4,0,8,11.9533,11062.2
803,4,0,8,11.9452,11016.9
354,4,0,8,11.9451,11016.5
347,4,0,8,11.933,10949.3
346,4,0,8,11.9324,10946.3
339,4,0,8,11.9152,10851.8
338,4,0,8,11.9073,10808.4
295,4,0,8,11.8904,10718.4
294,4,0,8,11.8726,10622.4
810,4,0,9,12.1318,11979.9,0.0375,163.564,0.29,10
813,4,0,9,12.1214,11929.1
809,4,0,9,12.0945,11794.4
808,4,0,9,12.0853,11745.6
807,4,0,9,12.076,11697.4
812,4,0,9,12.0758,11696.6
2008,4,0,9,12.0632,11614.8
412,4,0,10,12.2854,12745.6,0,0,0
398,4,0,10,12.2711,12667.6
410,4,0,10,12.2708,12666.4
409,4,0,10,12.2547,12582.6
1985,4,0,10,12.2402,12505.3
881,4,0,10,12.2104,12348.9
814,4,0,10,12.1901,12244.2
810,4,0,10,12.1693,12143.5
465,5,0,0,10.9602,777.97,0.0695,303.138,0.16,1
464,5,0,0,10.9536,745.345
460,5,0,0,10.9459,702.293
372,5,0,0,10.9397,666.868
371,5,0,0,10.9211,558.413
2134,5,0,0,10.9157,517.634
2136,5,0,0,10.904,453.922
393,5,0,0,10.8719,288.91
401,5,0,0,10.8597,221.946
400,5,0,0,10.8365,91.0573
411,5,0,0,10.8227,19.0468
412,5,0,0,10.82,0
141,5,0,1,11.1241,1591.76,0.0505,220.266,0.03,2
142,5,0,1,11.1101,1512.52
362,5,0,1,11.101,1462.7
363,5,0,1,11.0882,1388.74
367,5,0,1,11.0747,1316.3
368,5,0,1,11.0728,1302.84
372,5,0,1,11.0602,1235.64
460,5,0,1,11.0544,1201.09
464,5,0,1,11.0373,1117.91
465,5,0,1,11.0297,1081.11
1972,5,0,2,11.3243,2652.12,0.0608333,265.337,0.08,3
148,5,0,2,11.2977,2512.29
149,5,0,2,11.2937,2491.8
161,5,0,2,11.2795,2411.6
167,5,0,2,11.2623,2300.77
172,5,0,2,11.2462,2203.32
1535,5,0,2,11.2365,2151.72
177,5,0,2,11.2263,2097.56
184,5,0,2,11.2058,1986.23
141,5,0,2,11.1746,1812.02
294,5,0,3,11.8382,5420.95,0.100167,436.897,0.4,4
295,5,0,3,11.8223,5333.14
338,5,0,3,11.808,5254.4
339,5,0,3,11.8026,5217.41
342,5,0,3,11.7788,5096.96
343,5,0,3,11.7661,5032.64
344,5,0,3,11.7497,4943.3
1819,5,0,3,11.7361,4849.63
335,5,0,3,11.7317,4821.45
2114,5,0,3,11.7166,4741.59
329,5,0,3,11.7139,4726.38
1979,5,0,3,11.7075,4694.63
1978,5,0,3,11.6665,4465.38
107,5,0,3,11.6582,4411.47
1967,5,0,3,11.6552,4382.76
105,5,0,3,11.6303,4234.27
124,5,0,3,11.617,4159.48
1970,5,0,3,11.6012,4066.39
122,5,0,3,11.5883,4001.12
127,5,0,3,11.5529,3810.48
128,5,0,3,11.5487,3789.29
1717,5,0,3,11.5201,3638.25
129,5,0,3,11.4976,3513.12
130,5,0,3,11.4898,3474.12
1726,5,0,3,11.4832,3436.84
1723,5,0,3,11.4726,3379.79
2104,5,0,3,11.4628,3330.57
1724,5,0,3,11.4423,3220.45
1725,5,0,3,11.4398,3206.83
1727,5,0,3,11.4226,3112.68
149,5,0,3,11.4217,3103.06
148,5,0,3,11.4169,3079.27
1972,5,0,3,11.3851,2917.46
1979,5,0,4,12.0697,6585.51,0.0556667,242.801,0.07,5
329,5,0,4,12.0675,6568.08
2114,5,0,4,12.0627,6543.53
335,5,0,4,12.0521,6482.25
1819,5,0,4,12.0477,6454.06
344,5,0,4,12.0322,6358.36
343,5,0,4,12.0128,6256.35
1980,5,0,4,12.0029,6204.78
342,5,0,4,11.9968,6173.68
339,5,0,4,11.981,6087.27
338,5,0,4,11.9731,6043.82
295,5,0,4,11.9562,5953.83
294,5,0,4,11.9384,5857.84
2008,5,0,5,12.2394,7454.95,0.0393333,171.56,0.02,6
812,5,0,5,12.2215,7357.25
807,5,0,5,12.2213,7356.46
356,5,0,5,12.2051,7271.65
1981,5,0,5,12.1929,7188.14
345,5,0,5,12.1727,7084.57
341,5,0,5,12.1633,7034.6
2132,5,0,5,12.1631,7032.54
328,5,0,5,12.1464,6937
2115,5,0,5,12.1364,6883.81
329,5,0,5,12.1327,6863.77
1979,5,0,5,12.1254,6828.31
810,5,0,6,12.3474,7991.65,0.0375,163.564,0.29,7
813,5,0,6,12.3369,7940.84
809,5,0,6,12.31,7806.16
808,5,0,6,12.3008,7757.33
807,5,0,6,12.2916,7709.15
812,5,0,6,12.2914,7708.36
2008,5,0,6,12.2787,7626.51
412,5,0,7,12.5009,8757.36,0,0,0
398,5,0,7,12.4866,8679.3
410,5,0,7,12.4864,8678.09
409,5,0,7,12.4703,8594.36
1985,5,0,7,12.4558,8517.01
881,5,0,7,12.426,8360.67
814,5,0,7,12.4057,8255.91
810,5,0,7,12.3849,8155.21
943,5,1,0,9.48526,977.226,0.0683333,298.049,0.1,1
934,5,1,0,9.47643,929.095
933,5,1,0,9.46723,879.984
936,5,1,0,9.46663,877.044
1737,5,1,0,9.45543,815.103
917,5,1,0,9.43797,729.074
916,5,1,0,9.43779,728.166
906,5,1,0,9.41451,606.172
889,5,1,0,9.40332,548.313
890,5,1,0,9.39809,518.428
2013,5,1,0,9.37573,402.826
1988,5,1,0,9.35798,308.467
429,5,1,0,9.33226,176.544
415,5,1,0,9.31606,92.3787
2138,5,1,0,9.31588,91.3208
411,5,1,0,9.30292,19.2235
412,5,1,0,9.3,0
1589,5,1,1,9.76521,2410.3,0.0506667,220.993,0.28,2
1560,5,1,1,9.73503,2244.53
1321,5,1,1,9.71188,2122.28
1562,5,1,1,9.69904,2051.56
1563,5,1,1,9.65986,1846.84
2164,5,1,1,9.65074,1795.74
1313,5,1,1,9.62754,1670.89
1309,5,1,1,9.61909,1622.47
1314,5,1,1,9.61852,1619.6
2163,5,1,1,9.6017,1530.92
2023,5,1,1,9.57494,1386.33
1787,5,1,1,9.56739,1347.36
1788,5,1,1,9.56661,1343.66
943,5,1,1,9.5536,1275.28
948,5,1,2,9.98581,3537.08,0.0391667,170.833,0.36,3
1598,5,1,2,9.97397,3481.51
2025,5,1,2,9.96972,3458.77
2024,5,1,2,9.9561,3384.08
1301,5,1,2,9.94524,3325.58
1306,5,1,2,9.92866,3239.95
1312,5,1,2,9.92859,3239.59
1602,5,1,2,9.89793,3077.65
1320,5,1,2,9.88373,3002.17
1321,5,1,2,9.86877,2917.52
1560,5,1,2,9.84805,2805.7
1589,5,1,2,9.81587,2631.29
412,5,1,3,10.2224,4728.97,0,0,0
414,5,1,3,10.2085,4658.39
427,5,1,3,10.1936,4578.99
1987,5,1,3,10.1878,4549.93
428,5,1,3,10.1828,4524.56
429,5,1,3,10.1579,4402.33
886,5,1,3,10.1222,4224.04
888,5,1,3,10.1051,4129.72
903,5,1,3,10.0955,4077.67
904,5,1,3,10.0922,4059.76
925,5,1,3,10.0703,3938.6
2019,5,1,3,10.0628,3902.78
929,5,1,3,10.0624,3900.79
928,5,1,3,10.0386,3779.17
948,5,1,3,10.025,3707.92
943,6,0,0,9.83526,977.226,0.0683333,298.049,0.1,1
934,6,0,0,9.82643,929.095
933,6,0,0,9.81722,879.984
936,6,0,0,9.81663,877.044
1737,6,0,0,9.80542,815.103
917,6,0,0,9.78797,729.074
916,6,0,0,9.78779,728.166
906,6,0,0,9.76451,606.172
889,6,0,0,9.75332,548.313
890,6,0,0,9.74809,518.428
2013,6,0,0,9.72573,402.826
1988,6,0,0,9.70798,308.467
429,6,0,0,9.68226,176.544
415,6,0,0,9.66606,92.3787
2138,6,0,0,9.66588,91.3208
411,6,0,0,9.65292,19.2235
412,6,0,0,9.65,0
948,6,0,1,9.99446,1735.42,0.0391667,170.833,0.36,2
950,6,0,1,9.98137,1662.49
938,6,0,1,9.97114,1605.91
939,6,0,1,9.94478,1475.6
941,6,0,1,9.92411,1379
942,6,0,1,9.91182,1317.76
943,6,0,1,9.9036,1275.28
1589,6,0,2,10.2121,2847.95,0.0523333,228.262,0.28,3
1560,6,0,2,10.178,2665.41
1321,6,0,2,10.1526,2533.73
1320,6,0,2,10.131,2420.52
1602,6,0,2,10.1064,2301.65
1312,6,0,2,10.0836,2173.5
1306,6,0,2,10.0835,2173.14
1301,6,0,2,10.0681,2092.59
2024,6,0,2,10.0568,2032.2
2025,6,0,2,10.0446,1963.4
1598,6,0,2,10.0389,1934.84
948,6,0,2,10.0336,1906.25
294,6,0,3,10.6516,5251.1,0.0973333,424.539,0.34,4
295,6,0,3,10.6342,5156.79
338,6,0,3,10.6205,5080.44
339,6,0,3,10.615,5043.44
346,6,0,3,10.5972,4946.25
347,6,0,3,10.5966,4943.23
354,6,0,3,10.5856,4879.66
803,6,0,3,10.5856,4879.29
804,6,0,3,10.5674,4791.73
818,6,0,3,10.5464,4678.18
819,6,0,3,10.5318,4598.98
2009,6,0,3,10.5253,4551.87
2010,6,0,3,10.5097,4451.13
837,6,0,3,10.5024,4405.01
1774,6,0,3,10.4912,4336.26
849,6,0,3,10.4869,4313.5
850,6,0,3,10.4798,4264.34
852,6,0,3,10.4741,4221.4
865,6,0,3,10.4673,4179.44
869,6,0,3,10.4521,4088.61
2066,6,0,3,10.43,3974.88
1297,6,0,3,10.4038,3835.22
1299,6,0,3,10.3981,3803.23
1600,6,0,3,10.3967,3789.78
1306,6,0,3,10.3805,3698.91
1312,6,0,3,10.3804,3698.55
1602,6,0,3,10.3532,3551.16
1320,6,0,3,10.3376,3469.93
1321,6,0,3,10.3223,3383.73
1560,6,0,3,10.3009,3268.99
1589,6,0,3,10.2644,3076.21
465,6,0,4,11.0658,7512.96,0.111333,485.602,0.18,5
464,6,0,4,11.059,7479.88
460,6,0,4,11.0506,7433.27
372,6,0,4,11.0452,7399.19
371,6,0,4,11.0294,7294.48
2134,6,0,4,11.0239,7253.7
369,6,0,4,11.0075,7157.5
370,6,0,4,11.0025,7120.31
365,6,0,4,10.9542,6863.54
323,6,0,4,10.9343,6738.77
108,6,0,4,10.9225,6671.24
321,6,0,4,10.9221,6669.01
1978,6,0,4,10.9141,6617.03
1979,6,0,4,10.8814,6406.85
329,6,0,4,10.8792,6389.39
2114,6,0,4,10.874,6363.47
335,6,0,4,10.8636,6302.32
1819,6,0,4,10.8586,6273.33
344,6,0,4,10.843,6177.55
343,6,0,4,10.8251,6081.48
1980,6,0,4,10.816,6033.17
342,6,0,4,10.8099,6002.55
339,6,0,4,10.7931,5911.69
338,6,0,4,10.7832,5859.68
295,6,0,4,10.7658,5767.46
294,6,0,4,10.749,5675.64
141,6,0,5,11.2715,8509.21,0.0505,220.266,0.03,6
142,6,0,5,11.2575,8429.97
362,6,0,5,11.2484,8380.15
363,6,0,5,11.2356,8306.19
367,6,0,5,11.2222,8233.75
368,6,0,5,11.2202,8220.29
372,6,0,5,11.2076,8153.09
460,6,0,5,11.2018,8118.54
464,6,0,5,11.1847,8035.36
465,6,0,5,11.1771,7998.56
1972,6,0,6,11.4717,9569.57,0.0608333,265.337,0.08,7
148,6,0,6,11.4451,9429.74
149,6,0,6,11.4411,9409.25
161,6,0,6,11.4269,9329.05
167,6,0,6,11.4097,9218.22
172,6,0,6,11.3936,9120.77
1535,6,0,6,11.3839,9069.17
177,6,0,6,11.3737,9015.01
184,6,0,6,11.3532,8903.68
141,6,0,6,11.322,8729.47
1979,6,0,7,11.8549,11612.1,0.0433333,189.007,0.09,8
1978,6,0,7,11.8139,11382.8
107,6,0,7,11.8056,11328.9
1967,6,0,7,11.8026,11300.2
105,6,0,7,11.7777,11151.7
124,6,0,7,11.7644,11076.9
1970,6,0,7,11.7486,10983.8
122,6,0,7,11.7357,10918.6
127,6,0,7,11.7003,10727.9
128,6,0,7,11.6961,10706.7
1717,6,0,7,11.6675,10555.7
129,6,0,7,11.645,10430.6
130,6,0,7,11.6372,10391.6
1726,6,0,7,11.6306,10354.3
1723,6,0,7,11.62,10297.2
2104,6,0,7,11.6102,10248
1724,6,0,7,11.5897,10137.9
1725,6,0,7,11.5872,10124.3
1727,6,0,7,11.5701,10030.1
149,6,0,7,11.5691,10020.5
148,6,0,7,11.5643,9996.72
1972,6,0,7,11.5325,9834.91
2008,6,0,8,12.0064,12410.5,0.0393333,171.56,0.02,9
812,6,0,8,11.99,12319.2
807,6,0,8,11.9898,12318.4
356,6,0,8,11.977,12248
1981,6,0,8,11.9647,12164.5
345,6,0,8,11.943,12054.4
341,6,0,8,11.9336,12004.2
2132,6,0,8,11.9333,12002.1
328,6,0,8,11.9195,11910.5
2115,6,0,8,11.9081,11851.5
329,6,0,8,11.9042,11830.8
1979,6,0,8,11.8983,11801.1
810,6,0,9,12.1144,12947.2,0.0375,163.564,0.29,10
813,6,0,9,12.1039,12896.4
809,6,0,9,12.0771,12761.7
808,6,0,9,12.0678,12712.9
807,6,0,9,12.0586,12664.7
812,6,0,9,12.0584,12663.9
2008,6,0,9,12.0458,12582.1
412,6,0,10,12.268,13712.9,0,0,0
398,6,0,10,12.2537,13634.9
410,6,0,10,12.2534,13633.6
409,6,0,10,12.2373,13549.9
1985,6,0,10,12.2228,13472.6
881,6,0,10,12.193,13316.2
814,6,0,10,12.1727,13211.5
810,6,0,10,12.1519,13110.8
948,7,0,0,9.94857,1017.62,0.0391667,170.833,0.36,1
928,7,0,0,9.93859,961.847
923,7,0,0,9.90072,774.378
924,7,0,0,9.89244,735.064
914,7,0,0,9.87023,620.414
902,7,0,0,9.86274,579.948
887,7,0,0,9.84726,499.708
2012,7,0,0,9.82066,369.988
884,7,0,0,9.8166,348.667
1987,7,0,0,9.78006,162.519
413,7,0,0,9.76368,77.1309
411,7,0,0,9.75292,19.2235
412,7,0,0,9.75,0
943,7,0,1,10.0677,1603.7,0.0575,250.798,0.09,2
942,7,0,1,10.0594,1560.75
941,7,0,1,10.0477,1501.95
939,7,0,1,10.0362,1442.95
938,7,0,1,10.0162,1339.23
928,7,0,1,10.001,1258.5
948,7,0,1,9.98773,1188.45
1589,7,0,2,10.3437,3020.57,0.0523333,228.262,0.28,3
1560,7,0,2,10.3097,2838.03
1321,7,0,2,10.2843,2706.35
1562,7,0,2,10.2707,2632.28
1563,7,0,2,10.2362,2447.61
2164,7,0,2,10.2243,2384.54
1313,7,0,2,10.2024,2265.08
1309,7,0,2,10.194,2216.74
1314,7,0,2,10.1934,2213.87
2163,7,0,2,10.1777,2129.85
2023,7,0,2,10.149,1976.88
1787,7,0,2,10.1413,1937.33
2020,7,0,2,10.126,1858.43
943,7,0,2,10.1252,1854.49
294,7,0,3,10.7833,5423.72,0.0973333,424.539,0.34,4
295,7,0,3,10.7659,5329.42
338,7,0,3,10.7521,5253.06
339,7,0,3,10.7467,5216.07
346,7,0,3,10.7289,5118.87
347,7,0,3,10.7282,5115.85
354,7,0,3,10.7173,5052.29
803,7,0,3,10.7172,5051.91
804,7,0,3,10.6991,4964.36
818,7,0,3,10.6781,4850.8
819,7,0,3,10.6634,4771.6
2009,7,0,3,10.657,4724.5
2010,7,0,3,10.6414,4623.75
837,7,0,3,10.634,4577.63
1774,7,0,3,10.6228,4508.88
849,7,0,3,10.6186,4486.12
850,7,0,3,10.6115,4436.96
852,7,0,3,10.6057,4394.02
865,7,0,3,10.5989,4352.06
869,7,0,3,10.5838,4261.23
2066,7,0,3,10.5617,4147.5
1297,7,0,3,10.5355,4007.84
1299,7,0,3,10.5298,3975.85
1600,7,0,3,10.5283,3962.4
1306,7,0,3,10.5122,3871.53
1312,7,0,3,10.5121,3871.17
1602,7,0,3,10.4848,3723.78
1320,7,0,3,10.4693,3642.56
1321,7,0,3,10.4539,3556.35
1560,7,0,3,10.4325,3441.61
1589,7,0,3,10.3961,3248.83
1979,7,0,4,11.013,6579.47,0.0433333,189.007,0.09,5
329,7,0,4,11.0109,6562.01
2114,7,0,4,11.0057,6536.09
335,7,0,4,10.9953,6474.94
1819,7,0,4,10.9903,6445.95
344,7,0,4,10.9747,6350.18
343,7,0,4,10.9567,6254.1
1980,7,0,4,10.9476,6205.79
342,7,0,4,10.9416,6175.17
339,7,0,4,10.9248,6084.31
338,7,0,4,10.9149,6032.3
295,7,0,4,10.8974,5940.08
294,7,0,4,10.8806,5848.26
1972,7,0,5,11.3938,8610.94,0.0608333,265.337,0.08,6
148,7,0,5,11.3688,8477.84
149,7,0,5,11.3648,8457.15
1727,7,0,5,11.3619,8442.5
1728,7,0,5,11.336,8303.5
150,7,0,5,11.3209,8220.17
2189,7,0,5,11.3108,8166.39
1723,7,0,5,11.3037,8129.1
1726,7,0,5,11.2937,8074.57
130,7,0,5,11.2853,8029.68
129,7,0,5,11.2811,8005.42
1717,7,0,5,11.2598,7885.83
128,7,0,5,11.2265,7714.75
127,7,0,5,11.2232,7697.31
122,7,0,5,11.1878,7506.64
1970,7,0,5,11.174,7437.36
124,7,0,5,11.1548,7332.34
105,7,0,5,11.1415,7257.65
1967,7,0,5,11.1054,7065.94
107,7,0,5,11.1001,7036.15
1978,7,0,5,11.0909,6981.03
1979,7,0,5,11.0564,6768.48
141,7,0,6,11.6083,9690.28,0.0505,220.266,0.03,7
137,7,0,6,11.6045,9664.33
134,7,0,6,11.5747,9511.59
129,7,0,6,11.5671,9471.95
130,7,0,6,11.5594,9432.94
1726,7,0,6,11.5527,9395.66
1723,7,0,6,11.5422,9338.61
2104,7,0,6,11.5324,9289.39
1724,7,0,6,11.5119,9179.27
1725,7,0,6,11.5094,9165.65
1727,7,0,6,11.4922,9071.5
149,7,0,6,11.4913,9061.88
148,7,0,6,11.4865,9038.09
1972,7,0,6,11.4547,8876.28
465,7,0,7,11.747,10392.7,0.111333,485.602,0.18,8
464,7,0,7,11.7396,10357.1
460,7,0,7,11.7301,10305.8
372,7,0,7,11.7244,10271.3
368,7,0,7,11.7122,10205.6
367,7,0,7,11.7095,10190.7
363,7,0,7,11.695,10113.6
362,7,0,7,11.6818,10038.9
142,7,0,7,11.6733,9991.78
141,7,0,7,11.6588,9910.55
2008,7,0,8,12.1597,12463.7,0.0393333,171.56,0.02,9
821,7,0,8,12.1549,12436.3
2153,7,0,8,12.1435,12377.6
831,7,0,8,12.1434,12377.6
825,7,0,8,12.143,12375.5
822,7,0,8,12.1261,12279.1
823,7,0,8,12.1189,12242.8
824,7,0,8,12.1045,12168.5
880,7,0,8,12.0882,12078.9
882,7,0,8,12.0684,11979.7
2155,7,0,8,12.0651,11962.7
2012,7,0,8,12.0476,11869.1
885,7,0,8,12.0416,11840.3
886,7,0,8,12.0206,11730.1
2013,7,0,8,12.0122,11686.5
1988,7,0,8,11.9935,11588.2
417,7,0,8,11.9713,11476.2
418,7,0,8,11.9677,11457.3
419,7,0,8,11.9514,11368.2
424,7,0,8,11.9479,11348.3
407,7,0,8,11.9306,11257
406,7,0,8,11.9258,11232.4
403,7,0,8,11.9221,11203.9
394,7,0,8,11.9114,11147.1
384,7,0,8,11.9072,11125.9
385,7,0,8,11.9035,11106.6
377,7,0,8,11.9002,11088.6
386,7,0,8,11.8848,11009.2
380,7,0,8,11.8793,10979.4
466,7,0,8,11.8691,10926.9
465,7,0,8,11.8583,10878.3
810,7,0,9,12.2677,13000.4,0.0375,163.564,0.29,10
813,7,0,9,12.2573,12949.6
809,7,0,9,12.2304,12815
808,7,0,9,12.2212,12766.1
807,7,0,9,12.2119,12717.9
812,7,0,9,12.2117,12717.2
2008,7,0,9,12.1991,12635.3
412,7,0,10,12.4213,13766.2,0,0,0
398,7,0,10,12.407,13688.1
410,7,0,10,12.4067,13686.9
409,7,0,10,12.3906,13603.2
1985,7,0,10,12.3761,13525.8
881,7,0,10,12.3464,13369.5
814,7,0,10,12.326,13264.7
810,7,0,10,12.3052,13164
948,8,0,0,9.96857,1017.62,0.0391667,170.833,0.36,1
928,8,0,0,9.95859,961.847
923,8,0,0,9.92072,774.378
924,8,0,0,9.91244,735.064
914,8,0,0,9.89023,620.414
902,8,0,0,9.88274,579.948
887,8,0,0,9.86726,499.708
2012,8,0,0,9.84066,369.988
884,8,0,0,9.8366,348.667
1987,8,0,0,9.80006,162.519
413,8,0,0,9.78368,77.1309
411,8,0,0,9.77292,19.2235
412,8,0,0,9.77,0
943,8,0,1,10.0947,1632.29,0.0575,250.798,0.09,2
942,8,0,1,10.0875,1593.97
941,8,0,1,10.0758,1535.17
939,8,0,1,10.0553,1439.2
938,8,0,1,10.0374,1344.44
928,8,0,1,10.0213,1259.7
948,8,0,1,10.0077,1188.45
1589,8,0,2,10.3708,3049.17,0.0523333,228.262,0.28,3
1560,8,0,2,10.3367,2866.63
1321,8,0,2,10.3113,2734.95
1562,8,0,2,10.2977,2660.88
1563,8,0,2,10.2633,2476.21
2164,8,0,2,10.2514,2413.14
1313,8,0,2,10.2294,2293.67
1309,8,0,2,10.221,2245.33
1314,8,0,2,10.2204,2242.46
2163,8,0,2,10.2047,2158.44
2023,8,0,2,10.176,2005.48
1787,8,0,2,10.1683,1965.93
2020,8,0,2,10.1531,1887.02
943,8,0,2,10.1522,1883.09
294,8,0,3,10.8103,5452.32,0.0973333,424.539,0.34,4
295,8,0,3,10.7929,5358.01
338,8,0,3,10.7792,5281.66
339,8,0,3,10.7737,5244.66
346,8,0,3,10.7559,5147.47
347,8,0,3,10.7553,5144.45
354,8,0,3,10.7443,5080.88
803,8,0,3,10.7443,5080.51
804,8,0,3,10.7261,4992.95
818,8,0,3,10.7051,4879.4
819,8,0,3,10.6905,4800.2
2009,8,0,3,10.684,4753.09
2010,8,0,3,10.6684,4652.34
837,8,0,3,10.6611,4606.23
1774,8,0,3,10.6499,4537.48
849,8,0,3,10.6457,4514.71
850,8,0,3,10.6385,4465.56
852,8,0,3,10.6328,4422.61
865,8,0,3,10.626,4380.66
869,8,0,3,10.6108,4289.83
2066,8,0,3,10.5887,4176.1
1297,8,0,3,10.5625,4036.44
1299,8,0,3,10.5568,4004.45
1600,8,0,3,10.5554,3991
1306,8,0,3,10.5392,3900.13
1312,8,0,3,10.5391,3899.77
1602,8,0,3,10.5119,3752.38
1320,8,0,3,10.4963,3671.15
1321,8,0,3,10.481,3584.95
1560,8,0,3,10.4596,3470.21
1589,8,0,3,10.4231,3277.43
465,8,0,4,11.2245,7714.17,0.111333,485.602,0.18,5
464,8,0,4,11.2177,7681.1
460,8,0,4,11.2093,7634.49
372,8,0,4,11.2039,7600.41
371,8,0,4,11.1881,7495.7
2134,8,0,4,11.1826,7454.92
369,8,0,4,11.1662,7358.72
370,8,0,4,11.1612,7321.52
365,8,0,4,11.1129,7064.76
323,8,0,4,11.093,6939.98
108,8,0,4,11.0813,6872.46
321,8,0,4,11.0808,6870.22
1978,8,0,4,11.0728,6818.25
1979,8,0,4,11.0401,6608.07
329,8,0,4,11.0379,6590.61
2114,8,0,4,11.0327,6564.69
335,8,0,4,11.0223,6503.54
1819,8,0,4,11.0173,6474.55
344,8,0,4,11.0017,6378.77
343,8,0,4,10.9838,6282.7
1980,8,0,4,10.9747,6234.39
342,8,0,4,10.9686,6203.77
339,8,0,4,10.9518,6112.9
338,8,0,4,10.9419,6060.9
295,8,0,4,10.9245,5968.68
294,8,0,4,10.9077,5876.86
141,8,0,5,11.4303,8710.42,0.0505,220.266,0.03,6
142,8,0,5,11.4162,8631.19
362,8,0,5,11.4071,8581.37
363,8,0,5,11.3943,8507.41
367,8,0,5,11.3809,8434.97
368,8,0,5,11.3789,8421.51
372,8,0,5,11.3663,8354.3
460,8,0,5,11.3606,8319.75
464,8,0,5,11.3434,8236.58
465,8,0,5,11.3358,8199.78
1972,8,0,6,11.6304,9770.79,0.0608333,265.337,0.08,7
148,8,0,6,11.6038,9630.96
149,8,0,6,11.5998,9610.47
161,8,0,6,11.5856,9530.27
167,8,0,6,11.5684,9419.44
172,8,0,6,11.5523,9321.99
1535,8,0,6,11.5426,9270.38
177,8,0,6,11.5324,9216.23
184,8,0,6,11.5119,9104.9
141,8,0,6,11.4808,8930.69
1979,8,0,7,12.0137,11813.3,0.0556667,242.801,0.07,8
1978,8,0,7,11.9726,11584
107,8,0,7,11.9643,11530.1
1967,8,0,7,11.9613,11501.4
105,8,0,7,11.9364,11352.9
124,8,0,7,11.9231,11278.1
1970,8,0,7,11.9073,11185.1
122,8,0,7,11.8944,11119.8
127,8,0,7,11.859,10929.1
128,8,0,7,11.8548,10908
1717,8,0,7,11.8263,10756.9
129,8,0,7,11.8037,10631.8
130,8,0,7,11.7959,10592.8
1726,8,0,7,11.7893,10555.5
1723,8,0,7,11.7787,10498.5
2104,8,0,7,11.7689,10449.2
1724,8,0,7,11.7484,10339.1
1725,8,0,7,11.7459,10325.5
1727,8,0,7,11.7288,10231.4
149,8,0,7,11.7278,10221.7
148,8,0,7,11.723,10197.9
1972,8,0,7,11.6912,10036.1
2008,8,0,8,12.1833,12682.7,0.0393333,171.56,0.02,9
812,8,0,8,12.1654,12585
807,8,0,8,12.1652,12584.2
356,8,0,8,12.1491,12499.4
1981,8,0,8,12.1368,12415.9
345,8,0,8,12.1167,12312.4
341,8,0,8,12.1073,12262.4
2132,8,0,8,12.1071,12260.3
328,8,0,8,12.0904,12164.8
2115,8,0,8,12.0804,12111.6
329,8,0,8,12.0766,12091.6
1979,8,0,8,12.0693,12056.1
810,8,0,9,12.2913,13219.4,0.0375,163.564,0.29,10
813,8,0,9,12.2809,13168.6
809,8,0,9,12.254,13033.9
808,8,0,9,12.2448,12985.1
807,8,0,9,12.2355,12936.9
812,8,0,9,12.2353,12936.1
2008,8,0,9,12.2227,12854.3
412,8,0,10,12.4449,13985.1,0,0,0
398,8,0,10,12.4306,13907.1
410,8,0,10,12.4303,13905.9
409,8,0,10,12.4142,13822.1
1985,8,0,10,12.3997,13744.8
881,8,0,10,12.3699,13588.5
814,8,0,10,12.3496,13483.7
810,8,0,10,12.3288,13383
465,9,0,0,10.9702,777.97,0.0695,303.138,0.16,1
464,9,0,0,10.9636,745.345
460,9,0,0,10.9559,702.293
372,9,0,0,10.9497,666.868
371,9,0,0,10.9311,558.413
2134,9,0,0,10.9257,517.634
2136,9,0,0,10.914,453.922
393,9,0,0,10.8819,288.91
401,9,0,0,10.8697,221.946
400,9,0,0,10.8465,91.0573
411,9,0,0,10.8327,19.0468
412,9,0,0,10.83,0
141,9,0,1,11.1341,1591.76,0.0505,220.266,0.03,2
142,9,0,1,11.1201,1512.52
362,9,0,1,11.111,1462.7
363,9,0,1,11.0982,1388.74
367,9,0,1,11.0847,1316.3
368,9,0,1,11.0828,1302.84
372,9,0,1,11.0702,1235.64
460,9,0,1,11.0644,1201.09
464,9,0,1,11.0473,1117.91
465,9,0,1,11.0397,1081.11
1972,9,0,2,11.3343,2652.12,0.0608333,265.337,0.08,3
148,9,0,2,11.3077,2512.29
149,9,0,2,11.3037,2491.8
161,9,0,2,11.2895,2411.6
167,9,0,2,11.2723,2300.77
172,9,0,2,11.2562,2203.32
1535,9,0,2,11.2465,2151.72
177,9,0,2,11.2363,2097.56
184,9,0,2,11.2158,1986.23
141,9,0,2,11.1846,1812.02
1979,9,0,3,11.7175,4694.63,0.0433333,189.007,0.09,4
1978,9,0,3,11.6765,4465.38
107,9,0,3,11.6682,4411.47
1967,9,0,3,11.6652,4382.76
105,9,0,3,11.6403,4234.27
124,9,0,3,11.627,4159.48
1970,9,0,3,11.6112,4066.39
122,9,0,3,11.5983,4001.12
127,9,0,3,11.5629,3810.48
128,9,0,3,11.5587,3789.29
1717,9,0,3,11.5301,3638.25
129,9,0,3,11.5076,3513.12
130,9,0,3,11.4998,3474.12
1726,9,0,3,11.4932,3436.84
1723,9,0,3,11.4826,3379.79
2104,9,0,3,11.4728,3330.57
1724,9,0,3,11.4523,3220.45
1725,9,0,3,11.4498,3206.83
1727,9,0,3,11.4326,3112.68
149,9,0,3,11.4317,3103.06
148,9,0,3,11.4269,3079.27
1972,9,0,3,11.3951,2917.46
2008,9,0,4,11.869,5493.06,0.0795,346.755,0.05,5
812,9,0,4,11.8526,5401.74
807,9,0,4,11.8524,5400.95
356,9,0,4,11.8396,5330.53
1981,9,0,4,11.8273,5247.02
345,9,0,4,11.8056,5136.95
341,9,0,4,11.7962,5086.7
2132,9,0,4,11.7959,5084.66
328,9,0,4,11.7821,4993.08
2115,9,0,4,11.7707,4934.09
329,9,0,4,11.7668,4913.39
1979,9,0,4,11.7609,4883.64
810,9,0,5,12.014,6191.21,0.0375,163.564,0.29,6
813,9,0,5,12.0035,6140.41
809,9,0,5,11.9779,6011.19
808,9,0,5,11.97,5967.71
807,9,0,5,11.9614,5922.52
812,9,0,5,11.9612,5921.73
2008,9,0,5,11.9485,5839.82
412,9,0,6,12.1675,6956.93,0,0,0
398,9,0,6,12.1532,6878.87
410,9,0,6,12.153,6877.66
409,9,0,6,12.1368,6793.93
1985,9,0,6,12.1223,6716.58
881,9,0,6,12.0926,6560.24
814,9,0,6,12.0723,6455.48
810,9,0,6,12.0515,6354.78
294,9,1,0,9.26621,1448.73,0.0963333,420.177,0.3,1
295,9,1,0,9.24867,1353.83
338,9,1,0,9.2331,1269.62
339,9,1,0,9.22767,1232.63
342,9,1,0,9.20155,1102.41
343,9,1,0,9.18551,1024.34
344,9,1,0,9.16773,928.994
1819,9,1,0,9.15257,833.761
335,9,1,0,9.14766,804.919
2114,9,1,0,9.134,731.261
329,9,1,0,9.1314,716.09
2115,9,1,0,9.12713,693.73
330,9,1,0,9.11236,610.461
336,9,1,0,9.09073,498.645
388,9,1,0,9.06261,347.265
397,9,1,0,9.03292,184.096
399,9,1,0,9.01791,100.956
411,9,1,0,9.00292,19.2235
412,9,1,0,9,0
1589,9,1,1,9.73586,3973.07,0.0506667,220.993,0.28,2
1560,9,1,1,9.70101,3787.18
1591,9,1,1,9.67677,3658.93
1559,9,1,1,9.65904,3563.75
1320,9,1,1,9.6551,3542.96
1602,9,1,1,9.64673,3486.01
1312,9,1,1,9.62362,3356.6
1306,9,1,1,9.62355,3356.24
1599,9,1,1,9.60619,3260.56
1300,9,1,1,9.60069,3230.44
1298,9,1,1,9.59533,3201.11
2176,9,1,1,9.58863,3161.63
2066,9,1,1,9.57741,3093.26
869,9,1,1,9.56497,3016.43
865,9,1,1,9.54717,2917.59
852,9,1,1,9.54025,2875.47
850,9,1,1,9.53359,2831.98
849,9,1,1,9.5259,2782.29
1774,9,1,1,9.52255,2763.28
837,9,1,1,9.51113,2694.21
2010,9,1,1,9.49823,2627.32
2009,9,1,1,9.47477,2501.14
819,9,1,1,9.46644,2452.06
818,9,1,1,9.45375,2381.34
804,9,1,1,9.43572,2280.57
803,9,1,1,9.4284,2237.56
354,9,1,1,9.42833,2237.18
353,9,1,1,9.42596,2226.09
314,9,1,1,9.41726,2177.29
312,9,1,1,9.41312,2154.36
313,9,1,1,9.40745,2119.21
306,9,1,1,9.39434,2048.14
297,9,1,1,9.38828,2013.94
295,9,1,1,9.37801,1954.83
294,9,1,1,9.36254,1868.9
948,9,1,2,9.95646,5099.85,0.0391667,170.833,0.36,3
1598,9,1,2,9.94463,5044.28
2025,9,1,2,9.94038,5021.54
2024,9,1,2,9.92675,4946.85
1301,9,1,2,9.9159,4888.35
1306,9,1,2,9.89932,4802.73
1312,9,1,2,9.89924,4802.36
1602,9,1,2,9.86858,4640.42
1320,9,1,2,9.85439,4564.94
1321,9,1,2,9.83942,4480.29
1560,9,1,2,9.81871,4368.47
1589,9,1,2,9.78653,4194.06
943,9,1,3,10.0756,5685.94,0.0575,250.798,0.09,4
942,9,1,3,10.0673,5642.99
941,9,1,3,10.0556,5584.19
939,9,1,3,10.0441,5525.19
938,9,1,3,10.0241,5421.47
928,9,1,3,10.0089,5340.74
948,9,1,3,9.99563,5270.69
412,9,1,4,10.3606,7112.19,0,0,0
414,9,1,4,10.3467,7041.61
427,9,1,4,10.3319,6962.21
1987,9,1,4,10.3261,6933.15
428,9,1,4,10.3211,6907.78
429,9,1,4,10.2962,6785.55
886,9,1,4,10.2604,6607.26
888,9,1,4,10.2434,6512.93
903,9,1,4,10.2338,6460.89
904,9,1,4,10.2305,6442.98
925,9,1,4,10.2085,6321.82
2019,9,1,4,10.2011,6285.99
929,9,1,4,10.2006,6284.01
938,9,1,4,10.1883,6216.36
939,9,1,4,10.1669,6106.79
941,9,1,4,10.1534,6039.53
942,9,1,4,10.1411,5978.3
943,9,1,4,10.1331,5936.73
465,10,0,0,11.1202,777.97,0.111333,485.602,0.18,1
464,10,0,0,11.1136,745.345
460,10,0,0,11.1059,702.293
372,10,0,0,11.0997,666.868
371,10,0,0,11.0811,558.413
2134,10,0,0,11.0757,517.634
2136,10,0,0,11.064,453.922
393,10,0,0,11.0319,288.91
401,10,0,0,11.0197,221.946
400,10,0,0,10.9965,91.0573
411,10,0,0,10.9827,19.0468
412,10,0,0,10.98,0
141,10,0,1,11.326,1774.22,0.0505,220.266,0.03,2
142,10,0,1,11.3119,1694.99
362,10,0,1,11.3028,1645.16
363,10,0,1,11.29,1571.2
367,10,0,1,11.2766,1498.76
368,10,0,1,11.2746,1485.3
372,10,0,1,11.262,1418.1
460,10,0,1,11.2563,1383.55
464,10,0,1,11.2391,1300.38
465,10,0,1,11.2315,1263.57
1972,10,0,2,11.5261,2834.58,0.0608333,265.337,0.08,3
148,10,0,2,11.4995,2694.76
149,10,0,2,11.4955,2674.27
161,10,0,2,11.4813,2594.07
167,10,0,2,11.4642,2483.24
172,10,0,2,11.448,2385.79
1535,10,0,2,11.4384,2334.18
177,10,0,2,11.4281,2280.02
184,10,0,2,11.4077,2168.69
141,10,0,2,11.3765,1994.49
1979,10,0,3,11.9094,4877.09,0.0433333,189.007,0.09,4
1978,10,0,3,11.8683,4647.84
107,10,0,3,11.86,4593.93
1967,10,0,3,11.857,4565.23
105,10,0,3,11.8322,4416.74
124,10,0,3,11.8188,4341.94
1970,10,0,3,11.803,4248.86
122,10,0,3,11.7901,4183.58
127,10,0,3,11.7548,3992.94
128,10,0,3,11.7505,3971.75
1717,10,0,3,11.722,3820.71
129,10,0,3,11.6994,3695.59
130,10,0,3,11.6917,3656.58
1726,10,0,3,11.685,3619.3
1723,10,0,3,11.6745,3562.25
2104,10,0,3,11.6647,3513.03
1724,10,0,3,11.6441,3402.91
1725,10,0,3,11.6416,3389.29
1727,10,0,3,11.6245,3295.15
149,10,0,3,11.6235,3285.52
148,10,0,3,11.6188,3261.73
1972,10,0,3,11.5869,3099.92
2008,10,0,4,12.0609,5675.53,0.0393333,171.56,0.02,5
812,10,0,4,12.0444,5584.2
807,10,0,4,12.0442,5583.41
356,10,0,4,12.0314,5512.99
1981,10,0,4,12.0192,5429.48
345,10,0,4,11.9974,5319.41
341,10,0,4,11.988,5269.16
2132,10,0,4,11.9878,5267.13
328,10,0,4,11.9739,5175.54
2115,10,0,4,11.9625,5116.55
329,10,0,4,11.9586,5095.85
1979,10,0,4,11.9527,5066.1
810,10,0,5,12.1688,6212.22,0.0375,163.564,0.29,6
813,10,0,5,12.1584,6161.42
809,10,0,5,12.1315,6026.73
808,10,0,5,12.1223,5977.91
807,10,0,5,12.113,5929.72
812,10,0,5,12.1129,5928.93
2008,10,0,5,12.1002,5847.09
412,10,0,6,12.3224,6977.93,0,0,0
398,10,0,6,12.3081,6899.87
410,10,0,6,12.3078,6898.66
409,10,0,6,12.2917,6814.93
1985,10,0,6,12.2772,6737.58
881,10,0,6,12.2475,6581.25
814,10,0,6,12.2271,6476.49
810,10,0,6,12.2063,6375.78
294,10,1,0,9.26621,1448.73,0.0963333,420.177,0.3,1
295,10,1,0,9.24867,1353.83
338,10,1,0,9.2331,1269.62
339,10,1,0,9.22767,1232.63
342,10,1,0,9.20155,1102.41
343,10,1,0,9.18551,1024.34
344,10,1,0,9.16773,928.994
1819,10,1,0,9.15257,833.761
335,10,1,0,9.14766,804.919
2114,10,1,0,9.134,731.261
329,10,1,0,9.1314,716.09
2115,10,1,0,9.12713,693.73
330,10,1,0,9.11236,610.461
336,10,1,0,9.09073,498.645
388,10,1,0,9.06261,347.265
397,10,1,0,9.03292,184.096
399,10,1,0,9.01791,100.956
411,10,1,0,9.00292,19.2235
412,10,1,0,9,0
1589,10,1,1,9.73586,3973.07,0.0506667,220.993,0.28,2
1560,10,1,1,9.70101,3787.18
1591,10,1,1,9.67677,3658.93
1559,10,1,1,9.65904,3563.75
1320,10,1,1,9.6551,3542.96
1602,10,1,1,9.64673,3486.01
1312,10,1,1,9.62362,3356.6
1306,10,1,1,9.62355,3356.24
1599,10,1,1,9.60619,3260.56
1300,10,1,1,9.60069,3230.44
1298,10,1,1,9.59533,3201.11
2176,10,1,1,9.58863,3161.63
2066,10,1,1,9.57741,3093.26
869,10,1,1,9.56497,3016.43
865,10,1,1,9.54717,2917.59
852,10,1,1,9.54025,2875.47
850,10,1,1,9.53359,2831.98
849,10,1,1,9.5259,2782.29
1774,10,1,1,9.52255,2763.28
837,10,1,1,9.51113,2694.21
2010,10,1,1,9.49823,2627.32
2009,10,1,1,9.47477,2501.14
819,10,1,1,9.46644,2452.06
818,10,1,1,9.45375,2381.34
804,10,1,1,9.43572,2280.57
803,10,1,1,9.4284,2237.56
354,10,1,1,9.42833,2237.18
353,10,1,1,9.42596,2226.09
314,10,1,1,9.41726,2177.29
312,10,1,1,9.41312,2154.36
313,10,1,1,9.40745,2119.21
306,10,1,1,9.39434,2048.14
297,10,1,1,9.38828,2013.94
295,10,1,1,9.37801,1954.83
294,10,1,1,9.36254,1868.9
948,10,1,2,9.95646,5099.85,0.0391667,170.833,0.36,3
1598,10,1,2,9.94463,5044.28
2025,10,1,2,9.94038,5021.54
2024,10,1,2,9.92675,4946.85
1301,10,1,2,9.9159,4888.35
1306,10,1,2,9.89932,4802.73
1312,10,1,2,9.89924,4802.36
1602,10,1,2,9.86858,4640.42
1320,10,1,2,9.85439,4564.94
1321,10,1,2,9.83942,4480.29
1560,10,1,2,9.81871,4368.47
1589,10,1,2,9.78653,4194.06
943,10,1,3,10.0756,5685.94,0.0575,250.798,0.09,4
942,10,1,3,10.0673,5642.99
941,10,1,3,10.0556,5584.19
939,10,1,3,10.0441,5525.19
938,10,1,3,10.0241,5421.47
928,10,1,3,10.0089,5340.74
948,10,1,3,9.99563,5270.69
412,10,1,4,10.3606,7112.19,0,0,0
414,10,1,4,10.3467,7041.61
427,10,1,4,10.3319,6962.21
1987,10,1,4,10.3261,6933.15
428,10,1,4,10.3211,6907.78
429,10,1,4,10.2962,6785.55
886,10,1,4,10.2604,6607.26
888,10,1,4,10.2434,6512.93
903,10,1,4,10.2338,6460.89
904,10,1,4,10.2305,6442.98
925,10,1,4,10.2085,6321.82
2019,10,1,4,10.2011,6285.99
929,10,1,4,10.2006,6284.01
938,10,1,4,10.1883,6216.36
939,10,1,4,10.1669,6106.79
941,10,1,4,10.1534,6039.53
942,10,1,4,10.1411,5978.3
943,10,1,4,10.1331,5936.73
465,11,0,0,11.315,803.071,0.111333,485.602,0.18,1
464,11,0,0,11.3077,767.503
460,11,0,0,11.2982,716.244
372,11,0,0,11.2924,681.736
371,11,0,0,11.2756,575.841
2134,11,0,0,11.2703,535.054
2136,11,0,0,11.2578,467.409
393,11,0,0,11.2251,300.393
392,11,0,0,11.2071,199.844
400,11,0,0,11.1868,93.075
411,11,0,0,11.1725,19.0121
412,11,0,0,11.17,0
141,11,0,1,11.5208,1799.32,0.0505,220.266,0.03,2
142,11,0,1,11.5067,1720.09
362,11,0,1,11.4976,1670.26
363,11,0,1,11.4849,1596.3
367,11,0,1,11.4714,1523.86
368,11,0,1,11.4694,1510.41
372,11,0,1,11.4569,1443.2
460,11,0,1,11.4511,1408.65
464,11,0,1,11.434,1325.48
465,11,0,1,11.4263,1288.67
1972,11,0,2,11.7209,2859.69,0.0608333,265.337,0.08,3
148,11,0,2,11.6943,2719.86
149,11,0,2,11.6903,2699.37
161,11,0,2,11.6761,2619.17
167,11,0,2,11.659,2508.34
172,11,0,2,11.6428,2410.89
1535,11,0,2,11.6332,2359.28
177,11,0,2,11.6229,2305.12
184,11,0,2,11.6025,2193.79
141,11,0,2,11.5713,2019.59
1979,11,0,3,12.1042,4902.2,0.0556667,242.801,0.07,4
1978,11,0,3,12.0631,4672.94
107,11,0,3,12.0548,4619.04
1967,11,0,3,12.0518,4590.33
105,11,0,3,12.027,4441.84
124,11,0,3,12.0136,4367.04
1970,11,0,3,11.9978,4273.96
122,11,0,3,11.9849,4208.69
127,11,0,3,11.9496,4018.04
128,11,0,3,11.9453,3996.85
1717,11,0,3,11.9168,3845.81
129,11,0,3,11.8942,3720.69
130,11,0,3,11.8865,3681.68
1726,11,0,3,11.8798,3644.41
1723,11,0,3,11.8693,3587.35
2104,11,0,3,11.8595,3538.13
1724,11,0,3,11.839,3428.01
1725,11,0,3,11.8365,3414.39
1727,11,0,3,11.8193,3320.25
149,11,0,3,11.8184,3310.62
148,11,0,3,11.8136,3286.83
1972,11,0,3,11.7818,3125.02
2008,11,0,4,12.2739,5771.64,0.0393333,171.56,0.02,5
812,11,0,4,12.256,5673.93
807,11,0,4,12.2558,5673.15
356,11,0,4,12.2396,5588.34
1981,11,0,4,12.2274,5504.83
345,11,0,4,12.2072,5401.26
341,11,0,4,12.1978,5351.28
2132,11,0,4,12.1976,5349.23
328,11,0,4,12.1809,5253.69
2115,11,0,4,12.1709,5200.5
329,11,0,4,12.1672,5180.45
1979,11,0,4,12.1599,5145
810,11,0,5,12.3819,6308.33,0.0375,163.564,0.29,6
813,11,0,5,12.3714,6257.53
809,11,0,5,12.3445,6122.84
808,11,0,5,12.3353,6074.02
807,11,0,5,12.326,6025.83
812,11,0,5,12.3259,6025.05
2008,11,0,5,12.3132,5943.2
412,11,0,6,12.5354,7074.05,0,0,0
398,11,0,6,12.5211,6995.98
410,11,0,6,12.5209,6994.77
409,11,0,6,12.5047,6911.04
1985,11,0,6,12.4902,6833.69
881,11,0,6,12.4605,6677.36
814,11,0,6,12.4402,6572.6
810,11,0,6,12.4194,6471.89
294,11,1,0,9.26621,1448.73,0.0963333,420.177,0.3,1
295,11,1,0,9.24867,1353.83
338,11,1,0,9.2331,1269.62
339,11,1,0,9.22767,1232.63
342,11,1,0,9.20155,1102.41
343,11,1,0,9.18551,1024.34
344,11,1,0,9.16773,928.994
1819,11,1,0,9.15257,833.761
335,11,1,0,9.14766,804.919
2114,11,1,0,9.134,731.261
329,11,1,0,9.1314,716.09
2115,11,1,0,9.12713,693.73
330,11,1,0,9.11236,610.461
336,11,1,0,9.09073,498.645
388,11,1,0,9.06261,347.265
397,11,1,0,9.03292,184.096
399,11,1,0,9.01791,100.956
411,11,1,0,9.00292,19.2235
412,11,1,0,9,0
1589,11,1,1,9.73586,3973.07,0.0506667,220.993,0.28,2
1560,11,1,1,9.70101,3787.18
1591,11,1,1,9.67677,3658.93
1559,11,1,1,9.65904,3563.75
1320,11,1,1,9.6551,3542.96
1602,11,1,1,9.64673,3486.01
1312,11,1,1,9.62362,3356.6
1306,11,1,1,9.62355,3356.24
1599,11,1,1,9.60619,3260.56
1300,11,1,1,9.60069,3230.44
1298,11,1,1,9.59533,3201.11
2176,11,1,1,9.58863,3161.63
2066,11,1,1,9.57741,3093.26
869,11,1,1,9.56497,3016.43
865,11,1,1,9.54717,2917.59
852,11,1,1,9.54025,2875.47
850,11,1,1,9.53359,2831.98
849,11,1,1,9.5259,2782.29
1774,11,1,1,9.52255,2763.28
837,11,1,1,9.51113,2694.21
2010,11,1,1,9.49823,2627.32
2009,11,1,1,9.47477,2501.14
819,11,1,1,9.46644,2452.06
818,11,1,1,9.45375,2381.34
804,11,1,1,9.43572,2280.57
803,11,1,1,9.4284,2237.56
354,11,1,1,9.42833,2237.18
353,11,1,1,9.42596,2226.09
314,11,1,1,9.41726,2177.29
312,11,1,1,9.41312,2154.36
313,11,1,1,9.40745,2119.21
306,11,1,1,9.39434,2048.14
297,11,1,1,9.38828,2013.94
295,11,1,1,9.37801,1954.83
294,11,1,1,9.36254,1868.9
948,11,1,2,9.95646,5099.85,0.0391667,170.833,0.36,3
1598,11,1,2,9.94463,5044.28
2025,11,1,2,9.94038,5021.54
2024,11,1,2,9.92675,4946.85
1301,11,1,2,9.9159,4888.35
1306,11,1,2,9.89932,4802.73
1312,11,1,2,9.89924,4802.36
1602,11,1,2,9.86858,4640.42
1320,11,1,2,9.85439,4564.94
1321,11,1,2,9.83942,4480.29
1560,11,1,2,9.81871,4368.47
1589,11,1,2,9.78653,4194.06
943,11,1,3,10.0756,5685.94,0.0575,250.798,0.09,4
942,11,1,3,10.0673,5642.99
941,11,1,3,10.0556,5584.19
939,11,1,3,10.0441,5525.19
938,11,1,3,10.0241,5421.47
928,11,1,3,10.0089,5340.74
948,11,1,3,9.99563,5270.69
412,11,1,4,10.3606,7112.19,0,0,0
414,11,1,4,10.3467,7041.61
427,11,1,4,10.3319,6962.21
1987,11,1,4,10.3261,6933.15
428,11,1,4,10.3211,6907.78
429,11,1,4,10.2962,6785.55
886,11,1,4,10.2604,6607.26
888,11,1,4,10.2434,6512.93
903,11,1,4,10.2338,6460.89
904,11,1,4,10.2305,6442.98
925,11,1,4,10.2085,6321.82
2019,11,1,4,10.2011,6285.99
929,11,1,4,10.2006,6284.01
938,11,1,4,10.1883,6216.36
939,11,1,4,10.1669,6106.79
941,11,1,4,10.1534,6039.53
942,11,1,4,10.1411,5978.3
943,11,1,4,10.1331,5936.73
465,12,0,0,11.675,803.071,0.111333,485.602,0.18,1
464,12,0,0,11.6677,767.503
460,12,0,0,11.6582,716.244
372,12,0,0,11.6524,681.736
371,12,0,0,11.6356,575.841
2134,12,0,0,11.6303,535.054
2136,12,0,0,11.6178,467.409
393,12,0,0,11.5851,300.393
392,12,0,0,11.5671,199.844
400,12,0,0,11.5468,93.075
411,12,0,0,11.5325,19.0121
412,12,0,0,11.53,0
1972,12,0,1,11.9759,2333.4,0.0608333,265.337,0.08,2
148,12,0,1,11.9493,2193.58
149,12,0,1,11.9453,2173.09
161,12,0,1,11.9311,2092.89
167,12,0,1,11.9139,1982.06
172,12,0,1,11.8978,1884.61
1535,12,0,1,11.8881,1833
177,12,0,1,11.8779,1778.84
185,12,0,1,11.8666,1717.81
441,12,0,1,11.8541,1653.64
1857,12,0,1,11.8495,1630.6
1990,12,0,1,11.8325,1543.54
462,12,0,1,11.8238,1489.5
461,12,0,1,11.8214,1475
460,12,0,1,11.8111,1408.65
464,12,0,1,11.794,1325.48
465,12,0,1,11.7863,1288.67
141,12,0,2,12.1872,3399.7,0.0695,303.138,0.01,3
137,12,0,2,12.1834,3373.75
134,12,0,2,12.1564,3232.58
129,12,0,2,12.1483,3190.87
130,12,0,2,12.1416,3155.9
1726,12,0,2,12.1331,3111
1723,12,0,2,12.1219,3051.11
2104,12,0,2,12.1099,2992.64
1724,12,0,2,12.0889,2880.51
1725,12,0,2,12.0842,2857.41
1727,12,0,2,12.0654,2756.41
149,12,0,2,12.0645,2746.79
148,12,0,2,12.0596,2722.88
1972,12,0,2,12.0367,2598.74
1979,12,0,3,12.4762,5087.91,0.0556667,242.801,0.07,4
1978,12,0,3,12.4363,4863.9
321,12,0,3,12.4227,4792.52
322,12,0,3,12.4071,4706.96
323,12,0,3,12.407,4706.3
365,12,0,3,12.3879,4582.57
370,12,0,3,12.368,4380.9
369,12,0,3,12.3633,4343.64
2134,12,0,3,12.3535,4248
371,12,0,3,12.3486,4206.95
372,12,0,3,12.3305,4099.17
368,12,0,3,12.317,4028.26
367,12,0,3,12.3134,4009.35
363,12,0,3,12.2947,3914.69
362,12,0,3,12.278,3824.62
142,12,0,3,12.2705,3781.15
141,12,0,3,12.2567,3702.84
2008,12,0,4,12.6459,5957.35,0.0393333,171.56,0.02,5
812,12,0,4,12.6279,5859.65
807,12,0,4,12.6278,5858.86
356,12,0,4,12.6116,5774.05
1981,12,0,4,12.5993,5690.54
345,12,0,4,12.5792,5586.97
341,12,0,4,12.5698,5536.99
2132,12,0,4,12.5696,5534.94
328,12,0,4,12.5529,5439.4
2115,12,0,4,12.5429,5386.21
329,12,0,4,12.5391,5366.17
1979,12,0,4,12.5318,5330.71
810,12,0,5,12.7538,6494.04,0.0375,163.564,0.29,6
813,12,0,5,12.7434,6443.24
809,12,0,5,12.7165,6308.56
808,12,0,5,12.7073,6259.73
807,12,0,5,12.698,6211.55
812,12,0,5,12.6979,6210.76
2008,12,0,5,12.6852,6128.91
412,12,0,6,12.9074,7259.76,0,0,0
398,12,0,6,12.8931,7181.69
410,12,0,6,12.8928,7180.49
409,12,0,6,12.8767,7096.75
1985,12,0,6,12.8622,7019.41
881,12,0,6,12.8325,6863.07
814,12,0,6,12.8121,6758.31
810,12,0,6,12.7913,6657.61
294,12,1,0,9.26621,1448.73,0.0963333,420.177,0.3,1
295,12,1,0,9.24867,1353.83
338,12,1,0,9.2331,1269.62
339,12,1,0,9.22767,1232.63
342,12,1,0,9.20155,1102.41
343,12,1,0,9.18551,1024.34
344,12,1,0,9.16773,928.994
1819,12,1,0,9.15257,833.761
335,12,1,0,9.14766,804.919
2114,12,1,0,9.134,731.261
329,12,1,0,9.1314,716.09
2115,12,1,0,9.12713,693.73
330,12,1,0,9.11236,610.461
336,12,1,0,9.09073,498.645
388,12,1,0,9.06261,347.265
397,12,1,0,9.03292,184.096
399,12,1,0,9.01791,100.956
411,12,1,0,9.00292,19.2235
412,12,1,0,9,0
1589,12,1,1,9.73586,3973.07,0.0506667,220.993,0.28,2
1560,12,1,1,9.70101,3787.18
1591,12,1,1,9.67677,3658.93
1559,12,1,1,9.65904,3563.75
1320,12,1,1,9.6551,3542.96
1602,12,1,1,9.64673,3486.01
1312,12,1,1,9.62362,3356.6
1306,12,1,1,9.62355,3356.24
1599,12,1,1,9.60619,3260.56
1300,12,1,1,9.60069,3230.44
1298,12,1,1,9.59533,3201.11
2176,12,1,1,9.58863,3161.63
2066,12,1,1,9.57741,3093.26
869,12,1,1,9.56497,3016.43
865,12,1,1,9.54717,2917.59
852,12,1,1,9.54025,2875.47
850,12,1,1,9.53359,2831.98
849,12,1,1,9.5259,2782.29
1774,12,1,1,9.52255,2763.28
837,12,1,1,9.51113,2694.21
2010,12,1,1,9.49823,2627.32
2009,12,1,1,9.47477,2501.14
819,12,1,1,9.46644,2452.06
818,12,1,1,9.45375,2381.34
804,12,1,1,9.43572,2280.57
803,12,1,1,9.4284,2237.56
354,12,1,1,9.42833,2237.18
353,12,1,1,9.42596,2226.09
314,12,1,1,9.41726,2177.29
312,12,1,1,9.41312,2154.36
313,12,1,1,9.40745,2119.21
306,12,1,1,9.39434,2048.14
297,12,1,1,9.38828,2013.94
295,12,1,1,9.37801,1954.83
294,12,1,1,9.36254,1868.9
948,12,1,2,9.95646,5099.85,0.0391667,170.833,0.36,3
1598,12,1,2,9.94463,5044.28
2025,12,1,2,9.94038,5021.54
2024,12,1,2,9.92675,4946.85
1301,12,1,2,9.9159,4888.35
1306,12,1,2,9.89932,4802.73
1312,12,1,2,9.89924,4802.36
1602,12,1,2,9.86858,4640.42
1320,12,1,2,9.85439,4564.94
1321,12,1,2,9.83942,4480.29
1560,12,1,2,9.81871,4368.47
1589,12,1,2,9.78653,4194.06
943,12,1,3,10.0756,5685.94,0.0575,250.798,0.09,4
942,12,1,3,10.0673,5642.99
941,12,1,3,10.0556,5584.19
939,12,1,3,10.0441,5525.19
938,12,1,3,10.0241,5421.47
928,12,1,3,10.0089,5340.74
948,12,1,3,9.99563,5270.69
412,12,1,4,10.3606,7112.19,0,0,0
414,12,1,4,10.3467,7041.61
427,12,1,4,10.3319,6962.21
1987,12,1,4,10.3261,6933.15
428,12,1,4,10.3211,6907.78
429,12,1,4,10.2962,6785.55
886,12,1,4,10.2604,6607.26
888,12,1,4,10.2434,6512.93
903,12,1,4,10.2338,6460.89
904,12,1,4,10.2305,6442.98
925,12,1,4,10.2085,6321.82
2019,12,1,4,10.2011,6285.99
929,12,1,4,10.2006,6284.01
938,12,1,4,10.1883,6216.36
939,12,1,4,10.1669,6106.79
941,12,1,4,10.1534,6039.53
942,12,1,4,10.1411,5978.3
943,12,1,4,10.1331,5936.73
1972,13,0,0,11.9414,1634.47,0.0608333,265.337,0.08,1
148,13,0,0,11.9164,1501.37
149,13,0,0,11.9124,1480.68
161,13,0,0,11.8981,1400.48
167,13,0,0,11.881,1289.65
172,13,0,0,11.8649,1192.2
1535,13,0,0,11.8552,1140.59
177,13,0,0,11.8449,1086.44
185,13,0,0,11.8336,1025.41
441,13,0,0,11.8211,961.228
1857,13,0,0,11.8166,938.193
1990,13,0,0,11.7996,851.133
462,13,0,0,11.7908,797.091
461,13,0,0,11.7885,782.594
460,13,0,0,11.7782,716.244
372,13,0,0,11.7724,681.736
371,13,0,0,11.7556,575.841
2134,13,0,0,11.7503,535.054
2136,13,0,0,11.7378,467.409
393,13,0,0,11.7051,300.393
392,13,0,0,11.6871,199.844
400,13,0,0,11.6668,93.075
411,13,0,0,11.6525,19.0121
412,13,0,0,11.65,0
141,13,0,1,12.1528,2700.77,0.0695,303.138,0.01,2
137,13,0,1,12.149,2674.81
134,13,0,1,12.122,2533.65
129,13,0,1,12.1139,2491.93
130,13,0,1,12.1071,2456.96
1726,13,0,1,12.0987,2412.06
1723,13,0,1,12.0875,2352.18
2104,13,0,1,12.0754,2293.7
1724,13,0,1,12.0545,2181.58
1725,13,0,1,12.0497,2158.47
1727,13,0,1,12.0309,2057.48
149,13,0,1,12.03,2047.86
148,13,0,1,12.0252,2023.94
1972,13,0,1,12.0023,1899.8
1979,13,0,2,12.4417,4388.97,0.0556667,242.801,0.07,3
1978,13,0,2,12.4018,4164.97
321,13,0,2,12.3883,4093.58
322,13,0,2,12.3726,4008.02
323,13,0,2,12.3725,4007.36
365,13,0,2,12.3534,3883.64
370,13,0,2,12.3335,3681.97
369,13,0,2,12.3289,3644.7
2134,13,0,2,12.319,3549.06
371,13,0,2,12.3141,3508.02
372,13,0,2,12.296,3400.23
368,13,0,2,12.2826,3329.32
367,13,0,2,12.279,3310.42
363,13,0,2,12.2603,3215.76
362,13,0,2,12.2435,3125.69
142,13,0,2,12.236,3082.21
141,13,0,2,12.2223,3003.91
2008,13,0,3,12.6114,5258.41,0.0393333,171.56,0.02,4
812,13,0,3,12.5935,5160.71
807,13,0,3,12.5933,5159.92
356,13,0,3,12.5771,5075.11
1981,13,0,3,12.5649,4991.61
345,13,0,3,12.5447,4888.03
341,13,0,3,12.5353,4838.06
2132,13,0,3,12.5351,4836.01
328,13,0,3,12.5184,4740.47
2115,13,0,3,12.5084,4687.27
329,13,0,3,12.5047,4667.23
1979,13,0,3,12.4974,4631.77
810,13,0,4,12.7194,5795.11,0.0375,163.564,0.29,5
813,13,0,4,12.7089,5744.3
809,13,0,4,12.682,5609.62
808,13,0,4,12.6728,5560.8
807,13,0,4,12.6636,5512.61
812,13,0,4,12.6634,5511.82
2008,13,0,4,12.6507,5429.97
412,13,0,5,12.8729,6560.82,0,0,0
398,13,0,5,12.8586,6482.76
410,13,0,5,12.8584,6481.55
409,13,0,5,12.8423,6397.82
1985,13,0,5,12.8278,6320.47
881,13,0,5,12.798,6164.13
814,13,0,5,12.7777,6059.37
810,13,0,5,12.7569,5958.67
294,13,1,0,9.26621,1448.73,0.0963333,420.177,0.3,1
295,13,1,0,9.24867,1353.83
338,13,1,0,9.2331,1269.62
339,13,1,0,9.22767,1232.63
342,13,1,0,9.20155,1102.41
343,13,1,0,9.18551,1024.34
344,13,1,0,9.16773,928.994
1819,13,1,0,9.15257,833.761
335,13,1,0,9.14766,804.919
2114,13,1,0,9.134,731.261
329,13,1,0,9.1314,716.09
2115,13,1,0,9.12713,693.73
330,13,1,0,9.11236,610.461
336,13,1,0,9.09073,498.645
388,13,1,0,9.06261,347.265
397,13,1,0,9.03292,184.096
399,13,1,0,9.01791,100.956
411,13,1,0,9.00292,19.2235
412,13,1,0,9,0
1589,13,1,1,9.73586,3973.07,0.0506667,220.993,0.28,2
1560,13,1,1,9.70101,3787.18
1591,13,1,1,9.67677,3658.93
1559,13,1,1,9.65904,3563.75
1320,13,1,1,9.6551,3542.96
1602,13,1,1,9.64673,3486.01
1312,13,1,1,9.62362,3356.6
1306,13,1,1,9.62355,3356.24
1599,13,1,1,9.60619,3260.56
1300,13,1,1,9.60069,3230.44
1298,13,1,1,9.59533,3201.11
2176,13,1,1,9.58863,3161.63
2066,13,1,1,9.57741,3093.26
869,13,1,1,9.56497,3016.43
865,13,1,1,9.54717,2917.59
852,13,1,1,9.54025,2875.47
850,13,1,1,9.53359,2831.98
849,13,1,1,9.5259,2782.29
1774,13,1,1,9.52255,2763.28
837,13,1,1,9.51113,2694.21
2010,13,1,1,9.49823,2627.32
2009,13,1,1,9.47477,2501.14
819,13,1,1,9.46644,2452.06
818,13,1,1,9.45375,2381.34
804,13,1,1,9.43572,2280.57
803,13,1,1,9.4284,2237.56
354,13,1,1,9.42833,2237.18
353,13,1,1,9.42596,2226.09
314,13,1,1,9.41726,2177.29
312,13,1,1,9.41312,2154.36
313,13,1,1,9.40745,2119.21
306,13,1,1,9.39434,2048.14
297,13,1,1,9.38828,2013.94
295,13,1,1,9.37801,1954.83
294,13,1,1,9.36254,1868.9
948,13,1,2,9.95646,5099.85,0.0391667,170.833,0.36,3
1598,13,1,2,9.94463,5044.28
2025,13,1,2,9.94038,5021.54
2024,13,1,2,9.92675,4946.85
1301,13,1,2,9.9159,4888.35
1306,13,1,2,9.89932,4802.73
1312,13,1,2,9.89924,4802.36
1602,13,1,2,9.86858,4640.42
1320,13,1,2,9.85439,4564.94
1321,13,1,2,9.83942,4480.29
1560,13,1,2,9.81871,4368.47
1589,13,1,2,9.78653,4194.06
943,13,1,3,10.0756,5685.94,0.0575,250.798,0.09,4
942,13,1,3,10.0673,5642.99
941,13,1,3,10.0556,5584.19
939,13,1,3,10.0441,5525.19
938,13,1,3,10.0241,5421.47
928,13,1,3,10.0089,5340.74
948,13,1,3,9.99563,5270.69
465,13,1,4,10.4262,7424.16,0.0695,303.138,0.16,5
379,13,1,4,10.4121,7355.56
380,13,1,4,10.4054,7323.33
386,13,1,4,10.3949,7272.41
387,13,1,4,10.371,7158.84
396,13,1,4,10.369,7145.22
395,13,1,4,10.3643,7121.64
403,13,1,4,10.347,7030.13
406,13,1,4,10.3322,6960.51
407,13,1,4,10.3265,6932.18
424,13,1,4,10.3083,6837.46
426,13,1,4,10.3049,6819.34
425,13,1,4,10.3011,6799.27
420,13,1,4,10.291,6745.72
431,13,1,4,10.2762,6669.22
434,13,1,4,10.2697,6638.61
873,13,1,4,10.2658,6617.52
874,13,1,4,10.2518,6550.34
870,13,1,4,10.2463,6522.52
894,13,1,4,10.2243,6410.63
895,13,1,4,10.2148,6363.04
907,13,1,4,10.2014,6295.45
908,13,1,4,10.1948,6260.57
2014,13,1,4,10.1942,6257.89
2017,13,1,4,10.1931,6252.19
2170,13,1,4,10.1898,6235.94
1738,13,1,4,10.1739,6155.23
1737,13,1,4,10.1682,6125.66
936,13,1,4,10.1516,6040.84
933,13,1,4,10.151,6037.9
934,13,1,4,10.1455,6000.25
935,13,1,4,10.145,5997.64
2020,13,1,4,10.1339,5940.67
943,13,1,4,10.1331,5936.73
412,13,1,5,10.6536,8637.22,0,0,0
398,13,1,5,10.6388,8557.32
397,13,1,5,10.6283,8497.12
390,13,1,5,10.6098,8400.11
382,13,1,5,10.5932,8311.74
376,13,1,5,10.5764,8219.94
369,13,1,5,10.5594,8126.02
2134,13,1,5,10.5496,8030.38
371,13,1,5,10.5443,7989.57
372,13,1,5,10.5263,7881.92
460,13,1,5,10.5205,7847.28
464,13,1,5,10.5033,7764.11
465,13,1,5,10.4957,7727.3
465,14,0,0,10.9302,777.97,0.0695,303.138,0.16,1
464,14,0,0,10.9236,745.345
460,14,0,0,10.9159,702.293
372,14,0,0,10.9097,666.868
371,14,0,0,10.8911,558.413
2134,14,0,0,10.8857,517.634
2136,14,0,0,10.874,453.922
393,14,0,0,10.8419,288.91
401,14,0,0,10.8297,221.946
400,14,0,0,10.8065,91.0573
411,14,0,0,10.7927,19.0468
412,14,0,0,10.79,0
943,14,0,1,11.261,2426.01,0.0943333,411.454,0.08,2
934,14,0,1,11.2532,2382.1
933,14,0,1,11.2444,2334.76
936,14,0,1,11.2438,2331.82
1737,14,0,1,11.2303,2259.93
917,14,0,1,11.2168,2190.38
916,14,0,1,11.2166,2189.47
919,14,0,1,11.2109,2150.39
2017,14,0,1,11.2108,2150.21
2014,14,0,1,11.2097,2144.66
2015,14,0,1,11.2016,2103.95
910,14,0,1,11.2015,2103.46
909,14,0,1,11.1931,2060.95
898,14,0,1,11.1786,1989.33
897,14,0,1,11.1678,1935.79
877,14,0,1,11.1483,1837.25
878,14,0,1,11.1427,1808.64
879,14,0,1,11.128,1738.7
437,14,0,1,11.124,1717.27
439,14,0,1,11.1204,1697.21
436,14,0,1,11.111,1651.81
425,14,0,1,11.1012,1603.72
426,14,0,1,11.0975,1583.92
424,14,0,1,11.0949,1569.37
407,14,0,1,11.0762,1472.47
406,14,0,1,11.0718,1449.38
403,14,0,1,11.0633,1405.91
394,14,0,1,11.0541,1355.34
384,14,0,1,11.0493,1331.19
385,14,0,1,11.0454,1311.41
377,14,0,1,11.0424,1294.73
386,14,0,1,11.0267,1214.13
489,14,0,1,11.0185,1170.46
466,14,0,1,11.0103,1129.06
465,14,0,1,10.9997,1081.11
1972,14,0,2,11.7976,5247.77,0.0608333,265.337,0.08,3
148,14,0,2,11.7725,5114.68
149,14,0,2,11.7685,5093.98
161,14,0,2,11.7543,5013.78
167,14,0,2,11.7353,4900.53
172,14,0,2,11.7199,4804.01
1535,14,0,2,11.7112,4756.79
177,14,0,2,11.7039,4715.25
185,14,0,2,11.6922,4652.17
441,14,0,2,11.6796,4587.63
1857,14,0,2,11.6749,4564.2
1990,14,0,2,11.6573,4474.69
462,14,0,2,11.6492,4421.39
461,14,0,2,11.647,4407.13
460,14,0,2,11.6371,4341.14
372,14,0,2,11.6303,4303.38
371,14,0,2,11.6123,4195.91
2134,14,0,2,11.6067,4155.1
2136,14,0,2,11.5941,4087.33
393,14,0,2,11.5615,3920.31
401,14,0,2,11.5432,3827.33
1739,14,0,2,11.5335,3774.32
1742,14,0,2,11.5265,3737.8
1741,14,0,2,11.5197,3701.67
418,14,0,2,11.5125,3663.2
417,14,0,2,11.5097,3647.38
1989,14,0,2,11.4927,3559.36
2011,14,0,2,11.4724,3455.53
891,14,0,2,11.4531,3352.44
892,14,0,2,11.4415,3296.09
916,14,0,2,11.4218,3194.46
919,14,0,2,11.416,3155.37
2017,14,0,2,11.416,3155.2
2170,14,0,2,11.413,3140.35
1738,14,0,2,11.3985,3065.26
1737,14,0,2,11.3932,3037.21
936,14,0,2,11.3781,2958.59
933,14,0,2,11.3775,2955.65
934,14,0,2,11.3719,2918
943,14,0,2,11.3554,2837.46
141,14,0,3,12.012,6327.11,0.0695,303.138,0.01,4
137,14,0,3,12.0082,6301.16
134,14,0,3,11.9785,6148.42
129,14,0,3,11.9709,6108.77
130,14,0,3,11.9631,6069.77
1726,14,0,3,11.9565,6032.49
1723,14,0,3,11.9459,5975.44
2104,14,0,3,11.9361,5926.22
1724,14,0,3,11.9156,5816.1
1725,14,0,3,11.9131,5802.48
1727,14,0,3,11.8959,5708.33
149,14,0,3,11.895,5698.71
148,14,0,3,11.8902,5674.92
1972,14,0,3,11.8584,5513.11
1979,14,0,4,12.3009,8015.32,0.0556667,242.801,0.07,5
1978,14,0,4,12.261,7791.31
321,14,0,4,12.2475,7719.92
322,14,0,4,12.2319,7634.36
323,14,0,4,12.2317,7633.71
365,14,0,4,12.2126,7509.98
370,14,0,4,12.1927,7308.31
369,14,0,4,12.1881,7271.04
2134,14,0,4,12.1782,7175.4
371,14,0,4,12.1734,7134.36
372,14,0,4,12.1552,7026.58
368,14,0,4,12.1418,6955.66
367,14,0,4,12.1382,6936.76
363,14,0,4,12.1195,6842.1
362,14,0,4,12.1027,6752.03
142,14,0,4,12.0952,6708.55
141,14,0,4,12.0815,6630.25
2008,14,0,5,12.4706,8884.76,0.0393333,171.56,0.02,6
812,14,0,5,12.4527,8787.05
807,14,0,5,12.4525,8786.27
356,14,0,5,12.4364,8701.46
1981,14,0,5,12.4241,8617.95
345,14,0,5,12.4039,8514.38
341,14,0,5,12.3946,8464.4
2132,14,0,5,12.3943,8462.35
328,14,0,5,12.3777,8366.81
2115,14,0,5,12.3676,8313.62
329,14,0,5,12.3639,8293.57
1979,14,0,5,12.3566,8258.12
810,14,0,6,12.5786,9421.45,0.0375,163.564,0.29,7
813,14,0,6,12.5681,9370.65
809,14,0,6,12.5413,9235.96
808,14,0,6,12.532,9187.14
807,14,0,6,12.5228,9138.95
812,14,0,6,12.5226,9138.17
2008,14,0,6,12.51,9056.32
412,14,0,7,12.7322,10187.2,0,0,0
398,14,0,7,12.7179,10109.1
410,14,0,7,12.7176,10107.9
409,14,0,7,12.7015,10024.2
1985,14,0,7,12.687,9946.82
881,14,0,7,12.6572,9790.48
814,14,0,7,12.6369,9685.72
810,14,0,7,12.6161,9585.01
948,14,1,0,9.20857,1017.62,0.0391667,170.833,0.36,1
928,14,1,0,9.19859,961.847
923,14,1,0,9.16072,774.378
924,14,1,0,9.15244,735.064
914,14,1,0,9.13023,620.414
902,14,1,0,9.12274,579.948
887,14,1,0,9.10726,499.708
2012,14,1,0,9.08066,369.988
884,14,1,0,9.0766,348.667
1987,14,1,0,9.04006,162.519
413,14,1,0,9.02368,77.1309
411,14,1,0,9.01292,19.2235
412,14,1,0,9.01,0
1589,14,1,1,9.429,2162.26,0.0506667,220.993,0.28,2
1560,14,1,1,9.39882,1996.49
1321,14,1,1,9.37567,1874.25
1562,14,1,1,9.36283,1803.52
1563,14,1,1,9.32366,1598.8
2164,14,1,1,9.31454,1547.7
1307,14,1,1,9.29939,1466.92
1302,14,1,1,9.28315,1378.48
949,14,1,1,9.25997,1253.79
2025,14,1,1,9.2565,1236.33
1598,14,1,1,9.25221,1213.4
948,14,1,1,9.24773,1188.45
294,14,1,2,9.86527,4541.78,0.0963333,420.177,0.3,3
295,14,1,2,9.84797,4447.89
297,14,1,2,9.83794,4389.18
306,14,1,2,9.8315,4353.33
307,14,1,2,9.81857,4282.46
314,14,1,2,9.80638,4214.45
353,14,1,2,9.79762,4165.35
354,14,1,2,9.79525,4154.25
803,14,1,2,9.79517,4153.88
804,14,1,2,9.78111,4083.22
818,14,1,2,9.7625,3979.96
819,14,1,2,9.7531,3915.98
2009,14,1,2,9.7461,3868.57
2010,14,1,2,9.72795,3764.15
837,14,1,2,9.71853,3712.14
1774,14,1,2,9.70526,3638.1
849,14,1,2,9.70175,3618.43
850,14,1,2,9.69485,3569.39
852,14,1,2,9.68837,3526.07
865,14,1,2,9.68117,3483.51
869,14,1,2,9.66339,3384.75
2066,14,1,2,9.64229,3275.05
1297,14,1,2,9.61337,3123.98
1299,14,1,2,9.60747,3091.07
1600,14,1,2,9.60603,3077.62
1306,14,1,2,9.59246,2991.92
1312,14,1,2,9.59239,2991.56
1602,14,1,2,9.56173,2829.61
1320,14,1,2,9.54753,2754.14
1321,14,1,2,9.53256,2669.48
1560,14,1,2,9.51185,2557.66
1589,14,1,2,9.47967,2383.26
412,14,1,3,10.2058,6276.98,0,0,0
398,14,1,3,10.1922,6201.99
397,14,1,3,10.1782,6127.06
389,14,1,3,10.1666,6064.77
388,14,1,3,10.1421,5936.55
2132,14,1,3,10.1163,5787.45
341,14,1,3,10.1155,5783.45
345,14,1,3,10.1046,5727.17
1981,14,1,3,10.0921,5656.07
350,14,1,3,10.0706,5541.72
344,14,1,3,10.0552,5461.44
343,14,1,3,10.0359,5359.85
1980,14,1,3,10.026,5308.02
342,14,1,3,10.0192,5274.42
339,14,1,3,10.0015,5179.62
338,14,1,3,9.99264,5132.09
295,14,1,3,9.97707,5047.88
294,14,1,3,9.96161,4961.96
