Node, Individual, Route,Segment, Travel time, Travel cost, Attention time, Attention cost, Failure rate, Demand
1103,0,0,0,15.7091,806.325,0.0508333,221.72,0.09,1
1084,0,0,0,15.6995,749.82
1062,0,0,0,15.6826,649.387
2159,0,0,0,15.6824,648.385
1045,0,0,0,15.6817,645.235
1012,0,0,0,15.6745,604.25
1014,0,0,0,15.674,602.009
989,0,0,0,15.6633,545.046
990,0,0,0,15.6532,494.784
704,0,0,0,15.6429,441.371
2179,0,0,0,15.6428,440.508
662,0,0,0,15.6365,410.861
602,0,0,0,15.6258,343.48
599,0,0,0,15.622,321.327
605,0,0,0,15.6181,297.518
529,0,0,0,15.6005,196.932
726,0,0,0,15.5856,96.7599
714,0,0,0,15.5854,94.8753
1543,0,0,0,15.5797,62.6968
459,0,0,0,15.57,0
2040,0,0,1,15.9174,1827.45,0.0775,338.032,0.19,2
2043,0,0,1,15.9139,1808.86
1125,0,0,1,15.9076,1776.49
2042,0,0,1,15.901,1743.76
1126,0,0,1,15.8853,1664.49
1127,0,0,1,15.8779,1627.71
2044,0,0,1,15.8771,1623.78
1128,0,0,1,15.872,1596.64
2045,0,0,1,15.8517,1492.25
1129,0,0,1,15.8425,1445.81
1122,0,0,1,15.8295,1380.14
2037,0,0,1,15.8179,1325.58
1123,0,0,1,15.8045,1259.37
2038,0,0,1,15.7817,1146.29
1104,0,0,1,15.7734,1102.07
1183,0,0,1,15.7708,1085.63
1103,0,0,1,15.76,1028.04
886,0,0,2,16.1509,2993.14,0.0693333,302.411,0.15,3
2013,0,0,2,16.1413,2944.3
2156,0,0,2,16.1406,2941.15
2011,0,0,2,16.136,2916.64
891,0,0,2,16.1151,2806.35
893,0,0,2,16.1085,2773.45
894,0,0,2,16.105,2755.64
895,0,0,2,16.0957,2708.8
907,0,0,2,16.0823,2641.21
908,0,0,2,16.0755,2605.64
2014,0,0,2,16.0749,2602.96
2017,0,0,2,16.0738,2597.27
1786,0,0,2,16.0701,2578.09
2018,0,0,2,16.0588,2515.46
920,0,0,2,16.0554,2496.87
1085,0,0,2,16.0411,2415.49
2035,0,0,2,16.0234,2327.33
1106,0,0,2,16.0109,2260.67
2039,0,0,2,16.0035,2217.84
2040,0,0,2,15.9949,2165.48
395,0,0,3,16.3534,3992.69,0.083,362.021,0.04,4
394,0,0,3,16.3395,3919.56
2137,0,0,3,16.3192,3812.81
402,0,0,3,16.2996,3710.39
1742,0,0,3,16.2906,3659.8
1741,0,0,3,16.2844,3626.27
418,0,0,3,16.2768,3586.29
417,0,0,3,16.2741,3570.9
1989,0,0,3,16.2579,3486.31
2011,0,0,3,16.2367,3378.44
2156,0,0,3,16.231,3349.41
2013,0,0,3,16.2304,3346.26
886,0,0,3,16.2203,3295.55
364,0,0,4,16.5567,5065.38,0.044,191.915,0.23,5
370,0,0,4,16.5189,4853.08
369,0,0,4,16.5144,4815.63
2134,0,0,4,16.5046,4719.99
371,0,0,4,16.4991,4679.21
377,0,0,4,16.4823,4584.2
386,0,0,4,16.467,4505.38
387,0,0,4,16.4428,4390.7
396,0,0,4,16.4408,4377.08
395,0,0,4,16.4364,4354.71
459,0,0,5,16.7658,6311.73,0,0,0
458,0,0,5,16.7591,6266.29
456,0,0,5,16.7508,6206
457,0,0,5,16.7457,6176.68
454,0,0,5,16.7376,6122.4
455,0,0,5,16.7353,6108.26
453,0,0,5,16.726,6042.59
452,0,0,5,16.713,5954.85
1990,0,0,5,16.7097,5921.88
462,0,0,5,16.7008,5867.64
461,0,0,5,16.6983,5853.02
460,0,0,5,16.6878,5786.35
372,0,0,5,16.6821,5752.02
371,0,0,5,16.6656,5646.51
2134,0,0,5,16.6602,5605.73
369,0,0,5,16.6442,5510.1
370,0,0,5,16.6393,5472.91
364,0,0,5,16.6007,5257.3
1103,1,0,0,15.8291,806.325,0.0508333,221.72,0.09,1
1084,1,0,0,15.8195,749.82
1062,1,0,0,15.8026,649.387
2159,1,0,0,15.8024,648.385
1045,1,0,0,15.8017,645.235
1012,1,0,0,15.7945,604.25
1014,1,0,0,15.794,602.009
989,1,0,0,15.7833,545.046
990,1,0,0,15.7732,494.784
704,1,0,0,15.7629,441.371
2179,1,0,0,15.7628,440.508
662,1,0,0,15.7565,410.861
602,1,0,0,15.7458,343.48
599,1,0,0,15.742,321.327
605,1,0,0,15.7381,297.518
529,1,0,0,15.7205,196.932
726,1,0,0,15.7056,96.7599
714,1,0,0,15.7054,94.8753
1543,1,0,0,15.6997,62.6968
459,1,0,0,15.69,0
2040,1,0,1,16.0374,1827.45,0.0913333,398.368,0.12,2
2043,1,0,1,16.0339,1808.86
1125,1,0,1,16.0276,1776.49
2042,1,0,1,16.021,1743.76
1126,1,0,1,16.0053,1664.49
1127,1,0,1,15.9979,1627.71
2044,1,0,1,15.9971,1623.78
1128,1,0,1,15.992,1596.64
2045,1,0,1,15.9717,1492.25
1129,1,0,1,15.9625,1445.81
1122,1,0,1,15.9495,1380.14
2037,1,0,1,15.9379,1325.58
1123,1,0,1,15.9245,1259.37
2038,1,0,1,15.9017,1146.29
1104,1,0,1,15.8934,1102.07
1183,1,0,1,15.8908,1085.63
1103,1,0,1,15.88,1028.04
886,1,0,2,16.3003,3122.38,0.0693333,302.411,0.15,3
2013,1,0,2,16.291,3074.96
2156,1,0,2,16.2903,3071.81
2011,1,0,2,16.2844,3041.81
891,1,0,2,16.2594,2914.64
892,1,0,2,16.2481,2859.28
916,1,0,2,16.2271,2752.71
919,1,0,2,16.2214,2713.63
2017,1,0,2,16.2214,2713.46
1786,1,0,2,16.2162,2687.98
2018,1,0,2,16.2036,2619.57
920,1,0,2,16.2003,2601.31
1085,1,0,2,16.1788,2489.49
2035,1,0,2,16.164,2413.79
1106,1,0,2,16.1521,2349.55
2039,1,0,2,16.1397,2285.74
2040,1,0,2,16.1287,2225.82
395,1,0,3,16.5027,4121.93,0.083,362.021,0.04,4
394,1,0,3,16.4888,4048.79
2137,1,0,3,16.4686,3942.05
402,1,0,3,16.449,3839.63
1742,1,0,3,16.4399,3789.03
1741,1,0,3,16.4337,3755.5
418,1,0,3,16.4261,3715.53
417,1,0,3,16.4234,3700.14
1989,1,0,3,16.4072,3615.55
2011,1,0,3,16.386,3507.67
2156,1,0,3,16.3804,3478.64
2013,1,0,3,16.3797,3475.49
886,1,0,3,16.3696,3424.79
364,1,0,4,16.706,5194.62,0.044,191.915,0.23,5
370,1,0,4,16.6682,4982.32
369,1,0,4,16.6638,4944.87
2134,1,0,4,16.6539,4849.23
371,1,0,4,16.6485,4808.45
377,1,0,4,16.6316,4713.43
386,1,0,4,16.6163,4634.61
387,1,0,4,16.5921,4519.94
396,1,0,4,16.5901,4506.32
395,1,0,4,16.5857,4483.95
459,1,0,5,16.9152,6440.96,0,0,0
458,1,0,5,16.9084,6395.52
456,1,0,5,16.9001,6335.23
457,1,0,5,16.895,6305.91
454,1,0,5,16.8869,6251.64
455,1,0,5,16.8847,6237.5
453,1,0,5,16.8753,6171.83
452,1,0,5,16.8624,6084.09
1990,1,0,5,16.859,6051.11
462,1,0,5,16.8501,5996.88
461,1,0,5,16.8477,5982.25
460,1,0,5,16.8371,5915.58
372,1,0,5,16.8315,5881.25
371,1,0,5,16.815,5775.74
2134,1,0,5,16.8095,5734.97
369,1,0,5,16.7935,5639.34
370,1,0,5,16.7886,5602.15
364,1,0,5,16.75,5386.53
1103,2,0,0,16.0091,806.325,0.1135,495.053,0.06,1
1084,2,0,0,15.9995,749.82
1062,2,0,0,15.9826,649.387
2159,2,0,0,15.9824,648.385
1045,2,0,0,15.9817,645.235
1012,2,0,0,15.9745,604.25
1014,2,0,0,15.974,602.009
989,2,0,0,15.9633,545.046
990,2,0,0,15.9532,494.784
704,2,0,0,15.9429,441.371
2179,2,0,0,15.9428,440.508
662,2,0,0,15.9365,410.861
602,2,0,0,15.9258,343.48
599,2,0,0,15.922,321.327
605,2,0,0,15.9181,297.518
529,2,0,0,15.9005,196.932
726,2,0,0,15.8856,96.7599
714,2,0,0,15.8854,94.8753
1543,2,0,0,15.8797,62.6968
459,2,0,0,15.87,0
2040,2,0,1,16.2808,2103.65,0.0913333,398.368,0.12,2
2043,2,0,1,16.2765,2081.72
1125,2,0,1,16.271,2052.83
2042,2,0,1,16.2645,2020.09
1126,2,0,1,16.248,1937.83
1127,2,0,1,16.2403,1899.83
2044,2,0,1,16.2395,1895.89
1128,2,0,1,16.2352,1871.72
2045,2,0,1,16.2144,1765.67
1129,2,0,1,16.2052,1719.15
1122,2,0,1,16.1927,1655.73
2037,2,0,1,16.1843,1613.84
1123,2,0,1,16.1702,1544.93
2038,2,0,1,16.1465,1428.18
1104,2,0,1,16.1374,1380.54
1183,2,0,1,16.1346,1363.87
1103,2,0,1,16.1226,1301.38
886,2,0,2,16.5437,3398.58,0.0693333,302.411,0.15,3
2013,2,0,2,16.5344,3351.17
2156,2,0,2,16.5337,3348.01
2011,2,0,2,16.5278,3318.01
891,2,0,2,16.5029,3190.85
892,2,0,2,16.4915,3135.49
916,2,0,2,16.4706,3028.92
919,2,0,2,16.4648,2989.84
2017,2,0,2,16.4648,2989.66
1786,2,0,2,16.4596,2964.18
2018,2,0,2,16.447,2895.78
920,2,0,2,16.4437,2877.51
1085,2,0,2,16.4222,2765.7
2035,2,0,2,16.4075,2689.99
1106,2,0,2,16.3955,2625.76
2039,2,0,2,16.3831,2561.94
2040,2,0,2,16.3722,2502.02
395,2,0,3,16.7461,4398.13,0.083,362.021,0.04,4
394,2,0,3,16.7322,4325
2137,2,0,3,16.712,4218.25
402,2,0,3,16.6924,4115.83
1742,2,0,3,16.6833,4065.24
1741,2,0,3,16.6772,4031.71
418,2,0,3,16.6696,3991.73
417,2,0,3,16.6668,3976.34
1989,2,0,3,16.6507,3891.75
2011,2,0,3,16.6294,3783.88
2156,2,0,3,16.6238,3754.85
2013,2,0,3,16.6231,3751.7
886,2,0,3,16.613,3700.99
364,2,0,4,16.9494,5470.82,0.044,191.915,0.23,5
370,2,0,4,16.9116,5258.52
369,2,0,4,16.9072,5221.07
2134,2,0,4,16.8973,5125.43
371,2,0,4,16.8919,5084.65
377,2,0,4,16.875,4989.64
386,2,0,4,16.8597,4910.82
387,2,0,4,16.8355,4796.14
396,2,0,4,16.8335,4782.52
395,2,0,4,16.8291,4760.15
459,2,0,5,17.1586,6717.17,0,0,0
458,2,0,5,17.1519,6671.73
456,2,0,5,17.1435,6611.44
457,2,0,5,17.1384,6582.12
454,2,0,5,17.1303,6527.84
455,2,0,5,17.1281,6513.7
453,2,0,5,17.1187,6448.03
452,2,0,5,17.1058,6360.29
1990,2,0,5,17.1024,6327.32
462,2,0,5,17.0935,6273.08
461,2,0,5,17.0911,6258.46
460,2,0,5,17.0805,6191.79
372,2,0,5,17.0749,6157.46
371,2,0,5,17.0584,6051.95
2134,2,0,5,17.053,6011.17
369,2,0,5,17.0369,5915.54
370,2,0,5,17.032,5878.35
364,2,0,5,16.9934,5662.74
1103,3,0,0,16.1823,818.728,0.1135,495.053,0.06,1
1084,3,0,0,16.1719,760.381
1062,3,0,0,16.1555,660.732
2159,3,0,0,16.1552,659.454
1045,3,0,0,16.1545,656.304
1012,3,0,0,16.1473,615.318
2028,3,0,0,16.1392,569.856
989,3,0,0,16.1358,554.118
990,3,0,0,16.1258,503.856
704,3,0,0,16.1139,443.998
2179,3,0,0,16.1137,443.134
662,3,0,0,16.1075,413.487
602,3,0,0,16.0961,345.115
599,3,0,0,16.0917,320.762
605,3,0,0,16.0879,297.178
529,3,0,0,16.07,195.84
726,3,0,0,16.0554,95.8893
714,3,0,0,16.0552,94.0111
1543,3,0,0,16.0499,62.9584
459,3,0,0,16.04,0
2040,3,0,1,16.454,2116.06,0.0913333,398.368,0.12,2
2043,3,0,1,16.4497,2094.13
1125,3,0,1,16.4442,2065.23
2042,3,0,1,16.4376,2032.5
1126,3,0,1,16.4212,1950.23
1127,3,0,1,16.4135,1912.23
2044,3,0,1,16.4127,1908.3
1128,3,0,1,16.4083,1884.12
2045,3,0,1,16.3876,1778.08
1129,3,0,1,16.3784,1731.55
1122,3,0,1,16.3659,1668.13
2037,3,0,1,16.3574,1626.24
1123,3,0,1,16.3433,1557.33
2038,3,0,1,16.3197,1440.58
1104,3,0,1,16.3106,1392.95
1183,3,0,1,16.3078,1376.27
1103,3,0,1,16.2958,1313.78
886,3,0,2,16.7169,3410.98,0.0693333,302.411,0.15,3
2013,3,0,2,16.7075,3363.57
2156,3,0,2,16.7069,3360.42
2011,3,0,2,16.701,3330.42
891,3,0,2,16.676,3203.25
892,3,0,2,16.6646,3147.89
916,3,0,2,16.6437,3041.32
919,3,0,2,16.638,3002.24
2017,3,0,2,16.638,3002.07
1786,3,0,2,16.6328,2976.58
2018,3,0,2,16.6202,2908.18
920,3,0,2,16.6168,2889.92
1085,3,0,2,16.5954,2778.1
2035,3,0,2,16.5806,2702.4
1106,3,0,2,16.5687,2638.16
2039,3,0,2,16.5562,2574.35
2040,3,0,2,16.5453,2514.43
364,3,0,3,16.9884,4800.49,0.044,191.915,0.23,4
374,3,0,3,16.9725,4714.79
375,3,0,3,16.9659,4681.19
382,3,0,3,16.9243,4459.92
383,3,0,3,16.9154,4409.82
392,3,0,3,16.9046,4341.71
393,3,0,3,16.8863,4239.8
401,3,0,3,16.8734,4169.81
402,3,0,3,16.8656,4128.23
1742,3,0,3,16.8565,4077.64
1741,3,0,3,16.8503,4044.11
418,3,0,3,16.8427,4004.13
417,3,0,3,16.84,3988.74
1989,3,0,3,16.8238,3904.16
2011,3,0,3,16.8026,3796.28
2156,3,0,3,16.7969,3767.25
2013,3,0,3,16.7963,3764.1
886,3,0,3,16.7862,3713.4
395,3,0,4,17.135,5571.77,0.102667,447.801,0.03,5
394,3,0,4,17.1203,5495.1
384,3,0,4,17.1153,5470.29
385,3,0,4,17.1107,5447.16
377,3,0,4,17.1074,5429.62
2134,3,0,4,17.0927,5344.59
369,3,0,4,17.0769,5249.33
370,3,0,4,17.0719,5212.13
364,3,0,4,17.0324,4992.4
459,3,0,5,17.4089,6988.53,0,0,0
458,3,0,5,17.4018,6942.74
456,3,0,5,17.3913,6880.17
457,3,0,5,17.3847,6844.81
454,3,0,5,17.3765,6790.37
455,3,0,5,17.3737,6775.07
453,3,0,5,17.3638,6709
452,3,0,5,17.3517,6621.72
1990,3,0,5,17.3481,6589.27
462,3,0,5,17.3396,6535.57
461,3,0,5,17.337,6520.67
460,3,0,5,17.3278,6455.22
464,3,0,5,17.3106,6372.04
378,3,0,5,17.3012,6322.66
379,3,0,5,17.294,6287.86
380,3,0,5,17.2874,6255.63
386,3,0,5,17.2769,6204.7
387,3,0,5,17.2442,6055.84
396,3,0,5,17.2422,6042.22
395,3,0,5,17.2377,6019.57
364,4,0,0,16.5929,1048.64,0.044,191.915,0.23,1
370,4,0,0,16.555,836.341
369,4,0,0,16.5506,798.888
2134,4,0,0,16.5408,703.248
371,4,0,0,16.5353,662.47
372,4,0,0,16.5211,558.712
460,4,0,0,16.5152,524.06
461,4,0,0,16.5044,457.079
462,4,0,0,16.5029,442.701
1990,4,0,0,16.494,388.471
452,4,0,0,16.4902,356.312
453,4,0,0,16.4785,269.142
455,4,0,0,16.4679,202.33
454,4,0,0,16.4658,188.299
457,4,0,0,16.4592,134.28
456,4,0,0,16.4547,105.97
458,4,0,0,16.4456,45.1933
459,4,0,0,16.44,0
395,4,0,1,16.7429,1833.29,0.083,362.021,0.04,2
394,4,0,1,16.729,1760.16
384,4,0,1,16.7246,1737.54
385,4,0,1,16.7198,1714.04
377,4,0,1,16.7167,1697
2134,4,0,1,16.6964,1588.99
369,4,0,1,16.6804,1493.36
370,4,0,1,16.6755,1456.17
364,4,0,1,16.6369,1240.55
886,4,0,2,16.9415,2801.43,0.0693333,302.411,0.15,3
2013,4,0,2,16.9322,2754.02
1988,4,0,2,16.9106,2643.33
417,4,0,2,16.8897,2536.96
418,4,0,2,16.8866,2520.16
1741,4,0,2,16.8814,2489.98
1742,4,0,2,16.8749,2455.03
402,4,0,2,16.8654,2402.41
404,4,0,2,16.8561,2354.18
403,4,0,2,16.8446,2292.58
395,4,0,2,16.8259,2195.32
2040,4,0,3,17.1923,4042.17,0.0983333,428.9,0.08,4
2039,4,0,3,17.1756,3957.55
1106,4,0,3,17.1659,3905.35
2035,4,0,3,17.1505,3826.45
1085,4,0,3,17.1378,3759.16
920,4,0,3,17.1204,3664.99
2018,4,0,3,17.115,3637.94
2015,4,0,3,17.102,3574.74
2014,4,0,3,17.0938,3533.58
2017,4,0,3,17.0926,3527.89
2170,4,0,3,17.0894,3511.63
917,4,0,3,17.0832,3480.64
916,4,0,3,17.083,3479.73
906,4,0,3,17.0606,3361.57
889,4,0,3,17.0507,3308.96
890,4,0,3,17.0438,3272.41
2013,4,0,3,17.0218,3158.3
886,4,0,3,17.0108,3103.84
1103,4,0,4,17.4493,5312.44,0.102,444.893,0.05,5
1084,4,0,4,17.4393,5255.09
1062,4,0,4,17.4204,5149.72
1063,4,0,4,17.4197,5142.58
1061,4,0,4,17.4165,5125.99
1060,4,0,4,17.4096,5091.16
1073,4,0,4,17.388,4978.21
1075,4,0,4,17.3839,4956.62
1072,4,0,4,17.3744,4907.67
1071,4,0,4,17.3664,4865.94
2160,4,0,4,17.3591,4826.89
1067,4,0,4,17.3474,4766.19
1068,4,0,4,17.345,4753.67
1069,4,0,4,17.3399,4727.45
1070,4,0,4,17.3335,4695.89
1849,4,0,4,17.3238,4645.74
1108,4,0,4,17.3146,4597.02
1107,4,0,4,17.302,4530.65
2040,4,0,4,17.2907,4471.07
459,4,0,5,17.781,7008.48,0,0,0
1543,4,0,5,17.7726,6946.71
715,4,0,5,17.7676,6902.7
714,4,0,5,17.7634,6878.2
726,4,0,5,17.7632,6876.34
529,4,0,5,17.749,6776.67
605,4,0,5,17.7329,6678.36
603,4,0,5,17.7265,6644.76
2202,4,0,5,17.7223,6621.57
602,4,0,5,17.7176,6595.1
1851,4,0,5,17.7057,6523.3
1852,4,0,5,17.7012,6500.72
706,4,0,5,17.6888,6439.59
991,4,0,5,17.675,6371.44
2028,4,0,5,17.6633,6314.18
1012,4,0,5,17.6503,6247.69
1014,4,0,5,17.6496,6244.11
1048,4,0,5,17.6217,6121.13
1064,4,0,5,17.5969,5990.36
1084,4,0,5,17.5625,5819.02
1103,4,0,5,17.5513,5757.33
364,5,0,0,16.6129,1048.64,0.044,191.915,0.23,1
370,5,0,0,16.575,836.341
369,5,0,0,16.5706,798.888
2134,5,0,0,16.5608,703.248
371,5,0,0,16.5553,662.47
372,5,0,0,16.5411,558.712
460,5,0,0,16.5352,524.06
461,5,0,0,16.5244,457.079
462,5,0,0,16.5229,442.701
1990,5,0,0,16.514,388.471
452,5,0,0,16.5102,356.312
453,5,0,0,16.4985,269.142
455,5,0,0,16.4879,202.33
454,5,0,0,16.4858,188.299
457,5,0,0,16.4792,134.28
456,5,0,0,16.4747,105.97
458,5,0,0,16.4656,45.1933
459,5,0,0,16.46,0
886,5,0,1,16.8416,2258.19,0.0693333,302.411,0.15,2
2013,5,0,1,16.8323,2210.78
1988,5,0,1,16.8107,2100.09
417,5,0,1,16.7898,1993.72
418,5,0,1,16.7868,1976.92
1741,5,0,1,16.7816,1946.74
1740,5,0,1,16.7782,1927.97
1739,5,0,1,16.7715,1892.86
401,5,0,1,16.7616,1838.7
393,5,0,1,16.749,1769.82
2136,5,0,1,16.7266,1646.7
2134,5,0,1,16.7164,1588.99
369,5,0,1,16.7004,1493.36
370,5,0,1,16.6955,1456.17
364,5,0,1,16.6569,1240.55
395,5,0,2,17.0441,3257.74,0.102667,447.801,0.03,3
394,5,0,2,17.0302,3184.61
2137,5,0,2,17.0099,3077.86
402,5,0,2,16.9904,2975.44
1742,5,0,2,16.9813,2924.85
1741,5,0,2,16.9751,2891.32
418,5,0,2,16.9675,2851.34
417,5,0,2,16.9648,2835.95
1989,5,0,2,16.9486,2751.36
2011,5,0,2,16.9274,2643.49
2156,5,0,2,16.9217,2614.46
2013,5,0,2,16.9211,2611.31
886,5,0,2,16.911,2560.6
2040,5,0,3,17.3978,4984.5,0.0983333,428.9,0.08,4
2039,5,0,3,17.3812,4900.19
1106,5,0,3,17.3714,4847.99
2035,5,0,3,17.3561,4769.09
1085,5,0,3,17.3433,4701.81
920,5,0,3,17.326,4607.64
2018,5,0,3,17.3206,4580.58
2015,5,0,3,17.3076,4517.38
910,5,0,3,17.3075,4516.9
909,5,0,3,17.297,4465.8
898,5,0,3,17.2824,4393.52
897,5,0,3,17.2718,4340.82
877,5,0,3,17.2528,4244.45
878,5,0,3,17.2466,4213.4
879,5,0,3,17.2354,4158.05
437,5,0,3,17.2279,4121.7
439,5,0,3,17.2247,4103.6
436,5,0,3,17.2171,4065.49
425,5,0,3,17.2084,4021.84
426,5,0,3,17.2028,3994.07
424,5,0,3,17.2003,3980.08
407,5,0,3,17.1781,3868.51
406,5,0,3,17.1743,3847.92
403,5,0,3,17.1641,3797.18
395,5,0,3,17.1468,3705.54
1103,5,0,4,17.6548,6254.77,0.102,444.893,0.05,5
1084,5,0,4,17.6447,6197.42
1062,5,0,4,17.6259,6092.06
1063,5,0,4,17.6252,6084.91
1061,5,0,4,17.622,6068.32
1060,5,0,4,17.6151,6033.49
1073,5,0,4,17.5935,5920.54
1075,5,0,4,17.5894,5898.95
1072,5,0,4,17.5799,5850
1071,5,0,4,17.5718,5808.27
2160,5,0,4,17.5646,5769.23
1067,5,0,4,17.5529,5708.52
1068,5,0,4,17.5505,5696
1069,5,0,4,17.5454,5669.78
1070,5,0,4,17.539,5638.22
1849,5,0,4,17.5292,5588.07
1108,5,0,4,17.5201,5539.35
1107,5,0,4,17.5075,5472.99
2040,5,0,4,17.4962,5413.4
459,5,0,5,17.9865,7950.81,0,0,0
1543,5,0,5,17.9781,7889.04
715,5,0,5,17.9731,7845.03
714,5,0,5,17.9689,7820.53
726,5,0,5,17.9687,7818.67
529,5,0,5,17.9545,7719
605,5,0,5,17.9384,7620.69
603,5,0,5,17.932,7587.09
2202,5,0,5,17.9278,7563.91
602,5,0,5,17.923,7537.43
1851,5,0,5,17.9112,7465.63
1852,5,0,5,17.9067,7443.05
706,5,0,5,17.8943,7381.93
991,5,0,5,17.8805,7313.78
2028,5,0,5,17.8688,7256.51
1012,5,0,5,17.8558,7190.03
1014,5,0,5,17.855,7186.44
1048,5,0,5,17.8272,7063.47
1064,5,0,5,17.8024,6932.69
1084,5,0,5,17.768,6761.35
1103,5,0,5,17.7568,6699.66
364,6,0,0,16.5829,1048.64,0.044,191.915,0.23,1
370,6,0,0,16.545,836.341
369,6,0,0,16.5406,798.888
2134,6,0,0,16.5308,703.248
371,6,0,0,16.5253,662.47
372,6,0,0,16.5111,558.712
460,6,0,0,16.5052,524.06
461,6,0,0,16.4944,457.079
462,6,0,0,16.4929,442.701
1990,6,0,0,16.484,388.471
452,6,0,0,16.4802,356.312
453,6,0,0,16.4685,269.142
455,6,0,0,16.4579,202.33
454,6,0,0,16.4558,188.299
457,6,0,0,16.4492,134.28
456,6,0,0,16.4447,105.97
458,6,0,0,16.4356,45.1933
459,6,0,0,16.43,0
886,6,0,1,16.8116,2258.19,0.0693333,302.411,0.15,2
2013,6,0,1,16.8023,2210.78
1988,6,0,1,16.7807,2100.09
417,6,0,1,16.7598,1993.72
418,6,0,1,16.7568,1976.92
1741,6,0,1,16.7516,1946.74
1740,6,0,1,16.7482,1927.97
1739,6,0,1,16.7415,1892.86
401,6,0,1,16.7316,1838.7
393,6,0,1,16.719,1769.82
2136,6,0,1,16.6966,1646.7
2134,6,0,1,16.6864,1588.99
369,6,0,1,16.6704,1493.36
370,6,0,1,16.6655,1456.17
364,6,0,1,16.6269,1240.55
1103,6,0,2,17.1108,3744.98,0.102,444.893,0.05,3
1084,6,0,2,17.1004,3686.63
1062,6,0,2,17.0839,3586.98
2159,6,0,2,17.0836,3585.7
1045,6,0,2,17.083,3582.55
1043,6,0,2,17.0797,3565.99
2158,6,0,2,17.0735,3533.89
2030,6,0,2,17.0695,3514.05
1011,6,0,2,17.0694,3513.07
1547,6,0,2,17.055,3442.74
1546,6,0,2,17.0491,3413.56
975,6,0,2,17.0458,3395.86
2026,6,0,2,17.04,3364.65
1758,6,0,2,17.0312,3319.39
972,6,0,2,17.0261,3293.85
970,6,0,2,17.0183,3254.85
968,6,0,2,17.0071,3199.07
963,6,0,2,16.9951,3138.73
964,6,0,2,16.99,3113.18
961,6,0,2,16.9724,3025.66
957,6,0,2,16.954,2931.39
959,6,0,2,16.9383,2852.83
877,6,0,2,16.93,2809.2
870,6,0,2,16.9132,2725.37
876,6,0,2,16.9092,2705.34
875,6,0,2,16.9047,2681.29
2011,6,0,2,16.8974,2643.49
2156,6,0,2,16.8917,2614.46
2013,6,0,2,16.8911,2611.31
886,6,0,2,16.881,2560.6
2040,6,0,3,17.3676,4978.23,0.0983333,428.9,0.08,4
2043,6,0,3,17.3646,4961.64
1125,6,0,3,17.3577,4926.79
2042,6,0,3,17.3511,4894.05
1126,6,0,3,17.3357,4816
1127,6,0,3,17.3269,4773.5
2044,6,0,3,17.3261,4769.57
1128,6,0,3,17.3216,4744.86
2045,6,0,3,17.3014,4641.3
1129,6,0,3,17.2926,4596.29
1122,6,0,3,17.2777,4522.79
2037,6,0,3,17.2681,4476.39
1123,6,0,3,17.2554,4413.21
2038,6,0,3,17.2363,4315.44
1104,6,0,3,17.2274,4268.44
1183,6,0,3,17.2246,4251.8
1103,6,0,3,17.2128,4189.87
395,6,0,4,17.7245,6738.01,0.102667,447.801,0.03,5
403,6,0,4,17.7058,6640.44
406,6,0,4,17.691,6570.83
407,6,0,4,17.6861,6545.76
424,6,0,4,17.6612,6423.01
613,6,0,4,17.6535,6383.72
611,6,0,4,17.6485,6351.56
619,6,0,4,17.6345,6275.68
618,6,0,4,17.6324,6265.11
615,6,0,4,17.6308,6253.31
617,6,0,4,17.6273,6235.76
616,6,0,4,17.6189,6194.31
676,6,0,4,17.6127,6163.25
674,6,0,4,17.6013,6107.83
675,6,0,4,17.5947,6074.75
962,6,0,4,17.5867,6035.26
961,6,0,4,17.5799,6000.46
999,6,0,4,17.5685,5940.94
1002,6,0,4,17.5643,5912.87
1031,6,0,4,17.5492,5838.14
2031,6,0,4,17.5418,5801.15
2032,6,0,4,17.5414,5799.32
1053,6,0,4,17.534,5762.15
1784,6,0,4,17.5304,5743.39
1066,6,0,4,17.5205,5693.66
1070,6,0,4,17.5088,5631.95
1849,6,0,4,17.499,5581.8
1108,6,0,4,17.4899,5533.08
1107,6,0,4,17.4773,5466.71
2040,6,0,4,17.4659,5407.13
459,6,0,5,17.9984,8154.77,0,0,0
458,6,0,5,17.9913,8108.98
456,6,0,5,17.9808,8046.42
457,6,0,5,17.9742,8011.05
454,6,0,5,17.9659,7956.61
455,6,0,5,17.9632,7941.31
453,6,0,5,17.9533,7875.24
452,6,0,5,17.9411,7787.96
1990,6,0,5,17.9375,7755.51
462,6,0,5,17.9291,7701.81
461,6,0,5,17.9264,7686.91
460,6,0,5,17.9172,7621.46
464,6,0,5,17.9001,7538.28
378,6,0,5,17.8907,7488.9
379,6,0,5,17.8835,7454.1
380,6,0,5,17.8768,7421.87
386,6,0,5,17.8664,7370.94
387,6,0,5,17.8336,7222.08
396,6,0,5,17.8316,7208.46
395,6,0,5,17.8272,7185.81
