Node, Individual, Route,Segment, Travel time, Travel cost, Attention time, Attention cost, Failure rate, Demand
1806,0,0,0,15.1909,534.63,0.038,165.745,0.05,1
1805,0,0,0,15.1836,493.945
1553,0,0,0,15.1625,382.179
1300,0,0,0,15.1547,343.654
1299,0,0,0,15.1525,328.949
1557,0,0,0,15.1313,217.444
2024,0,0,0,15.1169,141.955
2025,0,0,0,15.0997,52.0993
1598,0,0,0,15.0949,26.7231
948,0,0,0,15.09,0
1258,0,0,1,15.354,1385.34,0.0936667,408.546,0.19,2
1260,0,0,1,15.3467,1333.24
1259,0,0,1,15.3334,1263.11
1269,0,0,1,15.3146,1164.69
1268,0,0,1,15.3097,1139.85
1279,0,0,1,15.2985,1081.26
1284,0,0,1,15.283,994.548
2069,0,0,1,15.2707,929.881
2067,0,0,1,15.2436,781.298
2068,0,0,1,15.2349,732.902
1806,0,0,1,15.2289,700.375
2012,0,0,2,15.676,2997.83,0.0538333,234.805,0.36,3
887,0,0,2,15.6588,2907.11
902,0,0,2,15.6396,2811.62
914,0,0,2,15.6339,2777.84
913,0,0,2,15.6203,2706.39
912,0,0,2,15.6168,2687.6
911,0,0,2,15.6,2595.23
835,0,0,2,15.5812,2490.94
848,0,0,2,15.5802,2486.45
843,0,0,2,15.5575,2365.41
855,0,0,2,15.53,2228.93
1856,0,0,2,15.5299,2228.22
869,0,0,2,15.5162,2158.08
868,0,0,2,15.4965,2050.95
1259,0,0,2,15.4778,1948.98
1260,0,0,2,15.4604,1861.76
1258,0,0,2,15.4477,1793.89
877,0,0,3,15.8075,3627.31,0.0345,150.479,0.13,4
870,0,0,3,15.7927,3551.78
876,0,0,3,15.7888,3532.03
875,0,0,3,15.7837,3505.82
2011,0,0,3,15.7761,3466.47
2156,0,0,3,15.7714,3441.47
2013,0,0,3,15.7707,3438.32
886,0,0,3,15.76,3385.27
885,0,0,3,15.7355,3260.23
2012,0,0,3,15.7298,3232.64
2050,0,0,4,15.9908,4544.65,0.0603333,263.156,0.11,5
2106,0,0,4,15.9838,4509.92
2039,0,0,4,15.9639,4406.65
1106,0,0,4,15.9528,4348.32
2035,0,0,4,15.9409,4284.24
1085,0,0,4,15.9269,4211.84
920,0,0,4,15.9099,4119.22
2018,0,0,4,15.9045,4092.17
2015,0,0,4,15.8967,4050.77
910,0,0,4,15.8967,4050.28
909,0,0,4,15.8872,4003.6
898,0,0,4,15.874,3937.02
897,0,0,4,15.8644,3888.64
877,0,0,4,15.842,3777.79
948,0,0,5,16.168,5414.28,0,0,0
950,0,0,5,16.1534,5334.66
951,0,0,5,16.1464,5299.08
2021,0,0,5,16.1271,5200.16
2022,0,0,5,16.1162,5143.64
952,0,0,5,16.106,5091.2
953,0,0,5,16.096,5039.43
2023,0,0,5,16.0951,5035.33
2108,0,0,5,16.0804,4957.46
1794,0,0,5,16.0743,4925.95
2106,0,0,5,16.0603,4851.78
2050,0,0,5,16.0511,4807.81
2012,1,0,0,15.4023,590.211,0.0538333,234.805,0.36,1
887,1,0,0,15.3851,499.49
902,1,0,0,15.3659,404.001
904,1,0,0,15.354,338.372
925,1,0,0,15.3306,210.994
2019,1,0,0,15.3261,187.596
929,1,0,0,15.3257,185.613
928,1,0,0,15.3047,75.8838
948,1,0,0,15.29,0
877,1,0,1,15.5338,1219.69,0.0345,150.479,0.13,2
870,1,0,1,15.519,1144.16
876,1,0,1,15.5151,1124.41
875,1,0,1,15.51,1098.2
2011,1,0,1,15.5024,1058.85
2156,1,0,1,15.4977,1033.85
2013,1,0,1,15.497,1030.7
886,1,0,1,15.4864,977.651
885,1,0,1,15.4619,852.615
2012,1,0,1,15.4562,825.016
2050,1,0,2,15.7171,2137.03,0.0603333,263.156,0.11,3
2106,1,0,2,15.7101,2102.3
2039,1,0,2,15.6902,1999.03
1106,1,0,2,15.6791,1940.7
2035,1,0,2,15.6672,1876.62
1085,1,0,2,15.6532,1804.22
920,1,0,2,15.6363,1711.61
2018,1,0,2,15.6308,1684.55
2015,1,0,2,15.6231,1643.15
910,1,0,2,15.623,1642.67
909,1,0,2,15.6135,1595.98
898,1,0,2,15.6003,1529.4
897,1,0,2,15.5907,1481.02
877,1,0,2,15.5683,1370.17
1806,1,0,3,15.9851,3476.17,0.038,165.745,0.05,4
1805,1,0,3,15.9778,3435.49
1553,1,0,3,15.9567,3323.72
1300,1,0,3,15.9489,3285.2
1299,1,0,3,15.9466,3270.49
1557,1,0,3,15.9255,3158.99
2024,1,0,3,15.9111,3083.5
2025,1,0,3,15.8939,2993.64
949,1,0,3,15.8906,2976.96
951,1,0,3,15.8808,2925.29
2021,1,0,3,15.8595,2817.74
2022,1,0,3,15.848,2758.87
952,1,0,3,15.8362,2699.96
953,1,0,3,15.8245,2641.17
2023,1,0,3,15.8237,2637.07
2108,1,0,3,15.8089,2559.07
1794,1,0,3,15.8026,2526.43
2106,1,0,3,15.7874,2447.41
2050,1,0,3,15.7774,2400.19
1258,1,0,4,16.1383,4287.19,0.0731667,319.131,0.18,5
1260,1,0,4,16.1306,4234.87
1259,1,0,4,16.1167,4162.04
1269,1,0,4,16.0984,4065.94
1268,1,0,4,16.0941,4043.81
1279,1,0,4,16.0838,3988.56
1284,1,0,4,16.0682,3901.85
2069,1,0,4,16.0581,3846.36
2067,1,0,4,16.035,3713.58
2068,1,0,4,16.0278,3669.51
1806,1,0,4,16.0231,3641.92
948,1,0,5,16.3783,5510,0,0,0
947,1,0,5,16.3661,5446.09
946,1,0,5,16.3485,5361.97
945,1,0,5,16.3238,5233.92
954,1,0,5,16.3168,5197.92
2066,1,0,5,16.2874,5037.58
869,1,0,5,16.2781,4962.54
868,1,0,5,16.2578,4852.84
1259,1,0,5,16.2403,4756.13
1260,1,0,5,16.223,4668.92
1258,1,0,5,16.2115,4606.32
1806,2,0,0,14.744,615.886,0.0731667,319.131,0,1
1805,2,0,0,14.7363,573.554
1553,2,0,0,14.7121,448.776
1300,2,0,0,14.7039,408.394
1299,2,0,0,14.7016,393.696
1600,2,0,0,14.7002,380.248
1306,2,0,0,14.6861,293.88
1301,2,0,0,14.6714,216.341
2024,2,0,0,14.6552,135.019
2025,2,0,0,14.638,45.3121
1598,2,0,0,14.635,27.1093
948,2,0,0,14.63,0
1258,2,0,1,14.9372,1598.87,0.0881667,384.556,0.18,2
1260,2,0,1,14.9296,1546.54
1267,2,0,1,14.9175,1480.6
1269,2,0,1,14.8971,1381.3
1268,2,0,1,14.8934,1362
1279,2,0,1,14.8877,1320.22
1284,2,0,1,14.8722,1233.51
2069,2,0,1,14.8586,1162.91
2067,2,0,1,14.8323,1017.99
2068,2,0,1,14.8238,970.291
1806,2,0,1,14.8171,935.017
2012,2,0,2,15.2537,3187.37,0.0538333,234.805,0.36,3
887,2,0,2,15.2364,3096.65
902,2,0,2,15.2173,3001.16
914,2,0,2,15.2116,2967.38
913,2,0,2,15.198,2895.93
912,2,0,2,15.1945,2877.14
911,2,0,2,15.1777,2784.77
835,2,0,2,15.1589,2680.47
848,2,0,2,15.1579,2675.99
843,2,0,2,15.1352,2554.95
855,2,0,2,15.1077,2418.47
1856,2,0,2,15.1075,2417.75
869,2,0,2,15.0939,2347.62
868,2,0,2,15.0742,2240.49
1259,2,0,2,15.0555,2138.52
1260,2,0,2,15.0381,2051.3
1258,2,0,2,15.0254,1983.42
877,2,0,3,15.3852,3816.85,0.0345,150.479,0.13,4
870,2,0,3,15.3704,3741.31
876,2,0,3,15.3664,3721.57
875,2,0,3,15.3614,3695.35
2011,2,0,3,15.3537,3656.01
2156,2,0,3,15.349,3631.01
2013,2,0,3,15.3484,3627.85
886,2,0,3,15.3377,3574.81
885,2,0,3,15.3132,3449.77
2012,2,0,3,15.3075,3422.17
2050,2,0,4,15.5685,4734.19,0.0603333,263.156,0.11,5
2106,2,0,4,15.5615,4699.45
2039,2,0,4,15.5416,4596.18
1106,2,0,4,15.5305,4537.86
2035,2,0,4,15.5186,4473.78
1085,2,0,4,15.5046,4401.38
920,2,0,4,15.4876,4308.76
2018,2,0,4,15.4822,4281.7
2015,2,0,4,15.4744,4240.31
910,2,0,4,15.4743,4239.82
909,2,0,4,15.4649,4193.14
898,2,0,4,15.4517,4126.56
897,2,0,4,15.4421,4078.18
877,2,0,4,15.4197,3967.33
948,2,0,5,15.7549,5630.56,0,0,0
950,2,0,5,15.7407,5552.58
1791,2,0,5,15.7139,5422.08
1790,2,0,5,15.702,5361.58
1789,2,0,5,15.6891,5298.02
1788,2,0,5,15.6755,5231.98
1787,2,0,5,15.6747,5228.27
1736,2,0,5,15.662,5164.18
1794,2,0,5,15.654,5123.59
2106,2,0,5,15.6388,5044.57
2050,2,0,5,15.6288,4997.34
1806,3,0,0,13.9934,502.976,0.0543333,236.986,0,1
1805,3,0,0,13.9856,460.199
1553,3,0,0,13.9627,340.494
1300,3,0,0,13.9555,304.507
1299,3,0,0,13.9534,289.94
1557,3,0,0,13.937,198.891
2024,3,0,0,13.9214,118.316
2025,3,0,0,13.9096,51.4198
1598,3,0,0,13.9047,26.0378
948,3,0,0,13.9,0
1258,3,0,1,14.1679,1403.81,0.0881667,384.556,0.18,2
1260,3,0,1,14.1602,1351.49
1267,3,0,1,14.1482,1285.54
1269,3,0,1,14.1277,1186.24
1268,3,0,1,14.1241,1166.94
1279,3,0,1,14.1184,1125.16
1284,3,0,1,14.1029,1038.45
2069,3,0,1,14.0892,967.853
2067,3,0,1,14.063,822.939
2068,3,0,1,14.0544,775.236
1806,3,0,1,14.0478,739.961
948,3,0,2,14.4314,2725.49,0,0,0
947,3,0,2,14.4174,2654.31
946,3,0,2,14.4072,2600.48
945,3,0,2,14.3817,2469.42
954,3,0,2,14.3751,2435.17
2066,3,0,2,14.3404,2251.82
869,3,0,2,14.3302,2176.94
868,3,0,2,14.3091,2063.73
1259,3,0,2,14.2853,1940.16
1260,3,0,2,14.268,1852.94
1258,3,0,2,14.256,1788.37
2012,3,1,0,15.6523,590.211,0.0538333,234.805,0.36,1
887,3,1,0,15.6351,499.49
902,3,1,0,15.6159,404.001
904,3,1,0,15.604,338.372
925,3,1,0,15.5806,210.994
2019,3,1,0,15.5761,187.596
929,3,1,0,15.5757,185.613
928,3,1,0,15.5547,75.8838
948,3,1,0,15.54,0
877,3,1,1,15.7838,1219.69,0.0345,150.479,0.13,2
870,3,1,1,15.769,1144.16
876,3,1,1,15.7651,1124.41
875,3,1,1,15.76,1098.2
2011,3,1,1,15.7524,1058.85
2156,3,1,1,15.7477,1033.85
2013,3,1,1,15.747,1030.7
886,3,1,1,15.7364,977.651
885,3,1,1,15.7119,852.615
2012,3,1,1,15.7062,825.016
2050,3,1,2,15.9671,2137.03,0.0603333,263.156,0.11,3
2106,3,1,2,15.9601,2102.3
2039,3,1,2,15.9402,1999.03
1106,3,1,2,15.9291,1940.7
2035,3,1,2,15.9172,1876.62
1085,3,1,2,15.9032,1804.22
920,3,1,2,15.8863,1711.61
2018,3,1,2,15.8808,1684.55
2015,3,1,2,15.8731,1643.15
910,3,1,2,15.873,1642.67
909,3,1,2,15.8635,1595.98
898,3,1,2,15.8503,1529.4
897,3,1,2,15.8407,1481.02
877,3,1,2,15.8183,1370.17
948,3,1,3,16.1443,3006.66,0,0,0
950,3,1,3,16.1297,2927.04
951,3,1,3,16.1227,2891.46
2021,3,1,3,16.1034,2792.54
2022,3,1,3,16.0925,2736.02
952,3,1,3,16.0823,2683.58
953,3,1,3,16.0723,2631.81
2023,3,1,3,16.0715,2627.71
2108,3,1,3,16.0567,2549.84
1794,3,1,3,16.0506,2518.33
2106,3,1,3,16.0366,2444.16
2050,3,1,3,16.0274,2400.19
1806,4,0,0,13.1934,502.976,0.0543333,236.986,0,1
1805,4,0,0,13.1856,460.199
1553,4,0,0,13.1627,340.494
1300,4,0,0,13.1555,304.507
1299,4,0,0,13.1534,289.94
1557,4,0,0,13.137,198.891
2024,4,0,0,13.1214,118.316
2025,4,0,0,13.1096,51.4198
1598,4,0,0,13.1047,26.0378
948,4,0,0,13.1,0
1258,4,0,1,13.3884,1479.11,0.073,318.404,0.17,2
1260,4,0,1,13.3694,1384.83
1259,4,0,1,13.3555,1311.95
868,4,0,1,13.3325,1191.95
869,4,0,1,13.3142,1090.44
2066,4,0,1,13.293,980.433
1262,4,0,1,13.2818,920.36
2068,4,0,1,13.2543,774.858
1806,4,0,1,13.2478,739.961
948,4,0,2,13.6362,2730.18,0,0,0
947,4,0,2,13.624,2666.23
946,4,0,2,13.6132,2610.11
945,4,0,2,13.5865,2474.22
954,4,0,2,13.5798,2439.29
2066,4,0,2,13.5463,2261.39
869,4,0,2,13.5356,2186.3
868,4,0,2,13.5171,2084.21
1259,4,0,2,13.4922,1955.7
1260,4,0,2,13.4748,1868.48
1258,4,0,2,13.4614,1797.51
2012,4,1,0,15.6523,590.211,0.0538333,234.805,0.36,1
887,4,1,0,15.6351,499.49
902,4,1,0,15.6159,404.001
904,4,1,0,15.604,338.372
925,4,1,0,15.5806,210.994
2019,4,1,0,15.5761,187.596
929,4,1,0,15.5757,185.613
928,4,1,0,15.5547,75.8838
948,4,1,0,15.54,0
877,4,1,1,15.7838,1219.69,0.0345,150.479,0.13,2
870,4,1,1,15.769,1144.16
876,4,1,1,15.7651,1124.41
875,4,1,1,15.76,1098.2
2011,4,1,1,15.7524,1058.85
2156,4,1,1,15.7477,1033.85
2013,4,1,1,15.747,1030.7
886,4,1,1,15.7364,977.651
885,4,1,1,15.7119,852.615
2012,4,1,1,15.7062,825.016
2050,4,1,2,15.9671,2137.03,0.0603333,263.156,0.11,3
2106,4,1,2,15.9601,2102.3
2039,4,1,2,15.9402,1999.03
1106,4,1,2,15.9291,1940.7
2035,4,1,2,15.9172,1876.62
1085,4,1,2,15.9032,1804.22
920,4,1,2,15.8863,1711.61
2018,4,1,2,15.8808,1684.55
2015,4,1,2,15.8731,1643.15
910,4,1,2,15.873,1642.67
909,4,1,2,15.8635,1595.98
898,4,1,2,15.8503,1529.4
897,4,1,2,15.8407,1481.02
877,4,1,2,15.8183,1370.17
948,4,1,3,16.1443,3006.66,0,0,0
950,4,1,3,16.1297,2927.04
951,4,1,3,16.1227,2891.46
2021,4,1,3,16.1034,2792.54
2022,4,1,3,16.0925,2736.02
952,4,1,3,16.0823,2683.58
953,4,1,3,16.0723,2631.81
2023,4,1,3,16.0715,2627.71
2108,4,1,3,16.0567,2549.84
1794,4,1,3,16.0506,2518.33
2106,4,1,3,16.0366,2444.16
2050,4,1,3,16.0274,2400.19
1806,5,0,0,13.0934,502.976,0.0543333,236.986,0,1
1805,5,0,0,13.0856,460.199
1553,5,0,0,13.0627,340.494
1300,5,0,0,13.0555,304.507
1299,5,0,0,13.0534,289.94
1557,5,0,0,13.037,198.891
2024,5,0,0,13.0214,118.316
2025,5,0,0,13.0096,51.4198
1598,5,0,0,13.0047,26.0378
948,5,0,0,13,0
1258,5,0,1,13.2884,1479.11,0.073,318.404,0.17,2
1260,5,0,1,13.2694,1384.83
1259,5,0,1,13.2555,1311.95
868,5,0,1,13.2325,1191.95
869,5,0,1,13.2142,1090.44
2066,5,0,1,13.193,980.433
1262,5,0,1,13.1818,920.36
2068,5,0,1,13.1543,774.858
1806,5,0,1,13.1478,739.961
2012,5,0,2,13.5895,2999.82,0.107667,469.61,0.35,3
887,5,0,2,13.5741,2916.99
902,5,0,2,13.5542,2818.2
914,5,0,2,13.5467,2777.38
913,5,0,2,13.5342,2711.07
912,5,0,2,13.5308,2692.58
911,5,0,2,13.5144,2602.06
835,5,0,2,13.4946,2493.08
848,5,0,2,13.4936,2488.59
843,5,0,2,13.4731,2377.25
855,5,0,2,13.4456,2240.77
1856,5,0,2,13.4455,2240.06
869,5,0,2,13.4356,2186.3
868,5,0,2,13.4171,2084.21
1259,5,0,2,13.3922,1955.7
1260,5,0,2,13.3748,1868.48
1258,5,0,2,13.3614,1797.51
877,5,0,3,13.7771,3873.33,0.0613333,267.518,0.12,4
870,5,0,3,13.7588,3783.35
876,5,0,3,13.7547,3762.85
875,5,0,3,13.75,3738.06
2011,5,0,3,13.7426,3699.8
2156,5,0,3,13.7374,3672.48
2013,5,0,3,13.7367,3669.32
886,5,0,3,13.7248,3611.15
885,5,0,3,13.7029,3497.03
2012,5,0,3,13.6972,3469.43
2050,5,0,4,13.9914,4924.48,0.0473333,206.454,0.09,5
2106,5,0,4,13.9844,4889.74
2039,5,0,4,13.9659,4792.23
1106,5,0,4,13.9556,4737.83
2035,5,0,4,13.9436,4673.24
1085,5,0,4,13.9318,4609.98
920,5,0,4,13.9138,4512.97
2018,5,0,4,13.9084,4485.91
2015,5,0,4,13.8934,4414.68
910,5,0,4,13.8933,4414.19
909,5,0,4,13.885,4372.05
898,5,0,4,13.8706,4300.67
897,5,0,4,13.8595,4245.82
877,5,0,4,13.8384,4140.84
948,5,0,5,14.1583,5737.42,0,0,0
950,5,0,5,14.1431,5655.55
1791,5,0,5,14.1196,5538.32
1790,5,0,5,14.1071,5475.71
1789,5,0,5,14.0947,5413.85
1788,5,0,5,14.0813,5348.51
1787,5,0,5,14.0805,5344.8
1736,5,0,5,14.0691,5286.11
1794,5,0,5,14.0616,5247.87
2106,5,0,5,14.0468,5170.54
2050,5,0,5,14.0387,5130.93
2012,6,0,0,13.1466,608.245,0.107667,469.61,0.35,1
887,6,0,0,13.1312,525.413
902,6,0,0,13.1113,426.624
904,6,0,0,13.0981,355.652
925,6,0,0,13.0746,227.755
2019,6,0,0,13.0692,200.489
929,6,0,0,13.0688,198.505
928,6,0,0,13.0446,75.7442
948,6,0,0,13.03,0
877,6,0,1,13.3342,1481.75,0.0613333,267.518,0.12,2
870,6,0,1,13.3159,1391.77
876,6,0,1,13.3118,1371.28
875,6,0,1,13.3071,1346.48
2011,6,0,1,13.2997,1308.23
2156,6,0,1,13.2944,1280.9
2013,6,0,1,13.2938,1277.75
886,6,0,1,13.2819,1219.57
885,6,0,1,13.26,1105.45
2012,6,0,1,13.2543,1077.85
2050,6,0,2,13.5484,2532.9,0.0473333,206.454,0.09,3
2106,6,0,2,13.5415,2498.17
2039,6,0,2,13.5229,2400.65
1106,6,0,2,13.5127,2346.25
2035,6,0,2,13.5007,2281.66
1085,6,0,2,13.4889,2218.4
920,6,0,2,13.4709,2121.4
2018,6,0,2,13.4655,2094.34
2015,6,0,2,13.4505,2023.1
910,6,0,2,13.4504,2022.62
909,6,0,2,13.4421,1980.47
898,6,0,2,13.4277,1909.09
897,6,0,2,13.4165,1854.25
877,6,0,2,13.3955,1749.27
1806,6,0,3,13.7956,3781.75,0.0543333,236.986,0,4
1805,6,0,3,13.7878,3738.97
1553,6,0,3,13.7648,3619.27
1300,6,0,3,13.7577,3583.28
1299,6,0,3,13.7556,3568.71
1557,6,0,3,13.7392,3477.66
2024,6,0,3,13.7236,3397.09
2025,6,0,3,13.7118,3330.19
949,6,0,3,13.7082,3312.36
951,6,0,3,13.6985,3261.39
2021,6,0,3,13.6793,3162.8
2022,6,0,3,13.667,3100.25
952,6,0,3,13.6559,3044.05
953,6,0,3,13.6436,2983
2023,6,0,3,13.6428,2978.89
2108,6,0,3,13.6286,2903.23
1794,6,0,3,13.6223,2870.88
2106,6,0,3,13.6084,2797.13
2050,6,0,3,13.5957,2739.36
1258,6,0,4,13.9906,4757.88,0.073,318.404,0.17,5
1260,6,0,4,13.9716,4663.6
1259,6,0,4,13.9576,4590.72
868,6,0,4,13.9347,4470.72
869,6,0,4,13.9163,4369.21
2066,6,0,4,13.8952,4259.21
1262,6,0,4,13.884,4199.13
2068,6,0,4,13.8565,4053.63
1806,6,0,4,13.8499,4018.73
948,6,0,5,14.2389,6013.4,0,0,0
947,6,0,5,14.2249,5942.23
946,6,0,5,14.2147,5888.39
945,6,0,5,14.1892,5757.34
954,6,0,5,14.1827,5723.08
2066,6,0,5,14.1479,5539.73
869,6,0,5,14.1377,5464.85
868,6,0,5,14.1167,5351.65
1259,6,0,5,14.0929,5228.07
1260,6,0,5,14.0755,5140.86
1258,6,0,5,14.0636,5076.28
2050,7,0,0,13.4822,576.546,0.0473333,206.454,0.09,1
2108,7,0,0,13.465,488.427
2023,7,0,0,13.4504,411.022
953,7,0,0,13.4496,406.921
952,7,0,0,13.4353,337.321
2022,7,0,0,13.4237,279.095
2021,7,0,0,13.4109,214.908
1791,7,0,0,13.4017,169.582
950,7,0,0,13.3857,84.0264
948,7,0,0,13.37,0
1806,7,0,1,13.7294,1825.39,0.0543333,236.986,0,2
1805,7,0,1,13.7216,1782.61
1553,7,0,1,13.6986,1662.91
1300,7,0,1,13.6915,1626.92
1299,7,0,1,13.6894,1612.36
1557,7,0,1,13.673,1521.31
2024,7,0,1,13.6574,1440.73
2025,7,0,1,13.6456,1373.84
949,7,0,1,13.642,1356
951,7,0,1,13.6323,1305.04
2021,7,0,1,13.6131,1206.44
2022,7,0,1,13.6008,1143.89
952,7,0,1,13.5897,1087.69
953,7,0,1,13.5774,1026.64
2023,7,0,1,13.5766,1022.54
2108,7,0,1,13.5624,946.875
1794,7,0,1,13.5561,914.529
2106,7,0,1,13.5422,840.773
2050,7,0,1,13.5296,782.999
1258,7,0,2,13.9244,2801.52,0.073,318.404,0.17,3
1260,7,0,2,13.9054,2707.25
1259,7,0,2,13.8914,2634.36
868,7,0,2,13.8685,2514.36
869,7,0,2,13.8502,2412.86
2066,7,0,2,13.829,2302.85
1262,7,0,2,13.8178,2242.78
2068,7,0,2,13.7903,2097.27
1806,7,0,2,13.7837,2062.38
948,7,0,3,14.1722,4052.6,0,0,0
947,7,0,3,14.1599,3988.65
946,7,0,3,14.1492,3932.52
945,7,0,3,14.1225,3796.64
954,7,0,3,14.1158,3761.71
2066,7,0,3,14.0823,3583.81
869,7,0,3,14.0716,3508.72
868,7,0,3,14.0531,3406.63
1259,7,0,3,14.0282,3278.11
1260,7,0,3,14.0108,3190.9
1258,7,0,3,13.9974,3119.93
2012,7,1,0,16.2071,568.338,0.056,244.255,0.33,1
887,7,1,0,16.192,486.95
902,7,1,0,16.1739,395.582
904,7,1,0,16.1594,319.104
925,7,1,0,16.1397,207.073
2019,7,1,0,16.1344,180.119
929,7,1,0,16.1339,178.135
928,7,1,0,16.1139,72.5925
948,7,1,0,16.1,0
877,7,1,1,16.3408,1207.39,0.110667,482.695,0.13,2
870,7,1,1,16.324,1123.55
876,7,1,1,16.32,1103.52
875,7,1,1,16.3155,1079.47
2011,7,1,1,16.3082,1041.67
2156,7,1,1,16.3025,1012.64
2013,7,1,1,16.3019,1009.49
886,7,1,1,16.2918,958.786
885,7,1,1,16.2688,840.193
2012,7,1,1,16.2631,812.593
948,7,1,2,16.6165,2521.48,0,0,0
928,7,1,2,16.6053,2460.42
929,7,1,2,16.5858,2357.34
2019,7,1,2,16.5854,2355.36
2157,7,1,2,16.5605,2236.81
1555,7,1,2,16.5487,2179.51
915,7,1,2,16.5411,2141.63
2016,7,1,2,16.5234,2050.75
917,7,1,2,16.5226,2046.94
2170,7,1,2,16.5177,2021.24
2017,7,1,2,16.515,2007.42
2014,7,1,2,16.5139,2002.16
2015,7,1,2,16.5058,1961.45
910,7,1,2,16.5057,1960.97
909,7,1,2,16.4964,1914.9
898,7,1,2,16.4828,1846.55
897,7,1,2,16.4728,1796.64
877,7,1,2,16.4514,1690.08
877,8,0,0,13.1673,812.205,0.0613333,267.518,0.12,1
870,8,0,0,13.1491,722.225
876,8,0,0,13.145,701.731
875,8,0,0,13.1403,676.935
2011,8,0,0,13.1329,638.683
2156,8,0,0,13.1276,611.357
2013,8,0,0,13.127,608.203
886,8,0,0,13.1151,550.025
888,8,0,0,13.0953,443.915
903,8,0,0,13.0815,374.032
904,8,0,0,13.0781,355.652
925,8,0,0,13.0546,227.755
2019,8,0,0,13.0492,200.489
929,8,0,0,13.0488,198.505
928,8,0,0,13.0246,75.7442
948,8,0,0,13.01,0
2050,8,0,1,13.3816,1863.36,0.0473333,206.454,0.09,2
2106,8,0,1,13.3747,1828.62
2039,8,0,1,13.3561,1731.11
1106,8,0,1,13.3459,1676.7
2035,8,0,1,13.3339,1612.12
1085,8,0,1,13.3221,1548.86
920,8,0,1,13.3041,1451.85
2018,8,0,1,13.2986,1424.79
2015,8,0,1,13.2837,1353.56
910,8,0,1,13.2836,1353.07
909,8,0,1,13.2752,1310.93
898,8,0,1,13.2609,1239.55
897,8,0,1,13.2497,1184.7
877,8,0,1,13.2287,1079.72
1806,8,0,2,13.6288,3112.2,0.0543333,236.986,0,3
1805,8,0,2,13.621,3069.43
1553,8,0,2,13.598,2949.72
1300,8,0,2,13.5909,2913.73
1299,8,0,2,13.5887,2899.17
1557,8,0,2,13.5724,2808.12
2024,8,0,2,13.5567,2727.54
2025,8,0,2,13.545,2660.65
949,8,0,2,13.5414,2642.81
951,8,0,2,13.5317,2591.85
2021,8,0,2,13.5125,2493.25
2022,8,0,2,13.5001,2430.7
952,8,0,2,13.489,2374.5
953,8,0,2,13.4768,2313.45
2023,8,0,2,13.476,2309.35
2108,8,0,2,13.4618,2233.69
1794,8,0,2,13.4555,2201.34
2106,8,0,2,13.4416,2127.58
2050,8,0,2,13.4289,2069.81
1258,8,0,3,13.8238,4088.33,0.073,318.404,0.17,4
1260,8,0,3,13.8048,3994.06
1259,8,0,3,13.7908,3921.17
868,8,0,3,13.7679,3801.17
869,8,0,3,13.7495,3699.67
2066,8,0,3,13.7284,3589.66
1262,8,0,3,13.7172,3529.59
2068,8,0,3,13.6897,3384.09
1806,8,0,3,13.6831,3349.19
948,8,0,4,14.0715,5339.41,0,0,0
947,8,0,4,14.0593,5275.46
946,8,0,4,14.0485,5219.34
945,8,0,4,14.0219,5083.45
954,8,0,4,14.0152,5048.52
2066,8,0,4,13.9817,4870.62
869,8,0,4,13.971,4795.53
868,8,0,4,13.9525,4693.44
1259,8,0,4,13.9276,4564.93
1260,8,0,4,13.9102,4477.71
1258,8,0,4,13.8968,4406.74
2012,8,1,0,16.2171,568.338,0.056,244.255,0.33,1
887,8,1,0,16.202,486.95
902,8,1,0,16.1839,395.582
904,8,1,0,16.1694,319.104
925,8,1,0,16.1497,207.073
2019,8,1,0,16.1444,180.119
929,8,1,0,16.1439,178.135
928,8,1,0,16.1239,72.5925
948,8,1,0,16.11,0
948,8,1,1,16.3885,1408.17,0,0,0
928,8,1,1,16.3773,1347.11
923,8,1,1,16.3431,1175.13
924,8,1,1,16.3349,1135.82
914,8,1,1,16.3132,1023.3
902,8,1,1,16.3065,986.526
887,8,1,1,16.2905,903.888
2012,8,1,1,16.2731,812.593
