Node, Individual, Route,Segment, Travel time, Travel cost, Attention time, Attention cost, Failure rate, Demand
1806,0,0,0,15.1809,534.63,0.038,165.745,0.05,1
1805,0,0,0,15.1736,493.945
1553,0,0,0,15.1525,382.179
1300,0,0,0,15.1447,343.654
1299,0,0,0,15.1425,328.949
1557,0,0,0,15.1213,217.444
2024,0,0,0,15.1069,141.955
2025,0,0,0,15.0897,52.0993
1598,0,0,0,15.0849,26.7231
948,0,0,0,15.08,0
1258,0,0,1,15.344,1385.34,0.0936667,408.546,0.19,2
1260,0,0,1,15.3367,1333.24
1259,0,0,1,15.3234,1263.11
1269,0,0,1,15.3046,1164.69
1268,0,0,1,15.2997,1139.85
1279,0,0,1,15.2885,1081.26
1284,0,0,1,15.273,994.548
2069,0,0,1,15.2607,929.881
2067,0,0,1,15.2336,781.298
2068,0,0,1,15.2249,732.902
1806,0,0,1,15.2189,700.375
2012,0,0,2,15.666,2997.83,0.0538333,234.805,0.36,3
887,0,0,2,15.6488,2907.11
902,0,0,2,15.6296,2811.62
914,0,0,2,15.6239,2777.84
913,0,0,2,15.6103,2706.39
912,0,0,2,15.6068,2687.6
911,0,0,2,15.59,2595.23
835,0,0,2,15.5712,2490.94
848,0,0,2,15.5702,2486.45
843,0,0,2,15.5475,2365.41
855,0,0,2,15.52,2228.93
1856,0,0,2,15.5199,2228.22
869,0,0,2,15.5062,2158.08
868,0,0,2,15.4865,2050.95
1259,0,0,2,15.4678,1948.98
1260,0,0,2,15.4504,1861.76
1258,0,0,2,15.4377,1793.89
877,0,0,3,15.7975,3627.31,0.0345,150.479,0.13,4
870,0,0,3,15.7827,3551.78
876,0,0,3,15.7788,3532.03
875,0,0,3,15.7737,3505.82
2011,0,0,3,15.7661,3466.47
2156,0,0,3,15.7614,3441.47
2013,0,0,3,15.7607,3438.32
886,0,0,3,15.75,3385.27
885,0,0,3,15.7255,3260.23
2012,0,0,3,15.7198,3232.64
2050,0,0,4,15.9808,4544.65,0.0603333,263.156,0.11,5
2106,0,0,4,15.9738,4509.92
2039,0,0,4,15.9539,4406.65
1106,0,0,4,15.9428,4348.32
2035,0,0,4,15.9309,4284.24
1085,0,0,4,15.9169,4211.84
920,0,0,4,15.8999,4119.22
2018,0,0,4,15.8945,4092.17
2015,0,0,4,15.8867,4050.77
910,0,0,4,15.8867,4050.28
909,0,0,4,15.8772,4003.6
898,0,0,4,15.864,3937.02
897,0,0,4,15.8544,3888.64
877,0,0,4,15.832,3777.79
948,0,0,5,16.158,5414.28,0,0,0
950,0,0,5,16.1434,5334.66
951,0,0,5,16.1364,5299.08
2021,0,0,5,16.1171,5200.16
2022,0,0,5,16.1062,5143.64
952,0,0,5,16.096,5091.2
953,0,0,5,16.086,5039.43
2023,0,0,5,16.0851,5035.33
2108,0,0,5,16.0704,4957.46
1794,0,0,5,16.0643,4925.95
2106,0,0,5,16.0503,4851.78
2050,0,0,5,16.0411,4807.81
2012,1,0,0,15.3923,590.211,0.0538333,234.805,0.36,1
887,1,0,0,15.3751,499.49
902,1,0,0,15.3559,404.001
904,1,0,0,15.344,338.372
925,1,0,0,15.3206,210.994
2019,1,0,0,15.3161,187.596
929,1,0,0,15.3157,185.613
928,1,0,0,15.2947,75.8838
948,1,0,0,15.28,0
877,1,0,1,15.5238,1219.69,0.0345,150.479,0.13,2
870,1,0,1,15.509,1144.16
876,1,0,1,15.5051,1124.41
875,1,0,1,15.5,1098.2
2011,1,0,1,15.4924,1058.85
2156,1,0,1,15.4877,1033.85
2013,1,0,1,15.487,1030.7
886,1,0,1,15.4764,977.651
885,1,0,1,15.4519,852.615
2012,1,0,1,15.4461,825.016
2050,1,0,2,15.7071,2137.03,0.0603333,263.156,0.11,3
2106,1,0,2,15.7001,2102.3
2039,1,0,2,15.6802,1999.03
1106,1,0,2,15.6691,1940.7
2035,1,0,2,15.6572,1876.62
1085,1,0,2,15.6432,1804.22
920,1,0,2,15.6263,1711.61
2018,1,0,2,15.6208,1684.55
2015,1,0,2,15.6131,1643.15
910,1,0,2,15.613,1642.67
909,1,0,2,15.6035,1595.98
898,1,0,2,15.5903,1529.4
897,1,0,2,15.5807,1481.02
877,1,0,2,15.5583,1370.17
1806,1,0,3,15.9751,3476.17,0.038,165.745,0.05,4
1805,1,0,3,15.9678,3435.49
1553,1,0,3,15.9467,3323.72
1300,1,0,3,15.9389,3285.2
1299,1,0,3,15.9366,3270.49
1557,1,0,3,15.9155,3158.99
2024,1,0,3,15.9011,3083.5
2025,1,0,3,15.8839,2993.64
949,1,0,3,15.8806,2976.96
951,1,0,3,15.8708,2925.29
2021,1,0,3,15.8495,2817.74
2022,1,0,3,15.838,2758.87
952,1,0,3,15.8262,2699.96
953,1,0,3,15.8145,2641.17
2023,1,0,3,15.8137,2637.07
2108,1,0,3,15.7989,2559.07
1794,1,0,3,15.7926,2526.43
2106,1,0,3,15.7774,2447.41
2050,1,0,3,15.7674,2400.19
1258,1,0,4,16.1283,4287.19,0.0731667,319.131,0.18,5
1260,1,0,4,16.1206,4234.87
1259,1,0,4,16.1067,4162.04
1269,1,0,4,16.0884,4065.94
1268,1,0,4,16.0841,4043.81
1279,1,0,4,16.0738,3988.56
1284,1,0,4,16.0582,3901.85
2069,1,0,4,16.0481,3846.36
2067,1,0,4,16.025,3713.58
2068,1,0,4,16.0178,3669.51
1806,1,0,4,16.0131,3641.92
948,1,0,5,16.3683,5510,0,0,0
947,1,0,5,16.3561,5446.09
946,1,0,5,16.3385,5361.97
945,1,0,5,16.3138,5233.92
954,1,0,5,16.3068,5197.92
2066,1,0,5,16.2774,5037.58
869,1,0,5,16.2681,4962.54
868,1,0,5,16.2478,4852.84
1259,1,0,5,16.2303,4756.13
1260,1,0,5,16.213,4668.92
1258,1,0,5,16.2015,4606.32
1806,2,0,0,14.784,615.886,0.0731667,319.131,0,1
1805,2,0,0,14.7763,573.554
1553,2,0,0,14.7521,448.776
1300,2,0,0,14.7439,408.394
1299,2,0,0,14.7416,393.696
1600,2,0,0,14.7402,380.248
1306,2,0,0,14.7261,293.88
1301,2,0,0,14.7114,216.341
2024,2,0,0,14.6952,135.019
2025,2,0,0,14.678,45.3121
1598,2,0,0,14.675,27.1093
948,2,0,0,14.67,0
1258,2,0,1,14.9772,1598.87,0.0881667,384.556,0.18,2
1260,2,0,1,14.9696,1546.54
1267,2,0,1,14.9575,1480.6
1269,2,0,1,14.9371,1381.3
1268,2,0,1,14.9334,1362
1279,2,0,1,14.9277,1320.22
1284,2,0,1,14.9122,1233.51
2069,2,0,1,14.8986,1162.91
2067,2,0,1,14.8723,1017.99
2068,2,0,1,14.8638,970.291
1806,2,0,1,14.8571,935.017
2012,2,0,2,15.2937,3187.37,0.0538333,234.805,0.36,3
887,2,0,2,15.2764,3096.65
902,2,0,2,15.2573,3001.16
914,2,0,2,15.2516,2967.38
913,2,0,2,15.238,2895.93
912,2,0,2,15.2345,2877.14
911,2,0,2,15.2177,2784.77
835,2,0,2,15.1989,2680.47
848,2,0,2,15.1979,2675.99
843,2,0,2,15.1752,2554.95
855,2,0,2,15.1477,2418.47
1856,2,0,2,15.1475,2417.75
869,2,0,2,15.1339,2347.62
868,2,0,2,15.1142,2240.49
1259,2,0,2,15.0955,2138.52
1260,2,0,2,15.0781,2051.3
1258,2,0,2,15.0654,1983.42
877,2,0,3,15.4252,3816.85,0.0345,150.479,0.13,4
870,2,0,3,15.4104,3741.31
876,2,0,3,15.4064,3721.57
875,2,0,3,15.4014,3695.35
2011,2,0,3,15.3937,3656.01
2156,2,0,3,15.389,3631.01
2013,2,0,3,15.3884,3627.85
886,2,0,3,15.3777,3574.81
885,2,0,3,15.3532,3449.77
2012,2,0,3,15.3475,3422.17
2050,2,0,4,15.6085,4734.19,0.0603333,263.156,0.11,5
2106,2,0,4,15.6015,4699.45
2039,2,0,4,15.5816,4596.18
1106,2,0,4,15.5705,4537.86
2035,2,0,4,15.5586,4473.78
1085,2,0,4,15.5446,4401.38
920,2,0,4,15.5276,4308.76
2018,2,0,4,15.5222,4281.7
2015,2,0,4,15.5144,4240.31
910,2,0,4,15.5143,4239.82
909,2,0,4,15.5049,4193.14
898,2,0,4,15.4917,4126.56
897,2,0,4,15.4821,4078.18
877,2,0,4,15.4597,3967.33
948,2,0,5,15.7949,5630.56,0,0,0
950,2,0,5,15.7807,5552.58
1791,2,0,5,15.7539,5422.08
1790,2,0,5,15.742,5361.58
1789,2,0,5,15.7291,5298.02
1788,2,0,5,15.7155,5231.98
1787,2,0,5,15.7147,5228.27
1736,2,0,5,15.702,5164.18
1794,2,0,5,15.694,5123.59
2106,2,0,5,15.6788,5044.57
2050,2,0,5,15.6688,4997.34
1806,3,0,0,13.0934,502.976,0.0543333,236.986,0,1
1805,3,0,0,13.0856,460.199
1553,3,0,0,13.0627,340.494
1300,3,0,0,13.0555,304.507
1299,3,0,0,13.0534,289.94
1557,3,0,0,13.037,198.891
2024,3,0,0,13.0214,118.316
2025,3,0,0,13.0096,51.4198
1598,3,0,0,13.0047,26.0378
948,3,0,0,13,0
1258,3,0,1,13.2884,1479.11,0.073,318.404,0.17,2
1260,3,0,1,13.2694,1384.83
1259,3,0,1,13.2555,1311.95
868,3,0,1,13.2325,1191.95
869,3,0,1,13.2142,1090.44
2066,3,0,1,13.193,980.433
1262,3,0,1,13.1818,920.36
2068,3,0,1,13.1543,774.858
1806,3,0,1,13.1478,739.961
2012,3,0,2,13.5895,2999.82,0.107667,469.61,0.35,3
887,3,0,2,13.5741,2916.99
902,3,0,2,13.5542,2818.2
914,3,0,2,13.5467,2777.38
913,3,0,2,13.5342,2711.07
912,3,0,2,13.5308,2692.58
911,3,0,2,13.5144,2602.06
835,3,0,2,13.4946,2493.08
848,3,0,2,13.4936,2488.59
843,3,0,2,13.4731,2377.25
855,3,0,2,13.4456,2240.77
1856,3,0,2,13.4455,2240.06
869,3,0,2,13.4356,2186.3
868,3,0,2,13.4171,2084.21
1259,3,0,2,13.3922,1955.7
1260,3,0,2,13.3748,1868.48
1258,3,0,2,13.3614,1797.51
877,3,0,3,13.7771,3873.33,0.0613333,267.518,0.12,4
870,3,0,3,13.7588,3783.35
876,3,0,3,13.7547,3762.85
875,3,0,3,13.75,3738.06
2011,3,0,3,13.7426,3699.8
2156,3,0,3,13.7374,3672.48
2013,3,0,3,13.7367,3669.32
886,3,0,3,13.7248,3611.15
885,3,0,3,13.7029,3497.03
2012,3,0,3,13.6972,3469.43
2050,3,0,4,13.9914,4924.48,0.0473333,206.454,0.09,5
2106,3,0,4,13.9844,4889.74
2039,3,0,4,13.9659,4792.23
1106,3,0,4,13.9556,4737.83
2035,3,0,4,13.9436,4673.24
1085,3,0,4,13.9318,4609.98
920,3,0,4,13.9138,4512.97
2018,3,0,4,13.9084,4485.91
2015,3,0,4,13.8934,4414.68
910,3,0,4,13.8933,4414.19
909,3,0,4,13.885,4372.05
898,3,0,4,13.8706,4300.67
897,3,0,4,13.8595,4245.82
877,3,0,4,13.8384,4140.84
948,3,0,5,14.1583,5737.42,0,0,0
950,3,0,5,14.1431,5655.55
1791,3,0,5,14.1196,5538.32
1790,3,0,5,14.1071,5475.71
1789,3,0,5,14.0947,5413.85
1788,3,0,5,14.0813,5348.51
1787,3,0,5,14.0805,5344.8
1736,3,0,5,14.0691,5286.11
1794,3,0,5,14.0616,5247.87
2106,3,0,5,14.0468,5170.54
2050,3,0,5,14.0387,5130.93
2012,4,0,0,13.1266,608.245,0.107667,469.61,0.35,1
887,4,0,0,13.1112,525.413
902,4,0,0,13.0913,426.624
904,4,0,0,13.0781,355.652
925,4,0,0,13.0546,227.755
2019,4,0,0,13.0492,200.489
929,4,0,0,13.0488,198.505
928,4,0,0,13.0246,75.7442
948,4,0,0,13.01,0
877,4,0,1,13.3142,1481.75,0.0613333,267.518,0.12,2
870,4,0,1,13.2959,1391.77
876,4,0,1,13.2918,1371.28
875,4,0,1,13.2871,1346.48
2011,4,0,1,13.2797,1308.23
2156,4,0,1,13.2744,1280.9
2013,4,0,1,13.2738,1277.75
886,4,0,1,13.2619,1219.57
885,4,0,1,13.24,1105.45
2012,4,0,1,13.2343,1077.85
2050,4,0,2,13.5284,2532.9,0.0473333,206.454,0.09,3
2106,4,0,2,13.5215,2498.17
2039,4,0,2,13.5029,2400.65
1106,4,0,2,13.4927,2346.25
2035,4,0,2,13.4807,2281.66
1085,4,0,2,13.4689,2218.4
920,4,0,2,13.4509,2121.4
2018,4,0,2,13.4455,2094.34
2015,4,0,2,13.4305,2023.1
910,4,0,2,13.4304,2022.62
909,4,0,2,13.4221,1980.47
898,4,0,2,13.4077,1909.09
897,4,0,2,13.3965,1854.25
877,4,0,2,13.3755,1749.27
1806,4,0,3,13.7756,3781.75,0.0543333,236.986,0,4
1805,4,0,3,13.7678,3738.97
1553,4,0,3,13.7448,3619.27
1300,4,0,3,13.7377,3583.28
1299,4,0,3,13.7356,3568.71
1557,4,0,3,13.7192,3477.66
2024,4,0,3,13.7036,3397.09
2025,4,0,3,13.6918,3330.19
949,4,0,3,13.6882,3312.36
951,4,0,3,13.6785,3261.39
2021,4,0,3,13.6593,3162.8
2022,4,0,3,13.647,3100.25
952,4,0,3,13.6359,3044.05
953,4,0,3,13.6236,2983
2023,4,0,3,13.6228,2978.89
2108,4,0,3,13.6086,2903.23
1794,4,0,3,13.6023,2870.88
2106,4,0,3,13.5884,2797.13
2050,4,0,3,13.5757,2739.36
1258,4,0,4,13.9706,4757.88,0.073,318.404,0.17,5
1260,4,0,4,13.9516,4663.6
1259,4,0,4,13.9376,4590.72
868,4,0,4,13.9147,4470.72
869,4,0,4,13.8963,4369.21
2066,4,0,4,13.8752,4259.21
1262,4,0,4,13.864,4199.13
2068,4,0,4,13.8365,4053.63
1806,4,0,4,13.8299,4018.73
948,4,0,5,14.2189,6013.4,0,0,0
947,4,0,5,14.2049,5942.23
946,4,0,5,14.1947,5888.39
945,4,0,5,14.1692,5757.34
954,4,0,5,14.1627,5723.08
2066,4,0,5,14.1279,5539.73
869,4,0,5,14.1177,5464.85
868,4,0,5,14.0967,5351.65
1259,4,0,5,14.0729,5228.07
1260,4,0,5,14.0555,5140.86
1258,4,0,5,14.0436,5076.28
2012,5,0,0,16.4971,568.338,0.056,244.255,0.33,1
887,5,0,0,16.482,486.95
902,5,0,0,16.4639,395.582
904,5,0,0,16.4494,319.104
925,5,0,0,16.4297,207.073
2019,5,0,0,16.4244,180.119
929,5,0,0,16.4239,178.135
928,5,0,0,16.4039,72.5925
948,5,0,0,16.39,0
877,5,0,1,16.6308,1207.39,0.110667,482.695,0.13,2
870,5,0,1,16.614,1123.55
876,5,0,1,16.61,1103.52
875,5,0,1,16.6055,1079.47
2011,5,0,1,16.5982,1041.67
2156,5,0,1,16.5925,1012.64
2013,5,0,1,16.5919,1009.49
886,5,0,1,16.5818,958.786
885,5,0,1,16.5588,840.193
2012,5,0,1,16.5531,812.593
948,5,0,2,16.9065,2521.48,0,0,0
928,5,0,2,16.8953,2460.42
929,5,0,2,16.8758,2357.34
2019,5,0,2,16.8754,2355.36
2157,5,0,2,16.8505,2236.81
1555,5,0,2,16.8387,2179.51
915,5,0,2,16.8311,2141.63
2016,5,0,2,16.8134,2050.75
917,5,0,2,16.8126,2046.94
2170,5,0,2,16.8077,2021.24
2017,5,0,2,16.805,2007.42
2014,5,0,2,16.8039,2002.16
2015,5,0,2,16.7958,1961.45
910,5,0,2,16.7957,1960.97
909,5,0,2,16.7864,1914.9
898,5,0,2,16.7728,1846.55
897,5,0,2,16.7628,1796.64
877,5,0,2,16.7414,1690.08
2050,5,1,0,13.3322,576.546,0.0473333,206.454,0.09,1
2108,5,1,0,13.315,488.427
2023,5,1,0,13.3004,411.022
953,5,1,0,13.2996,406.921
952,5,1,0,13.2853,337.321
2022,5,1,0,13.2737,279.095
2021,5,1,0,13.2609,214.908
1791,5,1,0,13.2517,169.582
950,5,1,0,13.2357,84.0264
948,5,1,0,13.22,0
1806,5,1,1,13.5794,1825.39,0.0543333,236.986,0,2
1805,5,1,1,13.5716,1782.61
1553,5,1,1,13.5486,1662.91
1300,5,1,1,13.5415,1626.92
1299,5,1,1,13.5394,1612.36
1557,5,1,1,13.523,1521.31
2024,5,1,1,13.5074,1440.73
2025,5,1,1,13.4956,1373.84
949,5,1,1,13.492,1356
951,5,1,1,13.4823,1305.04
2021,5,1,1,13.4631,1206.44
2022,5,1,1,13.4508,1143.89
952,5,1,1,13.4397,1087.69
953,5,1,1,13.4274,1026.64
2023,5,1,1,13.4266,1022.54
2108,5,1,1,13.4124,946.875
1794,5,1,1,13.4061,914.529
2106,5,1,1,13.3922,840.773
2050,5,1,1,13.3796,782.999
1258,5,1,2,13.7744,2801.52,0.073,318.404,0.17,3
1260,5,1,2,13.7554,2707.25
1259,5,1,2,13.7414,2634.36
868,5,1,2,13.7185,2514.36
869,5,1,2,13.7002,2412.86
2066,5,1,2,13.679,2302.85
1262,5,1,2,13.6678,2242.78
2068,5,1,2,13.6403,2097.27
1806,5,1,2,13.6337,2062.38
948,5,1,3,14.0222,4052.6,0,0,0
947,5,1,3,14.0099,3988.65
946,5,1,3,13.9992,3932.52
945,5,1,3,13.9725,3796.64
954,5,1,3,13.9658,3761.71
2066,5,1,3,13.9323,3583.81
869,5,1,3,13.9216,3508.72
868,5,1,3,13.9031,3406.63
1259,5,1,3,13.8782,3278.11
1260,5,1,3,13.8608,3190.9
1258,5,1,3,13.8474,3119.93
877,6,0,0,13.1673,812.205,0.0613333,267.518,0.12,1
870,6,0,0,13.1491,722.225
876,6,0,0,13.145,701.731
875,6,0,0,13.1403,676.935
2011,6,0,0,13.1329,638.683
2156,6,0,0,13.1276,611.357
2013,6,0,0,13.127,608.203
886,6,0,0,13.1151,550.025
888,6,0,0,13.0953,443.915
903,6,0,0,13.0815,374.032
904,6,0,0,13.0781,355.652
925,6,0,0,13.0546,227.755
2019,6,0,0,13.0492,200.489
929,6,0,0,13.0488,198.505
928,6,0,0,13.0246,75.7442
948,6,0,0,13.01,0
2050,6,0,1,13.3816,1863.36,0.0473333,206.454,0.09,2
2106,6,0,1,13.3747,1828.62
2039,6,0,1,13.3561,1731.11
1106,6,0,1,13.3459,1676.7
2035,6,0,1,13.3339,1612.12
1085,6,0,1,13.3221,1548.86
920,6,0,1,13.3041,1451.85
2018,6,0,1,13.2986,1424.79
2015,6,0,1,13.2837,1353.56
910,6,0,1,13.2836,1353.07
909,6,0,1,13.2752,1310.93
898,6,0,1,13.2609,1239.55
897,6,0,1,13.2497,1184.7
877,6,0,1,13.2287,1079.72
1806,6,0,2,13.6288,3112.2,0.0543333,236.986,0,3
1805,6,0,2,13.621,3069.43
1553,6,0,2,13.598,2949.72
1300,6,0,2,13.5909,2913.73
1299,6,0,2,13.5887,2899.17
1557,6,0,2,13.5724,2808.12
2024,6,0,2,13.5567,2727.54
2025,6,0,2,13.545,2660.65
949,6,0,2,13.5414,2642.81
951,6,0,2,13.5317,2591.85
2021,6,0,2,13.5125,2493.25
2022,6,0,2,13.5001,2430.7
952,6,0,2,13.489,2374.5
953,6,0,2,13.4768,2313.45
2023,6,0,2,13.476,2309.35
2108,6,0,2,13.4618,2233.69
1794,6,0,2,13.4555,2201.34
2106,6,0,2,13.4416,2127.58
2050,6,0,2,13.4289,2069.81
1258,6,0,3,13.8238,4088.33,0.073,318.404,0.17,4
1260,6,0,3,13.8048,3994.06
1259,6,0,3,13.7908,3921.17
868,6,0,3,13.7679,3801.17
869,6,0,3,13.7495,3699.67
2066,6,0,3,13.7284,3589.66
1262,6,0,3,13.7172,3529.59
2068,6,0,3,13.6897,3384.09
1806,6,0,3,13.6831,3349.19
948,6,0,4,14.0715,5339.41,0,0,0
947,6,0,4,14.0593,5275.46
946,6,0,4,14.0485,5219.34
945,6,0,4,14.0219,5083.45
954,6,0,4,14.0152,5048.52
2066,6,0,4,13.9817,4870.62
869,6,0,4,13.971,4795.53
868,6,0,4,13.9525,4693.44
1259,6,0,4,13.9276,4564.93
1260,6,0,4,13.9102,4477.71
1258,6,0,4,13.8968,4406.74
2012,6,1,0,16.3571,568.338,0.056,244.255,0.33,1
887,6,1,0,16.342,486.95
902,6,1,0,16.3239,395.582
904,6,1,0,16.3094,319.104
925,6,1,0,16.2897,207.073
2019,6,1,0,16.2844,180.119
929,6,1,0,16.2839,178.135
928,6,1,0,16.2639,72.5925
948,6,1,0,16.25,0
948,6,1,1,16.5285,1408.17,0,0,0
928,6,1,1,16.5173,1347.11
923,6,1,1,16.4831,1175.13
924,6,1,1,16.4749,1135.82
914,6,1,1,16.4532,1023.3
902,6,1,1,16.4465,986.526
887,6,1,1,16.4305,903.888
2012,6,1,1,16.4131,812.593
