Node, Individual, Route,Segment, Travel time, Travel cost, Attention time, Attention cost, Failure rate, Demand
1306,0,0,0,17.7121,251.704,0.0545,237.713,0.23,1
1599,0,0,0,17.6958,160.548
1300,0,0,0,17.6915,134.352
1298,0,0,0,17.6863,105.755
2176,0,0,0,17.6804,67.3148
2066,0,0,0,17.67,0
2118,0,0,1,17.8131,790.865,0.0368333,160.656,0.3,2
2117,0,0,1,17.8105,766.236
2164,0,0,1,17.7903,648.87
1306,0,0,1,17.7666,489.417
1357,0,0,2,17.9324,1377.15,0.0596667,260.248,0.16,3
1356,0,0,2,17.9316,1373.43
2076,0,0,2,17.9254,1339.7
1355,0,0,2,17.9238,1331.93
1364,0,0,2,17.9238,1331.72
1361,0,0,2,17.9174,1296.03
1354,0,0,2,17.9174,1295.84
2188,0,0,2,17.9086,1252.36
2075,0,0,2,17.8833,1126.33
1822,0,0,2,17.8825,1122.33
1353,0,0,2,17.8718,1069.52
2118,0,0,2,17.8499,951.521
1416,0,0,3,18.0886,2141.39,0.0373333,162.837,0.1,4
1415,0,0,3,18.0691,2046.98
2097,0,0,3,18.0557,1978.67
2120,0,0,3,18.0513,1947.33
1414,0,0,3,18.0405,1891.46
1350,0,0,3,18.0297,1833.83
1351,0,0,3,18.0227,1797.29
1352,0,0,3,18.0131,1746.63
1358,0,0,3,18.0044,1700.45
1357,0,0,3,17.9921,1637.4
1207,0,0,4,18.2023,2697.74,0.0611667,266.791,0.06,5
2096,0,0,4,18.1969,2669.37
1202,0,0,4,18.1677,2516.82
2063,0,0,4,18.1536,2445.11
1554,0,0,4,18.1275,2312.05
1416,0,0,4,18.126,2304.23
2066,0,0,5,18.7061,5224.63,0,0,0
1297,0,0,5,18.6712,5048.39
1299,0,0,5,18.6652,5015.03
1557,0,0,5,18.6426,4896.81
1301,0,0,5,18.6299,4832.07
1302,0,0,5,18.6047,4698.36
1307,0,0,5,18.5896,4614.73
1308,0,0,5,18.5741,4537.2
1309,0,0,5,18.5543,4437.73
1314,0,0,5,18.5538,4434.86
2165,0,0,5,18.5316,4323.24
2118,0,0,5,18.53,4315.03
1353,0,0,5,18.5063,4189.59
1822,0,0,5,18.4973,4143.93
2075,0,0,5,18.4965,4139.93
2188,0,0,5,18.4719,4016.66
1354,0,0,5,18.4625,3970.35
1355,0,0,5,18.4544,3928.9
2076,0,0,5,18.4525,3919.79
1356,0,0,5,18.4426,3870.87
1357,0,0,5,18.4419,3867.15
1358,0,0,5,18.4315,3812.59
1352,0,0,5,18.4211,3758.98
1351,0,0,5,18.4076,3691.7
1350,0,0,5,18.4004,3654.56
1414,0,0,5,18.3875,3587.78
2120,0,0,5,18.3784,3539.07
2097,0,0,5,18.3691,3491.48
1415,0,0,5,18.3554,3421.7
1416,0,0,5,18.3377,3334.89
1554,0,0,5,18.3362,3327.07
2079,0,0,5,18.3257,3277.26
2080,0,0,5,18.3056,3181.01
2081,0,0,5,18.2872,3086.63
1207,0,0,5,18.2635,2964.53
1306,1,0,0,19.4979,269.038,0.069,300.957,0.28,1
1599,1,0,0,19.4794,168.726
1300,1,0,0,19.4751,142.362
1298,1,0,0,19.4689,109.637
2176,1,0,0,19.4618,69.1869
2066,1,0,0,19.45,0
1357,1,0,1,19.706,1320.84,0.0483333,210.815,0.21,2
1356,1,0,1,19.7053,1317.12
2076,1,0,1,19.6976,1277.42
1355,1,0,1,19.6961,1269.99
1354,1,0,1,19.6895,1234.56
2188,1,0,1,19.6808,1191.46
2075,1,0,1,19.6568,1070.78
1822,1,0,1,19.656,1066.78
1353,1,0,1,19.6475,1023.08
2118,1,0,1,19.6209,885.359
2117,1,0,1,19.6184,860.73
2164,1,0,1,19.5963,737.49
1306,1,0,1,19.5669,569.995
1416,1,0,2,19.8651,2091.14,0.0525,228.989,0.09,3
1415,1,0,2,19.8482,2007.06
2097,1,0,2,19.8311,1923.5
2120,1,0,2,19.8234,1882.4
1414,1,0,2,19.812,1824.3
1350,1,0,2,19.7982,1753.72
1351,1,0,2,19.7892,1708.86
1352,1,0,2,19.773,1630.43
1358,1,0,2,19.7659,1591.19
1357,1,0,2,19.7544,1531.66
1207,1,0,3,19.9933,2720.5,0.0593333,258.794,0.06,4
2061,1,0,3,19.9857,2676.77
1206,1,0,3,19.9748,2618.12
2081,1,0,3,19.9577,2524.84
2080,1,0,3,19.9433,2447.55
2079,1,0,3,19.9284,2372.6
1554,1,0,3,19.9192,2327.96
1416,1,0,3,19.9176,2320.13
2118,1,0,4,20.2973,4238.62,0.066,287.872,0.18,5
1353,1,0,4,20.2741,4115.05
1822,1,0,4,20.2636,4063.1
2075,1,0,4,20.2628,4059.1
2188,1,0,4,20.2404,3944.9
1354,1,0,4,20.2314,3900.75
1355,1,0,4,20.2224,3855.48
2076,1,0,4,20.2206,3846.37
1356,1,0,4,20.2113,3799.92
1357,1,0,4,20.2105,3796.2
1358,1,0,4,20.1984,3734.01
1352,1,0,4,20.189,3685.06
1351,1,0,4,20.1777,3626.88
1350,1,0,4,20.1701,3588.13
1414,1,0,4,20.1554,3513.93
2120,1,0,4,20.1457,3462.55
2097,1,0,4,20.1378,3420.49
1415,1,0,4,20.1262,3359.83
1416,1,0,4,20.1122,3288.14
1554,1,0,4,20.1106,3280.32
2079,1,0,4,20.1029,3241.49
2080,1,0,4,20.0857,3157.46
2081,1,0,4,20.0712,3079.72
1207,1,0,4,20.0526,2979.29
2066,1,0,5,20.555,5501.31,0,0,0
1297,1,0,5,20.5208,5328.09
1299,1,0,5,20.5135,5289.3
1557,1,0,5,20.4894,5165.03
1301,1,0,5,20.4758,5096.36
1302,1,0,5,20.4508,4963.37
1307,1,0,5,20.4226,4824.78
1308,1,0,5,20.4096,4757.82
1309,1,0,5,20.3919,4666.67
1314,1,0,5,20.3913,4663.8
2165,1,0,5,20.365,4534.71
2118,1,0,5,20.3633,4526.5
1306,2,0,0,19.7779,269.038,0.069,300.957,0.28,1
1599,2,0,0,19.7594,168.726
1300,2,0,0,19.7551,142.362
1298,2,0,0,19.7489,109.637
2176,2,0,0,19.7417,69.1869
2066,2,0,0,19.73,0
1357,2,0,1,19.986,1320.84,0.0483333,210.815,0.21,2
1356,2,0,1,19.9853,1317.12
2076,2,0,1,19.9776,1277.42
1355,2,0,1,19.9761,1269.99
1354,2,0,1,19.9695,1234.56
2188,2,0,1,19.9608,1191.46
2075,2,0,1,19.9368,1070.78
1822,2,0,1,19.936,1066.78
1353,2,0,1,19.9275,1023.08
2118,2,0,1,19.9009,885.359
2117,2,0,1,19.8984,860.73
2164,2,0,1,19.8763,737.49
1306,2,0,1,19.8469,569.995
1416,2,0,2,20.1331,2041.18,0.078,340.212,0.06,3
1415,2,0,2,20.1177,1963.87
2097,2,0,2,20.1055,1900.42
2120,2,0,2,20.0985,1862.63
1414,2,0,2,20.088,1807.83
1350,2,0,2,20.0763,1746.28
1351,2,0,2,20.0681,1704.64
1352,2,0,2,20.0564,1645.18
1358,2,0,2,20.0473,1597.11
1357,2,0,2,20.0344,1531.66
1207,2,0,3,20.288,2777.18,0.0653333,284.964,0.07,4
2096,2,0,3,20.2836,2753.23
1202,2,0,3,20.2503,2583.3
2063,2,0,3,20.2354,2508.05
1554,2,0,3,20.2127,2389.22
1416,2,0,3,20.2111,2381.39
2118,2,0,4,20.5981,4321.48,0.066,287.872,0.18,5
1353,2,0,4,20.5748,4197.9
1822,2,0,4,20.5643,4145.95
2075,2,0,4,20.5635,4141.96
2188,2,0,4,20.5411,4027.76
1354,2,0,4,20.5322,3983.61
1355,2,0,4,20.5231,3938.34
2076,2,0,4,20.5213,3929.23
1356,2,0,4,20.512,3882.77
1357,2,0,4,20.5112,3879.05
1358,2,0,4,20.4991,3816.86
1352,2,0,4,20.4898,3767.91
1351,2,0,4,20.4784,3709.73
1350,2,0,4,20.4709,3670.98
1414,2,0,4,20.4562,3596.79
2120,2,0,4,20.4464,3545.4
2097,2,0,4,20.4385,3503.35
1415,2,0,4,20.4269,3442.68
1416,2,0,4,20.4129,3371
1554,2,0,4,20.4113,3363.17
2079,2,0,4,20.4036,3324.34
2080,2,0,4,20.3864,3240.32
2081,2,0,4,20.3719,3162.57
1207,2,0,4,20.3533,3062.14
2066,2,0,5,20.8557,5584.16,0,0,0
1297,2,0,5,20.8215,5410.94
1299,2,0,5,20.8143,5372.15
1557,2,0,5,20.7901,5247.88
1301,2,0,5,20.7765,5179.22
1302,2,0,5,20.7515,5046.22
1307,2,0,5,20.7233,4907.63
1308,2,0,5,20.7104,4840.67
1309,2,0,5,20.6926,4749.52
1314,2,0,5,20.6921,4746.65
2165,2,0,5,20.6657,4617.56
2118,2,0,5,20.6641,4609.35
1306,3,0,0,19.4979,269.038,0.069,300.957,0.28,1
1599,3,0,0,19.4794,168.726
1300,3,0,0,19.4751,142.362
1298,3,0,0,19.4689,109.637
2176,3,0,0,19.4618,69.1869
2066,3,0,0,19.45,0
1357,3,0,1,19.706,1320.84,0.0483333,210.815,0.21,2
1356,3,0,1,19.7053,1317.12
2076,3,0,1,19.6976,1277.42
1355,3,0,1,19.6961,1269.99
1354,3,0,1,19.6895,1234.56
2188,3,0,1,19.6808,1191.46
2075,3,0,1,19.6568,1070.78
1822,3,0,1,19.656,1066.78
1353,3,0,1,19.6475,1023.08
2118,3,0,1,19.6209,885.359
2117,3,0,1,19.6184,860.73
2164,3,0,1,19.5963,737.49
1306,3,0,1,19.5669,569.995
1207,3,0,2,19.9408,2491.51,0.0593333,258.794,0.06,3
2061,3,0,2,19.9332,2447.78
1206,3,0,2,19.9223,2389.13
2081,3,0,2,19.9052,2295.85
2080,3,0,2,19.8908,2218.57
2079,3,0,2,19.8759,2143.61
1554,3,0,2,19.8667,2098.97
1416,3,0,2,19.8651,2091.14
1415,3,0,2,19.8482,2007.06
2097,3,0,2,19.8311,1923.5
2120,3,0,2,19.8234,1882.4
1414,3,0,2,19.812,1824.3
1350,3,0,2,19.7982,1753.72
1351,3,0,2,19.7892,1708.86
1352,3,0,2,19.773,1630.43
1358,3,0,2,19.7659,1591.19
1357,3,0,2,19.7544,1531.66
1416,3,0,3,20.0597,3059.15,0.078,340.212,0.06,4
1554,3,0,3,20.0581,3051.33
2079,3,0,3,20.0504,3012.5
2080,3,0,3,20.0332,2928.48
2081,3,0,3,20.0187,2850.73
1207,3,0,3,20.0001,2750.3
2118,3,0,4,20.3228,4349.85,0.066,287.872,0.18,5
1353,3,0,4,20.2996,4226.27
1822,3,0,4,20.2891,4174.32
2075,3,0,4,20.2883,4170.33
2188,3,0,4,20.2659,4056.13
1354,3,0,4,20.2569,4011.98
1355,3,0,4,20.2479,3966.71
2076,3,0,4,20.2461,3957.6
1356,3,0,4,20.2368,3911.14
1357,3,0,4,20.236,3907.42
1358,3,0,4,20.2239,3845.23
1352,3,0,4,20.2145,3796.28
1351,3,0,4,20.2032,3738.1
1350,3,0,4,20.1956,3699.35
1414,3,0,4,20.1809,3625.16
2120,3,0,4,20.1712,3573.77
2097,3,0,4,20.1633,3531.72
1415,3,0,4,20.1517,3471.05
1416,3,0,4,20.1377,3399.37
2066,3,0,5,20.5805,5612.53,0,0,0
1297,3,0,5,20.5463,5439.31
1299,3,0,5,20.539,5400.52
1557,3,0,5,20.5149,5276.25
1301,3,0,5,20.5013,5207.58
1302,3,0,5,20.4763,5074.59
1307,3,0,5,20.4481,4936
1308,3,0,5,20.4351,4869.04
1309,3,0,5,20.4174,4777.89
1314,3,0,5,20.4168,4775.02
2165,3,0,5,20.3905,4645.93
2118,3,0,5,20.3888,4637.72
1357,4,0,0,19.977,1019.89,0.0483333,210.815,0.21,1
1356,4,0,0,19.9763,1016.17
2076,4,0,0,19.9686,976.466
1355,4,0,0,19.9671,969.031
1354,4,0,0,19.9605,933.6
2188,4,0,0,19.9518,890.499
2075,4,0,0,19.9278,769.823
1822,4,0,0,19.927,765.827
1353,4,0,0,19.9185,722.128
2118,4,0,0,19.8919,584.402
2117,4,0,0,19.8894,559.772
2164,4,0,0,19.8673,436.532
1306,4,0,0,19.8379,269.038
1599,4,0,0,19.8194,168.726
1300,4,0,0,19.8151,142.362
1298,4,0,0,19.8089,109.637
2176,4,0,0,19.8018,69.1869
2066,4,0,0,19.79,0
1416,4,0,1,20.1241,1740.22,0.078,340.212,0.06,2
1415,4,0,1,20.1087,1662.91
2097,4,0,1,20.0965,1599.46
2120,4,0,1,20.0895,1561.68
1414,4,0,1,20.079,1506.87
1350,4,0,1,20.0673,1445.32
1351,4,0,1,20.0591,1403.68
1352,4,0,1,20.0474,1344.22
1358,4,0,1,20.0383,1296.15
1357,4,0,1,20.0254,1230.7
1207,4,0,2,20.279,2476.22,0.0653333,284.964,0.07,3
2096,4,0,2,20.2746,2452.27
1202,4,0,2,20.2413,2282.35
2063,4,0,2,20.2264,2207.1
1554,4,0,2,20.2037,2088.26
1416,4,0,2,20.2021,2080.43
2118,4,0,3,20.5891,4020.52,0.066,287.872,0.18,4
1353,4,0,3,20.5658,3896.94
1822,4,0,3,20.5553,3845
2075,4,0,3,20.5545,3841
2188,4,0,3,20.5321,3726.8
1354,4,0,3,20.5232,3682.65
1355,4,0,3,20.5142,3637.38
2076,4,0,3,20.5123,3628.27
1356,4,0,3,20.503,3581.81
1357,4,0,3,20.5022,3578.1
1358,4,0,3,20.4901,3515.9
1352,4,0,3,20.4808,3466.95
1351,4,0,3,20.4694,3408.78
1350,4,0,3,20.4619,3370.03
1414,4,0,3,20.4472,3295.83
2120,4,0,3,20.4374,3244.44
2097,4,0,3,20.4295,3202.39
1415,4,0,3,20.4179,3141.72
1416,4,0,3,20.4039,3070.04
1554,4,0,3,20.4023,3062.21
2079,4,0,3,20.3946,3023.38
2080,4,0,3,20.3774,2939.36
2081,4,0,3,20.3629,2861.62
1207,4,0,3,20.3443,2761.19
1306,4,0,4,20.7871,4976.32,0.100667,439.078,0.25,5
1301,4,0,4,20.7675,4878.26
1302,4,0,4,20.7425,4745.27
1307,4,0,4,20.7143,4606.67
1308,4,0,4,20.7014,4539.72
1309,4,0,4,20.6836,4448.56
1314,4,0,4,20.6831,4445.69
2165,4,0,4,20.6567,4316.6
2118,4,0,4,20.6551,4308.39
2066,4,0,5,20.9474,5734.37,0,0,0
1297,4,0,5,20.9132,5561.15
1299,4,0,5,20.906,5522.36
1600,4,0,5,20.9045,5508.91
1306,4,0,5,20.8877,5415.4
1357,5,0,0,19.737,1019.89,0.0483333,210.815,0.21,1
1356,5,0,0,19.7363,1016.17
2076,5,0,0,19.7286,976.466
1355,5,0,0,19.7271,969.031
1354,5,0,0,19.7205,933.6
2188,5,0,0,19.7118,890.499
2075,5,0,0,19.6878,769.823
1822,5,0,0,19.687,765.827
1353,5,0,0,19.6785,722.128
2118,5,0,0,19.6519,584.402
2117,5,0,0,19.6494,559.772
2164,5,0,0,19.6273,436.532
1306,5,0,0,19.5979,269.038
1599,5,0,0,19.5794,168.726
1300,5,0,0,19.5751,142.362
1298,5,0,0,19.5689,109.637
2176,5,0,0,19.5617,69.1869
2066,5,0,0,19.55,0
1207,5,0,1,19.9718,2190.55,0.0593333,258.794,0.06,2
2061,5,0,1,19.9642,2146.83
1206,5,0,1,19.9532,2088.18
2081,5,0,1,19.9362,1994.9
2080,5,0,1,19.9218,1917.61
2079,5,0,1,19.9069,1842.65
1554,5,0,1,19.8977,1798.01
1416,5,0,1,19.8961,1790.19
1415,5,0,1,19.8792,1706.1
2097,5,0,1,19.8621,1622.54
2120,5,0,1,19.8544,1581.45
1414,5,0,1,19.843,1523.34
1350,5,0,1,19.8292,1452.76
1351,5,0,1,19.8202,1407.9
1352,5,0,1,19.804,1329.47
1358,5,0,1,19.7969,1290.23
1357,5,0,1,19.7854,1230.7
1416,5,0,2,20.0907,2758.2,0.078,340.212,0.06,3
1554,5,0,2,20.0891,2750.37
2079,5,0,2,20.0814,2711.54
2080,5,0,2,20.0642,2627.52
2081,5,0,2,20.0497,2549.77
1207,5,0,2,20.0311,2449.34
2118,5,0,3,20.3538,4048.89,0.066,287.872,0.18,4
1353,5,0,3,20.3306,3925.31
1822,5,0,3,20.3201,3873.37
2075,5,0,3,20.3193,3869.37
2188,5,0,3,20.2969,3755.17
1354,5,0,3,20.2879,3711.02
1355,5,0,3,20.2789,3665.75
2076,5,0,3,20.2771,3656.64
1356,5,0,3,20.2678,3610.18
1357,5,0,3,20.267,3606.46
1358,5,0,3,20.2549,3544.27
1352,5,0,3,20.2455,3495.32
1351,5,0,3,20.2342,3437.15
1350,5,0,3,20.2266,3398.4
1414,5,0,3,20.2119,3324.2
2120,5,0,3,20.2022,3272.81
2097,5,0,3,20.1943,3230.76
1415,5,0,3,20.1827,3170.09
1416,5,0,3,20.1687,3098.41
1306,5,0,4,20.5518,5004.69,0.100667,439.078,0.25,5
1301,5,0,4,20.5323,4906.63
1302,5,0,4,20.5073,4773.64
1307,5,0,4,20.4791,4635.04
1308,5,0,4,20.4661,4568.09
1309,5,0,4,20.4484,4476.93
1314,5,0,4,20.4478,4474.06
2165,5,0,4,20.4215,4344.97
2118,5,0,4,20.4198,4336.76
2066,5,0,5,20.7122,5762.74,0,0,0
1297,5,0,5,20.678,5589.52
1299,5,0,5,20.6707,5550.73
1600,5,0,5,20.6693,5537.28
1306,5,0,5,20.6525,5443.77
1357,6,0,0,19.957,1019.89,0.0483333,210.815,0.21,1
1356,6,0,0,19.9563,1016.17
2076,6,0,0,19.9486,976.466
1355,6,0,0,19.9471,969.031
1354,6,0,0,19.9405,933.6
2188,6,0,0,19.9318,890.499
2075,6,0,0,19.9078,769.823
1822,6,0,0,19.907,765.827
1353,6,0,0,19.8985,722.128
2118,6,0,0,19.8719,584.402
2117,6,0,0,19.8694,559.772
2164,6,0,0,19.8473,436.532
1306,6,0,0,19.8179,269.038
1599,6,0,0,19.7994,168.726
1300,6,0,0,19.7951,142.362
1298,6,0,0,19.7889,109.637
2176,6,0,0,19.7817,69.1869
2066,6,0,0,19.77,0
1416,6,0,1,20.1041,1740.22,0.078,340.212,0.06,2
1415,6,0,1,20.0887,1662.91
2097,6,0,1,20.0765,1599.46
2120,6,0,1,20.0695,1561.68
1414,6,0,1,20.059,1506.87
1350,6,0,1,20.0473,1445.32
1351,6,0,1,20.0391,1403.68
1352,6,0,1,20.0274,1344.22
1358,6,0,1,20.0183,1296.15
1357,6,0,1,20.0054,1230.7
1207,6,0,2,20.259,2476.22,0.0653333,284.964,0.07,3
2096,6,0,2,20.2546,2452.27
1202,6,0,2,20.2213,2282.35
2063,6,0,2,20.2064,2207.1
1554,6,0,2,20.1837,2088.26
1416,6,0,2,20.1821,2080.43
2118,6,0,3,20.5691,4020.52,0.066,287.872,0.18,4
1353,6,0,3,20.5458,3896.94
1822,6,0,3,20.5353,3845
2075,6,0,3,20.5345,3841
2188,6,0,3,20.5121,3726.8
1354,6,0,3,20.5032,3682.65
1355,6,0,3,20.4942,3637.38
2076,6,0,3,20.4923,3628.27
1356,6,0,3,20.483,3581.81
1357,6,0,3,20.4822,3578.1
1358,6,0,3,20.4701,3515.9
1352,6,0,3,20.4608,3466.95
1351,6,0,3,20.4494,3408.78
1350,6,0,3,20.4419,3370.03
1414,6,0,3,20.4272,3295.83
2120,6,0,3,20.4174,3244.44
2097,6,0,3,20.4095,3202.39
1415,6,0,3,20.3979,3141.72
1416,6,0,3,20.3839,3070.04
1554,6,0,3,20.3823,3062.21
2079,6,0,3,20.3746,3023.38
2080,6,0,3,20.3574,2939.36
2081,6,0,3,20.3429,2861.62
1207,6,0,3,20.3243,2761.19
2066,6,0,4,20.8267,5283.2,0,0,0
1297,6,0,4,20.7925,5109.99
1299,6,0,4,20.7853,5071.2
1557,6,0,4,20.7611,4946.92
1301,6,0,4,20.7475,4878.26
1302,6,0,4,20.7225,4745.27
1307,6,0,4,20.6943,4606.67
1308,6,0,4,20.6814,4539.72
1309,6,0,4,20.6636,4448.56
1314,6,0,4,20.6631,4445.69
2165,6,0,4,20.6367,4316.6
2118,6,0,4,20.6351,4308.39
1306,6,1,0,17.9521,251.704,0.0545,237.713,0.23,1
1599,6,1,0,17.9358,160.548
1300,6,1,0,17.9315,134.352
1298,6,1,0,17.9263,105.755
2176,6,1,0,17.9204,67.3148
2066,6,1,0,17.91,0
2066,6,1,1,18.0575,773.141,0,0,0
1297,6,1,1,18.0301,628.644
1299,6,1,1,18.0231,590.678
1600,6,1,1,18.0216,577.229
1306,6,1,1,18.0066,489.417
1357,7,0,0,19.707,1019.89,0.0483333,210.815,0.21,1
1356,7,0,0,19.7063,1016.17
2076,7,0,0,19.6986,976.466
1355,7,0,0,19.6971,969.031
1354,7,0,0,19.6905,933.6
2188,7,0,0,19.6818,890.499
2075,7,0,0,19.6578,769.823
1822,7,0,0,19.657,765.827
1353,7,0,0,19.6485,722.128
2118,7,0,0,19.6219,584.402
2117,7,0,0,19.6194,559.772
2164,7,0,0,19.5973,436.532
1306,7,0,0,19.5679,269.038
1599,7,0,0,19.5494,168.726
1300,7,0,0,19.5451,142.362
1298,7,0,0,19.5389,109.637
2176,7,0,0,19.5317,69.1869
2066,7,0,0,19.52,0
1207,7,0,1,19.9418,2190.55,0.0593333,258.794,0.06,2
2061,7,0,1,19.9342,2146.83
1206,7,0,1,19.9233,2088.18
2081,7,0,1,19.9062,1994.9
2080,7,0,1,19.8918,1917.61
2079,7,0,1,19.8769,1842.65
1554,7,0,1,19.8677,1798.01
1416,7,0,1,19.8661,1790.19
1415,7,0,1,19.8492,1706.1
2097,7,0,1,19.8321,1622.54
2120,7,0,1,19.8244,1581.45
1414,7,0,1,19.813,1523.34
1350,7,0,1,19.7992,1452.76
1351,7,0,1,19.7902,1407.9
1352,7,0,1,19.774,1329.47
1358,7,0,1,19.7669,1290.23
1357,7,0,1,19.7554,1230.7
1416,7,0,2,20.0607,2758.2,0.078,340.212,0.06,3
1554,7,0,2,20.0591,2750.37
2079,7,0,2,20.0514,2711.54
2080,7,0,2,20.0342,2627.52
2081,7,0,2,20.0197,2549.77
1207,7,0,2,20.0011,2449.34
2118,7,0,3,20.3238,4048.89,0.066,287.872,0.18,4
1353,7,0,3,20.3006,3925.31
1822,7,0,3,20.2901,3873.37
2075,7,0,3,20.2893,3869.37
2188,7,0,3,20.2669,3755.17
1354,7,0,3,20.2579,3711.02
1355,7,0,3,20.2489,3665.75
2076,7,0,3,20.2471,3656.64
1356,7,0,3,20.2378,3610.18
1357,7,0,3,20.237,3606.46
1358,7,0,3,20.2249,3544.27
1352,7,0,3,20.2155,3495.32
1351,7,0,3,20.2042,3437.15
1350,7,0,3,20.1966,3398.4
1414,7,0,3,20.1819,3324.2
2120,7,0,3,20.1722,3272.81
2097,7,0,3,20.1643,3230.76
1415,7,0,3,20.1527,3170.09
1416,7,0,3,20.1387,3098.41
2066,7,0,4,20.5815,5311.57,0,0,0
1297,7,0,4,20.5473,5138.35
1299,7,0,4,20.54,5099.57
1557,7,0,4,20.5159,4975.29
1301,7,0,4,20.5023,4906.63
1302,7,0,4,20.4773,4773.64
1307,7,0,4,20.4491,4635.04
1308,7,0,4,20.4361,4568.09
1309,7,0,4,20.4184,4476.93
1314,7,0,4,20.4178,4474.06
2165,7,0,4,20.3915,4344.97
2118,7,0,4,20.3898,4336.76
1306,7,1,0,17.9821,251.704,0.0545,237.713,0.23,1
1599,7,1,0,17.9658,160.548
1300,7,1,0,17.9615,134.352
1298,7,1,0,17.9563,105.755
2176,7,1,0,17.9504,67.3148
2066,7,1,0,17.94,0
2066,7,1,1,18.0875,773.141,0,0,0
1297,7,1,1,18.0601,628.644
1299,7,1,1,18.0531,590.678
1600,7,1,1,18.0516,577.229
1306,7,1,1,18.0366,489.417
1306,8,0,0,17.6821,251.704,0.0545,237.713,0.23,1
1599,8,0,0,17.6658,160.548
1300,8,0,0,17.6615,134.352
1298,8,0,0,17.6563,105.755
2176,8,0,0,17.6504,67.3148
2066,8,0,0,17.64,0
1357,8,0,1,17.8656,1216.5,0.0596667,260.248,0.16,2
1356,8,0,1,17.8648,1212.78
2076,8,0,1,17.8585,1179.04
1355,8,0,1,17.857,1171.27
1364,8,0,1,17.857,1171.06
1361,8,0,1,17.8506,1135.37
1354,8,0,1,17.8505,1135.18
2188,8,0,1,17.8418,1091.7
2075,8,0,1,17.8165,965.672
1822,8,0,1,17.8157,961.677
1353,8,0,1,17.805,908.867
2118,8,0,1,17.7831,790.865
2117,8,0,1,17.7805,766.236
2164,8,0,1,17.7603,648.87
1306,8,0,1,17.7366,489.417
1416,8,0,2,18.0218,1980.73,0.0373333,162.837,0.1,3
1415,8,0,2,18.0023,1886.33
2097,8,0,2,17.9889,1818.01
2120,8,0,2,17.9844,1786.67
1414,8,0,2,17.9737,1730.81
1350,8,0,2,17.9629,1673.18
1351,8,0,2,17.9559,1636.64
1352,8,0,2,17.9463,1585.97
1358,8,0,2,17.9376,1539.8
1357,8,0,2,17.9252,1476.74
1207,8,0,3,18.1355,2537.08,0.0611667,266.791,0.06,4
2096,8,0,3,18.1301,2508.72
1202,8,0,3,18.1009,2356.17
2063,8,0,3,18.0868,2284.46
1554,8,0,3,18.0607,2151.4
1416,8,0,3,18.0591,2143.57
2066,8,0,4,18.6393,5063.97,0,0,0
1297,8,0,4,18.6044,4887.73
1299,8,0,4,18.5984,4854.38
1557,8,0,4,18.5757,4736.16
1301,8,0,4,18.563,4671.42
1302,8,0,4,18.5379,4537.71
1307,8,0,4,18.5227,4454.08
1308,8,0,4,18.5072,4376.55
1309,8,0,4,18.4875,4277.07
1314,8,0,4,18.4869,4274.2
2165,8,0,4,18.4648,4162.58
2118,8,0,4,18.4631,4154.37
1353,8,0,4,18.4395,4028.94
1822,8,0,4,18.4305,3983.27
2075,8,0,4,18.4297,3979.28
2188,8,0,4,18.4051,3856
1354,8,0,4,18.3956,3809.69
1355,8,0,4,18.3875,3768.24
2076,8,0,4,18.3857,3759.13
1356,8,0,4,18.3758,3710.22
1357,8,0,4,18.375,3706.5
1358,8,0,4,18.3647,3651.94
1352,8,0,4,18.3543,3598.32
1351,8,0,4,18.3407,3531.05
1350,8,0,4,18.3335,3493.9
1414,8,0,4,18.3206,3427.13
2120,8,0,4,18.3115,3378.41
2097,8,0,4,18.3023,3330.82
1415,8,0,4,18.2885,3261.05
1416,8,0,4,18.2709,3174.24
1554,8,0,4,18.2693,3166.41
2079,8,0,4,18.2589,3116.6
2080,8,0,4,18.2387,3020.36
2081,8,0,4,18.2203,2925.97
1207,8,0,4,18.1966,2803.87
2118,8,1,0,20.0319,584.402,0.066,287.872,0.18,1
2117,8,1,0,20.0294,559.772
2164,8,1,0,20.0073,436.532
1306,8,1,0,19.9779,269.038
1599,8,1,0,19.9594,168.726
1300,8,1,0,19.9551,142.362
1298,8,1,0,19.9489,109.637
2176,8,1,0,19.9417,69.1869
2066,8,1,0,19.93,0
2066,8,1,1,20.2896,1847.09,0,0,0
1297,8,1,1,20.2554,1673.87
1299,8,1,1,20.2481,1635.08
1557,8,1,1,20.224,1510.8
1301,8,1,1,20.2104,1442.14
1302,8,1,1,20.1854,1309.15
1307,8,1,1,20.1572,1170.55
1308,8,1,1,20.1442,1103.6
1309,8,1,1,20.1265,1012.44
1314,8,1,1,20.1259,1009.57
2165,8,1,1,20.0996,880.484
2118,8,1,1,20.0979,872.274
2118,9,0,0,20.0919,584.402,0.066,287.872,0.18,1
2117,9,0,0,20.0894,559.772
2164,9,0,0,20.0673,436.532
1306,9,0,0,20.0379,269.038
1599,9,0,0,20.0194,168.726
1300,9,0,0,20.0151,142.362
1298,9,0,0,20.0089,109.637
2176,9,0,0,20.0017,69.1869
2066,9,0,0,19.99,0
1416,9,0,1,20.3332,1782.28,0.078,340.212,0.06,2
1415,9,0,1,20.3178,1704.97
2097,9,0,1,20.3055,1641.52
2120,9,0,1,20.2986,1603.73
1414,9,0,1,20.2881,1548.93
1350,9,0,1,20.2764,1487.38
1351,9,0,1,20.2681,1445.74
1352,9,0,1,20.2565,1386.28
1358,9,0,1,20.2473,1338.21
1357,9,0,1,20.2344,1272.76
1356,9,0,1,20.2337,1269.04
2076,9,0,1,20.2261,1229.98
1355,9,0,1,20.2248,1222.88
1364,9,0,1,20.2247,1222.67
1361,9,0,1,20.2184,1187.14
1354,9,0,1,20.2183,1186.94
2188,9,0,1,20.2101,1145.68
2075,9,0,1,20.1876,1031.11
1822,9,0,1,20.1868,1027.11
1353,9,0,1,20.1787,985.217
2118,9,0,1,20.1579,872.274
1207,9,0,2,20.4881,2518.28,0.0653333,284.964,0.07,3
2096,9,0,2,20.4837,2494.33
1202,9,0,2,20.4504,2324.4
2063,9,0,2,20.4355,2249.15
1554,9,0,2,20.4127,2130.32
1416,9,0,2,20.4112,2122.49
2066,9,0,3,20.9572,4926.29,0,0,0
1297,9,0,3,20.931,4787.07
1299,9,0,3,20.9239,4748.76
1600,9,0,3,20.9225,4735.31
1306,9,0,3,20.9069,4646.6
1301,9,0,3,20.8912,4564.42
1302,9,0,3,20.8686,4442.05
1303,9,0,3,20.8483,4338.44
1305,9,0,3,20.8368,4278.23
1304,9,0,3,20.8259,4221.55
1309,9,0,3,20.8174,4163.58
1314,9,0,3,20.8168,4160.71
2165,9,0,3,20.7998,4070.79
2118,9,0,3,20.7981,4062.58
1353,9,0,3,20.7749,3939
1822,9,0,3,20.7644,3887.05
2075,9,0,3,20.7636,3883.06
2188,9,0,3,20.7412,3768.86
1354,9,0,3,20.7322,3724.71
1355,9,0,3,20.7232,3679.44
2076,9,0,3,20.7214,3670.33
1356,9,0,3,20.7121,3623.87
1357,9,0,3,20.7113,3620.15
1358,9,0,3,20.6992,3557.96
1352,9,0,3,20.6898,3509.01
1351,9,0,3,20.6785,3450.83
1350,9,0,3,20.6709,3412.08
1414,9,0,3,20.6562,3337.89
2120,9,0,3,20.6465,3286.5
2097,9,0,3,20.6386,3244.45
1415,9,0,3,20.627,3183.78
1416,9,0,3,20.613,3112.1
1554,9,0,3,20.6114,3104.27
2079,9,0,3,20.6037,3065.44
2080,9,0,3,20.5865,2981.42
2081,9,0,3,20.572,2903.67
1207,9,0,3,20.5534,2803.24
1306,9,1,0,17.4421,251.704,0.0545,237.713,0.23,1
1599,9,1,0,17.4258,160.548
1300,9,1,0,17.4215,134.352
1298,9,1,0,17.4163,105.755
2176,9,1,0,17.4104,67.3148
2066,9,1,0,17.4,0
1357,9,1,1,17.6256,1216.5,0.0596667,260.248,0.16,2
1356,9,1,1,17.6248,1212.78
2076,9,1,1,17.6185,1179.04
1355,9,1,1,17.617,1171.27
1364,9,1,1,17.617,1171.06
1361,9,1,1,17.6106,1135.37
1354,9,1,1,17.6105,1135.18
2188,9,1,1,17.6018,1091.7
2075,9,1,1,17.5765,965.672
1822,9,1,1,17.5757,961.677
1353,9,1,1,17.565,908.867
2118,9,1,1,17.5431,790.865
2117,9,1,1,17.5405,766.236
2164,9,1,1,17.5203,648.87
1306,9,1,1,17.4966,489.417
2066,9,1,2,17.9357,2776.07,0,0,0
1297,9,1,2,17.9061,2622.16
1299,9,1,2,17.9003,2589.62
1557,9,1,2,17.8825,2492.39
1301,9,1,2,17.8705,2430.28
1302,9,1,2,17.8445,2293.25
1307,9,1,2,17.8228,2181.73
1308,9,1,2,17.8117,2122.42
1309,9,1,2,17.7938,2030.5
1314,9,1,2,17.7932,2027.63
2165,9,1,2,17.7707,1914.75
2118,9,1,2,17.7691,1906.54
1353,9,1,2,17.7465,1785.91
1822,9,1,2,17.7369,1737.5
2075,9,1,2,17.7361,1733.5
2188,9,1,2,17.7121,1612.71
1354,9,1,2,17.703,1567.71
1355,9,1,2,17.6968,1534.67
2076,9,1,2,17.695,1525.56
1356,9,1,2,17.686,1480.46
1357,9,1,2,17.6852,1476.74
1207,10,0,0,19.9435,1978.73,0.0593333,258.794,0.06,1
2096,10,0,0,19.9372,1946.68
1202,10,0,0,19.9057,1784.37
2063,10,0,0,19.8918,1713.28
1554,10,0,0,19.8652,1578.36
1416,10,0,0,19.8637,1570.53
1415,10,0,0,19.846,1483.9
2097,10,0,0,19.8301,1405.23
2120,10,0,0,19.8267,1373.36
1414,10,0,0,19.8147,1312.53
1350,10,0,0,19.8009,1241.94
1351,10,0,0,19.7919,1197.09
1352,10,0,0,19.7756,1118.65
1358,10,0,0,19.7685,1079.42
1357,10,0,0,19.757,1019.89
1356,10,0,0,19.7563,1016.17
2076,10,0,0,19.7486,976.466
1355,10,0,0,19.7471,969.031
1354,10,0,0,19.7405,933.6
2188,10,0,0,19.7318,890.499
2075,10,0,0,19.7078,769.823
1822,10,0,0,19.707,765.827
1353,10,0,0,19.6985,722.128
2118,10,0,0,19.6719,584.402
2117,10,0,0,19.6694,559.772
2164,10,0,0,19.6473,436.532
1306,10,0,0,19.6179,269.038
1599,10,0,0,19.5994,168.726
1300,10,0,0,19.5951,142.362
1298,10,0,0,19.5889,109.637
2176,10,0,0,19.5817,69.1869
2066,10,0,0,19.57,0
1416,10,0,1,20.0624,2546.38,0.078,340.212,0.06,2
1554,10,0,1,20.0608,2538.56
2079,10,0,1,20.0531,2499.73
2080,10,0,1,20.0359,2415.7
2081,10,0,1,20.0214,2337.96
1207,10,0,1,20.0028,2237.53
2118,10,0,2,20.3255,3837.08,0.066,287.872,0.18,3
1353,10,0,2,20.3023,3713.5
1822,10,0,2,20.2918,3661.55
2075,10,0,2,20.291,3657.56
2188,10,0,2,20.2686,3543.35
1354,10,0,2,20.2597,3499.2
1355,10,0,2,20.2506,3453.94
2076,10,0,2,20.2488,3444.83
1356,10,0,2,20.2395,3398.37
1357,10,0,2,20.2387,3394.65
1358,10,0,2,20.2266,3332.46
1352,10,0,2,20.2172,3283.51
1351,10,0,2,20.2059,3225.33
1350,10,0,2,20.1983,3186.58
1414,10,0,2,20.1836,3112.39
2120,10,0,2,20.1739,3061
2097,10,0,2,20.166,3018.95
1415,10,0,2,20.1544,2958.28
1416,10,0,2,20.1404,2886.59
2066,10,0,3,20.5832,5099.76,0,0,0
1297,10,0,3,20.549,4926.54
1299,10,0,3,20.5417,4887.75
1557,10,0,3,20.5176,4763.48
1301,10,0,3,20.504,4694.81
1302,10,0,3,20.479,4561.82
1307,10,0,3,20.4508,4423.23
1308,10,0,3,20.4378,4356.27
1309,10,0,3,20.4201,4265.12
1314,10,0,3,20.4195,4262.25
2165,10,0,3,20.3932,4133.16
2118,10,0,3,20.3915,4124.95
1306,10,1,0,17.7221,251.704,0.0545,237.713,0.23,1
1599,10,1,0,17.7058,160.548
1300,10,1,0,17.7015,134.352
1298,10,1,0,17.6963,105.755
2176,10,1,0,17.6904,67.3148
2066,10,1,0,17.68,0
1357,10,1,1,17.9056,1216.5,0.0596667,260.248,0.16,2
1356,10,1,1,17.9048,1212.78
2076,10,1,1,17.8985,1179.04
1355,10,1,1,17.897,1171.27
1364,10,1,1,17.897,1171.06
1361,10,1,1,17.8906,1135.37
1354,10,1,1,17.8905,1135.18
2188,10,1,1,17.8818,1091.7
2075,10,1,1,17.8565,965.672
1822,10,1,1,17.8557,961.677
1353,10,1,1,17.845,908.867
2118,10,1,1,17.8231,790.865
2117,10,1,1,17.8205,766.236
2164,10,1,1,17.8003,648.87
1306,10,1,1,17.7766,489.417
2066,10,1,2,18.2157,2776.07,0,0,0
1297,10,1,2,18.1861,2622.16
1299,10,1,2,18.1803,2589.62
1557,10,1,2,18.1625,2492.39
1301,10,1,2,18.1505,2430.28
1302,10,1,2,18.1245,2293.25
1307,10,1,2,18.1028,2181.73
1308,10,1,2,18.0917,2122.42
1309,10,1,2,18.0738,2030.5
1314,10,1,2,18.0732,2027.63
2165,10,1,2,18.0507,1914.75
2118,10,1,2,18.0491,1906.54
1353,10,1,2,18.0265,1785.91
1822,10,1,2,18.0169,1737.5
2075,10,1,2,18.0161,1733.5
2188,10,1,2,17.9921,1612.71
1354,10,1,2,17.983,1567.71
1355,10,1,2,17.9768,1534.67
2076,10,1,2,17.975,1525.56
1356,10,1,2,17.966,1480.46
1357,10,1,2,17.9653,1476.74
