Node, Individual, Route,Segment, Travel time, Travel cost, Attention time, Attention cost, Failure rate, Demand
501,0,0,0,11.7539,1433.41,0.0743333,324.22,0.22,1
502,0,0,0,11.7486,1407.87
473,0,0,0,11.739,1361.69
2141,0,0,0,11.7388,1360.71
2140,0,0,0,11.7304,1314.68
475,0,0,0,11.7275,1299.26
474,0,0,0,11.7234,1278.25
463,0,0,0,11.7086,1201.35
1990,0,0,0,11.6951,1126.94
462,0,0,0,11.6864,1072.9
461,0,0,0,11.684,1058.4
1716,0,0,0,11.6758,1015.28
451,0,0,0,11.6714,992.322
440,0,0,0,11.6554,908.617
184,0,0,0,11.6385,816.223
138,0,0,0,11.6228,730.3
133,0,0,0,11.6085,653.53
134,0,0,0,11.6009,601.574
129,0,0,0,11.5933,561.93
1718,0,0,0,11.5669,417.674
1719,0,0,0,11.5502,325.295
114,0,0,0,11.5123,120.486
1968,0,0,0,11.5053,81.9493
110,0,0,0,11.49,0
710,0,0,1,11.958,2453.47,0.0443333,193.369,0.36,2
1543,0,0,1,11.9366,2333.21
459,0,0,1,11.9263,2269.8
488,0,0,1,11.8976,2112.91
2144,0,0,1,11.8809,2022.7
486,0,0,1,11.8796,2016.25
482,0,0,1,11.872,1976.94
2142,0,0,1,11.8669,1949.91
2143,0,0,1,11.8665,1948.14
480,0,0,1,11.8661,1946.24
478,0,0,1,11.8619,1924.17
477,0,0,1,11.8538,1881.98
1750,0,0,1,11.85,1861.72
2141,0,0,1,11.8436,1831.93
473,0,0,1,11.8434,1830.73
502,0,0,1,11.8343,1786.83
501,0,0,1,11.8282,1757.63
1016,0,0,2,12.1292,3369.07,0.0438333,191.188,0.28,3
1548,0,0,2,12.1223,3333.03
1012,0,0,2,12.118,3310.61
1014,0,0,2,12.1176,3308.41
989,0,0,2,12.1071,3252.55
990,0,0,2,12.0971,3202.29
704,0,0,2,12.0857,3144.55
2179,0,0,2,12.0855,3143.68
662,0,0,2,12.0793,3114.04
602,0,0,2,12.0684,3046.34
599,0,0,2,12.0645,3024.12
605,0,0,2,12.0606,3000.37
529,0,0,2,12.0434,2900.36
726,0,0,2,12.0286,2800.27
714,0,0,2,12.0284,2798.41
1543,0,0,2,12.0242,2768.44
710,0,0,2,12.0024,2646.84
1402,0,0,3,12.4363,4918.69,0.085,370.744,0.2,4
1390,0,0,3,12.4262,4864.29
1382,0,0,3,12.403,4743.98
1362,0,0,3,12.3791,4619.7
1361,0,0,3,12.3742,4593.25
1354,0,0,3,12.3741,4593.06
1355,0,0,3,12.3678,4559.22
2076,0,0,3,12.366,4550.11
1356,0,0,3,12.3602,4518.45
1357,0,0,3,12.3594,4514.73
1349,0,0,3,12.3482,4456.01
1348,0,0,3,12.3472,4450.96
1340,0,0,3,12.3467,4448.42
1339,0,0,3,12.3407,4417.99
1329,0,0,3,12.3278,4351.43
1158,0,0,3,12.3137,4278.91
2048,0,0,3,12.2934,4171.91
1131,0,0,3,12.2882,4144.68
1130,0,0,3,12.2824,4115.75
1129,0,0,3,12.263,4024.95
1121,0,0,3,12.2437,3925.02
1095,0,0,3,12.2357,3886.22
1093,0,0,3,12.228,3845.49
1074,0,0,3,12.2214,3809.29
1077,0,0,3,12.2111,3755.24
1080,0,0,3,12.1978,3688.79
1079,0,0,3,12.1901,3650.11
1061,0,0,3,12.1859,3628.82
1063,0,0,3,12.1825,3611.01
1062,0,0,3,12.1814,3603.94
2159,0,0,3,12.1812,3603.04
1045,0,0,3,12.1805,3599.89
1043,0,0,3,12.1774,3584.03
2029,0,0,3,12.1773,3583.62
1016,0,0,3,12.1731,3560.25
410,0,0,4,12.932,7451.77,0.109667,478.333,0.09,5
1986,0,0,4,12.9064,7326.03
883,0,0,4,12.8771,7172.67
882,0,0,4,12.8654,7109.1
2155,0,0,4,12.8616,7090.37
901,0,0,4,12.8281,6915.07
902,0,0,4,12.8143,6841.86
904,0,0,4,12.7996,6764.46
925,0,0,4,12.7768,6639.44
2019,0,0,4,12.7709,6610.13
929,0,0,4,12.7705,6608.15
938,0,0,4,12.7584,6542.02
950,0,0,4,12.7424,6460.99
951,0,0,4,12.736,6427.74
949,0,0,4,12.7244,6368.45
1302,0,0,4,12.6977,6228.78
1307,0,0,4,12.6825,6145
1308,0,0,4,12.6709,6083.95
1309,0,0,4,12.6535,5993.85
1314,0,0,4,12.6529,5990.98
2165,0,0,4,12.6339,5892.71
2071,0,0,4,12.6143,5786.86
1359,0,0,4,12.5944,5679.63
1370,0,0,4,12.5934,5675.18
1360,0,0,4,12.5707,5550.16
1382,0,0,4,12.5532,5457.91
1390,0,0,4,12.5323,5347.28
1402,0,0,4,12.5213,5289.44
110,0,0,5,13.3239,9505.78,0,0,0
1968,0,0,5,13.3088,9424.98
1969,0,0,5,13.2967,9348.63
115,0,0,5,13.2942,9334.21
2113,0,0,5,13.2894,9308.14
2133,0,0,5,13.1694,8630.62
366,0,0,5,13.1657,8603.99
2134,0,0,5,13.1547,8542.45
2136,0,0,5,13.1428,8477.53
393,0,0,5,13.1137,8325.64
401,0,0,5,13.0989,8247.18
400,0,0,5,13.0728,8104.08
411,0,0,5,13.0585,8029.53
412,0,0,5,13.0564,8010.02
398,0,0,5,13.042,7931.31
410,0,0,5,13.0417,7930.1
410,1,0,0,11.7022,1462.66,0.0726667,316.95,0.06,1
398,1,0,0,11.7019,1461.45
397,1,0,0,11.6893,1392.89
390,1,0,0,11.6698,1291.33
382,1,0,0,11.6525,1199.86
376,1,0,0,11.6345,1103.09
369,1,0,0,11.615,998.232
360,1,0,0,11.5927,878.986
361,1,0,0,11.5801,809.873
128,1,0,0,11.5196,481.115
126,1,0,0,11.5123,442.296
125,1,0,0,11.506,408.059
118,1,0,0,11.4731,231.019
1968,1,0,0,11.4453,81.9493
110,1,0,0,11.43,0
710,1,0,1,11.9946,3117.52,0.0443333,193.369,0.36,2
1543,1,0,1,11.9731,2997.25
715,1,0,1,11.9683,2952.99
714,1,0,1,11.9644,2928.98
726,1,0,1,11.9642,2927.1
529,1,0,1,11.9505,2827.61
605,1,0,1,11.9357,2731
603,1,0,1,11.9306,2703.02
604,1,0,1,11.9263,2679.88
596,1,0,1,11.9262,2678.91
580,1,0,1,11.9178,2620.63
574,1,0,1,11.9005,2527.39
573,1,0,1,11.8905,2471.49
564,1,0,1,11.8828,2430.34
557,1,0,1,11.8767,2396.35
561,1,0,1,11.87,2349.83
628,1,0,1,11.8655,2324.18
609,1,0,1,11.8528,2247.52
423,1,0,1,11.8469,2191.2
419,1,0,1,11.8422,2156.76
418,1,0,1,11.8269,2071.84
2139,1,0,1,11.823,2050.41
2138,1,0,1,11.8046,1948.97
411,1,0,1,11.791,1874.15
412,1,0,1,11.7885,1855.14
398,1,0,1,11.7751,1780.81
410,1,0,1,11.7748,1779.61
1402,1,0,2,12.4187,5338.74,0.085,370.744,0.2,3
1390,1,0,2,12.4086,5284.34
1382,1,0,2,12.3861,5167.23
1362,1,0,2,12.3668,5062.4
1361,1,0,2,12.3623,5037.88
1354,1,0,2,12.3623,5037.69
1355,1,0,2,12.3568,5007.65
2076,1,0,2,12.355,4998.54
1356,1,0,2,12.3462,4954.1
1357,1,0,2,12.3454,4950.38
1349,1,0,2,12.3321,4882.98
1348,1,0,2,12.3313,4878.64
1340,1,0,2,12.3308,4876.09
1339,1,0,2,12.3246,4844.97
1329,1,0,2,12.3122,4780.37
1158,1,0,2,12.2949,4694.54
2048,1,0,2,12.2746,4587.66
1131,1,0,2,12.2694,4560.43
1130,1,0,2,12.2636,4531.5
1129,1,0,2,12.2443,4440.71
1121,1,0,2,12.225,4340.78
1095,1,0,2,12.2169,4301.97
1093,1,0,2,12.2092,4261.25
1074,1,0,2,12.2026,4225.05
1077,1,0,2,12.1923,4170.99
1080,1,0,2,12.179,4104.54
1079,1,0,2,12.1714,4065.86
1061,1,0,2,12.1671,4044.57
1063,1,0,2,12.1637,4026.76
1062,1,0,2,12.1626,4019.69
2159,1,0,2,12.1625,4018.79
1045,1,0,2,12.1618,4015.64
1012,1,0,2,12.1545,3974.66
1014,1,0,2,12.1541,3972.45
989,1,0,2,12.1436,3916.59
990,1,0,2,12.1336,3866.33
704,1,0,2,12.1223,3808.59
2179,1,0,2,12.1221,3807.73
662,1,0,2,12.1159,3778.08
602,1,0,2,12.1049,3710.39
599,1,0,2,12.101,3688.16
605,1,0,2,12.0972,3664.41
529,1,0,2,12.0799,3564.4
726,1,0,2,12.0652,3464.31
714,1,0,2,12.065,3462.45
1543,1,0,2,12.0607,3432.49
710,1,0,2,12.0389,3310.88
1016,1,0,3,12.7691,7087.39,0.0438333,191.188,0.28,4
2029,1,0,3,12.7626,7054.38
1043,1,0,3,12.7625,7053.96
2158,1,0,3,12.7534,7009.82
2030,1,0,3,12.7494,6989.98
1041,1,0,3,12.7447,6964.99
1059,1,0,3,12.7365,6923.15
1058,1,0,3,12.7313,6897.09
1056,1,0,3,12.7249,6862.66
1072,1,0,3,12.7073,6771.76
1071,1,0,3,12.6991,6729.65
1090,1,0,3,12.6909,6685.01
1089,1,0,3,12.6842,6649.15
1119,1,0,3,12.6771,6609.92
1118,1,0,3,12.6703,6573.72
2044,1,0,3,12.6542,6490.47
2169,1,0,3,12.6477,6455.59
2171,1,0,3,12.6435,6433.46
2046,1,0,3,12.6373,6402.23
1778,1,0,3,12.6119,6273.72
1327,1,0,3,12.6006,6212.94
1343,1,0,3,12.6,6210.21
1355,1,0,3,12.5753,6079.39
1364,1,0,3,12.5752,6079.18
1362,1,0,3,12.565,6025.55
1382,1,0,3,12.5356,5877.96
1390,1,0,3,12.5147,5767.32
1402,1,0,3,12.5037,5709.48
501,1,0,4,13.0036,8204.08,0.0531667,231.897,0.2,5
1747,1,0,4,12.9969,8171.47
1746,1,0,4,12.9677,8026.97
1745,1,0,4,12.9568,7972.91
1844,1,0,4,12.9362,7872.68
575,1,0,4,12.9335,7856.62
571,1,0,4,12.9297,7836.65
570,1,0,4,12.9251,7814.32
569,1,0,4,12.9194,7786.73
640,1,0,4,12.9141,7759.71
649,1,0,4,12.9076,7728.37
646,1,0,4,12.9012,7697.49
691,1,0,4,12.8934,7660.73
689,1,0,4,12.8696,7549.84
979,1,0,4,12.8599,7505.8
980,1,0,4,12.8547,7479.73
978,1,0,4,12.8511,7461.24
1010,1,0,4,12.8354,7381.09
1016,1,0,4,12.8129,7278.58
110,1,0,5,13.3289,9896.75,0,0,0
1968,1,0,5,13.3139,9815.95
114,1,0,5,13.308,9780.76
1719,1,0,5,13.2727,9587.5
1718,1,0,5,13.2547,9488.96
129,1,0,5,13.2307,9355.21
134,1,0,5,13.2258,9326.7
133,1,0,5,13.2138,9261.86
138,1,0,5,13.1929,9157.28
184,1,0,5,13.1761,9066.89
440,1,0,5,13.1536,8950.51
451,1,0,5,13.1372,8865.09
1716,1,0,5,13.1348,8848.67
462,1,0,5,13.1276,8809.85
1990,1,0,5,13.1198,8756.81
463,1,0,5,13.1026,8666.78
474,1,0,5,13.0888,8593.78
2140,1,0,5,13.0806,8555.95
2141,1,0,5,13.0724,8510.97
473,1,0,5,13.0722,8510.21
502,1,0,5,13.0632,8466.31
501,1,0,5,13.0568,8435.98
410,2,0,0,11.7022,1462.66,0.0726667,316.95,0.06,1
398,2,0,0,11.7019,1461.45
397,2,0,0,11.6893,1392.89
390,2,0,0,11.6698,1291.33
382,2,0,0,11.6525,1199.86
376,2,0,0,11.6345,1103.09
369,2,0,0,11.615,998.232
360,2,0,0,11.5927,878.986
361,2,0,0,11.5801,809.873
128,2,0,0,11.5196,481.115
126,2,0,0,11.5123,442.296
125,2,0,0,11.506,408.059
118,2,0,0,11.4731,231.019
1968,2,0,0,11.4453,81.9493
110,2,0,0,11.43,0
710,2,0,1,11.9946,3117.52,0.0443333,193.369,0.36,2
1543,2,0,1,11.9731,2997.25
715,2,0,1,11.9683,2952.99
714,2,0,1,11.9644,2928.98
726,2,0,1,11.9642,2927.1
529,2,0,1,11.9505,2827.61
605,2,0,1,11.9357,2731
603,2,0,1,11.9306,2703.02
604,2,0,1,11.9263,2679.88
596,2,0,1,11.9262,2678.91
580,2,0,1,11.9178,2620.63
574,2,0,1,11.9005,2527.39
573,2,0,1,11.8905,2471.49
564,2,0,1,11.8828,2430.34
557,2,0,1,11.8767,2396.35
561,2,0,1,11.87,2349.83
628,2,0,1,11.8655,2324.18
609,2,0,1,11.8528,2247.52
423,2,0,1,11.8469,2191.2
419,2,0,1,11.8422,2156.76
418,2,0,1,11.8269,2071.84
2139,2,0,1,11.823,2050.41
2138,2,0,1,11.8046,1948.97
411,2,0,1,11.791,1874.15
412,2,0,1,11.7885,1855.14
398,2,0,1,11.7751,1780.81
410,2,0,1,11.7748,1779.61
501,2,0,2,12.1653,4004.15,0.102667,447.801,0.22,3
1747,2,0,2,12.1585,3971.54
505,2,0,2,12.1534,3945.32
506,2,0,2,12.1359,3864.64
507,2,0,2,12.1286,3829.61
510,2,0,2,12.1178,3778.53
509,2,0,2,12.1126,3753.11
508,2,0,2,12.1077,3726.5
512,2,0,2,12.0999,3687.28
511,2,0,2,12.0961,3668.12
2145,2,0,2,12.0954,3664.9
2146,2,0,2,12.0838,3600.57
529,2,0,2,12.0799,3564.4
726,2,0,2,12.0652,3464.31
714,2,0,2,12.065,3462.45
1543,2,0,2,12.0607,3432.49
710,2,0,2,12.0389,3310.88
1402,2,0,3,12.6748,6528.05,0.085,370.744,0.2,4
1390,2,0,3,12.6647,6473.65
1382,2,0,3,12.6422,6356.54
1362,2,0,3,12.6229,6251.71
1361,2,0,3,12.6184,6227.19
1354,2,0,3,12.6183,6227
1355,2,0,3,12.6129,6196.96
2076,2,0,3,12.6111,6187.84
1356,2,0,3,12.6023,6143.41
1357,2,0,3,12.6015,6139.69
1349,2,0,3,12.5882,6072.29
1348,2,0,3,12.5874,6067.95
1340,2,0,3,12.5869,6065.4
1339,2,0,3,12.5807,6034.28
1329,2,0,3,12.5683,5969.68
1158,2,0,3,12.551,5883.85
2048,2,0,3,12.5308,5777.27
1131,2,0,3,12.5253,5748.9
1130,2,0,3,12.5195,5719.97
1129,2,0,3,12.5007,5631.33
1121,2,0,3,12.4814,5531.4
1095,2,0,3,12.4733,5492.59
1093,2,0,3,12.4656,5451.87
1074,2,0,3,12.4591,5415.67
1073,2,0,3,12.4473,5356.8
1057,2,0,3,12.4291,5264.11
1042,2,0,3,12.4238,5237.73
2030,2,0,3,12.4168,5200.7
1011,2,0,3,12.4167,5199.85
1547,2,0,3,12.4024,5129.73
1546,2,0,3,12.3973,5104.04
975,2,0,3,12.3941,5086.89
2026,2,0,3,12.388,5054.16
2027,2,0,3,12.3804,5018.35
1998,2,0,3,12.3704,4967.25
1997,2,0,3,12.3622,4925.17
1996,2,0,3,12.3559,4895.54
1995,2,0,3,12.3493,4863.46
1993,2,0,3,12.3442,4836.65
1994,2,0,3,12.34,4815.17
572,2,0,3,12.3329,4776.05
541,2,0,3,12.324,4729.48
540,2,0,3,12.3133,4674.57
1754,2,0,3,12.3047,4630.38
518,2,0,3,12.2961,4587.43
500,2,0,3,12.2905,4559
501,2,0,3,12.2679,4451.95
1016,2,0,4,13.0252,8276.7,0.0561667,244.982,0.25,5
2029,2,0,4,13.0186,8243.69
1043,2,0,4,13.0186,8243.27
2158,2,0,4,13.0095,8199.12
2030,2,0,4,13.0055,8179.29
1041,2,0,4,13.0008,8154.3
1059,2,0,4,12.9926,8112.46
1058,2,0,4,12.9874,8086.4
1056,2,0,4,12.981,8051.96
1072,2,0,4,12.9634,7961.06
1071,2,0,4,12.9552,7918.96
1090,2,0,4,12.9469,7874.32
1089,2,0,4,12.9403,7838.46
1119,2,0,4,12.9332,7799.23
1118,2,0,4,12.9264,7763.03
2044,2,0,4,12.9103,7679.78
2169,2,0,4,12.9038,7644.9
2171,2,0,4,12.8996,7622.76
2046,2,0,4,12.8934,7591.54
1778,2,0,4,12.868,7463.03
1327,2,0,4,12.8567,7402.25
1343,2,0,4,12.8561,7399.52
1355,2,0,4,12.8314,7268.7
1364,2,0,4,12.8313,7268.49
1362,2,0,4,12.8211,7214.86
1382,2,0,4,12.7917,7067.27
1390,2,0,4,12.7707,6956.63
1402,2,0,4,12.7598,6898.79
110,2,0,5,13.5032,10718,0,0,0
1968,2,0,5,13.4881,10637.2
114,2,0,5,13.4823,10602
1719,2,0,5,13.4467,10407.2
1718,2,0,5,13.4284,10307.8
129,2,0,5,13.4041,10172.7
134,2,0,5,13.3968,10134.3
133,2,0,5,13.3841,10066.7
138,2,0,5,13.3633,9962.14
184,2,0,5,13.3456,9867.87
440,2,0,5,13.3246,9758.01
451,2,0,5,13.3082,9672.59
1716,2,0,5,13.3058,9656.17
462,2,0,5,13.2986,9617.35
1990,2,0,5,13.2908,9564.31
463,2,0,5,13.2736,9474.27
474,2,0,5,13.2598,9401.28
2140,2,0,5,13.2516,9363.45
475,2,0,5,13.2449,9332.18
499,2,0,5,13.2371,9292.59
500,2,0,5,13.2325,9269.18
518,2,0,5,13.227,9241
1754,2,0,5,13.2138,9179.14
540,2,0,5,13.2052,9135.24
541,2,0,5,13.1945,9080.09
572,2,0,5,13.1858,9034.33
1994,2,0,5,13.1761,8984.05
1993,2,0,5,13.1718,8962.57
1995,2,0,5,13.165,8928.2
1996,2,0,5,13.1589,8898.26
1997,2,0,5,13.155,8878.36
2027,2,0,5,13.1301,8757.58
2026,2,0,5,13.1243,8729.1
978,2,0,5,13.1153,8687.1
1010,2,0,5,13.1015,8614.98
1016,2,0,5,13.0814,8521.68
710,3,0,0,13.5525,1706.65,0.0466667,203.546,0.45,1
1543,3,0,0,13.5294,1579.59
459,3,0,0,13.5202,1517.38
458,3,0,0,13.5127,1471.15
456,3,0,0,13.5034,1410.12
457,3,0,0,13.4975,1377.61
454,3,0,0,13.4898,1323.63
455,3,0,0,13.4872,1308.67
453,3,0,0,13.4785,1243.21
446,3,0,0,13.4702,1195.77
442,3,0,0,13.4585,1137.28
1857,3,0,0,13.4497,1091.26
441,3,0,0,13.4436,1062.09
185,3,0,0,13.4326,1004.16
177,3,0,0,13.4203,938.786
184,3,0,0,13.4003,829.279
138,3,0,0,13.3836,739.414
133,3,0,0,13.3697,664.29
134,3,0,0,13.3621,612.333
129,3,0,0,13.355,574.749
1718,3,0,0,13.3291,432.78
1720,3,0,0,13.322,394.625
1719,3,0,0,13.3093,321.152
114,3,0,0,13.2716,117.424
1968,3,0,0,13.2648,79.7523
110,3,0,0,13.25,0
1402,3,0,1,14.0003,4027.57,0.0816667,356.205,0.16,2
1390,3,0,1,13.9911,3977.52
1382,3,0,1,13.9609,3827.77
1362,3,0,1,13.9382,3708.77
1361,3,0,1,13.9332,3681.77
1354,3,0,1,13.9331,3681.58
1355,3,0,1,13.9206,3621.92
2076,3,0,1,13.9188,3612.81
1356,3,0,1,13.9104,3570.09
1357,3,0,1,13.9096,3566.38
1349,3,0,1,13.8961,3498.2
1348,3,0,1,13.8955,3494.87
1340,3,0,1,13.895,3492.33
1339,3,0,1,13.8897,3464.61
1329,3,0,1,13.8787,3406.27
1158,3,0,1,13.8637,3329.94
2048,3,0,1,13.8436,3223.82
1151,3,0,1,13.8338,3171.97
1134,3,0,1,13.828,3141.99
1133,3,0,1,13.823,3115.82
1122,3,0,1,13.8116,3058.27
1096,3,0,1,13.786,2931.66
1099,3,0,1,13.7812,2907
1098,3,0,1,13.7739,2870.34
1101,3,0,1,13.7545,2772.1
1082,3,0,1,13.7461,2730.13
1079,3,0,1,13.737,2683.11
1061,3,0,1,13.7327,2661.83
1063,3,0,1,13.7295,2644.99
1062,3,0,1,13.7285,2637.95
2159,3,0,1,13.7283,2636.96
1045,3,0,1,13.7276,2633.81
1012,3,0,1,13.7204,2592.83
2028,3,0,1,13.7123,2547.36
989,3,0,1,13.7089,2531.63
990,3,0,1,13.6988,2481.36
991,3,0,1,13.6963,2469.01
706,3,0,1,13.6892,2429.55
704,3,0,1,13.6866,2416.78
2179,3,0,1,13.6864,2415.92
662,3,0,1,13.6802,2386.27
602,3,0,1,13.669,2318.13
599,3,0,1,13.6645,2293.43
605,3,0,1,13.6593,2265.31
529,3,0,1,13.6428,2166.41
726,3,0,1,13.6266,2064.88
714,3,0,1,13.6264,2063
1543,3,0,1,13.6206,2030.56
710,3,0,1,13.5991,1910.19
1016,3,0,2,14.34,5736.79,0.0881667,384.556,0.22,3
2029,3,0,2,14.3356,5713.04
1043,3,0,2,14.3356,5712.63
2158,3,0,2,14.3287,5677.85
2030,3,0,2,14.3248,5658.01
1041,3,0,2,14.3196,5631.43
1059,3,0,2,14.3108,5586.59
1058,3,0,2,14.3058,5561.34
1075,3,0,2,14.2882,5471.27
1072,3,0,2,14.2782,5419.83
1071,3,0,2,14.268,5369.35
1090,3,0,2,14.262,5332.13
1089,3,0,2,14.2559,5298.81
1119,3,0,2,14.2473,5252.92
1118,3,0,2,14.2411,5219.33
2044,3,0,2,14.2259,5139.77
2169,3,0,2,14.2179,5098.75
2171,3,0,2,14.2132,5074.6
1549,3,0,2,14.2054,5034.45
1147,3,0,2,14.198,4996.06
1327,3,0,2,14.1696,4848.09
1343,3,0,2,14.169,4845.36
1355,3,0,2,14.1422,4705.94
1364,3,0,2,14.1422,4705.73
1362,3,0,2,14.1324,4653.75
1382,3,0,2,14.1123,4545.92
1390,3,0,2,14.0908,4432.75
1402,3,0,2,14.0819,4383.78
501,3,0,3,14.6177,7043.04,0.107,466.702,0.18,4
1747,3,0,3,14.608,6998.73
1746,3,0,3,14.5801,6859.39
1745,3,0,3,14.567,6796.1
1844,3,0,3,14.5491,6706.86
575,3,0,3,14.5467,6691.35
571,3,0,3,14.5438,6675.23
570,3,0,3,14.539,6651.95
569,3,0,3,14.5338,6626.63
640,3,0,3,14.5257,6587.72
649,3,0,3,14.5164,6545.19
646,3,0,3,14.5086,6508.67
691,3,0,3,14.5027,6479.77
689,3,0,3,14.4806,6375.77
979,3,0,3,14.4721,6336.17
980,3,0,3,14.4662,6307.77
978,3,0,3,14.4627,6289.58
1010,3,0,3,14.4479,6212.81
1016,3,0,3,14.4282,6121.35
110,3,0,4,14.9984,8998.94,0,0,0
111,3,0,4,14.996,8983.06
1968,3,0,4,14.9866,8918.38
114,3,0,4,14.981,8883.65
1719,3,0,4,14.9431,8678.61
1720,3,0,4,14.928,8596.14
1718,3,0,4,14.9222,8563.59
129,3,0,4,14.897,8424.52
134,3,0,4,14.891,8391.56
133,3,0,4,14.8786,8325.03
138,3,0,4,14.8577,8220.45
184,3,0,4,14.8414,8131.91
440,3,0,4,14.8256,8044.29
451,3,0,4,14.809,7958.09
1716,3,0,4,14.8066,7941.67
462,3,0,4,14.7975,7894.59
1990,3,0,4,14.7904,7841.9
463,3,0,4,14.7717,7745.38
474,3,0,4,14.7564,7666.14
2140,3,0,4,14.7473,7624.8
2141,3,0,4,14.7395,7581.6
473,3,0,4,14.7392,7580.32
502,3,0,4,14.7302,7536.42
501,3,0,4,14.7247,7509.74
410,3,1,0,11.6922,1462.66,0.0726667,316.95,0.06,1
398,3,1,0,11.6919,1461.45
397,3,1,0,11.6793,1392.89
390,3,1,0,11.6598,1291.33
382,3,1,0,11.6425,1199.86
376,3,1,0,11.6245,1103.09
369,3,1,0,11.605,998.232
360,3,1,0,11.5827,878.986
361,3,1,0,11.5701,809.873
128,3,1,0,11.5096,481.115
126,3,1,0,11.5023,442.296
125,3,1,0,11.496,408.059
118,3,1,0,11.4631,231.019
1968,3,1,0,11.4353,81.9493
110,3,1,0,11.42,0
110,3,1,1,12.0497,3360.63,0,0,0
1968,3,1,1,12.0346,3279.59
1969,3,1,1,12.0223,3203.08
115,3,1,1,12.0198,3188.51
2113,3,1,1,12.015,3162.69
2133,3,1,1,11.8941,2480.93
366,3,1,1,11.8904,2454.3
2134,3,1,1,11.8788,2390.2
2136,3,1,1,11.8663,2322.55
393,3,1,1,11.8336,2155.53
392,3,1,1,11.8156,2054.99
400,3,1,1,11.7953,1948.22
411,3,1,1,11.781,1874.15
412,3,1,1,11.7785,1855.14
398,3,1,1,11.7651,1780.81
410,3,1,1,11.7648,1779.61
410,4,0,0,13.3943,1471.19,0.074,322.766,0.11,1
398,4,0,0,13.394,1469.98
397,4,0,0,13.3832,1408.71
390,4,0,0,13.3633,1305.9
382,4,0,0,13.3469,1218.33
376,4,0,0,13.3299,1125.74
369,4,0,0,13.3101,1019.33
360,4,0,0,13.2891,906.015
361,4,0,0,13.2746,828.632
128,4,0,0,13.2195,523.193
126,4,0,0,13.211,479.066
125,4,0,0,13.2018,432.83
118,4,0,0,13.167,247.521
1968,4,0,0,13.1348,79.7523
110,4,0,0,13.12,0
1016,4,0,1,13.6827,2978.6,0.0561667,244.982,0.25,2
1010,4,0,1,13.6736,2930.95
2026,4,0,1,13.6462,2797.16
2027,4,0,1,13.6411,2771.32
1998,4,0,1,13.6307,2718.62
1997,4,0,1,13.6221,2675.01
1996,4,0,1,13.6162,2646.71
1995,4,0,1,13.608,2608.39
1993,4,0,1,13.5989,2564.72
1994,4,0,1,13.5946,2543.23
562,4,0,1,13.5851,2494.18
563,4,0,1,13.5814,2475.26
564,4,0,1,13.5757,2444.42
557,4,0,1,13.5698,2411.34
561,4,0,1,13.5631,2364.8
628,4,0,1,13.5588,2339.43
609,4,0,1,13.5466,2263.63
423,4,0,1,13.5407,2207.31
419,4,0,1,13.5354,2172.47
418,4,0,1,13.5171,2074.91
2139,4,0,1,13.5138,2055.44
2138,4,0,1,13.4974,1962.7
411,4,0,1,13.4851,1893.38
412,4,0,1,13.483,1873.87
398,4,0,1,13.4686,1795.16
410,4,0,1,13.4683,1793.95
1402,4,0,2,14.0035,4590.97,0.0816667,356.205,0.16,3
1390,4,0,2,13.9944,4540.91
1382,4,0,2,13.9689,4410.86
1362,4,0,2,13.9483,4300.86
1361,4,0,2,13.9441,4277.69
1354,4,0,2,13.9441,4277.5
1355,4,0,2,13.9376,4243
2076,4,0,2,13.9358,4233.89
1356,4,0,2,13.9282,4194.54
1357,4,0,2,13.9274,4190.82
1349,4,0,2,13.9147,4125.87
1348,4,0,2,13.9141,4122.44
1340,4,0,2,13.9136,4119.9
1339,4,0,2,13.908,4091.16
1330,4,0,2,13.8873,3982.42
1161,4,0,2,13.8779,3934.51
1162,4,0,2,13.8679,3881.51
1136,4,0,2,13.8492,3783.31
1138,4,0,2,13.8425,3748.95
1137,4,0,2,13.8366,3717.85
1123,4,0,2,13.8229,3651.7
1775,4,0,2,13.8143,3607.71
1102,4,0,2,13.7986,3528.52
1100,4,0,2,13.7844,3459.13
1101,4,0,2,13.7734,3402.48
1082,4,0,2,13.765,3360.52
1079,4,0,2,13.7559,3313.5
1061,4,0,2,13.7516,3292.21
1063,4,0,2,13.7484,3275.37
1062,4,0,2,13.7474,3268.33
2159,4,0,2,13.7472,3267.35
1045,4,0,2,13.7465,3264.2
1043,4,0,2,13.7432,3247.52
2029,4,0,2,13.7431,3247.1
1016,4,0,2,13.7388,3223.58
501,4,0,3,14.5055,7106.11,0.107,466.702,0.18,4
1747,4,0,3,14.4995,7076.89
1746,4,0,3,14.4709,6934.48
540,4,0,3,14.4539,6848.54
541,4,0,3,14.4414,6786.03
572,4,0,3,14.4309,6732.79
567,4,0,3,14.4208,6679.38
565,4,0,3,14.4186,6665.89
562,4,0,3,14.4119,6631.38
639,4,0,3,14.4085,6613.94
638,4,0,3,14.4028,6584.27
637,4,0,3,14.3978,6559.24
685,4,0,3,14.3868,6505.46
687,4,0,3,14.3816,6479.43
971,4,0,3,14.3669,6410.53
972,4,0,3,14.3596,6374.32
973,4,0,3,14.3449,6305.19
1008,4,0,3,14.3352,6257.09
1009,4,0,3,14.323,6195.51
1041,4,0,3,14.3229,6194.82
1059,4,0,3,14.314,6149.99
1058,4,0,3,14.309,6124.74
1075,4,0,3,14.2915,6034.67
1072,4,0,3,14.2815,5983.22
1071,4,0,3,14.2713,5932.75
1090,4,0,3,14.2652,5895.53
1089,4,0,3,14.2591,5862.2
1119,4,0,3,14.2505,5816.31
1118,4,0,3,14.2443,5782.73
2044,4,0,3,14.2291,5703.16
2169,4,0,3,14.2211,5662.14
2171,4,0,3,14.2164,5637.99
1549,4,0,3,14.2087,5597.84
1147,4,0,3,14.2012,5559.46
1327,4,0,3,14.1728,5411.48
1343,4,0,3,14.1722,5408.75
1355,4,0,3,14.1455,5269.33
1364,4,0,3,14.1454,5269.12
1362,4,0,3,14.1356,5217.14
1382,4,0,3,14.1156,5109.31
1390,4,0,3,14.0941,4996.14
1402,4,0,3,14.0852,4947.17
110,4,0,4,14.8862,9062.01,0,0,0
111,4,0,4,14.8838,9046.13
1968,4,0,4,14.8744,8981.46
114,4,0,4,14.8688,8946.72
1719,4,0,4,14.8308,8741.69
1720,4,0,4,14.8158,8659.22
1718,4,0,4,14.81,8626.67
129,4,0,4,14.7848,8487.6
134,4,0,4,14.7788,8454.63
133,4,0,4,14.7664,8388.1
138,4,0,4,14.7455,8283.52
184,4,0,4,14.7292,8194.98
440,4,0,4,14.7133,8107.36
451,4,0,4,14.6968,8021.16
1716,4,0,4,14.6944,8004.74
462,4,0,4,14.6852,7957.67
1990,4,0,4,14.6782,7904.97
463,4,0,4,14.6595,7808.45
474,4,0,4,14.6441,7729.21
2140,4,0,4,14.6351,7687.88
2141,4,0,4,14.6273,7644.68
473,4,0,4,14.627,7643.39
502,4,0,4,14.618,7599.49
501,4,0,4,14.6125,7572.81
710,4,1,0,11.3084,1682.36,0.0443333,193.369,0.36,1
1543,4,1,0,11.2833,1546.36
459,4,1,0,11.2734,1483.42
458,4,1,0,11.2664,1437.75
456,4,1,0,11.2572,1376.86
457,4,1,0,11.2518,1346.64
454,4,1,0,11.2442,1292.68
455,4,1,0,11.2418,1278.37
453,4,1,0,11.2326,1212.8
446,4,1,0,11.224,1164.09
442,4,1,0,11.2158,1120.37
1857,4,1,0,11.2074,1076.3
441,4,1,0,11.2025,1051.98
185,4,1,0,11.1915,993.794
177,4,1,0,11.1789,927.553
184,4,1,0,11.1585,816.223
138,4,1,0,11.1428,730.3
133,4,1,0,11.1285,653.53
134,4,1,0,11.1209,601.574
129,4,1,0,11.1133,561.93
1718,4,1,0,11.0869,417.674
1719,4,1,0,11.0702,325.295
114,4,1,0,11.0323,120.486
1968,4,1,0,11.0253,81.9493
110,4,1,0,11.01,0
110,4,1,1,11.6592,3629.63,0,0,0
1968,4,1,1,11.6441,3548.6
114,4,1,1,11.6389,3514.27
1719,4,1,1,11.5959,3287.66
1718,4,1,1,11.5805,3200.61
129,4,1,1,11.556,3064.75
134,4,1,1,11.5496,3030.36
133,4,1,1,11.5368,2962.15
138,4,1,1,11.516,2857.57
184,4,1,1,11.4967,2756.61
440,4,1,1,11.4801,2665.42
451,4,1,1,11.4613,2569.71
1716,4,1,1,11.4589,2553.28
462,4,1,1,11.4485,2500.86
1990,4,1,1,11.4406,2447.83
452,4,1,1,11.4356,2415.39
453,4,1,1,11.4243,2328.21
455,4,1,1,11.4119,2258.28
454,4,1,1,11.409,2242.66
457,4,1,1,11.4023,2188.7
456,4,1,1,11.3972,2159.26
458,4,1,1,11.3877,2098.11
459,4,1,1,11.3818,2053.01
1543,4,1,1,11.3725,1990.78
710,4,1,1,11.3528,1875.73
410,5,0,0,13.3943,1471.19,0.074,322.766,0.11,1
398,5,0,0,13.394,1469.98
397,5,0,0,13.3832,1408.71
390,5,0,0,13.3633,1305.9
382,5,0,0,13.3469,1218.33
376,5,0,0,13.3299,1125.74
369,5,0,0,13.3101,1019.33
360,5,0,0,13.2891,906.015
361,5,0,0,13.2746,828.632
128,5,0,0,13.2195,523.193
126,5,0,0,13.211,479.066
125,5,0,0,13.2018,432.83
118,5,0,0,13.167,247.521
1968,5,0,0,13.1348,79.7523
110,5,0,0,13.12,0
1402,5,0,1,13.8949,4038.37,0.1085,473.244,0.18,2
1390,5,0,1,13.8857,3988.31
1389,5,0,1,13.8595,3847.36
1388,5,0,1,13.8394,3752.17
1323,5,0,1,13.8387,3748.39
2072,5,0,1,13.8145,3630.82
1317,5,0,1,13.7947,3524.14
2071,5,0,1,13.784,3460.08
2165,5,0,1,13.7617,3342.68
1314,5,0,1,13.7449,3253.68
2163,5,0,1,13.7302,3173.84
2023,5,0,1,13.7018,3022.47
1787,5,0,1,13.6937,2981.18
1788,5,0,1,13.6929,2977.48
943,5,0,1,13.677,2896.83
934,5,0,1,13.6682,2848.99
933,5,0,1,13.6579,2795.06
936,5,0,1,13.6573,2792.12
1737,5,0,1,13.6458,2728.89
917,5,0,1,13.629,2645.65
916,5,0,1,13.6289,2644.75
906,5,0,1,13.603,2511.66
889,5,0,1,13.5908,2449.74
890,5,0,1,13.5813,2401.78
2013,5,0,1,13.5583,2283.62
1988,5,0,1,13.5393,2183.84
416,5,0,1,13.5178,2077.27
2139,5,0,1,13.5138,2055.44
2138,5,0,1,13.4974,1962.7
411,5,0,1,13.4851,1893.38
412,5,0,1,13.483,1873.87
398,5,0,1,13.4686,1795.16
410,5,0,1,13.4683,1793.95
1016,5,0,2,14.2614,5864.63,0.0881667,384.556,0.22,3
2029,5,0,2,14.257,5840.88
1043,5,0,2,14.257,5840.46
2158,5,0,2,14.2501,5805.68
2030,5,0,2,14.2462,5785.85
1041,5,0,2,14.241,5759.26
1059,5,0,2,14.2322,5714.43
1058,5,0,2,14.2272,5689.18
1075,5,0,2,14.2097,5599.11
1072,5,0,2,14.1996,5547.66
1071,5,0,2,14.1895,5497.19
1090,5,0,2,14.1834,5459.97
1089,5,0,2,14.1773,5426.64
1119,5,0,2,14.1687,5380.76
1118,5,0,2,14.1625,5347.17
2044,5,0,2,14.1473,5267.61
2169,5,0,2,14.1393,5226.59
2171,5,0,2,14.1346,5202.43
1549,5,0,2,14.1268,5162.28
1147,5,0,2,14.1194,5123.9
1327,5,0,2,14.091,4975.93
1343,5,0,2,14.0904,4973.19
1355,5,0,2,14.0636,4833.77
1364,5,0,2,14.0636,4833.56
1362,5,0,2,14.0538,4781.58
1382,5,0,2,14.0337,4673.75
1390,5,0,2,14.0122,4560.58
1402,5,0,2,14.0034,4511.62
501,5,0,3,14.5391,7170.87,0.107,466.702,0.18,4
1747,5,0,3,14.5294,7126.57
1746,5,0,3,14.5015,6987.23
1745,5,0,3,14.4884,6923.94
1844,5,0,3,14.4705,6834.69
575,5,0,3,14.4681,6819.18
571,5,0,3,14.4652,6803.06
570,5,0,3,14.4604,6779.79
569,5,0,3,14.4553,6754.47
640,5,0,3,14.4471,6715.56
649,5,0,3,14.4378,6673.02
646,5,0,3,14.43,6636.51
691,5,0,3,14.4241,6607.6
689,5,0,3,14.402,6503.61
979,5,0,3,14.3935,6464.01
980,5,0,3,14.3877,6435.6
978,5,0,3,14.3841,6417.41
1010,5,0,3,14.3693,6340.65
1016,5,0,3,14.3496,6249.19
110,5,0,4,14.9198,9126.78,0,0,0
111,5,0,4,14.9174,9110.9
1968,5,0,4,14.908,9046.21
114,5,0,4,14.9025,9011.48
1719,5,0,4,14.8645,8806.45
1720,5,0,4,14.8494,8723.98
1718,5,0,4,14.8436,8691.43
129,5,0,4,14.8184,8552.36
134,5,0,4,14.8124,8519.39
133,5,0,4,14.8,8452.87
138,5,0,4,14.7791,8348.28
184,5,0,4,14.7628,8259.74
440,5,0,4,14.747,8172.12
451,5,0,4,14.7304,8085.93
1716,5,0,4,14.728,8069.5
462,5,0,4,14.7189,8022.43
1990,5,0,4,14.7118,7969.73
463,5,0,4,14.6931,7873.21
474,5,0,4,14.6778,7793.97
2140,5,0,4,14.6687,7752.64
2141,5,0,4,14.6609,7709.44
473,5,0,4,14.6607,7708.15
502,5,0,4,14.6516,7664.25
501,5,0,4,14.6461,7637.58
710,5,1,0,11.3084,1682.36,0.0443333,193.369,0.36,1
1543,5,1,0,11.2833,1546.36
459,5,1,0,11.2734,1483.42
458,5,1,0,11.2664,1437.75
456,5,1,0,11.2572,1376.86
457,5,1,0,11.2518,1346.64
454,5,1,0,11.2442,1292.68
455,5,1,0,11.2418,1278.37
453,5,1,0,11.2326,1212.8
446,5,1,0,11.224,1164.09
442,5,1,0,11.2158,1120.37
1857,5,1,0,11.2074,1076.3
441,5,1,0,11.2025,1051.98
185,5,1,0,11.1915,993.794
177,5,1,0,11.1789,927.553
184,5,1,0,11.1585,816.223
138,5,1,0,11.1428,730.3
133,5,1,0,11.1285,653.53
134,5,1,0,11.1209,601.574
129,5,1,0,11.1133,561.93
1718,5,1,0,11.0869,417.674
1719,5,1,0,11.0702,325.295
114,5,1,0,11.0323,120.486
1968,5,1,0,11.0253,81.9493
110,5,1,0,11.01,0
110,5,1,1,11.6592,3629.63,0,0,0
1968,5,1,1,11.6441,3548.6
114,5,1,1,11.6389,3514.27
1719,5,1,1,11.5959,3287.66
1718,5,1,1,11.5805,3200.61
129,5,1,1,11.556,3064.75
134,5,1,1,11.5496,3030.36
133,5,1,1,11.5368,2962.15
138,5,1,1,11.516,2857.57
184,5,1,1,11.4967,2756.61
440,5,1,1,11.4801,2665.42
451,5,1,1,11.4613,2569.71
1716,5,1,1,11.4589,2553.28
462,5,1,1,11.4485,2500.86
1990,5,1,1,11.4406,2447.83
452,5,1,1,11.4356,2415.39
453,5,1,1,11.4243,2328.21
455,5,1,1,11.4119,2258.28
454,5,1,1,11.409,2242.66
457,5,1,1,11.4023,2188.7
456,5,1,1,11.3972,2159.26
458,5,1,1,11.3877,2098.11
459,5,1,1,11.3818,2053.01
1543,5,1,1,11.3725,1990.78
710,5,1,1,11.3528,1875.73
501,6,0,0,13.5996,1510.92,0.0531667,231.897,0.2,1
502,6,0,0,13.5944,1485.38
473,6,0,0,13.5865,1446.3
2141,6,0,0,13.5863,1445.32
1750,6,0,0,13.582,1424.02
477,6,0,0,13.5775,1400.71
453,6,0,0,13.5485,1243.21
446,6,0,0,13.5402,1195.77
442,6,0,0,13.5285,1137.28
1857,6,0,0,13.5197,1091.26
441,6,0,0,13.5136,1062.09
185,6,0,0,13.5026,1004.16
177,6,0,0,13.4903,938.786
184,6,0,0,13.4703,829.279
138,6,0,0,13.4536,739.414
133,6,0,0,13.4397,664.29
134,6,0,0,13.4321,612.333
129,6,0,0,13.425,574.749
1718,6,0,0,13.3991,432.78
1720,6,0,0,13.392,394.625
1719,6,0,0,13.3793,321.152
114,6,0,0,13.3416,117.424
1968,6,0,0,13.3348,79.7523
110,6,0,0,13.32,0
1016,6,0,1,13.8172,2559.29,0.0561667,244.982,0.25,2
1010,6,0,1,13.8082,2511.64
2026,6,0,1,13.7808,2377.86
2027,6,0,1,13.7757,2352.02
1998,6,0,1,13.7653,2299.32
1997,6,0,1,13.7567,2255.7
1996,6,0,1,13.7508,2227.41
1995,6,0,1,13.7426,2189.09
1993,6,0,1,13.7335,2145.41
1994,6,0,1,13.7292,2123.93
572,6,0,1,13.7222,2085.28
541,6,0,1,13.71,2024.92
540,6,0,1,13.6996,1971.28
1754,6,0,1,13.6912,1927.61
518,6,0,1,13.6833,1887.64
500,6,0,1,13.6783,1861.85
501,6,0,1,13.6528,1742.82
1402,6,0,2,14.1381,4171.66,0.0816667,356.205,0.16,3
1390,6,0,2,14.129,4121.61
1382,6,0,2,14.1034,3991.55
1362,6,0,2,14.0829,3881.56
1361,6,0,2,14.0787,3858.38
1354,6,0,2,14.0787,3858.19
1355,6,0,2,14.0722,3823.7
2076,6,0,2,14.0704,3814.59
1356,6,0,2,14.0628,3775.24
1357,6,0,2,14.062,3771.52
1349,6,0,2,14.0493,3706.57
1348,6,0,2,14.0487,3703.13
1340,6,0,2,14.0482,3700.59
1339,6,0,2,14.0426,3671.86
1330,6,0,2,14.0218,3563.11
1161,6,0,2,14.0125,3515.2
1162,6,0,2,14.0025,3462.21
1136,6,0,2,13.9838,3364.01
1138,6,0,2,13.9771,3329.65
1137,6,0,2,13.9712,3298.54
1123,6,0,2,13.9575,3232.39
1775,6,0,2,13.9489,3188.4
1102,6,0,2,13.9332,3109.22
1100,6,0,2,13.919,3039.82
1101,6,0,2,13.908,2983.18
1082,6,0,2,13.8996,2941.21
1079,6,0,2,13.8905,2894.19
1061,6,0,2,13.8862,2872.91
1063,6,0,2,13.883,2856.07
1062,6,0,2,13.882,2849.03
2159,6,0,2,13.8818,2848.04
1045,6,0,2,13.8811,2844.89
1043,6,0,2,13.8778,2828.21
2029,6,0,2,13.8777,2827.8
1016,6,0,2,13.8734,2804.27
110,6,0,3,14.8546,7948.32,0,0,0
1968,6,0,3,14.837,7856.71
1969,6,0,3,14.8245,7779.85
115,6,0,3,14.822,7765.39
2113,6,0,3,14.8165,7736.2
2133,6,0,3,14.6828,6998.83
366,6,0,3,14.6788,6972.03
2134,6,0,3,14.6696,6914.26
2136,6,0,3,14.6588,6854.11
393,6,0,3,14.6288,6698.35
401,6,0,3,14.6161,6628.9
1739,6,0,3,14.6062,6575.04
1742,6,0,3,14.5997,6540.56
1741,6,0,3,14.5933,6506.07
418,6,0,3,14.5858,6466.55
417,6,0,3,14.583,6450.86
1989,6,0,3,14.565,6358.28
2011,6,0,3,14.5449,6255.21
2156,6,0,3,14.5394,6226.77
2013,6,0,3,14.5387,6223.62
886,6,0,3,14.5277,6169
888,6,0,3,14.5109,6075.87
903,6,0,3,14.4998,6017.61
904,6,0,3,14.4963,5998.75
925,6,0,3,14.4762,5885.54
2019,6,0,3,14.4705,5857.25
929,6,0,3,14.4701,5855.27
938,6,0,3,14.4585,5791
950,6,0,3,14.4436,5714.34
951,6,0,3,14.4327,5662.71
949,6,0,3,14.4204,5600.46
1302,6,0,3,14.3954,5468.03
1307,6,0,3,14.3817,5390.6
1308,6,0,3,14.3705,5331.03
1309,6,0,3,14.3522,5237.67
1314,6,0,3,14.3516,5234.8
2165,6,0,3,14.3361,5151.36
2071,6,0,3,14.3153,5040.21
1317,6,0,3,14.3033,4972.8
2072,6,0,3,14.2843,4870.1
1323,6,0,3,14.2683,4786.41
1388,6,0,3,14.2676,4782.63
1389,6,0,3,14.2589,4734.73
1390,6,0,3,14.2286,4576.84
1402,6,0,3,14.2198,4527.87
410,6,1,0,11.3322,1462.66,0.0726667,316.95,0.06,1
398,6,1,0,11.3319,1461.45
397,6,1,0,11.3193,1392.89
390,6,1,0,11.2998,1291.33
382,6,1,0,11.2825,1199.86
376,6,1,0,11.2645,1103.09
369,6,1,0,11.245,998.232
360,6,1,0,11.2227,878.986
361,6,1,0,11.2101,809.873
128,6,1,0,11.1496,481.115
126,6,1,0,11.1423,442.296
125,6,1,0,11.136,408.059
118,6,1,0,11.1031,231.019
1968,6,1,0,11.0753,81.9493
110,6,1,0,11.06,0
710,6,1,1,11.6246,3117.52,0.0443333,193.369,0.36,2
1543,6,1,1,11.6031,2997.25
715,6,1,1,11.5983,2952.99
714,6,1,1,11.5944,2928.98
726,6,1,1,11.5942,2927.1
529,6,1,1,11.5805,2827.61
605,6,1,1,11.5657,2731
603,6,1,1,11.5606,2703.02
604,6,1,1,11.5563,2679.88
596,6,1,1,11.5562,2678.91
580,6,1,1,11.5478,2620.63
574,6,1,1,11.5305,2527.39
573,6,1,1,11.5205,2471.49
564,6,1,1,11.5128,2430.34
557,6,1,1,11.5067,2396.35
561,6,1,1,11.5,2349.83
628,6,1,1,11.4955,2324.18
609,6,1,1,11.4828,2247.52
423,6,1,1,11.4769,2191.2
419,6,1,1,11.4722,2156.76
418,6,1,1,11.4569,2071.84
2139,6,1,1,11.453,2050.41
2138,6,1,1,11.4346,1948.97
411,6,1,1,11.421,1874.15
412,6,1,1,11.4185,1855.14
398,6,1,1,11.4051,1780.81
410,6,1,1,11.4048,1779.61
110,6,1,2,11.9754,5064.79,0,0,0
1968,6,1,2,11.9603,4983.75
114,6,1,2,11.9551,4949.43
1719,6,1,2,11.9121,4722.82
1718,6,1,2,11.8966,4635.77
129,6,1,2,11.8722,4499.9
134,6,1,2,11.8658,4465.51
133,6,1,2,11.853,4397.31
138,6,1,2,11.8321,4292.72
184,6,1,2,11.8129,4191.76
440,6,1,2,11.7962,4100.57
451,6,1,2,11.7774,4004.86
1716,6,1,2,11.775,3988.43
462,6,1,2,11.7646,3936.01
1990,6,1,2,11.7568,3882.98
452,6,1,2,11.7518,3850.54
453,6,1,2,11.7404,3763.36
455,6,1,2,11.728,3693.43
454,6,1,2,11.7252,3677.82
457,6,1,2,11.7185,3623.85
456,6,1,2,11.7133,3594.41
458,6,1,2,11.7039,3533.26
459,6,1,2,11.6979,3488.16
1543,6,1,2,11.6886,3425.93
710,6,1,2,11.6689,3310.88
501,7,0,0,13.5996,1510.92,0.0531667,231.897,0.2,1
502,7,0,0,13.5944,1485.38
473,7,0,0,13.5865,1446.3
2141,7,0,0,13.5863,1445.32
1750,7,0,0,13.582,1424.02
477,7,0,0,13.5775,1400.71
453,7,0,0,13.5485,1243.21
446,7,0,0,13.5402,1195.77
442,7,0,0,13.5285,1137.28
1857,7,0,0,13.5197,1091.26
441,7,0,0,13.5136,1062.09
185,7,0,0,13.5026,1004.16
177,7,0,0,13.4903,938.786
184,7,0,0,13.4703,829.279
138,7,0,0,13.4536,739.414
133,7,0,0,13.4397,664.29
134,7,0,0,13.4321,612.333
129,7,0,0,13.425,574.749
1718,7,0,0,13.3991,432.78
1720,7,0,0,13.392,394.625
1719,7,0,0,13.3793,321.152
114,7,0,0,13.3416,117.424
1968,7,0,0,13.3348,79.7523
110,7,0,0,13.32,0
1402,7,0,1,14.0838,3925.73,0.0816667,356.205,0.16,2
1390,7,0,1,14.0746,3875.67
1382,7,0,1,14.0444,3725.93
1362,7,0,1,14.0217,3606.92
1361,7,0,1,14.0167,3579.93
1354,7,0,1,14.0166,3579.74
1355,7,0,1,14.0041,3520.08
2076,7,0,1,14.0023,3510.96
1356,7,0,1,13.9939,3468.25
1357,7,0,1,13.9931,3464.53
1349,7,0,1,13.9796,3396.36
1348,7,0,1,13.979,3393.03
1340,7,0,1,13.9785,3390.49
1339,7,0,1,13.9732,3362.77
1329,7,0,1,13.9622,3304.43
1158,7,0,1,13.9472,3228.1
2048,7,0,1,13.9271,3122.06
1131,7,0,1,13.9215,3093.19
1130,7,0,1,13.9157,3064.26
1129,7,0,1,13.9005,2990.07
1121,7,0,1,13.8845,2904.14
1120,7,0,1,13.8805,2882.96
1094,7,0,1,13.8756,2857.02
1091,7,0,1,13.8655,2806.29
1092,7,0,1,13.8603,2780.39
1074,7,0,1,13.8545,2749.97
1073,7,0,1,13.8461,2705.29
1057,7,0,1,13.8263,2606.3
1042,7,0,1,13.821,2579.4
2030,7,0,1,13.8138,2541.56
1011,7,0,1,13.8135,2540.11
1547,7,0,1,13.7961,2457.47
1546,7,0,1,13.7907,2430.1
975,7,0,1,13.7873,2412.13
2026,7,0,1,13.7808,2377.86
2027,7,0,1,13.7757,2352.02
1998,7,0,1,13.7653,2299.32
1997,7,0,1,13.7567,2255.7
1996,7,0,1,13.7508,2227.41
1995,7,0,1,13.7426,2189.09
1993,7,0,1,13.7335,2145.41
1994,7,0,1,13.7292,2123.93
572,7,0,1,13.7222,2085.28
541,7,0,1,13.71,2024.92
540,7,0,1,13.6996,1971.28
1754,7,0,1,13.6912,1927.61
518,7,0,1,13.6833,1887.64
500,7,0,1,13.6783,1861.85
501,7,0,1,13.6528,1742.82
1016,7,0,2,14.4235,5634.95,0.0881667,384.556,0.22,3
2029,7,0,2,14.4191,5611.2
1043,7,0,2,14.419,5610.79
2158,7,0,2,14.4122,5576.01
2030,7,0,2,14.4083,5556.17
1041,7,0,2,14.4031,5529.59
1059,7,0,2,14.3943,5484.75
1058,7,0,2,14.3893,5459.5
1075,7,0,2,14.3717,5369.43
1072,7,0,2,14.3617,5317.99
1071,7,0,2,14.3515,5267.51
1090,7,0,2,14.3455,5230.29
1089,7,0,2,14.3394,5196.97
1119,7,0,2,14.3308,5151.08
1118,7,0,2,14.3246,5117.49
2044,7,0,2,14.3094,5037.93
2169,7,0,2,14.3014,4996.91
2171,7,0,2,14.2967,4972.76
1549,7,0,2,14.2889,4932.61
1147,7,0,2,14.2815,4894.22
1327,7,0,2,14.2531,4746.25
1343,7,0,2,14.2525,4743.51
1355,7,0,2,14.2257,4604.1
1364,7,0,2,14.2257,4603.89
1362,7,0,2,14.2159,4551.9
1382,7,0,2,14.1958,4444.08
1390,7,0,2,14.1743,4330.9
1402,7,0,2,14.1654,4281.94
110,7,0,3,14.9311,8225.21,0,0,0
111,7,0,3,14.9287,8209.33
1968,7,0,3,14.9193,8144.65
114,7,0,3,14.9137,8109.92
1719,7,0,3,14.8775,7912.3
1718,7,0,3,14.8576,7805.99
129,7,0,3,14.8336,7672.2
134,7,0,3,14.8279,7640.78
133,7,0,3,14.8172,7581.41
138,7,0,3,14.7963,7476.83
184,7,0,3,14.7797,7387.22
440,7,0,3,14.7593,7280
451,7,0,3,14.7428,7193.81
1716,7,0,3,14.7404,7177.38
462,7,0,3,14.7312,7130.31
1990,7,0,3,14.7242,7077.61
463,7,0,3,14.7055,6981.09
474,7,0,3,14.6901,6901.85
2140,7,0,3,14.6811,6860.52
475,7,0,3,14.6761,6836.29
499,7,0,3,14.6684,6796.7
500,7,0,3,14.6638,6773.29
518,7,0,3,14.6592,6749.19
1754,7,0,3,14.6555,6724.26
540,7,0,3,14.6473,6681.79
541,7,0,3,14.6355,6621.97
572,7,0,3,14.6259,6572.3
1994,7,0,3,14.6132,6509.9
1993,7,0,3,14.609,6488.41
1995,7,0,3,14.5963,6430.66
1996,7,0,3,14.5904,6401.48
1997,7,0,3,14.5865,6381.58
2027,7,0,3,14.5593,6251.36
2026,7,0,3,14.5535,6222.88
978,7,0,3,14.5462,6187.74
1010,7,0,3,14.5314,6110.97
1016,7,0,3,14.5116,6019.51
410,7,1,0,11.3322,1462.66,0.0726667,316.95,0.06,1
398,7,1,0,11.3319,1461.45
397,7,1,0,11.3193,1392.89
390,7,1,0,11.2998,1291.33
382,7,1,0,11.2825,1199.86
376,7,1,0,11.2645,1103.09
369,7,1,0,11.245,998.232
360,7,1,0,11.2227,878.986
361,7,1,0,11.2101,809.873
128,7,1,0,11.1496,481.115
126,7,1,0,11.1423,442.296
125,7,1,0,11.136,408.059
118,7,1,0,11.1031,231.019
1968,7,1,0,11.0753,81.9493
110,7,1,0,11.06,0
710,7,1,1,11.6246,3117.52,0.0443333,193.369,0.36,2
1543,7,1,1,11.6031,2997.25
715,7,1,1,11.5983,2952.99
714,7,1,1,11.5944,2928.98
726,7,1,1,11.5942,2927.1
529,7,1,1,11.5805,2827.61
605,7,1,1,11.5657,2731
603,7,1,1,11.5606,2703.02
604,7,1,1,11.5563,2679.88
596,7,1,1,11.5562,2678.91
580,7,1,1,11.5478,2620.63
574,7,1,1,11.5305,2527.39
573,7,1,1,11.5205,2471.49
564,7,1,1,11.5128,2430.34
557,7,1,1,11.5067,2396.35
561,7,1,1,11.5,2349.83
628,7,1,1,11.4955,2324.18
609,7,1,1,11.4828,2247.52
423,7,1,1,11.4769,2191.2
419,7,1,1,11.4722,2156.76
418,7,1,1,11.4569,2071.84
2139,7,1,1,11.453,2050.41
2138,7,1,1,11.4346,1948.97
411,7,1,1,11.421,1874.15
412,7,1,1,11.4185,1855.14
398,7,1,1,11.4051,1780.81
410,7,1,1,11.4048,1779.61
110,7,1,2,11.9754,5064.79,0,0,0
1968,7,1,2,11.9603,4983.75
114,7,1,2,11.9551,4949.43
1719,7,1,2,11.9121,4722.82
1718,7,1,2,11.8966,4635.77
129,7,1,2,11.8722,4499.9
134,7,1,2,11.8658,4465.51
133,7,1,2,11.853,4397.31
138,7,1,2,11.8321,4292.72
184,7,1,2,11.8129,4191.76
440,7,1,2,11.7962,4100.57
451,7,1,2,11.7774,4004.86
1716,7,1,2,11.775,3988.43
462,7,1,2,11.7646,3936.01
1990,7,1,2,11.7568,3882.98
452,7,1,2,11.7518,3850.54
453,7,1,2,11.7404,3763.36
455,7,1,2,11.728,3693.43
454,7,1,2,11.7252,3677.82
457,7,1,2,11.7185,3623.85
456,7,1,2,11.7133,3594.41
458,7,1,2,11.7039,3533.26
459,7,1,2,11.6979,3488.16
1543,7,1,2,11.6886,3425.93
710,7,1,2,11.6689,3310.88
1402,8,0,0,14.0834,3372.79,0.0816667,356.205,0.16,1
1390,8,0,0,14.0741,3321.76
1389,8,0,0,14.0455,3170.7
1388,8,0,0,14.0367,3122.71
1370,8,0,0,13.9998,2928.06
1359,8,0,0,13.9989,2923.6
2071,8,0,0,13.9823,2830.9
2165,8,0,0,13.9604,2715.19
1314,8,0,0,13.9431,2623.77
2163,8,0,0,13.9283,2543.94
2023,8,0,0,13.9017,2399.84
1787,8,0,0,13.8936,2358.52
2020,8,0,0,13.8747,2264.44
935,8,0,0,13.8649,2212.99
934,8,0,0,13.8644,2210.39
933,8,0,0,13.8527,2150.9
936,8,0,0,13.8522,2147.96
1737,8,0,0,13.8407,2085.09
917,8,0,0,13.8275,2016.59
916,8,0,0,13.8273,2015.68
906,8,0,0,13.8035,1891.34
889,8,0,0,13.7922,1832.97
890,8,0,0,13.7855,1797.06
2013,8,0,0,13.766,1693.84
1988,8,0,0,13.7484,1599.98
417,8,0,0,13.7279,1495.37
418,8,0,0,13.7239,1474.43
1741,8,0,0,13.7182,1442.44
1740,8,0,0,13.7144,1421.91
1739,8,0,0,13.7097,1395.5
401,8,0,0,13.6991,1338.14
393,8,0,0,13.6859,1266.67
2136,8,0,0,13.6631,1141.76
2134,8,0,0,13.6518,1079.42
360,8,0,0,13.6191,906.015
361,8,0,0,13.6046,828.632
128,8,0,0,13.5495,523.193
126,8,0,0,13.541,479.066
125,8,0,0,13.5318,432.83
118,8,0,0,13.497,247.521
1968,8,0,0,13.4648,79.7523
110,8,0,0,13.45,0
1016,8,0,1,14.4232,5082,0.0881667,384.556,0.22,2
2029,8,0,1,14.4188,5058.25
1043,8,0,1,14.4187,5057.84
2158,8,0,1,14.4119,5023.06
2030,8,0,1,14.4079,5003.22
1041,8,0,1,14.4028,4976.64
1059,8,0,1,14.3939,4931.8
1058,8,0,1,14.3889,4906.55
1075,8,0,1,14.3714,4816.48
1072,8,0,1,14.3614,4765.04
1071,8,0,1,14.3512,4714.56
1090,8,0,1,14.3451,4677.34
1089,8,0,1,14.339,4644.02
1119,8,0,1,14.3304,4598.13
1118,8,0,1,14.3243,4564.54
2044,8,0,1,14.309,4484.98
2169,8,0,1,14.301,4443.96
2171,8,0,1,14.2964,4419.81
1549,8,0,1,14.2886,4379.66
1147,8,0,1,14.2811,4341.27
1327,8,0,1,14.2528,4193.3
1343,8,0,1,14.2522,4190.57
1355,8,0,1,14.2254,4051.15
1364,8,0,1,14.2253,4050.94
1362,8,0,1,14.2155,3998.96
1382,8,0,1,14.1955,3891.13
1390,8,0,1,14.174,3777.96
1402,8,0,1,14.1651,3728.99
110,8,0,2,14.9307,7672.26,0,0,0
111,8,0,2,14.9284,7656.38
1968,8,0,2,14.9189,7591.7
114,8,0,2,14.9134,7556.97
1719,8,0,2,14.8772,7359.36
1718,8,0,2,14.8573,7253.04
129,8,0,2,14.8333,7119.25
134,8,0,2,14.8276,7087.84
133,8,0,2,14.8168,7028.46
138,8,0,2,14.796,6923.88
184,8,0,2,14.7794,6834.28
440,8,0,2,14.759,6727.06
451,8,0,2,14.7425,6640.86
1716,8,0,2,14.74,6624.43
462,8,0,2,14.7309,6577.36
1990,8,0,2,14.7239,6524.67
463,8,0,2,14.7052,6428.15
474,8,0,2,14.6898,6348.91
2140,8,0,2,14.6808,6307.57
475,8,0,2,14.6758,6283.34
499,8,0,2,14.668,6243.75
500,8,0,2,14.6634,6220.35
518,8,0,2,14.6588,6196.24
1754,8,0,2,14.6552,6171.31
540,8,0,2,14.647,6128.84
541,8,0,2,14.6351,6069.02
572,8,0,2,14.6255,6019.35
1994,8,0,2,14.6129,5956.95
1993,8,0,2,14.6086,5935.46
1995,8,0,2,14.596,5877.72
1996,8,0,2,14.5901,5848.54
1997,8,0,2,14.5862,5828.64
2027,8,0,2,14.559,5698.42
2026,8,0,2,14.5532,5669.93
978,8,0,2,14.5459,5634.79
1010,8,0,2,14.531,5558.02
1016,8,0,2,14.5113,5466.56
410,8,1,0,11.5622,1462.66,0.0726667,316.95,0.06,1
398,8,1,0,11.5619,1461.45
397,8,1,0,11.5493,1392.89
390,8,1,0,11.5298,1291.33
382,8,1,0,11.5125,1199.86
376,8,1,0,11.4945,1103.09
369,8,1,0,11.475,998.232
360,8,1,0,11.4527,878.986
361,8,1,0,11.4401,809.873
128,8,1,0,11.3796,481.115
126,8,1,0,11.3723,442.296
125,8,1,0,11.366,408.059
118,8,1,0,11.3331,231.019
1968,8,1,0,11.3053,81.9493
110,8,1,0,11.29,0
710,8,1,1,11.8546,3117.52,0.0443333,193.369,0.36,2
1543,8,1,1,11.8331,2997.25
715,8,1,1,11.8283,2952.99
714,8,1,1,11.8244,2928.98
726,8,1,1,11.8242,2927.1
529,8,1,1,11.8105,2827.61
605,8,1,1,11.7957,2731
603,8,1,1,11.7906,2703.02
604,8,1,1,11.7863,2679.88
596,8,1,1,11.7862,2678.91
580,8,1,1,11.7778,2620.63
574,8,1,1,11.7605,2527.39
573,8,1,1,11.7505,2471.49
564,8,1,1,11.7428,2430.34
557,8,1,1,11.7367,2396.35
561,8,1,1,11.73,2349.83
628,8,1,1,11.7255,2324.18
609,8,1,1,11.7128,2247.52
423,8,1,1,11.7069,2191.2
419,8,1,1,11.7022,2156.76
418,8,1,1,11.6869,2071.84
2139,8,1,1,11.683,2050.41
2138,8,1,1,11.6646,1948.97
411,8,1,1,11.651,1874.15
412,8,1,1,11.6485,1855.14
398,8,1,1,11.6351,1780.81
410,8,1,1,11.6348,1779.61
110,8,1,2,12.2054,5064.79,0,0,0
1968,8,1,2,12.1903,4983.75
114,8,1,2,12.1851,4949.43
1719,8,1,2,12.1421,4722.82
1718,8,1,2,12.1266,4635.77
129,8,1,2,12.1022,4499.9
134,8,1,2,12.0958,4465.51
133,8,1,2,12.083,4397.31
138,8,1,2,12.0621,4292.72
184,8,1,2,12.0429,4191.76
440,8,1,2,12.0262,4100.57
451,8,1,2,12.0074,4004.86
1716,8,1,2,12.005,3988.43
462,8,1,2,11.9946,3936.01
1990,8,1,2,11.9868,3882.98
452,8,1,2,11.9818,3850.54
453,8,1,2,11.9704,3763.36
455,8,1,2,11.958,3693.43
454,8,1,2,11.9552,3677.82
457,8,1,2,11.9485,3623.85
456,8,1,2,11.9433,3594.41
458,8,1,2,11.9339,3533.26
459,8,1,2,11.9279,3488.16
1543,8,1,2,11.9186,3425.93
710,8,1,2,11.8989,3310.88
501,8,2,0,13.0521,1508.45,0.0531667,231.897,0.2,1
502,8,2,0,13.0469,1482.92
473,8,2,0,13.0367,1434.29
2141,8,2,0,13.0365,1433.31
2140,8,2,0,13.0234,1367.84
475,8,2,0,13.0175,1339.48
474,8,2,0,13.0134,1318.65
463,8,2,0,12.9961,1231.14
1990,8,2,0,12.9776,1135.57
462,8,2,0,12.9681,1080.35
461,8,2,0,12.9656,1065.62
1716,8,2,0,12.9572,1021.71
451,8,2,0,12.9526,997.904
440,8,2,0,12.9356,909.841
184,8,2,0,12.9197,821.613
138,8,2,0,12.9024,728.996
133,8,2,0,12.8871,647.895
134,8,2,0,12.8795,595.939
129,8,2,0,12.8714,554.222
1718,8,2,0,12.848,423.217
1719,8,2,0,12.8289,320.2
114,8,2,0,12.7904,112.847
1968,8,2,0,12.7842,77.2014
110,8,2,0,12.77,0
110,8,2,1,13.3775,3201.12,0,0,0
1968,8,2,1,13.3624,3120.32
114,8,2,1,13.3565,3085.13
1719,8,2,1,13.3213,2891.86
1718,8,2,1,13.3032,2793.33
129,8,2,1,13.2792,2659.57
134,8,2,1,13.2743,2631.07
133,8,2,1,13.2623,2566.23
138,8,2,1,13.2414,2461.65
184,8,2,1,13.2247,2371.26
440,8,2,1,13.2021,2254.88
451,8,2,1,13.1858,2169.46
1716,8,2,1,13.1834,2153.04
462,8,2,1,13.1762,2114.22
1990,8,2,1,13.1683,2061.18
463,8,2,1,13.1512,1971.14
474,8,2,1,13.1373,1898.15
2140,8,2,1,13.1291,1860.32
2141,8,2,1,13.1209,1815.34
473,8,2,1,13.1208,1814.58
502,8,2,1,13.1117,1770.68
501,8,2,1,13.1053,1740.35
1402,9,0,0,14.1234,3372.79,0.0816667,356.205,0.16,1
1390,9,0,0,14.1141,3321.76
1389,9,0,0,14.0855,3170.7
1388,9,0,0,14.0767,3122.71
1370,9,0,0,14.0398,2928.06
1359,9,0,0,14.0389,2923.6
2071,9,0,0,14.0223,2830.9
2165,9,0,0,14.0004,2715.19
1314,9,0,0,13.9831,2623.77
2163,9,0,0,13.9683,2543.94
2023,9,0,0,13.9417,2399.84
1787,9,0,0,13.9336,2358.52
2020,9,0,0,13.9147,2264.44
935,9,0,0,13.9049,2212.99
934,9,0,0,13.9044,2210.39
933,9,0,0,13.8927,2150.9
936,9,0,0,13.8922,2147.96
1737,9,0,0,13.8807,2085.09
917,9,0,0,13.8675,2016.59
916,9,0,0,13.8673,2015.68
906,9,0,0,13.8435,1891.34
889,9,0,0,13.8322,1832.97
890,9,0,0,13.8255,1797.06
2013,9,0,0,13.806,1693.84
1988,9,0,0,13.7884,1599.98
417,9,0,0,13.7679,1495.37
418,9,0,0,13.7639,1474.43
1741,9,0,0,13.7582,1442.44
1740,9,0,0,13.7544,1421.91
1739,9,0,0,13.7497,1395.5
401,9,0,0,13.7391,1338.14
393,9,0,0,13.7259,1266.67
2136,9,0,0,13.7031,1141.76
2134,9,0,0,13.6918,1079.42
360,9,0,0,13.6591,906.015
361,9,0,0,13.6446,828.632
128,9,0,0,13.5895,523.193
126,9,0,0,13.581,479.066
125,9,0,0,13.5718,432.83
118,9,0,0,13.537,247.521
1968,9,0,0,13.5048,79.7523
110,9,0,0,13.49,0
1016,9,0,1,14.4632,5082,0.0881667,384.556,0.22,2
2029,9,0,1,14.4588,5058.25
1043,9,0,1,14.4587,5057.84
2158,9,0,1,14.4519,5023.06
2030,9,0,1,14.4479,5003.22
1041,9,0,1,14.4428,4976.64
1059,9,0,1,14.4339,4931.8
1058,9,0,1,14.4289,4906.55
1075,9,0,1,14.4114,4816.48
1072,9,0,1,14.4014,4765.04
1071,9,0,1,14.3912,4714.56
1090,9,0,1,14.3851,4677.34
1089,9,0,1,14.379,4644.02
1119,9,0,1,14.3704,4598.13
1118,9,0,1,14.3643,4564.54
2044,9,0,1,14.349,4484.98
2169,9,0,1,14.341,4443.96
2171,9,0,1,14.3364,4419.81
1549,9,0,1,14.3286,4379.66
1147,9,0,1,14.3211,4341.27
1327,9,0,1,14.2928,4193.3
1343,9,0,1,14.2922,4190.57
1355,9,0,1,14.2654,4051.15
1364,9,0,1,14.2653,4050.94
1362,9,0,1,14.2555,3998.96
1382,9,0,1,14.2355,3891.13
1390,9,0,1,14.214,3777.96
1402,9,0,1,14.2051,3728.99
110,9,0,2,14.9707,7672.26,0,0,0
111,9,0,2,14.9684,7656.38
1968,9,0,2,14.9589,7591.7
114,9,0,2,14.9534,7556.97
1719,9,0,2,14.9172,7359.36
1718,9,0,2,14.8973,7253.04
129,9,0,2,14.8733,7119.25
134,9,0,2,14.8676,7087.84
133,9,0,2,14.8568,7028.46
138,9,0,2,14.836,6923.88
184,9,0,2,14.8194,6834.28
440,9,0,2,14.799,6727.06
451,9,0,2,14.7825,6640.86
1716,9,0,2,14.78,6624.43
462,9,0,2,14.7709,6577.36
1990,9,0,2,14.7639,6524.67
463,9,0,2,14.7452,6428.15
474,9,0,2,14.7298,6348.91
2140,9,0,2,14.7208,6307.57
475,9,0,2,14.7158,6283.34
499,9,0,2,14.708,6243.75
500,9,0,2,14.7034,6220.35
518,9,0,2,14.6988,6196.24
1754,9,0,2,14.6952,6171.31
540,9,0,2,14.687,6128.84
541,9,0,2,14.6751,6069.02
572,9,0,2,14.6655,6019.35
1994,9,0,2,14.6529,5956.95
1993,9,0,2,14.6486,5935.46
1995,9,0,2,14.636,5877.72
1996,9,0,2,14.6301,5848.54
1997,9,0,2,14.6262,5828.64
2027,9,0,2,14.599,5698.42
2026,9,0,2,14.5932,5669.93
978,9,0,2,14.5859,5634.79
1010,9,0,2,14.571,5558.02
1016,9,0,2,14.5513,5466.56
410,9,1,0,11.4322,1462.66,0.0726667,316.95,0.06,1
398,9,1,0,11.4319,1461.45
397,9,1,0,11.4193,1392.89
390,9,1,0,11.3998,1291.33
382,9,1,0,11.3825,1199.86
376,9,1,0,11.3645,1103.09
369,9,1,0,11.345,998.232
360,9,1,0,11.3227,878.986
361,9,1,0,11.3101,809.873
128,9,1,0,11.2496,481.115
126,9,1,0,11.2423,442.296
125,9,1,0,11.236,408.059
118,9,1,0,11.2031,231.019
1968,9,1,0,11.1753,81.9493
110,9,1,0,11.16,0
710,9,1,1,11.7246,3117.52,0.0443333,193.369,0.36,2
1543,9,1,1,11.7031,2997.25
715,9,1,1,11.6983,2952.99
714,9,1,1,11.6944,2928.98
726,9,1,1,11.6942,2927.1
529,9,1,1,11.6805,2827.61
605,9,1,1,11.6657,2731
603,9,1,1,11.6606,2703.02
604,9,1,1,11.6563,2679.88
596,9,1,1,11.6562,2678.91
580,9,1,1,11.6478,2620.63
574,9,1,1,11.6305,2527.39
573,9,1,1,11.6205,2471.49
564,9,1,1,11.6128,2430.34
557,9,1,1,11.6067,2396.35
561,9,1,1,11.6,2349.83
628,9,1,1,11.5955,2324.18
609,9,1,1,11.5828,2247.52
423,9,1,1,11.5769,2191.2
419,9,1,1,11.5722,2156.76
418,9,1,1,11.5569,2071.84
2139,9,1,1,11.553,2050.41
2138,9,1,1,11.5346,1948.97
411,9,1,1,11.521,1874.15
412,9,1,1,11.5185,1855.14
398,9,1,1,11.5051,1780.81
410,9,1,1,11.5048,1779.61
110,9,1,2,12.0754,5064.79,0,0,0
1968,9,1,2,12.0603,4983.75
114,9,1,2,12.0551,4949.43
1719,9,1,2,12.0121,4722.82
1718,9,1,2,11.9966,4635.77
129,9,1,2,11.9722,4499.9
134,9,1,2,11.9658,4465.51
133,9,1,2,11.953,4397.31
138,9,1,2,11.9321,4292.72
184,9,1,2,11.9129,4191.76
440,9,1,2,11.8962,4100.57
451,9,1,2,11.8774,4004.86
1716,9,1,2,11.875,3988.43
462,9,1,2,11.8646,3936.01
1990,9,1,2,11.8568,3882.98
452,9,1,2,11.8518,3850.54
453,9,1,2,11.8404,3763.36
455,9,1,2,11.828,3693.43
454,9,1,2,11.8252,3677.82
457,9,1,2,11.8185,3623.85
456,9,1,2,11.8133,3594.41
458,9,1,2,11.8039,3533.26
459,9,1,2,11.7979,3488.16
1543,9,1,2,11.7886,3425.93
710,9,1,2,11.7689,3310.88
501,9,2,0,14.0696,1510.92,0.107,466.702,0.18,1
502,9,2,0,14.0644,1485.38
473,9,2,0,14.0565,1446.3
2141,9,2,0,14.0563,1445.32
1750,9,2,0,14.052,1424.02
477,9,2,0,14.0475,1400.71
453,9,2,0,14.0185,1243.21
446,9,2,0,14.0102,1195.77
442,9,2,0,13.9985,1137.28
1857,9,2,0,13.9897,1091.26
441,9,2,0,13.9836,1062.09
185,9,2,0,13.9726,1004.16
177,9,2,0,13.9603,938.786
184,9,2,0,13.9403,829.279
138,9,2,0,13.9236,739.414
133,9,2,0,13.9097,664.29
134,9,2,0,13.9021,612.333
129,9,2,0,13.895,574.749
1718,9,2,0,13.8691,432.78
1720,9,2,0,13.862,394.625
1719,9,2,0,13.8493,321.152
114,9,2,0,13.8116,117.424
1968,9,2,0,13.8048,79.7523
110,9,2,0,13.79,0
110,9,2,1,14.4503,3466.82,0,0,0
111,9,2,1,14.448,3450.94
1968,9,2,1,14.4385,3386.26
114,9,2,1,14.433,3351.53
1719,9,2,1,14.395,3146.49
1720,9,2,1,14.3799,3064.02
1718,9,2,1,14.3742,3031.47
129,9,2,1,14.349,2892.4
134,9,2,1,14.3429,2859.44
133,9,2,1,14.3305,2792.91
138,9,2,1,14.3097,2688.33
184,9,2,1,14.2933,2599.79
440,9,2,1,14.2775,2512.17
451,9,2,1,14.2609,2425.97
1716,9,2,1,14.2585,2409.55
462,9,2,1,14.2494,2362.47
1990,9,2,1,14.2423,2309.78
463,9,2,1,14.2236,2213.26
474,9,2,1,14.2083,2134.02
2140,9,2,1,14.1993,2092.69
2141,9,2,1,14.1914,2049.48
473,9,2,1,14.1912,2048.2
502,9,2,1,14.1821,2004.3
501,9,2,1,14.1766,1977.62
