Node, Individual, Route,Segment, Travel time, Travel cost, Attention time, Attention cost, Failure rate, Demand
369,0,0,0,16.0723,466.734,0.0456667,199.184,0.18,1
370,0,0,0,16.0674,429.544
365,0,0,0,16.0304,221.337
323,0,0,0,16.0153,99.0706
322,0,0,0,16.0151,98.4182
326,0,0,0,16,0
608,0,0,1,16.2287,1261.29,0.0561667,244.982,0.19,2
612,0,0,1,16.2241,1231.86
426,0,0,1,16.2167,1189.53
424,0,0,1,16.2145,1176.37
407,0,0,1,16.1937,1070.55
406,0,0,1,16.1897,1049.5
403,0,0,1,16.1777,990.875
394,0,0,1,16.1666,932.72
384,0,0,1,16.1622,910.099
385,0,0,1,16.1574,886.601
377,0,0,1,16.1543,869.559
2134,0,0,1,16.134,761.546
369,0,0,1,16.118,665.918
1077,0,0,2,16.4456,2364.59,0.0651667,284.237,0.25,3
1080,0,0,2,16.4347,2307.96
1079,0,0,2,16.4282,2274.04
1061,0,0,2,16.4239,2252.75
1063,0,0,2,16.4216,2239.95
1062,0,0,2,16.4206,2232.9
2159,0,0,2,16.4203,2231.63
1045,0,0,2,16.4197,2228.48
1043,0,0,2,16.4164,2211.91
2158,0,0,2,16.4102,2179.81
2030,0,0,2,16.4062,2159.97
1011,0,0,2,16.4061,2158.99
1547,0,0,2,16.3917,2088.66
1546,0,0,2,16.3858,2059.48
975,0,0,2,16.3825,2041.78
2026,0,0,2,16.3767,2010.57
2027,0,0,2,16.3693,1975.46
1998,0,0,2,16.3587,1921.97
1997,0,0,2,16.3508,1880.93
1996,0,0,2,16.3461,1857.8
1995,0,0,2,16.3413,1833.31
1993,0,0,2,16.3362,1806.44
1994,0,0,2,16.332,1784.95
562,0,0,2,16.3244,1744.2
563,0,0,2,16.3207,1725.01
564,0,0,2,16.3156,1697.08
557,0,0,2,16.3108,1666.16
561,0,0,2,16.3043,1619.73
628,0,0,2,16.3003,1594.75
615,0,0,2,16.2961,1567.63
608,0,0,2,16.2848,1506.27
2121,0,0,3,16.699,3600.06,0.0708333,308.954,0.35,4
2098,0,0,3,16.6927,3566.06
1823,0,0,3,16.6886,3545.07
2078,0,0,3,16.6816,3507.72
2077,0,0,3,16.6738,3468.34
2062,0,0,3,16.6542,3369.46
2058,0,0,3,16.6432,3315.16
1197,0,0,3,16.6368,3283.56
1191,0,0,3,16.6169,3185.44
1144,0,0,3,16.6083,3142.32
1124,0,0,3,16.5976,3090.74
2038,0,0,3,16.5858,3031.59
1102,0,0,3,16.5748,2975.91
1100,0,0,3,16.5647,2923.71
1101,0,0,3,16.552,2859.87
1082,0,0,3,16.5451,2824.01
1081,0,0,3,16.5285,2739.43
1078,0,0,3,16.5232,2710.98
1077,0,0,3,16.5108,2648.83
1445,0,0,4,16.8772,4471.25,0.0885,386.01,0.06,5
1444,0,0,4,16.8641,4400.15
1649,0,0,4,16.8618,4388.53
1658,0,0,4,16.8448,4296.99
1436,0,0,4,16.841,4275.91
2101,0,0,4,16.8375,4258.35
2083,0,0,4,16.8196,4168.66
1424,0,0,4,16.7907,4020.09
2121,0,0,4,16.7698,3909.01
1379,0,0,5,17.0995,5559.04,0.0583333,254.432,0.1,6
1398,0,0,5,17.0724,5419.63
1399,0,0,5,17.0636,5375.37
1657,0,0,5,17.0428,5266.76
2167,0,0,5,17.0381,5242.08
1442,0,0,5,17.019,5139.4
2084,0,0,5,16.9971,5025.19
1445,0,0,5,16.9657,4857.26
2048,0,0,6,17.2725,6400.19,0.0813333,354.751,0.09,7
1158,0,0,6,17.2493,6280.68
1329,0,0,6,17.2363,6213.08
1339,0,0,6,17.2194,6129.59
1340,0,0,6,17.2144,6103.49
1348,0,0,6,17.2139,6100.94
1349,0,0,6,17.2129,6096.12
1358,0,0,6,17.1954,6007.31
1368,0,0,6,17.1843,5945.77
1378,0,0,6,17.1628,5838.61
1379,0,0,6,17.1579,5813.47
966,0,0,7,17.5425,7710.82,0.114,497.234,0.08,8
969,0,0,7,17.5281,7640.47
967,0,0,7,17.517,7585.34
970,0,0,7,17.5094,7547.01
974,0,0,7,17.4982,7492.14
973,0,0,7,17.4919,7460.46
1008,0,0,7,17.4832,7416.55
1009,0,0,7,17.4704,7352.24
1041,0,0,7,17.4702,7351.55
1059,0,0,7,17.4617,7307.97
1058,0,0,7,17.4564,7281.58
1075,0,0,7,17.4381,7188.24
1076,0,0,7,17.4291,7140.86
1092,0,0,7,17.4243,7116.56
1091,0,0,7,17.4196,7092.57
1094,0,0,7,17.4096,7042.1
1120,0,0,7,17.403,7009.07
2045,0,0,7,17.3857,6917.44
1150,0,0,7,17.3733,6854.52
1149,0,0,7,17.3675,6825.56
2047,0,0,7,17.3621,6798.27
2048,0,0,7,17.3538,6754.94
558,0,0,8,17.7127,8478.62,0.0386667,168.652,0.04,9
623,0,0,8,17.7041,8436.83
625,0,0,8,17.6993,8413.25
626,0,0,8,17.6926,8381.05
621,0,0,8,17.6872,8353.54
677,0,0,8,17.6712,8279.86
680,0,0,8,17.6648,8247.85
966,0,0,8,17.6565,8208.05
391,0,0,9,17.8892,9439.81,0.0366667,159.929,0.32,10
399,0,0,9,17.8712,9348.32
411,0,0,9,17.8545,9259.25
1537,0,0,9,17.8099,9030.33
418,0,0,9,17.8053,9005
419,0,0,9,17.7905,8922.32
423,0,0,9,17.7857,8887.83
609,0,0,9,17.7798,8831.51
628,0,0,9,17.7704,8757.43
561,0,0,9,17.7667,8732.83
557,0,0,9,17.7589,8685.16
554,0,0,9,17.7573,8676.54
558,0,0,9,17.7513,8647.28
326,0,0,10,18.003,10022.9,0,0,0
373,0,0,10,17.9867,9933.36
375,0,0,10,17.9859,9929.43
382,0,0,10,17.9485,9726.3
383,0,0,10,17.9396,9676.19
391,0,0,10,17.9259,9599.74
608,1,0,0,16.2591,977.576,0.0561667,244.982,0.19,1
612,1,0,0,16.2545,948.155
423,1,0,0,16.2512,925.883
419,1,0,0,16.2459,891.074
418,1,0,0,16.2297,802.183
1741,1,0,0,16.2245,772.002
1740,1,0,0,16.2211,753.229
1739,1,0,0,16.2144,718.129
401,1,0,0,16.2046,663.959
393,1,0,0,16.1919,595.086
392,1,0,0,16.1673,466.087
383,1,0,0,16.1543,393.137
382,1,0,0,16.1432,333.701
375,1,0,0,16.105,126.852
373,1,0,0,16.1041,122.918
326,1,0,0,16.08,0
1077,1,0,1,16.476,2080.88,0.0651667,284.237,0.25,2
1080,1,0,1,16.4651,2024.25
1079,1,0,1,16.4586,1990.33
1061,1,0,1,16.4543,1969.04
1063,1,0,1,16.4521,1956.24
1062,1,0,1,16.451,1949.19
2159,1,0,1,16.4508,1947.92
1045,1,0,1,16.4501,1944.77
1043,1,0,1,16.4468,1928.2
2158,1,0,1,16.4406,1896.1
2030,1,0,1,16.4367,1876.26
1011,1,0,1,16.4365,1875.28
1547,1,0,1,16.4221,1804.95
1546,1,0,1,16.4162,1775.77
975,1,0,1,16.4129,1758.07
2026,1,0,1,16.4071,1726.86
2027,1,0,1,16.3997,1691.75
1998,1,0,1,16.3892,1638.26
1997,1,0,1,16.3812,1597.22
1996,1,0,1,16.3765,1574.09
1995,1,0,1,16.3717,1549.6
1993,1,0,1,16.3666,1522.73
1994,1,0,1,16.3624,1501.24
562,1,0,1,16.3548,1460.49
563,1,0,1,16.3511,1441.3
564,1,0,1,16.346,1413.37
557,1,0,1,16.3412,1382.45
561,1,0,1,16.3347,1336.02
628,1,0,1,16.3307,1311.04
615,1,0,1,16.3265,1283.92
608,1,0,1,16.3153,1222.56
2121,1,0,2,16.7294,3316.35,0.0708333,308.954,0.35,3
2098,1,0,2,16.7232,3282.35
1823,1,0,2,16.7191,3261.36
2078,1,0,2,16.7121,3224.01
2077,1,0,2,16.7042,3184.63
2062,1,0,2,16.6847,3085.75
2058,1,0,2,16.6737,3031.45
1197,1,0,2,16.6673,2999.85
1191,1,0,2,16.6473,2901.73
1144,1,0,2,16.6387,2858.61
1124,1,0,2,16.6281,2807.03
2038,1,0,2,16.6162,2747.88
1102,1,0,2,16.6052,2692.2
1100,1,0,2,16.5951,2640
1101,1,0,2,16.5824,2576.16
1082,1,0,2,16.5755,2540.3
1081,1,0,2,16.559,2455.72
1078,1,0,2,16.5536,2427.26
1077,1,0,2,16.5412,2365.12
1445,1,0,3,16.9076,4187.54,0.0885,386.01,0.06,4
1444,1,0,3,16.8945,4116.44
1649,1,0,3,16.8922,4104.82
1658,1,0,3,16.8752,4013.28
1436,1,0,3,16.8714,3992.2
2101,1,0,3,16.868,3974.64
2083,1,0,3,16.85,3884.95
1424,1,0,3,16.8211,3736.38
2121,1,0,3,16.8002,3625.3
1379,1,0,4,17.13,5275.33,0.0583333,254.432,0.1,5
1398,1,0,4,17.1028,5135.92
1399,1,0,4,17.094,5091.66
1657,1,0,4,17.0732,4983.05
2167,1,0,4,17.0685,4958.37
1442,1,0,4,17.0494,4855.69
2084,1,0,4,17.0275,4741.48
1445,1,0,4,16.9961,4573.55
2048,1,0,5,17.3029,6116.48,0.0813333,354.751,0.09,6
1158,1,0,5,17.2797,5996.97
1329,1,0,5,17.2667,5929.37
1339,1,0,5,17.2498,5845.88
1340,1,0,5,17.2448,5819.78
1348,1,0,5,17.2443,5817.23
1349,1,0,5,17.2434,5812.41
1358,1,0,5,17.2258,5723.59
1368,1,0,5,17.2147,5662.06
1378,1,0,5,17.1933,5554.9
1379,1,0,5,17.1883,5529.76
966,1,0,6,17.5729,7427.11,0.114,497.234,0.08,7
969,1,0,6,17.5585,7356.76
967,1,0,6,17.5474,7301.63
970,1,0,6,17.5398,7263.3
974,1,0,6,17.5287,7208.43
973,1,0,6,17.5224,7176.75
1008,1,0,6,17.5136,7132.84
1009,1,0,6,17.5008,7068.53
1041,1,0,6,17.5007,7067.84
1059,1,0,6,17.4921,7024.26
1058,1,0,6,17.4868,6997.87
1075,1,0,6,17.4685,6904.53
1076,1,0,6,17.4595,6857.15
1092,1,0,6,17.4548,6832.85
1091,1,0,6,17.4501,6808.86
1094,1,0,6,17.44,6758.38
1120,1,0,6,17.4335,6725.36
2045,1,0,6,17.4161,6633.73
1150,1,0,6,17.4037,6570.81
1149,1,0,6,17.3979,6541.85
2047,1,0,6,17.3925,6514.56
2048,1,0,6,17.3843,6471.23
558,1,0,7,17.7431,8194.92,0.0386667,168.652,0.04,8
623,1,0,7,17.7346,8153.12
625,1,0,7,17.7297,8129.54
626,1,0,7,17.7231,8097.34
621,1,0,7,17.7176,8069.83
677,1,0,7,17.7016,7996.15
680,1,0,7,17.6952,7964.14
966,1,0,7,17.6869,7924.34
391,1,0,8,17.9196,9156.1,0.0366667,159.929,0.32,9
399,1,0,8,17.9016,9064.61
411,1,0,8,17.8849,8975.54
1537,1,0,8,17.8403,8746.62
418,1,0,8,17.8357,8721.29
419,1,0,8,17.8209,8638.61
423,1,0,8,17.8161,8604.12
609,1,0,8,17.8102,8547.8
628,1,0,8,17.8008,8473.72
561,1,0,8,17.7971,8449.12
557,1,0,8,17.7893,8401.45
554,1,0,8,17.7877,8392.83
558,1,0,8,17.7817,8363.57
369,1,0,9,18.0117,9623.98,0.0408333,178.103,0.16,10
376,1,0,9,17.996,9535.17
382,1,0,9,17.9789,9442.59
383,1,0,9,17.97,9392.48
391,1,0,9,17.9563,9316.03
326,1,0,10,18.1193,10267.6,0,0,0
322,1,0,10,18.0996,10158.6
323,1,0,10,18.0995,10158
365,1,0,10,18.0806,10034.4
370,1,0,10,18.0576,9839.27
369,1,0,10,18.0526,9802.08
391,2,0,0,16.1521,487.618,0.0678333,295.869,0.3,1
383,2,0,0,16.1343,393.137
382,2,0,0,16.1232,333.701
375,2,0,0,16.085,126.852
373,2,0,0,16.0841,122.918
326,2,0,0,16.06,0
608,2,0,1,16.3165,1319.73,0.0561667,244.982,0.19,2
612,2,0,1,16.3119,1290.31
423,2,0,1,16.3086,1268.04
419,2,0,1,16.3033,1233.23
418,2,0,1,16.2871,1144.34
2139,2,0,1,16.2836,1124.64
2138,2,0,1,16.2664,1028.68
411,2,0,1,16.2534,956.267
400,2,0,1,16.2378,876.702
391,2,0,1,16.22,783.486
1077,2,0,2,16.5334,2423.04,0.0651667,284.237,0.25,3
1080,2,0,2,16.5225,2366.41
1079,2,0,2,16.516,2332.48
1061,2,0,2,16.5117,2311.2
1063,2,0,2,16.5094,2298.4
1062,2,0,2,16.5084,2291.35
2159,2,0,2,16.5081,2290.07
1045,2,0,2,16.5074,2286.92
1043,2,0,2,16.5042,2270.36
2158,2,0,2,16.498,2238.26
2030,2,0,2,16.494,2218.42
1011,2,0,2,16.4938,2217.44
1547,2,0,2,16.4795,2147.11
1546,2,0,2,16.4736,2117.93
975,2,0,2,16.4703,2100.23
2026,2,0,2,16.4645,2069.02
2027,2,0,2,16.4571,2033.9
1998,2,0,2,16.4465,1980.42
1997,2,0,2,16.4385,1939.38
1996,2,0,2,16.4339,1916.25
1995,2,0,2,16.4291,1891.76
1993,2,0,2,16.424,1864.89
1994,2,0,2,16.4198,1843.4
562,2,0,2,16.4122,1802.65
563,2,0,2,16.4084,1783.46
564,2,0,2,16.4033,1755.53
557,2,0,2,16.3986,1724.61
561,2,0,2,16.3921,1678.18
628,2,0,2,16.3881,1653.2
615,2,0,2,16.3838,1626.08
608,2,0,2,16.3726,1564.72
2121,2,0,3,16.7867,3658.51,0.0708333,308.954,0.35,4
2098,2,0,3,16.7805,3624.51
1823,2,0,3,16.7764,3603.52
2078,2,0,3,16.7694,3566.17
2077,2,0,3,16.7615,3526.79
2062,2,0,3,16.742,3427.91
2058,2,0,3,16.731,3373.6
1197,2,0,3,16.7246,3342.01
1191,2,0,3,16.7047,3243.88
1144,2,0,3,16.6961,3200.77
1124,2,0,3,16.6854,3149.19
2038,2,0,3,16.6736,3090.03
1102,2,0,3,16.6625,3034.36
1100,2,0,3,16.6525,2982.16
1101,2,0,3,16.6398,2918.31
1082,2,0,3,16.6329,2882.46
1081,2,0,3,16.6163,2797.88
1078,2,0,3,16.611,2769.42
1077,2,0,3,16.5986,2707.28
1445,2,0,4,16.9649,4529.7,0.0885,386.01,0.06,5
1444,2,0,4,16.9519,4458.6
1649,2,0,4,16.9495,4446.97
1658,2,0,4,16.9326,4355.44
1436,2,0,4,16.9288,4334.36
2101,2,0,4,16.9253,4316.8
2083,2,0,4,16.9074,4227.11
1424,2,0,4,16.8785,4078.54
2121,2,0,4,16.8576,3967.46
1379,2,0,5,17.2044,5689.36,0.0583333,254.432,0.1,6
1398,2,0,5,17.1714,5525.51
1399,2,0,5,17.1633,5484.04
1657,2,0,5,17.138,5356.45
2167,2,0,5,17.1336,5333.21
1442,2,0,5,17.1115,5217.69
2084,2,0,5,17.0848,5083.53
1445,2,0,5,17.0534,4915.71
2048,2,0,6,17.3774,6530.51,0.0813333,354.751,0.09,7
1158,2,0,6,17.3541,6411
1329,2,0,6,17.3412,6343.41
1339,2,0,6,17.3242,6259.91
1340,2,0,6,17.3193,6233.81
1348,2,0,6,17.3188,6231.27
1349,2,0,6,17.3178,6226.44
1358,2,0,6,17.3003,6137.63
1368,2,0,6,17.2892,6076.1
1378,2,0,6,17.2677,5968.94
1379,2,0,6,17.2627,5943.8
966,2,0,7,17.6474,7841.14,0.114,497.234,0.08,8
969,2,0,7,17.633,7770.79
967,2,0,7,17.6219,7715.66
970,2,0,7,17.6143,7677.33
974,2,0,7,17.6031,7622.47
973,2,0,7,17.5968,7590.78
1008,2,0,7,17.5881,7546.87
1009,2,0,7,17.5753,7482.56
1041,2,0,7,17.5751,7481.87
1059,2,0,7,17.5666,7438.29
1058,2,0,7,17.5613,7411.9
1075,2,0,7,17.543,7318.56
1076,2,0,7,17.534,7271.18
1092,2,0,7,17.5292,7246.88
1091,2,0,7,17.5245,7222.9
1094,2,0,7,17.5145,7172.42
1120,2,0,7,17.5079,7139.39
2045,2,0,7,17.4906,7047.77
1150,2,0,7,17.4782,6984.85
1149,2,0,7,17.4724,6955.88
2047,2,0,7,17.467,6928.6
2048,2,0,7,17.4587,6885.26
558,2,0,8,17.8175,8608.95,0.0386667,168.652,0.04,9
623,2,0,8,17.809,8567.15
625,2,0,8,17.8041,8543.57
626,2,0,8,17.7975,8511.38
621,2,0,8,17.792,8483.87
677,2,0,8,17.776,8410.18
680,2,0,8,17.7696,8378.17
966,2,0,8,17.7614,8338.38
369,2,0,9,18.0104,9642.91,0.0408333,178.103,0.16,10
2134,2,0,9,18.0005,9547.27
371,2,0,9,17.9954,9506.42
377,2,0,9,17.9763,9401.74
386,2,0,9,17.9621,9327.74
489,2,0,9,17.9524,9277.39
490,2,0,9,17.9341,9180.09
492,2,0,9,17.9272,9144.62
491,2,0,9,17.9236,9125.45
1991,2,0,9,17.9189,9102.28
513,2,0,9,17.9136,9075.37
1753,2,0,9,17.8993,9004.17
1751,2,0,9,17.8939,8975.9
530,2,0,9,17.8911,8959
1992,2,0,9,17.8876,8941.61
560,2,0,9,17.877,8886.81
555,2,0,9,17.8726,8865.5
559,2,0,9,17.8659,8827.73
554,2,0,9,17.8622,8806.86
558,2,0,9,17.8562,8777.6
326,2,0,10,18.1179,10286.5,0,0,0
322,2,0,10,18.0983,10177.6
323,2,0,10,18.0981,10176.9
365,2,0,10,18.0792,10053.3
370,2,0,10,18.0562,9858.2
369,2,0,10,18.0512,9821.01
391,3,0,0,16.0921,487.618,0.0678333,295.869,0.3,1
383,3,0,0,16.0743,393.137
382,3,0,0,16.0632,333.701
375,3,0,0,16.025,126.852
373,3,0,0,16.0241,122.918
326,3,0,0,16,0
1077,3,0,1,16.4124,2172.3,0.0651667,284.237,0.25,2
1080,3,0,1,16.4008,2113.1
1079,3,0,1,16.3943,2079.17
1061,3,0,1,16.3901,2057.89
1063,3,0,1,16.3878,2045.08
1062,3,0,1,16.3868,2038.04
2159,3,0,1,16.3865,2036.76
1045,3,0,1,16.3858,2033.61
1043,3,0,1,16.3825,2017.05
2158,3,0,1,16.3763,1984.94
2030,3,0,1,16.3724,1965.11
1011,3,0,1,16.3722,1964.13
1547,3,0,1,16.3578,1893.79
1546,3,0,1,16.352,1864.62
975,3,0,1,16.3486,1846.92
2026,3,0,1,16.3429,1815.71
2027,3,0,1,16.3354,1780.59
1998,3,0,1,16.3249,1727.1
1997,3,0,1,16.3169,1686.07
1996,3,0,1,16.3122,1662.94
1995,3,0,1,16.3074,1638.44
1993,3,0,1,16.3023,1611.57
1994,3,0,1,16.2981,1590.09
562,3,0,1,16.2905,1549.33
563,3,0,1,16.2868,1530.15
564,3,0,1,16.2817,1502.22
557,3,0,1,16.277,1471.3
561,3,0,1,16.2705,1424.86
628,3,0,1,16.2664,1399.88
609,3,0,1,16.2545,1324.36
423,3,0,1,16.2486,1268.04
419,3,0,1,16.2433,1233.23
418,3,0,1,16.2271,1144.34
2139,3,0,1,16.2236,1124.64
2138,3,0,1,16.2064,1028.68
411,3,0,1,16.1934,956.267
400,3,0,1,16.1778,876.702
391,3,0,1,16.16,783.486
2048,3,0,2,16.5562,2858.4,0.1025,447.074,0.08,3
1131,3,0,2,16.5501,2827.15
1130,3,0,2,16.5443,2798.22
1129,3,0,2,16.5279,2719.37
1121,3,0,2,16.5087,2619.79
1095,3,0,2,16.5006,2581.01
1093,3,0,2,16.4926,2539.01
1074,3,0,2,16.486,2502.41
1077,3,0,2,16.4775,2456.54
2121,3,0,3,16.7932,3998.28,0.0708333,308.954,0.35,4
2120,3,0,3,16.7844,3953.54
1414,3,0,3,16.7733,3896.46
1350,3,0,3,16.7607,3831.1
1332,3,0,3,16.7435,3740.39
1161,3,0,3,16.7257,3645.78
1162,3,0,3,16.7125,3579.01
1159,3,0,3,16.7015,3522.55
1158,3,0,3,16.6809,3420.52
2048,3,0,3,16.6587,3305.48
1445,3,0,4,16.9714,4869.47,0.0885,386.01,0.06,5
1444,3,0,4,16.9583,4798.38
1649,3,0,4,16.956,4786.75
1658,3,0,4,16.939,4695.22
1436,3,0,4,16.9352,4674.14
2101,3,0,4,16.9318,4656.58
2083,3,0,4,16.9139,4566.88
1424,3,0,4,16.8849,4418.32
2121,3,0,4,16.864,4307.23
1379,3,0,5,17.2109,6029.14,0.0583333,254.432,0.1,6
1398,3,0,5,17.1779,5865.28
1399,3,0,5,17.1697,5823.81
1657,3,0,5,17.1444,5696.23
2167,3,0,5,17.1401,5672.98
1442,3,0,5,17.118,5557.47
2084,3,0,5,17.0913,5423.31
1445,3,0,5,17.0599,5255.48
966,3,0,6,17.5515,7740.87,0.114,497.234,0.08,7
969,3,0,6,17.5384,7676.07
967,3,0,6,17.5267,7618.35
970,3,0,6,17.5194,7581.56
974,3,0,6,17.5083,7526.76
1007,3,0,6,17.4978,7475.13
1038,3,0,6,17.4824,7398.94
1039,3,0,6,17.4818,7396.26
1040,3,0,6,17.4755,7364.19
1056,3,0,6,17.4715,7342.03
1072,3,0,6,17.4543,7252.68
1071,3,0,6,17.4462,7210.95
1090,3,0,6,17.4375,7164.4
1089,3,0,6,17.4319,7133.34
1119,3,0,6,17.4246,7092.76
1118,3,0,6,17.418,7057.5
2044,3,0,6,17.4024,6976.24
2169,3,0,6,17.3924,6927.04
2171,3,0,6,17.3876,6902.24
2046,3,0,6,17.3816,6871.76
1778,3,0,6,17.3563,6743.71
1327,3,0,6,17.3448,6682.2
1343,3,0,6,17.3442,6679.47
1355,3,0,6,17.3214,6556.77
2076,3,0,6,17.3196,6547.65
1356,3,0,6,17.3106,6502.56
1357,3,0,6,17.3098,6498.84
1367,3,0,6,17.2986,6438.8
1375,3,0,6,17.2834,6360.15
1378,3,0,6,17.2742,6308.71
1379,3,0,6,17.2692,6283.57
558,3,0,7,17.7216,8508.67,0.0386667,168.652,0.04,8
623,3,0,7,17.7131,8466.87
625,3,0,7,17.7082,8443.29
626,3,0,7,17.7016,8411.1
621,3,0,7,17.6961,8383.59
677,3,0,7,17.6801,8309.91
680,3,0,7,17.6737,8277.9
966,3,0,7,17.6655,8238.1
608,3,0,8,17.8024,8969.43,0.0591667,258.067,0.19,9
612,3,0,8,17.7979,8940.13
423,3,0,8,17.7946,8917.88
609,3,0,8,17.7887,8861.56
628,3,0,8,17.7793,8787.48
561,3,0,8,17.7756,8762.87
557,3,0,8,17.7678,8715.2
554,3,0,8,17.7662,8706.59
558,3,0,8,17.7602,8677.32
369,3,0,9,18.0162,10113.4,0.0408333,178.103,0.16,10
2134,3,0,9,18.0064,10017.8
2136,3,0,9,17.995,9954.98
393,3,0,9,17.9638,9794.29
401,3,0,9,17.9507,9723.3
1739,3,0,9,17.9396,9663.97
1742,3,0,9,17.9326,9627.22
1741,3,0,9,17.9267,9595.09
418,3,0,9,17.9191,9555.14
419,3,0,9,17.9043,9472.46
423,3,0,9,17.8995,9437.97
613,3,0,9,17.8964,9423.17
611,3,0,9,17.8914,9391.01
619,3,0,9,17.8774,9315.13
618,3,0,9,17.8753,9304.56
615,3,0,9,17.8737,9292.76
608,3,0,9,17.8615,9227.5
326,3,0,10,18.1238,10757,0,0,0
322,3,0,10,18.1042,10648
323,3,0,10,18.104,10647.4
365,3,0,10,18.0851,10523.8
370,3,0,10,18.0621,10328.7
369,3,0,10,18.0571,10291.5
608,4,0,0,16.3191,977.576,0.0561667,244.982,0.19,1
612,4,0,0,16.3145,948.155
423,4,0,0,16.3112,925.883
419,4,0,0,16.3059,891.074
418,4,0,0,16.2897,802.183
1741,4,0,0,16.2845,772.002
1740,4,0,0,16.2811,753.229
1739,4,0,0,16.2744,718.129
401,4,0,0,16.2646,663.959
393,4,0,0,16.2519,595.086
392,4,0,0,16.2273,466.087
383,4,0,0,16.2143,393.137
382,4,0,0,16.2032,333.701
375,4,0,0,16.165,126.852
373,4,0,0,16.1641,122.918
326,4,0,0,16.14,0
1077,4,0,1,16.536,2080.88,0.0651667,284.237,0.25,2
1080,4,0,1,16.5251,2024.25
1079,4,0,1,16.5186,1990.33
1061,4,0,1,16.5143,1969.04
1063,4,0,1,16.5121,1956.24
1062,4,0,1,16.511,1949.19
2159,4,0,1,16.5108,1947.92
1045,4,0,1,16.5101,1944.77
1043,4,0,1,16.5068,1928.2
2158,4,0,1,16.5006,1896.1
2030,4,0,1,16.4967,1876.26
1011,4,0,1,16.4965,1875.28
1547,4,0,1,16.4821,1804.95
1546,4,0,1,16.4762,1775.77
975,4,0,1,16.4729,1758.07
2026,4,0,1,16.4671,1726.86
2027,4,0,1,16.4597,1691.75
1998,4,0,1,16.4492,1638.26
1997,4,0,1,16.4412,1597.22
1996,4,0,1,16.4365,1574.09
1995,4,0,1,16.4317,1549.6
1993,4,0,1,16.4266,1522.73
1994,4,0,1,16.4224,1501.24
562,4,0,1,16.4148,1460.49
563,4,0,1,16.4111,1441.3
564,4,0,1,16.406,1413.37
557,4,0,1,16.4012,1382.45
561,4,0,1,16.3947,1336.02
628,4,0,1,16.3907,1311.04
615,4,0,1,16.3865,1283.92
608,4,0,1,16.3753,1222.56
2121,4,0,2,16.7894,3316.35,0.0708333,308.954,0.35,3
2098,4,0,2,16.7831,3282.35
1823,4,0,2,16.7791,3261.36
2078,4,0,2,16.7721,3224.01
2077,4,0,2,16.7642,3184.63
2062,4,0,2,16.7447,3085.75
2058,4,0,2,16.7337,3031.45
1197,4,0,2,16.7273,2999.85
1191,4,0,2,16.7073,2901.73
1144,4,0,2,16.6987,2858.61
1124,4,0,2,16.6881,2807.03
2038,4,0,2,16.6762,2747.88
1102,4,0,2,16.6652,2692.2
1100,4,0,2,16.6551,2640
1101,4,0,2,16.6424,2576.16
1082,4,0,2,16.6355,2540.3
1081,4,0,2,16.619,2455.72
1078,4,0,2,16.6136,2427.26
1077,4,0,2,16.6012,2365.12
1445,4,0,3,16.9676,4187.54,0.0885,386.01,0.06,4
1444,4,0,3,16.9545,4116.44
1649,4,0,3,16.9522,4104.82
1658,4,0,3,16.9352,4013.28
1436,4,0,3,16.9314,3992.2
2101,4,0,3,16.928,3974.64
2083,4,0,3,16.91,3884.95
1424,4,0,3,16.8811,3736.38
2121,4,0,3,16.8602,3625.3
1379,4,0,4,17.2071,5347.2,0.0583333,254.432,0.1,5
1398,4,0,4,17.1741,5183.35
1399,4,0,4,17.1659,5141.88
1657,4,0,4,17.1406,5014.29
2167,4,0,4,17.1362,4991.05
1442,4,0,4,17.1141,4875.53
2084,4,0,4,17.0875,4741.37
1445,4,0,4,17.0561,4573.55
2048,4,0,5,17.38,6188.35,0.0813333,354.751,0.09,6
1158,4,0,5,17.3568,6068.84
1329,4,0,5,17.3438,6001.25
1339,4,0,5,17.3269,5917.75
1340,4,0,5,17.3219,5891.65
1348,4,0,5,17.3214,5889.11
1349,4,0,5,17.3204,5884.28
1358,4,0,5,17.3029,5795.47
1368,4,0,5,17.2918,5733.94
1378,4,0,5,17.2703,5626.78
1379,4,0,5,17.2654,5601.64
966,4,0,6,17.65,7498.98,0.114,497.234,0.08,7
969,4,0,6,17.6356,7428.63
967,4,0,6,17.6245,7373.5
970,4,0,6,17.6169,7335.17
974,4,0,6,17.6057,7280.31
973,4,0,6,17.5994,7248.62
1008,4,0,6,17.5907,7204.71
1009,4,0,6,17.5779,7140.4
1041,4,0,6,17.5778,7139.71
1059,4,0,6,17.5692,7096.14
1058,4,0,6,17.5639,7069.74
1075,4,0,6,17.5456,6976.4
1076,4,0,6,17.5366,6929.02
1092,4,0,6,17.5319,6904.72
1091,4,0,6,17.5272,6880.74
1094,4,0,6,17.5171,6830.26
1120,4,0,6,17.5106,6797.23
2045,4,0,6,17.4932,6705.61
1150,4,0,6,17.4808,6642.69
1149,4,0,6,17.475,6613.72
2047,4,0,6,17.4696,6586.44
2048,4,0,6,17.4614,6543.1
558,4,0,7,17.8202,8266.79,0.0386667,168.652,0.04,8
623,4,0,7,17.8117,8224.99
625,4,0,7,17.8068,8201.41
626,4,0,7,17.8002,8169.22
621,4,0,7,17.7947,8141.71
677,4,0,7,17.7787,8068.02
680,4,0,7,17.7723,8036.02
966,4,0,7,17.764,7996.22
369,4,0,8,18.013,9300.75,0.0408333,178.103,0.16,9
2134,4,0,8,18.0031,9205.11
371,4,0,8,17.998,9164.26
377,4,0,8,17.9789,9059.58
386,4,0,8,17.9648,8985.58
489,4,0,8,17.955,8935.23
490,4,0,8,17.9367,8837.93
492,4,0,8,17.9299,8802.47
491,4,0,8,17.9262,8783.29
1991,4,0,8,17.9216,8760.12
513,4,0,8,17.9162,8733.21
1753,4,0,8,17.902,8662.01
1751,4,0,8,17.8965,8633.74
530,4,0,8,17.8937,8616.84
1992,4,0,8,17.8902,8599.46
560,4,0,8,17.8796,8544.65
555,4,0,8,17.8753,8523.34
559,4,0,8,17.8685,8485.57
554,4,0,8,17.8648,8464.7
558,4,0,8,17.8588,8435.44
326,4,0,9,18.1205,9944.39,0,0,0
322,4,0,9,18.1009,9835.39
323,4,0,9,18.1008,9834.74
365,4,0,9,18.0819,9711.18
370,4,0,9,18.0588,9516.04
369,4,0,9,18.0538,9478.85
391,4,1,0,19.0194,475.97,0.0621667,271.152,0.27,1
383,4,1,0,19.0012,380.301
382,4,1,0,18.9885,314.223
375,4,1,0,18.9503,107.093
373,4,1,0,18.9495,103.159
326,4,1,0,18.93,0
326,4,1,1,19.1739,1240.21,0,0,0
373,4,1,1,19.1569,1147.58
375,4,1,1,19.1561,1143.65
382,4,1,1,19.1206,948.488
390,4,1,1,19.1053,865.527
391,4,1,1,19.0815,747.122
369,5,0,0,18.9473,481.952,0.0408333,178.103,0.16,1
370,5,0,0,18.9419,444.65
364,5,0,0,18.9017,221.973
374,5,0,0,18.8866,139.39
375,5,0,0,18.8803,107.093
373,5,0,0,18.8795,103.159
326,5,0,0,18.86,0
391,5,0,1,19.0599,1038.56,0.0621667,271.152,0.27,2
383,5,0,1,19.0418,942.888
382,5,0,1,19.0291,876.811
376,5,0,1,19.0084,768.484
369,5,0,1,18.9881,660.054
326,5,0,2,19.2145,1802.8,0,0,0
373,5,0,2,19.1975,1710.17
375,5,0,2,19.1966,1706.23
382,5,0,2,19.1611,1511.08
390,5,0,2,19.1458,1428.11
391,5,0,2,19.1221,1309.71
608,5,1,0,16.1991,977.576,0.0561667,244.982,0.19,1
612,5,1,0,16.1945,948.155
423,5,1,0,16.1912,925.883
419,5,1,0,16.1859,891.074
418,5,1,0,16.1697,802.183
1741,5,1,0,16.1645,772.002
1740,5,1,0,16.1611,753.229
1739,5,1,0,16.1544,718.129
401,5,1,0,16.1446,663.959
393,5,1,0,16.1319,595.086
392,5,1,0,16.1073,466.087
383,5,1,0,16.0943,393.137
382,5,1,0,16.0832,333.701
375,5,1,0,16.045,126.852
373,5,1,0,16.0441,122.918
326,5,1,0,16.02,0
1077,5,1,1,16.416,2080.88,0.0651667,284.237,0.25,2
1080,5,1,1,16.4051,2024.25
1079,5,1,1,16.3986,1990.33
1061,5,1,1,16.3943,1969.04
1063,5,1,1,16.3921,1956.24
1062,5,1,1,16.391,1949.19
2159,5,1,1,16.3908,1947.92
1045,5,1,1,16.3901,1944.77
1043,5,1,1,16.3868,1928.2
2158,5,1,1,16.3806,1896.1
2030,5,1,1,16.3767,1876.26
1011,5,1,1,16.3765,1875.28
1547,5,1,1,16.3621,1804.95
1546,5,1,1,16.3562,1775.77
975,5,1,1,16.3529,1758.07
2026,5,1,1,16.3471,1726.86
2027,5,1,1,16.3397,1691.75
1998,5,1,1,16.3292,1638.26
1997,5,1,1,16.3212,1597.22
1996,5,1,1,16.3165,1574.09
1995,5,1,1,16.3117,1549.6
1993,5,1,1,16.3066,1522.73
1994,5,1,1,16.3024,1501.24
562,5,1,1,16.2948,1460.49
563,5,1,1,16.2911,1441.3
564,5,1,1,16.286,1413.37
557,5,1,1,16.2812,1382.45
561,5,1,1,16.2747,1336.02
628,5,1,1,16.2707,1311.04
615,5,1,1,16.2665,1283.92
608,5,1,1,16.2553,1222.56
2048,5,1,2,16.5599,2766.99,0.1025,447.074,0.08,3
1131,5,1,2,16.5537,2735.73
1130,5,1,2,16.5479,2706.81
1129,5,1,2,16.5316,2627.96
1121,5,1,2,16.5124,2528.38
1095,5,1,2,16.5043,2489.6
1093,5,1,2,16.4963,2447.6
1074,5,1,2,16.4896,2410.99
1077,5,1,2,16.4812,2365.12
2121,5,1,3,16.7969,3906.87,0.0708333,308.954,0.35,4
2120,5,1,3,16.7881,3862.12
1414,5,1,3,16.777,3805.05
1350,5,1,3,16.7644,3739.69
1332,5,1,3,16.7472,3648.97
1161,5,1,3,16.7294,3554.37
1162,5,1,3,16.7162,3487.59
1159,5,1,3,16.7052,3431.14
1158,5,1,3,16.6846,3329.1
2048,5,1,3,16.6624,3214.06
1445,5,1,4,16.9751,4778.06,0.0885,386.01,0.06,5
1444,5,1,4,16.962,4706.96
1649,5,1,4,16.9597,4695.34
1658,5,1,4,16.9427,4603.8
1436,5,1,4,16.9389,4582.72
2101,5,1,4,16.9354,4565.16
2083,5,1,4,16.9175,4475.47
1424,5,1,4,16.8886,4326.9
2121,5,1,4,16.8677,4215.82
1379,5,1,5,17.2145,5937.72,0.0583333,254.432,0.1,6
1398,5,1,5,17.1816,5773.87
1399,5,1,5,17.1734,5732.4
1657,5,1,5,17.1481,5604.81
2167,5,1,5,17.1437,5581.57
1442,5,1,5,17.1216,5466.05
2084,5,1,5,17.095,5331.89
1445,5,1,5,17.0636,5164.07
966,5,1,6,17.5551,7649.45,0.114,497.234,0.08,7
969,5,1,6,17.5421,7584.66
967,5,1,6,17.5303,7526.94
970,5,1,6,17.5231,7490.15
974,5,1,6,17.5119,7435.35
1007,5,1,6,17.5014,7383.71
1038,5,1,6,17.486,7307.52
1039,5,1,6,17.4854,7304.85
1040,5,1,6,17.4791,7272.78
1056,5,1,6,17.4752,7250.62
1072,5,1,6,17.4579,7161.27
1071,5,1,6,17.4499,7119.54
1090,5,1,6,17.4412,7072.98
1089,5,1,6,17.4356,7041.93
1119,5,1,6,17.4282,7001.35
1118,5,1,6,17.4217,6966.09
2044,5,1,6,17.406,6884.83
2169,5,1,6,17.3961,6835.63
2171,5,1,6,17.3912,6810.83
2046,5,1,6,17.3852,6780.34
1778,5,1,6,17.36,6652.29
1327,5,1,6,17.3485,6590.79
1343,5,1,6,17.3479,6588.06
1355,5,1,6,17.3251,6465.35
2076,5,1,6,17.3232,6456.24
1356,5,1,6,17.3142,6411.15
1357,5,1,6,17.3135,6407.43
1367,5,1,6,17.3023,6347.38
1375,5,1,6,17.287,6268.73
1378,5,1,6,17.2778,6217.3
1379,5,1,6,17.2729,6192.16
558,5,1,7,17.7252,8417.26,0.0386667,168.652,0.04,8
623,5,1,7,17.7167,8375.46
625,5,1,7,17.7119,8351.88
626,5,1,7,17.7052,8319.69
621,5,1,7,17.6998,8292.17
677,5,1,7,17.6838,8218.49
680,5,1,7,17.6774,8186.48
966,5,1,7,17.6691,8146.69
326,5,1,8,17.967,9745.45,0,0,0
373,5,1,8,17.9507,9655.96
375,5,1,8,17.9499,9652.03
382,5,1,8,17.9126,9448.89
383,5,1,8,17.9036,9398.79
392,5,1,8,17.8907,9326.13
393,5,1,8,17.8626,9182.79
401,5,1,8,17.8495,9111.8
1739,5,1,8,17.8384,9052.47
1742,5,1,8,17.8314,9015.72
1741,5,1,8,17.8255,8983.59
418,5,1,8,17.8179,8943.63
419,5,1,8,17.8031,8860.96
423,5,1,8,17.7983,8826.46
609,5,1,8,17.7924,8770.14
628,5,1,8,17.783,8696.07
561,5,1,8,17.7792,8671.46
557,5,1,8,17.7715,8623.79
554,5,1,8,17.7699,8615.17
558,5,1,8,17.7639,8585.91
369,6,0,0,18.9673,481.952,0.0408333,178.103,0.16,1
370,6,0,0,18.9619,444.65
364,6,0,0,18.9217,221.973
374,6,0,0,18.9066,139.39
375,6,0,0,18.9003,107.093
373,6,0,0,18.8995,103.159
326,6,0,0,18.88,0
608,6,0,1,19.1145,1232.14,0.0618333,269.698,0.16,2
612,6,0,1,19.1095,1202.13
426,6,0,1,19.0995,1149.06
424,6,0,1,19.0969,1134.5
407,6,0,1,19.0744,1021.61
406,6,0,1,19.0706,1001.13
403,6,0,1,19.0621,957.654
394,6,0,1,19.0518,902.498
384,6,0,1,19.0487,885.483
385,6,0,1,19.0443,863.465
377,6,0,1,19.0413,846.98
2134,6,0,1,19.0253,757.649
369,6,0,1,19.0081,660.054
391,6,0,2,19.3303,2311.72,0.0621667,271.152,0.27,3
399,6,0,2,19.3106,2213.14
411,6,0,2,19.2896,2106.03
1537,6,0,2,19.2463,1882.38
418,6,0,2,19.2414,1855.53
419,6,0,2,19.2245,1764.06
423,6,0,2,19.2189,1728.85
613,6,0,2,19.2158,1714.05
611,6,0,2,19.2096,1679.28
619,6,0,2,19.1934,1594.51
618,6,0,2,19.1912,1583.32
615,6,0,2,19.1895,1571.47
608,6,0,2,19.1764,1501.84
326,6,0,3,19.4848,3075.95,0,0,0
373,6,0,3,19.4678,2983.33
375,6,0,3,19.467,2979.39
382,6,0,3,19.4315,2784.23
390,6,0,3,19.4162,2701.27
391,6,0,3,19.3925,2582.87
1077,6,1,0,16.3394,1848.65,0.0651667,284.237,0.25,1
1080,6,1,0,16.3247,1776.11
1079,6,1,0,16.3174,1738.67
1061,6,1,0,16.3131,1717.39
1063,6,1,0,16.3106,1703.49
1062,6,1,0,16.3095,1696.41
2159,6,1,0,16.3093,1695.35
1045,6,1,0,16.3086,1692.2
1043,6,1,0,16.3056,1676.59
2158,6,1,0,16.2989,1642.33
2030,6,1,0,16.2949,1622.49
1011,6,1,0,16.2948,1621.64
1547,6,1,0,16.2777,1540.43
1546,6,1,0,16.2724,1513.55
975,6,1,0,16.2689,1495.07
2026,6,1,0,16.2629,1462.97
2027,6,1,0,16.2579,1437.65
1998,6,1,0,16.2475,1384.94
1997,6,1,0,16.2395,1343.91
1996,6,1,0,16.2349,1320.78
1995,6,1,0,16.2301,1296.28
1993,6,1,0,16.225,1269.41
1994,6,1,0,16.2207,1247.93
562,6,1,0,16.2132,1207.17
563,6,1,0,16.2094,1187.99
564,6,1,0,16.2043,1160.06
557,6,1,0,16.1996,1129.14
561,6,1,0,16.1931,1082.7
628,6,1,0,16.1891,1057.72
609,6,1,0,16.1771,982.203
423,6,1,0,16.1712,925.883
419,6,1,0,16.1659,891.074
418,6,1,0,16.1497,802.183
1741,6,1,0,16.1445,772.002
1740,6,1,0,16.1411,753.229
1739,6,1,0,16.1344,718.129
401,6,1,0,16.1246,663.959
393,6,1,0,16.1119,595.086
392,6,1,0,16.0873,466.087
383,6,1,0,16.0743,393.137
382,6,1,0,16.0632,333.701
375,6,1,0,16.025,126.852
373,6,1,0,16.0241,122.918
326,6,1,0,16,0
2121,6,1,1,16.5928,3084.12,0.0708333,308.954,0.35,2
2098,6,1,1,16.5866,3050.12
1823,6,1,1,16.5825,3029.13
2078,6,1,1,16.5755,2991.78
2077,6,1,1,16.5676,2952.4
2062,6,1,1,16.5481,2853.52
2058,6,1,1,16.5371,2799.22
1197,6,1,1,16.5307,2767.62
1191,6,1,1,16.5107,2669.5
1144,6,1,1,16.5021,2626.38
1124,6,1,1,16.4915,2574.8
2038,6,1,1,16.4797,2515.64
1102,6,1,1,16.4686,2459.97
1100,6,1,1,16.4585,2407.77
1101,6,1,1,16.4458,2343.92
1082,6,1,1,16.4389,2308.07
1081,6,1,1,16.4224,2223.49
1078,6,1,1,16.417,2195.03
1077,6,1,1,16.4046,2132.89
1445,6,1,2,16.771,3955.31,0.0885,386.01,0.06,3
1444,6,1,2,16.7579,3884.21
1649,6,1,2,16.7556,3872.58
1658,6,1,2,16.7386,3781.05
1436,6,1,2,16.7348,3759.97
2101,6,1,2,16.7314,3742.41
2083,6,1,2,16.7135,3652.72
1424,6,1,2,16.6845,3504.15
2121,6,1,2,16.6636,3393.07
1379,6,1,3,16.9934,5043.1,0.0556667,242.801,0.1,4
1398,6,1,3,16.9663,4903.69
1399,6,1,3,16.9574,4859.43
1657,6,1,3,16.9366,4750.82
2167,6,1,3,16.9319,4726.14
1442,6,1,3,16.9128,4623.46
2084,6,1,3,16.8909,4509.25
1445,6,1,3,16.8595,4341.32
2048,6,1,4,17.1637,5872.61,0.0813333,354.751,0.09,5
1158,6,1,4,17.1404,5753.1
1329,6,1,4,17.1275,5685.51
1339,6,1,4,17.1105,5602.02
1340,6,1,4,17.1056,5575.91
1348,6,1,4,17.1051,5573.37
1349,6,1,4,17.1041,5568.54
1358,6,1,4,17.0866,5479.73
1368,6,1,4,17.0755,5418.2
1378,6,1,4,17.054,5311.04
1379,6,1,4,17.049,5285.9
966,6,1,5,17.4337,7183.25,0.114,497.234,0.08,6
969,6,1,5,17.4193,7112.89
967,6,1,5,17.4082,7057.77
970,6,1,5,17.4006,7019.43
974,6,1,5,17.3894,6964.57
973,6,1,5,17.3831,6932.89
1008,6,1,5,17.3744,6888.98
1009,6,1,5,17.3616,6824.67
1041,6,1,5,17.3614,6823.98
1059,6,1,5,17.3529,6780.4
1058,6,1,5,17.3476,6754.01
1075,6,1,5,17.3293,6660.66
1076,6,1,5,17.3203,6613.28
1092,6,1,5,17.3155,6588.99
1091,6,1,5,17.3108,6565
1094,6,1,5,17.3008,6514.52
1120,6,1,5,17.2942,6481.5
2045,6,1,5,17.2769,6389.87
1150,6,1,5,17.2645,6326.95
1149,6,1,5,17.2587,6297.99
2047,6,1,5,17.2533,6270.7
2048,6,1,5,17.245,6227.36
558,6,1,6,17.6038,7951.05,0.0386667,168.652,0.04,7
623,6,1,6,17.5953,7909.25
625,6,1,6,17.5904,7885.67
626,6,1,6,17.5838,7853.48
621,6,1,6,17.5783,7825.97
677,6,1,6,17.5623,7752.29
680,6,1,6,17.5559,7720.28
966,6,1,6,17.5477,7680.48
326,6,1,7,17.8456,9279.25,0,0,0
373,6,1,7,17.8293,9189.75
375,6,1,7,17.8285,9185.82
382,6,1,7,17.7912,8982.69
383,6,1,7,17.7822,8932.58
392,6,1,7,17.7692,8859.92
393,6,1,7,17.7412,8716.58
401,6,1,7,17.7281,8645.6
1739,6,1,7,17.717,8586.26
1742,6,1,7,17.71,8549.51
1741,6,1,7,17.7041,8517.38
418,6,1,7,17.6965,8477.43
419,6,1,7,17.6817,8394.75
423,6,1,7,17.6769,8360.26
609,6,1,7,17.671,8303.94
628,6,1,7,17.6615,8229.86
561,6,1,7,17.6578,8205.25
557,6,1,7,17.6501,8157.58
554,6,1,7,17.6485,8148.97
558,6,1,7,17.6425,8119.7
369,7,0,0,18.9673,481.952,0.0408333,178.103,0.16,1
370,7,0,0,18.9619,444.65
364,7,0,0,18.9217,221.973
374,7,0,0,18.9066,139.39
375,7,0,0,18.9003,107.093
373,7,0,0,18.8995,103.159
326,7,0,0,18.88,0
608,7,0,1,19.1145,1232.14,0.0618333,269.698,0.16,2
612,7,0,1,19.1095,1202.13
426,7,0,1,19.0995,1149.06
424,7,0,1,19.0969,1134.5
407,7,0,1,19.0744,1021.61
406,7,0,1,19.0706,1001.13
403,7,0,1,19.0621,957.654
394,7,0,1,19.0518,902.498
384,7,0,1,19.0487,885.483
385,7,0,1,19.0443,863.465
377,7,0,1,19.0413,846.98
2134,7,0,1,19.0253,757.649
369,7,0,1,19.0081,660.054
391,7,0,2,19.3303,2311.72,0.0621667,271.152,0.27,3
399,7,0,2,19.3106,2213.14
411,7,0,2,19.2896,2106.03
1537,7,0,2,19.2463,1882.38
418,7,0,2,19.2414,1855.53
419,7,0,2,19.2245,1764.06
423,7,0,2,19.2189,1728.85
613,7,0,2,19.2158,1714.05
611,7,0,2,19.2096,1679.28
619,7,0,2,19.1934,1594.51
618,7,0,2,19.1912,1583.32
615,7,0,2,19.1895,1571.47
608,7,0,2,19.1764,1501.84
326,7,0,3,19.4848,3075.95,0,0,0
373,7,0,3,19.4678,2983.33
375,7,0,3,19.467,2979.39
382,7,0,3,19.4315,2784.23
390,7,0,3,19.4162,2701.27
391,7,0,3,19.3925,2582.87
1077,7,1,0,16.3494,1848.65,0.0651667,284.237,0.25,1
1080,7,1,0,16.3347,1776.11
1079,7,1,0,16.3274,1738.67
1061,7,1,0,16.3231,1717.39
1063,7,1,0,16.3206,1703.49
1062,7,1,0,16.3195,1696.41
2159,7,1,0,16.3193,1695.35
1045,7,1,0,16.3186,1692.2
1043,7,1,0,16.3156,1676.59
2158,7,1,0,16.3089,1642.33
2030,7,1,0,16.3049,1622.49
1011,7,1,0,16.3048,1621.64
1547,7,1,0,16.2877,1540.43
1546,7,1,0,16.2824,1513.55
975,7,1,0,16.2789,1495.07
2026,7,1,0,16.2729,1462.97
2027,7,1,0,16.2679,1437.65
1998,7,1,0,16.2575,1384.94
1997,7,1,0,16.2495,1343.91
1996,7,1,0,16.2449,1320.78
1995,7,1,0,16.2401,1296.28
1993,7,1,0,16.235,1269.41
1994,7,1,0,16.2307,1247.93
562,7,1,0,16.2232,1207.17
563,7,1,0,16.2194,1187.99
564,7,1,0,16.2143,1160.06
557,7,1,0,16.2096,1129.14
561,7,1,0,16.2031,1082.7
628,7,1,0,16.1991,1057.72
609,7,1,0,16.1871,982.203
423,7,1,0,16.1812,925.883
419,7,1,0,16.1759,891.074
418,7,1,0,16.1597,802.183
1741,7,1,0,16.1545,772.002
1740,7,1,0,16.1511,753.229
1739,7,1,0,16.1444,718.129
401,7,1,0,16.1346,663.959
393,7,1,0,16.1219,595.086
392,7,1,0,16.0973,466.087
383,7,1,0,16.0843,393.137
382,7,1,0,16.0732,333.701
375,7,1,0,16.035,126.852
373,7,1,0,16.0341,122.918
326,7,1,0,16.01,0
2048,7,1,1,16.4933,2534.76,0.1025,447.074,0.08,2
1131,7,1,1,16.4872,2503.5
1130,7,1,1,16.4814,2474.58
1129,7,1,1,16.465,2395.73
1121,7,1,1,16.4458,2296.14
1095,7,1,1,16.4377,2257.37
1093,7,1,1,16.4297,2215.37
1074,7,1,1,16.423,2178.76
1077,7,1,1,16.4146,2132.89
2121,7,1,2,16.7303,3674.64,0.0708333,308.954,0.35,3
2120,7,1,2,16.7215,3629.89
1414,7,1,2,16.7104,3572.82
1350,7,1,2,16.6978,3507.46
1332,7,1,2,16.6806,3416.74
1161,7,1,2,16.6628,3322.14
1162,7,1,2,16.6496,3255.36
1159,7,1,2,16.6386,3198.91
1158,7,1,2,16.618,3096.87
2048,7,1,2,16.5958,2981.83
1445,7,1,3,16.9085,4545.83,0.0885,386.01,0.06,4
1444,7,1,3,16.8954,4474.73
1649,7,1,3,16.8931,4463.1
1658,7,1,3,16.8761,4371.57
1436,7,1,3,16.8723,4350.49
2101,7,1,3,16.8689,4332.93
2083,7,1,3,16.851,4243.24
1424,7,1,3,16.822,4094.67
2121,7,1,3,16.8011,3983.59
1379,7,1,4,17.1309,5633.62,0.0583333,254.432,0.1,5
1398,7,1,4,17.1037,5494.21
1399,7,1,4,17.0949,5449.95
1657,7,1,4,17.0741,5341.33
2167,7,1,4,17.0694,5316.66
1442,7,1,4,17.0503,5213.98
2084,7,1,4,17.0284,5099.77
1445,7,1,4,16.997,4931.84
966,7,1,5,17.4714,7345.35,0.114,497.234,0.08,6
969,7,1,5,17.4584,7280.55
967,7,1,5,17.4467,7222.83
970,7,1,5,17.4394,7186.04
974,7,1,5,17.4283,7131.25
1007,7,1,5,17.4178,7079.61
1038,7,1,5,17.4024,7003.42
1039,7,1,5,17.4018,7000.74
1040,7,1,5,17.3954,6968.67
1056,7,1,5,17.3915,6946.51
1072,7,1,5,17.3743,6857.16
1071,7,1,5,17.3662,6815.43
1090,7,1,5,17.3575,6768.88
1089,7,1,5,17.3519,6737.82
1119,7,1,5,17.3446,6697.25
1118,7,1,5,17.338,6661.98
2044,7,1,5,17.3224,6580.72
2169,7,1,5,17.3124,6531.52
2171,7,1,5,17.3076,6506.72
2046,7,1,5,17.3016,6476.24
1778,7,1,5,17.2763,6348.19
1327,7,1,5,17.2648,6286.68
1343,7,1,5,17.2642,6283.95
1355,7,1,5,17.2414,6161.25
2076,7,1,5,17.2395,6152.14
1356,7,1,5,17.2306,6107.04
1357,7,1,5,17.2298,6103.32
1367,7,1,5,17.2186,6043.28
1375,7,1,5,17.2034,5964.63
1378,7,1,5,17.1942,5913.19
1379,7,1,5,17.1892,5888.05
558,7,1,6,17.6416,8113.15,0.0386667,168.652,0.04,7
623,7,1,6,17.6331,8071.35
625,7,1,6,17.6282,8047.77
626,7,1,6,17.6216,8015.58
621,7,1,6,17.6161,7988.07
677,7,1,6,17.6001,7914.39
680,7,1,6,17.5937,7882.38
966,7,1,6,17.5854,7842.58
326,7,1,7,17.8833,9441.35,0,0,0
373,7,1,7,17.8671,9351.85
375,7,1,7,17.8662,9347.92
382,7,1,7,17.8289,9144.79
383,7,1,7,17.8199,9094.68
392,7,1,7,17.807,9022.02
393,7,1,7,17.7789,8878.68
401,7,1,7,17.7658,8807.7
1739,7,1,7,17.7548,8748.36
1742,7,1,7,17.7477,8711.61
1741,7,1,7,17.7418,8679.48
418,7,1,7,17.7342,8639.53
419,7,1,7,17.7194,8556.85
423,7,1,7,17.7146,8522.36
609,7,1,7,17.7087,8466.04
628,7,1,7,17.6993,8391.96
561,7,1,7,17.6956,8367.35
557,7,1,7,17.6878,8319.68
554,7,1,7,17.6862,8311.07
558,7,1,7,17.6802,8281.8
369,8,0,0,18.9873,481.952,0.0408333,178.103,0.16,1
370,8,0,0,18.9819,444.65
364,8,0,0,18.9417,221.973
374,8,0,0,18.9266,139.39
375,8,0,0,18.9203,107.093
373,8,0,0,18.9195,103.159
326,8,0,0,18.9,0
608,8,0,1,19.1345,1232.14,0.0618333,269.698,0.16,2
612,8,0,1,19.1295,1202.13
426,8,0,1,19.1195,1149.06
424,8,0,1,19.1169,1134.5
407,8,0,1,19.0944,1021.61
406,8,0,1,19.0906,1001.13
403,8,0,1,19.0821,957.654
394,8,0,1,19.0718,902.498
384,8,0,1,19.0687,885.483
385,8,0,1,19.0643,863.465
377,8,0,1,19.0613,846.98
2134,8,0,1,19.0453,757.649
369,8,0,1,19.0281,660.054
966,8,0,2,19.2901,1974.9,0.0808333,352.571,0.05,3
963,8,0,2,19.2785,1918.6
964,8,0,2,19.2725,1889.37
965,8,0,2,19.2642,1846.81
679,8,0,2,19.256,1807.05
678,8,0,2,19.2518,1784.14
624,8,0,2,19.2386,1721.86
620,8,0,2,19.2307,1684.29
622,8,0,2,19.2229,1646.03
561,8,0,2,19.2188,1625.52
628,8,0,2,19.2147,1600.48
615,8,0,2,19.2095,1571.47
608,8,0,2,19.1964,1501.84
391,8,0,3,19.579,3400.86,0.0621667,271.152,0.27,4
399,8,0,3,19.5592,3302.29
411,8,0,3,19.5383,3195.18
1537,8,0,3,19.495,2971.53
418,8,0,3,19.49,2944.68
419,8,0,3,19.4732,2853.2
423,8,0,3,19.4676,2818
613,8,0,3,19.4645,2803.2
611,8,0,3,19.4582,2768.43
619,8,0,3,19.4421,2683.66
618,8,0,3,19.4399,2672.46
615,8,0,3,19.4382,2660.61
617,8,0,3,19.4347,2643.07
616,8,0,3,19.4275,2606.89
676,8,0,3,19.4214,2575.83
674,8,0,3,19.407,2508.55
675,8,0,3,19.4005,2475.48
962,8,0,3,19.3946,2445.08
1759,8,0,3,19.3874,2410.01
965,8,0,3,19.3755,2350.65
966,8,0,3,19.3709,2327.47
326,8,0,4,19.7335,4165.1,0,0,0
373,8,0,4,19.7165,4072.47
375,8,0,4,19.7157,4068.54
382,8,0,4,19.6802,3873.38
390,8,0,4,19.6649,3790.42
391,8,0,4,19.6411,3672.01
1077,8,1,0,16.3394,1848.65,0.0651667,284.237,0.25,1
1080,8,1,0,16.3247,1776.11
1079,8,1,0,16.3174,1738.67
1061,8,1,0,16.3131,1717.39
1063,8,1,0,16.3106,1703.49
1062,8,1,0,16.3095,1696.41
2159,8,1,0,16.3093,1695.35
1045,8,1,0,16.3086,1692.2
1043,8,1,0,16.3056,1676.59
2158,8,1,0,16.2989,1642.33
2030,8,1,0,16.2949,1622.49
1011,8,1,0,16.2948,1621.64
1547,8,1,0,16.2777,1540.43
1546,8,1,0,16.2724,1513.55
975,8,1,0,16.2689,1495.07
2026,8,1,0,16.2629,1462.97
2027,8,1,0,16.2579,1437.65
1998,8,1,0,16.2475,1384.94
1997,8,1,0,16.2395,1343.91
1996,8,1,0,16.2349,1320.78
1995,8,1,0,16.2301,1296.28
1993,8,1,0,16.225,1269.41
1994,8,1,0,16.2207,1247.93
562,8,1,0,16.2132,1207.17
563,8,1,0,16.2094,1187.99
564,8,1,0,16.2043,1160.06
557,8,1,0,16.1996,1129.14
561,8,1,0,16.1931,1082.7
628,8,1,0,16.1891,1057.72
609,8,1,0,16.1771,982.203
423,8,1,0,16.1712,925.883
419,8,1,0,16.1659,891.074
418,8,1,0,16.1497,802.183
1741,8,1,0,16.1445,772.002
1740,8,1,0,16.1411,753.229
1739,8,1,0,16.1344,718.129
401,8,1,0,16.1246,663.959
393,8,1,0,16.1119,595.086
392,8,1,0,16.0873,466.087
383,8,1,0,16.0743,393.137
382,8,1,0,16.0632,333.701
375,8,1,0,16.025,126.852
373,8,1,0,16.0241,122.918
326,8,1,0,16,0
2121,8,1,1,16.5928,3084.12,0.0708333,308.954,0.35,2
2098,8,1,1,16.5866,3050.12
1823,8,1,1,16.5825,3029.13
2078,8,1,1,16.5755,2991.78
2077,8,1,1,16.5676,2952.4
2062,8,1,1,16.5481,2853.52
2058,8,1,1,16.5371,2799.22
1197,8,1,1,16.5307,2767.62
1191,8,1,1,16.5107,2669.5
1144,8,1,1,16.5021,2626.38
1124,8,1,1,16.4915,2574.8
2038,8,1,1,16.4797,2515.64
1102,8,1,1,16.4686,2459.97
1100,8,1,1,16.4585,2407.77
1101,8,1,1,16.4458,2343.92
1082,8,1,1,16.4389,2308.07
1081,8,1,1,16.4224,2223.49
1078,8,1,1,16.417,2195.03
1077,8,1,1,16.4046,2132.89
1445,8,1,2,16.771,3955.31,0.0885,386.01,0.06,3
1444,8,1,2,16.7579,3884.21
1649,8,1,2,16.7556,3872.58
1658,8,1,2,16.7386,3781.05
1436,8,1,2,16.7348,3759.97
2101,8,1,2,16.7314,3742.41
2083,8,1,2,16.7135,3652.72
1424,8,1,2,16.6845,3504.15
2121,8,1,2,16.6636,3393.07
1379,8,1,3,16.9934,5043.1,0.0556667,242.801,0.1,4
1398,8,1,3,16.9663,4903.69
1399,8,1,3,16.9574,4859.43
1657,8,1,3,16.9366,4750.82
2167,8,1,3,16.9319,4726.14
1442,8,1,3,16.9128,4623.46
2084,8,1,3,16.8909,4509.25
1445,8,1,3,16.8595,4341.32
2048,8,1,4,17.1637,5872.61,0.0813333,354.751,0.09,5
1158,8,1,4,17.1404,5753.1
1329,8,1,4,17.1275,5685.51
1339,8,1,4,17.1105,5602.02
1340,8,1,4,17.1056,5575.91
1348,8,1,4,17.1051,5573.37
1349,8,1,4,17.1041,5568.54
1358,8,1,4,17.0866,5479.73
1368,8,1,4,17.0755,5418.2
1378,8,1,4,17.054,5311.04
1379,8,1,4,17.049,5285.9
558,8,1,5,17.4653,7341.7,0.0386667,168.652,0.04,6
554,8,1,5,17.461,7319.54
566,8,1,5,17.4566,7291.9
635,8,1,5,17.4513,7267.02
631,8,1,5,17.4436,7229.35
630,8,1,5,17.4374,7199.24
681,8,1,5,17.4268,7147.12
684,8,1,5,17.4206,7116.72
967,8,1,5,17.4082,7057.77
970,8,1,5,17.4006,7019.43
974,8,1,5,17.3894,6964.57
973,8,1,5,17.3831,6932.89
1008,8,1,5,17.3744,6888.98
1009,8,1,5,17.3616,6824.67
1041,8,1,5,17.3614,6823.98
1059,8,1,5,17.3529,6780.4
1058,8,1,5,17.3476,6754.01
1075,8,1,5,17.3293,6660.66
1076,8,1,5,17.3203,6613.28
1092,8,1,5,17.3155,6588.99
1091,8,1,5,17.3108,6565
1094,8,1,5,17.3008,6514.52
1120,8,1,5,17.2942,6481.5
2045,8,1,5,17.2769,6389.87
1150,8,1,5,17.2645,6326.95
1149,8,1,5,17.2587,6297.99
2047,8,1,5,17.2533,6270.7
2048,8,1,5,17.245,6227.36
326,8,1,6,17.7071,8669.89,0,0,0
373,8,1,6,17.6908,8580.4
375,8,1,6,17.69,8576.46
382,8,1,6,17.6526,8373.33
383,8,1,6,17.6437,8323.23
392,8,1,6,17.6307,8250.57
393,8,1,6,17.6027,8107.23
401,8,1,6,17.5896,8036.24
1739,8,1,6,17.5785,7976.91
1742,8,1,6,17.5714,7940.16
1741,8,1,6,17.5656,7908.03
418,8,1,6,17.558,7868.07
419,8,1,6,17.5432,7785.4
423,8,1,6,17.5383,7750.91
609,8,1,6,17.5324,7694.58
628,8,1,6,17.523,7620.51
561,8,1,6,17.5193,7595.9
557,8,1,6,17.5115,7548.23
554,8,1,6,17.5099,7539.61
558,8,1,6,17.504,7510.35
369,9,0,0,18.9673,481.952,0.0408333,178.103,0.16,1
370,9,0,0,18.9619,444.65
364,9,0,0,18.9217,221.973
374,9,0,0,18.9066,139.39
375,9,0,0,18.9003,107.093
373,9,0,0,18.8995,103.159
326,9,0,0,18.88,0
608,9,0,1,19.1145,1232.14,0.0618333,269.698,0.16,2
612,9,0,1,19.1095,1202.13
426,9,0,1,19.0995,1149.06
424,9,0,1,19.0969,1134.5
407,9,0,1,19.0744,1021.61
406,9,0,1,19.0706,1001.13
403,9,0,1,19.0621,957.654
394,9,0,1,19.0518,902.498
384,9,0,1,19.0487,885.483
385,9,0,1,19.0443,863.465
377,9,0,1,19.0413,846.98
2134,9,0,1,19.0253,757.649
369,9,0,1,19.0081,660.054
966,9,0,2,19.2701,1974.9,0.0808333,352.571,0.05,3
963,9,0,2,19.2585,1918.6
964,9,0,2,19.2525,1889.37
965,9,0,2,19.2442,1846.81
679,9,0,2,19.236,1807.05
678,9,0,2,19.2318,1784.14
624,9,0,2,19.2186,1721.86
620,9,0,2,19.2107,1684.29
622,9,0,2,19.2029,1646.03
561,9,0,2,19.1987,1625.52
628,9,0,2,19.1947,1600.48
615,9,0,2,19.1895,1571.47
608,9,0,2,19.1764,1501.84
391,9,0,3,19.559,3400.86,0.0621667,271.152,0.27,4
399,9,0,3,19.5392,3302.29
411,9,0,3,19.5183,3195.18
1537,9,0,3,19.475,2971.53
418,9,0,3,19.47,2944.68
419,9,0,3,19.4532,2853.2
423,9,0,3,19.4476,2818
613,9,0,3,19.4445,2803.2
611,9,0,3,19.4382,2768.43
619,9,0,3,19.4221,2683.66
618,9,0,3,19.4199,2672.46
615,9,0,3,19.4182,2660.61
617,9,0,3,19.4147,2643.07
616,9,0,3,19.4075,2606.89
676,9,0,3,19.4014,2575.83
674,9,0,3,19.387,2508.55
675,9,0,3,19.3805,2475.48
962,9,0,3,19.3746,2445.08
1759,9,0,3,19.3674,2410.01
965,9,0,3,19.3555,2350.65
966,9,0,3,19.3509,2327.47
326,9,0,4,19.7135,4165.1,0,0,0
373,9,0,4,19.6965,4072.47
375,9,0,4,19.6957,4068.54
382,9,0,4,19.6602,3873.38
390,9,0,4,19.6449,3790.42
391,9,0,4,19.6211,3672.01
1077,9,1,0,16.3494,1848.65,0.0651667,284.237,0.25,1
1080,9,1,0,16.3347,1776.11
1079,9,1,0,16.3274,1738.67
1061,9,1,0,16.3231,1717.39
1063,9,1,0,16.3206,1703.49
1062,9,1,0,16.3195,1696.41
2159,9,1,0,16.3193,1695.35
1045,9,1,0,16.3186,1692.2
1043,9,1,0,16.3156,1676.59
2158,9,1,0,16.3089,1642.33
2030,9,1,0,16.3049,1622.49
1011,9,1,0,16.3048,1621.64
1547,9,1,0,16.2877,1540.43
1546,9,1,0,16.2824,1513.55
975,9,1,0,16.2789,1495.07
2026,9,1,0,16.2729,1462.97
2027,9,1,0,16.2679,1437.65
1998,9,1,0,16.2575,1384.94
1997,9,1,0,16.2495,1343.91
1996,9,1,0,16.2449,1320.78
1995,9,1,0,16.2401,1296.28
1993,9,1,0,16.235,1269.41
1994,9,1,0,16.2307,1247.93
562,9,1,0,16.2232,1207.17
563,9,1,0,16.2194,1187.99
564,9,1,0,16.2143,1160.06
557,9,1,0,16.2096,1129.14
561,9,1,0,16.2031,1082.7
628,9,1,0,16.1991,1057.72
609,9,1,0,16.1871,982.203
423,9,1,0,16.1812,925.883
419,9,1,0,16.1759,891.074
418,9,1,0,16.1597,802.183
1741,9,1,0,16.1545,772.002
1740,9,1,0,16.1511,753.229
1739,9,1,0,16.1444,718.129
401,9,1,0,16.1346,663.959
393,9,1,0,16.1219,595.086
392,9,1,0,16.0973,466.087
383,9,1,0,16.0843,393.137
382,9,1,0,16.0732,333.701
375,9,1,0,16.035,126.852
373,9,1,0,16.0341,122.918
326,9,1,0,16.01,0
2048,9,1,1,16.4933,2534.76,0.1025,447.074,0.08,2
1131,9,1,1,16.4872,2503.5
1130,9,1,1,16.4814,2474.58
1129,9,1,1,16.465,2395.73
1121,9,1,1,16.4458,2296.14
1095,9,1,1,16.4377,2257.37
1093,9,1,1,16.4297,2215.37
1074,9,1,1,16.423,2178.76
1077,9,1,1,16.4146,2132.89
2121,9,1,2,16.7303,3674.64,0.0708333,308.954,0.35,3
2120,9,1,2,16.7215,3629.89
1414,9,1,2,16.7104,3572.82
1350,9,1,2,16.6978,3507.46
1332,9,1,2,16.6806,3416.74
1161,9,1,2,16.6628,3322.14
1162,9,1,2,16.6496,3255.36
1159,9,1,2,16.6386,3198.91
1158,9,1,2,16.618,3096.87
2048,9,1,2,16.5958,2981.83
1445,9,1,3,16.9085,4545.83,0.0885,386.01,0.06,4
1444,9,1,3,16.8954,4474.73
1649,9,1,3,16.8931,4463.1
1658,9,1,3,16.8761,4371.57
1436,9,1,3,16.8723,4350.49
2101,9,1,3,16.8689,4332.93
2083,9,1,3,16.851,4243.24
1424,9,1,3,16.822,4094.67
2121,9,1,3,16.8011,3983.59
1379,9,1,4,17.1309,5633.62,0.0583333,254.432,0.1,5
1398,9,1,4,17.1037,5494.21
1399,9,1,4,17.0949,5449.95
1657,9,1,4,17.0741,5341.33
2167,9,1,4,17.0694,5316.66
1442,9,1,4,17.0503,5213.98
2084,9,1,4,17.0284,5099.77
1445,9,1,4,16.997,4931.84
558,9,1,5,17.5054,7512,0.0386667,168.652,0.04,6
554,9,1,5,17.5004,7486.83
566,9,1,5,17.4947,7455.39
635,9,1,5,17.4893,7430.51
631,9,1,5,17.481,7389.95
630,9,1,5,17.4734,7354.17
681,9,1,5,17.4636,7305.25
684,9,1,5,17.4578,7276.55
967,9,1,5,17.4467,7222.83
970,9,1,5,17.4394,7186.04
974,9,1,5,17.4283,7131.25
1007,9,1,5,17.4178,7079.61
1038,9,1,5,17.4024,7003.42
1039,9,1,5,17.4018,7000.74
1040,9,1,5,17.3954,6968.67
1056,9,1,5,17.3915,6946.51
1072,9,1,5,17.3743,6857.16
1071,9,1,5,17.3662,6815.43
1090,9,1,5,17.3575,6768.88
1089,9,1,5,17.3519,6737.82
1119,9,1,5,17.3446,6697.25
1118,9,1,5,17.338,6661.98
2044,9,1,5,17.3224,6580.72
2169,9,1,5,17.3124,6531.52
2171,9,1,5,17.3076,6506.72
2046,9,1,5,17.3016,6476.24
1778,9,1,5,17.2763,6348.19
1327,9,1,5,17.2648,6286.68
1343,9,1,5,17.2642,6283.95
1355,9,1,5,17.2414,6161.25
2076,9,1,5,17.2395,6152.14
1356,9,1,5,17.2306,6107.04
1357,9,1,5,17.2298,6103.32
1367,9,1,5,17.2186,6043.28
1375,9,1,5,17.2034,5964.63
1378,9,1,5,17.1942,5913.19
1379,9,1,5,17.1892,5888.05
326,9,1,6,17.7471,8840.19,0,0,0
373,9,1,6,17.7309,8750.7
375,9,1,6,17.73,8746.77
382,9,1,6,17.6927,8543.63
383,9,1,6,17.6837,8493.53
392,9,1,6,17.6708,8420.87
393,9,1,6,17.6427,8277.53
401,9,1,6,17.6296,8206.54
1739,9,1,6,17.6186,8147.21
1742,9,1,6,17.6115,8110.46
1741,9,1,6,17.6056,8078.33
418,9,1,6,17.598,8038.37
419,9,1,6,17.5832,7955.7
423,9,1,6,17.5784,7921.21
609,9,1,6,17.5725,7864.89
628,9,1,6,17.5631,7790.81
561,9,1,6,17.5594,7766.2
557,9,1,6,17.5516,7718.53
554,9,1,6,17.55,7709.91
558,9,1,6,17.544,7680.65
