Node, Individual, Route,Segment, Travel time, Travel cost, Attention time, Attention cost, Failure rate, Demand
912,0,0,0,12.9893,662.175,0.0361667,157.748,0.15,1
913,0,0,0,12.9863,645.262
914,0,0,0,12.9759,587.538
902,0,0,0,12.9696,552.537
887,0,0,0,12.953,467.238
2012,0,0,0,12.9355,375.593
884,0,0,0,12.931,352.657
1987,0,0,0,12.8936,162.675
428,0,0,0,12.8886,137.306
429,0,0,0,12.86,0
1603,0,0,1,13.3035,2324.47,0.0466667,203.546,0.03,2
1589,0,0,1,13.2834,2212.68
1560,0,0,1,13.2499,2032.47
1591,0,0,1,13.2323,1932.59
1559,0,0,1,13.2146,1837.6
1319,0,0,1,13.2076,1801.36
1311,0,0,1,13.1769,1614.35
1312,0,0,1,13.1621,1537.34
1306,0,0,1,13.162,1536.98
1301,0,0,1,13.1469,1457.79
2024,0,0,1,13.1372,1404.1
2025,0,0,1,13.1254,1337.21
1598,0,0,1,13.1205,1311.82
948,0,0,1,13.1158,1285.79
928,0,0,1,13.105,1226.36
923,0,0,1,13.0698,1050.1
924,0,0,1,13.0615,1010.78
914,0,0,1,13.0413,904.723
913,0,0,1,13.0289,838.408
912,0,0,1,13.0255,819.923
1664,0,0,2,13.839,5077.2,0.0606667,264.61,0.08,3
1172,0,0,2,13.8102,4934.67
1023,0,0,2,13.7811,4778.98
1021,0,0,2,13.7664,4701.88
1022,0,0,2,13.7626,4682.65
1020,0,0,2,13.754,4639.22
1019,0,0,2,13.7468,4602.59
1047,0,0,2,13.7417,4577.99
1065,0,0,2,13.7255,4481.77
1064,0,0,2,13.7189,4448.51
1062,0,0,2,13.7125,4416.29
1063,0,0,2,13.7095,4401.93
1061,0,0,2,13.7059,4383.44
1080,0,0,2,13.6995,4350.62
1081,0,0,2,13.6892,4296.22
1098,0,0,2,13.6826,4261.45
1097,0,0,2,13.6748,4223.7
2037,0,0,2,13.6526,4111.29
1132,0,0,2,13.6434,4062.97
1135,0,0,2,13.6366,4028.91
2049,0,0,2,13.6316,4002.64
1159,0,0,2,13.6119,3898.99
1160,0,0,2,13.5983,3830.11
1330,0,0,2,13.594,3807.54
1339,0,0,2,13.5708,3688.55
1340,0,0,2,13.5662,3663.91
1348,0,0,2,13.5657,3661.36
1349,0,0,2,13.5646,3656.23
1357,0,0,2,13.5525,3593.62
1356,0,0,2,13.5517,3589.9
2076,0,0,2,13.5462,3559.5
1355,0,0,2,13.5449,3552.75
1364,0,0,2,13.5449,3552.54
1362,0,0,2,13.5348,3499.29
1382,0,0,2,13.5172,3402.07
1389,0,0,2,13.4893,3254.41
1388,0,0,2,13.4809,3207.39
1323,0,0,2,13.4801,3203.6
2072,0,0,2,13.453,3073.97
1588,0,0,2,13.4198,2897.76
1590,0,0,2,13.3985,2781.51
1589,0,0,2,13.3711,2643.15
1603,0,0,2,13.3502,2528.01
368,0,0,3,14.1484,6824.22,0.0801667,349.663,0.1,4
451,0,0,3,14.127,6706.92
1716,0,0,3,14.1246,6690.5
462,0,0,3,14.1174,6651.68
1990,0,0,3,14.1096,6598.64
452,0,0,3,14.1056,6566.56
453,0,0,3,14.0948,6479.14
455,0,0,3,14.0835,6411.33
454,0,0,3,14.0803,6393.95
457,0,0,3,14.0737,6339.88
456,0,0,3,14.0688,6310.84
458,0,0,3,14.0596,6249.93
459,0,0,3,14.0529,6204.58
1543,0,0,3,14.0444,6142.77
715,0,0,3,14.0393,6098.93
716,0,0,3,14.026,6024.57
722,0,0,3,14.0255,6021.76
724,0,0,3,14.0013,5878.4
728,0,0,3,13.9917,5813.25
731,0,0,3,13.9812,5754.43
730,0,0,3,13.9806,5750.97
2003,0,0,3,13.9531,5615.32
2147,0,0,3,13.9424,5557.94
743,0,0,3,13.9389,5540.9
2054,0,0,3,13.9388,5540.81
1166,0,0,3,13.928,5485.95
1664,0,0,3,13.8996,5341.81
139,0,0,4,14.3452,7801.69,0.102667,447.801,0.25,5
140,0,0,4,14.3244,7688.04
360,0,0,4,14.2857,7478.44
361,0,0,4,14.2732,7409.57
367,0,0,4,14.2394,7221.77
368,0,0,4,14.2286,7173.88
429,0,0,5,14.6659,9405.92,0,0,0
415,0,0,5,14.6436,9296.23
2138,0,0,5,14.6434,9295.2
411,0,0,5,14.6302,9221.97
400,0,0,5,14.6126,9134.11
391,0,0,5,14.5952,9042.58
383,0,0,5,14.5761,8942.8
382,0,0,5,14.5624,8872.49
376,0,0,5,14.5466,8785.38
369,0,0,5,14.5294,8690.19
360,0,0,5,14.5079,8574.6
140,0,0,5,14.4678,8359.37
139,0,0,5,14.4479,8249.49
912,1,0,0,12.6893,662.175,0.0361667,157.748,0.15,1
913,1,0,0,12.6863,645.262
914,1,0,0,12.6759,587.538
902,1,0,0,12.6696,552.537
887,1,0,0,12.653,467.238
2012,1,0,0,12.6355,375.593
884,1,0,0,12.631,352.657
1987,1,0,0,12.5936,162.675
428,1,0,0,12.5886,137.306
429,1,0,0,12.56,0
1603,1,0,1,13.0143,2358.51,0.0466667,203.546,0.03,2
1589,1,0,1,12.9906,2231.45
1560,1,0,1,12.9569,2050.34
1591,1,0,1,12.938,1945.25
1559,1,0,1,12.9191,1844.92
1320,1,0,1,12.9148,1822.71
1602,1,0,1,12.8979,1735.77
1312,1,0,1,12.8749,1606.65
1306,1,0,1,12.8748,1606.28
1599,1,0,1,12.8572,1509.83
1300,1,0,1,12.8529,1483.41
1298,1,0,1,12.8475,1454.23
1297,1,0,1,12.8452,1441.75
954,1,0,1,12.8081,1251.86
945,1,0,1,12.801,1215.2
926,1,0,1,12.7735,1074.52
911,1,0,1,12.7501,945.28
912,1,0,1,12.7255,819.923
1664,1,0,2,13.5497,5111.25,0.0606667,264.61,0.08,3
1172,1,0,2,13.521,4968.72
1023,1,0,2,13.4918,4813.03
1021,1,0,2,13.4772,4735.93
1022,1,0,2,13.4733,4716.7
1020,1,0,2,13.4647,4673.27
1019,1,0,2,13.4575,4636.64
1047,1,0,2,13.4524,4612.04
1065,1,0,2,13.4362,4515.81
1064,1,0,2,13.4296,4482.56
1062,1,0,2,13.4232,4450.34
1063,1,0,2,13.4203,4435.98
1061,1,0,2,13.4167,4417.49
1080,1,0,2,13.4103,4384.67
1081,1,0,2,13.4,4330.27
1098,1,0,2,13.3933,4295.5
1097,1,0,2,13.3855,4257.75
2037,1,0,2,13.3634,4145.34
1132,1,0,2,13.3541,4097.02
1135,1,0,2,13.3473,4062.96
2049,1,0,2,13.3424,4036.69
1159,1,0,2,13.3226,3933.03
1160,1,0,2,13.309,3864.16
1330,1,0,2,13.3047,3841.59
1339,1,0,2,13.2815,3722.6
1340,1,0,2,13.2769,3697.95
1348,1,0,2,13.2764,3695.41
1349,1,0,2,13.2754,3690.27
1357,1,0,2,13.2632,3627.67
1356,1,0,2,13.2625,3623.95
2076,1,0,2,13.2569,3593.54
1355,1,0,2,13.2557,3586.8
1364,1,0,2,13.2556,3586.59
1362,1,0,2,13.2455,3533.34
1382,1,0,2,13.2279,3436.12
1389,1,0,2,13.2001,3288.46
1388,1,0,2,13.1916,3241.43
1323,1,0,2,13.1908,3237.65
2072,1,0,2,13.1637,3108.02
1588,1,0,2,13.1306,2931.81
1590,1,0,2,13.1093,2815.56
1589,1,0,2,13.0818,2677.2
1603,1,0,2,13.0609,2562.06
139,1,0,3,13.9548,7408.73,0.0406667,177.376,0.22,4
140,1,0,3,13.9313,7283.54
360,1,0,3,13.8909,7066.94
366,1,0,3,13.8725,6966.33
371,1,0,3,13.8622,6907.32
372,1,0,3,13.8473,6803.33
460,1,0,3,13.8415,6768.68
461,1,0,3,13.8297,6700.1
462,1,0,3,13.8281,6685.72
1990,1,0,3,13.8203,6632.69
452,1,0,3,13.8163,6600.61
453,1,0,3,13.8056,6513.19
455,1,0,3,13.7942,6445.38
454,1,0,3,13.791,6428
457,1,0,3,13.7845,6373.93
456,1,0,3,13.7795,6344.89
458,1,0,3,13.7703,6283.98
459,1,0,3,13.7637,6238.63
1543,1,0,3,13.7551,6176.82
715,1,0,3,13.75,6132.98
716,1,0,3,13.7368,6058.62
722,1,0,3,13.7362,6055.8
724,1,0,3,13.712,5912.44
728,1,0,3,13.7024,5847.3
731,1,0,3,13.6919,5788.48
730,1,0,3,13.6913,5785.02
2003,1,0,3,13.6638,5649.37
2147,1,0,3,13.6531,5591.98
743,1,0,3,13.6496,5574.95
2054,1,0,3,13.6496,5574.86
1166,1,0,3,13.6388,5520
1664,1,0,3,13.6104,5375.86
368,1,0,4,14.1029,8180.53,0.0801667,349.663,0.1,5
367,1,0,4,14.0978,8155.33
361,1,0,4,14.0663,7977.94
360,1,0,4,14.0567,7916.69
140,1,0,4,14.0171,7703.65
139,1,0,4,13.9954,7586.1
429,1,0,5,14.3505,9449.87,0,0,0
1988,1,0,5,14.322,9306.25
417,1,0,5,14.2968,9181.86
418,1,0,5,14.2941,9166.5
1741,1,0,5,14.2879,9132.6
1740,1,0,5,14.2842,9112.31
1739,1,0,5,14.2789,9083.4
401,1,0,5,14.2691,9029.45
393,1,0,5,14.2561,8958.96
2136,1,0,5,14.2311,8824.47
2134,1,0,5,14.2186,8757.13
371,1,0,5,14.2133,8716.34
372,1,0,5,14.1992,8612.63
368,1,0,5,14.1831,8530.2
139,2,0,0,12.6953,1199.67,0.0526667,229.716,0.18,1
140,2,0,0,12.675,1088.05
360,2,0,0,12.6319,860.146
366,2,0,0,12.6147,764.395
2134,2,0,0,12.6025,697.704
2136,2,0,0,12.5904,631.809
393,2,0,0,12.5562,458.416
401,2,0,0,12.5438,390.328
1739,2,0,0,12.5343,338.004
1742,2,0,0,12.5261,296.363
1741,2,0,0,12.5205,265.545
418,2,0,0,12.5127,224.669
2139,2,0,0,12.509,203.706
2138,2,0,0,12.4924,110.515
415,2,0,0,12.492,108.239
429,2,0,0,12.47,0
368,2,0,1,12.8627,2050.78,0.0693333,302.411,0.09,2
367,2,0,1,12.8591,2031.88
361,2,0,1,12.8252,1844.1
360,2,0,1,12.8141,1780.55
140,2,0,1,12.7681,1540.1
139,2,0,1,12.748,1429.39
1664,2,0,2,13.1977,3912.6,0.0606667,264.61,0.08,3
1175,2,0,2,13.1846,3847.19
2054,2,0,2,13.1457,3654.43
743,2,0,2,13.1457,3654.34
739,2,0,2,13.1313,3576.91
1668,2,0,2,13.1149,3488.09
731,2,0,2,13.1054,3436.24
730,2,0,2,13.1047,3432.66
723,2,0,2,13.0713,3256.25
722,2,0,2,13.0581,3164.94
726,2,0,2,13.0471,3089.23
714,2,0,2,13.0469,3087.36
1543,2,0,2,13.0427,3057.4
459,2,0,2,13.0326,2994.3
458,2,0,2,13.0251,2947.96
456,2,0,2,13.0149,2885.89
457,2,0,2,13.0077,2847.54
454,2,0,2,12.9998,2793.42
455,2,0,2,12.9975,2779.2
453,2,0,2,12.9882,2713.61
452,2,0,2,12.9756,2626.11
1990,2,0,2,12.9721,2593.44
462,2,0,2,12.9626,2538.21
461,2,0,2,12.9601,2523.49
460,2,0,2,12.9506,2457.83
372,2,0,2,12.9454,2424.11
368,2,0,2,12.932,2353.19
1603,2,0,3,13.7695,6831.61,0.0466667,203.546,0.03,4
1589,2,0,3,13.7497,6721.05
1590,2,0,3,13.7043,6509.7
1588,2,0,3,13.6857,6405.08
2072,2,0,3,13.6526,6229.19
1323,2,0,3,13.6373,6148.32
1388,2,0,3,13.6365,6144.54
1389,2,0,3,13.6229,6075.64
1382,2,0,3,13.597,5936.31
1362,2,0,3,13.5743,5817.31
1361,2,0,3,13.5692,5790.31
1354,2,0,3,13.5692,5790.12
1355,2,0,3,13.5567,5730.46
2076,2,0,3,13.5548,5721.35
1356,2,0,3,13.5464,5678.64
1357,2,0,3,13.5457,5674.92
1358,2,0,3,13.5344,5616.55
1352,2,0,3,13.5239,5562.67
1351,2,0,3,13.5136,5508.98
1350,2,0,3,13.5059,5469.4
1414,2,0,3,13.4889,5385.6
2120,2,0,3,13.4791,5333.94
2097,2,0,3,13.4701,5287.4
1415,2,0,3,13.4566,5218.77
1416,2,0,3,13.4387,5131.03
1554,2,0,3,13.4372,5123.21
2079,2,0,3,13.4282,5079.35
2080,2,0,3,13.4123,5000.57
2081,2,0,3,13.3938,4905.91
1207,2,0,3,13.3741,4800.71
2061,2,0,3,13.3657,4753.7
2056,2,0,3,13.32,4491.82
1181,2,0,3,13.3171,4470.14
1180,2,0,3,13.317,4469.77
1179,2,0,3,13.2966,4370.46
1175,2,0,3,13.2747,4255.99
1664,2,0,3,13.2583,4177.21
912,2,0,4,14.0756,8498.38,0.100167,436.897,0.15,5
911,2,0,4,14.0584,8404.3
926,2,0,4,14.0307,8256.88
945,2,0,4,14.0039,8118.66
954,2,0,4,13.9972,8083.73
1297,2,0,4,13.9659,7918.6
1299,2,0,4,13.9604,7887.17
1600,2,0,4,13.9589,7873.72
1599,2,0,4,13.9584,7868.62
1601,2,0,4,13.9541,7836.98
1311,2,0,4,13.9392,7743.49
1319,2,0,4,13.9092,7557.45
1559,2,0,4,13.9055,7532.29
1591,2,0,4,13.8945,7457.43
1560,2,0,4,13.872,7336.77
1589,2,0,4,13.837,7150.29
1603,2,0,4,13.8161,7035.15
429,2,0,5,14.2931,9537.28,0,0,0
886,2,0,5,14.2505,9330.96
888,2,0,5,14.2284,9214.99
903,2,0,5,14.2173,9156.39
904,2,0,5,14.2138,9137.71
902,2,0,5,14.2,9064.47
914,2,0,5,14.1923,9023.02
913,2,0,5,14.1793,8954.26
912,2,0,5,14.1758,8935.28
139,3,0,0,12.6153,1199.67,0.0526667,229.716,0.18,1
140,3,0,0,12.595,1088.05
360,3,0,0,12.5519,860.146
366,3,0,0,12.5347,764.395
2134,3,0,0,12.5225,697.704
2136,3,0,0,12.5104,631.809
393,3,0,0,12.4762,458.416
401,3,0,0,12.4638,390.328
1739,3,0,0,12.4543,338.004
1742,3,0,0,12.4461,296.363
1741,3,0,0,12.4405,265.545
418,3,0,0,12.4327,224.669
2139,3,0,0,12.429,203.706
2138,3,0,0,12.4124,110.515
415,3,0,0,12.412,108.239
429,3,0,0,12.39,0
368,3,0,1,12.7827,2050.78,0.0693333,302.411,0.09,2
367,3,0,1,12.7791,2031.88
361,3,0,1,12.7452,1844.1
360,3,0,1,12.7341,1780.55
140,3,0,1,12.6881,1540.1
139,3,0,1,12.668,1429.39
1664,3,0,2,13.1177,3912.6,0.0606667,264.61,0.08,3
1175,3,0,2,13.1046,3847.19
2054,3,0,2,13.0657,3654.43
743,3,0,2,13.0657,3654.34
739,3,0,2,13.0513,3576.91
1668,3,0,2,13.0349,3488.09
731,3,0,2,13.0254,3436.24
730,3,0,2,13.0247,3432.66
723,3,0,2,12.9913,3256.25
722,3,0,2,12.9781,3164.94
726,3,0,2,12.9671,3089.23
714,3,0,2,12.9669,3087.36
1543,3,0,2,12.9627,3057.4
459,3,0,2,12.9526,2994.3
458,3,0,2,12.9451,2947.96
456,3,0,2,12.9349,2885.89
457,3,0,2,12.9277,2847.54
454,3,0,2,12.9198,2793.42
455,3,0,2,12.9175,2779.2
453,3,0,2,12.9082,2713.61
452,3,0,2,12.8956,2626.11
1990,3,0,2,12.8921,2593.44
462,3,0,2,12.8826,2538.21
461,3,0,2,12.8801,2523.49
460,3,0,2,12.8706,2457.83
372,3,0,2,12.8654,2424.11
368,3,0,2,12.852,2353.19
1603,3,0,3,13.6895,6831.61,0.0466667,203.546,0.03,4
1589,3,0,3,13.6697,6721.05
1590,3,0,3,13.6243,6509.7
1588,3,0,3,13.6057,6405.08
2072,3,0,3,13.5726,6229.19
1323,3,0,3,13.5573,6148.32
1388,3,0,3,13.5565,6144.54
1389,3,0,3,13.5429,6075.64
1382,3,0,3,13.517,5936.31
1362,3,0,3,13.4943,5817.31
1361,3,0,3,13.4892,5790.31
1354,3,0,3,13.4892,5790.12
1355,3,0,3,13.4767,5730.46
2076,3,0,3,13.4748,5721.35
1356,3,0,3,13.4664,5678.64
1357,3,0,3,13.4657,5674.92
1358,3,0,3,13.4544,5616.55
1352,3,0,3,13.4439,5562.67
1351,3,0,3,13.4336,5508.98
1350,3,0,3,13.4259,5469.4
1414,3,0,3,13.4089,5385.6
2120,3,0,3,13.3991,5333.94
2097,3,0,3,13.3901,5287.4
1415,3,0,3,13.3766,5218.77
1416,3,0,3,13.3587,5131.03
1554,3,0,3,13.3572,5123.21
2079,3,0,3,13.3482,5079.35
2080,3,0,3,13.3323,5000.57
2081,3,0,3,13.3138,4905.91
1207,3,0,3,13.2941,4800.71
2061,3,0,3,13.2857,4753.7
2056,3,0,3,13.24,4491.82
1181,3,0,3,13.2371,4470.14
1180,3,0,3,13.237,4469.77
1179,3,0,3,13.2166,4370.46
1175,3,0,3,13.1947,4255.99
1664,3,0,3,13.1783,4177.21
912,3,0,4,13.9956,8498.38,0.1015,442.712,0.14,5
911,3,0,4,13.9784,8404.3
926,3,0,4,13.9507,8256.88
945,3,0,4,13.9239,8118.66
954,3,0,4,13.9172,8083.73
1297,3,0,4,13.8859,7918.6
1299,3,0,4,13.8804,7887.17
1600,3,0,4,13.8789,7873.72
1599,3,0,4,13.8784,7868.62
1601,3,0,4,13.8741,7836.98
1311,3,0,4,13.8592,7743.49
1319,3,0,4,13.8292,7557.45
1559,3,0,4,13.8255,7532.29
1591,3,0,4,13.8145,7457.43
1560,3,0,4,13.792,7336.77
1589,3,0,4,13.757,7150.29
1603,3,0,4,13.7361,7035.15
429,3,0,5,14.2144,9543.09,0,0,0
886,3,0,5,14.1719,9336.77
888,3,0,5,14.1497,9220.81
903,3,0,5,14.1386,9162.21
904,3,0,5,14.1351,9143.53
902,3,0,5,14.1214,9070.29
914,3,0,5,14.1136,9028.83
913,3,0,5,14.1006,8960.08
912,3,0,5,14.0971,8941.1
368,4,0,0,12.7774,949.515,0.0693333,302.411,0.09,1
372,4,0,0,12.7563,846.645
371,4,0,0,12.7379,738.483
2134,4,0,0,12.7325,697.704
2136,4,0,0,12.7204,631.809
393,4,0,0,12.6862,458.416
401,4,0,0,12.6738,390.328
1739,4,0,0,12.6643,338.004
1742,4,0,0,12.6561,296.363
1741,4,0,0,12.6505,265.545
418,4,0,0,12.6427,224.669
2139,4,0,0,12.639,203.706
2138,4,0,0,12.6224,110.515
415,4,0,0,12.622,108.239
429,4,0,0,12.6,0
139,4,0,1,12.9616,1873.91,0.0526667,229.716,0.18,2
140,4,0,1,12.9412,1762.29
360,4,0,1,12.8982,1534.39
361,4,0,1,12.8842,1458.62
367,4,0,1,12.8499,1269.12
368,4,0,1,12.8467,1251.93
912,4,0,2,13.2961,3610.95,0.1015,442.712,0.14,3
900,4,0,2,13.2893,3574.28
882,4,0,2,13.2614,3422.82
880,4,0,2,13.2457,3340.52
881,4,0,2,13.2314,3262.34
1985,4,0,2,13.206,3124.28
409,4,0,2,13.1864,3025.72
397,4,0,2,13.1691,2935.07
390,4,0,2,13.1497,2834.11
382,4,0,2,13.1333,2746.54
376,4,0,2,13.1163,2653.94
369,4,0,2,13.0965,2547.53
360,4,0,2,13.0755,2434.22
140,4,0,2,13.0359,2221.18
139,4,0,2,13.0142,2103.63
1603,4,0,3,13.6756,5558.21,0.0466667,203.546,0.03,4
1589,4,0,3,13.6555,5446.42
1560,4,0,3,13.622,5266.21
1591,4,0,3,13.6043,5166.33
1559,4,0,3,13.5867,5071.34
1319,4,0,3,13.5797,5035.1
1311,4,0,3,13.549,4848.09
1312,4,0,3,13.5341,4771.08
1306,4,0,3,13.534,4770.72
1301,4,0,3,13.519,4691.53
2024,4,0,3,13.5092,4637.84
2025,4,0,3,13.4975,4570.95
1598,4,0,3,13.4926,4545.57
948,4,0,3,13.4879,4519.53
928,4,0,3,13.477,4460.1
923,4,0,3,13.4419,4283.84
924,4,0,3,13.4336,4244.52
914,4,0,3,13.4134,4138.47
913,4,0,3,13.401,4072.15
912,4,0,3,13.3976,4053.67
1664,4,0,4,14.211,8310.94,0.0496667,216.631,0.07,5
1172,4,0,4,14.1823,8168.41
1023,4,0,4,14.1532,8012.73
1021,4,0,4,14.1385,7935.62
1022,4,0,4,14.1346,7916.39
1020,4,0,4,14.126,7872.97
1019,4,0,4,14.1189,7836.33
1047,4,0,4,14.1138,7811.73
1065,4,0,4,14.0976,7715.51
1064,4,0,4,14.0909,7682.25
1062,4,0,4,14.0846,7650.03
1063,4,0,4,14.0816,7635.67
1061,4,0,4,14.078,7617.18
1080,4,0,4,14.0716,7584.36
1081,4,0,4,14.0613,7529.96
1098,4,0,4,14.0546,7495.19
1097,4,0,4,14.0468,7457.45
2037,4,0,4,14.0247,7345.03
1132,4,0,4,14.0154,7296.72
1135,4,0,4,14.0087,7262.65
2049,4,0,4,14.0037,7236.38
1159,4,0,4,13.9839,7132.73
1160,4,0,4,13.9703,7063.85
1330,4,0,4,13.966,7041.28
1339,4,0,4,13.9429,6922.29
1340,4,0,4,13.9382,6897.65
1348,4,0,4,13.9377,6895.1
1349,4,0,4,13.9367,6889.97
1357,4,0,4,13.9246,6827.36
1356,4,0,4,13.9238,6823.64
2076,4,0,4,13.9183,6793.24
1355,4,0,4,13.917,6786.49
1364,4,0,4,13.917,6786.28
1362,4,0,4,13.9069,6733.04
1382,4,0,4,13.8893,6635.81
1389,4,0,4,13.8614,6488.15
1388,4,0,4,13.8529,6441.13
1323,4,0,4,13.8522,6437.34
2072,4,0,4,13.8251,6307.71
1588,4,0,4,13.7919,6131.5
1590,4,0,4,13.7706,6015.26
1589,4,0,4,13.7432,5876.89
1603,4,0,4,13.7223,5761.75
429,4,0,5,14.5785,10264.4,0,0,0
1988,4,0,5,14.5477,10111.3
417,4,0,5,14.5244,9994.71
418,4,0,5,14.5211,9976.9
419,4,0,5,14.5053,9889.9
423,4,0,5,14.5007,9855.46
609,4,0,5,14.4948,9799.14
628,4,0,5,14.4855,9725.01
561,4,0,5,14.4819,9700.48
557,4,0,5,14.4747,9653.52
554,4,0,5,14.4726,9643.03
565,4,0,5,14.4644,9597.4
573,4,0,5,14.4591,9570.81
574,4,0,5,14.4505,9519.78
580,4,0,5,14.4295,9410.14
596,4,0,5,14.4233,9350.29
595,4,0,5,14.419,9322.95
603,4,0,5,14.414,9297.15
552,4,0,5,14.3801,9130.97
1800,4,0,5,14.3718,9088.24
755,4,0,5,14.3554,9005.98
708,4,0,5,14.3393,8923.26
996,4,0,5,14.3388,8921.04
1671,4,0,5,14.3159,8804.73
1165,4,0,5,14.3054,8752.21
1799,4,0,5,14.2963,8706.1
1172,4,0,5,14.2887,8667.12
1664,4,0,5,14.2607,8527.58
368,5,0,0,12.1874,949.515,0.0693333,302.411,0.09,1
372,5,0,0,12.1663,846.645
371,5,0,0,12.1479,738.483
2134,5,0,0,12.1425,697.704
2136,5,0,0,12.1304,631.809
393,5,0,0,12.0962,458.416
401,5,0,0,12.0838,390.328
1739,5,0,0,12.0743,338.004
1742,5,0,0,12.0661,296.363
1741,5,0,0,12.0605,265.545
418,5,0,0,12.0527,224.669
2139,5,0,0,12.049,203.706
2138,5,0,0,12.0324,110.515
415,5,0,0,12.032,108.239
429,5,0,0,12.01,0
139,5,0,1,12.3716,1873.91,0.0526667,229.716,0.18,2
140,5,0,1,12.3512,1762.29
360,5,0,1,12.3082,1534.39
361,5,0,1,12.2942,1458.62
367,5,0,1,12.2599,1269.12
368,5,0,1,12.2567,1251.93
1603,5,0,2,12.9256,4916.14,0.100667,439.078,0.02,3
1589,5,0,2,12.9021,4789.8
1560,5,0,2,12.8682,4607.79
1591,5,0,2,12.8472,4493.6
1559,5,0,2,12.827,4388.02
1319,5,0,2,12.8214,4357.29
1318,5,0,2,12.8137,4314.51
1292,5,0,2,12.813,4310.78
1285,5,0,2,12.7803,4122.23
1310,5,0,2,12.7796,4118.91
1553,5,0,2,12.7558,3991.47
1298,5,0,2,12.752,3970.39
2176,5,0,2,12.7456,3931.36
2066,5,0,2,12.7355,3864.37
869,5,0,2,12.7263,3789.22
1856,5,0,2,12.7197,3744.23
855,5,0,2,12.7196,3743.52
843,5,0,2,12.697,3627.46
832,5,0,2,12.6867,3566.99
831,5,0,2,12.6808,3534.93
2153,5,0,2,12.6808,3534.85
821,5,0,2,12.6692,3475.28
2008,5,0,2,12.6607,3432.49
812,5,0,2,12.6427,3334.79
807,5,0,2,12.6426,3334
356,5,0,2,12.6264,3249.2
1981,5,0,2,12.6142,3165.69
345,5,0,2,12.594,3062.11
341,5,0,2,12.5846,3012.14
2132,5,0,2,12.5844,3010.09
328,5,0,2,12.5677,2914.55
2115,5,0,2,12.5577,2861.35
329,5,0,2,12.554,2841.31
1979,5,0,2,12.5467,2805.85
1978,5,0,2,12.5068,2581.85
107,5,0,2,12.4987,2528.12
1967,5,0,2,12.4957,2499.42
105,5,0,2,12.4709,2350.97
136,5,0,2,12.4384,2178.29
139,5,0,2,12.4242,2103.63
912,5,0,3,13.2857,6818.45,0.1015,442.712,0.14,4
911,5,0,3,13.2685,6724.36
926,5,0,3,13.2408,6576.95
945,5,0,3,13.214,6438.73
954,5,0,3,13.2073,6403.79
1297,5,0,3,13.176,6238.67
1299,5,0,3,13.1705,6207.23
1600,5,0,3,13.169,6193.78
1599,5,0,3,13.1685,6188.69
1601,5,0,3,13.1642,6157.05
1311,5,0,3,13.1493,6063.56
1319,5,0,3,13.1193,5877.52
1559,5,0,3,13.1156,5852.35
1591,5,0,3,13.1046,5777.49
1560,5,0,3,13.0821,5656.84
1589,5,0,3,13.0471,5470.36
1603,5,0,3,13.0263,5355.22
429,5,0,4,13.51,7885.3,0,0,0
886,5,0,4,13.4613,7653.89
888,5,0,4,13.4415,7547.78
903,5,0,4,13.4277,7477.9
904,5,0,4,13.4243,7459.52
902,5,0,4,13.4106,7386.78
914,5,0,4,13.4031,7345.96
913,5,0,4,13.3906,7279.65
912,5,0,4,13.3872,7261.16
1664,5,1,0,14.998,1629.73,0.0496667,216.631,0.07,1
1172,5,1,0,14.9774,1521.45
1799,5,1,0,14.968,1474.69
1671,5,1,0,14.955,1408
1672,5,1,0,14.937,1313.41
708,5,1,0,14.9198,1229.31
709,5,1,0,14.9113,1187.13
1667,5,1,0,14.8766,1014.01
2179,5,1,0,14.8753,1008.13
662,5,1,0,14.8691,978.483
602,5,1,0,14.8579,910.417
604,5,1,0,14.8555,893.73
596,5,1,0,14.8554,892.758
580,5,1,0,14.8411,816.552
574,5,1,0,14.8197,705.648
573,5,1,0,14.81,651.241
564,5,1,0,14.8032,613.852
557,5,1,0,14.7972,580.305
561,5,1,0,14.7911,533.943
628,5,1,0,14.7875,509.469
609,5,1,0,14.7764,434.843
423,5,1,0,14.7705,378.523
419,5,1,0,14.7663,343.934
418,5,1,0,14.7486,248.624
2139,5,1,0,14.7449,227.99
2138,5,1,0,14.7282,134.184
415,5,1,0,14.7277,131.908
429,5,1,0,14.7,0
429,5,1,1,15.3375,3485.49,0,0,0
1988,5,1,1,15.3129,3358.36
417,5,1,1,15.2905,3245.77
418,5,1,1,15.2871,3227.36
419,5,1,1,15.2704,3136.56
423,5,1,1,15.2656,3102.09
609,5,1,1,15.2597,3045.77
628,5,1,1,15.2507,2971.48
561,5,1,1,15.2468,2946.69
557,5,1,1,15.2394,2899.5
554,5,1,1,15.237,2887.4
565,5,1,1,15.2299,2845.19
573,5,1,1,15.2245,2818.6
574,5,1,1,15.2173,2769.13
580,5,1,1,15.2001,2676.18
596,5,1,1,15.194,2616.32
595,5,1,1,15.19,2589.3
603,5,1,1,15.1849,2563.09
552,5,1,1,15.1557,2416.36
1800,5,1,1,15.1445,2361.71
755,5,1,1,15.1283,2280.33
708,5,1,1,15.1079,2179.68
996,5,1,1,15.1074,2177.46
1023,5,1,1,15.0923,2100.03
1172,5,1,1,15.0742,1979.93
1664,5,1,1,15.0477,1846.37
