Node, Individual, Route,Segment, Travel time, Travel cost, Attention time, Attention cost, Failure rate, Demand
912,0,0,0,12.9693,662.175,0.0361667,157.748,0.15,1
913,0,0,0,12.9663,645.262
914,0,0,0,12.9559,587.538
902,0,0,0,12.9496,552.537
887,0,0,0,12.933,467.238
2012,0,0,0,12.9155,375.593
884,0,0,0,12.911,352.657
1987,0,0,0,12.8736,162.675
428,0,0,0,12.8686,137.306
429,0,0,0,12.84,0
1603,0,0,1,13.2835,2324.47,0.0466667,203.546,0.03,2
1589,0,0,1,13.2634,2212.68
1560,0,0,1,13.2299,2032.47
1591,0,0,1,13.2123,1932.59
1559,0,0,1,13.1946,1837.6
1319,0,0,1,13.1876,1801.36
1311,0,0,1,13.1569,1614.35
1312,0,0,1,13.1421,1537.34
1306,0,0,1,13.142,1536.98
1301,0,0,1,13.1269,1457.79
2024,0,0,1,13.1172,1404.1
2025,0,0,1,13.1054,1337.21
1598,0,0,1,13.1005,1311.82
948,0,0,1,13.0958,1285.79
928,0,0,1,13.085,1226.36
923,0,0,1,13.0498,1050.1
924,0,0,1,13.0415,1010.78
914,0,0,1,13.0213,904.723
913,0,0,1,13.0089,838.408
912,0,0,1,13.0055,819.923
1664,0,0,2,13.819,5077.2,0.0606667,264.61,0.08,3
1172,0,0,2,13.7902,4934.67
1023,0,0,2,13.7611,4778.98
1021,0,0,2,13.7464,4701.88
1022,0,0,2,13.7426,4682.65
1020,0,0,2,13.734,4639.22
1019,0,0,2,13.7268,4602.59
1047,0,0,2,13.7217,4577.99
1065,0,0,2,13.7055,4481.77
1064,0,0,2,13.6989,4448.51
1062,0,0,2,13.6925,4416.29
1063,0,0,2,13.6895,4401.93
1061,0,0,2,13.6859,4383.44
1080,0,0,2,13.6795,4350.62
1081,0,0,2,13.6692,4296.22
1098,0,0,2,13.6626,4261.45
1097,0,0,2,13.6548,4223.7
2037,0,0,2,13.6326,4111.29
1132,0,0,2,13.6234,4062.97
1135,0,0,2,13.6166,4028.91
2049,0,0,2,13.6116,4002.64
1159,0,0,2,13.5919,3898.99
1160,0,0,2,13.5783,3830.11
1330,0,0,2,13.574,3807.54
1339,0,0,2,13.5508,3688.55
1340,0,0,2,13.5462,3663.91
1348,0,0,2,13.5457,3661.36
1349,0,0,2,13.5446,3656.23
1357,0,0,2,13.5325,3593.62
1356,0,0,2,13.5317,3589.9
2076,0,0,2,13.5262,3559.5
1355,0,0,2,13.5249,3552.75
1364,0,0,2,13.5249,3552.54
1362,0,0,2,13.5148,3499.29
1382,0,0,2,13.4972,3402.07
1389,0,0,2,13.4693,3254.41
1388,0,0,2,13.4609,3207.39
1323,0,0,2,13.4601,3203.6
2072,0,0,2,13.433,3073.97
1588,0,0,2,13.3998,2897.76
1590,0,0,2,13.3785,2781.51
1589,0,0,2,13.3511,2643.15
1603,0,0,2,13.3302,2528.01
368,0,0,3,14.1284,6824.22,0.0801667,349.663,0.1,4
451,0,0,3,14.107,6706.92
1716,0,0,3,14.1046,6690.5
462,0,0,3,14.0974,6651.68
1990,0,0,3,14.0896,6598.64
452,0,0,3,14.0856,6566.56
453,0,0,3,14.0748,6479.14
455,0,0,3,14.0635,6411.33
454,0,0,3,14.0603,6393.95
457,0,0,3,14.0537,6339.88
456,0,0,3,14.0488,6310.84
458,0,0,3,14.0396,6249.93
459,0,0,3,14.0329,6204.58
1543,0,0,3,14.0244,6142.77
715,0,0,3,14.0193,6098.93
716,0,0,3,14.006,6024.57
722,0,0,3,14.0055,6021.76
724,0,0,3,13.9813,5878.4
728,0,0,3,13.9717,5813.25
731,0,0,3,13.9612,5754.43
730,0,0,3,13.9606,5750.97
2003,0,0,3,13.9331,5615.32
2147,0,0,3,13.9224,5557.94
743,0,0,3,13.9189,5540.9
2054,0,0,3,13.9188,5540.81
1166,0,0,3,13.908,5485.95
1664,0,0,3,13.8796,5341.81
139,0,0,4,14.3252,7801.69,0.102667,447.801,0.25,5
140,0,0,4,14.3044,7688.04
360,0,0,4,14.2657,7478.44
361,0,0,4,14.2532,7409.57
367,0,0,4,14.2194,7221.77
368,0,0,4,14.2086,7173.88
429,0,0,5,14.6459,9405.92,0,0,0
415,0,0,5,14.6236,9296.23
2138,0,0,5,14.6234,9295.2
411,0,0,5,14.6102,9221.97
400,0,0,5,14.5926,9134.11
391,0,0,5,14.5752,9042.58
383,0,0,5,14.5561,8942.8
382,0,0,5,14.5424,8872.49
376,0,0,5,14.5266,8785.38
369,0,0,5,14.5094,8690.19
360,0,0,5,14.4879,8574.6
140,0,0,5,14.4478,8359.37
139,0,0,5,14.4279,8249.49
912,1,0,0,12.6893,662.175,0.0361667,157.748,0.15,1
913,1,0,0,12.6863,645.262
914,1,0,0,12.6759,587.538
902,1,0,0,12.6696,552.537
887,1,0,0,12.653,467.238
2012,1,0,0,12.6355,375.593
884,1,0,0,12.631,352.657
1987,1,0,0,12.5936,162.675
428,1,0,0,12.5886,137.306
429,1,0,0,12.56,0
1603,1,0,1,13.0143,2358.51,0.0466667,203.546,0.03,2
1589,1,0,1,12.9906,2231.45
1560,1,0,1,12.9569,2050.34
1591,1,0,1,12.938,1945.25
1559,1,0,1,12.9191,1844.92
1320,1,0,1,12.9148,1822.71
1602,1,0,1,12.8979,1735.77
1312,1,0,1,12.8749,1606.65
1306,1,0,1,12.8748,1606.28
1599,1,0,1,12.8572,1509.83
1300,1,0,1,12.8529,1483.41
1298,1,0,1,12.8475,1454.23
1297,1,0,1,12.8452,1441.75
954,1,0,1,12.8081,1251.86
945,1,0,1,12.801,1215.2
926,1,0,1,12.7735,1074.52
911,1,0,1,12.7501,945.28
912,1,0,1,12.7255,819.923
1664,1,0,2,13.5497,5111.25,0.0606667,264.61,0.08,3
1172,1,0,2,13.521,4968.72
1023,1,0,2,13.4918,4813.03
1021,1,0,2,13.4772,4735.93
1022,1,0,2,13.4733,4716.7
1020,1,0,2,13.4647,4673.27
1019,1,0,2,13.4575,4636.64
1047,1,0,2,13.4524,4612.04
1065,1,0,2,13.4362,4515.81
1064,1,0,2,13.4296,4482.56
1062,1,0,2,13.4232,4450.34
1063,1,0,2,13.4203,4435.98
1061,1,0,2,13.4167,4417.49
1080,1,0,2,13.4103,4384.67
1081,1,0,2,13.4,4330.27
1098,1,0,2,13.3933,4295.5
1097,1,0,2,13.3855,4257.75
2037,1,0,2,13.3634,4145.34
1132,1,0,2,13.3541,4097.02
1135,1,0,2,13.3473,4062.96
2049,1,0,2,13.3424,4036.69
1159,1,0,2,13.3226,3933.03
1160,1,0,2,13.309,3864.16
1330,1,0,2,13.3047,3841.59
1339,1,0,2,13.2815,3722.6
1340,1,0,2,13.2769,3697.95
1348,1,0,2,13.2764,3695.41
1349,1,0,2,13.2754,3690.27
1357,1,0,2,13.2632,3627.67
1356,1,0,2,13.2625,3623.95
2076,1,0,2,13.2569,3593.54
1355,1,0,2,13.2557,3586.8
1364,1,0,2,13.2556,3586.59
1362,1,0,2,13.2455,3533.34
1382,1,0,2,13.2279,3436.12
1389,1,0,2,13.2001,3288.46
1388,1,0,2,13.1916,3241.43
1323,1,0,2,13.1908,3237.65
2072,1,0,2,13.1637,3108.02
1588,1,0,2,13.1306,2931.81
1590,1,0,2,13.1093,2815.56
1589,1,0,2,13.0818,2677.2
1603,1,0,2,13.0609,2562.06
139,1,0,3,13.9548,7408.73,0.0406667,177.376,0.22,4
140,1,0,3,13.9313,7283.54
360,1,0,3,13.8909,7066.94
366,1,0,3,13.8725,6966.33
371,1,0,3,13.8622,6907.32
372,1,0,3,13.8473,6803.33
460,1,0,3,13.8415,6768.68
461,1,0,3,13.8297,6700.1
462,1,0,3,13.8281,6685.72
1990,1,0,3,13.8203,6632.69
452,1,0,3,13.8163,6600.61
453,1,0,3,13.8056,6513.19
455,1,0,3,13.7942,6445.38
454,1,0,3,13.791,6428
457,1,0,3,13.7845,6373.93
456,1,0,3,13.7795,6344.89
458,1,0,3,13.7703,6283.98
459,1,0,3,13.7637,6238.63
1543,1,0,3,13.7551,6176.82
715,1,0,3,13.75,6132.98
716,1,0,3,13.7368,6058.62
722,1,0,3,13.7362,6055.8
724,1,0,3,13.712,5912.44
728,1,0,3,13.7024,5847.3
731,1,0,3,13.6919,5788.48
730,1,0,3,13.6913,5785.02
2003,1,0,3,13.6638,5649.37
2147,1,0,3,13.6531,5591.98
743,1,0,3,13.6496,5574.95
2054,1,0,3,13.6496,5574.86
1166,1,0,3,13.6388,5520
1664,1,0,3,13.6104,5375.86
368,1,0,4,14.1029,8180.53,0.0801667,349.663,0.1,5
367,1,0,4,14.0978,8155.33
361,1,0,4,14.0663,7977.94
360,1,0,4,14.0567,7916.69
140,1,0,4,14.0171,7703.65
139,1,0,4,13.9954,7586.1
429,1,0,5,14.3505,9449.87,0,0,0
1988,1,0,5,14.322,9306.25
417,1,0,5,14.2968,9181.86
418,1,0,5,14.2941,9166.5
1741,1,0,5,14.2879,9132.6
1740,1,0,5,14.2842,9112.31
1739,1,0,5,14.2789,9083.4
401,1,0,5,14.2691,9029.45
393,1,0,5,14.2561,8958.96
2136,1,0,5,14.2311,8824.47
2134,1,0,5,14.2186,8757.13
371,1,0,5,14.2133,8716.34
372,1,0,5,14.1992,8612.63
368,1,0,5,14.1831,8530.2
139,2,0,0,12.6853,1199.67,0.0526667,229.716,0.18,1
140,2,0,0,12.665,1088.05
360,2,0,0,12.6219,860.146
366,2,0,0,12.6047,764.395
2134,2,0,0,12.5925,697.704
2136,2,0,0,12.5804,631.809
393,2,0,0,12.5462,458.416
401,2,0,0,12.5338,390.328
1739,2,0,0,12.5243,338.004
1742,2,0,0,12.5161,296.363
1741,2,0,0,12.5105,265.545
418,2,0,0,12.5027,224.669
2139,2,0,0,12.499,203.706
2138,2,0,0,12.4824,110.515
415,2,0,0,12.482,108.239
429,2,0,0,12.46,0
368,2,0,1,12.8527,2050.78,0.0693333,302.411,0.09,2
367,2,0,1,12.8491,2031.88
361,2,0,1,12.8152,1844.1
360,2,0,1,12.8041,1780.55
140,2,0,1,12.7581,1540.1
139,2,0,1,12.738,1429.39
1664,2,0,2,13.1877,3912.6,0.0606667,264.61,0.08,3
1175,2,0,2,13.1746,3847.19
2054,2,0,2,13.1357,3654.43
743,2,0,2,13.1357,3654.34
739,2,0,2,13.1213,3576.91
1668,2,0,2,13.1049,3488.09
731,2,0,2,13.0954,3436.24
730,2,0,2,13.0947,3432.66
723,2,0,2,13.0613,3256.25
722,2,0,2,13.0481,3164.94
726,2,0,2,13.0371,3089.23
714,2,0,2,13.0369,3087.36
1543,2,0,2,13.0327,3057.4
459,2,0,2,13.0226,2994.3
458,2,0,2,13.0151,2947.96
456,2,0,2,13.0049,2885.89
457,2,0,2,12.9977,2847.54
454,2,0,2,12.9898,2793.42
455,2,0,2,12.9875,2779.2
453,2,0,2,12.9782,2713.61
452,2,0,2,12.9656,2626.11
1990,2,0,2,12.9621,2593.44
462,2,0,2,12.9526,2538.21
461,2,0,2,12.9501,2523.49
460,2,0,2,12.9406,2457.83
372,2,0,2,12.9354,2424.11
368,2,0,2,12.922,2353.19
1603,2,0,3,13.7595,6831.61,0.0466667,203.546,0.03,4
1589,2,0,3,13.7396,6721.05
1590,2,0,3,13.6943,6509.7
1588,2,0,3,13.6757,6405.08
2072,2,0,3,13.6426,6229.19
1323,2,0,3,13.6273,6148.32
1388,2,0,3,13.6265,6144.54
1389,2,0,3,13.6129,6075.64
1382,2,0,3,13.587,5936.31
1362,2,0,3,13.5643,5817.31
1361,2,0,3,13.5592,5790.31
1354,2,0,3,13.5592,5790.12
1355,2,0,3,13.5467,5730.46
2076,2,0,3,13.5448,5721.35
1356,2,0,3,13.5364,5678.64
1357,2,0,3,13.5357,5674.92
1358,2,0,3,13.5244,5616.55
1352,2,0,3,13.5139,5562.67
1351,2,0,3,13.5036,5508.98
1350,2,0,3,13.4959,5469.4
1414,2,0,3,13.4789,5385.6
2120,2,0,3,13.4691,5333.94
2097,2,0,3,13.4601,5287.4
1415,2,0,3,13.4466,5218.77
1416,2,0,3,13.4287,5131.03
1554,2,0,3,13.4272,5123.21
2079,2,0,3,13.4182,5079.35
2080,2,0,3,13.4023,5000.57
2081,2,0,3,13.3838,4905.91
1207,2,0,3,13.3641,4800.71
2061,2,0,3,13.3557,4753.7
2056,2,0,3,13.31,4491.82
1181,2,0,3,13.3071,4470.14
1180,2,0,3,13.307,4469.77
1179,2,0,3,13.2866,4370.46
1175,2,0,3,13.2647,4255.99
1664,2,0,3,13.2483,4177.21
912,2,0,4,14.0656,8498.38,0.100167,436.897,0.15,5
911,2,0,4,14.0484,8404.3
926,2,0,4,14.0207,8256.88
945,2,0,4,13.9939,8118.66
954,2,0,4,13.9872,8083.73
1297,2,0,4,13.9559,7918.6
1299,2,0,4,13.9504,7887.17
1600,2,0,4,13.9489,7873.72
1599,2,0,4,13.9484,7868.62
1601,2,0,4,13.9441,7836.98
1311,2,0,4,13.9292,7743.49
1319,2,0,4,13.8992,7557.45
1559,2,0,4,13.8955,7532.29
1591,2,0,4,13.8845,7457.43
1560,2,0,4,13.862,7336.77
1589,2,0,4,13.827,7150.29
1603,2,0,4,13.8061,7035.15
429,2,0,5,14.2831,9537.28,0,0,0
886,2,0,5,14.2405,9330.96
888,2,0,5,14.2184,9214.99
903,2,0,5,14.2073,9156.39
904,2,0,5,14.2038,9137.71
902,2,0,5,14.19,9064.47
914,2,0,5,14.1823,9023.02
913,2,0,5,14.1693,8954.26
912,2,0,5,14.1658,8935.28
139,3,0,0,12.5953,1199.67,0.0526667,229.716,0.18,1
140,3,0,0,12.575,1088.05
360,3,0,0,12.5319,860.146
366,3,0,0,12.5147,764.395
2134,3,0,0,12.5025,697.704
2136,3,0,0,12.4904,631.809
393,3,0,0,12.4562,458.416
401,3,0,0,12.4438,390.328
1739,3,0,0,12.4343,338.004
1742,3,0,0,12.4261,296.363
1741,3,0,0,12.4205,265.545
418,3,0,0,12.4127,224.669
2139,3,0,0,12.409,203.706
2138,3,0,0,12.3924,110.515
415,3,0,0,12.392,108.239
429,3,0,0,12.37,0
368,3,0,1,12.7627,2050.78,0.0693333,302.411,0.09,2
367,3,0,1,12.7591,2031.88
361,3,0,1,12.7252,1844.1
360,3,0,1,12.7141,1780.55
140,3,0,1,12.6681,1540.1
139,3,0,1,12.648,1429.39
1664,3,0,2,13.0977,3912.6,0.0606667,264.61,0.08,3
1175,3,0,2,13.0846,3847.19
2054,3,0,2,13.0457,3654.43
743,3,0,2,13.0457,3654.34
739,3,0,2,13.0313,3576.91
1668,3,0,2,13.0149,3488.09
731,3,0,2,13.0054,3436.24
730,3,0,2,13.0047,3432.66
723,3,0,2,12.9713,3256.25
722,3,0,2,12.9581,3164.94
726,3,0,2,12.9471,3089.23
714,3,0,2,12.9469,3087.36
1543,3,0,2,12.9427,3057.4
459,3,0,2,12.9326,2994.3
458,3,0,2,12.9251,2947.96
456,3,0,2,12.9149,2885.89
457,3,0,2,12.9076,2847.54
454,3,0,2,12.8998,2793.42
455,3,0,2,12.8975,2779.2
453,3,0,2,12.8882,2713.61
452,3,0,2,12.8756,2626.11
1990,3,0,2,12.8721,2593.44
462,3,0,2,12.8626,2538.21
461,3,0,2,12.8601,2523.49
460,3,0,2,12.8506,2457.83
372,3,0,2,12.8454,2424.11
368,3,0,2,12.832,2353.19
1603,3,0,3,13.6695,6831.61,0.0466667,203.546,0.03,4
1589,3,0,3,13.6496,6721.05
1590,3,0,3,13.6043,6509.7
1588,3,0,3,13.5857,6405.08
2072,3,0,3,13.5526,6229.19
1323,3,0,3,13.5373,6148.32
1388,3,0,3,13.5365,6144.54
1389,3,0,3,13.5229,6075.64
1382,3,0,3,13.497,5936.31
1362,3,0,3,13.4743,5817.31
1361,3,0,3,13.4692,5790.31
1354,3,0,3,13.4692,5790.12
1355,3,0,3,13.4567,5730.46
2076,3,0,3,13.4548,5721.35
1356,3,0,3,13.4464,5678.64
1357,3,0,3,13.4457,5674.92
1358,3,0,3,13.4344,5616.55
1352,3,0,3,13.4239,5562.67
1351,3,0,3,13.4136,5508.98
1350,3,0,3,13.4059,5469.4
1414,3,0,3,13.3889,5385.6
2120,3,0,3,13.3791,5333.94
2097,3,0,3,13.3701,5287.4
1415,3,0,3,13.3566,5218.77
1416,3,0,3,13.3387,5131.03
1554,3,0,3,13.3372,5123.21
2079,3,0,3,13.3282,5079.35
2080,3,0,3,13.3123,5000.57
2081,3,0,3,13.2938,4905.91
1207,3,0,3,13.2741,4800.71
2061,3,0,3,13.2657,4753.7
2056,3,0,3,13.22,4491.82
1181,3,0,3,13.2171,4470.14
1180,3,0,3,13.217,4469.77
1179,3,0,3,13.1966,4370.46
1175,3,0,3,13.1747,4255.99
1664,3,0,3,13.1583,4177.21
912,3,0,4,13.9756,8498.38,0.1015,442.712,0.14,5
911,3,0,4,13.9584,8404.3
926,3,0,4,13.9307,8256.88
945,3,0,4,13.9039,8118.66
954,3,0,4,13.8972,8083.73
1297,3,0,4,13.8659,7918.6
1299,3,0,4,13.8604,7887.17
1600,3,0,4,13.8589,7873.72
1599,3,0,4,13.8584,7868.62
1601,3,0,4,13.8541,7836.98
1311,3,0,4,13.8392,7743.49
1319,3,0,4,13.8092,7557.45
1559,3,0,4,13.8055,7532.29
1591,3,0,4,13.7945,7457.43
1560,3,0,4,13.772,7336.77
1589,3,0,4,13.737,7150.29
1603,3,0,4,13.7161,7035.15
429,3,0,5,14.1944,9543.09,0,0,0
886,3,0,5,14.1519,9336.77
888,3,0,5,14.1297,9220.81
903,3,0,5,14.1186,9162.21
904,3,0,5,14.1151,9143.53
902,3,0,5,14.1014,9070.29
914,3,0,5,14.0936,9028.83
913,3,0,5,14.0806,8960.08
912,3,0,5,14.0771,8941.1
368,4,0,0,12.7974,949.515,0.0693333,302.411,0.09,1
372,4,0,0,12.7763,846.645
371,4,0,0,12.7579,738.483
2134,4,0,0,12.7525,697.704
2136,4,0,0,12.7404,631.809
393,4,0,0,12.7062,458.416
401,4,0,0,12.6938,390.328
1739,4,0,0,12.6843,338.004
1742,4,0,0,12.6761,296.363
1741,4,0,0,12.6705,265.545
418,4,0,0,12.6627,224.669
2139,4,0,0,12.659,203.706
2138,4,0,0,12.6424,110.515
415,4,0,0,12.642,108.239
429,4,0,0,12.62,0
139,4,0,1,12.9816,1873.91,0.0526667,229.716,0.18,2
140,4,0,1,12.9612,1762.29
360,4,0,1,12.9182,1534.39
361,4,0,1,12.9042,1458.62
367,4,0,1,12.8699,1269.12
368,4,0,1,12.8667,1251.93
912,4,0,2,13.3161,3610.95,0.1015,442.712,0.14,3
900,4,0,2,13.3093,3574.28
882,4,0,2,13.2814,3422.82
880,4,0,2,13.2657,3340.52
881,4,0,2,13.2514,3262.34
1985,4,0,2,13.226,3124.28
409,4,0,2,13.2064,3025.72
397,4,0,2,13.1891,2935.07
390,4,0,2,13.1697,2834.11
382,4,0,2,13.1533,2746.54
376,4,0,2,13.1363,2653.94
369,4,0,2,13.1165,2547.53
360,4,0,2,13.0955,2434.22
140,4,0,2,13.0559,2221.18
139,4,0,2,13.0342,2103.63
1603,4,0,3,13.6956,5558.21,0.0466667,203.546,0.03,4
1589,4,0,3,13.6755,5446.42
1560,4,0,3,13.642,5266.21
1591,4,0,3,13.6243,5166.33
1559,4,0,3,13.6067,5071.34
1319,4,0,3,13.5997,5035.1
1311,4,0,3,13.569,4848.09
1312,4,0,3,13.5541,4771.08
1306,4,0,3,13.554,4770.72
1301,4,0,3,13.539,4691.53
2024,4,0,3,13.5292,4637.84
2025,4,0,3,13.5175,4570.95
1598,4,0,3,13.5126,4545.57
948,4,0,3,13.5079,4519.53
928,4,0,3,13.497,4460.1
923,4,0,3,13.4619,4283.84
924,4,0,3,13.4536,4244.52
914,4,0,3,13.4334,4138.47
913,4,0,3,13.421,4072.15
912,4,0,3,13.4176,4053.67
1664,4,0,4,14.231,8310.94,0.0496667,216.631,0.07,5
1172,4,0,4,14.2023,8168.41
1023,4,0,4,14.1732,8012.73
1021,4,0,4,14.1585,7935.62
1022,4,0,4,14.1546,7916.39
1020,4,0,4,14.146,7872.97
1019,4,0,4,14.1389,7836.33
1047,4,0,4,14.1338,7811.73
1065,4,0,4,14.1176,7715.51
1064,4,0,4,14.1109,7682.25
1062,4,0,4,14.1046,7650.03
1063,4,0,4,14.1016,7635.67
1061,4,0,4,14.098,7617.18
1080,4,0,4,14.0916,7584.36
1081,4,0,4,14.0813,7529.96
1098,4,0,4,14.0746,7495.19
1097,4,0,4,14.0668,7457.45
2037,4,0,4,14.0447,7345.03
1132,4,0,4,14.0354,7296.72
1135,4,0,4,14.0287,7262.65
2049,4,0,4,14.0237,7236.38
1159,4,0,4,14.0039,7132.73
1160,4,0,4,13.9903,7063.85
1330,4,0,4,13.986,7041.28
1339,4,0,4,13.9629,6922.29
1340,4,0,4,13.9582,6897.65
1348,4,0,4,13.9577,6895.1
1349,4,0,4,13.9567,6889.97
1357,4,0,4,13.9446,6827.36
1356,4,0,4,13.9438,6823.64
2076,4,0,4,13.9383,6793.24
1355,4,0,4,13.937,6786.49
1364,4,0,4,13.937,6786.28
1362,4,0,4,13.9269,6733.04
1382,4,0,4,13.9093,6635.81
1389,4,0,4,13.8814,6488.15
1388,4,0,4,13.8729,6441.13
1323,4,0,4,13.8722,6437.34
2072,4,0,4,13.8451,6307.71
1588,4,0,4,13.8119,6131.5
1590,4,0,4,13.7906,6015.26
1589,4,0,4,13.7632,5876.89
1603,4,0,4,13.7423,5761.75
429,4,0,5,14.5985,10264.4,0,0,0
1988,4,0,5,14.5677,10111.3
417,4,0,5,14.5444,9994.71
418,4,0,5,14.5411,9976.9
419,4,0,5,14.5253,9889.9
423,4,0,5,14.5207,9855.46
609,4,0,5,14.5148,9799.14
628,4,0,5,14.5055,9725.01
561,4,0,5,14.5019,9700.48
557,4,0,5,14.4947,9653.52
554,4,0,5,14.4926,9643.03
565,4,0,5,14.4844,9597.4
573,4,0,5,14.4791,9570.81
574,4,0,5,14.4705,9519.78
580,4,0,5,14.4495,9410.14
596,4,0,5,14.4433,9350.29
595,4,0,5,14.439,9322.95
603,4,0,5,14.434,9297.15
552,4,0,5,14.4001,9130.97
1800,4,0,5,14.3918,9088.24
755,4,0,5,14.3754,9005.98
708,4,0,5,14.3593,8923.26
996,4,0,5,14.3588,8921.04
1671,4,0,5,14.3359,8804.73
1165,4,0,5,14.3254,8752.21
1799,4,0,5,14.3163,8706.1
1172,4,0,5,14.3087,8667.12
1664,4,0,5,14.2807,8527.58
139,5,0,0,12.3853,1199.67,0.0526667,229.716,0.18,1
140,5,0,0,12.365,1088.05
360,5,0,0,12.3219,860.146
366,5,0,0,12.3047,764.395
2134,5,0,0,12.2925,697.704
2136,5,0,0,12.2804,631.809
393,5,0,0,12.2462,458.416
401,5,0,0,12.2338,390.328
1739,5,0,0,12.2243,338.004
1742,5,0,0,12.2161,296.363
1741,5,0,0,12.2105,265.545
418,5,0,0,12.2027,224.669
2139,5,0,0,12.199,203.706
2138,5,0,0,12.1824,110.515
415,5,0,0,12.182,108.239
429,5,0,0,12.16,0
1603,5,0,1,12.9393,4241.9,0.100667,439.078,0.02,2
1589,5,0,1,12.9158,4115.56
1560,5,0,1,12.8819,3933.54
1591,5,0,1,12.8609,3819.36
1559,5,0,1,12.8407,3713.78
1319,5,0,1,12.8351,3683.04
1318,5,0,1,12.8275,3640.26
1292,5,0,1,12.8267,3636.54
1285,5,0,1,12.794,3447.98
1310,5,0,1,12.7933,3444.67
1553,5,0,1,12.7695,3317.23
1298,5,0,1,12.7657,3296.14
2176,5,0,1,12.7593,3257.11
2066,5,0,1,12.7492,3190.13
869,5,0,1,12.7401,3114.98
1856,5,0,1,12.7334,3069.98
855,5,0,1,12.7333,3069.27
843,5,0,1,12.7107,2953.22
832,5,0,1,12.7004,2892.75
831,5,0,1,12.6945,2860.69
2153,5,0,1,12.6945,2860.61
821,5,0,1,12.6829,2801.04
2008,5,0,1,12.6744,2758.25
812,5,0,1,12.6565,2660.55
807,5,0,1,12.6563,2659.76
356,5,0,1,12.6401,2574.95
1981,5,0,1,12.6279,2491.44
345,5,0,1,12.6077,2387.87
341,5,0,1,12.5983,2337.89
2132,5,0,1,12.5981,2335.84
328,5,0,1,12.5814,2240.3
2115,5,0,1,12.5714,2187.11
329,5,0,1,12.5677,2167.06
1979,5,0,1,12.5604,2131.61
1978,5,0,1,12.5205,1907.6
107,5,0,1,12.5124,1853.88
1967,5,0,1,12.5094,1825.17
105,5,0,1,12.4846,1676.73
136,5,0,1,12.4522,1504.05
139,5,0,1,12.438,1429.39
912,5,0,2,13.2994,6144.21,0.1015,442.712,0.14,3
911,5,0,2,13.2822,6050.12
926,5,0,2,13.2545,5902.7
945,5,0,2,13.2277,5764.48
954,5,0,2,13.221,5729.55
1297,5,0,2,13.1897,5564.43
1299,5,0,2,13.1842,5532.99
1600,5,0,2,13.1828,5519.54
1599,5,0,2,13.1822,5514.44
1601,5,0,2,13.1779,5482.8
1311,5,0,2,13.163,5389.31
1319,5,0,2,13.133,5203.27
1559,5,0,2,13.1293,5178.11
1591,5,0,2,13.1183,5103.25
1560,5,0,2,13.0958,4982.59
1589,5,0,2,13.0609,4796.11
1603,5,0,2,13.04,4680.97
368,5,0,3,13.6516,7941.24,0.0923333,402.73,0.09,4
372,5,0,3,13.6386,7872.22
371,5,0,3,13.623,7767.7
2134,5,0,3,13.6174,7726.89
2136,5,0,3,13.6055,7661.97
393,5,0,3,13.5765,7510.09
401,5,0,3,13.5616,7431.62
1739,5,0,3,13.5524,7380.61
1742,5,0,3,13.5435,7336.1
1741,5,0,3,13.5376,7303.61
418,5,0,3,13.53,7263.57
417,5,0,3,13.5272,7247.91
1989,5,0,3,13.5106,7161.49
2011,5,0,3,13.4928,7068.3
2156,5,0,3,13.4876,7040.98
2013,5,0,3,13.4869,7037.82
886,5,0,3,13.475,6979.65
888,5,0,3,13.4552,6873.54
903,5,0,3,13.4414,6803.65
904,5,0,3,13.438,6785.27
902,5,0,3,13.4243,6712.54
914,5,0,3,13.4168,6671.72
913,5,0,3,13.4044,6605.4
912,5,0,3,13.4009,6586.92
1664,5,0,4,14.0262,9969.46,0.0496667,216.631,0.07,5
1175,5,0,4,14.0143,9909.03
2054,5,0,4,13.9631,9665.53
743,5,0,4,13.9631,9665.44
739,5,0,4,13.9502,9594.99
1668,5,0,4,13.9314,9495.54
731,5,0,4,13.9203,9436.87
730,5,0,4,13.9197,9433.4
723,5,0,4,13.8852,9252.44
722,5,0,4,13.8721,9161.23
726,5,0,4,13.8569,9076.58
714,5,0,4,13.8567,9074.7
1543,5,0,4,13.8509,9042.26
459,5,0,4,13.8408,8979.08
458,5,0,4,13.8341,8933.67
456,5,0,4,13.8255,8873.27
457,5,0,4,13.8195,8840.22
454,5,0,4,13.8118,8786.24
455,5,0,4,13.8092,8771.28
453,5,0,4,13.8005,8705.82
452,5,0,4,13.7883,8618.5
1990,5,0,4,13.7848,8585.71
462,5,0,4,13.7763,8531.9
461,5,0,4,13.774,8517.53
460,5,0,4,13.7635,8450.97
372,5,0,4,13.7577,8416.32
368,5,0,4,13.7439,8343.97
429,5,0,5,14.3937,11922.9,0,0,0
1988,5,0,5,14.3629,11769.8
417,5,0,5,14.3396,11653.2
418,5,0,5,14.3363,11635.4
419,5,0,5,14.3205,11548.4
423,5,0,5,14.3159,11514
609,5,0,5,14.31,11457.7
628,5,0,5,14.3007,11383.5
561,5,0,5,14.2971,11359
557,5,0,5,14.2899,11312
554,5,0,5,14.2878,11301.5
565,5,0,5,14.2796,11255.9
573,5,0,5,14.2743,11229.3
574,5,0,5,14.2657,11178.3
580,5,0,5,14.2447,11068.7
596,5,0,5,14.2385,11008.8
595,5,0,5,14.2342,10981.5
603,5,0,5,14.2292,10955.7
552,5,0,5,14.1953,10789.5
1800,5,0,5,14.187,10746.8
755,5,0,5,14.1706,10664.5
708,5,0,5,14.1545,10581.8
996,5,0,5,14.154,10579.6
1671,5,0,5,14.1311,10463.2
1165,5,0,5,14.1205,10410.7
1799,5,0,5,14.1115,10364.6
1172,5,0,5,14.1039,10325.6
1664,5,0,5,14.0759,10186.1
