Node, Individual, Route,Segment, Travel time, Travel cost, Attention time, Attention cost, Failure rate, Demand
1858,0,0,0,11.1643,1912.73,0.036,157.021,0.21,1
1859,0,0,0,11.1319,1744.72
1861,0,0,0,11.1092,1621.32
1863,0,0,0,11.0364,1243.23
1865,0,0,0,11.0333,1225.48
1868,0,0,0,11.009,1078.54
1870,0,0,0,10.929,638.671
1874,0,0,0,10.917,574.398
1876,0,0,0,10.8792,366.988
1878,0,0,0,10.8441,168.626
1882,0,0,0,10.8341,111.587
1884,0,0,0,10.82,0
559,0,0,1,11.4186,3504.88,0.043,187.553,0.36,2
554,0,0,1,11.4155,3485
565,0,0,1,11.4079,3442.07
573,0,0,1,11.4026,3415.48
574,0,0,1,11.3936,3363.68
580,0,0,1,11.3752,3265.41
596,0,0,1,11.3691,3205.55
595,0,0,1,11.3636,3175.14
605,0,0,1,11.3624,3167.15
529,0,0,1,11.3452,3067.12
726,0,0,1,11.3293,2965.93
714,0,0,1,11.3291,2964.04
715,0,0,1,11.3258,2940.56
2190,0,0,1,11.3133,2820.61
2191,0,0,1,11.3058,2748.88
713,0,0,1,11.2822,2520.94
242,0,0,1,11.2467,2325.34
243,0,0,1,11.2125,2140.81
1858,0,0,1,11.2003,2069.75
1537,0,0,2,11.5451,4141.95,0.0933333,407.092,0.11,3
418,0,0,2,11.5398,4113.49
419,0,0,2,11.5235,4024.36
424,0,0,2,11.52,4004.44
613,0,0,2,11.5155,3978.27
611,0,0,2,11.5105,3946.07
619,0,0,2,11.49,3843.19
618,0,0,2,11.4885,3834.95
560,0,0,2,11.4705,3743.9
555,0,0,2,11.4675,3727.94
559,0,0,2,11.4616,3692.43
596,0,0,3,11.8017,5512.1,0.0505,220.266,0.03,4
580,0,0,3,11.7933,5453.83
574,0,0,3,11.7761,5360.58
573,0,0,3,11.766,5304.68
564,0,0,3,11.7583,5263.53
557,0,0,3,11.7522,5229.54
561,0,0,3,11.7455,5183.02
628,0,0,3,11.7411,5157.37
609,0,0,3,11.7283,5080.72
423,0,0,3,11.7224,5024.4
419,0,0,3,11.7178,4989.95
418,0,0,3,11.7024,4905.03
2139,0,0,3,11.6986,4883.6
2138,0,0,3,11.6801,4782.16
411,0,0,3,11.6665,4707.35
1537,0,0,3,11.6385,4549.04
725,0,0,4,11.9345,6230.64,0.0406667,177.376,0.13,5
724,0,0,4,11.926,6187.34
717,0,0,4,11.9258,6185.87
716,0,0,4,11.9027,6059.87
722,0,0,4,11.9021,6057.05
726,0,0,4,11.8903,5980.56
529,0,0,4,11.8765,5881.07
605,0,0,4,11.8617,5784.46
603,0,0,4,11.8566,5756.48
604,0,0,4,11.8523,5733.34
596,0,0,4,11.8522,5732.37
1884,0,0,5,12.4544,9106.49,0,0,0
1883,0,0,5,12.4028,8802.41
1879,0,0,5,12.3917,8741.36
1877,0,0,5,12.3611,8547.44
1875,0,0,5,12.3371,8394.62
1871,0,0,5,12.3234,8313.89
1869,0,0,5,12.2385,7857.81
1867,0,0,5,12.2315,7819.26
1866,0,0,5,12.2049,7674.51
1864,0,0,5,12.1976,7633.31
2180,0,0,5,12.1804,7536.05
1860,0,0,5,12.1695,7482.01
243,0,0,5,12.1023,7124.69
242,0,0,5,12.0675,6937.8
713,0,0,5,12.0375,6761.67
718,0,0,5,12.013,6610.66
725,0,0,5,11.9751,6408.02
1858,1,0,0,10.7343,1912.73,0.104667,456.524,0.2,1
1859,1,0,0,10.7019,1744.72
1861,1,0,0,10.6792,1621.32
1863,1,0,0,10.6064,1243.23
1865,1,0,0,10.6033,1225.48
1868,1,0,0,10.579,1078.54
1870,1,0,0,10.499,638.671
1874,1,0,0,10.487,574.398
1876,1,0,0,10.4492,366.988
1878,1,0,0,10.4141,168.626
1882,1,0,0,10.4041,111.587
1884,1,0,0,10.39,0
559,1,0,1,11.0547,3803.44,0.043,187.553,0.36,2
557,1,0,1,11.0529,3790.44
564,1,0,1,11.0449,3748.12
573,1,0,1,11.0401,3716.07
574,1,0,1,11.0319,3665.58
580,1,0,1,11.0131,3565.51
596,1,0,1,11.007,3505.65
595,1,0,1,11.0025,3478.18
605,1,0,1,11.0013,3470.1
529,1,0,1,10.9827,3366.05
726,1,0,1,10.9681,3266.09
714,1,0,1,10.9679,3264.21
715,1,0,1,10.9644,3240.56
2190,1,0,1,10.9518,3120.62
2191,1,0,1,10.9444,3048.89
713,1,0,1,10.9208,2820.95
242,1,0,1,10.8874,2634.63
243,1,0,1,10.8508,2439.69
1858,1,0,1,10.8389,2369.26
1537,1,0,2,11.1812,4440.52,0.0933333,407.092,0.11,3
418,1,0,2,11.1759,4412.06
419,1,0,2,11.1596,4322.93
424,1,0,2,11.1561,4303
613,1,0,2,11.1515,4276.83
611,1,0,2,11.1466,4244.63
619,1,0,2,11.1261,4141.76
618,1,0,2,11.1246,4133.52
560,1,0,2,11.1066,4042.46
555,1,0,2,11.1035,4026.51
559,1,0,2,11.0977,3990.99
596,1,0,3,11.4378,5810.67,0.0505,220.266,0.03,4
580,1,0,3,11.4294,5752.39
574,1,0,3,11.4122,5659.15
573,1,0,3,11.4021,5603.25
564,1,0,3,11.3944,5562.09
557,1,0,3,11.3883,5528.11
561,1,0,3,11.3816,5481.59
628,1,0,3,11.3772,5455.94
609,1,0,3,11.3644,5379.28
423,1,0,3,11.3585,5322.96
419,1,0,3,11.3538,5288.52
418,1,0,3,11.3385,5203.6
2139,1,0,3,11.3346,5182.17
2138,1,0,3,11.3162,5080.73
411,1,0,3,11.3026,5005.91
1537,1,0,3,11.2745,4847.61
725,1,0,4,11.5705,6529.21,0.0406667,177.376,0.13,5
724,1,0,4,11.5621,6485.9
717,1,0,4,11.5619,6484.44
716,1,0,4,11.5387,6358.43
722,1,0,4,11.5382,6355.62
726,1,0,4,11.5263,6279.13
529,1,0,4,11.5126,6179.63
605,1,0,4,11.4978,6083.02
603,1,0,4,11.4927,6055.05
604,1,0,4,11.4884,6031.9
596,1,0,4,11.4883,6030.93
1884,1,0,5,12.0905,9405.06,0,0,0
1883,1,0,5,12.0389,9100.98
1879,1,0,5,12.0278,9039.93
1877,1,0,5,11.9971,8846.01
1875,1,0,5,11.9731,8693.19
1871,1,0,5,11.9595,8612.46
1869,1,0,5,11.8745,8156.38
1867,1,0,5,11.8675,8117.82
1866,1,0,5,11.841,7973.07
1864,1,0,5,11.8337,7931.88
2180,1,0,5,11.8164,7834.62
1860,1,0,5,11.8055,7780.57
243,1,0,5,11.7384,7423.25
242,1,0,5,11.7036,7236.36
713,1,0,5,11.6736,7060.23
718,1,0,5,11.649,6909.23
725,1,0,5,11.6112,6706.58
1858,2,0,0,10.4843,1912.73,0.104667,456.524,0.2,1
1859,2,0,0,10.4519,1744.72
1861,2,0,0,10.4292,1621.32
1863,2,0,0,10.3564,1243.23
1865,2,0,0,10.3533,1225.48
1868,2,0,0,10.329,1078.54
1870,2,0,0,10.249,638.671
1874,2,0,0,10.237,574.398
1876,2,0,0,10.1992,366.988
1878,2,0,0,10.1641,168.626
1882,2,0,0,10.1541,111.587
1884,2,0,0,10.14,0
559,2,0,1,10.8047,3803.44,0.0766667,334.397,0.32,2
557,2,0,1,10.8029,3790.44
564,2,0,1,10.7949,3748.12
573,2,0,1,10.7901,3716.07
574,2,0,1,10.7819,3665.58
580,2,0,1,10.7631,3565.51
596,2,0,1,10.757,3505.65
595,2,0,1,10.7525,3478.18
605,2,0,1,10.7513,3470.1
529,2,0,1,10.7327,3366.05
726,2,0,1,10.7181,3266.09
714,2,0,1,10.7179,3264.21
715,2,0,1,10.7144,3240.56
2190,2,0,1,10.7018,3120.62
2191,2,0,1,10.6944,3048.89
713,2,0,1,10.6708,2820.95
242,2,0,1,10.6374,2634.63
243,2,0,1,10.6008,2439.69
1858,2,0,1,10.5889,2369.26
1537,2,0,2,10.9628,4577.93,0.072,314.042,0.12,3
418,2,0,2,10.9581,4552.38
419,2,0,2,10.942,4464.17
424,2,0,2,10.9386,4444.36
613,2,0,2,10.9343,4418.65
611,2,0,2,10.9293,4386.35
619,2,0,2,10.9114,4294.18
618,2,0,2,10.9089,4281.88
560,2,0,2,10.8911,4191.83
555,2,0,2,10.8876,4174.02
559,2,0,2,10.8814,4137.84
596,2,0,3,11.198,5855.03,0.0505,220.266,0.03,4
580,2,0,3,11.1896,5796.76
574,2,0,3,11.1724,5703.52
573,2,0,3,11.1623,5647.62
564,2,0,3,11.1546,5606.46
557,2,0,3,11.1485,5572.47
561,2,0,3,11.1418,5525.95
628,2,0,3,11.1374,5500.31
609,2,0,3,11.1246,5423.65
423,2,0,3,11.1187,5367.33
419,2,0,3,11.1141,5332.89
418,2,0,3,11.0987,5247.96
2139,2,0,3,11.0949,5226.54
2138,2,0,3,11.0764,5125.1
411,2,0,3,11.0628,5050.28
1537,2,0,3,11.0348,4891.97
725,2,0,4,11.3308,6573.57,0.0406667,177.376,0.13,5
724,2,0,4,11.3223,6530.27
717,2,0,4,11.3221,6528.81
716,2,0,4,11.299,6402.8
722,2,0,4,11.2984,6399.98
726,2,0,4,11.2866,6323.5
529,2,0,4,11.2728,6224
605,2,0,4,11.258,6127.39
603,2,0,4,11.2529,6099.41
604,2,0,4,11.2486,6076.27
596,2,0,4,11.2485,6075.3
1884,2,0,5,11.8507,9449.43,0,0,0
1883,2,0,5,11.7991,9145.34
1879,2,0,5,11.788,9084.29
1877,2,0,5,11.7574,8890.37
1875,2,0,5,11.7334,8737.55
1871,2,0,5,11.7197,8656.83
1869,2,0,5,11.6348,8200.74
1867,2,0,5,11.6278,8162.19
1866,2,0,5,11.6012,8017.44
1864,2,0,5,11.5939,7976.24
2180,2,0,5,11.5767,7878.98
1860,2,0,5,11.5658,7824.94
243,2,0,5,11.4986,7467.62
242,2,0,5,11.4638,7280.73
713,2,0,5,11.4338,7104.6
718,2,0,5,11.4093,6953.59
725,2,0,5,11.3714,6750.95
1858,3,0,0,10.5343,1912.73,0.104667,456.524,0.2,1
1859,3,0,0,10.5019,1744.72
1861,3,0,0,10.4792,1621.32
1863,3,0,0,10.4064,1243.23
1865,3,0,0,10.4033,1225.48
1868,3,0,0,10.379,1078.54
1870,3,0,0,10.299,638.671
1874,3,0,0,10.287,574.398
1876,3,0,0,10.2492,366.988
1878,3,0,0,10.2141,168.626
1882,3,0,0,10.2041,111.587
1884,3,0,0,10.19,0
559,3,0,1,10.8547,3803.44,0.0766667,334.397,0.32,2
557,3,0,1,10.8529,3790.44
564,3,0,1,10.8449,3748.12
573,3,0,1,10.8401,3716.07
574,3,0,1,10.8319,3665.58
580,3,0,1,10.8131,3565.51
596,3,0,1,10.807,3505.65
595,3,0,1,10.8025,3478.18
605,3,0,1,10.8013,3470.1
529,3,0,1,10.7827,3366.05
726,3,0,1,10.7681,3266.09
714,3,0,1,10.7679,3264.21
715,3,0,1,10.7644,3240.56
2190,3,0,1,10.7518,3120.62
2191,3,0,1,10.7444,3048.89
713,3,0,1,10.7208,2820.95
242,3,0,1,10.6874,2634.63
243,3,0,1,10.6508,2439.69
1858,3,0,1,10.6389,2369.26
1537,3,0,2,11.0128,4577.93,0.0933333,407.092,0.11,3
418,3,0,2,11.0081,4552.38
419,3,0,2,10.992,4464.17
424,3,0,2,10.9886,4444.36
613,3,0,2,10.9843,4418.65
611,3,0,2,10.9793,4386.35
619,3,0,2,10.9614,4294.18
618,3,0,2,10.9589,4281.88
560,3,0,2,10.9411,4191.83
555,3,0,2,10.9376,4174.02
559,3,0,2,10.9314,4137.84
596,3,0,3,11.2693,5948.08,0.0505,220.266,0.03,4
580,3,0,3,11.2609,5889.81
574,3,0,3,11.2437,5796.57
573,3,0,3,11.2336,5740.67
564,3,0,3,11.2259,5699.51
557,3,0,3,11.2198,5665.52
561,3,0,3,11.2132,5619
628,3,0,3,11.2087,5593.35
609,3,0,3,11.1959,5516.7
423,3,0,3,11.19,5460.38
419,3,0,3,11.1854,5425.94
418,3,0,3,11.1701,5341.01
2139,3,0,3,11.1662,5319.59
2138,3,0,3,11.1478,5218.15
411,3,0,3,11.1342,5143.33
1537,3,0,3,11.1061,4985.02
725,3,0,4,11.4021,6666.62,0.0406667,177.376,0.13,5
724,3,0,4,11.3936,6623.32
717,3,0,4,11.3934,6621.85
716,3,0,4,11.3703,6495.85
722,3,0,4,11.3697,6493.03
726,3,0,4,11.3579,6416.54
529,3,0,4,11.3441,6317.05
605,3,0,4,11.3293,6220.44
603,3,0,4,11.3242,6192.46
604,3,0,4,11.32,6169.32
596,3,0,4,11.3198,6168.35
1884,3,0,5,11.922,9542.48,0,0,0
1883,3,0,5,11.8704,9238.39
1879,3,0,5,11.8594,9177.34
1877,3,0,5,11.8287,8983.42
1875,3,0,5,11.8047,8830.6
1871,3,0,5,11.791,8749.87
1869,3,0,5,11.7061,8293.79
1867,3,0,5,11.6991,8255.24
1866,3,0,5,11.6726,8110.49
1864,3,0,5,11.6652,8069.29
2180,3,0,5,11.648,7972.03
1860,3,0,5,11.6371,7917.99
243,3,0,5,11.5699,7560.67
242,3,0,5,11.5352,7373.78
713,3,0,5,11.5052,7197.65
718,3,0,5,11.4806,7046.64
725,3,0,5,11.4428,6844
1858,4,0,0,10.4643,1912.73,0.104667,456.524,0.2,1
1859,4,0,0,10.4319,1744.72
1861,4,0,0,10.4092,1621.32
1863,4,0,0,10.3364,1243.23
1865,4,0,0,10.3333,1225.48
1868,4,0,0,10.309,1078.54
1870,4,0,0,10.229,638.671
1874,4,0,0,10.217,574.398
1876,4,0,0,10.1792,366.988
1878,4,0,0,10.1441,168.626
1882,4,0,0,10.1341,111.587
1884,4,0,0,10.12,0
596,4,0,1,10.737,3505.65,0.116167,506.684,0.02,2
595,4,0,1,10.7325,3478.18
605,4,0,1,10.7313,3470.1
529,4,0,1,10.7127,3366.05
726,4,0,1,10.6981,3266.09
714,4,0,1,10.6979,3264.21
715,4,0,1,10.6944,3240.56
2190,4,0,1,10.6818,3120.62
2191,4,0,1,10.6744,3048.89
713,4,0,1,10.6508,2820.95
242,4,0,1,10.6174,2634.63
243,4,0,1,10.5808,2439.69
1858,4,0,1,10.5689,2369.26
559,4,0,2,10.9009,4310.12,0.0766667,334.397,0.32,3
557,4,0,2,10.8991,4297.13
564,4,0,2,10.891,4254.81
573,4,0,2,10.8863,4222.75
574,4,0,2,10.8781,4172.27
580,4,0,2,10.8593,4072.19
596,4,0,2,10.8531,4012.34
1537,4,0,3,11.0589,5084.62,0.0933333,407.092,0.11,4
418,4,0,3,11.0543,5059.06
419,4,0,3,11.0382,4970.86
424,4,0,3,11.0348,4951.05
613,4,0,3,11.0305,4925.33
611,4,0,3,11.0254,4893.03
619,4,0,3,11.0075,4800.86
618,4,0,3,11.0051,4788.56
560,4,0,3,10.9873,4698.52
555,4,0,3,10.9838,4680.7
559,4,0,3,10.9776,4644.52
725,4,0,4,11.3978,6953.04,0.0406667,177.376,0.13,5
724,4,0,4,11.3893,6909.74
717,4,0,4,11.3891,6908.27
716,4,0,4,11.366,6782.27
722,4,0,4,11.3654,6779.45
726,4,0,4,11.3536,6702.96
529,4,0,4,11.3398,6603.47
605,4,0,4,11.325,6506.86
603,4,0,4,11.3199,6478.88
604,4,0,4,11.3156,6455.74
596,4,0,4,11.3155,6454.77
580,4,0,4,11.3071,6396.49
574,4,0,4,11.2899,6303.25
573,4,0,4,11.2798,6247.35
564,4,0,4,11.2721,6206.19
557,4,0,4,11.266,6172.21
561,4,0,4,11.2593,6125.69
628,4,0,4,11.2549,6100.04
609,4,0,4,11.2421,6023.38
423,4,0,4,11.2362,5967.06
419,4,0,4,11.2316,5932.62
418,4,0,4,11.2162,5847.7
2139,4,0,4,11.2124,5826.27
2138,4,0,4,11.1939,5724.83
411,4,0,4,11.1803,5650.01
1537,4,0,4,11.1523,5491.71
1884,4,0,5,11.9177,9828.89,0,0,0
1883,4,0,5,11.8661,9524.81
1879,4,0,5,11.855,9463.76
1877,4,0,5,11.8244,9269.84
1875,4,0,5,11.8004,9117.02
1871,4,0,5,11.7867,9036.29
1869,4,0,5,11.7018,8580.21
1867,4,0,5,11.6948,8541.66
1866,4,0,5,11.6682,8396.91
1864,4,0,5,11.6609,8355.71
2180,4,0,5,11.6437,8258.45
1860,4,0,5,11.6328,8204.41
243,4,0,5,11.5656,7847.09
242,4,0,5,11.5308,7660.2
713,4,0,5,11.5008,7484.07
718,4,0,5,11.4763,7333.06
725,4,0,5,11.4384,7130.42
1858,5,0,0,10.4143,1912.73,0.104667,456.524,0.2,1
1859,5,0,0,10.3819,1744.72
1861,5,0,0,10.3592,1621.32
1863,5,0,0,10.2864,1243.23
1865,5,0,0,10.2833,1225.48
1868,5,0,0,10.259,1078.54
1870,5,0,0,10.179,638.671
1874,5,0,0,10.167,574.398
1876,5,0,0,10.1292,366.988
1878,5,0,0,10.0941,168.626
1882,5,0,0,10.0841,111.587
1884,5,0,0,10.07,0
596,5,0,1,10.687,3505.65,0.116167,506.684,0.02,2
595,5,0,1,10.6825,3478.18
605,5,0,1,10.6813,3470.1
529,5,0,1,10.6627,3366.05
726,5,0,1,10.6481,3266.09
714,5,0,1,10.6479,3264.21
715,5,0,1,10.6444,3240.56
2190,5,0,1,10.6318,3120.62
2191,5,0,1,10.6244,3048.89
713,5,0,1,10.6008,2820.95
242,5,0,1,10.5674,2634.63
243,5,0,1,10.5308,2439.69
1858,5,0,1,10.5189,2369.26
559,5,0,2,10.8509,4310.12,0.0766667,334.397,0.32,3
557,5,0,2,10.8491,4297.13
564,5,0,2,10.841,4254.81
573,5,0,2,10.8363,4222.75
574,5,0,2,10.8281,4172.27
580,5,0,2,10.8093,4072.19
596,5,0,2,10.8031,4012.34
1537,5,0,3,11.0089,5084.62,0.0933333,407.092,0.11,4
418,5,0,3,11.0043,5059.06
419,5,0,3,10.9882,4970.86
424,5,0,3,10.9848,4951.05
613,5,0,3,10.9805,4925.33
611,5,0,3,10.9754,4893.03
619,5,0,3,10.9575,4800.86
618,5,0,3,10.9551,4788.56
560,5,0,3,10.9373,4698.52
555,5,0,3,10.9338,4680.7
559,5,0,3,10.9276,4644.52
1884,5,0,4,11.7873,9506.71,0,0,0
1883,5,0,4,11.7358,9202.79
1879,5,0,4,11.7223,9131.39
1877,5,0,4,11.6981,8941.12
1875,5,0,4,11.6756,8789.91
1871,5,0,4,11.6632,8710.95
1869,5,0,4,11.576,8245.01
1867,5,0,4,11.569,8206.46
1866,5,0,4,11.5423,8061.05
1864,5,0,4,11.5329,8010.92
2180,5,0,4,11.5156,7913.18
1860,5,0,4,11.5066,7867.07
243,5,0,4,11.4423,7521.91
242,5,0,4,11.405,7324.45
713,5,0,4,11.3731,7144.71
2191,5,0,4,11.3369,6918.15
2190,5,0,4,11.3254,6846.78
715,5,0,4,11.3076,6728.85
714,5,0,4,11.3038,6704.84
726,5,0,4,11.3036,6702.96
529,5,0,4,11.2898,6603.47
605,5,0,4,11.275,6506.86
603,5,0,4,11.2699,6478.88
604,5,0,4,11.2656,6455.74
596,5,0,4,11.2655,6454.77
580,5,0,4,11.2571,6396.49
574,5,0,4,11.2399,6303.25
573,5,0,4,11.2298,6247.35
564,5,0,4,11.2221,6206.19
557,5,0,4,11.216,6172.21
561,5,0,4,11.2093,6125.69
628,5,0,4,11.2049,6100.04
609,5,0,4,11.1921,6023.38
423,5,0,4,11.1862,5967.06
419,5,0,4,11.1816,5932.62
418,5,0,4,11.1662,5847.7
2139,5,0,4,11.1624,5826.27
2138,5,0,4,11.1439,5724.83
411,5,0,4,11.1303,5650.01
1537,5,0,4,11.1023,5491.71
725,5,1,0,10.7535,2769.71,0.107833,470.336,0.12,1
724,5,1,0,10.745,2726.52
718,5,1,0,10.7172,2540.96
713,5,1,0,10.6925,2389.7
242,5,1,0,10.659,2202.79
243,5,1,0,10.6167,1984.22
1858,5,1,0,10.6043,1912.73
1859,5,1,0,10.5719,1744.72
1861,5,1,0,10.5492,1621.32
1863,5,1,0,10.4764,1243.23
1865,5,1,0,10.4733,1225.48
1868,5,1,0,10.449,1078.54
1870,5,1,0,10.369,638.671
1874,5,1,0,10.357,574.398
1876,5,1,0,10.3192,366.988
1878,5,1,0,10.2841,168.626
1882,5,1,0,10.2741,111.587
1884,5,1,0,10.26,0
1884,5,1,1,11.3338,5933.75,0,0,0
1883,5,1,1,11.2823,5629.93
1879,5,1,1,11.2703,5564.34
1877,5,1,1,11.2427,5373.46
1875,5,1,1,11.2212,5222.91
1871,5,1,1,11.2089,5144.12
1869,5,1,1,11.1241,4688.48
1867,5,1,1,11.1176,4652.02
1866,5,1,1,11.0921,4511.73
1864,5,1,1,11.0852,4471.41
2180,5,1,1,11.0682,4375.01
1860,5,1,1,11.0586,4326.46
243,5,1,1,10.9916,3969.8
242,5,1,1,10.9561,3780
713,5,1,1,10.9261,3603.81
718,5,1,1,10.9015,3452.73
725,5,1,1,10.8613,3240.05
