Node, Individual, Route,Segment, Travel time, Travel cost, Attention time, Attention cost, Failure rate, Demand
1858,0,0,0,11.1343,1912.73,0.036,157.021,0.21,1
1859,0,0,0,11.1019,1744.72
1861,0,0,0,11.0792,1621.32
1863,0,0,0,11.0064,1243.23
1865,0,0,0,11.0033,1225.48
1868,0,0,0,10.979,1078.54
1870,0,0,0,10.899,638.671
1874,0,0,0,10.887,574.398
1876,0,0,0,10.8492,366.988
1878,0,0,0,10.8141,168.626
1882,0,0,0,10.8041,111.587
1884,0,0,0,10.79,0
559,0,0,1,11.3886,3504.88,0.043,187.553,0.36,2
554,0,0,1,11.3855,3485
565,0,0,1,11.3779,3442.07
573,0,0,1,11.3726,3415.48
574,0,0,1,11.3636,3363.68
580,0,0,1,11.3452,3265.41
596,0,0,1,11.3391,3205.55
595,0,0,1,11.3336,3175.14
605,0,0,1,11.3324,3167.15
529,0,0,1,11.3152,3067.12
726,0,0,1,11.2993,2965.93
714,0,0,1,11.2991,2964.04
715,0,0,1,11.2958,2940.56
2190,0,0,1,11.2833,2820.61
2191,0,0,1,11.2758,2748.88
713,0,0,1,11.2522,2520.94
242,0,0,1,11.2167,2325.34
243,0,0,1,11.1825,2140.81
1858,0,0,1,11.1703,2069.75
1537,0,0,2,11.5151,4141.95,0.0933333,407.092,0.11,3
418,0,0,2,11.5098,4113.49
419,0,0,2,11.4935,4024.36
424,0,0,2,11.49,4004.44
613,0,0,2,11.4855,3978.27
611,0,0,2,11.4805,3946.07
619,0,0,2,11.46,3843.19
618,0,0,2,11.4585,3834.95
560,0,0,2,11.4405,3743.9
555,0,0,2,11.4375,3727.94
559,0,0,2,11.4316,3692.43
596,0,0,3,11.7717,5512.1,0.0505,220.266,0.03,4
580,0,0,3,11.7633,5453.83
574,0,0,3,11.7461,5360.58
573,0,0,3,11.736,5304.68
564,0,0,3,11.7283,5263.53
557,0,0,3,11.7222,5229.54
561,0,0,3,11.7155,5183.02
628,0,0,3,11.7111,5157.37
609,0,0,3,11.6983,5080.72
423,0,0,3,11.6924,5024.4
419,0,0,3,11.6878,4989.95
418,0,0,3,11.6724,4905.03
2139,0,0,3,11.6686,4883.6
2138,0,0,3,11.6501,4782.16
411,0,0,3,11.6365,4707.35
1537,0,0,3,11.6085,4549.04
725,0,0,4,11.9045,6230.64,0.0406667,177.376,0.13,5
724,0,0,4,11.896,6187.34
717,0,0,4,11.8958,6185.87
716,0,0,4,11.8727,6059.87
722,0,0,4,11.8721,6057.05
726,0,0,4,11.8603,5980.56
529,0,0,4,11.8465,5881.07
605,0,0,4,11.8317,5784.46
603,0,0,4,11.8266,5756.48
604,0,0,4,11.8223,5733.34
596,0,0,4,11.8222,5732.37
1884,0,0,5,12.4244,9106.49,0,0,0
1883,0,0,5,12.3728,8802.41
1879,0,0,5,12.3617,8741.36
1877,0,0,5,12.3311,8547.44
1875,0,0,5,12.3071,8394.62
1871,0,0,5,12.2934,8313.89
1869,0,0,5,12.2085,7857.81
1867,0,0,5,12.2015,7819.26
1866,0,0,5,12.1749,7674.51
1864,0,0,5,12.1676,7633.31
2180,0,0,5,12.1504,7536.05
1860,0,0,5,12.1395,7482.01
243,0,0,5,12.0723,7124.69
242,0,0,5,12.0375,6937.8
713,0,0,5,12.0075,6761.67
718,0,0,5,11.983,6610.66
725,0,0,5,11.9451,6408.02
1858,1,0,0,10.8543,1912.73,0.104667,456.524,0.2,1
1859,1,0,0,10.8219,1744.72
1861,1,0,0,10.7992,1621.32
1863,1,0,0,10.7264,1243.23
1865,1,0,0,10.7233,1225.48
1868,1,0,0,10.699,1078.54
1870,1,0,0,10.619,638.671
1874,1,0,0,10.607,574.398
1876,1,0,0,10.5692,366.988
1878,1,0,0,10.5341,168.626
1882,1,0,0,10.5241,111.587
1884,1,0,0,10.51,0
559,1,0,1,11.1747,3803.44,0.043,187.553,0.36,2
557,1,0,1,11.1729,3790.44
564,1,0,1,11.1649,3748.12
573,1,0,1,11.1601,3716.07
574,1,0,1,11.1519,3665.58
580,1,0,1,11.1331,3565.51
596,1,0,1,11.127,3505.65
595,1,0,1,11.1225,3478.18
605,1,0,1,11.1213,3470.1
529,1,0,1,11.1027,3366.05
726,1,0,1,11.0881,3266.09
714,1,0,1,11.0879,3264.21
715,1,0,1,11.0844,3240.56
2190,1,0,1,11.0718,3120.62
2191,1,0,1,11.0644,3048.89
713,1,0,1,11.0408,2820.95
242,1,0,1,11.0074,2634.63
243,1,0,1,10.9708,2439.69
1858,1,0,1,10.9589,2369.26
1537,1,0,2,11.3012,4440.52,0.0933333,407.092,0.11,3
418,1,0,2,11.2959,4412.06
419,1,0,2,11.2796,4322.93
424,1,0,2,11.2761,4303
613,1,0,2,11.2715,4276.83
611,1,0,2,11.2666,4244.63
619,1,0,2,11.2461,4141.76
618,1,0,2,11.2446,4133.52
560,1,0,2,11.2266,4042.46
555,1,0,2,11.2235,4026.51
559,1,0,2,11.2177,3990.99
596,1,0,3,11.5578,5810.67,0.0505,220.266,0.03,4
580,1,0,3,11.5494,5752.39
574,1,0,3,11.5322,5659.15
573,1,0,3,11.5221,5603.25
564,1,0,3,11.5144,5562.09
557,1,0,3,11.5083,5528.11
561,1,0,3,11.5016,5481.59
628,1,0,3,11.4972,5455.94
609,1,0,3,11.4844,5379.28
423,1,0,3,11.4785,5322.96
419,1,0,3,11.4738,5288.52
418,1,0,3,11.4585,5203.6
2139,1,0,3,11.4546,5182.17
2138,1,0,3,11.4362,5080.73
411,1,0,3,11.4226,5005.91
1537,1,0,3,11.3945,4847.61
725,1,0,4,11.6905,6529.21,0.0406667,177.376,0.13,5
724,1,0,4,11.6821,6485.9
717,1,0,4,11.6819,6484.44
716,1,0,4,11.6587,6358.43
722,1,0,4,11.6582,6355.62
726,1,0,4,11.6463,6279.13
529,1,0,4,11.6326,6179.63
605,1,0,4,11.6178,6083.02
603,1,0,4,11.6127,6055.05
604,1,0,4,11.6084,6031.9
596,1,0,4,11.6083,6030.93
1884,1,0,5,12.2105,9405.06,0,0,0
1883,1,0,5,12.1589,9100.98
1879,1,0,5,12.1478,9039.93
1877,1,0,5,12.1171,8846.01
1875,1,0,5,12.0931,8693.19
1871,1,0,5,12.0795,8612.46
1869,1,0,5,11.9945,8156.38
1867,1,0,5,11.9875,8117.82
1866,1,0,5,11.961,7973.07
1864,1,0,5,11.9537,7931.88
2180,1,0,5,11.9364,7834.62
1860,1,0,5,11.9255,7780.57
243,1,0,5,11.8584,7423.25
242,1,0,5,11.8236,7236.36
713,1,0,5,11.7936,7060.23
718,1,0,5,11.769,6909.23
725,1,0,5,11.7312,6706.58
1858,2,0,0,10.4543,1912.73,0.104667,456.524,0.2,1
1859,2,0,0,10.4219,1744.72
1861,2,0,0,10.3992,1621.32
1863,2,0,0,10.3264,1243.23
1865,2,0,0,10.3233,1225.48
1868,2,0,0,10.299,1078.54
1870,2,0,0,10.219,638.671
1874,2,0,0,10.207,574.398
1876,2,0,0,10.1692,366.988
1878,2,0,0,10.1341,168.626
1882,2,0,0,10.1241,111.587
1884,2,0,0,10.11,0
559,2,0,1,10.7747,3803.44,0.0766667,334.397,0.32,2
557,2,0,1,10.7729,3790.44
564,2,0,1,10.7649,3748.12
573,2,0,1,10.7601,3716.07
574,2,0,1,10.7519,3665.58
580,2,0,1,10.7331,3565.51
596,2,0,1,10.727,3505.65
595,2,0,1,10.7225,3478.18
605,2,0,1,10.7213,3470.1
529,2,0,1,10.7027,3366.05
726,2,0,1,10.6881,3266.09
714,2,0,1,10.6879,3264.21
715,2,0,1,10.6844,3240.56
2190,2,0,1,10.6718,3120.62
2191,2,0,1,10.6644,3048.89
713,2,0,1,10.6408,2820.95
242,2,0,1,10.6074,2634.63
243,2,0,1,10.5708,2439.69
1858,2,0,1,10.5589,2369.26
1537,2,0,2,10.9328,4577.93,0.072,314.042,0.12,3
418,2,0,2,10.9281,4552.38
419,2,0,2,10.912,4464.17
424,2,0,2,10.9086,4444.36
613,2,0,2,10.9043,4418.65
611,2,0,2,10.8993,4386.35
619,2,0,2,10.8814,4294.18
618,2,0,2,10.8789,4281.88
560,2,0,2,10.8611,4191.83
555,2,0,2,10.8576,4174.02
559,2,0,2,10.8514,4137.84
596,2,0,3,11.168,5855.03,0.0505,220.266,0.03,4
580,2,0,3,11.1596,5796.76
574,2,0,3,11.1424,5703.52
573,2,0,3,11.1323,5647.62
564,2,0,3,11.1246,5606.46
557,2,0,3,11.1185,5572.47
561,2,0,3,11.1118,5525.95
628,2,0,3,11.1074,5500.31
609,2,0,3,11.0946,5423.65
423,2,0,3,11.0887,5367.33
419,2,0,3,11.0841,5332.89
418,2,0,3,11.0687,5247.96
2139,2,0,3,11.0649,5226.54
2138,2,0,3,11.0464,5125.1
411,2,0,3,11.0328,5050.28
1537,2,0,3,11.0048,4891.97
725,2,0,4,11.3008,6573.57,0.0406667,177.376,0.13,5
724,2,0,4,11.2923,6530.27
717,2,0,4,11.2921,6528.81
716,2,0,4,11.269,6402.8
722,2,0,4,11.2684,6399.98
726,2,0,4,11.2566,6323.5
529,2,0,4,11.2428,6224
605,2,0,4,11.228,6127.39
603,2,0,4,11.2229,6099.41
604,2,0,4,11.2186,6076.27
596,2,0,4,11.2185,6075.3
1884,2,0,5,11.8207,9449.43,0,0,0
1883,2,0,5,11.7691,9145.34
1879,2,0,5,11.758,9084.29
1877,2,0,5,11.7274,8890.37
1875,2,0,5,11.7034,8737.55
1871,2,0,5,11.6897,8656.83
1869,2,0,5,11.6048,8200.74
1867,2,0,5,11.5978,8162.19
1866,2,0,5,11.5712,8017.44
1864,2,0,5,11.5639,7976.24
2180,2,0,5,11.5467,7878.98
1860,2,0,5,11.5358,7824.94
243,2,0,5,11.4686,7467.62
242,2,0,5,11.4338,7280.73
713,2,0,5,11.4038,7104.6
718,2,0,5,11.3793,6953.59
725,2,0,5,11.3414,6750.95
1858,3,0,0,10.4843,1912.73,0.104667,456.524,0.2,1
1859,3,0,0,10.4519,1744.72
1861,3,0,0,10.4292,1621.32
1863,3,0,0,10.3564,1243.23
1865,3,0,0,10.3533,1225.48
1868,3,0,0,10.329,1078.54
1870,3,0,0,10.249,638.671
1874,3,0,0,10.237,574.398
1876,3,0,0,10.1992,366.988
1878,3,0,0,10.1641,168.626
1882,3,0,0,10.1541,111.587
1884,3,0,0,10.14,0
596,3,0,1,10.757,3505.65,0.116167,506.684,0.02,2
595,3,0,1,10.7525,3478.18
605,3,0,1,10.7513,3470.1
529,3,0,1,10.7327,3366.05
726,3,0,1,10.7181,3266.09
714,3,0,1,10.7179,3264.21
715,3,0,1,10.7144,3240.56
2190,3,0,1,10.7018,3120.62
2191,3,0,1,10.6944,3048.89
713,3,0,1,10.6708,2820.95
242,3,0,1,10.6374,2634.63
243,3,0,1,10.6008,2439.69
1858,3,0,1,10.5889,2369.26
559,3,0,2,10.9209,4310.12,0.0766667,334.397,0.32,3
557,3,0,2,10.9191,4297.13
564,3,0,2,10.911,4254.81
573,3,0,2,10.9063,4222.75
574,3,0,2,10.8981,4172.27
580,3,0,2,10.8793,4072.19
596,3,0,2,10.8731,4012.34
1537,3,0,3,11.0789,5084.62,0.0933333,407.092,0.11,4
418,3,0,3,11.0743,5059.06
419,3,0,3,11.0582,4970.86
424,3,0,3,11.0548,4951.05
613,3,0,3,11.0505,4925.33
611,3,0,3,11.0454,4893.03
619,3,0,3,11.0275,4800.86
618,3,0,3,11.0251,4788.56
560,3,0,3,11.0073,4698.52
555,3,0,3,11.0038,4680.7
559,3,0,3,10.9976,4644.52
725,3,0,4,11.4178,6953.04,0.0406667,177.376,0.13,5
724,3,0,4,11.4093,6909.74
717,3,0,4,11.4091,6908.27
716,3,0,4,11.386,6782.27
722,3,0,4,11.3854,6779.45
726,3,0,4,11.3736,6702.96
529,3,0,4,11.3598,6603.47
605,3,0,4,11.345,6506.86
603,3,0,4,11.3399,6478.88
604,3,0,4,11.3356,6455.74
596,3,0,4,11.3355,6454.77
580,3,0,4,11.3271,6396.49
574,3,0,4,11.3099,6303.25
573,3,0,4,11.2998,6247.35
564,3,0,4,11.2921,6206.19
557,3,0,4,11.286,6172.21
561,3,0,4,11.2793,6125.69
628,3,0,4,11.2749,6100.04
609,3,0,4,11.2621,6023.38
423,3,0,4,11.2562,5967.06
419,3,0,4,11.2516,5932.62
418,3,0,4,11.2362,5847.7
2139,3,0,4,11.2324,5826.27
2138,3,0,4,11.2139,5724.83
411,3,0,4,11.2003,5650.01
1537,3,0,4,11.1723,5491.71
1884,3,0,5,11.9377,9828.89,0,0,0
1883,3,0,5,11.8861,9524.81
1879,3,0,5,11.875,9463.76
1877,3,0,5,11.8444,9269.84
1875,3,0,5,11.8204,9117.02
1871,3,0,5,11.8067,9036.29
1869,3,0,5,11.7218,8580.21
1867,3,0,5,11.7148,8541.66
1866,3,0,5,11.6882,8396.91
1864,3,0,5,11.6809,8355.71
2180,3,0,5,11.6637,8258.45
1860,3,0,5,11.6528,8204.41
243,3,0,5,11.5856,7847.09
242,3,0,5,11.5508,7660.2
713,3,0,5,11.5208,7484.07
718,3,0,5,11.4963,7333.06
725,3,0,5,11.4584,7130.42
1858,4,0,0,10.3843,1912.73,0.104667,456.524,0.2,1
1859,4,0,0,10.3519,1744.72
1861,4,0,0,10.3292,1621.32
1863,4,0,0,10.2564,1243.23
1865,4,0,0,10.2533,1225.48
1868,4,0,0,10.229,1078.54
1870,4,0,0,10.149,638.671
1874,4,0,0,10.137,574.398
1876,4,0,0,10.0992,366.988
1878,4,0,0,10.0641,168.626
1882,4,0,0,10.0541,111.587
1884,4,0,0,10.04,0
725,4,0,1,10.632,3204.02,0.107833,470.336,0.12,2
724,4,0,1,10.6227,3157.19
718,4,0,1,10.5954,2972.06
713,4,0,1,10.5708,2820.95
242,4,0,1,10.5374,2634.63
243,4,0,1,10.5008,2439.69
1858,4,0,1,10.4889,2369.26
596,4,0,2,10.8356,4254.45,0.116167,506.684,0.02,3
595,4,0,2,10.8312,4226.98
605,4,0,2,10.8299,4218.9
529,4,0,2,10.8114,4114.85
726,4,0,2,10.7967,4014.89
722,4,0,2,10.7835,3936.53
716,4,0,2,10.7834,3934.91
717,4,0,2,10.7658,3828.12
724,4,0,2,10.7653,3825.65
728,4,0,2,10.7564,3760.84
725,4,0,2,10.7399,3674.36
559,4,0,3,10.9995,5058.92,0.0766667,334.397,0.32,4
557,4,0,3,10.9977,5045.93
564,4,0,3,10.9896,5003.6
573,4,0,3,10.9849,4971.55
574,4,0,3,10.9767,4921.06
580,4,0,3,10.9579,4820.99
596,4,0,3,10.9517,4761.13
1537,4,0,4,11.1597,5842.84,0.0933333,407.092,0.11,5
418,4,0,4,11.1543,5814.38
419,4,0,4,11.138,5725.25
424,4,0,4,11.1346,5705.33
613,4,0,4,11.13,5679.16
611,4,0,4,11.125,5646.96
619,4,0,4,11.1046,5544.08
618,4,0,4,11.1031,5535.84
560,4,0,4,11.0851,5444.79
555,4,0,4,11.082,5428.83
559,4,0,4,11.0762,5393.32
1884,4,0,5,11.938,10264.9,0,0,0
1883,4,0,5,11.8865,9961.01
1879,4,0,5,11.8731,9889.61
1877,4,0,5,11.8488,9699.34
1875,4,0,5,11.8264,9548.13
1871,4,0,5,11.814,9469.18
1869,4,0,5,11.7267,9003.24
1867,4,0,5,11.7197,8964.68
1866,4,0,5,11.693,8819.28
1864,4,0,5,11.6837,8769.15
2180,4,0,5,11.6663,8671.4
1860,4,0,5,11.6573,8625.29
243,4,0,5,11.593,8280.14
242,4,0,5,11.5557,8082.67
713,4,0,5,11.5239,7902.94
2191,4,0,5,11.4876,7676.38
2190,4,0,5,11.4762,7605
715,4,0,5,11.4584,7487.07
714,4,0,5,11.4545,7463.07
726,4,0,5,11.4543,7461.19
529,4,0,5,11.4405,7361.69
605,4,0,5,11.4257,7265.08
603,4,0,5,11.4206,7237.1
604,4,0,5,11.4164,7213.96
596,4,0,5,11.4162,7212.99
580,4,0,5,11.4078,7154.72
574,4,0,5,11.3906,7061.47
573,4,0,5,11.3805,7005.57
564,4,0,5,11.3728,6964.42
557,4,0,5,11.3667,6930.43
561,4,0,5,11.3601,6883.91
628,4,0,5,11.3556,6858.26
609,4,0,5,11.3428,6781.61
423,4,0,5,11.3369,6725.29
419,4,0,5,11.3323,6690.84
418,4,0,5,11.317,6605.92
2139,4,0,5,11.3131,6584.5
2138,4,0,5,11.2947,6483.05
411,4,0,5,11.2811,6408.24
1537,4,0,5,11.253,6249.93
