Node, Individual, Route,Segment, Travel time, Travel cost, Attention time, Attention cost, Failure rate, Demand
410,0,0,0,11.9722,1462.66,0.0726667,316.95,0.06,1
398,0,0,0,11.9719,1461.45
397,0,0,0,11.9593,1392.89
390,0,0,0,11.9398,1291.33
382,0,0,0,11.9225,1199.86
376,0,0,0,11.9045,1103.09
369,0,0,0,11.885,998.232
360,0,0,0,11.8627,878.986
361,0,0,0,11.8501,809.873
128,0,0,0,11.7896,481.115
126,0,0,0,11.7823,442.296
125,0,0,0,11.776,408.059
118,0,0,0,11.7431,231.019
1968,0,0,0,11.7153,81.9493
110,0,0,0,11.7,0
1402,0,0,1,12.4552,3950.11,0.085,370.744,0.2,2
1390,0,0,1,12.445,3895.71
1382,0,0,1,12.4226,3778.6
1362,0,0,1,12.4032,3673.78
1361,0,0,1,12.3987,3649.26
1354,0,0,1,12.3987,3649.07
2188,0,0,1,12.3923,3615.31
2075,0,0,1,12.3713,3507.36
1822,0,0,1,12.3705,3503.36
1353,0,0,1,12.3615,3457.62
2118,0,0,1,12.34,3341.45
2117,0,0,1,12.3375,3316.82
2164,0,0,1,12.3202,3203.67
1307,0,0,1,12.3036,3116.68
1302,0,0,1,12.287,3026.44
949,0,0,1,12.2642,2903.64
2025,0,0,1,12.2608,2886.18
1598,0,0,1,12.2574,2867.22
948,0,0,1,12.2506,2832.53
928,0,0,1,12.239,2769.48
923,0,0,1,12.2027,2588.73
924,0,0,1,12.1944,2549.42
914,0,0,1,12.174,2442.33
902,0,0,1,12.1678,2407.32
887,0,0,1,12.1511,2322.03
2012,0,0,1,12.1336,2230.38
884,0,0,1,12.1292,2207.45
1987,0,0,1,12.0917,2017.46
413,0,0,1,12.0724,1919.77
414,0,0,1,12.0671,1892.12
410,0,0,1,12.0448,1779.61
1016,0,0,2,12.8055,5698.77,0.0438333,191.188,0.28,3
2029,0,0,2,12.799,5665.75
1043,0,0,2,12.7989,5665.34
2158,0,0,2,12.7898,5621.19
2030,0,0,2,12.7859,5601.35
1041,0,0,2,12.7811,5576.37
1059,0,0,2,12.773,5534.52
1058,0,0,2,12.7678,5508.47
1056,0,0,2,12.7613,5474.03
1072,0,0,2,12.7437,5383.13
1071,0,0,2,12.7355,5341.02
1090,0,0,2,12.7273,5296.38
1089,0,0,2,12.7206,5260.53
1119,0,0,2,12.7136,5221.29
1118,0,0,2,12.7068,5185.09
2044,0,0,2,12.6907,5101.85
2169,0,0,2,12.6841,5066.97
2171,0,0,2,12.6799,5044.83
2046,0,0,2,12.6737,5013.6
1778,0,0,2,12.6483,4885.09
1327,0,0,2,12.6371,4824.32
1343,0,0,2,12.6365,4821.58
1355,0,0,2,12.6117,4690.77
1364,0,0,2,12.6117,4690.56
1362,0,0,2,12.6015,4636.93
1382,0,0,2,12.572,4489.33
1390,0,0,2,12.5511,4378.7
1402,0,0,2,12.5402,4320.85
710,0,0,3,13.0117,6815.76,0.0466667,203.546,0.45,4
1543,0,0,3,12.9893,6691.56
715,0,0,3,12.9845,6647.41
714,0,0,3,12.9805,6623.26
726,0,0,3,12.9803,6621.4
529,0,0,3,12.9662,6521.75
605,0,0,3,12.9513,6425.08
603,0,0,3,12.945,6392.01
2202,0,0,3,12.9416,6371.22
602,0,0,3,12.9372,6345.93
1851,0,0,3,12.9264,6275.39
1852,0,0,3,12.9215,6251.31
706,0,0,3,12.9083,6186.8
991,0,0,3,12.8965,6126.72
2028,0,0,3,12.8858,6074.05
1012,0,0,3,12.8723,6005.34
1045,0,0,3,12.8568,5929.59
1043,0,0,3,12.8537,5913.73
2029,0,0,3,12.8536,5913.32
1016,0,0,3,12.8494,5889.95
501,0,0,4,13.1807,7687.73,0.0531667,231.897,0.2,5
1747,0,0,4,13.1748,7658.71
505,0,0,4,13.1683,7627.22
506,0,0,4,13.1541,7559.45
507,0,0,4,13.1472,7526.06
510,0,0,4,13.1384,7483.31
509,0,0,4,13.1345,7463.11
508,0,0,4,13.1291,7434.34
512,0,0,4,13.1209,7393.3
511,0,0,4,13.1177,7376.55
2145,0,0,4,13.117,7373.34
2146,0,0,4,13.1059,7311.58
529,0,0,4,13.102,7275.53
726,0,0,4,13.0859,7173.99
714,0,0,4,13.0857,7172.11
1543,0,0,4,13.0799,7139.68
710,0,0,4,13.0584,7019.31
110,0,0,5,13.506,9380.4,0,0,0
1968,0,0,5,13.4909,9299.59
114,0,0,5,13.4851,9264.41
1719,0,0,5,13.4498,9071.14
1718,0,0,5,13.4317,8972.6
129,0,0,5,13.4078,8838.85
134,0,0,5,13.4028,8810.34
133,0,0,5,13.3908,8745.51
138,0,0,5,13.37,8640.92
184,0,0,5,13.3532,8550.54
440,0,0,5,13.3306,8434.16
451,0,0,5,13.3143,8348.74
1716,0,0,5,13.3119,8332.31
462,0,0,5,13.3047,8293.49
1990,0,0,5,13.2969,8240.45
463,0,0,5,13.2797,8150.42
474,0,0,5,13.2658,8077.43
2140,0,0,5,13.2577,8039.59
2141,0,0,5,13.2495,7994.61
473,0,0,5,13.2493,7993.85
502,0,0,5,13.2403,7949.95
501,0,0,5,13.2338,7919.63
501,1,0,0,11.7939,1433.41,0.0743333,324.22,0.22,1
502,1,0,0,11.7886,1407.87
473,1,0,0,11.779,1361.69
2141,1,0,0,11.7788,1360.71
2140,1,0,0,11.7704,1314.68
475,1,0,0,11.7675,1299.26
474,1,0,0,11.7634,1278.25
463,1,0,0,11.7486,1201.35
1990,1,0,0,11.7351,1126.94
462,1,0,0,11.7264,1072.9
461,1,0,0,11.724,1058.4
1716,1,0,0,11.7158,1015.28
451,1,0,0,11.7114,992.322
440,1,0,0,11.6954,908.617
184,1,0,0,11.6785,816.223
138,1,0,0,11.6628,730.3
133,1,0,0,11.6485,653.53
134,1,0,0,11.6409,601.574
129,1,0,0,11.6333,561.93
1718,1,0,0,11.6069,417.674
1719,1,0,0,11.5902,325.295
114,1,0,0,11.5523,120.486
1968,1,0,0,11.5453,81.9493
110,1,0,0,11.53,0
710,1,0,1,11.998,2453.47,0.0443333,193.369,0.36,2
1543,1,0,1,11.9766,2333.21
459,1,0,1,11.9663,2269.8
488,1,0,1,11.9376,2112.91
2144,1,0,1,11.9209,2022.7
486,1,0,1,11.9196,2016.25
482,1,0,1,11.912,1976.94
2142,1,0,1,11.9069,1949.91
2143,1,0,1,11.9065,1948.14
480,1,0,1,11.9061,1946.24
478,1,0,1,11.9019,1924.17
477,1,0,1,11.8938,1881.98
1750,1,0,1,11.89,1861.72
2141,1,0,1,11.8836,1831.93
473,1,0,1,11.8834,1830.73
502,1,0,1,11.8743,1786.83
501,1,0,1,11.8682,1757.63
1016,1,0,2,12.1692,3369.07,0.0438333,191.188,0.28,3
1548,1,0,2,12.1623,3333.03
1012,1,0,2,12.158,3310.61
1014,1,0,2,12.1576,3308.41
989,1,0,2,12.1471,3252.55
990,1,0,2,12.1371,3202.29
704,1,0,2,12.1257,3144.55
2179,1,0,2,12.1255,3143.68
662,1,0,2,12.1193,3114.04
602,1,0,2,12.1084,3046.34
599,1,0,2,12.1045,3024.12
605,1,0,2,12.1006,3000.37
529,1,0,2,12.0834,2900.36
726,1,0,2,12.0686,2800.27
714,1,0,2,12.0684,2798.41
1543,1,0,2,12.0642,2768.44
710,1,0,2,12.0424,2646.84
1402,1,0,3,12.4763,4918.69,0.085,370.744,0.2,4
1390,1,0,3,12.4662,4864.29
1382,1,0,3,12.443,4743.98
1362,1,0,3,12.4191,4619.7
1361,1,0,3,12.4142,4593.25
1354,1,0,3,12.4141,4593.06
1355,1,0,3,12.4078,4559.22
2076,1,0,3,12.406,4550.11
1356,1,0,3,12.4002,4518.45
1357,1,0,3,12.3994,4514.73
1349,1,0,3,12.3882,4456.01
1348,1,0,3,12.3872,4450.96
1340,1,0,3,12.3867,4448.42
1339,1,0,3,12.3807,4417.99
1329,1,0,3,12.3678,4351.43
1158,1,0,3,12.3537,4278.91
2048,1,0,3,12.3334,4171.91
1131,1,0,3,12.3282,4144.68
1130,1,0,3,12.3224,4115.75
1129,1,0,3,12.303,4024.95
1121,1,0,3,12.2837,3925.02
1095,1,0,3,12.2757,3886.22
1093,1,0,3,12.268,3845.49
1074,1,0,3,12.2614,3809.29
1077,1,0,3,12.2511,3755.24
1080,1,0,3,12.2378,3688.79
1079,1,0,3,12.2301,3650.11
1061,1,0,3,12.2259,3628.82
1063,1,0,3,12.2225,3611.01
1062,1,0,3,12.2214,3603.94
2159,1,0,3,12.2212,3603.04
1045,1,0,3,12.2205,3599.89
1043,1,0,3,12.2174,3584.03
2029,1,0,3,12.2173,3583.62
1016,1,0,3,12.2131,3560.25
410,1,0,4,12.972,7451.77,0.109667,478.333,0.09,5
1986,1,0,4,12.9464,7326.03
883,1,0,4,12.9171,7172.67
882,1,0,4,12.9054,7109.1
2155,1,0,4,12.9016,7090.37
901,1,0,4,12.8681,6915.07
902,1,0,4,12.8543,6841.86
904,1,0,4,12.8396,6764.46
925,1,0,4,12.8168,6639.44
2019,1,0,4,12.8109,6610.13
929,1,0,4,12.8105,6608.15
938,1,0,4,12.7984,6542.02
950,1,0,4,12.7824,6460.99
951,1,0,4,12.776,6427.74
949,1,0,4,12.7644,6368.45
1302,1,0,4,12.7377,6228.78
1307,1,0,4,12.7225,6145
1308,1,0,4,12.7109,6083.95
1309,1,0,4,12.6935,5993.85
1314,1,0,4,12.6929,5990.98
2165,1,0,4,12.6739,5892.71
2071,1,0,4,12.6543,5786.86
1359,1,0,4,12.6344,5679.63
1370,1,0,4,12.6334,5675.18
1360,1,0,4,12.6107,5550.16
1382,1,0,4,12.5932,5457.91
1390,1,0,4,12.5723,5347.28
1402,1,0,4,12.5613,5289.44
110,1,0,5,13.3639,9505.78,0,0,0
1968,1,0,5,13.3488,9424.98
1969,1,0,5,13.3367,9348.63
115,1,0,5,13.3342,9334.21
2113,1,0,5,13.3294,9308.14
2133,1,0,5,13.2094,8630.62
366,1,0,5,13.2057,8603.99
2134,1,0,5,13.1947,8542.45
2136,1,0,5,13.1828,8477.53
393,1,0,5,13.1537,8325.64
401,1,0,5,13.1389,8247.18
400,1,0,5,13.1128,8104.08
411,1,0,5,13.0985,8029.53
412,1,0,5,13.0964,8010.02
398,1,0,5,13.082,7931.31
410,1,0,5,13.0817,7930.1
410,2,0,0,11.7022,1462.66,0.0726667,316.95,0.06,1
398,2,0,0,11.7019,1461.45
397,2,0,0,11.6893,1392.89
390,2,0,0,11.6698,1291.33
382,2,0,0,11.6525,1199.86
376,2,0,0,11.6345,1103.09
369,2,0,0,11.615,998.232
360,2,0,0,11.5927,878.986
361,2,0,0,11.5801,809.873
128,2,0,0,11.5196,481.115
126,2,0,0,11.5123,442.296
125,2,0,0,11.506,408.059
118,2,0,0,11.4731,231.019
1968,2,0,0,11.4453,81.9493
110,2,0,0,11.43,0
710,2,0,1,11.9946,3117.52,0.0443333,193.369,0.36,2
1543,2,0,1,11.9731,2997.25
715,2,0,1,11.9683,2952.99
714,2,0,1,11.9644,2928.98
726,2,0,1,11.9642,2927.1
529,2,0,1,11.9505,2827.61
605,2,0,1,11.9357,2731
603,2,0,1,11.9306,2703.02
604,2,0,1,11.9263,2679.88
596,2,0,1,11.9262,2678.91
580,2,0,1,11.9178,2620.63
574,2,0,1,11.9005,2527.39
573,2,0,1,11.8905,2471.49
564,2,0,1,11.8828,2430.34
557,2,0,1,11.8767,2396.35
561,2,0,1,11.87,2349.83
628,2,0,1,11.8655,2324.18
609,2,0,1,11.8528,2247.52
423,2,0,1,11.8469,2191.2
419,2,0,1,11.8422,2156.76
418,2,0,1,11.8269,2071.84
2139,2,0,1,11.823,2050.41
2138,2,0,1,11.8046,1948.97
411,2,0,1,11.791,1874.15
412,2,0,1,11.7885,1855.14
398,2,0,1,11.7751,1780.81
410,2,0,1,11.7748,1779.61
1402,2,0,2,12.4187,5338.74,0.085,370.744,0.2,3
1390,2,0,2,12.4086,5284.34
1382,2,0,2,12.3861,5167.23
1362,2,0,2,12.3668,5062.4
1361,2,0,2,12.3623,5037.88
1354,2,0,2,12.3623,5037.69
1355,2,0,2,12.3568,5007.65
2076,2,0,2,12.355,4998.54
1356,2,0,2,12.3462,4954.1
1357,2,0,2,12.3454,4950.38
1349,2,0,2,12.3321,4882.98
1348,2,0,2,12.3313,4878.64
1340,2,0,2,12.3308,4876.09
1339,2,0,2,12.3246,4844.97
1329,2,0,2,12.3122,4780.37
1158,2,0,2,12.2949,4694.54
2048,2,0,2,12.2746,4587.66
1131,2,0,2,12.2694,4560.43
1130,2,0,2,12.2636,4531.5
1129,2,0,2,12.2443,4440.71
1121,2,0,2,12.225,4340.78
1095,2,0,2,12.2169,4301.97
1093,2,0,2,12.2092,4261.25
1074,2,0,2,12.2026,4225.05
1077,2,0,2,12.1923,4170.99
1080,2,0,2,12.179,4104.54
1079,2,0,2,12.1714,4065.86
1061,2,0,2,12.1671,4044.57
1063,2,0,2,12.1637,4026.76
1062,2,0,2,12.1626,4019.69
2159,2,0,2,12.1625,4018.79
1045,2,0,2,12.1618,4015.64
1012,2,0,2,12.1545,3974.66
1014,2,0,2,12.1541,3972.45
989,2,0,2,12.1436,3916.59
990,2,0,2,12.1336,3866.33
704,2,0,2,12.1223,3808.59
2179,2,0,2,12.1221,3807.73
662,2,0,2,12.1159,3778.08
602,2,0,2,12.1049,3710.39
599,2,0,2,12.101,3688.16
605,2,0,2,12.0972,3664.41
529,2,0,2,12.0799,3564.4
726,2,0,2,12.0652,3464.31
714,2,0,2,12.065,3462.45
1543,2,0,2,12.0607,3432.49
710,2,0,2,12.0389,3310.88
1016,2,0,3,12.7691,7087.39,0.0438333,191.188,0.28,4
2029,2,0,3,12.7626,7054.38
1043,2,0,3,12.7625,7053.96
2158,2,0,3,12.7534,7009.82
2030,2,0,3,12.7494,6989.98
1041,2,0,3,12.7447,6964.99
1059,2,0,3,12.7365,6923.15
1058,2,0,3,12.7313,6897.09
1056,2,0,3,12.7249,6862.66
1072,2,0,3,12.7073,6771.76
1071,2,0,3,12.6991,6729.65
1090,2,0,3,12.6909,6685.01
1089,2,0,3,12.6842,6649.15
1119,2,0,3,12.6771,6609.92
1118,2,0,3,12.6703,6573.72
2044,2,0,3,12.6542,6490.47
2169,2,0,3,12.6477,6455.59
2171,2,0,3,12.6435,6433.46
2046,2,0,3,12.6373,6402.23
1778,2,0,3,12.6119,6273.72
1327,2,0,3,12.6006,6212.94
1343,2,0,3,12.6,6210.21
1355,2,0,3,12.5753,6079.39
1364,2,0,3,12.5752,6079.18
1362,2,0,3,12.565,6025.55
1382,2,0,3,12.5356,5877.96
1390,2,0,3,12.5147,5767.32
1402,2,0,3,12.5037,5709.48
501,2,0,4,13.0036,8204.08,0.0531667,231.897,0.2,5
1747,2,0,4,12.9969,8171.47
1746,2,0,4,12.9677,8026.97
1745,2,0,4,12.9568,7972.91
1844,2,0,4,12.9362,7872.68
575,2,0,4,12.9335,7856.62
571,2,0,4,12.9297,7836.65
570,2,0,4,12.9251,7814.32
569,2,0,4,12.9194,7786.73
640,2,0,4,12.9141,7759.71
649,2,0,4,12.9076,7728.37
646,2,0,4,12.9012,7697.49
691,2,0,4,12.8934,7660.73
689,2,0,4,12.8696,7549.84
979,2,0,4,12.8599,7505.8
980,2,0,4,12.8547,7479.73
978,2,0,4,12.8511,7461.24
1010,2,0,4,12.8354,7381.09
1016,2,0,4,12.8129,7278.58
110,2,0,5,13.3289,9896.75,0,0,0
1968,2,0,5,13.3139,9815.95
114,2,0,5,13.308,9780.76
1719,2,0,5,13.2727,9587.5
1718,2,0,5,13.2547,9488.96
129,2,0,5,13.2307,9355.21
134,2,0,5,13.2258,9326.7
133,2,0,5,13.2138,9261.86
138,2,0,5,13.1929,9157.28
184,2,0,5,13.1761,9066.89
440,2,0,5,13.1536,8950.51
451,2,0,5,13.1372,8865.09
1716,2,0,5,13.1348,8848.67
462,2,0,5,13.1276,8809.85
1990,2,0,5,13.1198,8756.81
463,2,0,5,13.1026,8666.78
474,2,0,5,13.0888,8593.78
2140,2,0,5,13.0806,8555.95
2141,2,0,5,13.0724,8510.97
473,2,0,5,13.0722,8510.21
502,2,0,5,13.0632,8466.31
501,2,0,5,13.0568,8435.98
710,3,0,0,11.6984,1682.36,0.0443333,193.369,0.36,1
1543,3,0,0,11.6733,1546.36
459,3,0,0,11.6634,1483.42
458,3,0,0,11.6564,1437.75
456,3,0,0,11.6472,1376.86
457,3,0,0,11.6418,1346.64
454,3,0,0,11.6342,1292.68
455,3,0,0,11.6318,1278.37
453,3,0,0,11.6226,1212.8
446,3,0,0,11.614,1164.09
442,3,0,0,11.6058,1120.37
1857,3,0,0,11.5974,1076.3
441,3,0,0,11.5925,1051.98
185,3,0,0,11.5815,993.794
177,3,0,0,11.5689,927.553
184,3,0,0,11.5485,816.223
138,3,0,0,11.5328,730.3
133,3,0,0,11.5185,653.53
134,3,0,0,11.5109,601.574
129,3,0,0,11.5033,561.93
1718,3,0,0,11.4769,417.674
1719,3,0,0,11.4602,325.295
114,3,0,0,11.4223,120.486
1968,3,0,0,11.4153,81.9493
110,3,0,0,11.4,0
410,3,0,1,11.9819,3297.46,0.0726667,316.95,0.06,2
398,3,0,1,11.9817,3296.25
397,3,0,1,11.9713,3236.47
399,3,0,1,11.9548,3146.48
411,3,0,1,11.9403,3066.94
1537,3,0,1,11.9122,2908.63
418,3,0,1,11.9069,2880.17
419,3,0,1,11.8906,2791.05
423,3,0,1,11.8859,2756.6
609,3,0,1,11.88,2700.28
628,3,0,1,11.8674,2623.84
561,3,0,1,11.8633,2598.8
557,3,0,1,11.8553,2550.72
554,3,0,1,11.8537,2542.26
565,3,0,1,11.8461,2499.32
573,3,0,1,11.8408,2472.73
574,3,0,1,11.8318,2420.94
580,3,0,1,11.8134,2322.66
596,3,0,1,11.8073,2262.81
595,3,0,1,11.8018,2232.4
605,3,0,1,11.8006,2224.41
529,3,0,1,11.7834,2124.38
726,3,0,1,11.7675,2023.19
714,3,0,1,11.7673,2021.3
1543,3,0,1,11.7625,1990.78
710,3,0,1,11.7428,1875.73
1402,3,0,2,12.4649,5784.91,0.085,370.744,0.2,3
1390,3,0,2,12.4548,5730.52
1382,3,0,2,12.4323,5613.41
1362,3,0,2,12.413,5508.58
1361,3,0,2,12.4085,5484.06
1354,3,0,2,12.4085,5483.87
2188,3,0,2,12.402,5450.11
2075,3,0,2,12.3811,5342.16
1822,3,0,2,12.3803,5338.17
1353,3,0,2,12.3713,5292.42
2118,3,0,2,12.3498,5176.26
2117,3,0,2,12.3472,5151.63
2164,3,0,2,12.33,5038.48
1307,3,0,2,12.3134,4951.49
1302,3,0,2,12.2967,4861.24
949,3,0,2,12.274,4738.44
2025,3,0,2,12.2705,4720.99
1598,3,0,2,12.2671,4702.02
948,3,0,2,12.2604,4667.33
928,3,0,2,12.2487,4604.29
923,3,0,2,12.2125,4423.53
924,3,0,2,12.2042,4384.22
914,3,0,2,12.1838,4277.13
902,3,0,2,12.1775,4242.13
887,3,0,2,12.1609,4156.83
2012,3,0,2,12.1434,4065.19
884,3,0,2,12.1389,4042.25
1987,3,0,2,12.1015,3852.27
413,3,0,2,12.0822,3754.57
414,3,0,2,12.0769,3726.93
410,3,0,2,12.0546,3614.41
1016,3,0,3,12.8153,7533.57,0.0438333,191.188,0.28,4
2029,3,0,3,12.8088,7500.56
1043,3,0,3,12.8087,7500.14
2158,3,0,3,12.7996,7455.99
2030,3,0,3,12.7956,7436.16
1041,3,0,3,12.7909,7411.17
1059,3,0,3,12.7827,7369.33
1058,3,0,3,12.7775,7343.27
1056,3,0,3,12.7711,7308.83
1072,3,0,3,12.7535,7217.93
1071,3,0,3,12.7453,7175.83
1090,3,0,3,12.7371,7131.19
1089,3,0,3,12.7304,7095.33
1119,3,0,3,12.7233,7056.1
1118,3,0,3,12.7165,7019.9
2044,3,0,3,12.7004,6936.65
2169,3,0,3,12.6939,6901.77
2171,3,0,3,12.6897,6879.63
2046,3,0,3,12.6835,6848.4
1778,3,0,3,12.6581,6719.89
1327,3,0,3,12.6468,6659.12
1343,3,0,3,12.6462,6656.39
1355,3,0,3,12.6215,6525.57
1364,3,0,3,12.6214,6525.36
1362,3,0,3,12.6112,6471.73
1382,3,0,3,12.5818,6324.13
1390,3,0,3,12.5608,6213.5
1402,3,0,3,12.5499,6155.66
501,3,0,4,13.0498,8650.26,0.0531667,231.897,0.2,5
1747,3,0,4,13.0431,8617.65
1746,3,0,4,13.0139,8473.15
1745,3,0,4,13.003,8419.08
1844,3,0,4,12.9824,8318.85
575,3,0,4,12.9797,8302.8
571,3,0,4,12.9759,8282.83
570,3,0,4,12.9713,8260.5
569,3,0,4,12.9656,8232.9
640,3,0,4,12.9603,8205.88
649,3,0,4,12.9538,8174.55
646,3,0,4,12.9474,8143.67
691,3,0,4,12.9396,8106.91
689,3,0,4,12.9158,7996.02
979,3,0,4,12.9061,7951.98
980,3,0,4,12.9009,7925.91
978,3,0,4,12.8973,7907.42
1010,3,0,4,12.8816,7827.27
1016,3,0,4,12.8591,7724.76
110,3,0,5,13.3751,10342.9,0,0,0
1968,3,0,5,13.36,10262.1
114,3,0,5,13.3542,10226.9
1719,3,0,5,13.3189,10033.7
1718,3,0,5,13.3008,9935.14
129,3,0,5,13.2769,9801.38
134,3,0,5,13.272,9772.88
133,3,0,5,13.26,9708.04
138,3,0,5,13.2391,9603.46
184,3,0,5,13.2223,9513.07
440,3,0,5,13.1998,9396.69
451,3,0,5,13.1834,9311.27
1716,3,0,5,13.181,9294.85
462,3,0,5,13.1738,9256.03
1990,3,0,5,13.166,9202.99
463,3,0,5,13.1488,9112.95
474,3,0,5,13.135,9039.96
2140,3,0,5,13.1268,9002.13
2141,3,0,5,13.1186,8957.15
473,3,0,5,13.1184,8956.39
502,3,0,5,13.1094,8912.49
501,3,0,5,13.103,8882.16
410,4,0,0,11.6922,1462.66,0.0726667,316.95,0.06,1
398,4,0,0,11.6919,1461.45
397,4,0,0,11.6793,1392.89
390,4,0,0,11.6598,1291.33
382,4,0,0,11.6425,1199.86
376,4,0,0,11.6245,1103.09
369,4,0,0,11.605,998.232
360,4,0,0,11.5827,878.986
361,4,0,0,11.5701,809.873
128,4,0,0,11.5096,481.115
126,4,0,0,11.5023,442.296
125,4,0,0,11.496,408.059
118,4,0,0,11.4631,231.019
1968,4,0,0,11.4353,81.9493
110,4,0,0,11.42,0
710,4,0,1,11.9846,3117.52,0.0443333,193.369,0.36,2
1543,4,0,1,11.9631,2997.25
715,4,0,1,11.9583,2952.99
714,4,0,1,11.9544,2928.98
726,4,0,1,11.9542,2927.1
529,4,0,1,11.9405,2827.61
605,4,0,1,11.9257,2731
603,4,0,1,11.9206,2703.02
604,4,0,1,11.9163,2679.88
596,4,0,1,11.9162,2678.91
580,4,0,1,11.9078,2620.63
574,4,0,1,11.8905,2527.39
573,4,0,1,11.8805,2471.49
564,4,0,1,11.8728,2430.34
557,4,0,1,11.8667,2396.35
561,4,0,1,11.86,2349.83
628,4,0,1,11.8555,2324.18
609,4,0,1,11.8428,2247.52
423,4,0,1,11.8369,2191.2
419,4,0,1,11.8322,2156.76
418,4,0,1,11.8169,2071.84
2139,4,0,1,11.813,2050.41
2138,4,0,1,11.7946,1948.97
411,4,0,1,11.781,1874.15
412,4,0,1,11.7785,1855.14
398,4,0,1,11.7651,1780.81
410,4,0,1,11.7648,1779.61
501,4,0,2,12.1553,4004.15,0.102667,447.801,0.22,3
1747,4,0,2,12.1485,3971.54
505,4,0,2,12.1434,3945.32
506,4,0,2,12.1259,3864.64
507,4,0,2,12.1186,3829.61
510,4,0,2,12.1078,3778.53
509,4,0,2,12.1026,3753.11
508,4,0,2,12.0977,3726.5
512,4,0,2,12.0899,3687.28
511,4,0,2,12.0861,3668.12
2145,4,0,2,12.0854,3664.9
2146,4,0,2,12.0738,3600.57
529,4,0,2,12.0699,3564.4
726,4,0,2,12.0552,3464.31
714,4,0,2,12.055,3462.45
1543,4,0,2,12.0507,3432.49
710,4,0,2,12.0289,3310.88
1402,4,0,3,12.6648,6528.05,0.085,370.744,0.2,4
1390,4,0,3,12.6547,6473.65
1382,4,0,3,12.6322,6356.54
1362,4,0,3,12.6129,6251.71
1361,4,0,3,12.6084,6227.19
1354,4,0,3,12.6083,6227
1355,4,0,3,12.6029,6196.96
2076,4,0,3,12.6011,6187.84
1356,4,0,3,12.5923,6143.41
1357,4,0,3,12.5915,6139.69
1349,4,0,3,12.5782,6072.29
1348,4,0,3,12.5774,6067.95
1340,4,0,3,12.5769,6065.4
1339,4,0,3,12.5707,6034.28
1329,4,0,3,12.5583,5969.68
1158,4,0,3,12.541,5883.85
2048,4,0,3,12.5208,5777.27
1131,4,0,3,12.5153,5748.9
1130,4,0,3,12.5095,5719.97
1129,4,0,3,12.4907,5631.33
1121,4,0,3,12.4714,5531.4
1095,4,0,3,12.4633,5492.59
1093,4,0,3,12.4556,5451.87
1074,4,0,3,12.4491,5415.67
1073,4,0,3,12.4373,5356.8
1057,4,0,3,12.4191,5264.11
1042,4,0,3,12.4138,5237.73
2030,4,0,3,12.4068,5200.7
1011,4,0,3,12.4067,5199.85
1547,4,0,3,12.3924,5129.73
1546,4,0,3,12.3873,5104.04
975,4,0,3,12.3841,5086.89
2026,4,0,3,12.378,5054.16
2027,4,0,3,12.3704,5018.35
1998,4,0,3,12.3604,4967.25
1997,4,0,3,12.3522,4925.17
1996,4,0,3,12.3459,4895.54
1995,4,0,3,12.3393,4863.46
1993,4,0,3,12.3342,4836.65
1994,4,0,3,12.33,4815.17
572,4,0,3,12.3229,4776.05
541,4,0,3,12.314,4729.48
540,4,0,3,12.3033,4674.57
1754,4,0,3,12.2947,4630.38
518,4,0,3,12.2861,4587.43
500,4,0,3,12.2805,4559
501,4,0,3,12.2579,4451.95
1016,4,0,4,13.0152,8276.7,0.0561667,244.982,0.25,5
2029,4,0,4,13.0086,8243.69
1043,4,0,4,13.0086,8243.27
2158,4,0,4,12.9995,8199.12
2030,4,0,4,12.9955,8179.29
1041,4,0,4,12.9908,8154.3
1059,4,0,4,12.9826,8112.46
1058,4,0,4,12.9774,8086.4
1056,4,0,4,12.971,8051.96
1072,4,0,4,12.9534,7961.06
1071,4,0,4,12.9452,7918.96
1090,4,0,4,12.9369,7874.32
1089,4,0,4,12.9303,7838.46
1119,4,0,4,12.9232,7799.23
1118,4,0,4,12.9164,7763.03
2044,4,0,4,12.9003,7679.78
2169,4,0,4,12.8938,7644.9
2171,4,0,4,12.8896,7622.76
2046,4,0,4,12.8834,7591.54
1778,4,0,4,12.858,7463.03
1327,4,0,4,12.8467,7402.25
1343,4,0,4,12.8461,7399.52
1355,4,0,4,12.8214,7268.7
1364,4,0,4,12.8213,7268.49
1362,4,0,4,12.8111,7214.86
1382,4,0,4,12.7817,7067.27
1390,4,0,4,12.7607,6956.63
1402,4,0,4,12.7498,6898.79
110,4,0,5,13.4932,10718,0,0,0
1968,4,0,5,13.4781,10637.2
114,4,0,5,13.4723,10602
1719,4,0,5,13.4367,10407.2
1718,4,0,5,13.4184,10307.8
129,4,0,5,13.3941,10172.7
134,4,0,5,13.3868,10134.3
133,4,0,5,13.3741,10066.7
138,4,0,5,13.3533,9962.14
184,4,0,5,13.3356,9867.87
440,4,0,5,13.3146,9758.01
451,4,0,5,13.2982,9672.59
1716,4,0,5,13.2958,9656.17
462,4,0,5,13.2886,9617.35
1990,4,0,5,13.2808,9564.31
463,4,0,5,13.2636,9474.27
474,4,0,5,13.2498,9401.28
2140,4,0,5,13.2416,9363.45
475,4,0,5,13.2349,9332.18
499,4,0,5,13.2271,9292.59
500,4,0,5,13.2225,9269.18
518,4,0,5,13.217,9241
1754,4,0,5,13.2038,9179.14
540,4,0,5,13.1952,9135.24
541,4,0,5,13.1845,9080.09
572,4,0,5,13.1758,9034.33
1994,4,0,5,13.1661,8984.05
1993,4,0,5,13.1618,8962.57
1995,4,0,5,13.155,8928.2
1996,4,0,5,13.1489,8898.26
1997,4,0,5,13.145,8878.36
2027,4,0,5,13.1201,8757.58
2026,4,0,5,13.1143,8729.1
978,4,0,5,13.1053,8687.1
1010,4,0,5,13.0915,8614.98
1016,4,0,5,13.0714,8521.68
710,5,0,0,13.5525,1706.65,0.0466667,203.546,0.45,1
1543,5,0,0,13.5294,1579.59
459,5,0,0,13.5202,1517.38
458,5,0,0,13.5127,1471.15
456,5,0,0,13.5034,1410.12
457,5,0,0,13.4975,1377.61
454,5,0,0,13.4898,1323.63
455,5,0,0,13.4872,1308.67
453,5,0,0,13.4785,1243.21
446,5,0,0,13.4702,1195.77
442,5,0,0,13.4585,1137.28
1857,5,0,0,13.4497,1091.26
441,5,0,0,13.4436,1062.09
185,5,0,0,13.4326,1004.16
177,5,0,0,13.4203,938.786
184,5,0,0,13.4003,829.279
138,5,0,0,13.3836,739.414
133,5,0,0,13.3697,664.29
134,5,0,0,13.3621,612.333
129,5,0,0,13.355,574.749
1718,5,0,0,13.3291,432.78
1720,5,0,0,13.322,394.625
1719,5,0,0,13.3093,321.152
114,5,0,0,13.2716,117.424
1968,5,0,0,13.2648,79.7523
110,5,0,0,13.25,0
1402,5,0,1,14.0003,4027.57,0.0816667,356.205,0.16,2
1390,5,0,1,13.9911,3977.52
1382,5,0,1,13.9609,3827.77
1362,5,0,1,13.9382,3708.77
1361,5,0,1,13.9332,3681.77
1354,5,0,1,13.9331,3681.58
1355,5,0,1,13.9206,3621.92
2076,5,0,1,13.9188,3612.81
1356,5,0,1,13.9104,3570.09
1357,5,0,1,13.9096,3566.38
1349,5,0,1,13.8961,3498.2
1348,5,0,1,13.8955,3494.87
1340,5,0,1,13.895,3492.33
1339,5,0,1,13.8897,3464.61
1329,5,0,1,13.8787,3406.27
1158,5,0,1,13.8637,3329.94
2048,5,0,1,13.8436,3223.82
1151,5,0,1,13.8338,3171.97
1134,5,0,1,13.828,3141.99
1133,5,0,1,13.823,3115.82
1122,5,0,1,13.8116,3058.27
1096,5,0,1,13.786,2931.66
1099,5,0,1,13.7812,2907
1098,5,0,1,13.7739,2870.34
1101,5,0,1,13.7545,2772.1
1082,5,0,1,13.7461,2730.13
1079,5,0,1,13.737,2683.11
1061,5,0,1,13.7327,2661.83
1063,5,0,1,13.7295,2644.99
1062,5,0,1,13.7285,2637.95
2159,5,0,1,13.7283,2636.96
1045,5,0,1,13.7276,2633.81
1012,5,0,1,13.7204,2592.83
2028,5,0,1,13.7123,2547.36
989,5,0,1,13.7089,2531.63
990,5,0,1,13.6988,2481.36
991,5,0,1,13.6963,2469.01
706,5,0,1,13.6892,2429.55
704,5,0,1,13.6866,2416.78
2179,5,0,1,13.6864,2415.92
662,5,0,1,13.6802,2386.27
602,5,0,1,13.669,2318.13
599,5,0,1,13.6645,2293.43
605,5,0,1,13.6593,2265.31
529,5,0,1,13.6428,2166.41
726,5,0,1,13.6266,2064.88
714,5,0,1,13.6264,2063
1543,5,0,1,13.6206,2030.56
710,5,0,1,13.5991,1910.19
1016,5,0,2,14.34,5736.79,0.0881667,384.556,0.22,3
2029,5,0,2,14.3356,5713.04
1043,5,0,2,14.3356,5712.63
2158,5,0,2,14.3287,5677.85
2030,5,0,2,14.3248,5658.01
1041,5,0,2,14.3196,5631.43
1059,5,0,2,14.3108,5586.59
1058,5,0,2,14.3058,5561.34
1075,5,0,2,14.2882,5471.27
1072,5,0,2,14.2782,5419.83
1071,5,0,2,14.268,5369.35
1090,5,0,2,14.262,5332.13
1089,5,0,2,14.2559,5298.81
1119,5,0,2,14.2473,5252.92
1118,5,0,2,14.2411,5219.33
2044,5,0,2,14.2259,5139.77
2169,5,0,2,14.2179,5098.75
2171,5,0,2,14.2132,5074.6
1549,5,0,2,14.2054,5034.45
1147,5,0,2,14.198,4996.06
1327,5,0,2,14.1696,4848.09
1343,5,0,2,14.169,4845.36
1355,5,0,2,14.1422,4705.94
1364,5,0,2,14.1422,4705.73
1362,5,0,2,14.1324,4653.75
1382,5,0,2,14.1123,4545.92
1390,5,0,2,14.0908,4432.75
1402,5,0,2,14.0819,4383.78
501,5,0,3,14.6177,7043.04,0.107,466.702,0.18,4
1747,5,0,3,14.608,6998.73
1746,5,0,3,14.5801,6859.39
1745,5,0,3,14.567,6796.1
1844,5,0,3,14.5491,6706.86
575,5,0,3,14.5467,6691.35
571,5,0,3,14.5438,6675.23
570,5,0,3,14.539,6651.95
569,5,0,3,14.5338,6626.63
640,5,0,3,14.5257,6587.72
649,5,0,3,14.5164,6545.19
646,5,0,3,14.5086,6508.67
691,5,0,3,14.5027,6479.77
689,5,0,3,14.4806,6375.77
979,5,0,3,14.4721,6336.17
980,5,0,3,14.4662,6307.77
978,5,0,3,14.4627,6289.58
1010,5,0,3,14.4479,6212.81
1016,5,0,3,14.4282,6121.35
110,5,0,4,14.9984,8998.94,0,0,0
111,5,0,4,14.996,8983.06
1968,5,0,4,14.9866,8918.38
114,5,0,4,14.981,8883.65
1719,5,0,4,14.9431,8678.61
1720,5,0,4,14.928,8596.14
1718,5,0,4,14.9222,8563.59
129,5,0,4,14.897,8424.52
134,5,0,4,14.891,8391.56
133,5,0,4,14.8786,8325.03
138,5,0,4,14.8577,8220.45
184,5,0,4,14.8414,8131.91
440,5,0,4,14.8256,8044.29
451,5,0,4,14.809,7958.09
1716,5,0,4,14.8066,7941.67
462,5,0,4,14.7975,7894.59
1990,5,0,4,14.7904,7841.9
463,5,0,4,14.7717,7745.38
474,5,0,4,14.7564,7666.14
2140,5,0,4,14.7473,7624.8
2141,5,0,4,14.7395,7581.6
473,5,0,4,14.7392,7580.32
502,5,0,4,14.7302,7536.42
501,5,0,4,14.7247,7509.74
410,5,1,0,11.6122,1462.66,0.0726667,316.95,0.06,1
398,5,1,0,11.6119,1461.45
397,5,1,0,11.5993,1392.89
390,5,1,0,11.5798,1291.33
382,5,1,0,11.5625,1199.86
376,5,1,0,11.5445,1103.09
369,5,1,0,11.525,998.232
360,5,1,0,11.5027,878.986
361,5,1,0,11.4901,809.873
128,5,1,0,11.4296,481.115
126,5,1,0,11.4223,442.296
125,5,1,0,11.416,408.059
118,5,1,0,11.3831,231.019
1968,5,1,0,11.3553,81.9493
110,5,1,0,11.34,0
110,5,1,1,11.9697,3360.63,0,0,0
1968,5,1,1,11.9546,3279.59
1969,5,1,1,11.9423,3203.08
115,5,1,1,11.9398,3188.51
2113,5,1,1,11.935,3162.69
2133,5,1,1,11.8141,2480.93
366,5,1,1,11.8104,2454.3
2134,5,1,1,11.7988,2390.2
2136,5,1,1,11.7863,2322.55
393,5,1,1,11.7536,2155.53
392,5,1,1,11.7356,2054.99
400,5,1,1,11.7153,1948.22
411,5,1,1,11.701,1874.15
412,5,1,1,11.6985,1855.14
398,5,1,1,11.6851,1780.81
410,5,1,1,11.6848,1779.61
410,6,0,0,13.4143,1471.19,0.074,322.766,0.11,1
398,6,0,0,13.414,1469.98
397,6,0,0,13.4032,1408.71
390,6,0,0,13.3833,1305.9
382,6,0,0,13.3669,1218.33
376,6,0,0,13.3499,1125.74
369,6,0,0,13.3301,1019.33
360,6,0,0,13.3091,906.015
361,6,0,0,13.2946,828.632
128,6,0,0,13.2395,523.193
126,6,0,0,13.231,479.066
125,6,0,0,13.2218,432.83
118,6,0,0,13.187,247.521
1968,6,0,0,13.1548,79.7523
110,6,0,0,13.14,0
1016,6,0,1,13.7027,2978.6,0.0561667,244.982,0.25,2
1010,6,0,1,13.6936,2930.95
2026,6,0,1,13.6662,2797.16
2027,6,0,1,13.6611,2771.32
1998,6,0,1,13.6507,2718.62
1997,6,0,1,13.6421,2675.01
1996,6,0,1,13.6362,2646.71
1995,6,0,1,13.628,2608.39
1993,6,0,1,13.6189,2564.72
1994,6,0,1,13.6146,2543.23
562,6,0,1,13.6051,2494.18
563,6,0,1,13.6014,2475.26
564,6,0,1,13.5957,2444.42
557,6,0,1,13.5898,2411.34
561,6,0,1,13.5831,2364.8
628,6,0,1,13.5788,2339.43
609,6,0,1,13.5666,2263.63
423,6,0,1,13.5607,2207.31
419,6,0,1,13.5554,2172.47
418,6,0,1,13.5371,2074.91
2139,6,0,1,13.5338,2055.44
2138,6,0,1,13.5174,1962.7
411,6,0,1,13.5051,1893.38
412,6,0,1,13.503,1873.87
398,6,0,1,13.4886,1795.16
410,6,0,1,13.4883,1793.95
1402,6,0,2,14.0235,4590.97,0.0816667,356.205,0.16,3
1390,6,0,2,14.0144,4540.91
1382,6,0,2,13.9889,4410.86
1362,6,0,2,13.9683,4300.86
1361,6,0,2,13.9641,4277.69
1354,6,0,2,13.9641,4277.5
1355,6,0,2,13.9576,4243
2076,6,0,2,13.9558,4233.89
1356,6,0,2,13.9482,4194.54
1357,6,0,2,13.9474,4190.82
1349,6,0,2,13.9347,4125.87
1348,6,0,2,13.9341,4122.44
1340,6,0,2,13.9336,4119.9
1339,6,0,2,13.928,4091.16
1330,6,0,2,13.9073,3982.42
1161,6,0,2,13.8979,3934.51
1162,6,0,2,13.8879,3881.51
1136,6,0,2,13.8692,3783.31
1138,6,0,2,13.8625,3748.95
1137,6,0,2,13.8566,3717.85
1123,6,0,2,13.8429,3651.7
1775,6,0,2,13.8343,3607.71
1102,6,0,2,13.8186,3528.52
1100,6,0,2,13.8044,3459.13
1101,6,0,2,13.7934,3402.48
1082,6,0,2,13.785,3360.52
1079,6,0,2,13.7759,3313.5
1061,6,0,2,13.7716,3292.21
1063,6,0,2,13.7684,3275.37
1062,6,0,2,13.7674,3268.33
2159,6,0,2,13.7672,3267.35
1045,6,0,2,13.7665,3264.2
1043,6,0,2,13.7632,3247.52
2029,6,0,2,13.7631,3247.1
1016,6,0,2,13.7588,3223.58
501,6,0,3,14.5255,7106.11,0.107,466.702,0.18,4
1747,6,0,3,14.5195,7076.89
1746,6,0,3,14.4909,6934.48
540,6,0,3,14.4739,6848.54
541,6,0,3,14.4614,6786.03
572,6,0,3,14.4509,6732.79
567,6,0,3,14.4408,6679.38
565,6,0,3,14.4386,6665.89
562,6,0,3,14.4319,6631.38
639,6,0,3,14.4285,6613.94
638,6,0,3,14.4228,6584.27
637,6,0,3,14.4178,6559.24
685,6,0,3,14.4068,6505.46
687,6,0,3,14.4016,6479.43
971,6,0,3,14.3869,6410.53
972,6,0,3,14.3796,6374.32
973,6,0,3,14.3649,6305.19
1008,6,0,3,14.3552,6257.09
1009,6,0,3,14.343,6195.51
1041,6,0,3,14.3429,6194.82
1059,6,0,3,14.334,6149.99
1058,6,0,3,14.329,6124.74
1075,6,0,3,14.3115,6034.67
1072,6,0,3,14.3015,5983.22
1071,6,0,3,14.2913,5932.75
1090,6,0,3,14.2852,5895.53
1089,6,0,3,14.2791,5862.2
1119,6,0,3,14.2705,5816.31
1118,6,0,3,14.2643,5782.73
2044,6,0,3,14.2491,5703.16
2169,6,0,3,14.2411,5662.14
2171,6,0,3,14.2364,5637.99
1549,6,0,3,14.2287,5597.84
1147,6,0,3,14.2212,5559.46
1327,6,0,3,14.1928,5411.48
1343,6,0,3,14.1922,5408.75
1355,6,0,3,14.1655,5269.33
1364,6,0,3,14.1654,5269.12
1362,6,0,3,14.1556,5217.14
1382,6,0,3,14.1356,5109.31
1390,6,0,3,14.1141,4996.14
1402,6,0,3,14.1052,4947.17
110,6,0,4,14.9062,9062.01,0,0,0
111,6,0,4,14.9038,9046.13
1968,6,0,4,14.8944,8981.46
114,6,0,4,14.8888,8946.72
1719,6,0,4,14.8508,8741.69
1720,6,0,4,14.8358,8659.22
1718,6,0,4,14.83,8626.67
129,6,0,4,14.8048,8487.6
134,6,0,4,14.7988,8454.63
133,6,0,4,14.7864,8388.1
138,6,0,4,14.7655,8283.52
184,6,0,4,14.7492,8194.98
440,6,0,4,14.7333,8107.36
451,6,0,4,14.7168,8021.16
1716,6,0,4,14.7144,8004.74
462,6,0,4,14.7052,7957.67
1990,6,0,4,14.6982,7904.97
463,6,0,4,14.6795,7808.45
474,6,0,4,14.6641,7729.21
2140,6,0,4,14.6551,7687.88
2141,6,0,4,14.6473,7644.68
473,6,0,4,14.647,7643.39
502,6,0,4,14.638,7599.49
501,6,0,4,14.6325,7572.81
710,6,1,0,11.8184,1682.36,0.0443333,193.369,0.36,1
1543,6,1,0,11.7933,1546.36
459,6,1,0,11.7834,1483.42
458,6,1,0,11.7764,1437.75
456,6,1,0,11.7672,1376.86
457,6,1,0,11.7618,1346.64
454,6,1,0,11.7542,1292.68
455,6,1,0,11.7518,1278.37
453,6,1,0,11.7426,1212.8
446,6,1,0,11.734,1164.09
442,6,1,0,11.7258,1120.37
1857,6,1,0,11.7174,1076.3
441,6,1,0,11.7125,1051.98
185,6,1,0,11.7015,993.794
177,6,1,0,11.6889,927.553
184,6,1,0,11.6685,816.223
138,6,1,0,11.6528,730.3
133,6,1,0,11.6385,653.53
134,6,1,0,11.6309,601.574
129,6,1,0,11.6233,561.93
1718,6,1,0,11.5969,417.674
1719,6,1,0,11.5802,325.295
114,6,1,0,11.5423,120.486
1968,6,1,0,11.5353,81.9493
110,6,1,0,11.52,0
110,6,1,1,12.1692,3629.63,0,0,0
1968,6,1,1,12.1541,3548.6
114,6,1,1,12.1489,3514.27
1719,6,1,1,12.1059,3287.66
1718,6,1,1,12.0905,3200.61
129,6,1,1,12.066,3064.75
134,6,1,1,12.0596,3030.36
133,6,1,1,12.0468,2962.15
138,6,1,1,12.026,2857.57
184,6,1,1,12.0067,2756.61
440,6,1,1,11.9901,2665.42
451,6,1,1,11.9713,2569.71
1716,6,1,1,11.9689,2553.28
462,6,1,1,11.9585,2500.86
1990,6,1,1,11.9506,2447.83
452,6,1,1,11.9456,2415.39
453,6,1,1,11.9343,2328.21
455,6,1,1,11.9219,2258.28
454,6,1,1,11.919,2242.66
457,6,1,1,11.9123,2188.7
456,6,1,1,11.9072,2159.26
458,6,1,1,11.8977,2098.11
459,6,1,1,11.8918,2053.01
1543,6,1,1,11.8825,1990.78
710,6,1,1,11.8628,1875.73
410,7,0,0,13.4143,1471.19,0.074,322.766,0.11,1
398,7,0,0,13.414,1469.98
397,7,0,0,13.4032,1408.71
390,7,0,0,13.3833,1305.9
382,7,0,0,13.3669,1218.33
376,7,0,0,13.3499,1125.74
369,7,0,0,13.3301,1019.33
360,7,0,0,13.3091,906.015
361,7,0,0,13.2946,828.632
128,7,0,0,13.2395,523.193
126,7,0,0,13.231,479.066
125,7,0,0,13.2218,432.83
118,7,0,0,13.187,247.521
1968,7,0,0,13.1548,79.7523
110,7,0,0,13.14,0
1402,7,0,1,13.9149,4038.37,0.1085,473.244,0.18,2
1390,7,0,1,13.9057,3988.31
1389,7,0,1,13.8795,3847.36
1388,7,0,1,13.8594,3752.17
1323,7,0,1,13.8587,3748.39
2072,7,0,1,13.8345,3630.82
1317,7,0,1,13.8147,3524.14
2071,7,0,1,13.804,3460.08
2165,7,0,1,13.7817,3342.68
1314,7,0,1,13.7649,3253.68
2163,7,0,1,13.7502,3173.84
2023,7,0,1,13.7218,3022.47
1787,7,0,1,13.7137,2981.18
1788,7,0,1,13.7129,2977.48
943,7,0,1,13.697,2896.83
934,7,0,1,13.6882,2848.99
933,7,0,1,13.6779,2795.06
936,7,0,1,13.6773,2792.12
1737,7,0,1,13.6658,2728.89
917,7,0,1,13.649,2645.65
916,7,0,1,13.6489,2644.75
906,7,0,1,13.623,2511.66
889,7,0,1,13.6108,2449.74
890,7,0,1,13.6013,2401.78
2013,7,0,1,13.5783,2283.62
1988,7,0,1,13.5593,2183.84
416,7,0,1,13.5378,2077.27
2139,7,0,1,13.5338,2055.44
2138,7,0,1,13.5174,1962.7
411,7,0,1,13.5051,1893.38
412,7,0,1,13.503,1873.87
398,7,0,1,13.4886,1795.16
410,7,0,1,13.4883,1793.95
1016,7,0,2,14.2814,5864.63,0.0881667,384.556,0.22,3
2029,7,0,2,14.277,5840.88
1043,7,0,2,14.277,5840.46
2158,7,0,2,14.2701,5805.68
2030,7,0,2,14.2662,5785.85
1041,7,0,2,14.261,5759.26
1059,7,0,2,14.2522,5714.43
1058,7,0,2,14.2472,5689.18
1075,7,0,2,14.2297,5599.11
1072,7,0,2,14.2196,5547.66
1071,7,0,2,14.2095,5497.19
1090,7,0,2,14.2034,5459.97
1089,7,0,2,14.1973,5426.64
1119,7,0,2,14.1887,5380.76
1118,7,0,2,14.1825,5347.17
2044,7,0,2,14.1673,5267.61
2169,7,0,2,14.1593,5226.59
2171,7,0,2,14.1546,5202.43
1549,7,0,2,14.1468,5162.28
1147,7,0,2,14.1394,5123.9
1327,7,0,2,14.111,4975.93
1343,7,0,2,14.1104,4973.19
1355,7,0,2,14.0836,4833.77
1364,7,0,2,14.0836,4833.56
1362,7,0,2,14.0738,4781.58
1382,7,0,2,14.0537,4673.75
1390,7,0,2,14.0322,4560.58
1402,7,0,2,14.0234,4511.62
501,7,0,3,14.5591,7170.87,0.107,466.702,0.18,4
1747,7,0,3,14.5494,7126.57
1746,7,0,3,14.5215,6987.23
1745,7,0,3,14.5084,6923.94
1844,7,0,3,14.4905,6834.69
575,7,0,3,14.4881,6819.18
571,7,0,3,14.4852,6803.06
570,7,0,3,14.4804,6779.79
569,7,0,3,14.4753,6754.47
640,7,0,3,14.4671,6715.56
649,7,0,3,14.4578,6673.02
646,7,0,3,14.45,6636.51
691,7,0,3,14.4441,6607.6
689,7,0,3,14.422,6503.61
979,7,0,3,14.4135,6464.01
980,7,0,3,14.4077,6435.6
978,7,0,3,14.4041,6417.41
1010,7,0,3,14.3893,6340.65
1016,7,0,3,14.3696,6249.19
110,7,0,4,14.9398,9126.78,0,0,0
111,7,0,4,14.9375,9110.9
1968,7,0,4,14.928,9046.21
114,7,0,4,14.9225,9011.48
1719,7,0,4,14.8845,8806.45
1720,7,0,4,14.8694,8723.98
1718,7,0,4,14.8636,8691.43
129,7,0,4,14.8384,8552.36
134,7,0,4,14.8324,8519.39
133,7,0,4,14.82,8452.87
138,7,0,4,14.7991,8348.28
184,7,0,4,14.7828,8259.74
440,7,0,4,14.767,8172.12
451,7,0,4,14.7504,8085.93
1716,7,0,4,14.748,8069.5
462,7,0,4,14.7389,8022.43
1990,7,0,4,14.7318,7969.73
463,7,0,4,14.7131,7873.21
474,7,0,4,14.6978,7793.97
2140,7,0,4,14.6887,7752.64
2141,7,0,4,14.6809,7709.44
473,7,0,4,14.6807,7708.15
502,7,0,4,14.6716,7664.25
501,7,0,4,14.6661,7637.58
710,7,1,0,11.8184,1682.36,0.0443333,193.369,0.36,1
1543,7,1,0,11.7933,1546.36
459,7,1,0,11.7834,1483.42
458,7,1,0,11.7764,1437.75
456,7,1,0,11.7672,1376.86
457,7,1,0,11.7618,1346.64
454,7,1,0,11.7542,1292.68
455,7,1,0,11.7518,1278.37
453,7,1,0,11.7426,1212.8
446,7,1,0,11.734,1164.09
442,7,1,0,11.7258,1120.37
1857,7,1,0,11.7174,1076.3
441,7,1,0,11.7125,1051.98
185,7,1,0,11.7015,993.794
177,7,1,0,11.6889,927.553
184,7,1,0,11.6685,816.223
138,7,1,0,11.6528,730.3
133,7,1,0,11.6385,653.53
134,7,1,0,11.6309,601.574
129,7,1,0,11.6233,561.93
1718,7,1,0,11.5969,417.674
1719,7,1,0,11.5802,325.295
114,7,1,0,11.5423,120.486
1968,7,1,0,11.5353,81.9493
110,7,1,0,11.52,0
110,7,1,1,12.1692,3629.63,0,0,0
1968,7,1,1,12.1541,3548.6
114,7,1,1,12.1489,3514.27
1719,7,1,1,12.1059,3287.66
1718,7,1,1,12.0905,3200.61
129,7,1,1,12.066,3064.75
134,7,1,1,12.0596,3030.36
133,7,1,1,12.0468,2962.15
138,7,1,1,12.026,2857.57
184,7,1,1,12.0067,2756.61
440,7,1,1,11.9901,2665.42
451,7,1,1,11.9713,2569.71
1716,7,1,1,11.9689,2553.28
462,7,1,1,11.9585,2500.86
1990,7,1,1,11.9506,2447.83
452,7,1,1,11.9456,2415.39
453,7,1,1,11.9343,2328.21
455,7,1,1,11.9219,2258.28
454,7,1,1,11.919,2242.66
457,7,1,1,11.9123,2188.7
456,7,1,1,11.9072,2159.26
458,7,1,1,11.8977,2098.11
459,7,1,1,11.8918,2053.01
1543,7,1,1,11.8825,1990.78
710,7,1,1,11.8628,1875.73
501,8,0,0,13.5396,1510.92,0.0531667,231.897,0.2,1
502,8,0,0,13.5344,1485.38
473,8,0,0,13.5265,1446.3
2141,8,0,0,13.5263,1445.32
1750,8,0,0,13.522,1424.02
477,8,0,0,13.5175,1400.71
453,8,0,0,13.4885,1243.21
446,8,0,0,13.4802,1195.77
442,8,0,0,13.4685,1137.28
1857,8,0,0,13.4597,1091.26
441,8,0,0,13.4536,1062.09
185,8,0,0,13.4426,1004.16
177,8,0,0,13.4303,938.786
184,8,0,0,13.4103,829.279
138,8,0,0,13.3936,739.414
133,8,0,0,13.3797,664.29
134,8,0,0,13.3721,612.333
129,8,0,0,13.365,574.749
1718,8,0,0,13.3391,432.78
1720,8,0,0,13.332,394.625
1719,8,0,0,13.3193,321.152
114,8,0,0,13.2816,117.424
1968,8,0,0,13.2748,79.7523
110,8,0,0,13.26,0
1016,8,0,1,13.7572,2559.29,0.0561667,244.982,0.25,2
1010,8,0,1,13.7482,2511.64
2026,8,0,1,13.7208,2377.86
2027,8,0,1,13.7157,2352.02
1998,8,0,1,13.7053,2299.32
1997,8,0,1,13.6967,2255.7
1996,8,0,1,13.6908,2227.41
1995,8,0,1,13.6826,2189.09
1993,8,0,1,13.6735,2145.41
1994,8,0,1,13.6692,2123.93
572,8,0,1,13.6622,2085.28
541,8,0,1,13.65,2024.92
540,8,0,1,13.6396,1971.28
1754,8,0,1,13.6312,1927.61
518,8,0,1,13.6233,1887.64
500,8,0,1,13.6183,1861.85
501,8,0,1,13.5928,1742.82
1402,8,0,2,14.0781,4171.66,0.0816667,356.205,0.16,3
1390,8,0,2,14.069,4121.61
1382,8,0,2,14.0434,3991.55
1362,8,0,2,14.0229,3881.56
1361,8,0,2,14.0187,3858.38
1354,8,0,2,14.0187,3858.19
1355,8,0,2,14.0122,3823.7
2076,8,0,2,14.0104,3814.59
1356,8,0,2,14.0028,3775.24
1357,8,0,2,14.002,3771.52
1349,8,0,2,13.9893,3706.57
1348,8,0,2,13.9887,3703.13
1340,8,0,2,13.9882,3700.59
1339,8,0,2,13.9826,3671.86
1330,8,0,2,13.9618,3563.11
1161,8,0,2,13.9525,3515.2
1162,8,0,2,13.9425,3462.21
1136,8,0,2,13.9238,3364.01
1138,8,0,2,13.9171,3329.65
1137,8,0,2,13.9112,3298.54
1123,8,0,2,13.8975,3232.39
1775,8,0,2,13.8889,3188.4
1102,8,0,2,13.8732,3109.22
1100,8,0,2,13.859,3039.82
1101,8,0,2,13.848,2983.18
1082,8,0,2,13.8396,2941.21
1079,8,0,2,13.8305,2894.19
1061,8,0,2,13.8262,2872.91
1063,8,0,2,13.823,2856.07
1062,8,0,2,13.822,2849.03
2159,8,0,2,13.8218,2848.04
1045,8,0,2,13.8211,2844.89
1043,8,0,2,13.8178,2828.21
2029,8,0,2,13.8177,2827.8
1016,8,0,2,13.8134,2804.27
110,8,0,3,14.7947,7948.32,0,0,0
1968,8,0,3,14.7771,7856.71
1969,8,0,3,14.7645,7779.85
115,8,0,3,14.762,7765.39
2113,8,0,3,14.7565,7736.2
2133,8,0,3,14.6228,6998.83
366,8,0,3,14.6188,6972.03
2134,8,0,3,14.6096,6914.26
2136,8,0,3,14.5988,6854.11
393,8,0,3,14.5688,6698.35
401,8,0,3,14.5561,6628.9
1739,8,0,3,14.5462,6575.04
1742,8,0,3,14.5397,6540.56
1741,8,0,3,14.5333,6506.07
418,8,0,3,14.5258,6466.55
417,8,0,3,14.523,6450.86
1989,8,0,3,14.505,6358.28
2011,8,0,3,14.4849,6255.21
2156,8,0,3,14.4794,6226.77
2013,8,0,3,14.4787,6223.62
886,8,0,3,14.4677,6169
888,8,0,3,14.4509,6075.87
903,8,0,3,14.4398,6017.61
904,8,0,3,14.4363,5998.75
925,8,0,3,14.4162,5885.54
2019,8,0,3,14.4105,5857.25
929,8,0,3,14.4101,5855.27
938,8,0,3,14.3985,5791
950,8,0,3,14.3836,5714.34
951,8,0,3,14.3727,5662.71
949,8,0,3,14.3604,5600.46
1302,8,0,3,14.3354,5468.03
1307,8,0,3,14.3217,5390.6
1308,8,0,3,14.3105,5331.03
1309,8,0,3,14.2922,5237.67
1314,8,0,3,14.2916,5234.8
2165,8,0,3,14.2761,5151.36
2071,8,0,3,14.2553,5040.21
1317,8,0,3,14.2433,4972.8
2072,8,0,3,14.2243,4870.1
1323,8,0,3,14.2083,4786.41
1388,8,0,3,14.2076,4782.63
1389,8,0,3,14.1989,4734.73
1390,8,0,3,14.1686,4576.84
1402,8,0,3,14.1598,4527.87
410,8,1,0,11.3622,1462.66,0.0726667,316.95,0.06,1
398,8,1,0,11.3619,1461.45
397,8,1,0,11.3493,1392.89
390,8,1,0,11.3298,1291.33
382,8,1,0,11.3125,1199.86
376,8,1,0,11.2945,1103.09
369,8,1,0,11.275,998.232
360,8,1,0,11.2527,878.986
361,8,1,0,11.2401,809.873
128,8,1,0,11.1796,481.115
126,8,1,0,11.1723,442.296
125,8,1,0,11.166,408.059
118,8,1,0,11.1331,231.019
1968,8,1,0,11.1053,81.9493
110,8,1,0,11.09,0
710,8,1,1,11.6546,3117.52,0.0443333,193.369,0.36,2
1543,8,1,1,11.6331,2997.25
715,8,1,1,11.6283,2952.99
714,8,1,1,11.6244,2928.98
726,8,1,1,11.6242,2927.1
529,8,1,1,11.6105,2827.61
605,8,1,1,11.5957,2731
603,8,1,1,11.5906,2703.02
604,8,1,1,11.5863,2679.88
596,8,1,1,11.5862,2678.91
580,8,1,1,11.5778,2620.63
574,8,1,1,11.5605,2527.39
573,8,1,1,11.5505,2471.49
564,8,1,1,11.5428,2430.34
557,8,1,1,11.5367,2396.35
561,8,1,1,11.53,2349.83
628,8,1,1,11.5255,2324.18
609,8,1,1,11.5128,2247.52
423,8,1,1,11.5069,2191.2
419,8,1,1,11.5022,2156.76
418,8,1,1,11.4869,2071.84
2139,8,1,1,11.483,2050.41
2138,8,1,1,11.4646,1948.97
411,8,1,1,11.451,1874.15
412,8,1,1,11.4485,1855.14
398,8,1,1,11.4351,1780.81
410,8,1,1,11.4348,1779.61
110,8,1,2,12.0054,5064.79,0,0,0
1968,8,1,2,11.9903,4983.75
114,8,1,2,11.9851,4949.43
1719,8,1,2,11.9421,4722.82
1718,8,1,2,11.9266,4635.77
129,8,1,2,11.9022,4499.9
134,8,1,2,11.8958,4465.51
133,8,1,2,11.883,4397.31
138,8,1,2,11.8621,4292.72
184,8,1,2,11.8429,4191.76
440,8,1,2,11.8262,4100.57
451,8,1,2,11.8074,4004.86
1716,8,1,2,11.805,3988.43
462,8,1,2,11.7946,3936.01
1990,8,1,2,11.7868,3882.98
452,8,1,2,11.7818,3850.54
453,8,1,2,11.7704,3763.36
455,8,1,2,11.758,3693.43
454,8,1,2,11.7552,3677.82
457,8,1,2,11.7485,3623.85
456,8,1,2,11.7433,3594.41
458,8,1,2,11.7339,3533.26
459,8,1,2,11.7279,3488.16
1543,8,1,2,11.7186,3425.93
710,8,1,2,11.6989,3310.88
501,9,0,0,13.5596,1510.92,0.0531667,231.897,0.2,1
502,9,0,0,13.5544,1485.38
473,9,0,0,13.5465,1446.3
2141,9,0,0,13.5463,1445.32
1750,9,0,0,13.542,1424.02
477,9,0,0,13.5375,1400.71
453,9,0,0,13.5085,1243.21
446,9,0,0,13.5002,1195.77
442,9,0,0,13.4885,1137.28
1857,9,0,0,13.4797,1091.26
441,9,0,0,13.4736,1062.09
185,9,0,0,13.4626,1004.16
177,9,0,0,13.4503,938.786
184,9,0,0,13.4303,829.279
138,9,0,0,13.4136,739.414
133,9,0,0,13.3997,664.29
134,9,0,0,13.3921,612.333
129,9,0,0,13.385,574.749
1718,9,0,0,13.3591,432.78
1720,9,0,0,13.352,394.625
1719,9,0,0,13.3393,321.152
114,9,0,0,13.3016,117.424
1968,9,0,0,13.2948,79.7523
110,9,0,0,13.28,0
1402,9,0,1,14.0438,3925.73,0.0816667,356.205,0.16,2
1390,9,0,1,14.0346,3875.67
1382,9,0,1,14.0044,3725.93
1362,9,0,1,13.9817,3606.92
1361,9,0,1,13.9767,3579.93
1354,9,0,1,13.9766,3579.74
1355,9,0,1,13.9641,3520.08
2076,9,0,1,13.9623,3510.96
1356,9,0,1,13.9539,3468.25
1357,9,0,1,13.9531,3464.53
1349,9,0,1,13.9396,3396.36
1348,9,0,1,13.939,3393.03
1340,9,0,1,13.9385,3390.49
1339,9,0,1,13.9332,3362.77
1329,9,0,1,13.9222,3304.43
1158,9,0,1,13.9072,3228.1
2048,9,0,1,13.8871,3122.06
1131,9,0,1,13.8815,3093.19
1130,9,0,1,13.8757,3064.26
1129,9,0,1,13.8605,2990.07
1121,9,0,1,13.8445,2904.14
1120,9,0,1,13.8405,2882.96
1094,9,0,1,13.8356,2857.02
1091,9,0,1,13.8255,2806.29
1092,9,0,1,13.8203,2780.39
1074,9,0,1,13.8145,2749.97
1073,9,0,1,13.8061,2705.29
1057,9,0,1,13.7863,2606.3
1042,9,0,1,13.781,2579.4
2030,9,0,1,13.7738,2541.56
1011,9,0,1,13.7735,2540.11
1547,9,0,1,13.7561,2457.47
1546,9,0,1,13.7507,2430.1
975,9,0,1,13.7473,2412.13
2026,9,0,1,13.7408,2377.86
2027,9,0,1,13.7357,2352.02
1998,9,0,1,13.7253,2299.32
1997,9,0,1,13.7167,2255.7
1996,9,0,1,13.7108,2227.41
1995,9,0,1,13.7026,2189.09
1993,9,0,1,13.6935,2145.41
1994,9,0,1,13.6892,2123.93
572,9,0,1,13.6822,2085.28
541,9,0,1,13.67,2024.92
540,9,0,1,13.6596,1971.28
1754,9,0,1,13.6512,1927.61
518,9,0,1,13.6433,1887.64
500,9,0,1,13.6383,1861.85
501,9,0,1,13.6128,1742.82
1016,9,0,2,14.3835,5634.95,0.0881667,384.556,0.22,3
2029,9,0,2,14.3791,5611.2
1043,9,0,2,14.379,5610.79
2158,9,0,2,14.3722,5576.01
2030,9,0,2,14.3683,5556.17
1041,9,0,2,14.3631,5529.59
1059,9,0,2,14.3543,5484.75
1058,9,0,2,14.3493,5459.5
1075,9,0,2,14.3317,5369.43
1072,9,0,2,14.3217,5317.99
1071,9,0,2,14.3115,5267.51
1090,9,0,2,14.3055,5230.29
1089,9,0,2,14.2994,5196.97
1119,9,0,2,14.2908,5151.08
1118,9,0,2,14.2846,5117.49
2044,9,0,2,14.2694,5037.93
2169,9,0,2,14.2614,4996.91
2171,9,0,2,14.2567,4972.76
1549,9,0,2,14.2489,4932.61
1147,9,0,2,14.2415,4894.22
1327,9,0,2,14.2131,4746.25
1343,9,0,2,14.2125,4743.51
1355,9,0,2,14.1857,4604.1
1364,9,0,2,14.1857,4603.89
1362,9,0,2,14.1759,4551.9
1382,9,0,2,14.1558,4444.08
1390,9,0,2,14.1343,4330.9
1402,9,0,2,14.1254,4281.94
110,9,0,3,14.8911,8225.21,0,0,0
111,9,0,3,14.8887,8209.33
1968,9,0,3,14.8793,8144.65
114,9,0,3,14.8737,8109.92
1719,9,0,3,14.8375,7912.3
1718,9,0,3,14.8176,7805.99
129,9,0,3,14.7936,7672.2
134,9,0,3,14.7879,7640.78
133,9,0,3,14.7772,7581.41
138,9,0,3,14.7563,7476.83
184,9,0,3,14.7397,7387.22
440,9,0,3,14.7193,7280
451,9,0,3,14.7028,7193.81
1716,9,0,3,14.7004,7177.38
462,9,0,3,14.6912,7130.31
1990,9,0,3,14.6842,7077.61
463,9,0,3,14.6655,6981.09
474,9,0,3,14.6501,6901.85
2140,9,0,3,14.6411,6860.52
475,9,0,3,14.6361,6836.29
499,9,0,3,14.6284,6796.7
500,9,0,3,14.6238,6773.29
518,9,0,3,14.6192,6749.19
1754,9,0,3,14.6155,6724.26
540,9,0,3,14.6073,6681.79
541,9,0,3,14.5955,6621.97
572,9,0,3,14.5859,6572.3
1994,9,0,3,14.5732,6509.9
1993,9,0,3,14.569,6488.41
1995,9,0,3,14.5563,6430.66
1996,9,0,3,14.5504,6401.48
1997,9,0,3,14.5465,6381.58
2027,9,0,3,14.5193,6251.36
2026,9,0,3,14.5135,6222.88
978,9,0,3,14.5062,6187.74
1010,9,0,3,14.4914,6110.97
1016,9,0,3,14.4716,6019.51
410,9,1,0,11.3122,1462.66,0.0726667,316.95,0.06,1
398,9,1,0,11.3119,1461.45
397,9,1,0,11.2993,1392.89
390,9,1,0,11.2798,1291.33
382,9,1,0,11.2625,1199.86
376,9,1,0,11.2445,1103.09
369,9,1,0,11.225,998.232
360,9,1,0,11.2027,878.986
361,9,1,0,11.1901,809.873
128,9,1,0,11.1296,481.115
126,9,1,0,11.1223,442.296
125,9,1,0,11.116,408.059
118,9,1,0,11.0831,231.019
1968,9,1,0,11.0553,81.9493
110,9,1,0,11.04,0
710,9,1,1,11.6046,3117.52,0.0443333,193.369,0.36,2
1543,9,1,1,11.5831,2997.25
715,9,1,1,11.5783,2952.99
714,9,1,1,11.5744,2928.98
726,9,1,1,11.5742,2927.1
529,9,1,1,11.5605,2827.61
605,9,1,1,11.5457,2731
603,9,1,1,11.5406,2703.02
604,9,1,1,11.5363,2679.88
596,9,1,1,11.5362,2678.91
580,9,1,1,11.5278,2620.63
574,9,1,1,11.5105,2527.39
573,9,1,1,11.5005,2471.49
564,9,1,1,11.4928,2430.34
557,9,1,1,11.4867,2396.35
561,9,1,1,11.48,2349.83
628,9,1,1,11.4755,2324.18
609,9,1,1,11.4628,2247.52
423,9,1,1,11.4569,2191.2
419,9,1,1,11.4522,2156.76
418,9,1,1,11.4369,2071.84
2139,9,1,1,11.433,2050.41
2138,9,1,1,11.4146,1948.97
411,9,1,1,11.401,1874.15
412,9,1,1,11.3985,1855.14
398,9,1,1,11.3851,1780.81
410,9,1,1,11.3848,1779.61
110,9,1,2,11.9554,5064.79,0,0,0
1968,9,1,2,11.9403,4983.75
114,9,1,2,11.9351,4949.43
1719,9,1,2,11.8921,4722.82
1718,9,1,2,11.8766,4635.77
129,9,1,2,11.8522,4499.9
134,9,1,2,11.8458,4465.51
133,9,1,2,11.833,4397.31
138,9,1,2,11.8121,4292.72
184,9,1,2,11.7929,4191.76
440,9,1,2,11.7762,4100.57
451,9,1,2,11.7574,4004.86
1716,9,1,2,11.755,3988.43
462,9,1,2,11.7446,3936.01
1990,9,1,2,11.7368,3882.98
452,9,1,2,11.7318,3850.54
453,9,1,2,11.7204,3763.36
455,9,1,2,11.708,3693.43
454,9,1,2,11.7052,3677.82
457,9,1,2,11.6985,3623.85
456,9,1,2,11.6933,3594.41
458,9,1,2,11.6839,3533.26
459,9,1,2,11.6779,3488.16
1543,9,1,2,11.6686,3425.93
710,9,1,2,11.6489,3310.88
1402,10,0,0,14.1234,3372.79,0.0816667,356.205,0.16,1
1390,10,0,0,14.1141,3321.76
1389,10,0,0,14.0855,3170.7
1388,10,0,0,14.0767,3122.71
1370,10,0,0,14.0398,2928.06
1359,10,0,0,14.0389,2923.6
2071,10,0,0,14.0223,2830.9
2165,10,0,0,14.0004,2715.19
1314,10,0,0,13.9831,2623.77
2163,10,0,0,13.9683,2543.94
2023,10,0,0,13.9417,2399.84
1787,10,0,0,13.9336,2358.52
2020,10,0,0,13.9147,2264.44
935,10,0,0,13.9049,2212.99
934,10,0,0,13.9044,2210.39
933,10,0,0,13.8927,2150.9
936,10,0,0,13.8922,2147.96
1737,10,0,0,13.8807,2085.09
917,10,0,0,13.8675,2016.59
916,10,0,0,13.8673,2015.68
906,10,0,0,13.8435,1891.34
889,10,0,0,13.8322,1832.97
890,10,0,0,13.8255,1797.06
2013,10,0,0,13.806,1693.84
1988,10,0,0,13.7884,1599.98
417,10,0,0,13.7679,1495.37
418,10,0,0,13.7639,1474.43
1741,10,0,0,13.7582,1442.44
1740,10,0,0,13.7544,1421.91
1739,10,0,0,13.7497,1395.5
401,10,0,0,13.7391,1338.14
393,10,0,0,13.7259,1266.67
2136,10,0,0,13.7031,1141.76
2134,10,0,0,13.6918,1079.42
360,10,0,0,13.6591,906.015
361,10,0,0,13.6446,828.632
128,10,0,0,13.5895,523.193
126,10,0,0,13.581,479.066
125,10,0,0,13.5718,432.83
118,10,0,0,13.537,247.521
1968,10,0,0,13.5048,79.7523
110,10,0,0,13.49,0
1016,10,0,1,14.4632,5082,0.0881667,384.556,0.22,2
2029,10,0,1,14.4588,5058.25
1043,10,0,1,14.4587,5057.84
2158,10,0,1,14.4519,5023.06
2030,10,0,1,14.4479,5003.22
1041,10,0,1,14.4428,4976.64
1059,10,0,1,14.4339,4931.8
1058,10,0,1,14.4289,4906.55
1075,10,0,1,14.4114,4816.48
1072,10,0,1,14.4014,4765.04
1071,10,0,1,14.3912,4714.56
1090,10,0,1,14.3851,4677.34
1089,10,0,1,14.379,4644.02
1119,10,0,1,14.3704,4598.13
1118,10,0,1,14.3643,4564.54
2044,10,0,1,14.349,4484.98
2169,10,0,1,14.341,4443.96
2171,10,0,1,14.3364,4419.81
1549,10,0,1,14.3286,4379.66
1147,10,0,1,14.3211,4341.27
1327,10,0,1,14.2928,4193.3
1343,10,0,1,14.2922,4190.57
1355,10,0,1,14.2654,4051.15
1364,10,0,1,14.2653,4050.94
1362,10,0,1,14.2555,3998.96
1382,10,0,1,14.2355,3891.13
1390,10,0,1,14.214,3777.96
1402,10,0,1,14.2051,3728.99
110,10,0,2,14.9707,7672.26,0,0,0
111,10,0,2,14.9684,7656.38
1968,10,0,2,14.9589,7591.7
114,10,0,2,14.9534,7556.97
1719,10,0,2,14.9172,7359.36
1718,10,0,2,14.8973,7253.04
129,10,0,2,14.8733,7119.25
134,10,0,2,14.8676,7087.84
133,10,0,2,14.8568,7028.46
138,10,0,2,14.836,6923.88
184,10,0,2,14.8194,6834.28
440,10,0,2,14.799,6727.06
451,10,0,2,14.7825,6640.86
1716,10,0,2,14.78,6624.43
462,10,0,2,14.7709,6577.36
1990,10,0,2,14.7639,6524.67
463,10,0,2,14.7452,6428.15
474,10,0,2,14.7298,6348.91
2140,10,0,2,14.7208,6307.57
475,10,0,2,14.7158,6283.34
499,10,0,2,14.708,6243.75
500,10,0,2,14.7034,6220.35
518,10,0,2,14.6988,6196.24
1754,10,0,2,14.6952,6171.31
540,10,0,2,14.687,6128.84
541,10,0,2,14.6751,6069.02
572,10,0,2,14.6655,6019.35
1994,10,0,2,14.6529,5956.95
1993,10,0,2,14.6486,5935.46
1995,10,0,2,14.636,5877.72
1996,10,0,2,14.6301,5848.54
1997,10,0,2,14.6262,5828.64
2027,10,0,2,14.599,5698.42
2026,10,0,2,14.5932,5669.93
978,10,0,2,14.5859,5634.79
1010,10,0,2,14.571,5558.02
1016,10,0,2,14.5513,5466.56
410,10,1,0,11.5322,1462.66,0.0726667,316.95,0.06,1
398,10,1,0,11.5319,1461.45
397,10,1,0,11.5193,1392.89
390,10,1,0,11.4998,1291.33
382,10,1,0,11.4825,1199.86
376,10,1,0,11.4645,1103.09
369,10,1,0,11.445,998.232
360,10,1,0,11.4227,878.986
361,10,1,0,11.4101,809.873
128,10,1,0,11.3496,481.115
126,10,1,0,11.3423,442.296
125,10,1,0,11.336,408.059
118,10,1,0,11.3031,231.019
1968,10,1,0,11.2753,81.9493
110,10,1,0,11.26,0
710,10,1,1,11.8246,3117.52,0.0443333,193.369,0.36,2
1543,10,1,1,11.8031,2997.25
715,10,1,1,11.7983,2952.99
714,10,1,1,11.7944,2928.98
726,10,1,1,11.7942,2927.1
529,10,1,1,11.7805,2827.61
605,10,1,1,11.7657,2731
603,10,1,1,11.7606,2703.02
604,10,1,1,11.7563,2679.88
596,10,1,1,11.7562,2678.91
580,10,1,1,11.7478,2620.63
574,10,1,1,11.7305,2527.39
573,10,1,1,11.7205,2471.49
564,10,1,1,11.7128,2430.34
557,10,1,1,11.7067,2396.35
561,10,1,1,11.7,2349.83
628,10,1,1,11.6955,2324.18
609,10,1,1,11.6828,2247.52
423,10,1,1,11.6769,2191.2
419,10,1,1,11.6722,2156.76
418,10,1,1,11.6569,2071.84
2139,10,1,1,11.653,2050.41
2138,10,1,1,11.6346,1948.97
411,10,1,1,11.621,1874.15
412,10,1,1,11.6185,1855.14
398,10,1,1,11.6051,1780.81
410,10,1,1,11.6048,1779.61
110,10,1,2,12.1754,5064.79,0,0,0
1968,10,1,2,12.1603,4983.75
114,10,1,2,12.1551,4949.43
1719,10,1,2,12.1121,4722.82
1718,10,1,2,12.0966,4635.77
129,10,1,2,12.0722,4499.9
134,10,1,2,12.0658,4465.51
133,10,1,2,12.053,4397.31
138,10,1,2,12.0321,4292.72
184,10,1,2,12.0129,4191.76
440,10,1,2,11.9962,4100.57
451,10,1,2,11.9774,4004.86
1716,10,1,2,11.975,3988.43
462,10,1,2,11.9646,3936.01
1990,10,1,2,11.9568,3882.98
452,10,1,2,11.9518,3850.54
453,10,1,2,11.9404,3763.36
455,10,1,2,11.928,3693.43
454,10,1,2,11.9252,3677.82
457,10,1,2,11.9185,3623.85
456,10,1,2,11.9133,3594.41
458,10,1,2,11.9039,3533.26
459,10,1,2,11.8979,3488.16
1543,10,1,2,11.8886,3425.93
710,10,1,2,11.8689,3310.88
501,10,2,0,14.0496,1510.92,0.107,466.702,0.18,1
502,10,2,0,14.0444,1485.38
473,10,2,0,14.0365,1446.3
2141,10,2,0,14.0363,1445.32
1750,10,2,0,14.032,1424.02
477,10,2,0,14.0275,1400.71
453,10,2,0,13.9985,1243.21
446,10,2,0,13.9902,1195.77
442,10,2,0,13.9785,1137.28
1857,10,2,0,13.9697,1091.26
441,10,2,0,13.9636,1062.09
185,10,2,0,13.9526,1004.16
177,10,2,0,13.9403,938.786
184,10,2,0,13.9203,829.279
138,10,2,0,13.9036,739.414
133,10,2,0,13.8897,664.29
134,10,2,0,13.8821,612.333
129,10,2,0,13.875,574.749
1718,10,2,0,13.8491,432.78
1720,10,2,0,13.842,394.625
1719,10,2,0,13.8293,321.152
114,10,2,0,13.7916,117.424
1968,10,2,0,13.7848,79.7523
110,10,2,0,13.77,0
110,10,2,1,14.4303,3466.82,0,0,0
111,10,2,1,14.428,3450.94
1968,10,2,1,14.4185,3386.26
114,10,2,1,14.413,3351.53
1719,10,2,1,14.375,3146.49
1720,10,2,1,14.3599,3064.02
1718,10,2,1,14.3542,3031.47
129,10,2,1,14.329,2892.4
134,10,2,1,14.3229,2859.44
133,10,2,1,14.3105,2792.91
138,10,2,1,14.2897,2688.33
184,10,2,1,14.2733,2599.79
440,10,2,1,14.2575,2512.17
451,10,2,1,14.2409,2425.97
1716,10,2,1,14.2385,2409.55
462,10,2,1,14.2294,2362.47
1990,10,2,1,14.2223,2309.78
463,10,2,1,14.2036,2213.26
474,10,2,1,14.1883,2134.02
2140,10,2,1,14.1793,2092.69
2141,10,2,1,14.1714,2049.48
473,10,2,1,14.1712,2048.2
502,10,2,1,14.1621,2004.3
501,10,2,1,14.1566,1977.62
