Node, Individual, Route,Segment, Travel time, Travel cost, Attention time, Attention cost, Failure rate, Demand
943,0,0,0,10.2111,1008.29,0.0575,250.798,0.09,1
934,0,0,0,10.2018,958.471
933,0,0,0,10.193,911.022
936,0,0,0,10.1924,908.082
1737,0,0,0,10.1789,836.185
917,0,0,0,10.1654,766.637
916,0,0,0,10.1652,765.73
906,0,0,0,10.1387,630.162
889,0,0,0,10.1279,573.979
890,0,0,0,10.1222,542.289
2013,0,0,0,10.0996,425.539
1988,0,0,0,10.0789,318.598
416,0,0,0,10.0598,221.918
2139,0,0,0,10.0552,197.608
2138,0,0,0,10.0361,93.3215
411,0,0,0,10.0227,19.0468
412,0,0,0,10.02,0
1589,0,0,1,10.4871,2425.16,0.0523333,228.262,0.28,2
1560,0,0,1,10.453,2242.62
1321,0,0,1,10.4276,2110.94
1562,0,0,1,10.414,2036.87
1563,0,0,1,10.3796,1852.2
2164,0,0,1,10.3677,1789.13
1313,0,0,1,10.3457,1669.67
1309,0,0,1,10.3373,1621.33
1314,0,0,1,10.3367,1618.46
2163,0,0,1,10.321,1534.44
2023,0,0,1,10.2923,1381.47
1787,0,0,1,10.2846,1341.92
2020,0,0,1,10.2694,1263.02
943,0,0,1,10.2686,1259.08
948,0,0,2,10.7102,3562.91,0.0538333,234.805,0.41,3
1598,0,0,2,10.6984,3507.34
2025,0,0,2,10.6942,3484.71
2024,0,0,2,10.6797,3406.37
1301,0,0,2,10.668,3344.34
1306,0,0,2,10.6555,3276.12
1312,0,0,2,10.6554,3275.76
1602,0,0,2,10.6282,3128.37
1320,0,0,2,10.6126,3047.15
1321,0,0,2,10.5973,2960.94
1560,0,0,2,10.5759,2846.2
1589,0,0,2,10.5394,2653.42
465,0,0,3,11.0582,5314.08,0.111333,485.602,0.18,4
379,0,0,3,11.0441,5245.48
380,0,0,3,11.0374,5213.26
386,0,0,3,11.0269,5162.33
387,0,0,3,11.0035,5050.74
396,0,0,3,11.0015,5037.12
395,0,0,3,10.9968,5013.54
403,0,0,3,10.9795,4922.03
406,0,0,3,10.9647,4852.41
407,0,0,3,10.959,4824.08
424,0,0,3,10.9408,4729.36
426,0,0,3,10.9373,4711.24
425,0,0,3,10.9336,4691.17
420,0,0,3,10.9235,4637.61
421,0,0,3,10.9183,4608.54
417,0,0,3,10.9135,4582.44
1989,0,0,3,10.8962,4493.05
2011,0,0,3,10.8767,4392.53
2156,0,0,3,10.8718,4366.67
2013,0,0,3,10.8711,4363.51
886,0,0,3,10.8613,4313.84
888,0,0,3,10.8442,4219.52
903,0,0,3,10.8346,4167.47
904,0,0,3,10.8313,4149.56
925,0,0,3,10.8094,4028.4
2019,0,0,3,10.8019,3992.58
929,0,0,3,10.8015,3990.59
928,0,0,3,10.7776,3868.97
948,0,0,3,10.764,3797.72
141,0,0,4,11.264,6310.34,0.0505,220.266,0.03,5
142,0,0,4,11.2499,6231.1
362,0,0,4,11.2408,6181.28
363,0,0,4,11.228,6107.32
367,0,0,4,11.2146,6034.88
368,0,0,4,11.2126,6021.42
372,0,0,4,11.2001,5954.21
460,0,0,4,11.1943,5919.67
464,0,0,4,11.1771,5836.49
465,0,0,4,11.1695,5799.69
1972,0,0,5,11.4641,7370.7,0.0608333,265.337,0.08,6
148,0,0,5,11.4375,7230.87
149,0,0,5,11.4335,7210.38
161,0,0,5,11.4193,7130.18
167,0,0,5,11.4022,7019.35
172,0,0,5,11.386,6921.9
1535,0,0,5,11.3764,6870.29
177,0,0,5,11.3661,6816.14
184,0,0,5,11.3457,6704.81
141,0,0,5,11.3145,6530.6
1979,0,0,6,11.8474,9413.21,0.0433333,189.007,0.09,7
1978,0,0,6,11.8063,9183.96
107,0,0,6,11.798,9130.05
1967,0,0,6,11.795,9101.34
105,0,0,6,11.7702,8952.85
124,0,0,6,11.7568,8878.06
1970,0,0,6,11.741,8784.97
122,0,0,6,11.7281,8719.7
127,0,0,6,11.6928,8529.06
128,0,0,6,11.6885,8507.87
1717,0,0,6,11.66,8356.83
129,0,0,6,11.6374,8231.71
130,0,0,6,11.6297,8192.7
1726,0,0,6,11.623,8155.42
1723,0,0,6,11.6125,8098.37
2104,0,0,6,11.6027,8049.15
1724,0,0,6,11.5822,7939.03
1725,0,0,6,11.5797,7925.41
1727,0,0,6,11.5625,7831.26
149,0,0,6,11.5615,7821.64
148,0,0,6,11.5568,7797.85
1972,0,0,6,11.525,7636.04
294,0,0,7,12.0267,10350.7,0.0338333,147.571,0.48,8
295,0,0,7,12.0049,10237.6
338,0,0,7,11.9913,10161.8
339,0,0,7,11.9859,10124.8
342,0,0,7,11.9704,10039.5
343,0,0,7,11.9599,9984.69
344,0,0,7,11.9328,9850.29
1819,0,0,7,11.9195,9756.77
335,0,0,7,11.9145,9727.82
2114,0,0,7,11.8992,9647.02
329,0,0,7,11.8966,9631.96
1979,0,0,7,11.8907,9602.22
2008,0,0,8,12.2137,11335.5,0.0393333,171.56,0.02,9
2152,0,0,8,12.2069,11298.6
820,0,0,8,12.1909,11215.1
819,0,0,8,12.174,11126.6
818,0,0,8,12.1618,11058.3
817,0,0,8,12.1524,11006.1
780,0,0,8,12.137,10917.4
778,0,0,8,12.1184,10813.3
2148,0,0,8,12.1178,10810.4
312,0,0,8,12.1177,10810
313,0,0,8,12.1107,10771.3
306,0,0,8,12.0965,10695.5
297,0,0,8,12.0898,10658.5
305,0,0,8,12.0717,10561
294,0,0,8,12.0606,10498.2
810,0,0,9,12.3217,11872.2,0.0375,163.564,0.29,10
813,0,0,9,12.3112,11821.4
809,0,0,9,12.2843,11686.7
808,0,0,9,12.2751,11637.9
807,0,0,9,12.2659,11589.7
812,0,0,9,12.2657,11588.9
2008,0,0,9,12.253,11507.1
412,0,0,10,12.4752,12637.9,0,0,0
398,0,0,10,12.461,12559.9
410,0,0,10,12.4607,12558.6
409,0,0,10,12.4446,12474.9
1985,0,0,10,12.4301,12397.6
881,0,0,10,12.4003,12241.2
814,0,0,10,12.38,12136.5
810,0,0,10,12.3592,12035.8
943,1,0,0,10.4711,1008.29,0.0575,250.798,0.09,1
934,1,0,0,10.4618,958.471
933,1,0,0,10.453,911.022
936,1,0,0,10.4524,908.082
1737,1,0,0,10.4389,836.185
917,1,0,0,10.4254,766.637
916,1,0,0,10.4252,765.73
906,1,0,0,10.3987,630.162
889,1,0,0,10.3879,573.979
890,1,0,0,10.3822,542.289
2013,1,0,0,10.3596,425.539
1988,1,0,0,10.3389,318.598
416,1,0,0,10.3198,221.918
2139,1,0,0,10.3152,197.608
2138,1,0,0,10.2961,93.3215
411,1,0,0,10.2827,19.0468
412,1,0,0,10.28,0
1589,1,0,1,10.7471,2425.16,0.0523333,228.262,0.28,2
1560,1,0,1,10.713,2242.62
1321,1,0,1,10.6876,2110.94
1562,1,0,1,10.674,2036.87
1563,1,0,1,10.6396,1852.2
2164,1,0,1,10.6277,1789.13
1313,1,0,1,10.6057,1669.67
1309,1,0,1,10.5973,1621.33
1314,1,0,1,10.5967,1618.46
2163,1,0,1,10.581,1534.44
2023,1,0,1,10.5523,1381.47
1787,1,0,1,10.5446,1341.92
2020,1,0,1,10.5294,1263.02
943,1,0,1,10.5286,1259.08
948,1,0,2,10.9702,3562.91,0.0538333,234.805,0.41,3
1598,1,0,2,10.9584,3507.34
2025,1,0,2,10.9542,3484.71
2024,1,0,2,10.9397,3406.37
1301,1,0,2,10.928,3344.34
1306,1,0,2,10.9155,3276.12
1312,1,0,2,10.9154,3275.76
1602,1,0,2,10.8882,3128.37
1320,1,0,2,10.8726,3047.15
1321,1,0,2,10.8573,2960.94
1560,1,0,2,10.8359,2846.2
1589,1,0,2,10.7994,2653.42
465,1,0,3,11.3133,5292.66,0.111333,485.602,0.18,4
379,1,0,3,11.3027,5238.64
380,1,0,3,11.296,5206.41
386,1,0,3,11.2856,5155.48
387,1,0,3,11.2629,5047.13
396,1,0,3,11.2609,5033.51
395,1,0,3,11.2561,5009.5
403,1,0,3,11.2379,4914.31
406,1,0,3,11.2231,4844.7
407,1,0,3,11.2183,4819.78
424,1,0,3,11.1991,4720.98
426,1,0,3,11.1967,4707.29
420,1,0,3,11.1838,4639.59
421,1,0,3,11.1792,4612.06
417,1,0,3,11.1748,4588.18
1989,1,0,3,11.1579,4500.16
2011,1,0,3,11.1376,4396.32
2156,1,0,3,11.131,4363.41
2013,1,0,3,11.1303,4360.25
886,1,0,3,11.1208,4312.07
888,1,0,3,11.1044,4220.6
903,1,0,3,11.095,4169.1
904,1,0,3,11.0909,4148.07
925,1,0,3,11.0697,4030.11
2019,1,0,3,11.0644,4003.25
929,1,0,3,11.064,4001.26
928,1,0,3,11.0394,3876.54
948,1,0,3,11.024,3797.72
141,1,0,4,11.5191,6288.91,0.0505,220.266,0.03,5
142,1,0,4,11.505,6209.68
362,1,0,4,11.4959,6159.86
363,1,0,4,11.4832,6085.9
367,1,0,4,11.4697,6013.46
368,1,0,4,11.4677,6000
372,1,0,4,11.4552,5932.79
460,1,0,4,11.4494,5898.25
464,1,0,4,11.4323,5815.07
465,1,0,4,11.4246,5778.27
1972,1,0,5,11.7192,7349.28,0.0608333,265.337,0.08,6
148,1,0,5,11.6926,7209.45
149,1,0,5,11.6886,7188.96
161,1,0,5,11.6744,7108.76
167,1,0,5,11.6573,6997.93
172,1,0,5,11.6411,6900.48
1535,1,0,5,11.6315,6848.87
177,1,0,5,11.6212,6794.72
184,1,0,5,11.6008,6683.39
141,1,0,5,11.5696,6509.18
1979,1,0,6,12.1025,9391.79,0.0556667,242.801,0.07,7
1978,1,0,6,12.0614,9162.53
107,1,0,6,12.0531,9108.63
1967,1,0,6,12.0501,9079.92
105,1,0,6,12.0253,8931.43
124,1,0,6,12.0119,8856.63
1970,1,0,6,11.9961,8763.55
122,1,0,6,11.9832,8698.28
127,1,0,6,11.9479,8507.64
128,1,0,6,11.9436,8486.45
1717,1,0,6,11.9151,8335.41
129,1,0,6,11.8925,8210.28
130,1,0,6,11.8848,8171.28
1726,1,0,6,11.8781,8134
1723,1,0,6,11.8676,8076.94
2104,1,0,6,11.8578,8027.73
1724,1,0,6,11.8373,7917.61
1725,1,0,6,11.8348,7903.98
1727,1,0,6,11.8176,7809.84
149,1,0,6,11.8167,7800.21
148,1,0,6,11.8119,7776.42
1972,1,0,6,11.7801,7614.62
294,1,0,7,12.2952,10388.3,0.0338333,147.571,0.48,8
295,1,0,7,12.2766,10288.7
338,1,0,7,12.2625,10211
339,1,0,7,12.2571,10174
342,1,0,7,12.2357,10063.4
343,1,0,7,12.2223,9996.23
344,1,0,7,12.2014,9887.82
1819,1,0,7,12.1876,9793.97
335,1,0,7,12.1834,9766.13
2114,1,0,7,12.1674,9682.47
1979,1,0,7,12.1582,9634.59
2008,1,0,8,12.4822,11373.1,0.0393333,171.56,0.02,9
2152,1,0,8,12.4754,11336.2
820,1,0,8,12.4594,11252.7
819,1,0,8,12.4425,11164.2
818,1,0,8,12.4303,11095.9
817,1,0,8,12.4209,11043.7
780,1,0,8,12.4055,10955.1
778,1,0,8,12.3868,10850.9
2148,1,0,8,12.3863,10848
312,1,0,8,12.3862,10847.7
313,1,0,8,12.3792,10808.9
306,1,0,8,12.365,10733.1
297,1,0,8,12.3583,10696.1
305,1,0,8,12.3402,10598.6
294,1,0,8,12.329,10535.9
810,1,0,9,12.5902,11909.8,0.0375,163.564,0.29,10
813,1,0,9,12.5797,11859
809,1,0,9,12.5528,11724.3
808,1,0,9,12.5436,11675.5
807,1,0,9,12.5343,11627.3
812,1,0,9,12.5342,11626.5
2008,1,0,9,12.5215,11544.7
412,1,0,10,12.7437,12675.5,0,0,0
398,1,0,10,12.7294,12597.5
410,1,0,10,12.7292,12596.3
409,1,0,10,12.713,12512.5
1985,1,0,10,12.6985,12435.2
881,1,0,10,12.6688,12278.9
814,1,0,10,12.6485,12174.1
810,1,0,10,12.6277,12073.4
943,2,0,0,10.1153,977.226,0.0575,250.798,0.09,1
934,2,0,0,10.1064,929.095
933,2,0,0,10.0972,879.984
936,2,0,0,10.0966,877.044
1737,2,0,0,10.0854,815.103
917,2,0,0,10.068,729.074
916,2,0,0,10.0678,728.166
906,2,0,0,10.0445,606.172
889,2,0,0,10.0333,548.313
890,2,0,0,10.0281,518.428
2013,2,0,0,10.0057,402.826
1988,2,0,0,9.98798,308.467
429,2,0,0,9.96226,176.544
415,2,0,0,9.94606,92.3787
2138,2,0,0,9.94588,91.3208
411,2,0,0,9.93292,19.2235
412,2,0,0,9.93,0
1589,2,0,1,10.3913,2394.1,0.0523333,228.262,0.28,2
1560,2,0,1,10.3572,2211.56
1321,2,0,1,10.3319,2079.88
1562,2,0,1,10.3182,2005.81
1563,2,0,1,10.2838,1821.14
2164,2,0,1,10.2719,1758.07
1313,2,0,1,10.2499,1638.61
1309,2,0,1,10.2415,1590.27
1314,2,0,1,10.2409,1587.4
2163,2,0,1,10.2252,1503.38
2023,2,0,1,10.1965,1350.41
1787,2,0,1,10.1888,1310.86
2020,2,0,1,10.1736,1231.96
943,2,0,1,10.1728,1228.02
948,2,0,2,10.6144,3531.85,0.0538333,234.805,0.41,3
1598,2,0,2,10.6026,3476.28
2025,2,0,2,10.5984,3453.65
2024,2,0,2,10.5839,3375.31
1301,2,0,2,10.5722,3313.28
1306,2,0,2,10.5597,3245.06
1312,2,0,2,10.5596,3244.7
1602,2,0,2,10.5324,3097.31
1320,2,0,2,10.5168,3016.09
1321,2,0,2,10.5015,2929.88
1560,2,0,2,10.4801,2815.14
1589,2,0,2,10.4436,2622.36
465,2,0,3,10.9624,5283.03,0.0695,303.138,0.16,4
379,2,0,3,10.9483,5214.42
380,2,0,3,10.9416,5182.2
386,2,0,3,10.9311,5131.27
387,2,0,3,10.9077,5019.68
396,2,0,3,10.9057,5006.06
395,2,0,3,10.901,4982.48
403,2,0,3,10.8837,4890.97
406,2,0,3,10.8689,4821.35
407,2,0,3,10.8632,4793.02
424,2,0,3,10.845,4698.3
426,2,0,3,10.8416,4680.18
425,2,0,3,10.8378,4660.11
420,2,0,3,10.8277,4606.55
421,2,0,3,10.8225,4577.48
417,2,0,3,10.8177,4551.38
1989,2,0,3,10.8004,4461.99
2011,2,0,3,10.7809,4361.47
2156,2,0,3,10.776,4335.61
2013,2,0,3,10.7753,4332.45
886,2,0,3,10.7655,4282.78
888,2,0,3,10.7484,4188.46
903,2,0,3,10.7388,4136.41
904,2,0,3,10.7355,4118.5
925,2,0,3,10.7136,3997.34
2019,2,0,3,10.7061,3961.52
929,2,0,3,10.7057,3959.54
928,2,0,3,10.6818,3837.91
948,2,0,3,10.6683,3766.66
141,2,0,4,11.1264,6096.81,0.0505,220.266,0.03,5
142,2,0,4,11.1123,6017.58
362,2,0,4,11.1032,5967.75
363,2,0,4,11.0904,5893.79
367,2,0,4,11.077,5821.35
368,2,0,4,11.075,5807.9
372,2,0,4,11.0624,5740.69
460,2,0,4,11.0567,5706.14
464,2,0,4,11.0395,5622.97
465,2,0,4,11.0319,5586.16
1972,2,0,5,11.3265,7157.18,0.0608333,265.337,0.08,6
148,2,0,5,11.2999,7017.35
149,2,0,5,11.2959,6996.86
161,2,0,5,11.2817,6916.66
167,2,0,5,11.2645,6805.83
172,2,0,5,11.2484,6708.38
1535,2,0,5,11.2388,6656.77
177,2,0,5,11.2285,6602.61
184,2,0,5,11.2081,6491.29
141,2,0,5,11.1769,6317.08
1979,2,0,6,11.7098,9199.69,0.0433333,189.007,0.09,7
1978,2,0,6,11.6687,8970.43
107,2,0,6,11.6604,8916.52
1967,2,0,6,11.6574,8887.82
105,2,0,6,11.6326,8739.33
124,2,0,6,11.6192,8664.53
1970,2,0,6,11.6034,8571.45
122,2,0,6,11.5905,8506.18
127,2,0,6,11.5552,8315.53
128,2,0,6,11.5509,8294.34
1717,2,0,6,11.5224,8143.3
129,2,0,6,11.4998,8018.18
130,2,0,6,11.492,7979.17
1726,2,0,6,11.4854,7941.9
1723,2,0,6,11.4748,7884.84
2104,2,0,6,11.465,7835.62
1724,2,0,6,11.4445,7725.5
1725,2,0,6,11.442,7711.88
1727,2,0,6,11.4249,7617.74
149,2,0,6,11.4239,7608.11
148,2,0,6,11.4191,7584.32
1972,2,0,6,11.3873,7422.51
294,2,0,7,11.8891,10137.1,0.100167,436.897,0.4,8
295,2,0,7,11.8673,10024.1
338,2,0,7,11.8537,9948.24
339,2,0,7,11.8482,9911.24
342,2,0,7,11.8327,9826
343,2,0,7,11.8223,9771.16
344,2,0,7,11.7952,9636.77
1819,2,0,7,11.7819,9543.24
335,2,0,7,11.7769,9514.29
2114,2,0,7,11.7616,9433.5
329,2,0,7,11.759,9418.44
1979,2,0,7,11.7531,9388.69
2008,2,0,8,12.1405,11394.9,0.0393333,171.56,0.02,9
2152,2,0,8,12.1338,11358.5
820,2,0,8,12.1195,11282
819,2,0,8,12.1026,11193.5
818,2,0,8,12.0879,11114.1
804,2,0,8,12.07,11013.8
803,2,0,8,12.0619,10968.5
354,2,0,8,12.0618,10968.2
347,2,0,8,12.0497,10901
346,2,0,8,12.0491,10898
339,2,0,8,12.0319,10803.5
338,2,0,8,12.024,10760
295,2,0,8,12.0071,10670
294,2,0,8,11.9893,10574
810,2,0,9,12.2485,11931.6,0.0375,163.564,0.29,10
813,2,0,9,12.2381,11880.8
809,2,0,9,12.2112,11746.1
808,2,0,9,12.202,11697.3
807,2,0,9,12.1927,11649.1
812,2,0,9,12.1925,11648.3
2008,2,0,9,12.1799,11566.4
412,2,0,10,12.4021,12697.3,0,0,0
398,2,0,10,12.3878,12619.2
410,2,0,10,12.3875,12618
409,2,0,10,12.3714,12534.3
1985,2,0,10,12.3569,12456.9
881,2,0,10,12.3271,12300.6
814,2,0,10,12.3068,12195.8
810,2,0,10,12.286,12095.1
948,3,0,0,9.98857,1017.62,0.0391667,170.833,0.36,1
928,3,0,0,9.97859,961.847
923,3,0,0,9.94072,774.378
924,3,0,0,9.93244,735.064
914,3,0,0,9.91023,620.414
902,3,0,0,9.90274,579.948
887,3,0,0,9.88726,499.708
2012,3,0,0,9.86066,369.988
884,3,0,0,9.8566,348.667
1987,3,0,0,9.82006,162.519
413,3,0,0,9.80368,77.1309
411,3,0,0,9.79292,19.2235
412,3,0,0,9.79,0
1589,3,0,1,10.2062,2130.15,0.0523333,228.262,0.28,2
1560,3,0,1,10.1721,1947.61
1321,3,0,1,10.1467,1815.93
1320,3,0,1,10.1251,1702.72
1602,3,0,1,10.1005,1583.85
1312,3,0,1,10.0777,1455.7
1306,3,0,1,10.0776,1455.34
1301,3,0,1,10.0622,1374.79
2024,3,0,1,10.0509,1314.4
2025,3,0,1,10.0387,1245.59
1598,3,0,1,10.033,1217.04
948,3,0,1,10.0277,1188.45
943,3,0,2,10.4874,3561.29,0.0575,250.798,0.09,3
2020,3,0,2,10.4866,3557.36
1787,3,0,2,10.4699,3472.46
2023,3,0,2,10.4605,3425.64
2163,3,0,2,10.4342,3283.07
1314,3,0,2,10.4216,3212.71
2165,3,0,2,10.4053,3125.51
2071,3,0,2,10.3836,3011
1317,3,0,2,10.3714,2942.79
2072,3,0,2,10.3515,2835.69
1588,3,0,2,10.3201,2667.4
1590,3,0,2,10.2839,2488.08
1589,3,0,2,10.2585,2358.41
465,3,0,3,10.838,5299.52,0.0695,303.138,0.16,4
379,3,0,3,10.8239,5230.92
380,3,0,3,10.8172,5198.69
386,3,0,3,10.8067,5147.76
387,3,0,3,10.7828,5034.19
396,3,0,3,10.7808,5020.58
395,3,0,3,10.7761,4996.99
403,3,0,3,10.7588,4905.48
406,3,0,3,10.744,4835.86
407,3,0,3,10.7383,4807.53
424,3,0,3,10.7201,4712.82
426,3,0,3,10.7166,4694.69
425,3,0,3,10.7129,4674.63
420,3,0,3,10.7028,4621.07
431,3,0,3,10.688,4544.58
434,3,0,3,10.6815,4513.97
873,3,0,3,10.6776,4492.88
874,3,0,3,10.6635,4425.7
870,3,0,3,10.6581,4397.88
894,3,0,3,10.6361,4285.99
895,3,0,3,10.6266,4238.4
907,3,0,3,10.6132,4170.81
908,3,0,3,10.6066,4135.92
2014,3,0,3,10.606,4133.24
2017,3,0,3,10.6049,4127.55
2170,3,0,3,10.6016,4111.29
1738,3,0,3,10.5857,4030.59
1737,3,0,3,10.58,4001.02
936,3,0,3,10.5634,3916.2
933,3,0,3,10.5628,3913.26
934,3,0,3,10.5573,3875.61
935,3,0,3,10.5568,3873
2020,3,0,3,10.5457,3816.02
943,3,0,3,10.5449,3812.09
141,3,0,4,11.0097,6145.16,0.0505,220.266,0.03,5
142,3,0,4,10.9944,6060.71
362,3,0,4,10.9851,6010.09
363,3,0,4,10.9693,5924.16
367,3,0,4,10.9552,5848.97
368,3,0,4,10.9532,5835.51
372,3,0,4,10.9381,5757.28
460,3,0,4,10.9322,5722.64
464,3,0,4,10.9151,5639.46
465,3,0,4,10.9075,5602.66
1972,3,0,5,11.2098,7205.53,0.0608333,265.337,0.08,6
148,3,0,5,11.1832,7065.7
149,3,0,5,11.1792,7045.21
161,3,0,5,11.165,6965.01
167,3,0,5,11.1479,6854.18
172,3,0,5,11.1317,6756.73
1535,3,0,5,11.1221,6705.12
177,3,0,5,11.1118,6650.96
184,3,0,5,11.0914,6539.64
141,3,0,5,11.0602,6365.43
1979,3,0,6,11.5931,9248.04,0.0433333,189.007,0.09,7
1978,3,0,6,11.552,9018.78
107,3,0,6,11.5437,8964.88
1967,3,0,6,11.5407,8936.17
105,3,0,6,11.5159,8787.68
124,3,0,6,11.5025,8712.88
1970,3,0,6,11.4867,8619.8
122,3,0,6,11.4738,8554.53
127,3,0,6,11.4385,8363.88
128,3,0,6,11.4342,8342.7
1717,3,0,6,11.4057,8191.65
129,3,0,6,11.3831,8066.53
130,3,0,6,11.3753,8027.52
1726,3,0,6,11.3687,7990.25
1723,3,0,6,11.3581,7933.19
2104,3,0,6,11.3483,7883.97
1724,3,0,6,11.3278,7773.85
1725,3,0,6,11.3253,7760.23
1727,3,0,6,11.3082,7666.09
149,3,0,6,11.3072,7656.46
148,3,0,6,11.3024,7632.67
1972,3,0,6,11.2706,7470.86
294,3,0,7,11.7724,10185.5,0.100167,436.897,0.4,8
295,3,0,7,11.7506,10072.4
338,3,0,7,11.737,9996.59
339,3,0,7,11.7315,9959.59
342,3,0,7,11.7161,9874.35
343,3,0,7,11.7056,9819.52
344,3,0,7,11.6785,9685.12
1819,3,0,7,11.6652,9591.59
335,3,0,7,11.6602,9562.64
2114,3,0,7,11.6449,9481.85
329,3,0,7,11.6423,9466.79
1979,3,0,7,11.6364,9437.04
2008,3,0,8,12.0238,11443.2,0.0393333,171.56,0.02,9
2152,3,0,8,12.0171,11406.8
820,3,0,8,12.0028,11330.3
819,3,0,8,11.9859,11241.9
818,3,0,8,11.9712,11162.5
804,3,0,8,11.9533,11062.2
803,3,0,8,11.9452,11016.9
354,3,0,8,11.9451,11016.5
347,3,0,8,11.933,10949.3
346,3,0,8,11.9324,10946.3
339,3,0,8,11.9152,10851.8
338,3,0,8,11.9073,10808.4
295,3,0,8,11.8904,10718.4
294,3,0,8,11.8726,10622.4
810,3,0,9,12.1318,11979.9,0.0375,163.564,0.29,10
813,3,0,9,12.1214,11929.1
809,3,0,9,12.0945,11794.4
808,3,0,9,12.0853,11745.6
807,3,0,9,12.076,11697.4
812,3,0,9,12.0758,11696.6
2008,3,0,9,12.0632,11614.8
412,3,0,10,12.2854,12745.6,0,0,0
398,3,0,10,12.2711,12667.6
410,3,0,10,12.2708,12666.4
409,3,0,10,12.2547,12582.6
1985,3,0,10,12.2402,12505.3
881,3,0,10,12.2104,12348.9
814,3,0,10,12.1901,12244.2
810,3,0,10,12.1693,12143.5
948,4,0,0,9.98857,1017.62,0.0391667,170.833,0.36,1
928,4,0,0,9.97859,961.847
923,4,0,0,9.94072,774.378
924,4,0,0,9.93244,735.064
914,4,0,0,9.91023,620.414
902,4,0,0,9.90274,579.948
887,4,0,0,9.88726,499.708
2012,4,0,0,9.86066,369.988
884,4,0,0,9.8566,348.667
1987,4,0,0,9.82006,162.519
413,4,0,0,9.80368,77.1309
411,4,0,0,9.79292,19.2235
412,4,0,0,9.79,0
943,4,0,1,10.1147,1632.29,0.0575,250.798,0.09,2
942,4,0,1,10.1075,1593.97
941,4,0,1,10.0958,1535.17
939,4,0,1,10.0753,1439.2
938,4,0,1,10.0574,1344.44
928,4,0,1,10.0413,1259.7
948,4,0,1,10.0277,1188.45
1589,4,0,2,10.3908,3049.17,0.0523333,228.262,0.28,3
1560,4,0,2,10.3567,2866.63
1321,4,0,2,10.3313,2734.95
1562,4,0,2,10.3177,2660.88
1563,4,0,2,10.2832,2476.21
2164,4,0,2,10.2714,2413.14
1313,4,0,2,10.2494,2293.67
1309,4,0,2,10.241,2245.33
1314,4,0,2,10.2404,2242.46
2163,4,0,2,10.2247,2158.44
2023,4,0,2,10.196,2005.48
1787,4,0,2,10.1883,1965.93
2020,4,0,2,10.1731,1887.02
943,4,0,2,10.1722,1883.09
465,4,0,3,10.8909,5693.6,0.0695,303.138,0.16,4
464,4,0,3,10.8842,5660.53
460,4,0,3,10.8757,5613.92
372,4,0,3,10.8703,5579.84
371,4,0,3,10.8545,5475.13
2134,4,0,3,10.849,5434.35
2136,4,0,3,10.8368,5368.23
393,4,0,3,10.8045,5202.75
401,4,0,3,10.7908,5129.04
1739,4,0,3,10.7814,5076.9
1742,4,0,3,10.7747,5041.69
1741,4,0,3,10.7686,5008.8
418,4,0,3,10.7617,4971.73
417,4,0,3,10.7585,4954.19
1989,4,0,3,10.7417,4866.9
2011,4,0,3,10.722,4765.49
2156,4,0,3,10.7159,4734.58
2013,4,0,3,10.7153,4731.42
886,4,0,3,10.7066,4686.98
888,4,0,3,10.6886,4588.36
903,4,0,3,10.679,4536.32
904,4,0,3,10.6757,4518.41
925,4,0,3,10.6538,4397.25
2019,4,0,3,10.6463,4361.42
929,4,0,3,10.6459,4359.44
938,4,0,3,10.6335,4291.79
950,4,0,3,10.6191,4217.32
951,4,0,3,10.6123,4182.45
949,4,0,3,10.6013,4126.17
2025,4,0,3,10.5978,4108.72
2024,4,0,3,10.5834,4030.37
1301,4,0,3,10.5717,3968.35
1306,4,0,3,10.5592,3900.13
1312,4,0,3,10.5591,3899.77
1602,4,0,3,10.5319,3752.38
1320,4,0,3,10.5163,3671.15
1321,4,0,3,10.501,3584.95
1560,4,0,3,10.4796,3470.21
1589,4,0,3,10.4431,3277.43
141,4,0,4,11.0626,6539.25,0.0505,220.266,0.03,5
142,4,0,4,11.0473,6454.8
362,4,0,4,11.038,6404.18
363,4,0,4,11.0222,6318.25
367,4,0,4,11.0081,6243.05
368,4,0,4,11.0061,6229.6
372,4,0,4,10.991,6151.36
460,4,0,4,10.9852,6116.72
464,4,0,4,10.968,6033.55
465,4,0,4,10.9604,5996.74
1972,4,0,5,11.2627,7599.61,0.0608333,265.337,0.08,6
148,4,0,5,11.2361,7459.78
149,4,0,5,11.2321,7439.29
161,4,0,5,11.2179,7359.09
167,4,0,5,11.2008,7248.26
172,4,0,5,11.1846,7150.81
1535,4,0,5,11.175,7099.21
177,4,0,5,11.1647,7045.05
184,4,0,5,11.1443,6933.72
141,4,0,5,11.1131,6759.51
294,4,0,6,11.7767,10368.4,0.100167,436.897,0.4,7
295,4,0,6,11.7608,10280.6
338,4,0,6,11.7465,10201.9
339,4,0,6,11.741,10164.9
342,4,0,6,11.7173,10044.5
343,4,0,6,11.7046,9980.13
344,4,0,6,11.6882,9890.79
1819,4,0,6,11.6746,9797.12
335,4,0,6,11.6701,9768.94
2114,4,0,6,11.655,9689.09
329,4,0,6,11.6524,9673.88
1979,4,0,6,11.646,9642.12
1978,4,0,6,11.6049,9412.87
107,4,0,6,11.5966,9358.96
1967,4,0,6,11.5936,9330.25
105,4,0,6,11.5688,9181.77
124,4,0,6,11.5554,9106.97
1970,4,0,6,11.5396,9013.88
122,4,0,6,11.5267,8948.61
127,4,0,6,11.4914,8757.97
128,4,0,6,11.4871,8736.78
1717,4,0,6,11.4586,8585.74
129,4,0,6,11.436,8460.62
130,4,0,6,11.4283,8421.61
1726,4,0,6,11.4216,8384.33
1723,4,0,6,11.4111,8327.28
2104,4,0,6,11.4013,8278.06
1724,4,0,6,11.3807,8167.94
1725,4,0,6,11.3782,8154.32
1727,4,0,6,11.3611,8060.17
149,4,0,6,11.3601,8050.55
148,4,0,6,11.3554,8026.76
1972,4,0,6,11.3235,7864.95
1979,4,0,7,12.0081,11533,0.0556667,242.801,0.07,8
329,4,0,7,12.006,11515.6
2114,4,0,7,12.0011,11491
335,4,0,7,11.9906,11429.7
1819,4,0,7,11.9861,11401.6
344,4,0,7,11.9706,11305.8
343,4,0,7,11.9513,11203.8
1980,4,0,7,11.9414,11152.3
342,4,0,7,11.9352,11121.2
339,4,0,7,11.9195,11034.8
338,4,0,7,11.9115,10991.3
295,4,0,7,11.8946,10901.3
294,4,0,7,11.8768,10805.3
2008,4,0,8,12.1778,12402.4,0.0393333,171.56,0.02,9
812,4,0,8,12.1599,12304.7
807,4,0,8,12.1597,12304
356,4,0,8,12.1436,12219.1
1981,4,0,8,12.1313,12135.6
345,4,0,8,12.1112,12032.1
341,4,0,8,12.1018,11982.1
2132,4,0,8,12.1015,11980
328,4,0,8,12.0849,11884.5
2115,4,0,8,12.0748,11831.3
329,4,0,8,12.0711,11811.3
1979,4,0,8,12.0638,11775.8
810,4,0,9,12.2858,12939.1,0.0375,163.564,0.29,10
813,4,0,9,12.2753,12888.3
809,4,0,9,12.2485,12753.6
808,4,0,9,12.2393,12704.8
807,4,0,9,12.23,12656.6
812,4,0,9,12.2298,12655.9
2008,4,0,9,12.2172,12574
412,4,0,10,12.4394,13704.9,0,0,0
398,4,0,10,12.4251,13626.8
410,4,0,10,12.4248,13625.6
409,4,0,10,12.4087,13541.8
1985,4,0,10,12.3942,13464.5
881,4,0,10,12.3644,13308.2
814,4,0,10,12.3441,13203.4
810,4,0,10,12.3233,13102.7
943,5,0,0,9.83526,977.226,0.0683333,298.049,0.1,1
934,5,0,0,9.82643,929.095
933,5,0,0,9.81722,879.984
936,5,0,0,9.81663,877.044
1737,5,0,0,9.80542,815.103
917,5,0,0,9.78797,729.074
916,5,0,0,9.78779,728.166
906,5,0,0,9.76451,606.172
889,5,0,0,9.75332,548.313
890,5,0,0,9.74809,518.428
2013,5,0,0,9.72573,402.826
1988,5,0,0,9.70798,308.467
429,5,0,0,9.68226,176.544
415,5,0,0,9.66606,92.3787
2138,5,0,0,9.66588,91.3208
411,5,0,0,9.65292,19.2235
412,5,0,0,9.65,0
948,5,0,1,9.99446,1735.42,0.0391667,170.833,0.36,2
950,5,0,1,9.98137,1662.49
938,5,0,1,9.97114,1605.91
939,5,0,1,9.94478,1475.6
941,5,0,1,9.92411,1379
942,5,0,1,9.91182,1317.76
943,5,0,1,9.9036,1275.28
1589,5,0,2,10.2121,2847.95,0.0523333,228.262,0.28,3
1560,5,0,2,10.178,2665.41
1321,5,0,2,10.1526,2533.73
1320,5,0,2,10.131,2420.52
1602,5,0,2,10.1064,2301.65
1312,5,0,2,10.0836,2173.5
1306,5,0,2,10.0835,2173.14
1301,5,0,2,10.0681,2092.59
2024,5,0,2,10.0568,2032.2
2025,5,0,2,10.0446,1963.4
1598,5,0,2,10.0389,1934.84
948,5,0,2,10.0336,1906.25
294,5,0,3,10.6516,5251.1,0.0973333,424.539,0.34,4
295,5,0,3,10.6342,5156.79
338,5,0,3,10.6205,5080.44
339,5,0,3,10.615,5043.44
346,5,0,3,10.5972,4946.25
347,5,0,3,10.5966,4943.23
354,5,0,3,10.5856,4879.66
803,5,0,3,10.5856,4879.29
804,5,0,3,10.5674,4791.73
818,5,0,3,10.5464,4678.18
819,5,0,3,10.5318,4598.98
2009,5,0,3,10.5253,4551.87
2010,5,0,3,10.5097,4451.13
837,5,0,3,10.5024,4405.01
1774,5,0,3,10.4912,4336.26
849,5,0,3,10.4869,4313.5
850,5,0,3,10.4798,4264.34
852,5,0,3,10.4741,4221.4
865,5,0,3,10.4673,4179.44
869,5,0,3,10.4521,4088.61
2066,5,0,3,10.43,3974.88
1297,5,0,3,10.4038,3835.22
1299,5,0,3,10.3981,3803.23
1600,5,0,3,10.3967,3789.78
1306,5,0,3,10.3805,3698.91
1312,5,0,3,10.3804,3698.55
1602,5,0,3,10.3532,3551.16
1320,5,0,3,10.3376,3469.93
1321,5,0,3,10.3223,3383.73
1560,5,0,3,10.3009,3268.99
1589,5,0,3,10.2644,3076.21
465,5,0,4,11.0658,7512.96,0.111333,485.602,0.18,5
464,5,0,4,11.059,7479.88
460,5,0,4,11.0506,7433.27
372,5,0,4,11.0452,7399.19
371,5,0,4,11.0294,7294.48
2134,5,0,4,11.0239,7253.7
369,5,0,4,11.0075,7157.5
370,5,0,4,11.0025,7120.31
365,5,0,4,10.9542,6863.54
323,5,0,4,10.9343,6738.77
108,5,0,4,10.9225,6671.24
321,5,0,4,10.9221,6669.01
1978,5,0,4,10.9141,6617.03
1979,5,0,4,10.8814,6406.85
329,5,0,4,10.8792,6389.39
2114,5,0,4,10.874,6363.47
335,5,0,4,10.8636,6302.32
1819,5,0,4,10.8586,6273.33
344,5,0,4,10.843,6177.55
343,5,0,4,10.8251,6081.48
1980,5,0,4,10.816,6033.17
342,5,0,4,10.8099,6002.55
339,5,0,4,10.7931,5911.69
338,5,0,4,10.7832,5859.68
295,5,0,4,10.7658,5767.46
294,5,0,4,10.749,5675.64
141,5,0,5,11.2715,8509.21,0.0505,220.266,0.03,6
142,5,0,5,11.2575,8429.97
362,5,0,5,11.2484,8380.15
363,5,0,5,11.2356,8306.19
367,5,0,5,11.2222,8233.75
368,5,0,5,11.2202,8220.29
372,5,0,5,11.2076,8153.09
460,5,0,5,11.2018,8118.54
464,5,0,5,11.1847,8035.36
465,5,0,5,11.1771,7998.56
1972,5,0,6,11.4717,9569.57,0.0608333,265.337,0.08,7
148,5,0,6,11.4451,9429.74
149,5,0,6,11.4411,9409.25
161,5,0,6,11.4269,9329.05
167,5,0,6,11.4097,9218.22
172,5,0,6,11.3936,9120.77
1535,5,0,6,11.3839,9069.17
177,5,0,6,11.3737,9015.01
184,5,0,6,11.3532,8903.68
141,5,0,6,11.322,8729.47
1979,5,0,7,11.8549,11612.1,0.0433333,189.007,0.09,8
1978,5,0,7,11.8139,11382.8
107,5,0,7,11.8056,11328.9
1967,5,0,7,11.8026,11300.2
105,5,0,7,11.7777,11151.7
124,5,0,7,11.7644,11076.9
1970,5,0,7,11.7486,10983.8
122,5,0,7,11.7357,10918.6
127,5,0,7,11.7003,10727.9
128,5,0,7,11.6961,10706.7
1717,5,0,7,11.6675,10555.7
129,5,0,7,11.645,10430.6
130,5,0,7,11.6372,10391.6
1726,5,0,7,11.6306,10354.3
1723,5,0,7,11.62,10297.2
2104,5,0,7,11.6102,10248
1724,5,0,7,11.5897,10137.9
1725,5,0,7,11.5872,10124.3
1727,5,0,7,11.5701,10030.1
149,5,0,7,11.5691,10020.5
148,5,0,7,11.5643,9996.72
1972,5,0,7,11.5325,9834.91
2008,5,0,8,12.0064,12410.5,0.0393333,171.56,0.02,9
812,5,0,8,11.99,12319.2
807,5,0,8,11.9898,12318.4
356,5,0,8,11.977,12248
1981,5,0,8,11.9647,12164.5
345,5,0,8,11.943,12054.4
341,5,0,8,11.9336,12004.2
2132,5,0,8,11.9333,12002.1
328,5,0,8,11.9195,11910.5
2115,5,0,8,11.9081,11851.5
329,5,0,8,11.9042,11830.8
1979,5,0,8,11.8983,11801.1
810,5,0,9,12.1144,12947.2,0.0375,163.564,0.29,10
813,5,0,9,12.1039,12896.4
809,5,0,9,12.0771,12761.7
808,5,0,9,12.0678,12712.9
807,5,0,9,12.0586,12664.7
812,5,0,9,12.0584,12663.9
2008,5,0,9,12.0458,12582.1
412,5,0,10,12.268,13712.9,0,0,0
398,5,0,10,12.2537,13634.9
410,5,0,10,12.2534,13633.6
409,5,0,10,12.2373,13549.9
1985,5,0,10,12.2228,13472.6
881,5,0,10,12.193,13316.2
814,5,0,10,12.1727,13211.5
810,5,0,10,12.1519,13110.8
943,6,0,0,9.47526,977.226,0.0683333,298.049,0.1,1
934,6,0,0,9.46643,929.095
933,6,0,0,9.45722,879.984
936,6,0,0,9.45663,877.044
1737,6,0,0,9.44543,815.103
917,6,0,0,9.42797,729.074
916,6,0,0,9.42779,728.166
906,6,0,0,9.40451,606.172
889,6,0,0,9.39332,548.313
890,6,0,0,9.38809,518.428
2013,6,0,0,9.36573,402.826
1988,6,0,0,9.34798,308.467
429,6,0,0,9.32226,176.544
415,6,0,0,9.30606,92.3787
2138,6,0,0,9.30588,91.3208
411,6,0,0,9.29292,19.2235
412,6,0,0,9.29,0
1589,6,0,1,9.75521,2410.3,0.0506667,220.993,0.28,2
1560,6,0,1,9.72503,2244.53
1321,6,0,1,9.70188,2122.28
1562,6,0,1,9.68904,2051.56
1563,6,0,1,9.64986,1846.84
2164,6,0,1,9.64074,1795.74
1313,6,0,1,9.61754,1670.89
1309,6,0,1,9.60909,1622.47
1314,6,0,1,9.60852,1619.6
2163,6,0,1,9.5917,1530.92
2023,6,0,1,9.56494,1386.33
1787,6,0,1,9.55739,1347.36
1788,6,0,1,9.55661,1343.66
943,6,0,1,9.5436,1275.28
948,6,0,2,9.97581,3537.08,0.0391667,170.833,0.36,3
1598,6,0,2,9.96397,3481.51
2025,6,0,2,9.95972,3458.77
2024,6,0,2,9.9461,3384.08
1301,6,0,2,9.93524,3325.58
1306,6,0,2,9.91866,3239.95
1312,6,0,2,9.91859,3239.59
1602,6,0,2,9.88793,3077.65
1320,6,0,2,9.87373,3002.17
1321,6,0,2,9.85877,2917.52
1560,6,0,2,9.83805,2805.7
1589,6,0,2,9.80587,2631.29
294,6,0,3,10.2968,5235.13,0.0973333,424.539,0.34,4
295,6,0,3,10.2794,5140.83
297,6,0,3,10.2705,5083.77
306,6,0,3,10.2647,5049.98
313,6,0,3,10.2526,4983.59
312,6,0,3,10.246,4946.2
314,6,0,3,10.2419,4923.47
353,6,0,3,10.2334,4875.8
354,6,0,3,10.2311,4864.7
357,6,0,3,10.222,4813.68
358,6,0,3,10.2097,4744.95
359,6,0,3,10.1977,4681.09
807,6,0,3,10.1725,4548.19
812,6,0,3,10.1724,4547.4
2008,6,0,3,10.1532,4444.52
821,6,0,3,10.1477,4414.23
2153,6,0,3,10.138,4362.73
831,6,0,3,10.138,4362.65
825,6,0,3,10.1375,4360.62
834,6,0,3,10.1274,4305.7
835,6,0,3,10.1189,4258.77
2154,6,0,3,10.0892,4105.36
857,6,0,3,10.0804,4059.39
926,6,0,3,10.0704,4008.56
927,6,0,3,10.0401,3850.92
946,6,0,3,10.0353,3818.47
947,6,0,3,10.0289,3778.88
948,6,0,3,10.015,3707.92
1979,6,0,4,10.5265,6390.88,0.0713333,311.134,0.1,5
329,6,0,4,10.5244,6373.42
2114,6,0,4,10.5192,6347.5
335,6,0,4,10.5087,6286.35
1819,6,0,4,10.5037,6257.36
344,6,0,4,10.4882,6161.59
343,6,0,4,10.4702,6065.51
1980,6,0,4,10.4611,6017.2
342,6,0,4,10.4551,5986.58
339,6,0,4,10.4383,5895.72
338,6,0,4,10.4284,5843.71
295,6,0,4,10.4109,5751.5
294,6,0,4,10.3941,5659.67
465,6,0,5,10.7872,7816.6,0.0695,303.138,0.16,6
464,6,0,5,10.7806,7783.97
460,6,0,5,10.7729,7740.92
372,6,0,5,10.7666,7705.5
371,6,0,5,10.7481,7597.04
2134,6,0,5,10.7426,7556.26
369,6,0,5,10.7253,7458.13
370,6,0,5,10.7202,7420.94
365,6,0,5,10.6707,7158.71
323,6,0,5,10.6508,7033.93
108,6,0,5,10.639,6966.41
321,6,0,5,10.6386,6964.17
1978,6,0,5,10.6306,6912.2
1979,6,0,5,10.5979,6702.02
1972,6,0,6,11.0356,9142.21,0.0608333,265.337,0.08,7
148,6,0,6,11.013,9019.39
149,6,0,6,11.0092,8999.75
161,6,0,6,10.995,8919.55
167,6,0,6,10.982,8809.52
172,6,0,6,10.9683,8714.77
1535,6,0,6,10.9601,8669.62
177,6,0,6,10.9465,8601.58
185,6,0,6,10.9353,8540.93
441,6,0,6,10.9228,8476.52
1857,6,0,6,10.9182,8453.46
1990,6,0,6,10.9033,8375.21
462,6,0,6,10.8942,8320.72
461,6,0,6,10.892,8306.33
460,6,0,6,10.8814,8239.71
464,6,0,6,10.8643,8156.54
465,6,0,6,10.8567,8119.74
141,6,0,7,11.2501,10221.5,0.0505,220.266,0.03,8
137,6,0,7,11.2463,10195.6
134,6,0,7,11.2165,10042.9
129,6,0,7,11.2089,10003.2
130,6,0,7,11.2012,9964.21
1726,6,0,7,11.1945,9926.93
1723,6,0,7,11.184,9869.87
2104,6,0,7,11.1742,9820.66
1724,6,0,7,11.1537,9710.54
1725,6,0,7,11.1512,9696.91
1727,6,0,7,11.134,9602.77
149,6,0,7,11.1331,9593.14
148,6,0,7,11.1283,9569.35
1972,6,0,7,11.0965,9407.54
412,6,0,8,11.4955,11572.3,0,0,0
398,6,0,8,11.4821,11498
397,6,0,8,11.4718,11438.2
390,6,0,8,11.4525,11337.9
382,6,0,8,11.4352,11246.4
376,6,0,8,11.4172,11149.6
369,6,0,8,11.3977,11044.8
2134,6,0,8,11.3879,10949.1
371,6,0,8,11.3828,10908.2
372,6,0,8,11.3662,10802.6
368,6,0,8,11.354,10736.9
367,6,0,8,11.3513,10722
363,6,0,8,11.3367,10644.8
362,6,0,8,11.3236,10570.2
142,6,0,8,11.3151,10523
141,6,0,8,11.3006,10441.8
2008,6,1,0,12.1419,961.559,0.0393333,171.56,0.02,1
821,6,1,0,12.137,934.047
2153,6,1,0,12.1273,882.39
831,6,1,0,12.1272,882.309
825,6,1,0,12.1268,880.279
822,6,1,0,12.1098,783.591
823,6,1,0,12.1048,756.783
824,6,1,0,12.0927,691.912
880,6,1,0,12.0763,602.296
882,6,1,0,12.0566,503.117
2155,6,1,0,12.0532,486.071
2012,6,1,0,12.0357,392.469
884,6,1,0,12.0312,369.429
1987,6,1,0,11.9935,178.339
413,6,1,0,11.9717,70.3312
411,6,1,0,11.9625,19.0121
412,6,1,0,11.96,0
810,6,1,1,12.2499,1498.25,0.0375,163.564,0.29,2
813,6,1,1,12.2394,1447.45
809,6,1,1,12.2125,1312.77
808,6,1,1,12.2033,1263.94
807,6,1,1,12.1941,1215.76
812,6,1,1,12.1939,1214.97
2008,6,1,1,12.1812,1133.12
412,6,1,2,12.4035,2263.97,0,0,0
398,6,1,2,12.3892,2185.9
410,6,1,2,12.3889,2184.7
409,6,1,2,12.3728,2100.96
1985,6,1,2,12.3583,2023.62
881,6,1,2,12.3285,1867.28
814,6,1,2,12.3082,1762.52
810,6,1,2,12.2874,1661.82
948,7,0,0,9.99857,1017.62,0.0391667,170.833,0.36,1
928,7,0,0,9.98859,961.847
923,7,0,0,9.95072,774.378
924,7,0,0,9.94244,735.064
914,7,0,0,9.92023,620.414
902,7,0,0,9.91274,579.948
887,7,0,0,9.89726,499.708
2012,7,0,0,9.87066,369.988
884,7,0,0,9.8666,348.667
1987,7,0,0,9.83006,162.519
413,7,0,0,9.81368,77.1309
411,7,0,0,9.80292,19.2235
412,7,0,0,9.8,0
943,7,0,1,10.1247,1632.29,0.0575,250.798,0.09,2
942,7,0,1,10.1175,1593.97
941,7,0,1,10.1058,1535.17
939,7,0,1,10.0853,1439.2
938,7,0,1,10.0674,1344.44
928,7,0,1,10.0513,1259.7
948,7,0,1,10.0377,1188.45
1589,7,0,2,10.4008,3049.17,0.0523333,228.262,0.28,3
1560,7,0,2,10.3667,2866.63
1321,7,0,2,10.3413,2734.95
1562,7,0,2,10.3277,2660.88
1563,7,0,2,10.2933,2476.21
2164,7,0,2,10.2814,2413.14
1313,7,0,2,10.2594,2293.67
1309,7,0,2,10.251,2245.33
1314,7,0,2,10.2504,2242.46
2163,7,0,2,10.2347,2158.44
2023,7,0,2,10.206,2005.48
1787,7,0,2,10.1983,1965.93
2020,7,0,2,10.1831,1887.02
943,7,0,2,10.1822,1883.09
294,7,0,3,10.8403,5452.32,0.0973333,424.539,0.34,4
295,7,0,3,10.8229,5358.01
338,7,0,3,10.8092,5281.66
339,7,0,3,10.8037,5244.66
346,7,0,3,10.7859,5147.47
347,7,0,3,10.7853,5144.45
354,7,0,3,10.7743,5080.88
803,7,0,3,10.7743,5080.51
804,7,0,3,10.7561,4992.95
818,7,0,3,10.7351,4879.4
819,7,0,3,10.7205,4800.2
2009,7,0,3,10.714,4753.09
2010,7,0,3,10.6984,4652.34
837,7,0,3,10.6911,4606.23
1774,7,0,3,10.6799,4537.48
849,7,0,3,10.6757,4514.71
850,7,0,3,10.6685,4465.56
852,7,0,3,10.6628,4422.61
865,7,0,3,10.656,4380.66
869,7,0,3,10.6408,4289.83
2066,7,0,3,10.6187,4176.1
1297,7,0,3,10.5925,4036.44
1299,7,0,3,10.5868,4004.45
1600,7,0,3,10.5854,3991
1306,7,0,3,10.5692,3900.13
1312,7,0,3,10.5691,3899.77
1602,7,0,3,10.5419,3752.38
1320,7,0,3,10.5263,3671.15
1321,7,0,3,10.511,3584.95
1560,7,0,3,10.4896,3470.21
1589,7,0,3,10.4531,3277.43
465,7,0,4,11.2545,7714.17,0.111333,485.602,0.18,5
464,7,0,4,11.2477,7681.1
460,7,0,4,11.2393,7634.49
372,7,0,4,11.2339,7600.41
371,7,0,4,11.2181,7495.7
2134,7,0,4,11.2126,7454.92
369,7,0,4,11.1962,7358.72
370,7,0,4,11.1912,7321.52
365,7,0,4,11.1429,7064.76
323,7,0,4,11.123,6939.98
108,7,0,4,11.1112,6872.46
321,7,0,4,11.1108,6870.22
1978,7,0,4,11.1028,6818.25
1979,7,0,4,11.0701,6608.07
329,7,0,4,11.0679,6590.61
2114,7,0,4,11.0627,6564.69
335,7,0,4,11.0523,6503.54
1819,7,0,4,11.0473,6474.55
344,7,0,4,11.0317,6378.77
343,7,0,4,11.0138,6282.7
1980,7,0,4,11.0047,6234.39
342,7,0,4,10.9986,6203.77
339,7,0,4,10.9818,6112.9
338,7,0,4,10.9719,6060.9
295,7,0,4,10.9545,5968.68
294,7,0,4,10.9377,5876.86
141,7,0,5,11.4603,8710.42,0.0505,220.266,0.03,6
142,7,0,5,11.4462,8631.19
362,7,0,5,11.4371,8581.37
363,7,0,5,11.4243,8507.41
367,7,0,5,11.4109,8434.97
368,7,0,5,11.4089,8421.51
372,7,0,5,11.3963,8354.3
460,7,0,5,11.3906,8319.75
464,7,0,5,11.3734,8236.58
465,7,0,5,11.3658,8199.78
1972,7,0,6,11.6604,9770.79,0.0608333,265.337,0.08,7
148,7,0,6,11.6338,9630.96
149,7,0,6,11.6298,9610.47
161,7,0,6,11.6156,9530.27
167,7,0,6,11.5984,9419.44
172,7,0,6,11.5823,9321.99
1535,7,0,6,11.5726,9270.38
177,7,0,6,11.5624,9216.23
184,7,0,6,11.5419,9104.9
141,7,0,6,11.5108,8930.69
1979,7,0,7,12.0437,11813.3,0.0556667,242.801,0.07,8
1978,7,0,7,12.0026,11584
107,7,0,7,11.9943,11530.1
1967,7,0,7,11.9913,11501.4
105,7,0,7,11.9664,11352.9
124,7,0,7,11.9531,11278.1
1970,7,0,7,11.9373,11185.1
122,7,0,7,11.9244,11119.8
127,7,0,7,11.889,10929.1
128,7,0,7,11.8848,10908
1717,7,0,7,11.8563,10756.9
129,7,0,7,11.8337,10631.8
130,7,0,7,11.8259,10592.8
1726,7,0,7,11.8193,10555.5
1723,7,0,7,11.8087,10498.5
2104,7,0,7,11.7989,10449.2
1724,7,0,7,11.7784,10339.1
1725,7,0,7,11.7759,10325.5
1727,7,0,7,11.7588,10231.4
149,7,0,7,11.7578,10221.7
148,7,0,7,11.753,10197.9
1972,7,0,7,11.7212,10036.1
2008,7,0,8,12.2133,12682.7,0.0393333,171.56,0.02,9
812,7,0,8,12.1954,12585
807,7,0,8,12.1952,12584.2
356,7,0,8,12.1791,12499.4
1981,7,0,8,12.1668,12415.9
345,7,0,8,12.1467,12312.4
341,7,0,8,12.1373,12262.4
2132,7,0,8,12.1371,12260.3
328,7,0,8,12.1204,12164.8
2115,7,0,8,12.1104,12111.6
329,7,0,8,12.1066,12091.6
1979,7,0,8,12.0993,12056.1
810,7,0,9,12.3213,13219.4,0.0375,163.564,0.29,10
813,7,0,9,12.3109,13168.6
809,7,0,9,12.284,13033.9
808,7,0,9,12.2748,12985.1
807,7,0,9,12.2655,12936.9
812,7,0,9,12.2653,12936.1
2008,7,0,9,12.2527,12854.3
412,7,0,10,12.4749,13985.1,0,0,0
398,7,0,10,12.4606,13907.1
410,7,0,10,12.4603,13905.9
409,7,0,10,12.4442,13822.1
1985,7,0,10,12.4297,13744.8
881,7,0,10,12.3999,13588.5
814,7,0,10,12.3796,13483.7
810,7,0,10,12.3588,13383
294,8,0,0,9.26621,1448.73,0.0963333,420.177,0.3,1
295,8,0,0,9.24867,1353.83
338,8,0,0,9.2331,1269.62
339,8,0,0,9.22767,1232.63
342,8,0,0,9.20155,1102.41
343,8,0,0,9.18551,1024.34
344,8,0,0,9.16773,928.994
1819,8,0,0,9.15257,833.761
335,8,0,0,9.14766,804.919
2114,8,0,0,9.134,731.261
329,8,0,0,9.1314,716.09
2115,8,0,0,9.12713,693.73
330,8,0,0,9.11236,610.461
336,8,0,0,9.09073,498.645
388,8,0,0,9.06261,347.265
397,8,0,0,9.03292,184.096
399,8,0,0,9.01791,100.956
411,8,0,0,9.00292,19.2235
412,8,0,0,9,0
1589,8,0,1,9.73586,3973.07,0.0506667,220.993,0.28,2
1560,8,0,1,9.70101,3787.18
1591,8,0,1,9.67677,3658.93
1559,8,0,1,9.65904,3563.75
1320,8,0,1,9.6551,3542.96
1602,8,0,1,9.64673,3486.01
1312,8,0,1,9.62362,3356.6
1306,8,0,1,9.62355,3356.24
1599,8,0,1,9.60619,3260.56
1300,8,0,1,9.60069,3230.44
1298,8,0,1,9.59533,3201.11
2176,8,0,1,9.58863,3161.63
2066,8,0,1,9.57741,3093.26
869,8,0,1,9.56497,3016.43
865,8,0,1,9.54717,2917.59
852,8,0,1,9.54025,2875.47
850,8,0,1,9.53359,2831.98
849,8,0,1,9.5259,2782.29
1774,8,0,1,9.52255,2763.28
837,8,0,1,9.51113,2694.21
2010,8,0,1,9.49823,2627.32
2009,8,0,1,9.47477,2501.14
819,8,0,1,9.46644,2452.06
818,8,0,1,9.45375,2381.34
804,8,0,1,9.43572,2280.57
803,8,0,1,9.4284,2237.56
354,8,0,1,9.42833,2237.18
353,8,0,1,9.42596,2226.09
314,8,0,1,9.41726,2177.29
312,8,0,1,9.41312,2154.36
313,8,0,1,9.40745,2119.21
306,8,0,1,9.39434,2048.14
297,8,0,1,9.38828,2013.94
295,8,0,1,9.37801,1954.83
294,8,0,1,9.36254,1868.9
948,8,0,2,9.95646,5099.85,0.0391667,170.833,0.36,3
1598,8,0,2,9.94463,5044.28
2025,8,0,2,9.94038,5021.54
2024,8,0,2,9.92675,4946.85
1301,8,0,2,9.9159,4888.35
1306,8,0,2,9.89932,4802.73
1312,8,0,2,9.89924,4802.36
1602,8,0,2,9.86858,4640.42
1320,8,0,2,9.85439,4564.94
1321,8,0,2,9.83942,4480.29
1560,8,0,2,9.81871,4368.47
1589,8,0,2,9.78653,4194.06
943,8,0,3,10.0756,5685.94,0.0575,250.798,0.09,4
942,8,0,3,10.0673,5642.99
941,8,0,3,10.0556,5584.19
939,8,0,3,10.0441,5525.19
938,8,0,3,10.0241,5421.47
928,8,0,3,10.0089,5340.74
948,8,0,3,9.99563,5270.69
465,8,0,4,10.4262,7424.16,0.0695,303.138,0.16,5
379,8,0,4,10.4121,7355.56
380,8,0,4,10.4054,7323.33
386,8,0,4,10.3949,7272.41
387,8,0,4,10.371,7158.84
396,8,0,4,10.369,7145.22
395,8,0,4,10.3643,7121.64
403,8,0,4,10.347,7030.13
406,8,0,4,10.3322,6960.51
407,8,0,4,10.3265,6932.18
424,8,0,4,10.3083,6837.46
426,8,0,4,10.3049,6819.34
425,8,0,4,10.3011,6799.27
420,8,0,4,10.291,6745.72
431,8,0,4,10.2762,6669.22
434,8,0,4,10.2697,6638.61
873,8,0,4,10.2658,6617.52
874,8,0,4,10.2518,6550.34
870,8,0,4,10.2463,6522.52
894,8,0,4,10.2243,6410.63
895,8,0,4,10.2148,6363.04
907,8,0,4,10.2014,6295.45
908,8,0,4,10.1948,6260.57
2014,8,0,4,10.1942,6257.89
2017,8,0,4,10.1931,6252.19
2170,8,0,4,10.1898,6235.94
1738,8,0,4,10.1739,6155.23
1737,8,0,4,10.1682,6125.66
936,8,0,4,10.1516,6040.84
933,8,0,4,10.151,6037.9
934,8,0,4,10.1455,6000.25
935,8,0,4,10.145,5997.64
2020,8,0,4,10.1339,5940.67
943,8,0,4,10.1331,5936.73
1972,8,0,5,10.6747,8749.77,0.0888333,387.464,0.08,6
148,8,0,5,10.652,8626.95
149,8,0,5,10.6483,8607.31
161,8,0,5,10.634,8527.11
167,8,0,5,10.6211,8417.09
172,8,0,5,10.6073,8322.33
1535,8,0,5,10.5991,8277.18
177,8,0,5,10.5856,8209.14
185,8,0,5,10.5744,8148.49
441,8,0,5,10.5618,8084.09
1857,8,0,5,10.5572,8061.03
1990,8,0,5,10.5423,7982.77
462,8,0,5,10.5333,7928.28
461,8,0,5,10.531,7913.89
460,8,0,5,10.5205,7847.28
464,8,0,5,10.5033,7764.11
465,8,0,5,10.4957,7727.3
141,8,0,6,10.8932,9861.08,0.0773333,337.305,0.05,7
137,8,0,6,10.8894,9835.12
134,8,0,6,10.8647,9703.75
129,8,0,6,10.8559,9659.12
130,8,0,6,10.8495,9625.82
1726,8,0,6,10.8431,9589.69
1723,8,0,6,10.8331,9534.97
2104,8,0,6,10.8253,9493.89
1724,8,0,6,10.8057,9388.07
1725,8,0,6,10.8032,9374.45
1727,8,0,6,10.7921,9294.44
149,8,0,6,10.7912,9284.82
148,8,0,6,10.7861,9259.95
1972,8,0,6,10.7635,9137.24
412,8,0,7,11.1634,11314.7,0,0,0
398,8,0,7,11.1486,11234.8
397,8,0,7,11.1381,11174.6
390,8,0,7,11.1196,11077.6
382,8,0,7,11.103,10989.2
376,8,0,7,11.0862,10897.4
369,8,0,7,11.0692,10803.5
2134,8,0,7,11.0594,10707.8
371,8,0,7,11.0542,10667
372,8,0,7,11.0361,10559.4
368,8,0,7,11.0257,10501.7
367,8,0,7,11.0234,10487.8
363,8,0,7,11.0099,10415.2
362,8,0,7,10.9934,10326.2
142,8,0,7,10.9851,10279.7
141,8,0,7,10.9705,10198.4
1979,8,1,0,11.9062,746.878,0.0433333,189.007,0.09,1
329,8,1,0,11.904,729.448
2115,8,1,0,11.899,703.941
330,8,1,0,11.8845,621.42
336,8,1,0,11.8637,513.22
388,8,1,0,11.8385,374.32
397,8,1,0,11.8036,188.542
399,8,1,0,11.787,98.5503
411,8,1,0,11.7725,19.0121
412,8,1,0,11.77,0
2008,8,1,1,12.0577,1545.31,0.0393333,171.56,0.02,2
812,8,1,1,12.0412,1453.98
807,8,1,1,12.0411,1453.2
356,8,1,1,12.0282,1382.77
1981,8,1,1,12.016,1299.27
345,8,1,1,11.9943,1189.2
341,8,1,1,11.9848,1138.95
2132,8,1,1,11.9846,1136.91
328,8,1,1,11.9707,1045.32
2115,8,1,1,11.9593,986.336
329,8,1,1,11.9555,965.634
1979,8,1,1,11.9495,935.885
810,8,1,2,12.1657,2082,0.0375,163.564,0.29,3
813,8,1,2,12.1552,2031.2
809,8,1,2,12.1283,1896.52
808,8,1,2,12.1191,1847.69
807,8,1,2,12.1098,1799.51
812,8,1,2,12.1097,1798.72
2008,8,1,2,12.097,1716.87
412,8,1,3,12.3192,2847.72,0,0,0
398,8,1,3,12.3049,2769.65
410,8,1,3,12.3047,2768.45
409,8,1,3,12.2885,2684.72
1985,8,1,3,12.274,2607.37
881,8,1,3,12.2443,2451.03
814,8,1,3,12.2239,2346.27
810,8,1,3,12.2032,2245.57
294,9,0,0,9.26621,1448.73,0.0963333,420.177,0.3,1
295,9,0,0,9.24867,1353.83
338,9,0,0,9.2331,1269.62
339,9,0,0,9.22767,1232.63
342,9,0,0,9.20155,1102.41
343,9,0,0,9.18551,1024.34
344,9,0,0,9.16773,928.994
1819,9,0,0,9.15257,833.761
335,9,0,0,9.14766,804.919
2114,9,0,0,9.134,731.261
329,9,0,0,9.1314,716.09
2115,9,0,0,9.12713,693.73
330,9,0,0,9.11236,610.461
336,9,0,0,9.09073,498.645
388,9,0,0,9.06261,347.265
397,9,0,0,9.03292,184.096
399,9,0,0,9.01791,100.956
411,9,0,0,9.00292,19.2235
412,9,0,0,9,0
1589,9,0,1,9.73586,3973.07,0.0506667,220.993,0.28,2
1560,9,0,1,9.70101,3787.18
1591,9,0,1,9.67677,3658.93
1559,9,0,1,9.65904,3563.75
1320,9,0,1,9.6551,3542.96
1602,9,0,1,9.64673,3486.01
1312,9,0,1,9.62362,3356.6
1306,9,0,1,9.62355,3356.24
1599,9,0,1,9.60619,3260.56
1300,9,0,1,9.60069,3230.44
1298,9,0,1,9.59533,3201.11
2176,9,0,1,9.58863,3161.63
2066,9,0,1,9.57741,3093.26
869,9,0,1,9.56497,3016.43
865,9,0,1,9.54717,2917.59
852,9,0,1,9.54025,2875.47
850,9,0,1,9.53359,2831.98
849,9,0,1,9.5259,2782.29
1774,9,0,1,9.52255,2763.28
837,9,0,1,9.51113,2694.21
2010,9,0,1,9.49823,2627.32
2009,9,0,1,9.47477,2501.14
819,9,0,1,9.46644,2452.06
818,9,0,1,9.45375,2381.34
804,9,0,1,9.43572,2280.57
803,9,0,1,9.4284,2237.56
354,9,0,1,9.42833,2237.18
353,9,0,1,9.42596,2226.09
314,9,0,1,9.41726,2177.29
312,9,0,1,9.41312,2154.36
313,9,0,1,9.40745,2119.21
306,9,0,1,9.39434,2048.14
297,9,0,1,9.38828,2013.94
295,9,0,1,9.37801,1954.83
294,9,0,1,9.36254,1868.9
948,9,0,2,9.95646,5099.85,0.0391667,170.833,0.36,3
1598,9,0,2,9.94463,5044.28
2025,9,0,2,9.94038,5021.54
2024,9,0,2,9.92675,4946.85
1301,9,0,2,9.9159,4888.35
1306,9,0,2,9.89932,4802.73
1312,9,0,2,9.89924,4802.36
1602,9,0,2,9.86858,4640.42
1320,9,0,2,9.85439,4564.94
1321,9,0,2,9.83942,4480.29
1560,9,0,2,9.81871,4368.47
1589,9,0,2,9.78653,4194.06
943,9,0,3,10.0756,5685.94,0.0575,250.798,0.09,4
942,9,0,3,10.0673,5642.99
941,9,0,3,10.0556,5584.19
939,9,0,3,10.0441,5525.19
938,9,0,3,10.0241,5421.47
928,9,0,3,10.0089,5340.74
948,9,0,3,9.99563,5270.69
465,9,0,4,10.4262,7424.16,0.0695,303.138,0.16,5
379,9,0,4,10.4121,7355.56
380,9,0,4,10.4054,7323.33
386,9,0,4,10.3949,7272.41
387,9,0,4,10.371,7158.84
396,9,0,4,10.369,7145.22
395,9,0,4,10.3643,7121.64
403,9,0,4,10.347,7030.13
406,9,0,4,10.3322,6960.51
407,9,0,4,10.3265,6932.18
424,9,0,4,10.3083,6837.46
426,9,0,4,10.3049,6819.34
425,9,0,4,10.3011,6799.27
420,9,0,4,10.291,6745.72
431,9,0,4,10.2762,6669.22
434,9,0,4,10.2697,6638.61
873,9,0,4,10.2658,6617.52
874,9,0,4,10.2518,6550.34
870,9,0,4,10.2463,6522.52
894,9,0,4,10.2243,6410.63
895,9,0,4,10.2148,6363.04
907,9,0,4,10.2014,6295.45
908,9,0,4,10.1948,6260.57
2014,9,0,4,10.1942,6257.89
2017,9,0,4,10.1931,6252.19
2170,9,0,4,10.1898,6235.94
1738,9,0,4,10.1739,6155.23
1737,9,0,4,10.1682,6125.66
936,9,0,4,10.1516,6040.84
933,9,0,4,10.151,6037.9
934,9,0,4,10.1455,6000.25
935,9,0,4,10.145,5997.64
2020,9,0,4,10.1339,5940.67
943,9,0,4,10.1331,5936.73
1972,9,0,5,10.6747,8749.77,0.0888333,387.464,0.08,6
148,9,0,5,10.652,8626.95
149,9,0,5,10.6483,8607.31
161,9,0,5,10.634,8527.11
167,9,0,5,10.6211,8417.09
172,9,0,5,10.6073,8322.33
1535,9,0,5,10.5991,8277.18
177,9,0,5,10.5856,8209.14
185,9,0,5,10.5744,8148.49
441,9,0,5,10.5618,8084.09
1857,9,0,5,10.5572,8061.03
1990,9,0,5,10.5423,7982.77
462,9,0,5,10.5333,7928.28
461,9,0,5,10.531,7913.89
460,9,0,5,10.5205,7847.28
464,9,0,5,10.5033,7764.11
465,9,0,5,10.4957,7727.3
141,9,0,6,10.8932,9861.08,0.0773333,337.305,0.05,7
137,9,0,6,10.8894,9835.12
134,9,0,6,10.8647,9703.75
129,9,0,6,10.8559,9659.12
130,9,0,6,10.8495,9625.82
1726,9,0,6,10.8431,9589.69
1723,9,0,6,10.8331,9534.97
2104,9,0,6,10.8253,9493.89
1724,9,0,6,10.8057,9388.07
1725,9,0,6,10.8032,9374.45
1727,9,0,6,10.7921,9294.44
149,9,0,6,10.7912,9284.82
148,9,0,6,10.7861,9259.95
1972,9,0,6,10.7635,9137.24
412,9,0,7,11.1634,11314.7,0,0,0
398,9,0,7,11.1486,11234.8
397,9,0,7,11.1381,11174.6
390,9,0,7,11.1196,11077.6
382,9,0,7,11.103,10989.2
376,9,0,7,11.0862,10897.4
369,9,0,7,11.0692,10803.5
2134,9,0,7,11.0594,10707.8
371,9,0,7,11.0542,10667
372,9,0,7,11.0361,10559.4
368,9,0,7,11.0257,10501.7
367,9,0,7,11.0234,10487.8
363,9,0,7,11.0099,10415.2
362,9,0,7,10.9934,10326.2
142,9,0,7,10.9851,10279.7
141,9,0,7,10.9705,10198.4
1979,9,1,0,12.0562,746.878,0.0556667,242.801,0.07,1
329,9,1,0,12.054,729.448
2115,9,1,0,12.049,703.941
330,9,1,0,12.0345,621.42
336,9,1,0,12.0137,513.22
388,9,1,0,11.9885,374.32
397,9,1,0,11.9536,188.542
399,9,1,0,11.937,98.5503
411,9,1,0,11.9225,19.0121
412,9,1,0,11.92,0
2008,9,1,1,12.2259,1616.32,0.0393333,171.56,0.02,2
812,9,1,1,12.208,1518.62
807,9,1,1,12.2078,1517.83
356,9,1,1,12.1916,1433.02
1981,9,1,1,12.1794,1349.51
345,9,1,1,12.1592,1245.94
341,9,1,1,12.1498,1195.96
2132,9,1,1,12.1496,1193.91
328,9,1,1,12.1329,1098.37
2115,9,1,1,12.1229,1045.18
329,9,1,1,12.1192,1025.13
1979,9,1,1,12.1119,989.679
810,9,1,2,12.3339,2153.01,0.0375,163.564,0.29,3
813,9,1,2,12.3234,2102.21
809,9,1,2,12.2965,1967.53
808,9,1,2,12.2873,1918.7
807,9,1,2,12.278,1870.52
812,9,1,2,12.2779,1869.73
2008,9,1,2,12.2652,1787.88
412,9,1,3,12.4874,2918.73,0,0,0
398,9,1,3,12.4731,2840.66
410,9,1,3,12.4729,2839.46
409,9,1,3,12.4567,2755.72
1985,9,1,3,12.4422,2678.38
881,9,1,3,12.4125,2522.04
814,9,1,3,12.3922,2417.28
810,9,1,3,12.3714,2316.58
294,10,0,0,9.58621,1448.73,0.0963333,420.177,0.3,1
295,10,0,0,9.56867,1353.83
338,10,0,0,9.5531,1269.62
339,10,0,0,9.54767,1232.63
342,10,0,0,9.52155,1102.41
343,10,0,0,9.50551,1024.34
344,10,0,0,9.48773,928.994
1819,10,0,0,9.47257,833.761
335,10,0,0,9.46766,804.919
2114,10,0,0,9.454,731.261
329,10,0,0,9.4514,716.09
2115,10,0,0,9.44713,693.73
330,10,0,0,9.43236,610.461
336,10,0,0,9.41073,498.645
388,10,0,0,9.38261,347.265
397,10,0,0,9.35292,184.096
399,10,0,0,9.33791,100.956
411,10,0,0,9.32292,19.2235
412,10,0,0,9.32,0
948,10,0,1,9.97038,3426.99,0.0391667,170.833,0.36,2
947,10,0,1,9.95704,3358.34
946,10,0,1,9.9479,3309.17
927,10,0,1,9.93815,3259.15
926,10,0,1,9.91156,3117.41
911,10,0,1,9.88231,2963.41
835,10,0,1,9.86448,2863.37
834,10,0,1,9.85605,2816.74
825,10,0,1,9.84483,2757.35
831,10,0,1,9.84442,2755.32
2153,10,0,1,9.84441,2755.24
821,10,0,1,9.83246,2694.29
2008,10,0,1,9.82396,2651.5
2152,10,0,1,9.81791,2617.91
820,10,0,1,9.80216,2535.42
819,10,0,1,9.78644,2452.06
818,10,0,1,9.77375,2381.34
804,10,0,1,9.75572,2280.57
803,10,0,1,9.7484,2237.56
354,10,0,1,9.74833,2237.18
353,10,0,1,9.74596,2226.09
314,10,0,1,9.73726,2177.29
312,10,0,1,9.73312,2154.36
313,10,0,1,9.72745,2119.21
306,10,0,1,9.71434,2048.14
297,10,0,1,9.70828,2013.94
295,10,0,1,9.69801,1954.83
294,10,0,1,9.68254,1868.9
1589,10,0,2,10.188,4539.52,0.0523333,228.262,0.28,3
1560,10,0,2,10.1539,4356.98
1321,10,0,2,10.1286,4225.3
1320,10,0,2,10.1069,4112.09
1602,10,0,2,10.0823,3993.22
1312,10,0,2,10.0595,3865.07
1306,10,0,2,10.0594,3864.71
1301,10,0,2,10.0441,3784.16
2024,10,0,2,10.0328,3723.78
2025,10,0,2,10.0205,3654.97
1598,10,0,2,10.0149,3626.42
948,10,0,2,10.0096,3597.82
943,10,0,3,10.4692,5970.67,0.0575,250.798,0.09,4
2020,10,0,3,10.4684,5966.73
1787,10,0,3,10.4517,5881.83
2023,10,0,3,10.4423,5835.02
2163,10,0,3,10.416,5692.45
1314,10,0,3,10.4034,5622.08
2165,10,0,3,10.3871,5534.89
2071,10,0,3,10.3655,5420.38
1317,10,0,3,10.3533,5352.16
2072,10,0,3,10.3333,5245.06
1588,10,0,3,10.302,5076.77
1590,10,0,3,10.2657,4897.46
1589,10,0,3,10.2403,4767.78
465,10,0,4,10.8198,7708.89,0.0695,303.138,0.16,5
379,10,0,4,10.8057,7640.29
380,10,0,4,10.799,7608.06
386,10,0,4,10.7885,7557.13
387,10,0,4,10.7646,7443.57
396,10,0,4,10.7626,7429.95
395,10,0,4,10.7579,7406.37
403,10,0,4,10.7406,7314.86
406,10,0,4,10.7258,7245.24
407,10,0,4,10.7201,7216.91
424,10,0,4,10.7019,7122.19
426,10,0,4,10.6985,7104.07
425,10,0,4,10.6947,7084
420,10,0,4,10.6846,7030.45
431,10,0,4,10.6698,6953.95
434,10,0,4,10.6633,6923.34
873,10,0,4,10.6594,6902.25
874,10,0,4,10.6454,6835.07
870,10,0,4,10.6399,6807.25
894,10,0,4,10.6179,6695.36
895,10,0,4,10.6084,6647.77
907,10,0,4,10.595,6580.18
908,10,0,4,10.5884,6545.3
2014,10,0,4,10.5878,6542.62
2017,10,0,4,10.5867,6536.92
2170,10,0,4,10.5834,6520.67
1738,10,0,4,10.5675,6439.96
1737,10,0,4,10.5618,6410.39
936,10,0,4,10.5452,6325.57
933,10,0,4,10.5447,6322.63
934,10,0,4,10.5391,6284.98
935,10,0,4,10.5386,6282.37
2020,10,0,4,10.5275,6225.4
943,10,0,4,10.5267,6221.46
1972,10,0,5,11.0683,9034.5,0.0608333,265.337,0.08,6
148,10,0,5,11.0457,8911.68
149,10,0,5,11.0419,8892.04
161,10,0,5,11.0276,8811.84
167,10,0,5,11.0147,8701.82
172,10,0,5,11.0009,8607.06
1535,10,0,5,10.9927,8561.91
177,10,0,5,10.9792,8493.87
185,10,0,5,10.968,8433.22
441,10,0,5,10.9554,8368.82
1857,10,0,5,10.9508,8345.76
1990,10,0,5,10.9359,8267.5
462,10,0,5,10.9269,8213.01
461,10,0,5,10.9246,8198.62
460,10,0,5,10.9141,8132.01
464,10,0,5,10.8969,8048.84
465,10,0,5,10.8893,8012.03
141,10,0,6,11.2827,10113.8,0.0505,220.266,0.03,7
137,10,0,6,11.2789,10087.9
134,10,0,6,11.2492,9935.15
129,10,0,6,11.2416,9895.51
130,10,0,6,11.2338,9856.5
1726,10,0,6,11.2272,9819.22
1723,10,0,6,11.2166,9762.17
2104,10,0,6,11.2068,9712.95
1724,10,0,6,11.1863,9602.83
1725,10,0,6,11.1838,9589.21
1727,10,0,6,11.1667,9495.07
149,10,0,6,11.1657,9485.44
148,10,0,6,11.1609,9461.65
1972,10,0,6,11.1291,9299.84
412,10,0,7,11.5281,11464.6,0,0,0
398,10,0,7,11.5147,11390.3
397,10,0,7,11.5044,11330.5
390,10,0,7,11.4851,11230.1
382,10,0,7,11.4678,11138.7
376,10,0,7,11.4498,11041.9
369,10,0,7,11.4304,10937
2134,10,0,7,11.4205,10841.4
371,10,0,7,11.4154,10800.5
372,10,0,7,11.3988,10694.9
368,10,0,7,11.3866,10629.2
367,10,0,7,11.3839,10614.3
363,10,0,7,11.3694,10537.1
362,10,0,7,11.3562,10462.5
142,10,0,7,11.3477,10415.3
141,10,0,7,11.3332,10334.1
1979,10,1,0,12.1262,746.878,0.0556667,242.801,0.07,1
329,10,1,0,12.124,729.448
2115,10,1,0,12.119,703.941
330,10,1,0,12.1045,621.42
336,10,1,0,12.0837,513.22
388,10,1,0,12.0585,374.32
397,10,1,0,12.0236,188.542
399,10,1,0,12.007,98.5503
411,10,1,0,11.9925,19.0121
412,10,1,0,11.99,0
2008,10,1,1,12.2959,1616.32,0.0393333,171.56,0.02,2
812,10,1,1,12.278,1518.62
807,10,1,1,12.2778,1517.83
356,10,1,1,12.2616,1433.02
1981,10,1,1,12.2494,1349.51
345,10,1,1,12.2292,1245.94
341,10,1,1,12.2198,1195.96
2132,10,1,1,12.2196,1193.91
328,10,1,1,12.2029,1098.37
2115,10,1,1,12.1929,1045.18
329,10,1,1,12.1892,1025.13
1979,10,1,1,12.1819,989.679
810,10,1,2,12.4039,2153.01,0.0375,163.564,0.29,3
813,10,1,2,12.3934,2102.21
809,10,1,2,12.3665,1967.53
808,10,1,2,12.3573,1918.7
807,10,1,2,12.348,1870.52
812,10,1,2,12.3479,1869.73
2008,10,1,2,12.3352,1787.88
412,10,1,3,12.5574,2918.73,0,0,0
398,10,1,3,12.5431,2840.66
410,10,1,3,12.5429,2839.46
409,10,1,3,12.5267,2755.72
1985,10,1,3,12.5122,2678.38
881,10,1,3,12.4825,2522.04
814,10,1,3,12.4622,2417.28
810,10,1,3,12.4414,2316.58
465,11,0,0,10.7602,777.97,0.0695,303.138,0.16,1
464,11,0,0,10.7536,745.345
460,11,0,0,10.7459,702.293
372,11,0,0,10.7397,666.868
371,11,0,0,10.7211,558.413
2134,11,0,0,10.7157,517.634
2136,11,0,0,10.704,453.922
393,11,0,0,10.6719,288.91
401,11,0,0,10.6597,221.946
400,11,0,0,10.6365,91.0573
411,11,0,0,10.6227,19.0468
412,11,0,0,10.62,0
1972,11,0,1,11.0087,2103.58,0.0608333,265.337,0.08,2
148,11,0,1,10.986,1980.76
149,11,0,1,10.9822,1961.12
161,11,0,1,10.968,1880.92
167,11,0,1,10.9551,1770.89
172,11,0,1,10.9413,1676.14
1535,11,0,1,10.9331,1630.99
177,11,0,1,10.9195,1562.95
185,11,0,1,10.9083,1502.3
441,11,0,1,10.8958,1437.89
1857,11,0,1,10.8912,1414.84
1990,11,0,1,10.8763,1336.58
462,11,0,1,10.8672,1282.09
461,11,0,1,10.865,1267.7
460,11,0,1,10.8544,1201.09
464,11,0,1,10.8373,1117.91
465,11,0,1,10.8297,1081.11
141,11,0,2,11.2231,3182.92,0.0505,220.266,0.03,3
137,11,0,2,11.2193,3156.96
134,11,0,2,11.1896,3004.23
129,11,0,2,11.1819,2964.58
130,11,0,2,11.1742,2925.58
1726,11,0,2,11.1675,2888.3
1723,11,0,2,11.157,2831.24
2104,11,0,2,11.1472,2782.03
1724,11,0,2,11.1267,2671.91
1725,11,0,2,11.1242,2658.28
1727,11,0,2,11.107,2564.14
149,11,0,2,11.1061,2554.51
148,11,0,2,11.1013,2530.72
1972,11,0,2,11.0695,2368.91
412,11,0,3,11.4685,4533.68,0,0,0
398,11,0,3,11.4551,4459.35
397,11,0,3,11.4448,4399.57
390,11,0,3,11.4255,4299.22
382,11,0,3,11.4082,4207.75
376,11,0,3,11.3902,4110.98
369,11,0,3,11.3707,4006.12
2134,11,0,3,11.3609,3910.48
371,11,0,3,11.3558,3869.59
372,11,0,3,11.3392,3763.96
368,11,0,3,11.327,3698.24
367,11,0,3,11.3243,3683.38
363,11,0,3,11.3098,3606.21
362,11,0,3,11.2966,3531.57
142,11,0,3,11.2881,3484.41
141,11,0,3,11.2736,3403.18
1979,11,1,0,12.0062,746.878,0.0556667,242.801,0.07,1
329,11,1,0,12.004,729.448
2115,11,1,0,11.999,703.941
330,11,1,0,11.9845,621.42
336,11,1,0,11.9637,513.22
388,11,1,0,11.9385,374.32
397,11,1,0,11.9036,188.542
399,11,1,0,11.887,98.5503
411,11,1,0,11.8725,19.0121
412,11,1,0,11.87,0
2008,11,1,1,12.1759,1616.32,0.0393333,171.56,0.02,2
812,11,1,1,12.158,1518.62
807,11,1,1,12.1578,1517.83
356,11,1,1,12.1416,1433.02
1981,11,1,1,12.1294,1349.51
345,11,1,1,12.1092,1245.94
341,11,1,1,12.0998,1195.96
2132,11,1,1,12.0996,1193.91
328,11,1,1,12.0829,1098.37
2115,11,1,1,12.0729,1045.18
329,11,1,1,12.0692,1025.13
1979,11,1,1,12.0619,989.679
810,11,1,2,12.2839,2153.01,0.0375,163.564,0.29,3
813,11,1,2,12.2734,2102.21
809,11,1,2,12.2465,1967.53
808,11,1,2,12.2373,1918.7
807,11,1,2,12.228,1870.52
812,11,1,2,12.2279,1869.73
2008,11,1,2,12.2152,1787.88
412,11,1,3,12.4374,2918.73,0,0,0
398,11,1,3,12.4231,2840.66
410,11,1,3,12.4229,2839.46
409,11,1,3,12.4067,2755.72
1985,11,1,3,12.3922,2678.38
881,11,1,3,12.3625,2522.04
814,11,1,3,12.3422,2417.28
810,11,1,3,12.3214,2316.58
294,11,2,0,9.26621,1448.73,0.0963333,420.177,0.3,1
295,11,2,0,9.24867,1353.83
338,11,2,0,9.2331,1269.62
339,11,2,0,9.22767,1232.63
342,11,2,0,9.20155,1102.41
343,11,2,0,9.18551,1024.34
344,11,2,0,9.16773,928.994
1819,11,2,0,9.15257,833.761
335,11,2,0,9.14766,804.919
2114,11,2,0,9.134,731.261
329,11,2,0,9.1314,716.09
2115,11,2,0,9.12713,693.73
330,11,2,0,9.11236,610.461
336,11,2,0,9.09073,498.645
388,11,2,0,9.06261,347.265
397,11,2,0,9.03292,184.096
399,11,2,0,9.01791,100.956
411,11,2,0,9.00292,19.2235
412,11,2,0,9,0
1589,11,2,1,9.73586,3973.07,0.0506667,220.993,0.28,2
1560,11,2,1,9.70101,3787.18
1591,11,2,1,9.67677,3658.93
1559,11,2,1,9.65904,3563.75
1320,11,2,1,9.6551,3542.96
1602,11,2,1,9.64673,3486.01
1312,11,2,1,9.62362,3356.6
1306,11,2,1,9.62355,3356.24
1599,11,2,1,9.60619,3260.56
1300,11,2,1,9.60069,3230.44
1298,11,2,1,9.59533,3201.11
2176,11,2,1,9.58863,3161.63
2066,11,2,1,9.57741,3093.26
869,11,2,1,9.56497,3016.43
865,11,2,1,9.54717,2917.59
852,11,2,1,9.54025,2875.47
850,11,2,1,9.53359,2831.98
849,11,2,1,9.5259,2782.29
1774,11,2,1,9.52255,2763.28
837,11,2,1,9.51113,2694.21
2010,11,2,1,9.49823,2627.32
2009,11,2,1,9.47477,2501.14
819,11,2,1,9.46644,2452.06
818,11,2,1,9.45375,2381.34
804,11,2,1,9.43572,2280.57
803,11,2,1,9.4284,2237.56
354,11,2,1,9.42833,2237.18
353,11,2,1,9.42596,2226.09
314,11,2,1,9.41726,2177.29
312,11,2,1,9.41312,2154.36
313,11,2,1,9.40745,2119.21
306,11,2,1,9.39434,2048.14
297,11,2,1,9.38828,2013.94
295,11,2,1,9.37801,1954.83
294,11,2,1,9.36254,1868.9
948,11,2,2,9.95646,5099.85,0.0391667,170.833,0.36,3
1598,11,2,2,9.94463,5044.28
2025,11,2,2,9.94038,5021.54
2024,11,2,2,9.92675,4946.85
1301,11,2,2,9.9159,4888.35
1306,11,2,2,9.89932,4802.73
1312,11,2,2,9.89924,4802.36
1602,11,2,2,9.86858,4640.42
1320,11,2,2,9.85439,4564.94
1321,11,2,2,9.83942,4480.29
1560,11,2,2,9.81871,4368.47
1589,11,2,2,9.78653,4194.06
943,11,2,3,10.0756,5685.94,0.0575,250.798,0.09,4
942,11,2,3,10.0673,5642.99
941,11,2,3,10.0556,5584.19
939,11,2,3,10.0441,5525.19
938,11,2,3,10.0241,5421.47
928,11,2,3,10.0089,5340.74
948,11,2,3,9.99563,5270.69
412,11,2,4,10.3606,7112.19,0,0,0
414,11,2,4,10.3467,7041.61
427,11,2,4,10.3319,6962.21
1987,11,2,4,10.3261,6933.15
428,11,2,4,10.3211,6907.78
429,11,2,4,10.2962,6785.55
886,11,2,4,10.2604,6607.26
888,11,2,4,10.2434,6512.93
903,11,2,4,10.2338,6460.89
904,11,2,4,10.2305,6442.98
925,11,2,4,10.2085,6321.82
2019,11,2,4,10.2011,6285.99
929,11,2,4,10.2006,6284.01
938,11,2,4,10.1883,6216.36
939,11,2,4,10.1669,6106.79
941,11,2,4,10.1534,6039.53
942,11,2,4,10.1411,5978.3
943,11,2,4,10.1331,5936.73
465,12,0,0,10.7702,777.97,0.0695,303.138,0.16,1
464,12,0,0,10.7636,745.345
460,12,0,0,10.7559,702.293
372,12,0,0,10.7497,666.868
371,12,0,0,10.7311,558.413
2134,12,0,0,10.7257,517.634
2136,12,0,0,10.714,453.922
393,12,0,0,10.6819,288.91
401,12,0,0,10.6697,221.946
400,12,0,0,10.6465,91.0573
411,12,0,0,10.6327,19.0468
412,12,0,0,10.63,0
1972,12,0,1,11.0187,2103.58,0.0608333,265.337,0.08,2
148,12,0,1,10.996,1980.76
149,12,0,1,10.9922,1961.12
161,12,0,1,10.978,1880.92
167,12,0,1,10.9651,1770.89
172,12,0,1,10.9513,1676.14
1535,12,0,1,10.9431,1630.99
177,12,0,1,10.9295,1562.95
185,12,0,1,10.9183,1502.3
441,12,0,1,10.9058,1437.89
1857,12,0,1,10.9012,1414.84
1990,12,0,1,10.8863,1336.58
462,12,0,1,10.8772,1282.09
461,12,0,1,10.875,1267.7
460,12,0,1,10.8644,1201.09
464,12,0,1,10.8473,1117.91
465,12,0,1,10.8397,1081.11
141,12,0,2,11.2331,3182.92,0.0505,220.266,0.03,3
137,12,0,2,11.2293,3156.96
134,12,0,2,11.1996,3004.23
129,12,0,2,11.1919,2964.58
130,12,0,2,11.1842,2925.58
1726,12,0,2,11.1775,2888.3
1723,12,0,2,11.167,2831.24
2104,12,0,2,11.1572,2782.03
1724,12,0,2,11.1367,2671.91
1725,12,0,2,11.1342,2658.28
1727,12,0,2,11.117,2564.14
149,12,0,2,11.1161,2554.51
148,12,0,2,11.1113,2530.72
1972,12,0,2,11.0795,2368.91
412,12,0,3,11.4785,4533.68,0,0,0
398,12,0,3,11.4651,4459.35
397,12,0,3,11.4548,4399.57
390,12,0,3,11.4355,4299.22
382,12,0,3,11.4182,4207.75
376,12,0,3,11.4002,4110.98
369,12,0,3,11.3807,4006.12
2134,12,0,3,11.3709,3910.48
371,12,0,3,11.3658,3869.59
372,12,0,3,11.3492,3763.96
368,12,0,3,11.337,3698.24
367,12,0,3,11.3343,3683.38
363,12,0,3,11.3198,3606.21
362,12,0,3,11.3066,3531.57
142,12,0,3,11.2981,3484.41
141,12,0,3,11.2836,3403.18
1979,12,1,0,12.1262,746.878,0.0556667,242.801,0.07,1
329,12,1,0,12.124,729.448
2115,12,1,0,12.119,703.941
330,12,1,0,12.1045,621.42
336,12,1,0,12.0837,513.22
388,12,1,0,12.0585,374.32
397,12,1,0,12.0236,188.542
399,12,1,0,12.007,98.5503
411,12,1,0,11.9925,19.0121
412,12,1,0,11.99,0
2008,12,1,1,12.2959,1616.32,0.0393333,171.56,0.02,2
812,12,1,1,12.278,1518.62
807,12,1,1,12.2778,1517.83
356,12,1,1,12.2616,1433.02
1981,12,1,1,12.2494,1349.51
345,12,1,1,12.2292,1245.94
341,12,1,1,12.2198,1195.96
2132,12,1,1,12.2196,1193.91
328,12,1,1,12.2029,1098.37
2115,12,1,1,12.1929,1045.18
329,12,1,1,12.1892,1025.13
1979,12,1,1,12.1819,989.679
810,12,1,2,12.4039,2153.01,0.0375,163.564,0.29,3
813,12,1,2,12.3934,2102.21
809,12,1,2,12.3665,1967.53
808,12,1,2,12.3573,1918.7
807,12,1,2,12.348,1870.52
812,12,1,2,12.3479,1869.73
2008,12,1,2,12.3352,1787.88
943,12,1,3,12.6681,3491.04,0.0346667,151.206,0.08,4
934,12,1,3,12.6579,3436.99
933,12,1,3,12.6492,3390.01
936,12,1,3,12.6486,3387.07
1737,12,1,3,12.6383,3329.32
917,12,1,3,12.6251,3260.86
916,12,1,3,12.6249,3259.96
906,12,1,3,12.6013,3136.72
889,12,1,3,12.5903,3079.41
888,12,1,3,12.5711,2976.01
887,12,1,3,12.553,2880.37
2012,12,1,3,12.5356,2788.73
884,12,1,3,12.5311,2765.79
883,12,1,3,12.5018,2618.4
881,12,1,3,12.4825,2522.04
814,12,1,3,12.4622,2417.28
810,12,1,3,12.4414,2316.58
412,12,1,4,12.9379,4860.69,0,0,0
414,12,1,4,12.9241,4790.48
427,12,1,4,12.9089,4709.74
1987,12,1,4,12.9031,4680.68
428,12,1,4,12.8981,4655.31
429,12,1,4,12.8695,4518.01
886,12,1,4,12.834,4340.46
888,12,1,4,12.8156,4240.4
903,12,1,4,12.8058,4187.43
904,12,1,4,12.8025,4169.7
925,12,1,4,12.7789,4041.22
2019,12,1,4,12.7735,4013.9
929,12,1,4,12.773,4011.92
930,12,1,4,12.753,3907.21
931,12,1,4,12.7403,3846.99
932,12,1,4,12.7259,3769.6
933,12,1,4,12.7207,3743.41
934,12,1,4,12.7152,3705.77
935,12,1,4,12.7146,3703.16
2020,12,1,4,12.7036,3646.18
943,12,1,4,12.7027,3642.25
948,12,2,0,9.23857,1017.62,0.0391667,170.833,0.36,1
928,12,2,0,9.22859,961.847
923,12,2,0,9.19072,774.378
924,12,2,0,9.18244,735.064
914,12,2,0,9.16023,620.414
902,12,2,0,9.15274,579.948
887,12,2,0,9.13726,499.708
2012,12,2,0,9.11066,369.988
884,12,2,0,9.1066,348.667
1987,12,2,0,9.07006,162.519
413,12,2,0,9.05368,77.1309
411,12,2,0,9.04292,19.2235
412,12,2,0,9.04,0
1589,12,2,1,9.459,2162.26,0.0506667,220.993,0.28,2
1560,12,2,1,9.42882,1996.49
1321,12,2,1,9.40567,1874.25
1562,12,2,1,9.39283,1803.52
1563,12,2,1,9.35366,1598.8
2164,12,2,1,9.34454,1547.7
1307,12,2,1,9.32939,1466.92
1302,12,2,1,9.31315,1378.48
949,12,2,1,9.28997,1253.79
2025,12,2,1,9.2865,1236.33
1598,12,2,1,9.28221,1213.4
948,12,2,1,9.27773,1188.45
294,12,2,2,9.89527,4541.78,0.0963333,420.177,0.3,3
295,12,2,2,9.87797,4447.89
297,12,2,2,9.86794,4389.18
306,12,2,2,9.8615,4353.33
307,12,2,2,9.84857,4282.46
314,12,2,2,9.83638,4214.45
353,12,2,2,9.82762,4165.35
354,12,2,2,9.82525,4154.25
803,12,2,2,9.82517,4153.88
804,12,2,2,9.81111,4083.22
818,12,2,2,9.7925,3979.96
819,12,2,2,9.7831,3915.98
2009,12,2,2,9.7761,3868.57
2010,12,2,2,9.75795,3764.15
837,12,2,2,9.74853,3712.14
1774,12,2,2,9.73526,3638.1
849,12,2,2,9.73175,3618.43
850,12,2,2,9.72485,3569.39
852,12,2,2,9.71837,3526.07
865,12,2,2,9.71117,3483.51
869,12,2,2,9.69339,3384.75
2066,12,2,2,9.67229,3275.05
1297,12,2,2,9.64336,3123.98
1299,12,2,2,9.63747,3091.07
1600,12,2,2,9.63603,3077.62
1306,12,2,2,9.62246,2991.92
1312,12,2,2,9.62239,2991.56
1602,12,2,2,9.59173,2829.61
1320,12,2,2,9.57753,2754.14
1321,12,2,2,9.56256,2669.48
1560,12,2,2,9.54185,2557.66
1589,12,2,2,9.50967,2383.26
412,12,2,3,10.2358,6276.98,0,0,0
398,12,2,3,10.2222,6201.99
397,12,2,3,10.2082,6127.06
389,12,2,3,10.1966,6064.77
388,12,2,3,10.1721,5936.55
2132,12,2,3,10.1463,5787.45
341,12,2,3,10.1455,5783.45
345,12,2,3,10.1346,5727.17
1981,12,2,3,10.1221,5656.07
350,12,2,3,10.1006,5541.72
344,12,2,3,10.0852,5461.44
343,12,2,3,10.0659,5359.85
1980,12,2,3,10.056,5308.02
342,12,2,3,10.0492,5274.42
339,12,2,3,10.0315,5179.62
338,12,2,3,10.0226,5132.09
295,12,2,3,10.0071,5047.88
294,12,2,3,9.99161,4961.96
465,13,0,0,10.9002,777.97,0.0695,303.138,0.16,1
464,13,0,0,10.8936,745.345
460,13,0,0,10.886,702.293
372,13,0,0,10.8797,666.868
371,13,0,0,10.8611,558.413
2134,13,0,0,10.8557,517.634
2136,13,0,0,10.844,453.922
393,13,0,0,10.8119,288.91
401,13,0,0,10.7997,221.946
400,13,0,0,10.7765,91.0573
411,13,0,0,10.7627,19.0468
412,13,0,0,10.76,0
1972,13,0,1,11.1487,2103.58,0.0608333,265.337,0.08,2
148,13,0,1,11.126,1980.76
149,13,0,1,11.1222,1961.12
161,13,0,1,11.108,1880.92
167,13,0,1,11.0951,1770.89
172,13,0,1,11.0813,1676.14
1535,13,0,1,11.0731,1630.99
177,13,0,1,11.0595,1562.95
185,13,0,1,11.0483,1502.3
441,13,0,1,11.0358,1437.89
1857,13,0,1,11.0312,1414.84
1990,13,0,1,11.0163,1336.58
462,13,0,1,11.0072,1282.09
461,13,0,1,11.005,1267.7
460,13,0,1,10.9944,1201.09
464,13,0,1,10.9773,1117.91
465,13,0,1,10.9697,1081.11
412,13,0,2,11.5238,4134.08,0,0,0
398,13,0,2,11.5105,4060.29
397,13,0,2,11.498,3991.73
390,13,0,2,11.4781,3888.8
382,13,0,2,11.4593,3791.32
376,13,0,2,11.4414,3694.55
369,13,0,2,11.4219,3589.69
2134,13,0,2,11.412,3494.05
371,13,0,2,11.407,3453.16
372,13,0,2,11.3904,3347.53
460,13,0,2,11.3846,3312.98
461,13,0,2,11.3744,3246.79
462,13,0,2,11.3729,3232.41
1990,13,0,2,11.3651,3179.37
1857,13,0,2,11.348,3092.31
441,13,0,2,11.3432,3068
185,13,0,2,11.3321,3009.81
186,13,0,2,11.3259,2977.07
187,13,0,2,11.3097,2900.97
2129,13,0,2,11.2928,2816.29
1974,13,0,2,11.249,2584.42
1973,13,0,2,11.2317,2489.97
1972,13,0,2,11.2095,2368.91
141,13,1,0,12.0164,1037.86,0.0695,303.138,0.01,1
142,13,1,0,12.0023,958.623
362,13,1,0,11.9932,908.798
363,13,1,0,11.9804,834.84
367,13,1,0,11.967,762.399
368,13,1,0,11.965,748.941
372,13,1,0,11.9524,681.736
371,13,1,0,11.9356,575.841
2134,13,1,0,11.9303,535.054
2136,13,1,0,11.9178,467.409
393,13,1,0,11.8851,300.393
392,13,1,0,11.8671,199.844
400,13,1,0,11.8468,93.075
411,13,1,0,11.8325,19.0121
412,13,1,0,11.83,0
1979,13,1,1,12.3053,2726.06,0.0556667,242.801,0.07,2
1978,13,1,1,12.2654,2502.06
321,13,1,1,12.2518,2430.67
322,13,1,1,12.2362,2345.11
323,13,1,1,12.2361,2344.45
365,13,1,1,12.217,2220.73
370,13,1,1,12.1971,2019.06
369,13,1,1,12.1925,1981.79
2134,13,1,1,12.1826,1886.15
371,13,1,1,12.1777,1845.11
372,13,1,1,12.1596,1737.32
368,13,1,1,12.1461,1666.41
367,13,1,1,12.1425,1647.51
363,13,1,1,12.1238,1552.85
362,13,1,1,12.1071,1462.78
142,13,1,1,12.0996,1419.3
141,13,1,1,12.0859,1340.99
2008,13,1,2,12.475,3595.5,0.0393333,171.56,0.02,3
812,13,1,2,12.457,3497.8
807,13,1,2,12.4569,3497.01
356,13,1,2,12.4407,3412.2
1981,13,1,2,12.4285,3328.7
345,13,1,2,12.4083,3225.12
341,13,1,2,12.3989,3175.15
2132,13,1,2,12.3987,3173.09
328,13,1,2,12.382,3077.56
2115,13,1,2,12.372,3024.36
329,13,1,2,12.3683,3004.32
1979,13,1,2,12.361,2968.86
810,13,1,3,12.583,4132.2,0.0375,163.564,0.29,4
813,13,1,3,12.5725,4081.39
809,13,1,3,12.5456,3946.71
808,13,1,3,12.5364,3897.89
807,13,1,3,12.5271,3849.7
812,13,1,3,12.527,3848.91
2008,13,1,3,12.5143,3767.06
412,13,1,4,12.7365,4897.91,0,0,0
398,13,1,4,12.7222,4819.85
410,13,1,4,12.722,4818.64
409,13,1,4,12.7058,4734.91
1985,13,1,4,12.6913,4657.56
881,13,1,4,12.6616,4501.22
814,13,1,4,12.6412,4396.46
810,13,1,4,12.6205,4295.76
294,13,2,0,9.26621,1448.73,0.0963333,420.177,0.3,1
295,13,2,0,9.24867,1353.83
338,13,2,0,9.2331,1269.62
339,13,2,0,9.22767,1232.63
342,13,2,0,9.20155,1102.41
343,13,2,0,9.18551,1024.34
344,13,2,0,9.16773,928.994
1819,13,2,0,9.15257,833.761
335,13,2,0,9.14766,804.919
2114,13,2,0,9.134,731.261
329,13,2,0,9.1314,716.09
2115,13,2,0,9.12713,693.73
330,13,2,0,9.11236,610.461
336,13,2,0,9.09073,498.645
388,13,2,0,9.06261,347.265
397,13,2,0,9.03292,184.096
399,13,2,0,9.01791,100.956
411,13,2,0,9.00292,19.2235
412,13,2,0,9,0
1589,13,2,1,9.73586,3973.07,0.0506667,220.993,0.28,2
1560,13,2,1,9.70101,3787.18
1591,13,2,1,9.67677,3658.93
1559,13,2,1,9.65904,3563.75
1320,13,2,1,9.6551,3542.96
1602,13,2,1,9.64673,3486.01
1312,13,2,1,9.62362,3356.6
1306,13,2,1,9.62355,3356.24
1599,13,2,1,9.60619,3260.56
1300,13,2,1,9.60069,3230.44
1298,13,2,1,9.59533,3201.11
2176,13,2,1,9.58863,3161.63
2066,13,2,1,9.57741,3093.26
869,13,2,1,9.56497,3016.43
865,13,2,1,9.54717,2917.59
852,13,2,1,9.54025,2875.47
850,13,2,1,9.53359,2831.98
849,13,2,1,9.5259,2782.29
1774,13,2,1,9.52255,2763.28
837,13,2,1,9.51113,2694.21
2010,13,2,1,9.49823,2627.32
2009,13,2,1,9.47477,2501.14
819,13,2,1,9.46644,2452.06
818,13,2,1,9.45375,2381.34
804,13,2,1,9.43572,2280.57
803,13,2,1,9.4284,2237.56
354,13,2,1,9.42833,2237.18
353,13,2,1,9.42596,2226.09
314,13,2,1,9.41726,2177.29
312,13,2,1,9.41312,2154.36
313,13,2,1,9.40745,2119.21
306,13,2,1,9.39434,2048.14
297,13,2,1,9.38828,2013.94
295,13,2,1,9.37801,1954.83
294,13,2,1,9.36254,1868.9
948,13,2,2,9.95646,5099.85,0.0391667,170.833,0.36,3
1598,13,2,2,9.94463,5044.28
2025,13,2,2,9.94038,5021.54
2024,13,2,2,9.92675,4946.85
1301,13,2,2,9.9159,4888.35
1306,13,2,2,9.89932,4802.73
1312,13,2,2,9.89924,4802.36
1602,13,2,2,9.86858,4640.42
1320,13,2,2,9.85439,4564.94
1321,13,2,2,9.83942,4480.29
1560,13,2,2,9.81871,4368.47
1589,13,2,2,9.78653,4194.06
943,13,2,3,10.0756,5685.94,0.0575,250.798,0.09,4
942,13,2,3,10.0673,5642.99
941,13,2,3,10.0556,5584.19
939,13,2,3,10.0441,5525.19
938,13,2,3,10.0241,5421.47
928,13,2,3,10.0089,5340.74
948,13,2,3,9.99563,5270.69
412,13,2,4,10.3606,7112.19,0,0,0
414,13,2,4,10.3467,7041.61
427,13,2,4,10.3319,6962.21
1987,13,2,4,10.3261,6933.15
428,13,2,4,10.3211,6907.78
429,13,2,4,10.2962,6785.55
886,13,2,4,10.2604,6607.26
888,13,2,4,10.2434,6512.93
903,13,2,4,10.2338,6460.89
904,13,2,4,10.2305,6442.98
925,13,2,4,10.2085,6321.82
2019,13,2,4,10.2011,6285.99
929,13,2,4,10.2006,6284.01
938,13,2,4,10.1883,6216.36
939,13,2,4,10.1669,6106.79
941,13,2,4,10.1534,6039.53
942,13,2,4,10.1411,5978.3
943,13,2,4,10.1331,5936.73
141,14,0,0,12.0064,1037.86,0.0695,303.138,0.01,1
142,14,0,0,11.9923,958.623
362,14,0,0,11.9832,908.798
363,14,0,0,11.9704,834.84
367,14,0,0,11.957,762.399
368,14,0,0,11.955,748.941
372,14,0,0,11.9424,681.736
371,14,0,0,11.9256,575.841
2134,14,0,0,11.9203,535.054
2136,14,0,0,11.9078,467.409
393,14,0,0,11.8751,300.393
392,14,0,0,11.8571,199.844
400,14,0,0,11.8368,93.075
411,14,0,0,11.8225,19.0121
412,14,0,0,11.82,0
1972,14,0,1,12.2226,2119.88,0.085,370.744,0.08,2
148,14,0,1,12.1942,1972.79
149,14,0,1,12.19,1951.45
1727,14,0,1,12.1872,1936.8
1725,14,0,1,12.1667,1828.46
1724,14,0,1,12.1625,1807.47
2104,14,0,1,12.1455,1712.82
1723,14,0,1,12.1373,1670.12
1726,14,0,1,12.1266,1612.48
130,14,0,1,12.1178,1565.96
129,14,0,1,12.1121,1535.34
134,14,0,1,12.1055,1500.11
137,14,0,1,12.0808,1368.81
141,14,0,1,12.0759,1340.99
1979,14,0,2,12.6393,4313.57,0.0556667,242.801,0.07,3
1978,14,0,2,12.6016,4096.03
107,14,0,2,12.5934,4042.22
1967,14,0,2,12.5904,4013.52
105,14,0,2,12.565,3864.15
124,14,0,2,12.5513,3786.7
1970,14,0,2,12.5354,3693.51
122,14,0,2,12.5221,3626.46
127,14,0,2,12.481,3411.35
128,14,0,2,12.4768,3390.16
1717,14,0,2,12.4462,3230.29
1720,14,0,2,12.4278,3132.46
1718,14,0,2,12.4204,3093.26
1721,14,0,2,12.4137,3051.36
1722,14,0,2,12.4072,3017.4
1723,14,0,2,12.3928,2943
2104,14,0,2,12.3807,2884.52
1724,14,0,2,12.3598,2772.4
1725,14,0,2,12.355,2749.3
1727,14,0,2,12.3363,2648.3
149,14,0,2,12.3353,2638.68
148,14,0,2,12.3305,2614.77
1972,14,0,2,12.3076,2490.63
412,14,0,3,12.8231,5251.92,0,0,0
398,14,0,3,12.8088,5173.86
397,14,0,3,12.7961,5104.45
389,14,0,3,12.7844,5041.81
388,14,0,3,12.7595,4911.65
2132,14,0,3,12.7327,4760.61
328,14,0,3,12.716,4665.07
2115,14,0,3,12.706,4611.87
329,14,0,3,12.7023,4591.83
1979,14,0,3,12.695,4556.37
943,14,1,0,12.0426,1015.32,0.0346667,151.206,0.08,1
934,14,1,0,12.0318,958.527
933,14,1,0,12.023,911.439
936,14,1,0,12.0224,908.5
1737,14,1,0,12.0089,836.603
917,14,1,0,11.9928,756.277
916,14,1,0,11.9927,755.37
906,14,1,0,11.9669,622.963
889,14,1,0,11.9565,568.171
890,14,1,0,11.9511,537.879
2013,14,1,0,11.9299,427.274
1988,14,1,0,11.9112,328.938
416,14,1,0,11.889,219.633
2139,14,1,0,11.8845,195.269
2138,14,1,0,11.8661,93.829
411,14,1,0,11.8525,19.0121
412,14,1,0,11.85,0
2008,14,1,1,12.2693,2214.86,0.0393333,171.56,0.02,2
821,14,1,1,12.2644,2187.41
2153,14,1,1,12.2546,2135.27
831,14,1,1,12.2545,2135.19
825,14,1,1,12.2541,2133.16
834,14,1,1,12.2447,2081.38
833,14,1,1,12.2417,2066
899,14,1,1,12.2187,1941.01
900,14,1,1,12.2004,1843.39
912,14,1,1,12.1945,1810.61
913,14,1,1,12.1915,1793.7
922,14,1,1,12.171,1685.12
924,14,1,1,12.1619,1623.52
925,14,1,1,12.1534,1565.49
2019,14,1,1,12.148,1538.17
929,14,1,1,12.1476,1536.19
930,14,1,1,12.1276,1431.49
931,14,1,1,12.1149,1371.26
932,14,1,1,12.1004,1293.87
933,14,1,1,12.0952,1267.69
934,14,1,1,12.0897,1230.04
935,14,1,1,12.0892,1227.43
2020,14,1,1,12.0781,1170.46
943,14,1,1,12.0773,1166.52
810,14,1,2,12.3773,2751.56,0.0375,163.564,0.29,3
813,14,1,2,12.3668,2700.76
809,14,1,2,12.34,2566.07
808,14,1,2,12.3307,2517.25
807,14,1,2,12.3215,2469.06
812,14,1,2,12.3213,2468.27
2008,14,1,2,12.3087,2386.42
412,14,1,3,12.5309,3517.27,0,0,0
398,14,1,3,12.5166,3439.21
410,14,1,3,12.5163,3438
409,14,1,3,12.5002,3354.27
1985,14,1,3,12.4857,3276.92
881,14,1,3,12.4559,3120.58
814,14,1,3,12.4356,3015.82
810,14,1,3,12.4148,2915.12
294,14,2,0,9.26621,1448.73,0.0963333,420.177,0.3,1
295,14,2,0,9.24867,1353.83
338,14,2,0,9.2331,1269.62
339,14,2,0,9.22767,1232.63
342,14,2,0,9.20155,1102.41
343,14,2,0,9.18551,1024.34
344,14,2,0,9.16773,928.994
1819,14,2,0,9.15257,833.761
335,14,2,0,9.14766,804.919
2114,14,2,0,9.134,731.261
329,14,2,0,9.1314,716.09
2115,14,2,0,9.12713,693.73
330,14,2,0,9.11236,610.461
336,14,2,0,9.09073,498.645
388,14,2,0,9.06261,347.265
397,14,2,0,9.03292,184.096
399,14,2,0,9.01791,100.956
411,14,2,0,9.00292,19.2235
412,14,2,0,9,0
1589,14,2,1,9.73586,3973.07,0.0506667,220.993,0.28,2
1560,14,2,1,9.70101,3787.18
1591,14,2,1,9.67677,3658.93
1559,14,2,1,9.65904,3563.75
1320,14,2,1,9.6551,3542.96
1602,14,2,1,9.64673,3486.01
1312,14,2,1,9.62362,3356.6
1306,14,2,1,9.62355,3356.24
1599,14,2,1,9.60619,3260.56
1300,14,2,1,9.60069,3230.44
1298,14,2,1,9.59533,3201.11
2176,14,2,1,9.58863,3161.63
2066,14,2,1,9.57741,3093.26
869,14,2,1,9.56497,3016.43
865,14,2,1,9.54717,2917.59
852,14,2,1,9.54025,2875.47
850,14,2,1,9.53359,2831.98
849,14,2,1,9.5259,2782.29
1774,14,2,1,9.52255,2763.28
837,14,2,1,9.51113,2694.21
2010,14,2,1,9.49823,2627.32
2009,14,2,1,9.47477,2501.14
819,14,2,1,9.46644,2452.06
818,14,2,1,9.45375,2381.34
804,14,2,1,9.43572,2280.57
803,14,2,1,9.4284,2237.56
354,14,2,1,9.42833,2237.18
353,14,2,1,9.42596,2226.09
314,14,2,1,9.41726,2177.29
312,14,2,1,9.41312,2154.36
313,14,2,1,9.40745,2119.21
306,14,2,1,9.39434,2048.14
297,14,2,1,9.38828,2013.94
295,14,2,1,9.37801,1954.83
294,14,2,1,9.36254,1868.9
948,14,2,2,9.95646,5099.85,0.0391667,170.833,0.36,3
1598,14,2,2,9.94463,5044.28
2025,14,2,2,9.94038,5021.54
2024,14,2,2,9.92675,4946.85
1301,14,2,2,9.9159,4888.35
1306,14,2,2,9.89932,4802.73
1312,14,2,2,9.89924,4802.36
1602,14,2,2,9.86858,4640.42
1320,14,2,2,9.85439,4564.94
1321,14,2,2,9.83942,4480.29
1560,14,2,2,9.81871,4368.47
1589,14,2,2,9.78653,4194.06
465,14,2,3,10.279,6750.36,0.0695,303.138,0.16,4
379,14,2,3,10.2637,6677.13
380,14,2,3,10.2571,6644.9
386,14,2,3,10.2466,6593.97
387,14,2,3,10.2365,6538.37
396,14,2,3,10.2345,6524.75
395,14,2,3,10.2305,6503.77
394,14,2,3,10.2107,6406.19
2137,14,2,3,10.1905,6299.7
402,14,2,3,10.1724,6203.38
1742,14,2,3,10.1622,6147.9
1741,14,2,3,10.1572,6119.31
418,14,2,3,10.1488,6076.04
417,14,2,3,10.1451,6056.68
1989,14,2,3,10.127,5963.9
2011,14,2,3,10.1079,5864.71
2156,14,2,3,10.104,5843.1
2013,14,2,3,10.1033,5839.95
886,14,2,3,10.0949,5796.17
888,14,2,3,10.0762,5695
903,14,2,3,10.0643,5632.91
904,14,2,3,10.0603,5612.08
925,14,2,3,10.0332,5468.54
2019,14,2,3,10.0282,5443.12
929,14,2,3,10.0278,5441.14
928,14,2,3,10.0089,5340.74
948,14,2,3,9.99563,5270.69
412,14,2,4,10.5063,7963.42,0,0,0
398,14,2,4,10.4916,7883.51
397,14,2,4,10.4811,7823.32
390,14,2,4,10.4626,7726.3
382,14,2,4,10.446,7637.94
376,14,2,4,10.4292,7546.13
369,14,2,4,10.4122,7452.21
2134,14,2,4,10.4024,7356.57
371,14,2,4,10.3971,7315.76
372,14,2,4,10.3791,7208.11
460,14,2,4,10.3732,7173.47
464,14,2,4,10.3561,7090.3
465,14,2,4,10.3485,7053.5
