Node, Individual, Route,Segment, Travel time, Travel cost, Attention time, Attention cost, Failure rate, Demand
927,0,0,0,16.2538,704.628,0.0745,324.947,0.4,1
926,0,0,0,16.2312,580.1
911,0,0,0,16.2026,429.016
899,0,0,0,16.1968,397.411
880,0,0,0,16.1622,215.354
881,0,0,0,16.1439,119.679
814,0,0,0,16.12,0
832,0,0,1,16.4419,1622.13,0.0425,185.372,0.15,2
834,0,0,1,16.4186,1497.52
835,0,0,1,16.4114,1455.08
2154,0,0,1,16.3861,1320.62
857,0,0,1,16.3738,1259.6
926,0,0,1,16.3594,1190.91
927,0,0,1,16.3283,1029.57
1819,0,0,2,16.6148,2520.77,0.0873333,380.922,0.03,3
344,0,0,2,16.5984,2423.73
349,0,0,2,16.5853,2342.03
358,0,0,2,16.574,2277.31
359,0,0,2,16.5544,2181.84
806,0,0,2,16.5541,2180.84
812,0,0,2,16.5222,2018.27
2008,0,0,2,16.5089,1935.59
821,0,0,2,16.5038,1907.5
2153,0,0,2,16.4903,1840.02
831,0,0,2,16.4903,1839.94
832,0,0,2,16.4844,1807.51
364,0,0,3,16.8063,3585.39,0.044,191.915,0.23,4
365,0,0,3,16.7985,3534.21
323,0,0,3,16.7833,3411.94
108,0,0,3,16.774,3347.46
107,0,0,3,16.7663,3299.01
1978,0,0,3,16.7574,3244.35
1979,0,0,3,16.7239,3033.19
329,0,0,3,16.7217,3015.77
2114,0,0,3,16.7167,2990.69
335,0,0,3,16.7061,2929.42
1819,0,0,3,16.7022,2901.7
410,0,0,4,16.9551,4334.08,0.067,292.234,0.11,5
398,0,0,4,16.9548,4332.88
397,0,0,4,16.9445,4272.98
389,0,0,4,16.9339,4215.05
388,0,0,4,16.9082,4081.53
381,0,0,4,16.897,4024.48
337,0,0,4,16.8965,4022.18
373,0,0,4,16.8768,3914.24
375,0,0,4,16.876,3910.3
374,0,0,4,16.8701,3879.79
364,0,0,4,16.8503,3777.31
814,0,0,5,17.0913,5005.22,0,0,0
881,0,0,5,17.0785,4932.56
1985,0,0,5,17.0534,4796.07
1986,0,0,5,17.0457,4743.69
410,0,0,5,17.0221,4626.32
410,1,0,0,16.2391,414.941,0.067,292.234,0.11,1
409,1,0,0,16.226,344.171
1985,1,0,0,16.2115,266.824
881,1,0,0,16.1839,119.679
814,1,0,0,16.16,0
364,1,0,1,16.4386,1431.97,0.044,191.915,0.23,2
374,1,0,1,16.4227,1346.27
375,1,0,1,16.4161,1312.67
382,1,0,1,16.3745,1091.4
383,1,0,1,16.3656,1041.3
392,1,0,1,16.3548,973.193
400,1,0,1,16.3363,873.783
411,1,0,1,16.3212,796.496
412,1,0,1,16.3186,777.465
398,1,0,1,16.3064,708.383
410,1,0,1,16.3061,707.175
1819,1,0,2,16.6102,2318.15,0.0873333,380.922,0.03,3
335,1,0,2,16.6054,2289.46
2114,1,0,2,16.5903,2209.83
329,1,0,2,16.5876,2194.53
1979,1,0,2,16.5809,2161.47
1978,1,0,2,16.5376,1922.57
321,1,0,2,16.5218,1841.6
108,1,0,2,16.5213,1839.36
323,1,0,2,16.5092,1771.25
322,1,0,2,16.5091,1770.6
364,1,0,2,16.4826,1623.88
832,1,0,3,16.823,3399.08,0.0425,185.372,0.15,4
831,1,0,3,16.8172,3367.27
2153,1,0,3,16.8172,3367.19
821,1,0,3,16.8066,3312.32
2008,1,0,3,16.7982,3269.53
812,1,0,3,16.7807,3174.05
807,1,0,3,16.7806,3173.26
356,1,0,3,16.7636,3085.08
355,1,0,3,16.7367,2945.32
349,1,0,3,16.7228,2873.01
344,1,0,3,16.7106,2792.46
1819,1,0,3,16.6975,2699.08
927,1,0,4,16.9634,4113.43,0.0745,324.947,0.4,5
926,1,0,4,16.9408,3988.9
911,1,0,4,16.9122,3837.82
835,1,0,4,16.8921,3727.63
834,1,0,4,16.8825,3675.99
825,1,0,4,16.8718,3618.92
831,1,0,4,16.8714,3616.89
832,1,0,4,16.8655,3584.45
814,1,0,5,17.1684,5129.42,0,0,0
881,1,0,5,17.1556,5056.76
880,1,0,5,17.141,4977.22
899,1,0,5,17.1027,4779.27
911,1,0,5,17.0934,4732.83
926,1,0,5,17.0673,4592.08
927,1,0,5,17.0379,4438.38
927,2,0,0,15.6211,693.643,0.102167,445.62,0.4,1
926,2,0,0,15.5978,566.013
911,2,0,0,15.5685,411.604
899,2,0,0,15.5631,381.588
880,2,0,0,15.5291,201.999
881,2,0,0,15.5116,109.896
814,2,0,0,15.49,0
832,2,0,1,15.8414,1750.31,0.059,257.34,0.06,2
834,2,0,1,15.8183,1626.76
835,2,0,1,15.8108,1583.86
2154,2,0,1,15.7773,1414.39
857,2,0,1,15.7649,1353.33
926,2,0,1,15.7555,1304.91
927,2,0,1,15.7233,1139.26
1819,2,0,2,16.0077,2638.59,0.0873333,380.922,0.03,3
344,2,0,2,15.9923,2543.15
349,2,0,2,15.9822,2463.35
358,2,0,2,15.9723,2400.7
359,2,0,2,15.9605,2337.71
807,2,0,2,15.9362,2208.43
812,2,0,2,15.9361,2207.64
2008,2,0,2,15.922,2123.96
821,2,0,2,15.9165,2093.86
2153,2,0,2,15.9071,2043.48
831,2,0,2,15.9071,2043.4
832,2,0,2,15.9004,2007.65
364,2,0,3,16.1991,3703.21,0.044,191.915,0.23,4
365,2,0,3,16.1913,3652.02
323,2,0,3,16.1761,3529.76
108,2,0,3,16.1668,3465.27
107,2,0,3,16.1591,3416.83
1978,2,0,3,16.1502,3362.17
1979,2,0,3,16.1167,3151.01
329,2,0,3,16.1145,3133.59
2114,2,0,3,16.1095,3108.51
335,2,0,3,16.099,3047.24
1819,2,0,3,16.095,3019.51
410,2,0,4,16.3479,4451.9,0.067,292.234,0.11,5
398,2,0,4,16.3477,4450.69
397,2,0,4,16.3373,4390.8
389,2,0,4,16.3267,4332.87
388,2,0,4,16.301,4199.34
381,2,0,4,16.2898,4142.3
337,2,0,4,16.2894,4139.99
373,2,0,4,16.2696,4032.06
375,2,0,4,16.2688,4028.12
374,2,0,4,16.2629,3997.61
364,2,0,4,16.2431,3895.12
814,2,0,5,16.4898,5145.96,0,0,0
881,2,0,5,16.4748,5064.03
1985,2,0,5,16.4517,4936.51
1986,2,0,5,16.444,4884.13
410,2,0,5,16.4149,4744.14
832,3,0,0,15.9899,370.808,0.059,257.34,0.06,1
831,3,0,0,15.9831,334.665
825,3,0,0,15.9827,332.635
822,3,0,0,15.9641,229.355
823,3,0,0,15.9568,192.66
824,3,0,0,15.9398,107.308
814,3,0,0,15.92,0
927,3,0,1,16.1469,1157.13,0.0745,324.947,0.4,2
926,3,0,1,16.1243,1032.6
911,3,0,1,16.0957,881.516
835,3,0,1,16.0756,771.328
834,3,0,1,16.066,719.687
825,3,0,1,16.0553,662.614
831,3,0,1,16.0549,660.584
832,3,0,1,16.0489,628.148
814,3,0,2,16.3561,2191.26,0,0,0
881,3,0,2,16.3411,2109.34
880,3,0,2,16.324,2018.94
899,3,0,2,16.2876,1828.8
911,3,0,2,16.2826,1800.72
926,3,0,2,16.2526,1643.41
927,3,0,2,16.2214,1482.07
410,3,1,0,16.7591,414.941,0.067,292.234,0.11,1
409,3,1,0,16.746,344.171
1985,3,1,0,16.7315,266.824
881,3,1,0,16.7039,119.679
814,3,1,0,16.68,0
364,3,1,1,16.9586,1431.97,0.044,191.915,0.23,2
374,3,1,1,16.9427,1346.27
375,3,1,1,16.9361,1312.67
382,3,1,1,16.8945,1091.4
383,3,1,1,16.8856,1041.3
392,3,1,1,16.8748,973.193
400,3,1,1,16.8563,873.783
411,3,1,1,16.8412,796.496
412,3,1,1,16.8386,777.465
398,3,1,1,16.8264,708.383
410,3,1,1,16.8261,707.175
1819,3,1,2,17.1225,2287.83,0.072,314.042,0.02,3
335,3,1,2,17.1176,2259
2114,3,1,2,17.1026,2179.84
1979,3,1,2,17.0929,2130.08
1978,3,1,2,17.0531,1906.19
321,3,1,2,17.0401,1837.15
108,3,1,2,17.0396,1834.91
323,3,1,2,17.0256,1758.5
322,3,1,2,17.0255,1757.85
364,3,1,2,17.0026,1623.88
814,3,1,3,17.3513,3439.12,0,0,0
810,3,1,3,17.3326,3346.74
813,3,1,3,17.3221,3295.93
809,3,1,3,17.2942,3156.94
808,3,1,3,17.2855,3110.42
807,3,1,3,17.2765,3063.29
356,3,1,3,17.2619,2985.39
355,3,1,3,17.2382,2859.47
349,3,1,3,17.2224,2778.89
344,3,1,3,17.2082,2695.64
1819,3,1,3,17.1945,2601.87
