Node, Individual, Route,Segment, Travel time, Travel cost, Attention time, Attention cost, Failure rate, Demand
1974,0,0,0,13.788,756.423,0.0581667,253.705,0.32,1
1973,0,0,0,13.7629,628.512
1972,0,0,0,13.7388,499.436
152,0,0,0,13.718,399.95
1971,0,0,0,13.6847,233.815
57,0,0,0,13.6535,71.2703
54,0,0,0,13.64,0
503,0,0,1,13.9879,1744.18,0.0483333,210.815,0,2
504,0,0,1,13.9775,1694.71
477,0,0,1,13.9735,1674.22
453,0,0,1,13.9429,1509.92
446,0,0,1,13.9345,1462.49
445,0,0,1,13.9304,1441.26
444,0,0,1,13.9201,1388.9
187,0,0,1,13.9116,1346.2
2129,0,0,1,13.8921,1250.81
1974,0,0,1,13.8462,1010.13
552,0,0,2,14.1707,2634.17,0.0406667,177.376,0.01,3
603,0,0,2,14.1391,2477.62
604,0,0,2,14.1343,2452.21
596,0,0,2,14.1342,2451.23
580,0,0,2,14.1199,2375.03
583,0,0,2,14.1137,2345.21
587,0,0,2,14.1114,2330.78
578,0,0,2,14.1084,2313.97
575,0,0,2,14.1028,2282.86
542,0,0,2,14.0824,2182.26
520,0,0,2,14.0692,2118.31
505,0,0,2,14.0403,1974.98
503,0,0,2,14.0362,1955
456,0,0,3,14.3172,3417.99,0.0536667,234.078,0.12,4
458,0,0,3,14.305,3350.09
459,0,0,3,14.2994,3304.87
1543,0,0,3,14.2904,3242.87
715,0,0,3,14.2857,3198.39
716,0,0,3,14.2706,3115.78
722,0,0,3,14.27,3112.96
552,0,0,3,14.2114,2811.54
145,0,0,4,14.5503,4628.91,0.0706667,308.227,0.29,5
153,0,0,4,14.5362,4557.57
155,0,0,4,14.5175,4461.31
156,0,0,4,14.5025,4392.3
159,0,0,4,14.493,4335.21
160,0,0,4,14.4761,4243.37
169,0,0,4,14.4427,4062.25
170,0,0,4,14.4307,3997.91
176,0,0,4,14.4306,3997.59
183,0,0,4,14.4159,3909.05
192,0,0,4,14.4113,3877.94
458,0,0,4,14.3803,3713.15
456,0,0,4,14.3708,3652.07
54,0,0,5,14.6989,5367.85,0,0,0
57,0,0,5,14.6904,5315.18
58,0,0,5,14.6694,5200.17
143,0,0,5,14.6482,5077.69
144,0,0,5,14.634,5002.38
145,0,0,5,14.621,4937.14
1974,1,0,0,13.0148,659.058,0.0581667,253.705,0.32,1
1973,1,0,0,12.9911,537.329
1972,1,0,0,12.9654,400.964
152,1,0,0,12.9542,341.597
1971,1,0,0,12.9308,217.03
57,1,0,0,12.9018,64.0092
54,1,0,0,12.89,0
456,1,0,1,13.1712,1454.41,0.0818333,356.932,0.12,2
457,1,0,1,13.1651,1421.37
454,1,0,1,13.1575,1367.39
448,1,0,1,13.1511,1323.44
447,1,0,1,13.1396,1263.44
1976,1,0,1,13.1344,1234.45
1975,1,0,1,13.1191,1154.75
1974,1,0,1,13.073,912.763
503,1,0,2,13.3274,2194.89,0.0483333,210.815,0,3
504,1,0,2,13.3171,2145.41
477,1,0,2,13.313,2124.92
478,1,0,2,13.3046,2081.82
480,1,0,2,13.3008,2061.25
2143,1,0,2,13.3004,2059.35
2142,1,0,2,13.3,2057.59
482,1,0,2,13.2931,2022.76
486,1,0,2,13.2842,1978.19
2144,1,0,2,13.283,1972.06
1679,1,0,2,13.2772,1941.63
456,1,0,2,13.253,1811.35
552,1,0,3,13.5146,3102.37,0.0611667,266.791,0,4
603,1,0,3,13.4809,2937.41
604,1,0,3,13.4759,2911.02
596,1,0,3,13.4758,2910.05
580,1,0,3,13.4643,2845.73
583,1,0,3,13.458,2815.91
587,1,0,3,13.4559,2801.53
578,1,0,3,13.4529,2785.43
575,1,0,3,13.4471,2752.99
542,1,0,3,13.426,2649.36
520,1,0,3,13.412,2582.36
505,1,0,3,13.3801,2426.68
503,1,0,3,13.3758,2405.7
145,1,0,4,13.8147,4715.53,0.0741667,323.493,0.29,5
1682,1,0,4,13.8034,4659.19
146,1,0,4,13.7918,4595.45
63,1,0,4,13.7755,4506.66
64,1,0,4,13.7714,4478.92
195,1,0,4,13.7471,4351.25
196,1,0,4,13.7444,4331.66
205,1,0,4,13.7294,4244.54
215,1,0,4,13.6979,4070.23
225,1,0,4,13.672,3866.99
231,1,0,4,13.6659,3836.78
716,1,0,4,13.6374,3683.86
722,1,0,4,13.6369,3681.05
552,1,0,4,13.5757,3369.16
54,1,0,5,13.9661,5468.83,0,0,0
57,1,0,5,13.9586,5417.16
58,1,0,5,13.9375,5301.47
143,1,0,5,13.9143,5172.13
144,1,0,5,13.8994,5093.65
145,1,0,5,13.8889,5039.02
145,2,0,0,13.672,453.357,0.0741667,323.493,0.29,1
144,2,0,0,13.6622,401.519
143,2,0,0,13.6488,329.425
1971,2,0,0,13.6347,233.815
57,2,0,0,13.6035,71.2703
54,2,0,0,13.59,0
503,2,0,1,13.9778,2029.45,0.0483333,210.815,0,2
504,2,0,1,13.9675,1979.98
477,2,0,1,13.9634,1959.49
453,2,0,1,13.9328,1795.19
455,2,0,1,13.9215,1727.38
454,2,0,1,13.9183,1710
448,2,0,1,13.9119,1666.05
447,2,0,1,13.9004,1606.05
1976,2,0,1,13.8953,1577.06
188,2,0,1,13.8879,1536.33
180,2,0,1,13.8783,1486.01
2128,2,0,1,13.8397,1279.86
163,2,0,1,13.8189,1166.11
164,2,0,1,13.801,1066.39
159,2,0,1,13.7938,1028.46
156,2,0,1,13.7802,956.015
155,2,0,1,13.7739,922.799
153,2,0,1,13.7565,831.974
145,2,0,1,13.7462,776.85
552,2,0,2,14.1606,2919.44,0.0406667,177.376,0.01,3
603,2,0,2,14.129,2762.89
604,2,0,2,14.1242,2737.48
596,2,0,2,14.1241,2736.5
580,2,0,2,14.1098,2660.3
583,2,0,2,14.1036,2630.48
587,2,0,2,14.1014,2616.06
578,2,0,2,14.0983,2599.24
575,2,0,2,14.0928,2568.13
542,2,0,2,14.0724,2467.54
520,2,0,2,14.0591,2403.58
505,2,0,2,14.0302,2260.25
503,2,0,2,14.0262,2240.27
456,2,0,3,14.3071,3703.26,0.0536667,234.078,0.12,4
458,2,0,3,14.2949,3635.36
459,2,0,3,14.2893,3590.15
1543,2,0,3,14.2803,3528.14
715,2,0,3,14.2756,3483.66
716,2,0,3,14.2605,3401.05
722,2,0,3,14.2599,3398.23
552,2,0,3,14.2013,3096.82
1974,2,0,4,14.4682,4520.52,0.0756667,330.035,0.29,5
1975,2,0,4,14.421,4273.88
1976,2,0,4,14.4004,4172.1
447,2,0,4,14.3946,4140.56
448,2,0,4,14.385,4088.55
455,2,0,4,14.3757,4036.24
454,2,0,4,14.3731,4021.6
457,2,0,4,14.3662,3967.72
456,2,0,4,14.3608,3937.34
54,2,0,5,14.6651,5496.63,0,0,0
57,2,0,5,14.6566,5443.95
1971,2,0,5,14.6312,5306.15
152,2,0,5,14.6058,5173.27
1972,2,0,5,14.5925,5104.63
1973,2,0,5,14.571,4986.47
1974,2,0,5,14.5439,4850.55
145,3,0,0,13.422,453.357,0.0741667,323.493,0.29,1
144,3,0,0,13.4122,401.519
143,3,0,0,13.3988,329.425
1971,3,0,0,13.3847,233.815
57,3,0,0,13.3535,71.2703
54,3,0,0,13.34,0
503,3,0,1,13.7278,2029.45,0.0483333,210.815,0,2
504,3,0,1,13.7175,1979.98
477,3,0,1,13.7134,1959.49
453,3,0,1,13.6828,1795.19
455,3,0,1,13.6715,1727.38
454,3,0,1,13.6683,1710
448,3,0,1,13.6619,1666.05
447,3,0,1,13.6504,1606.05
1976,3,0,1,13.6453,1577.06
188,3,0,1,13.6379,1536.33
180,3,0,1,13.6283,1486.01
2128,3,0,1,13.5897,1279.86
163,3,0,1,13.5689,1166.11
164,3,0,1,13.551,1066.39
159,3,0,1,13.5438,1028.46
156,3,0,1,13.5302,956.015
155,3,0,1,13.5239,922.799
153,3,0,1,13.5065,831.974
145,3,0,1,13.4962,776.85
552,3,0,2,13.915,2936.94,0.0611667,266.791,0,3
603,3,0,2,13.8813,2771.98
604,3,0,2,13.8763,2745.59
596,3,0,2,13.8762,2744.62
580,3,0,2,13.8646,2680.29
583,3,0,2,13.8584,2650.48
587,3,0,2,13.8562,2636.09
578,3,0,2,13.8533,2619.99
575,3,0,2,13.8475,2587.56
542,3,0,2,13.8263,2483.93
520,3,0,2,13.8123,2416.93
505,3,0,2,13.7805,2261.25
503,3,0,2,13.7762,2240.27
456,3,0,3,14.0806,3804.7,0.0536667,234.078,0.12,4
458,3,0,3,14.0713,3743.79
459,3,0,3,14.0647,3698.44
1543,3,0,3,14.0561,3636.63
715,3,0,3,14.051,3592.79
716,3,0,3,14.0378,3518.43
722,3,0,3,14.0372,3515.62
552,3,0,3,13.9761,3203.73
1974,3,0,4,14.2417,4621.96,0.0756667,330.035,0.29,5
1975,3,0,4,14.1945,4375.32
1976,3,0,4,14.1738,4273.54
447,3,0,4,14.1681,4242
448,3,0,4,14.1584,4190
455,3,0,4,14.1491,4137.68
454,3,0,4,14.1466,4123.04
457,3,0,4,14.1397,4069.16
456,3,0,4,14.1342,4038.78
54,3,0,5,14.4386,5598.07,0,0,0
57,3,0,5,14.43,5545.39
1971,3,0,5,14.4046,5407.6
152,3,0,5,14.3793,5274.71
1972,3,0,5,14.3659,5206.08
1973,3,0,5,14.3444,5087.91
1974,3,0,5,14.3173,4951.99
1974,4,0,0,13.768,756.423,0.0581667,253.705,0.32,1
1973,4,0,0,13.7429,628.512
1972,4,0,0,13.7188,499.436
152,4,0,0,13.698,399.95
1971,4,0,0,13.6647,233.815
57,4,0,0,13.6335,71.2703
54,4,0,0,13.62,0
503,4,0,1,13.9679,1744.18,0.0483333,210.815,0,2
504,4,0,1,13.9575,1694.71
477,4,0,1,13.9535,1674.22
453,4,0,1,13.9229,1509.92
446,4,0,1,13.9145,1462.49
445,4,0,1,13.9104,1441.26
444,4,0,1,13.9001,1388.9
187,4,0,1,13.8916,1346.2
2129,4,0,1,13.8721,1250.81
1974,4,0,1,13.8262,1010.13
552,4,0,2,14.1507,2634.17,0.0406667,177.376,0.01,3
603,4,0,2,14.1191,2477.62
604,4,0,2,14.1143,2452.21
596,4,0,2,14.1142,2451.23
580,4,0,2,14.0999,2375.03
583,4,0,2,14.0937,2345.21
587,4,0,2,14.0914,2330.78
578,4,0,2,14.0884,2313.97
575,4,0,2,14.0828,2282.86
542,4,0,2,14.0624,2182.26
520,4,0,2,14.0492,2118.31
505,4,0,2,14.0203,1974.98
503,4,0,2,14.0162,1955
456,4,0,3,14.2972,3417.99,0.0536667,234.078,0.12,4
458,4,0,3,14.285,3350.09
459,4,0,3,14.2794,3304.87
1543,4,0,3,14.2704,3242.87
715,4,0,3,14.2657,3198.39
716,4,0,3,14.2506,3115.78
722,4,0,3,14.25,3112.96
552,4,0,3,14.1914,2811.54
54,4,0,4,14.5795,4881.32,0,0,0
57,4,0,4,14.571,4828.64
1971,4,0,4,14.5456,4690.85
152,4,0,4,14.5202,4557.96
1972,4,0,4,14.5069,4489.33
1973,4,0,4,14.4854,4371.17
1974,4,0,4,14.4583,4235.25
1975,4,0,4,14.4111,3988.61
1976,4,0,4,14.3904,3886.83
447,4,0,4,14.3847,3855.28
448,4,0,4,14.375,3803.28
455,4,0,4,14.3658,3750.97
454,4,0,4,14.3632,3736.33
457,4,0,4,14.3563,3682.45
456,4,0,4,14.3508,3652.07
145,4,1,0,11.9126,448.675,0.0513333,223.901,0.23,1
144,4,1,0,11.9045,404.304
59,4,1,0,11.8814,273.815
56,4,1,0,11.8753,238.947
55,4,1,0,11.8623,171.26
54,4,1,0,11.83,0
54,4,1,1,12.0357,1083.49,0,0,0
57,4,1,1,12.0281,1031.82
58,4,1,1,12.0073,917.466
143,4,1,1,11.9874,797.052
144,4,1,1,11.9755,731.854
145,4,1,1,11.964,672.576
503,5,0,0,13.9539,1465.5,0.0483333,210.815,0,1
504,5,0,0,13.9447,1420.88
477,5,0,0,13.9409,1401.63
453,5,0,0,13.9147,1256.22
446,5,0,0,13.9063,1208.78
445,5,0,0,13.9023,1187.55
444,5,0,0,13.8919,1135.2
187,5,0,0,13.8834,1092.49
2129,5,0,0,13.8639,997.109
1974,5,0,0,13.818,756.423
1973,5,0,0,13.7929,628.512
1972,5,0,0,13.7688,499.436
152,5,0,0,13.748,399.95
1971,5,0,0,13.7147,233.815
57,5,0,0,13.6835,71.2703
54,5,0,0,13.67,0
552,5,0,1,14.1367,2355.48,0.0406667,177.376,0.01,2
603,5,0,1,14.1051,2198.93
604,5,0,1,14.1003,2173.52
596,5,0,1,14.1001,2172.55
580,5,0,1,14.0859,2096.34
583,5,0,1,14.0796,2066.53
587,5,0,1,14.0774,2052.1
578,5,0,1,14.0743,2035.28
575,5,0,1,14.0688,2004.18
542,5,0,1,14.0484,1903.58
520,5,0,1,14.0352,1839.62
505,5,0,1,14.0063,1696.3
503,5,0,1,14.0022,1676.31
456,5,0,2,14.2832,3139.31,0.0536667,234.078,0.12,3
458,5,0,2,14.2709,3071.41
459,5,0,2,14.2653,3026.19
1543,5,0,2,14.2564,2964.18
715,5,0,2,14.2517,2919.7
716,5,0,2,14.2365,2837.09
722,5,0,2,14.236,2834.28
552,5,0,2,14.1773,2532.86
1974,5,0,3,14.4443,3956.56,0.0756667,330.035,0.29,4
1975,5,0,3,14.3971,3709.92
1976,5,0,3,14.3764,3608.14
447,5,0,3,14.3707,3576.6
448,5,0,3,14.361,3524.6
455,5,0,3,14.3517,3472.29
454,5,0,3,14.3492,3457.64
457,5,0,3,14.3423,3403.76
456,5,0,3,14.3368,3373.38
54,5,0,4,14.6412,4932.67,0,0,0
57,5,0,4,14.6326,4879.99
1971,5,0,4,14.6072,4742.2
152,5,0,4,14.5819,4609.31
1972,5,0,4,14.5685,4540.68
1973,5,0,4,14.547,4422.51
1974,5,0,4,14.5199,4286.59
145,5,1,0,11.7626,448.675,0.0513333,223.901,0.23,1
144,5,1,0,11.7545,404.304
59,5,1,0,11.7314,273.815
56,5,1,0,11.7253,238.947
55,5,1,0,11.7123,171.26
54,5,1,0,11.68,0
54,5,1,1,11.8857,1083.49,0,0,0
57,5,1,1,11.8781,1031.82
58,5,1,1,11.8573,917.466
143,5,1,1,11.8374,797.052
144,5,1,1,11.8255,731.854
145,5,1,1,11.814,672.576
503,6,0,0,13.7439,1465.5,0.0483333,210.815,0,1
504,6,0,0,13.7347,1420.88
477,6,0,0,13.7309,1401.63
453,6,0,0,13.7047,1256.22
446,6,0,0,13.6963,1208.78
445,6,0,0,13.6923,1187.55
444,6,0,0,13.6819,1135.2
187,6,0,0,13.6734,1092.49
2129,6,0,0,13.6539,997.109
1974,6,0,0,13.608,756.423
1973,6,0,0,13.5829,628.512
1972,6,0,0,13.5588,499.436
152,6,0,0,13.538,399.95
1971,6,0,0,13.5047,233.815
57,6,0,0,13.4735,71.2703
54,6,0,0,13.46,0
552,6,0,1,13.931,2372.98,0.0611667,266.791,0,2
603,6,0,1,13.8974,2208.02
604,6,0,1,13.8923,2181.63
596,6,0,1,13.8922,2180.66
580,6,0,1,13.8807,2116.34
583,6,0,1,13.8745,2086.52
587,6,0,1,13.8723,2072.14
578,6,0,1,13.8694,2056.04
575,6,0,1,13.8636,2023.6
542,6,0,1,13.8424,1919.97
520,6,0,1,13.8284,1852.97
505,6,0,1,13.7965,1697.29
503,6,0,1,13.7922,1676.31
456,6,0,2,14.0966,3240.75,0.0536667,234.078,0.12,3
458,6,0,2,14.0874,3179.83
459,6,0,2,14.0807,3134.48
1543,6,0,2,14.0722,3072.68
715,6,0,2,14.0671,3028.84
716,6,0,2,14.0539,2954.47
722,6,0,2,14.0533,2951.66
552,6,0,2,13.9922,2639.77
1974,6,0,3,14.2577,4058,0.0756667,330.035,0.29,4
1975,6,0,3,14.2105,3811.36
1976,6,0,3,14.1898,3709.58
447,6,0,3,14.1841,3678.04
448,6,0,3,14.1745,3626.04
455,6,0,3,14.1652,3573.73
454,6,0,3,14.1626,3559.08
457,6,0,3,14.1557,3505.2
456,6,0,3,14.1503,3474.83
54,6,0,4,14.4546,5034.11,0,0,0
57,6,0,4,14.4461,4981.44
1971,6,0,4,14.4207,4843.64
152,6,0,4,14.3953,4710.75
1972,6,0,4,14.382,4642.12
1973,6,0,4,14.3605,4523.96
1974,6,0,4,14.3334,4388.04
145,6,1,0,11.1626,448.675,0.0513333,223.901,0.23,1
144,6,1,0,11.1545,404.304
59,6,1,0,11.1314,273.815
56,6,1,0,11.1253,238.947
55,6,1,0,11.1123,171.26
54,6,1,0,11.08,0
54,6,1,1,11.2857,1083.49,0,0,0
57,6,1,1,11.2781,1031.82
58,6,1,1,11.2573,917.466
143,6,1,1,11.2374,797.052
144,6,1,1,11.2255,731.854
145,6,1,1,11.214,672.576
