Node, Individual, Route,Segment, Travel time, Travel cost, Attention time, Attention cost, Failure rate, Demand
352,0,0,0,10.55,1091.91,0.0496667,216.631,0.16,1
388,0,0,0,10.5308,990.979
397,0,0,0,10.4954,802.974
399,0,0,0,10.478,709.579
411,0,0,0,10.4628,627.085
1537,0,0,0,10.4304,450.01
418,0,0,0,10.4258,424.459
417,0,0,0,10.4222,405.641
1989,0,0,0,10.405,316.253
432,0,0,0,10.3984,284.899
435,0,0,0,10.3931,258.307
431,0,0,0,10.3869,226.993
439,0,0,0,10.3676,134.379
672,0,0,0,10.3488,42.3249
610,0,0,0,10.34,0
140,0,0,1,10.7768,2265.99,0.0808333,352.571,0.24,2
360,0,0,1,10.7364,2049.39
369,0,0,1,10.7151,1934.59
376,0,0,1,10.6999,1847.5
382,0,0,1,10.6845,1761.84
390,0,0,1,10.6669,1668.95
397,0,0,1,10.6501,1579.19
389,0,0,1,10.6387,1517.62
388,0,0,1,10.6148,1391.82
352,0,0,1,10.5997,1308.54
135,0,0,2,10.9995,3372.05,0.0473333,206.454,0.18,3
133,0,0,2,10.9891,3314.96
134,0,0,2,10.9814,3263
129,0,0,2,10.9726,3218.38
1717,0,0,2,10.9487,3087.44
128,0,0,2,10.9251,2957.57
127,0,0,2,10.9215,2939.01
132,0,0,2,10.9051,2854.43
140,0,0,2,10.8576,2618.56
179,0,0,3,11.1213,3974.3,0.0948333,413.634,0.23,4
178,0,0,3,11.0967,3848.09
177,0,0,3,11.0913,3820.42
2091,0,0,3,11.0774,3743.2
171,0,0,3,11.0617,3660.83
135,0,0,3,11.0468,3578.5
524,0,0,4,11.3501,5101.53,0.0955,416.542,0.49,5
523,0,0,4,11.3432,5066.56
508,0,0,4,11.324,4964.7
483,0,0,4,11.3121,4905.76
482,0,0,4,11.3065,4878.86
454,0,0,4,11.2807,4735.85
448,0,0,4,11.2735,4691.07
447,0,0,4,11.2635,4637.44
1976,0,0,4,11.2582,4607.67
1975,0,0,4,11.243,4528.9
2129,0,0,4,11.2297,4457.13
179,0,0,4,11.2161,4387.93
1044,0,0,5,11.5731,6184.68,0.111833,487.783,0.12,6
1043,0,0,5,11.5673,6155.74
2029,0,0,5,11.5672,6155.33
1016,0,0,5,11.563,6132.16
1548,0,0,5,11.5559,6095.33
1012,0,0,5,11.5513,6071.74
1014,0,0,5,11.5508,6068.88
989,0,0,5,11.5397,6010.57
990,0,0,5,11.5296,5960.31
991,0,0,5,11.5271,5947.96
706,0,0,5,11.52,5908.5
704,0,0,5,11.5174,5895.73
2179,0,0,5,11.5172,5894.86
662,0,0,5,11.511,5865.21
602,0,0,5,11.4997,5796.94
604,0,0,5,11.4971,5780.14
596,0,0,5,11.497,5779.17
551,0,0,5,11.4904,5745.44
548,0,0,5,11.4783,5683.81
526,0,0,5,11.4647,5614.32
527,0,0,5,11.4602,5592.44
523,0,0,5,11.4525,5553.04
524,0,0,5,11.4456,5518.07
1780,0,0,6,11.82,7369.05,0.0545,237.713,0.16,7
2171,0,0,6,11.8194,7365.88
1549,0,0,6,11.8128,7330.87
1148,0,0,6,11.8092,7311
1128,0,0,6,11.7971,7249.9
2045,0,0,6,11.7739,7133.81
1120,0,0,6,11.7557,7038.41
1094,0,0,6,11.7495,7006.88
1091,0,0,6,11.7422,6967.87
1092,0,0,6,11.7378,6945.41
1074,0,0,6,11.7324,6916.83
1077,0,0,6,11.7228,6866.01
1080,0,0,6,11.7094,6798.81
1079,0,0,6,11.7028,6764.35
1061,0,0,6,11.6985,6743.07
1063,0,0,6,11.695,6724.9
1062,0,0,6,11.6939,6717.82
2159,0,0,6,11.6937,6716.71
1045,0,0,6,11.693,6713.56
1043,0,0,6,11.6896,6696.36
1044,0,0,6,11.685,6672.46
1314,0,0,7,12.0056,8285.54,0.0708333,308.954,0.24,8
2163,0,0,7,11.9935,8217.3
2051,0,0,7,11.9557,8021.32
1154,0,0,7,11.939,7932.17
1156,0,0,7,11.9321,7894.6
1155,0,0,7,11.9174,7821.25
1781,0,0,7,11.9111,7789.36
2107,0,0,7,11.9039,7753.2
1779,0,0,7,11.8827,7646.31
1780,0,0,7,11.8745,7606.76
1563,0,0,8,12.1163,8817,0.0391667,170.833,0.05,9
2164,0,0,8,12.1078,8767.9
1313,0,0,8,12.0851,8645.31
1309,0,0,8,12.077,8597.37
1314,0,0,8,12.0764,8594.5
954,0,0,9,12.2811,9650.19,0.0338333,147.571,0.27,10
956,0,0,9,12.2556,9519.63
955,0,0,9,12.2485,9483.85
1598,0,0,9,12.2289,9383
2025,0,0,9,12.2252,9362.48
949,0,0,9,12.2219,9345.62
1302,0,0,9,12.1952,9205.95
1307,0,0,9,12.18,9122.17
2164,0,0,9,12.1638,9036.7
1563,0,0,9,12.1555,8987.84
610,0,0,10,12.5475,11029.2,0,0,0
614,0,0,10,12.5381,10983
612,0,0,10,12.5357,10969.1
423,0,0,10,12.5319,10946.3
419,0,0,10,12.5252,10908.7
420,0,0,10,12.5192,10872.7
421,0,0,10,12.5146,10845.2
417,0,0,10,12.5096,10818.5
1989,0,0,10,12.4912,10724.3
2011,0,0,10,12.4719,10624.6
2156,0,0,10,12.4664,10596.5
2013,0,0,10,12.4658,10593.4
886,0,0,10,12.4576,10550.8
888,0,0,10,12.4392,10450.7
903,0,0,10,12.4294,10397.7
904,0,0,10,12.4261,10380
925,0,0,10,12.4025,10251.5
2019,0,0,10,12.3971,10224.2
929,0,0,10,12.3967,10222.2
928,0,0,10,12.3716,10095.3
947,0,0,10,12.355,10007.6
946,0,0,10,12.3461,9959.5
945,0,0,10,12.3216,9832.69
954,0,0,10,12.3149,9797.76
352,1,0,0,10.53,1091.91,0.0496667,216.631,0.16,1
388,1,0,0,10.5108,990.979
397,1,0,0,10.4754,802.974
399,1,0,0,10.458,709.579
411,1,0,0,10.4428,627.085
1537,1,0,0,10.4104,450.01
418,1,0,0,10.4058,424.459
417,1,0,0,10.4022,405.641
1989,1,0,0,10.385,316.253
432,1,0,0,10.3784,284.899
435,1,0,0,10.3731,258.307
431,1,0,0,10.3669,226.993
439,1,0,0,10.3476,134.379
672,1,0,0,10.3288,42.3249
610,1,0,0,10.32,0
140,1,0,1,10.7568,2265.99,0.0808333,352.571,0.24,2
360,1,0,1,10.7164,2049.39
369,1,0,1,10.6951,1934.59
376,1,0,1,10.6799,1847.5
382,1,0,1,10.6645,1761.84
390,1,0,1,10.6469,1668.95
397,1,0,1,10.6301,1579.19
389,1,0,1,10.6187,1517.62
388,1,0,1,10.5948,1391.82
352,1,0,1,10.5797,1308.54
135,1,0,2,10.9795,3372.05,0.0473333,206.454,0.18,3
133,1,0,2,10.9691,3314.96
134,1,0,2,10.9614,3263
129,1,0,2,10.9526,3218.38
1717,1,0,2,10.9287,3087.44
128,1,0,2,10.9051,2957.57
127,1,0,2,10.9015,2939.01
132,1,0,2,10.8851,2854.43
140,1,0,2,10.8376,2618.56
179,1,0,3,11.1013,3974.3,0.0948333,413.634,0.23,4
178,1,0,3,11.0767,3848.09
177,1,0,3,11.0713,3820.42
2091,1,0,3,11.0574,3743.2
171,1,0,3,11.0417,3660.83
135,1,0,3,11.0268,3578.5
524,1,0,4,11.3301,5101.53,0.0955,416.542,0.49,5
523,1,0,4,11.3232,5066.56
508,1,0,4,11.304,4964.7
483,1,0,4,11.2921,4905.76
482,1,0,4,11.2865,4878.86
454,1,0,4,11.2607,4735.85
448,1,0,4,11.2535,4691.07
447,1,0,4,11.2435,4637.44
1976,1,0,4,11.2382,4607.67
1975,1,0,4,11.223,4528.9
2129,1,0,4,11.2097,4457.13
179,1,0,4,11.1961,4387.93
1044,1,0,5,11.5531,6184.68,0.111833,487.783,0.12,6
1043,1,0,5,11.5473,6155.74
2029,1,0,5,11.5472,6155.33
1016,1,0,5,11.543,6132.16
1548,1,0,5,11.5359,6095.33
1012,1,0,5,11.5313,6071.74
1014,1,0,5,11.5308,6068.88
989,1,0,5,11.5197,6010.57
990,1,0,5,11.5096,5960.31
991,1,0,5,11.5071,5947.96
706,1,0,5,11.5,5908.5
704,1,0,5,11.4974,5895.73
2179,1,0,5,11.4972,5894.86
662,1,0,5,11.491,5865.21
602,1,0,5,11.4797,5796.94
604,1,0,5,11.4771,5780.14
596,1,0,5,11.477,5779.17
551,1,0,5,11.4704,5745.44
548,1,0,5,11.4583,5683.81
526,1,0,5,11.4447,5614.32
527,1,0,5,11.4402,5592.44
523,1,0,5,11.4325,5553.04
524,1,0,5,11.4256,5518.07
1780,1,0,6,11.8,7369.05,0.0545,237.713,0.16,7
2171,1,0,6,11.7994,7365.88
1549,1,0,6,11.7928,7330.87
1148,1,0,6,11.7892,7311
1128,1,0,6,11.7771,7249.9
2045,1,0,6,11.7539,7133.81
1120,1,0,6,11.7357,7038.41
1094,1,0,6,11.7295,7006.88
1091,1,0,6,11.7222,6967.87
1092,1,0,6,11.7178,6945.41
1074,1,0,6,11.7124,6916.83
1077,1,0,6,11.7028,6866.01
1080,1,0,6,11.6894,6798.81
1079,1,0,6,11.6828,6764.35
1061,1,0,6,11.6785,6743.07
1063,1,0,6,11.675,6724.9
1062,1,0,6,11.6739,6717.82
2159,1,0,6,11.6737,6716.71
1045,1,0,6,11.673,6713.56
1043,1,0,6,11.6696,6696.36
1044,1,0,6,11.665,6672.46
1314,1,0,7,11.9856,8285.54,0.0836667,364.929,0.21,8
2163,1,0,7,11.9735,8217.3
2051,1,0,7,11.9357,8021.32
1154,1,0,7,11.919,7932.17
1156,1,0,7,11.9121,7894.6
1155,1,0,7,11.8974,7821.25
1781,1,0,7,11.8911,7789.36
2107,1,0,7,11.8839,7753.2
1779,1,0,7,11.8627,7646.31
1780,1,0,7,11.8545,7606.76
1563,1,0,8,12.1091,8872.98,0.0391667,170.833,0.05,9
2164,1,0,8,12.1007,8823.87
1313,1,0,8,12.078,8701.29
1309,1,0,8,12.0698,8653.34
1314,1,0,8,12.0692,8650.47
954,1,0,9,12.2739,9706.16,0.0338333,147.571,0.27,10
956,1,0,9,12.2484,9575.61
955,1,0,9,12.2413,9539.82
1598,1,0,9,12.2218,9438.98
2025,1,0,9,12.218,9418.46
949,1,0,9,12.2147,9401.6
1302,1,0,9,12.188,9261.93
1307,1,0,9,12.1729,9178.14
2164,1,0,9,12.1566,9092.67
1563,1,0,9,12.1483,9043.81
610,1,0,10,12.5403,11085.2,0,0,0
614,1,0,10,12.531,11038.9
612,1,0,10,12.5285,11025.1
423,1,0,10,12.5248,11002.3
419,1,0,10,12.5181,10964.7
420,1,0,10,12.512,10928.7
421,1,0,10,12.5074,10901.2
417,1,0,10,12.5024,10874.5
1989,1,0,10,12.484,10780.3
2011,1,0,10,12.4647,10680.5
2156,1,0,10,12.4593,10652.5
2013,1,0,10,12.4586,10649.3
886,1,0,10,12.4504,10606.7
888,1,0,10,12.432,10506.7
903,1,0,10,12.4222,10453.7
904,1,0,10,12.419,10436
925,1,0,10,12.3954,10307.5
2019,1,0,10,12.3899,10280.2
929,1,0,10,12.3895,10278.2
928,1,0,10,12.3644,10151.3
947,1,0,10,12.3478,10063.5
946,1,0,10,12.3389,10015.5
945,1,0,10,12.3144,9888.67
954,1,0,10,12.3077,9853.73
352,2,0,0,10.42,1091.91,0.0496667,216.631,0.16,1
388,2,0,0,10.4008,990.979
397,2,0,0,10.3654,802.974
399,2,0,0,10.348,709.579
411,2,0,0,10.3328,627.085
1537,2,0,0,10.3004,450.01
418,2,0,0,10.2958,424.459
417,2,0,0,10.2922,405.641
1989,2,0,0,10.275,316.253
432,2,0,0,10.2684,284.899
435,2,0,0,10.2631,258.307
431,2,0,0,10.2569,226.993
439,2,0,0,10.2376,134.379
672,2,0,0,10.2188,42.3249
610,2,0,0,10.21,0
140,2,0,1,10.6468,2265.99,0.0808333,352.571,0.24,2
360,2,0,1,10.6064,2049.39
369,2,0,1,10.5851,1934.59
376,2,0,1,10.5699,1847.5
382,2,0,1,10.5545,1761.84
390,2,0,1,10.5369,1668.95
397,2,0,1,10.5201,1579.19
389,2,0,1,10.5087,1517.62
388,2,0,1,10.4848,1391.82
352,2,0,1,10.4697,1308.54
135,2,0,2,10.8695,3372.05,0.0473333,206.454,0.18,3
133,2,0,2,10.8591,3314.96
134,2,0,2,10.8514,3263
129,2,0,2,10.8426,3218.38
1717,2,0,2,10.8187,3087.44
128,2,0,2,10.7951,2957.57
127,2,0,2,10.7915,2939.01
132,2,0,2,10.7751,2854.43
140,2,0,2,10.7276,2618.56
179,2,0,3,10.9916,3976.11,0.0905,394.734,0.19,4
178,2,0,3,10.9691,3858.17
177,2,0,3,10.9642,3833.16
2091,2,0,3,10.9499,3753.75
171,2,0,3,10.9345,3672.88
135,2,0,3,10.9168,3578.5
524,2,0,4,11.2161,5084.43,0.0955,416.542,0.49,5
523,2,0,4,11.2092,5049.46
508,2,0,4,11.19,4947.6
483,2,0,4,11.1781,4888.66
482,2,0,4,11.1725,4861.77
454,2,0,4,11.1467,4718.75
448,2,0,4,11.1396,4673.97
447,2,0,4,11.1295,4620.34
1976,2,0,4,11.1242,4590.57
1975,2,0,4,11.109,4511.8
2129,2,0,4,11.0957,4440.03
179,2,0,4,11.0821,4370.84
1044,2,0,5,11.4392,6167.59,0.111833,487.783,0.12,6
1043,2,0,5,11.4334,6138.65
2029,2,0,5,11.4333,6138.23
1016,2,0,5,11.4291,6115.07
1548,2,0,5,11.4219,6078.23
1012,2,0,5,11.4173,6054.65
1014,2,0,5,11.4168,6051.78
989,2,0,5,11.4057,5993.48
990,2,0,5,11.3957,5943.22
991,2,0,5,11.3931,5930.87
706,2,0,5,11.3861,5891.4
704,2,0,5,11.3834,5878.63
2179,2,0,5,11.3832,5877.77
662,2,0,5,11.377,5848.12
602,2,0,5,11.3657,5779.84
604,2,0,5,11.3631,5763.04
596,2,0,5,11.363,5762.07
551,2,0,5,11.3564,5728.34
548,2,0,5,11.3443,5666.72
526,2,0,5,11.3307,5597.22
527,2,0,5,11.3263,5575.35
523,2,0,5,11.3185,5535.95
524,2,0,5,11.3116,5500.97
1780,2,0,6,11.6861,7351.96,0.0545,237.713,0.16,7
2171,2,0,6,11.6854,7348.79
1549,2,0,6,11.6788,7313.78
1148,2,0,6,11.6753,7293.9
1128,2,0,6,11.6631,7232.8
2045,2,0,6,11.64,7116.71
1120,2,0,6,11.6217,7021.31
1094,2,0,6,11.6155,6989.78
1091,2,0,6,11.6082,6950.78
1092,2,0,6,11.6039,6928.32
1074,2,0,6,11.5985,6899.74
1077,2,0,6,11.5889,6848.92
1080,2,0,6,11.5754,6781.71
1079,2,0,6,11.5688,6747.26
1061,2,0,6,11.5645,6725.97
1063,2,0,6,11.561,6707.81
1062,2,0,6,11.5599,6700.73
2159,2,0,6,11.5597,6699.61
1045,2,0,6,11.559,6696.46
1043,2,0,6,11.5556,6679.26
1044,2,0,6,11.551,6655.37
1314,2,0,7,11.8716,8268.45,0.0836667,364.929,0.21,8
2163,2,0,7,11.8595,8200.2
2051,2,0,7,11.8217,8004.23
1154,2,0,7,11.805,7915.08
1156,2,0,7,11.7981,7877.51
1155,2,0,7,11.7834,7804.15
1781,2,0,7,11.7771,7772.27
2107,2,0,7,11.7699,7736.11
1779,2,0,7,11.7487,7629.21
1780,2,0,7,11.7406,7589.67
1563,2,0,8,12.0004,8878.01,0.0391667,170.833,0.05,9
2164,2,0,8,11.9883,8813.86
1313,2,0,8,11.9639,8684.1
1309,2,0,8,11.9558,8636.25
1314,2,0,8,11.9553,8633.38
954,2,0,9,12.1652,9711.19,0.0338333,147.571,0.27,10
956,2,0,9,12.1397,9580.64
955,2,0,9,12.1326,9544.85
1598,2,0,9,12.1131,9444.01
2025,2,0,9,12.1094,9423.49
949,2,0,9,12.106,9406.63
1302,2,0,9,12.0793,9266.96
1307,2,0,9,12.0642,9183.17
2164,2,0,9,12.0479,9097.7
1563,2,0,9,12.0396,9048.84
610,2,0,10,12.4317,11090.2,0,0,0
614,2,0,10,12.4223,11044
612,2,0,10,12.4198,11030.1
423,2,0,10,12.4161,11007.3
419,2,0,10,12.4094,10969.7
420,2,0,10,12.4033,10933.7
421,2,0,10,12.3987,10906.2
417,2,0,10,12.3937,10879.5
1989,2,0,10,12.3753,10785.3
2011,2,0,10,12.356,10685.6
2156,2,0,10,12.3506,10657.5
2013,2,0,10,12.3499,10654.4
886,2,0,10,12.3418,10611.8
888,2,0,10,12.3234,10511.7
903,2,0,10,12.3136,10458.7
904,2,0,10,12.3103,10441
925,2,0,10,12.2867,10312.5
2019,2,0,10,12.2813,10285.2
929,2,0,10,12.2809,10283.2
928,2,0,10,12.2557,10156.3
947,2,0,10,12.2391,10068.6
946,2,0,10,12.2302,10020.5
945,2,0,10,12.2058,9893.7
954,2,0,10,12.1991,9858.76
352,3,0,0,10.39,1091.91,0.0496667,216.631,0.16,1
388,3,0,0,10.3708,990.979
397,3,0,0,10.3354,802.974
399,3,0,0,10.318,709.579
411,3,0,0,10.3028,627.085
1537,3,0,0,10.2704,450.01
418,3,0,0,10.2658,424.459
417,3,0,0,10.2622,405.641
1989,3,0,0,10.245,316.253
432,3,0,0,10.2384,284.899
435,3,0,0,10.2331,258.307
431,3,0,0,10.2269,226.993
439,3,0,0,10.2076,134.379
672,3,0,0,10.1888,42.3249
610,3,0,0,10.18,0
140,3,0,1,10.6168,2265.99,0.0808333,352.571,0.24,2
360,3,0,1,10.5764,2049.39
369,3,0,1,10.5551,1934.59
376,3,0,1,10.5399,1847.5
382,3,0,1,10.5245,1761.84
390,3,0,1,10.5069,1668.95
397,3,0,1,10.4901,1579.19
389,3,0,1,10.4787,1517.62
388,3,0,1,10.4548,1391.82
352,3,0,1,10.4397,1308.54
135,3,0,2,10.8395,3372.05,0.0473333,206.454,0.18,3
133,3,0,2,10.8291,3314.96
134,3,0,2,10.8214,3263
129,3,0,2,10.8126,3218.38
1717,3,0,2,10.7887,3087.44
128,3,0,2,10.7651,2957.57
127,3,0,2,10.7615,2939.01
132,3,0,2,10.7451,2854.43
140,3,0,2,10.6976,2618.56
179,3,0,3,10.9616,3976.11,0.0905,394.734,0.19,4
178,3,0,3,10.9391,3858.17
177,3,0,3,10.9342,3833.16
2091,3,0,3,10.9199,3753.75
171,3,0,3,10.9045,3672.88
135,3,0,3,10.8868,3578.5
524,3,0,4,11.1861,5084.43,0.0955,416.542,0.49,5
523,3,0,4,11.1792,5049.46
508,3,0,4,11.16,4947.6
483,3,0,4,11.1481,4888.66
482,3,0,4,11.1425,4861.77
454,3,0,4,11.1167,4718.75
448,3,0,4,11.1096,4673.97
447,3,0,4,11.0995,4620.34
1976,3,0,4,11.0942,4590.57
1975,3,0,4,11.079,4511.8
2129,3,0,4,11.0657,4440.03
179,3,0,4,11.0521,4370.84
1044,3,0,5,11.4092,6167.59,0.111833,487.783,0.12,6
1043,3,0,5,11.4034,6138.65
2029,3,0,5,11.4033,6138.23
1016,3,0,5,11.3991,6115.07
1548,3,0,5,11.3919,6078.23
1012,3,0,5,11.3873,6054.65
1014,3,0,5,11.3868,6051.78
989,3,0,5,11.3757,5993.48
990,3,0,5,11.3657,5943.22
991,3,0,5,11.3631,5930.87
706,3,0,5,11.3561,5891.4
704,3,0,5,11.3534,5878.63
2179,3,0,5,11.3532,5877.77
662,3,0,5,11.347,5848.12
602,3,0,5,11.3357,5779.84
604,3,0,5,11.3331,5763.04
596,3,0,5,11.333,5762.07
551,3,0,5,11.3264,5728.34
548,3,0,5,11.3143,5666.72
526,3,0,5,11.3007,5597.22
527,3,0,5,11.2963,5575.35
523,3,0,5,11.2885,5535.95
524,3,0,5,11.2816,5500.97
1780,3,0,6,11.6561,7351.96,0.0545,237.713,0.16,7
2171,3,0,6,11.6554,7348.79
1549,3,0,6,11.6488,7313.78
1148,3,0,6,11.6453,7293.9
1128,3,0,6,11.6331,7232.8
2045,3,0,6,11.61,7116.71
1120,3,0,6,11.5917,7021.31
1094,3,0,6,11.5855,6989.78
1091,3,0,6,11.5782,6950.78
1092,3,0,6,11.5739,6928.32
1074,3,0,6,11.5685,6899.74
1077,3,0,6,11.5589,6848.92
1080,3,0,6,11.5454,6781.71
1079,3,0,6,11.5388,6747.26
1061,3,0,6,11.5345,6725.97
1063,3,0,6,11.531,6707.81
1062,3,0,6,11.5299,6700.73
2159,3,0,6,11.5297,6699.61
1045,3,0,6,11.529,6696.46
1043,3,0,6,11.5256,6679.26
1044,3,0,6,11.521,6655.37
1314,3,0,7,11.8416,8268.45,0.0836667,364.929,0.21,8
2163,3,0,7,11.8295,8200.2
2051,3,0,7,11.7917,8004.23
1154,3,0,7,11.775,7915.08
1156,3,0,7,11.7681,7877.51
1155,3,0,7,11.7534,7804.15
1781,3,0,7,11.7471,7772.27
2107,3,0,7,11.7399,7736.11
1779,3,0,7,11.7187,7629.21
1780,3,0,7,11.7106,7589.67
1563,3,0,8,11.9704,8878.01,0.06,261.702,0.03,9
2164,3,0,8,11.9583,8813.86
1313,3,0,8,11.9339,8684.1
1309,3,0,8,11.9258,8636.25
1314,3,0,8,11.9253,8633.38
954,3,0,9,12.1561,9802.06,0.0338333,147.571,0.27,10
956,3,0,9,12.1305,9671.51
955,3,0,9,12.1235,9635.72
1598,3,0,9,12.1039,9534.88
2025,3,0,9,12.1002,9514.36
949,3,0,9,12.0969,9497.5
1302,3,0,9,12.0702,9357.83
1307,3,0,9,12.055,9274.04
2164,3,0,9,12.0388,9188.57
1563,3,0,9,12.0304,9139.71
610,3,0,10,12.4225,11181.1,0,0,0
614,3,0,10,12.4131,11134.8
612,3,0,10,12.4107,11121
423,3,0,10,12.4069,11098.2
419,3,0,10,12.4002,11060.6
420,3,0,10,12.3941,11024.6
421,3,0,10,12.3896,10997.1
417,3,0,10,12.3846,10970.4
1989,3,0,10,12.3661,10876.2
2011,3,0,10,12.3468,10776.4
2156,3,0,10,12.3414,10748.4
2013,3,0,10,12.3408,10745.2
886,3,0,10,12.3326,10702.6
888,3,0,10,12.3142,10602.6
903,3,0,10,12.3044,10549.6
904,3,0,10,12.3011,10531.9
925,3,0,10,12.2775,10403.4
2019,3,0,10,12.2721,10376.1
929,3,0,10,12.2717,10374.1
928,3,0,10,12.2466,10247.2
947,3,0,10,12.23,10159.4
946,3,0,10,12.2211,10111.4
945,3,0,10,12.1966,9984.57
954,3,0,10,12.1899,9949.63
1044,4,0,0,10.4839,789.474,0.0425,185.372,0.08,1
1043,4,0,0,10.4789,764.208
2158,4,0,0,10.472,728.848
2030,4,0,0,10.468,709.012
1011,4,0,0,10.4678,708.14
1547,4,0,0,10.4548,643.242
1546,4,0,0,10.4504,620.079
975,4,0,0,10.447,602.282
2026,4,0,0,10.4406,568.492
2027,4,0,0,10.4361,545.262
1998,4,0,0,10.426,493.634
686,4,0,0,10.4222,473.636
685,4,0,0,10.4115,419.441
681,4,0,0,10.4049,384.678
682,4,0,0,10.396,338.439
677,4,0,0,10.388,296.886
678,4,0,0,10.3818,265.906
674,4,0,0,10.3672,189.995
669,4,0,0,10.3541,120.422
673,4,0,0,10.3468,81.4569
672,4,0,0,10.3388,42.3249
610,4,0,0,10.33,0
1780,4,0,1,10.6646,1684.64,0.0645,281.33,0.14,2
2171,4,0,1,10.664,1681.47
1549,4,0,1,10.6564,1642.24
1148,4,0,1,10.6527,1621.55
1128,4,0,1,10.6407,1561.04
2045,4,0,1,10.623,1468.22
1120,4,0,1,10.6075,1384.11
1094,4,0,1,10.6007,1350.45
1091,4,0,1,10.5872,1285.7
1092,4,0,1,10.583,1263.56
1074,4,0,1,10.5771,1233.11
1077,4,0,1,10.5668,1179.31
1080,4,0,1,10.5518,1105.49
1079,4,0,1,10.5436,1064.36
1061,4,0,1,10.5393,1043.07
1063,4,0,1,10.5358,1024.86
1062,4,0,1,10.5347,1017.81
2159,4,0,1,10.5345,1016.59
1045,4,0,1,10.5338,1013.44
1043,4,0,1,10.5306,997.286
1044,4,0,1,10.5264,974.847
1314,4,0,2,10.881,2732.03,0.113667,495.78,0.18,3
2163,4,0,2,10.8653,2648.01
2051,4,0,2,10.827,2449.94
1154,4,0,2,10.8057,2341.13
1156,4,0,2,10.7958,2290.77
1155,4,0,2,10.7831,2226.05
1781,4,0,2,10.7766,2193.16
2107,4,0,2,10.7697,2158.38
1779,4,0,2,10.7386,2010.91
1780,4,0,2,10.7291,1965.97
1563,4,0,3,11.0375,3461.55,0.06,261.702,0.03,4
2164,4,0,3,11.0256,3398.48
1313,4,0,3,11.0037,3279.02
1309,4,0,3,10.9953,3230.68
1314,4,0,3,10.9947,3227.81
954,4,0,4,11.2282,4405.62,0.102,444.893,0.25,5
956,4,0,4,11.2004,4265.29
955,4,0,4,11.1918,4223.57
1598,4,0,4,11.1722,4122.09
2025,4,0,4,11.1686,4102.41
949,4,0,4,11.1654,4086.01
1302,4,0,4,11.1434,3966.62
1307,4,0,4,11.1278,3880.77
2164,4,0,4,11.1089,3784.07
1563,4,0,4,11.0975,3723.25
352,4,0,5,11.5577,6018.89,0.112667,491.418,0.14,6
1983,4,0,5,11.5327,5893.48
813,4,0,5,11.4865,5662.15
822,4,0,5,11.456,5506.17
2153,4,0,5,11.435,5394.24
831,4,0,5,11.435,5394.16
825,4,0,5,11.4346,5392.13
834,4,0,5,11.4231,5331.69
835,4,0,5,11.4161,5289.62
2154,4,0,5,11.3901,5151.93
857,4,0,5,11.3814,5106.38
926,4,0,5,11.3734,5063.83
945,4,0,5,11.3362,4882.63
954,4,0,5,11.3302,4850.52
140,4,0,6,11.8551,7499.68,0.0621667,271.152,0.24,7
360,4,0,6,11.8159,7288.22
369,4,0,6,11.7927,7165.41
376,4,0,6,11.775,7068.15
382,4,0,6,11.7584,6977.52
390,4,0,6,11.7428,6893.1
397,4,0,6,11.7263,6804.54
389,4,0,6,11.7147,6742.17
388,4,0,6,11.6896,6611.61
352,4,0,6,11.6704,6510.31
135,4,0,7,12.0481,8478.12,0.0491667,214.45,0.14,8
133,4,0,7,12.0393,8426.91
134,4,0,7,12.0317,8374.95
129,4,0,7,12.024,8335.31
1717,4,0,7,12.0027,8215.72
128,4,0,7,11.9694,8044.64
127,4,0,7,11.9661,8027.2
132,4,0,7,11.944,7919.19
140,4,0,7,11.9173,7770.83
179,4,0,8,12.1774,9112.6,0.0786667,343.12,0.27,9
178,4,0,8,12.1535,8989.21
177,4,0,8,12.1484,8963.17
2091,4,0,8,12.1318,8873.93
171,4,0,8,12.115,8786.82
135,4,0,8,12.0973,8692.57
524,4,0,9,12.3869,10157.6,0.0848333,370.017,0.45,10
523,4,0,9,12.3795,10120.7
508,4,0,9,12.3581,10009.2
483,4,0,9,12.3479,9957.19
482,4,0,9,12.3445,9939.6
454,4,0,9,12.3184,9795.38
448,4,0,9,12.3116,9751.02
447,4,0,9,12.2998,9689.94
1976,4,0,9,12.2945,9660.03
1975,4,0,9,12.2813,9589.6
2129,4,0,9,12.2685,9520.14
179,4,0,9,12.2561,9455.72
610,4,0,10,12.6042,11280.3,0,0,0
614,4,0,10,12.5948,11234
612,4,0,10,12.5923,11220.2
423,4,0,10,12.5886,11197.4
609,4,0,10,12.5827,11141.1
628,4,0,10,12.5727,11067.1
561,4,0,10,12.5689,11042.3
557,4,0,10,12.5608,10994.2
554,4,0,10,12.5585,10982.4
565,4,0,10,12.5504,10937.4
573,4,0,10,12.5451,10910.8
574,4,0,10,12.5378,10861.3
1844,4,0,10,12.5347,10843.3
575,4,0,10,12.5319,10827.2
578,4,0,10,12.5267,10796.8
543,4,0,10,12.505,10690.6
522,4,0,10,12.4912,10622.2
521,4,0,10,12.4851,10592.5
525,4,0,10,12.4775,10556.2
524,4,0,10,12.4717,10527.6
1044,5,0,0,10.1539,789.474,0.0425,185.372,0.08,1
1043,5,0,0,10.1489,764.208
2158,5,0,0,10.142,728.848
2030,5,0,0,10.138,709.012
1011,5,0,0,10.1378,708.14
1547,5,0,0,10.1248,643.242
1546,5,0,0,10.1204,620.079
975,5,0,0,10.117,602.282
2026,5,0,0,10.1106,568.492
2027,5,0,0,10.1061,545.262
1998,5,0,0,10.096,493.634
686,5,0,0,10.0922,473.636
685,5,0,0,10.0815,419.441
681,5,0,0,10.0749,384.678
682,5,0,0,10.066,338.439
677,5,0,0,10.058,296.886
678,5,0,0,10.0518,265.906
674,5,0,0,10.0372,189.995
669,5,0,0,10.0241,120.422
673,5,0,0,10.0168,81.4569
672,5,0,0,10.0088,42.3249
610,5,0,0,10,0
1780,5,0,1,10.3346,1684.64,0.0645,281.33,0.14,2
2171,5,0,1,10.334,1681.47
1549,5,0,1,10.3264,1642.24
1148,5,0,1,10.3227,1621.55
1128,5,0,1,10.3107,1561.04
2045,5,0,1,10.293,1468.22
1120,5,0,1,10.2775,1384.11
1094,5,0,1,10.2707,1350.45
1091,5,0,1,10.2572,1285.7
1092,5,0,1,10.253,1263.56
1074,5,0,1,10.2471,1233.11
1077,5,0,1,10.2368,1179.31
1080,5,0,1,10.2218,1105.49
1079,5,0,1,10.2136,1064.36
1061,5,0,1,10.2093,1043.07
1063,5,0,1,10.2058,1024.86
1062,5,0,1,10.2047,1017.81
2159,5,0,1,10.2045,1016.59
1045,5,0,1,10.2038,1013.44
1043,5,0,1,10.2006,997.286
1044,5,0,1,10.1964,974.847
1314,5,0,2,10.551,2732.03,0.113667,495.78,0.18,3
2163,5,0,2,10.5353,2648.01
2051,5,0,2,10.497,2449.94
1154,5,0,2,10.4757,2341.13
1156,5,0,2,10.4658,2290.77
1155,5,0,2,10.4531,2226.05
1781,5,0,2,10.4466,2193.16
2107,5,0,2,10.4397,2158.38
1779,5,0,2,10.4086,2010.91
1780,5,0,2,10.3991,1965.97
1563,5,0,3,10.7075,3461.55,0.099,431.808,0.04,4
2164,5,0,3,10.6956,3398.48
1313,5,0,3,10.6737,3279.02
1309,5,0,3,10.6653,3230.68
1314,5,0,3,10.6647,3227.81
954,5,0,4,10.9323,4554.68,0.0603333,263.156,0.24,5
956,5,0,4,10.9053,4417.74
955,5,0,4,10.8962,4373.66
1598,5,0,4,10.8755,4267.98
2025,5,0,4,10.8713,4245.34
949,5,0,4,10.8684,4230.21
1302,5,0,4,10.8488,4121.02
1307,5,0,4,10.8335,4036.77
2164,5,0,4,10.8167,3948.87
1563,5,0,4,10.8065,3893.36
352,5,0,5,11.198,5891.95,0.112667,491.418,0.14,6
1983,5,0,5,11.1747,5773.74
813,5,0,5,11.1377,5581.12
822,5,0,5,11.114,5453.97
2153,5,0,5,11.0929,5341.76
831,5,0,5,11.0929,5341.68
825,5,0,5,11.0925,5339.65
834,5,0,5,11.0823,5284.73
835,5,0,5,11.0738,5237.81
2154,5,0,5,11.0441,5084.39
857,5,0,5,11.0354,5038.42
926,5,0,5,11.0254,4987.59
945,5,0,5,10.999,4851.25
954,5,0,5,10.9926,4817.83
140,5,0,6,11.4953,7372.73,0.0621667,271.152,0.24,7
360,5,0,6,11.4562,7161.27
369,5,0,6,11.433,7038.46
376,5,0,6,11.4152,6941.2
382,5,0,6,11.3987,6850.57
390,5,0,6,11.383,6766.15
397,5,0,6,11.3665,6677.59
389,5,0,6,11.3549,6615.23
388,5,0,6,11.3299,6484.66
352,5,0,6,11.3106,6383.36
135,5,0,7,11.6884,8351.17,0.113833,496.507,0.15,8
133,5,0,7,11.6795,8299.96
134,5,0,7,11.6719,8248
129,5,0,7,11.6643,8208.36
1717,5,0,7,11.643,8088.77
128,5,0,7,11.6097,7917.69
127,5,0,7,11.6063,7900.25
132,5,0,7,11.5843,7792.24
140,5,0,7,11.5575,7643.88
179,5,0,8,11.8767,9243.47,0.0948333,413.634,0.23,9
178,5,0,8,11.8522,9117.27
177,5,0,8,11.8467,9089.59
2091,5,0,8,11.8328,9012.37
171,5,0,8,11.8171,8930.01
135,5,0,8,11.8022,8847.67
524,5,0,9,12.1055,10370.7,0.0848333,370.017,0.45,10
523,5,0,9,12.0986,10335.7
508,5,0,9,12.0794,10233.9
483,5,0,9,12.0675,10174.9
482,5,0,9,12.0619,10148
454,5,0,9,12.0361,10005
448,5,0,9,12.0289,9960.24
447,5,0,9,12.0189,9906.61
1976,5,0,9,12.0136,9876.84
1975,5,0,9,11.9984,9798.07
2129,5,0,9,11.9851,9726.3
179,5,0,9,11.9715,9657.11
610,5,0,10,12.3227,11493.4,0,0,0
614,5,0,10,12.3134,11447.1
612,5,0,10,12.3109,11433.3
423,5,0,10,12.3072,11410.5
609,5,0,10,12.3013,11354.2
628,5,0,10,12.2913,11280.1
561,5,0,10,12.2875,11255.4
557,5,0,10,12.2794,11207.3
554,5,0,10,12.2771,11195.5
565,5,0,10,12.269,11150.5
573,5,0,10,12.2637,11123.9
574,5,0,10,12.2564,11074.4
1844,5,0,10,12.2533,11056.4
575,5,0,10,12.2505,11040.3
578,5,0,10,12.2453,11009.8
543,5,0,10,12.2236,10903.7
522,5,0,10,12.2098,10835.3
521,5,0,10,12.2037,10805.6
525,5,0,10,12.1961,10769.3
524,5,0,10,12.1903,10740.7
1044,6,0,0,10.2139,789.474,0.0425,185.372,0.08,1
1043,6,0,0,10.2089,764.208
2158,6,0,0,10.202,728.848
2030,6,0,0,10.198,709.012
1011,6,0,0,10.1979,708.14
1547,6,0,0,10.1848,643.242
1546,6,0,0,10.1804,620.079
975,6,0,0,10.177,602.282
2026,6,0,0,10.1706,568.492
2027,6,0,0,10.1661,545.262
1998,6,0,0,10.156,493.634
686,6,0,0,10.1522,473.636
685,6,0,0,10.1415,419.441
681,6,0,0,10.1349,384.678
682,6,0,0,10.126,338.439
677,6,0,0,10.118,296.886
678,6,0,0,10.1118,265.906
674,6,0,0,10.0972,189.995
669,6,0,0,10.0841,120.422
673,6,0,0,10.0768,81.4569
672,6,0,0,10.0688,42.3249
610,6,0,0,10.06,0
1780,6,0,1,10.3946,1684.64,0.0645,281.33,0.14,2
2171,6,0,1,10.394,1681.47
1549,6,0,1,10.3864,1642.24
1148,6,0,1,10.3827,1621.55
1128,6,0,1,10.3707,1561.04
2045,6,0,1,10.353,1468.22
1120,6,0,1,10.3375,1384.11
1094,6,0,1,10.3307,1350.45
1091,6,0,1,10.3172,1285.7
1092,6,0,1,10.313,1263.56
1074,6,0,1,10.3071,1233.11
1077,6,0,1,10.2968,1179.31
1080,6,0,1,10.2818,1105.49
1079,6,0,1,10.2736,1064.36
1061,6,0,1,10.2693,1043.07
1063,6,0,1,10.2658,1024.86
1062,6,0,1,10.2647,1017.81
2159,6,0,1,10.2645,1016.59
1045,6,0,1,10.2638,1013.44
1043,6,0,1,10.2606,997.286
1044,6,0,1,10.2564,974.847
1314,6,0,2,10.611,2732.03,0.113667,495.78,0.18,3
2163,6,0,2,10.5953,2648.01
2051,6,0,2,10.557,2449.94
1154,6,0,2,10.5357,2341.13
1156,6,0,2,10.5258,2290.77
1155,6,0,2,10.5131,2226.05
1781,6,0,2,10.5066,2193.16
2107,6,0,2,10.4997,2158.38
1779,6,0,2,10.4686,2010.91
1780,6,0,2,10.4591,1965.97
1563,6,0,3,10.7675,3461.55,0.099,431.808,0.04,4
2164,6,0,3,10.7556,3398.48
1313,6,0,3,10.7337,3279.02
1309,6,0,3,10.7253,3230.68
1314,6,0,3,10.7247,3227.81
954,6,0,4,10.9923,4554.68,0.0603333,263.156,0.24,5
956,6,0,4,10.9653,4417.74
955,6,0,4,10.9562,4373.66
1598,6,0,4,10.9355,4267.98
2025,6,0,4,10.9313,4245.34
949,6,0,4,10.9284,4230.21
1302,6,0,4,10.9088,4121.02
1307,6,0,4,10.8935,4036.77
2164,6,0,4,10.8767,3948.87
1563,6,0,4,10.8665,3893.36
352,6,0,5,11.2801,5986.21,0.112667,491.418,0.14,6
1983,6,0,5,11.2552,5860.8
813,6,0,5,11.209,5629.47
822,6,0,5,11.1784,5473.49
2153,6,0,5,11.1574,5361.56
831,6,0,5,11.1574,5361.48
825,6,0,5,11.157,5359.45
834,6,0,5,11.1456,5299.01
835,6,0,5,11.1386,5256.94
2154,6,0,5,11.1126,5119.25
857,6,0,5,11.1039,5073.69
926,6,0,5,11.0958,5031.14
945,6,0,5,11.0587,4849.95
954,6,0,5,11.0526,4817.83
140,6,0,6,11.5775,7467,0.0621667,271.152,0.24,7
360,6,0,6,11.5383,7255.54
369,6,0,6,11.5151,7132.72
376,6,0,6,11.4974,7035.47
382,6,0,6,11.4809,6944.84
390,6,0,6,11.4652,6860.42
397,6,0,6,11.4487,6771.85
389,6,0,6,11.4371,6709.49
388,6,0,6,11.4121,6578.93
352,6,0,6,11.3928,6477.63
179,6,0,7,11.833,8783.72,0.0948333,413.634,0.23,8
178,6,0,7,11.8084,8657.51
177,6,0,7,11.8029,8629.84
184,6,0,7,11.7825,8518.51
440,6,0,7,11.7659,8427.32
451,6,0,7,11.7471,8331.61
368,6,0,7,11.7285,8226.56
367,6,0,7,11.7258,8211.7
361,6,0,7,11.6928,8027.5
360,6,0,7,11.6826,7965.6
140,6,0,7,11.6397,7738.15
135,6,0,8,12.0135,9646.26,0.0491667,214.45,0.14,9
171,6,0,8,11.996,9553.03
2091,6,0,8,11.9833,9483.38
172,6,0,8,11.9805,9468.52
1535,6,0,8,11.9708,9416.92
177,6,0,8,11.9606,9362.76
178,6,0,8,11.9556,9337.4
179,6,0,8,11.9278,9197.35
524,6,0,9,12.2536,10884.2,0.0848333,370.017,0.45,10
523,6,0,9,12.2462,10847.3
508,6,0,9,12.2248,10735.8
483,6,0,9,12.2146,10683.8
482,6,0,9,12.2112,10666.2
454,6,0,9,12.1851,10522
455,6,0,9,12.1828,10507.8
453,6,0,9,12.1736,10442.2
446,6,0,9,12.1644,10391.2
442,6,0,9,12.15,10321.2
1857,6,0,9,12.1405,10272.6
441,6,0,9,12.1354,10247.5
185,6,0,9,12.1251,10192.5
177,6,0,9,12.1138,10131.3
2091,6,0,9,12.0971,10042.1
171,6,0,9,12.0803,9954.97
135,6,0,9,12.0626,9860.71
610,6,0,10,12.4709,12006.9,0,0,0
614,6,0,10,12.4615,11960.7
612,6,0,10,12.459,11946.8
423,6,0,10,12.4553,11924
609,6,0,10,12.4494,11867.7
628,6,0,10,12.4394,11793.7
561,6,0,10,12.4356,11768.9
557,6,0,10,12.4275,11720.8
554,6,0,10,12.4252,11709
565,6,0,10,12.4171,11664
573,6,0,10,12.4118,11637.4
574,6,0,10,12.4045,11587.9
1844,6,0,10,12.4014,11569.9
575,6,0,10,12.3986,11553.9
578,6,0,10,12.3934,11523.4
543,6,0,10,12.3717,11417.2
522,6,0,10,12.3579,11348.8
521,6,0,10,12.3518,11319.1
525,6,0,10,12.3442,11282.8
524,6,0,10,12.3384,11254.2
1044,7,0,0,10.1539,789.474,0.0425,185.372,0.08,1
1043,7,0,0,10.1489,764.208
2158,7,0,0,10.142,728.848
2030,7,0,0,10.138,709.012
1011,7,0,0,10.1378,708.14
1547,7,0,0,10.1248,643.242
1546,7,0,0,10.1204,620.079
975,7,0,0,10.117,602.282
2026,7,0,0,10.1106,568.492
2027,7,0,0,10.1061,545.262
1998,7,0,0,10.096,493.634
686,7,0,0,10.0922,473.636
685,7,0,0,10.0815,419.441
681,7,0,0,10.0749,384.678
682,7,0,0,10.066,338.439
677,7,0,0,10.058,296.886
678,7,0,0,10.0518,265.906
674,7,0,0,10.0372,189.995
669,7,0,0,10.0241,120.422
673,7,0,0,10.0168,81.4569
672,7,0,0,10.0088,42.3249
610,7,0,0,10,0
1780,7,0,1,10.3346,1684.64,0.0645,281.33,0.14,2
2171,7,0,1,10.334,1681.47
1549,7,0,1,10.3264,1642.24
1148,7,0,1,10.3227,1621.55
1128,7,0,1,10.3107,1561.04
2045,7,0,1,10.293,1468.22
1120,7,0,1,10.2775,1384.11
1094,7,0,1,10.2707,1350.45
1091,7,0,1,10.2572,1285.7
1092,7,0,1,10.253,1263.56
1074,7,0,1,10.2471,1233.11
1077,7,0,1,10.2368,1179.31
1080,7,0,1,10.2218,1105.49
1079,7,0,1,10.2136,1064.36
1061,7,0,1,10.2093,1043.07
1063,7,0,1,10.2058,1024.86
1062,7,0,1,10.2047,1017.81
2159,7,0,1,10.2045,1016.59
1045,7,0,1,10.2038,1013.44
1043,7,0,1,10.2006,997.286
1044,7,0,1,10.1964,974.847
1314,7,0,2,10.551,2732.03,0.113667,495.78,0.18,3
2163,7,0,2,10.5353,2648.01
2051,7,0,2,10.497,2449.94
1154,7,0,2,10.4757,2341.13
1156,7,0,2,10.4658,2290.77
1155,7,0,2,10.4531,2226.05
1781,7,0,2,10.4466,2193.16
2107,7,0,2,10.4397,2158.38
1779,7,0,2,10.4086,2010.91
1780,7,0,2,10.3991,1965.97
1563,7,0,3,10.7075,3461.55,0.099,431.808,0.04,4
2164,7,0,3,10.6956,3398.48
1313,7,0,3,10.6737,3279.02
1309,7,0,3,10.6653,3230.68
1314,7,0,3,10.6647,3227.81
954,7,0,4,10.9323,4554.68,0.0603333,263.156,0.24,5
956,7,0,4,10.9053,4417.74
955,7,0,4,10.8962,4373.66
1598,7,0,4,10.8755,4267.98
2025,7,0,4,10.8713,4245.34
949,7,0,4,10.8684,4230.21
1302,7,0,4,10.8488,4121.02
1307,7,0,4,10.8335,4036.77
2164,7,0,4,10.8167,3948.87
1563,7,0,4,10.8065,3893.36
352,7,0,5,11.198,5891.95,0.112667,491.418,0.14,6
1983,7,0,5,11.1747,5773.74
813,7,0,5,11.1377,5581.12
822,7,0,5,11.114,5453.97
2153,7,0,5,11.0929,5341.76
831,7,0,5,11.0929,5341.68
825,7,0,5,11.0925,5339.65
834,7,0,5,11.0823,5284.73
835,7,0,5,11.0738,5237.81
2154,7,0,5,11.0441,5084.39
857,7,0,5,11.0354,5038.42
926,7,0,5,11.0254,4987.59
945,7,0,5,10.999,4851.25
954,7,0,5,10.9926,4817.83
140,7,0,6,11.4953,7372.73,0.0621667,271.152,0.24,7
360,7,0,6,11.4562,7161.27
369,7,0,6,11.433,7038.46
376,7,0,6,11.4152,6941.2
382,7,0,6,11.3987,6850.57
390,7,0,6,11.383,6766.15
397,7,0,6,11.3665,6677.59
389,7,0,6,11.3549,6615.23
388,7,0,6,11.3299,6484.66
352,7,0,6,11.3106,6383.36
135,7,0,7,11.6884,8351.17,0.113833,496.507,0.15,8
133,7,0,7,11.6795,8299.96
134,7,0,7,11.6719,8248
129,7,0,7,11.6643,8208.36
1717,7,0,7,11.643,8088.77
128,7,0,7,11.6097,7917.69
127,7,0,7,11.6063,7900.25
132,7,0,7,11.5843,7792.24
140,7,0,7,11.5575,7643.88
179,7,0,8,11.8767,9243.47,0.0948333,413.634,0.23,9
178,7,0,8,11.8522,9117.27
177,7,0,8,11.8467,9089.59
2091,7,0,8,11.8328,9012.37
171,7,0,8,11.8171,8930.01
135,7,0,8,11.8022,8847.67
610,7,0,9,12.1823,10839.6,0,0,0
614,7,0,9,12.1741,10798.1
612,7,0,9,12.1716,10784
426,7,0,9,12.1617,10731.4
424,7,0,9,12.1594,10718
407,7,0,9,12.142,10626.8
406,7,0,9,12.1372,10602.2
403,7,0,9,12.1335,10573.6
394,7,0,9,12.1228,10516.9
384,7,0,9,12.1187,10495.6
385,7,0,9,12.115,10476.4
377,7,0,9,12.1116,10458.3
2134,7,0,9,12.0967,10373
371,7,0,9,12.0917,10332.1
372,7,0,9,12.0751,10226.5
460,7,0,9,12.0693,10191.9
461,7,0,9,12.0592,10125.7
462,7,0,9,12.0576,10111.4
1990,7,0,9,12.0498,10058.3
1857,7,0,9,12.0328,9971.26
441,7,0,9,12.0279,9946.95
185,7,0,9,12.0168,9888.76
177,7,0,9,12.0043,9822.52
178,7,0,9,11.9994,9797.16
179,7,0,9,11.9715,9657.11
524,7,1,0,13.4706,741.136,0.0808333,352.571,0.41,1
525,7,1,0,13.4629,704.818
546,7,1,0,13.4411,601.333
583,7,1,0,13.4253,522.372
580,7,1,0,13.4229,508.176
574,7,1,0,13.4024,400.638
573,7,1,0,13.3932,348.55
564,7,1,0,13.3859,309.306
557,7,1,0,13.38,276.225
561,7,1,0,13.3733,229.691
628,7,1,0,13.3691,204.318
615,7,1,0,13.3642,176.338
608,7,1,0,13.3522,111.42
607,7,1,0,13.3491,95.0275
606,7,1,0,13.3411,54.728
610,7,1,0,13.33,0
610,7,1,1,13.6823,1852.3,0,0,0
614,7,1,1,13.6739,1810.15
612,7,1,1,13.6711,1794.97
423,7,1,1,13.6677,1772.53
609,7,1,1,13.6618,1716.21
628,7,1,1,13.6519,1642.21
561,7,1,1,13.648,1617.44
557,7,1,1,13.6406,1570.21
554,7,1,1,13.6384,1559.06
565,7,1,1,13.6283,1505.42
573,7,1,1,13.623,1478.82
574,7,1,1,13.6157,1429.36
1844,7,1,1,13.6126,1411.32
575,7,1,1,13.6099,1395.24
578,7,1,1,13.6046,1364.69
586,7,1,1,13.6011,1346.06
583,7,1,1,13.5974,1326.48
589,7,1,1,13.5869,1278.6
581,7,1,1,13.5833,1258.65
544,7,1,1,13.5676,1179.74
523,7,1,1,13.5573,1124.38
524,7,1,1,13.5514,1093.71
1044,8,0,0,10.2139,789.474,0.0425,185.372,0.08,1
1043,8,0,0,10.2089,764.208
2158,8,0,0,10.202,728.848
2030,8,0,0,10.198,709.012
1011,8,0,0,10.1979,708.14
1547,8,0,0,10.1848,643.242
1546,8,0,0,10.1804,620.079
975,8,0,0,10.177,602.282
2026,8,0,0,10.1706,568.492
2027,8,0,0,10.1661,545.262
1998,8,0,0,10.156,493.634
686,8,0,0,10.1522,473.636
685,8,0,0,10.1415,419.441
681,8,0,0,10.1349,384.678
682,8,0,0,10.126,338.439
677,8,0,0,10.118,296.886
678,8,0,0,10.1118,265.906
674,8,0,0,10.0972,189.995
669,8,0,0,10.0841,120.422
673,8,0,0,10.0768,81.4569
672,8,0,0,10.0688,42.3249
610,8,0,0,10.06,0
1780,8,0,1,10.3946,1684.64,0.0645,281.33,0.14,2
2171,8,0,1,10.394,1681.47
1549,8,0,1,10.3864,1642.24
1148,8,0,1,10.3827,1621.55
1128,8,0,1,10.3707,1561.04
2045,8,0,1,10.353,1468.22
1120,8,0,1,10.3375,1384.11
1094,8,0,1,10.3307,1350.45
1091,8,0,1,10.3172,1285.7
1092,8,0,1,10.313,1263.56
1074,8,0,1,10.3071,1233.11
1077,8,0,1,10.2968,1179.31
1080,8,0,1,10.2818,1105.49
1079,8,0,1,10.2736,1064.36
1061,8,0,1,10.2693,1043.07
1063,8,0,1,10.2658,1024.86
1062,8,0,1,10.2647,1017.81
2159,8,0,1,10.2645,1016.59
1045,8,0,1,10.2638,1013.44
1043,8,0,1,10.2606,997.286
1044,8,0,1,10.2564,974.847
1314,8,0,2,10.611,2732.03,0.113667,495.78,0.18,3
2163,8,0,2,10.5953,2648.01
2051,8,0,2,10.557,2449.94
1154,8,0,2,10.5357,2341.13
1156,8,0,2,10.5258,2290.77
1155,8,0,2,10.5131,2226.05
1781,8,0,2,10.5066,2193.16
2107,8,0,2,10.4997,2158.38
1779,8,0,2,10.4686,2010.91
1780,8,0,2,10.4591,1965.97
1563,8,0,3,10.7675,3461.55,0.099,431.808,0.04,4
2164,8,0,3,10.7556,3398.48
1313,8,0,3,10.7337,3279.02
1309,8,0,3,10.7253,3230.68
1314,8,0,3,10.7247,3227.81
954,8,0,4,10.9923,4554.68,0.0603333,263.156,0.24,5
956,8,0,4,10.9653,4417.74
955,8,0,4,10.9562,4373.66
1598,8,0,4,10.9355,4267.98
2025,8,0,4,10.9313,4245.34
949,8,0,4,10.9284,4230.21
1302,8,0,4,10.9088,4121.02
1307,8,0,4,10.8935,4036.77
2164,8,0,4,10.8767,3948.87
1563,8,0,4,10.8665,3893.36
352,8,0,5,11.2801,5986.21,0.112667,491.418,0.14,6
1983,8,0,5,11.2552,5860.8
813,8,0,5,11.209,5629.47
822,8,0,5,11.1784,5473.49
2153,8,0,5,11.1574,5361.56
831,8,0,5,11.1574,5361.48
825,8,0,5,11.157,5359.45
834,8,0,5,11.1456,5299.01
835,8,0,5,11.1386,5256.94
2154,8,0,5,11.1126,5119.25
857,8,0,5,11.1039,5073.69
926,8,0,5,11.0958,5031.14
945,8,0,5,11.0587,4849.95
954,8,0,5,11.0526,4817.83
140,8,0,6,11.5775,7467,0.0621667,271.152,0.24,7
360,8,0,6,11.5383,7255.54
369,8,0,6,11.5151,7132.72
376,8,0,6,11.4974,7035.47
382,8,0,6,11.4809,6944.84
390,8,0,6,11.4652,6860.42
397,8,0,6,11.4487,6771.85
389,8,0,6,11.4371,6709.49
388,8,0,6,11.4121,6578.93
352,8,0,6,11.3928,6477.63
179,8,0,7,11.833,8783.72,0.0948333,413.634,0.23,8
178,8,0,7,11.8084,8657.51
177,8,0,7,11.8029,8629.84
184,8,0,7,11.7825,8518.51
440,8,0,7,11.7659,8427.32
451,8,0,7,11.7471,8331.61
368,8,0,7,11.7285,8226.56
367,8,0,7,11.7258,8211.7
361,8,0,7,11.6928,8027.5
360,8,0,7,11.6826,7965.6
140,8,0,7,11.6397,7738.15
135,8,0,8,12.0135,9646.26,0.0491667,214.45,0.14,9
171,8,0,8,11.996,9553.03
2091,8,0,8,11.9833,9483.38
172,8,0,8,11.9805,9468.52
1535,8,0,8,11.9708,9416.92
177,8,0,8,11.9606,9362.76
178,8,0,8,11.9556,9337.4
179,8,0,8,11.9278,9197.35
610,8,0,9,12.2967,11135.8,0,0,0
614,8,0,9,12.2873,11089.6
612,8,0,9,12.2848,11075.7
426,8,0,9,12.2758,11026.6
424,8,0,9,12.2733,11012.9
407,8,0,9,12.2481,10888.6
406,8,0,9,12.2422,10859.4
403,8,0,9,12.2287,10795
394,8,0,9,12.2188,10741.8
384,8,0,9,12.2156,10724.6
385,8,0,9,12.212,10706
377,8,0,9,12.2087,10688
2134,8,0,9,12.192,10595.7
371,8,0,9,12.1872,10554.7
372,8,0,9,12.169,10446.9
460,8,0,9,12.1634,10412.5
461,8,0,9,12.1542,10347.1
1716,8,0,9,12.1458,10303.2
451,8,0,9,12.1412,10279.4
440,8,0,9,12.1242,10191.3
184,8,0,9,12.1083,10103.1
138,8,0,9,12.091,10010.5
133,8,0,9,12.0757,9929.39
135,8,0,9,12.0626,9860.71
524,8,1,0,13.6906,741.136,0.0808333,352.571,0.41,1
525,8,1,0,13.6829,704.818
546,8,1,0,13.6611,601.333
583,8,1,0,13.6453,522.372
580,8,1,0,13.6429,508.176
574,8,1,0,13.6224,400.638
573,8,1,0,13.6132,348.55
564,8,1,0,13.6059,309.306
557,8,1,0,13.6,276.225
561,8,1,0,13.5933,229.691
628,8,1,0,13.5891,204.318
615,8,1,0,13.5842,176.338
608,8,1,0,13.5722,111.42
607,8,1,0,13.5691,95.0275
606,8,1,0,13.5611,54.728
610,8,1,0,13.55,0
610,8,1,1,13.9023,1852.3,0,0,0
614,8,1,1,13.8939,1810.15
612,8,1,1,13.8911,1794.97
423,8,1,1,13.8877,1772.53
609,8,1,1,13.8818,1716.21
628,8,1,1,13.8719,1642.21
561,8,1,1,13.868,1617.44
557,8,1,1,13.8606,1570.21
554,8,1,1,13.8584,1559.06
565,8,1,1,13.8483,1505.42
573,8,1,1,13.843,1478.82
574,8,1,1,13.8357,1429.36
1844,8,1,1,13.8326,1411.32
575,8,1,1,13.8299,1395.24
578,8,1,1,13.8246,1364.69
586,8,1,1,13.8211,1346.06
583,8,1,1,13.8174,1326.48
589,8,1,1,13.8069,1278.6
581,8,1,1,13.8033,1258.65
544,8,1,1,13.7876,1179.74
523,8,1,1,13.7773,1124.38
524,8,1,1,13.7714,1093.71
1044,9,0,0,10.1539,789.474,0.0425,185.372,0.08,1
1043,9,0,0,10.1489,764.208
2158,9,0,0,10.142,728.848
2030,9,0,0,10.138,709.012
1011,9,0,0,10.1378,708.14
1547,9,0,0,10.1248,643.242
1546,9,0,0,10.1204,620.079
975,9,0,0,10.117,602.282
2026,9,0,0,10.1106,568.492
2027,9,0,0,10.1061,545.262
1998,9,0,0,10.096,493.634
686,9,0,0,10.0922,473.636
685,9,0,0,10.0815,419.441
681,9,0,0,10.0749,384.678
682,9,0,0,10.066,338.439
677,9,0,0,10.058,296.886
678,9,0,0,10.0518,265.906
674,9,0,0,10.0372,189.995
669,9,0,0,10.0241,120.422
673,9,0,0,10.0168,81.4569
672,9,0,0,10.0088,42.3249
610,9,0,0,10,0
1780,9,0,1,10.3346,1684.64,0.0645,281.33,0.14,2
2171,9,0,1,10.334,1681.47
1549,9,0,1,10.3264,1642.24
1148,9,0,1,10.3227,1621.55
1128,9,0,1,10.3107,1561.04
2045,9,0,1,10.293,1468.22
1120,9,0,1,10.2775,1384.11
1094,9,0,1,10.2707,1350.45
1091,9,0,1,10.2572,1285.7
1092,9,0,1,10.253,1263.56
1074,9,0,1,10.2471,1233.11
1077,9,0,1,10.2368,1179.31
1080,9,0,1,10.2218,1105.49
1079,9,0,1,10.2136,1064.36
1061,9,0,1,10.2093,1043.07
1063,9,0,1,10.2058,1024.86
1062,9,0,1,10.2047,1017.81
2159,9,0,1,10.2045,1016.59
1045,9,0,1,10.2038,1013.44
1043,9,0,1,10.2006,997.286
1044,9,0,1,10.1964,974.847
1314,9,0,2,10.551,2732.03,0.113667,495.78,0.18,3
2163,9,0,2,10.5353,2648.01
2051,9,0,2,10.497,2449.94
1154,9,0,2,10.4757,2341.13
1156,9,0,2,10.4658,2290.77
1155,9,0,2,10.4531,2226.05
1781,9,0,2,10.4466,2193.16
2107,9,0,2,10.4397,2158.38
1779,9,0,2,10.4086,2010.91
1780,9,0,2,10.3991,1965.97
1563,9,0,3,10.7075,3461.55,0.099,431.808,0.04,4
2164,9,0,3,10.6956,3398.48
1313,9,0,3,10.6737,3279.02
1309,9,0,3,10.6653,3230.68
1314,9,0,3,10.6647,3227.81
954,9,0,4,10.9323,4554.68,0.0603333,263.156,0.24,5
956,9,0,4,10.9053,4417.74
955,9,0,4,10.8962,4373.66
1598,9,0,4,10.8755,4267.98
2025,9,0,4,10.8713,4245.34
949,9,0,4,10.8684,4230.21
1302,9,0,4,10.8488,4121.02
1307,9,0,4,10.8335,4036.77
2164,9,0,4,10.8167,3948.87
1563,9,0,4,10.8065,3893.36
140,9,0,5,11.3139,6512.61,0.0621667,271.152,0.24,6
360,9,0,5,11.2713,6286.73
369,9,0,5,11.2497,6170.69
376,9,0,5,11.2334,6078.91
382,9,0,5,11.218,5993.24
390,9,0,5,11.2004,5900.35
397,9,0,5,11.1836,5810.59
409,9,0,5,11.1624,5703.77
1985,9,0,5,11.1342,5569.47
881,9,0,5,11.1084,5429.94
880,9,0,5,11.0934,5348.61
899,9,0,5,11.06,5171.38
911,9,0,5,11.053,5134.57
926,9,0,5,11.0254,4987.59
945,9,0,5,10.999,4851.25
954,9,0,5,10.9926,4817.83
135,9,0,6,11.5069,7491.05,0.113833,496.507,0.15,7
133,9,0,6,11.4981,7439.84
134,9,0,6,11.4904,7387.89
129,9,0,6,11.4828,7348.24
1717,9,0,6,11.4615,7228.65
128,9,0,6,11.4282,7057.57
127,9,0,6,11.4249,7040.13
132,9,0,6,11.4028,6932.13
140,9,0,6,11.376,6783.77
179,9,0,7,11.6952,8383.36,0.0948333,413.634,0.23,8
178,9,0,7,11.6707,8257.15
177,9,0,7,11.6652,8229.48
2091,9,0,7,11.6514,8152.25
171,9,0,7,11.6357,8069.89
135,9,0,7,11.6207,7987.56
610,9,0,8,12.0009,9979.48,0,0,0
614,9,0,8,11.9926,9938
612,9,0,8,11.9901,9923.85
426,9,0,8,11.9803,9871.31
424,9,0,8,11.9779,9857.91
407,9,0,8,11.9605,9766.66
406,9,0,8,11.9558,9742.06
403,9,0,8,11.9521,9713.51
394,9,0,8,11.9414,9656.77
384,9,0,8,11.9372,9635.47
385,9,0,8,11.9335,9616.24
377,9,0,8,11.9302,9598.22
2134,9,0,8,11.9153,9512.88
371,9,0,8,11.9102,9471.99
372,9,0,8,11.8936,9366.36
460,9,0,8,11.8879,9331.81
461,9,0,8,11.8777,9265.62
462,9,0,8,11.8761,9251.24
1990,9,0,8,11.8683,9198.21
1857,9,0,8,11.8513,9111.15
441,9,0,8,11.8464,9086.83
185,9,0,8,11.8354,9028.64
177,9,0,8,11.8228,8962.4
178,9,0,8,11.8179,8937.04
179,9,0,8,11.7901,8796.99
524,9,1,0,13.3406,741.136,0.0808333,352.571,0.41,1
525,9,1,0,13.3329,704.818
546,9,1,0,13.3111,601.333
583,9,1,0,13.2953,522.372
580,9,1,0,13.2929,508.176
574,9,1,0,13.2724,400.638
573,9,1,0,13.2632,348.55
564,9,1,0,13.2559,309.306
557,9,1,0,13.25,276.225
561,9,1,0,13.2433,229.691
628,9,1,0,13.239,204.318
615,9,1,0,13.2342,176.338
608,9,1,0,13.2222,111.42
607,9,1,0,13.2191,95.0275
606,9,1,0,13.2111,54.728
610,9,1,0,13.2,0
352,9,1,1,13.6938,2604.64,0.0423333,184.645,0.11,2
388,9,1,1,13.6734,2498.27
397,9,1,1,13.6341,2294.3
399,9,1,1,13.6145,2191.27
411,9,1,1,13.6003,2112.78
1537,9,1,1,13.5643,1920.29
418,9,1,1,13.5595,1893.97
419,9,1,1,13.5443,1809.83
423,9,1,1,13.5377,1772.53
609,9,1,1,13.5318,1716.21
628,9,1,1,13.5219,1642.21
561,9,1,1,13.518,1617.44
557,9,1,1,13.5106,1570.21
554,9,1,1,13.5084,1559.06
565,9,1,1,13.4983,1505.42
573,9,1,1,13.493,1478.82
574,9,1,1,13.4857,1429.36
1844,9,1,1,13.4826,1411.32
575,9,1,1,13.4799,1395.24
578,9,1,1,13.4746,1364.69
586,9,1,1,13.4711,1346.06
583,9,1,1,13.4674,1326.48
589,9,1,1,13.4569,1278.6
581,9,1,1,13.4533,1258.65
544,9,1,1,13.4376,1179.74
523,9,1,1,13.4273,1124.38
524,9,1,1,13.4214,1093.71
610,9,1,2,13.8895,3635.75,0,0,0
614,9,1,2,13.8811,3593.61
612,9,1,2,13.8783,3578.43
423,9,1,2,13.8749,3555.99
419,9,1,2,13.8696,3521.15
418,9,1,2,13.8513,3423.6
2139,9,1,2,13.848,3404.12
2138,9,1,2,13.8316,3311.38
411,9,1,2,13.8192,3242.06
412,9,1,2,13.8172,3222.55
398,9,1,2,13.8027,3143.85
397,9,1,2,13.792,3083.05
389,9,1,2,13.7799,3018.6
388,9,1,2,13.7538,2883.49
352,9,1,2,13.7362,2789.29
179,10,0,0,10.4682,1282.78,0.0905,394.734,0.19,1
178,10,0,0,10.4457,1164.85
186,10,0,0,10.437,1114.94
443,10,0,0,10.4264,1058.36
442,10,0,0,10.4234,1041.79
452,10,0,0,10.4102,971.397
1678,10,0,0,10.3939,884.686
474,10,0,0,10.3775,800.082
2140,10,0,0,10.3675,755.172
475,10,0,0,10.3641,737.441
499,10,0,0,10.3564,697.85
497,10,0,0,10.3442,636.697
496,10,0,0,10.3349,590.143
495,10,0,0,10.328,557.542
1991,10,0,0,10.3146,492.216
513,10,0,0,10.3096,467.032
1753,10,0,0,10.3036,426.111
1751,10,0,0,10.299,401.224
530,10,0,0,10.2959,383.944
1992,10,0,0,10.2924,366.558
560,10,0,0,10.2817,311.272
618,10,0,0,10.2621,213.454
615,10,0,0,10.2604,201.605
608,10,0,0,10.2478,134.576
607,10,0,0,10.2448,118.522
606,10,0,0,10.2336,65.1504
610,10,0,0,10.22,0
1044,10,0,1,10.7836,2961.1,0.0425,185.372,0.08,2
1043,10,0,1,10.7787,2935.83
2029,10,0,1,10.7786,2935.42
1016,10,0,1,10.7744,2912.43
1548,10,0,1,10.767,2874.73
1012,10,0,1,10.762,2849.03
1014,10,0,1,10.7615,2846.63
989,10,0,1,10.7508,2789.66
990,10,0,1,10.7408,2739.4
991,10,0,1,10.7382,2727.04
706,10,0,1,10.7312,2687.58
704,10,0,1,10.7285,2674.81
2179,10,0,1,10.7283,2673.95
662,10,0,1,10.7221,2644.3
602,10,0,1,10.7107,2575.94
599,10,0,1,10.7067,2553.17
605,10,0,1,10.7026,2529.19
529,10,0,1,10.6841,2425.14
726,10,0,1,10.6695,2325.18
714,10,0,1,10.6693,2323.3
1543,10,0,1,10.6648,2293.17
459,10,0,1,10.6545,2229.73
458,10,0,1,10.6479,2184.39
456,10,0,1,10.6384,2123.25
457,10,0,1,10.6311,2084.82
454,10,0,1,10.6235,2030.86
448,10,0,1,10.617,1986.76
447,10,0,1,10.6069,1932.96
1976,10,0,1,10.6017,1903.92
187,10,0,1,10.5834,1806.8
2129,10,0,1,10.57,1737.09
179,10,0,1,10.5587,1677.52
1780,10,0,2,10.9644,3856.26,0.0645,281.33,0.14,3
2171,10,0,2,10.9637,3853.09
1549,10,0,2,10.9562,3813.86
1148,10,0,2,10.9524,3793.17
1128,10,0,2,10.9404,3732.67
2045,10,0,2,10.9228,3639.85
1120,10,0,2,10.9072,3555.73
1094,10,0,2,10.9005,3522.07
1091,10,0,2,10.887,3457.32
1092,10,0,2,10.8827,3435.18
1074,10,0,2,10.8769,3404.73
1077,10,0,2,10.8666,3350.93
1080,10,0,2,10.8516,3277.11
1079,10,0,2,10.8433,3235.98
1061,10,0,2,10.8391,3214.7
1063,10,0,2,10.8355,3196.48
1062,10,0,2,10.8345,3189.43
2159,10,0,2,10.8342,3188.21
1045,10,0,2,10.8335,3185.06
1043,10,0,2,10.8304,3168.91
1044,10,0,2,10.8261,3146.47
1314,10,0,3,11.1599,4816.37,0.0836667,364.929,0.21,4
2163,10,0,3,11.1479,4748.12
2051,10,0,3,11.11,4552.15
1154,10,0,3,11.0934,4463
1156,10,0,3,11.0865,4425.43
1155,10,0,3,11.0717,4352.07
1781,10,0,3,11.0654,4320.18
2107,10,0,3,11.0583,4284.03
1779,10,0,3,11.037,4177.13
1780,10,0,3,11.0289,4137.59
1563,10,0,4,11.2888,5425.93,0.06,261.702,0.03,5
2164,10,0,4,11.2766,5361.78
1313,10,0,4,11.2523,5232.02
1309,10,0,4,11.2442,5184.17
1314,10,0,4,11.2436,5181.3
954,10,0,5,11.4795,6370,0.102,444.893,0.25,6
956,10,0,5,11.4516,6229.67
955,10,0,5,11.4431,6187.95
1598,10,0,5,11.4234,6086.47
2025,10,0,5,11.4199,6066.78
949,10,0,5,11.4166,6050.38
1302,10,0,5,11.3947,5930.99
1307,10,0,5,11.3791,5845.14
2164,10,0,5,11.3602,5748.45
1563,10,0,5,11.3488,5687.63
610,10,0,6,11.8048,8017.99,0,0,0
614,10,0,6,11.7966,7976.51
612,10,0,6,11.7941,7962.35
423,10,0,6,11.7901,7939.29
419,10,0,6,11.7855,7904.85
420,10,0,6,11.7795,7868.9
421,10,0,6,11.7749,7841.37
417,10,0,6,11.7705,7817.48
1989,10,0,6,11.7536,7729.47
2011,10,0,6,11.7333,7625.63
2156,10,0,6,11.7267,7592.72
2013,10,0,6,11.7261,7589.56
886,10,0,6,11.7166,7541.38
888,10,0,6,11.7002,7449.91
903,10,0,6,11.6907,7398.41
904,10,0,6,11.6866,7377.38
925,10,0,6,11.6655,7259.42
2019,10,0,6,11.6602,7232.56
929,10,0,6,11.6597,7230.57
928,10,0,6,11.6351,7105.84
927,10,0,6,11.6128,6989.59
946,10,0,6,11.6081,6957.14
945,10,0,6,11.5875,6847.01
954,10,0,6,11.5815,6814.89
524,10,1,0,12.9328,754.735,0.0848333,370.017,0.45,1
525,10,1,0,12.9251,718.417
546,10,1,0,12.9092,639.152
583,10,1,0,12.894,562.23
580,10,1,0,12.8919,548.475
574,10,1,0,12.8705,437.354
573,10,1,0,12.8609,383.556
564,10,1,0,12.8534,343.295
557,10,1,0,12.8486,312.23
561,10,1,0,12.8421,265.791
628,10,1,0,12.8379,240.649
615,10,1,0,12.8324,209.993
608,10,1,0,12.8178,134.401
607,10,1,0,12.8149,118.634
606,10,1,0,12.8057,73.6908
610,10,1,0,12.79,0
135,10,1,1,13.2298,2222.59,0.0926667,404.184,0.12,2
171,10,1,1,13.2061,2103.21
2091,10,1,1,13.1928,2030.8
172,10,1,1,13.1901,2016.39
1535,10,1,1,13.1821,1971.86
177,10,1,1,13.1736,1925.17
185,10,1,1,13.1623,1864.11
441,10,1,1,13.1503,1802.15
1857,10,1,1,13.1453,1777.57
1990,10,1,1,13.1285,1691.23
463,10,1,1,13.1113,1601.19
474,10,1,1,13.0975,1528.2
2140,10,1,1,13.0893,1490.37
2141,10,1,1,13.0811,1445.39
1750,10,1,1,13.0768,1424.08
477,10,1,1,13.0718,1398.42
478,10,1,1,13.0634,1355.31
480,10,1,1,13.0595,1334.75
2143,10,1,1,13.0592,1332.84
2142,10,1,1,13.0588,1331.08
484,10,1,1,13.0554,1313.45
509,10,1,1,13.0434,1254.31
524,10,1,1,13.0177,1124.75
140,10,1,2,13.4653,3382.02,0.0831667,362.748,0.23,3
132,10,1,2,13.4295,3194.75
127,10,1,2,13.4103,3098.8
128,10,1,2,13.4061,3077.61
1717,10,1,2,13.3771,2924.82
129,10,1,2,13.3498,2779.09
134,10,1,2,13.3449,2750.59
131,10,1,2,13.3344,2691.77
135,10,1,2,13.3225,2626.77
352,10,1,3,13.7413,4775.48,0.0423333,184.645,0.11,4
388,10,1,3,13.7183,4658.47
381,10,1,3,13.7096,4611.73
375,10,1,3,13.6821,4468.35
382,10,1,3,13.6459,4270.13
376,10,1,3,13.6289,4177.53
369,10,1,3,13.609,4071.12
360,10,1,3,13.588,3957.81
140,10,1,3,13.5485,3744.77
610,10,1,4,13.937,5806.59,0,0,0
614,10,1,4,13.9286,5764.44
612,10,1,4,13.9258,5749.26
423,10,1,4,13.9224,5726.83
419,10,1,4,13.9171,5691.99
418,10,1,4,13.8988,5594.43
2139,10,1,4,13.8955,5574.96
2138,10,1,4,13.879,5482.21
411,10,1,4,13.8667,5412.89
412,10,1,4,13.8647,5393.38
398,10,1,4,13.8502,5314.68
397,10,1,4,13.8394,5253.89
389,10,1,4,13.8274,5189.43
388,10,1,4,13.8013,5054.32
352,10,1,4,13.7837,4960.12
179,11,0,0,10.6682,1282.78,0.0905,394.734,0.19,1
178,11,0,0,10.6457,1164.85
186,11,0,0,10.637,1114.94
443,11,0,0,10.6264,1058.36
442,11,0,0,10.6234,1041.79
452,11,0,0,10.6102,971.397
1678,11,0,0,10.5939,884.686
474,11,0,0,10.5775,800.082
2140,11,0,0,10.5675,755.172
475,11,0,0,10.5641,737.441
499,11,0,0,10.5564,697.85
497,11,0,0,10.5442,636.697
496,11,0,0,10.5349,590.143
495,11,0,0,10.528,557.542
1991,11,0,0,10.5146,492.216
513,11,0,0,10.5096,467.032
1753,11,0,0,10.5036,426.111
1751,11,0,0,10.499,401.224
530,11,0,0,10.4959,383.944
1992,11,0,0,10.4924,366.558
560,11,0,0,10.4817,311.272
618,11,0,0,10.4621,213.454
615,11,0,0,10.4604,201.605
608,11,0,0,10.4478,134.576
607,11,0,0,10.4448,118.522
606,11,0,0,10.4336,65.1504
610,11,0,0,10.42,0
1044,11,0,1,10.9836,2961.1,0.0425,185.372,0.08,2
1043,11,0,1,10.9787,2935.83
2029,11,0,1,10.9786,2935.42
1016,11,0,1,10.9744,2912.43
1548,11,0,1,10.967,2874.73
1012,11,0,1,10.962,2849.03
1014,11,0,1,10.9615,2846.63
989,11,0,1,10.9508,2789.66
990,11,0,1,10.9408,2739.4
991,11,0,1,10.9382,2727.04
706,11,0,1,10.9312,2687.58
704,11,0,1,10.9285,2674.81
2179,11,0,1,10.9283,2673.95
662,11,0,1,10.9221,2644.3
602,11,0,1,10.9107,2575.94
599,11,0,1,10.9067,2553.17
605,11,0,1,10.9026,2529.19
529,11,0,1,10.8841,2425.14
726,11,0,1,10.8695,2325.18
714,11,0,1,10.8693,2323.3
1543,11,0,1,10.8648,2293.17
459,11,0,1,10.8545,2229.73
458,11,0,1,10.8479,2184.39
456,11,0,1,10.8384,2123.25
457,11,0,1,10.8311,2084.82
454,11,0,1,10.8235,2030.86
448,11,0,1,10.817,1986.76
447,11,0,1,10.8069,1932.96
1976,11,0,1,10.8017,1903.92
187,11,0,1,10.7834,1806.8
2129,11,0,1,10.77,1737.09
179,11,0,1,10.7587,1677.52
1780,11,0,2,11.1612,3843.06,0.0545,237.713,0.16,3
2171,11,0,2,11.1605,3839.89
1549,11,0,2,11.1539,3804.88
1148,11,0,2,11.1504,3785
1128,11,0,2,11.1382,3723.9
2045,11,0,2,11.1151,3607.81
1120,11,0,2,11.0968,3512.41
1094,11,0,2,11.0906,3480.88
1091,11,0,2,11.0833,3441.88
1092,11,0,2,11.079,3419.41
1074,11,0,2,11.0736,3390.84
1077,11,0,2,11.064,3340.01
1080,11,0,2,11.0505,3272.81
1079,11,0,2,11.0439,3238.36
1061,11,0,2,11.0397,3217.07
1063,11,0,2,11.0361,3198.91
1062,11,0,2,11.0351,3191.83
2159,11,0,2,11.0348,3190.71
1045,11,0,2,11.0341,3187.56
1043,11,0,2,11.0307,3170.36
1044,11,0,2,11.0261,3146.47
1314,11,0,3,11.3467,4759.55,0.0836667,364.929,0.21,4
2163,11,0,3,11.3346,4691.3
2051,11,0,3,11.2968,4495.33
1154,11,0,3,11.2802,4406.18
1156,11,0,3,11.2733,4368.61
1155,11,0,3,11.2585,4295.25
1781,11,0,3,11.2522,4263.36
2107,11,0,3,11.245,4227.21
1779,11,0,3,11.2238,4120.31
1780,11,0,3,11.2157,4080.77
1563,11,0,4,11.4756,5369.11,0.06,261.702,0.03,5
2164,11,0,4,11.4634,5304.96
1313,11,0,4,11.4391,5175.2
1309,11,0,4,11.431,5127.35
1314,11,0,4,11.4304,5124.48
954,11,0,5,11.6662,6313.18,0.102,444.893,0.25,6
956,11,0,5,11.6384,6172.85
955,11,0,5,11.6299,6131.13
1598,11,0,5,11.6102,6029.65
2025,11,0,5,11.6066,6009.97
949,11,0,5,11.6034,5993.56
1302,11,0,5,11.5815,5874.17
1307,11,0,5,11.5658,5788.32
2164,11,0,5,11.5469,5691.63
1563,11,0,5,11.5356,5630.81
610,11,0,6,11.9916,7961.17,0,0,0
614,11,0,6,11.9834,7919.69
612,11,0,6,11.9808,7905.53
423,11,0,6,11.9769,7882.47
419,11,0,6,11.9723,7848.03
420,11,0,6,11.9663,7812.08
421,11,0,6,11.9617,7784.55
417,11,0,6,11.9573,7760.67
1989,11,0,6,11.9403,7672.65
2011,11,0,6,11.9201,7568.81
2156,11,0,6,11.9135,7535.9
2013,11,0,6,11.9128,7532.74
886,11,0,6,11.9033,7484.56
888,11,0,6,11.8869,7393.09
903,11,0,6,11.8775,7341.59
904,11,0,6,11.8734,7320.56
925,11,0,6,11.8522,7202.6
2019,11,0,6,11.8469,7175.74
929,11,0,6,11.8465,7173.75
928,11,0,6,11.8219,7049.02
927,11,0,6,11.7996,6932.77
946,11,0,6,11.7948,6900.32
945,11,0,6,11.7743,6790.19
954,11,0,6,11.7682,6758.07
352,11,1,0,13.0079,1083.31,0.0423333,184.645,0.11,1
388,11,1,0,12.9868,974.433
397,11,1,0,12.951,784.776
399,11,1,0,12.9343,694.367
411,11,1,0,12.9197,614.276
1537,11,1,0,12.8855,429.479
418,11,1,0,12.8809,404.29
417,11,1,0,12.8775,385.81
1989,11,1,0,12.859,291.597
432,11,1,0,12.8554,272.441
435,11,1,0,12.8501,245.849
431,11,1,0,12.8436,213.515
439,11,1,0,12.8281,136.101
672,11,1,0,12.8105,49.3878
610,11,1,0,12.8,0
140,11,1,1,13.2362,2262.76,0.0831667,362.748,0.23,2
360,11,1,1,13.1967,2049.61
369,11,1,1,13.1742,1929.79
376,11,1,1,13.1577,1838.03
382,11,1,1,13.1421,1751.38
390,11,1,1,13.1231,1652.58
397,11,1,1,13.106,1561.73
389,11,1,1,13.0939,1497.27
388,11,1,1,13.0678,1362.16
352,11,1,1,13.0502,1267.96
135,11,1,2,13.4749,3436.22,0.0926667,404.184,0.12,3
133,11,1,2,13.4645,3379.1
134,11,1,2,13.4569,3327.15
129,11,1,2,13.4497,3289.56
1717,11,1,2,13.4214,3139.86
128,11,1,2,13.396,3002.34
127,11,1,2,13.3925,2984.31
132,11,1,2,13.3732,2887.66
140,11,1,2,13.3194,2625.51
524,11,1,3,13.7588,4866.83,0.0808333,352.571,0.41,4
523,11,1,3,13.7529,4836.16
508,11,1,3,13.732,4727.08
483,11,1,3,13.72,4667.59
482,11,1,3,13.7166,4650.05
454,11,1,3,13.6891,4499.34
455,11,1,3,13.6865,4484.38
453,11,1,3,13.6778,4418.92
446,11,1,3,13.6695,4371.49
442,11,1,3,13.6578,4312.99
1857,11,1,3,13.649,4266.98
441,11,1,3,13.6429,4237.8
185,11,1,3,13.6319,4179.87
177,11,1,3,13.6196,4114.5
2091,11,1,3,13.6058,4037.62
171,11,1,3,13.5898,3953.87
135,11,1,3,13.5675,3840.4
610,11,1,4,13.9705,5977.99,0,0,0
614,11,1,4,13.9621,5935.85
612,11,1,4,13.9594,5920.67
423,11,1,4,13.9559,5898.23
609,11,1,4,13.95,5841.91
628,11,1,4,13.9401,5767.9
561,11,1,4,13.9363,5743.14
557,11,1,4,13.9288,5695.9
554,11,1,4,13.9267,5684.76
565,11,1,4,13.9166,5631.11
573,11,1,4,13.9113,5604.52
574,11,1,4,13.904,5555.05
1844,11,1,4,13.9009,5537.02
575,11,1,4,13.8981,5520.94
578,11,1,4,13.8928,5490.39
586,11,1,4,13.8893,5471.75
583,11,1,4,13.8856,5452.18
589,11,1,4,13.8751,5404.29
581,11,1,4,13.8715,5384.35
544,11,1,4,13.8559,5305.44
523,11,1,4,13.8455,5250.08
524,11,1,4,13.8396,5219.4
179,12,0,0,10.6782,1282.78,0.0905,394.734,0.19,1
178,12,0,0,10.6557,1164.85
186,12,0,0,10.647,1114.94
443,12,0,0,10.6364,1058.36
442,12,0,0,10.6334,1041.79
452,12,0,0,10.6202,971.397
1678,12,0,0,10.6039,884.686
474,12,0,0,10.5875,800.082
2140,12,0,0,10.5775,755.172
475,12,0,0,10.5741,737.441
499,12,0,0,10.5664,697.85
497,12,0,0,10.5542,636.697
496,12,0,0,10.5449,590.143
495,12,0,0,10.538,557.542
1991,12,0,0,10.5246,492.216
513,12,0,0,10.5196,467.032
1753,12,0,0,10.5136,426.111
1751,12,0,0,10.509,401.224
530,12,0,0,10.5059,383.944
1992,12,0,0,10.5024,366.558
560,12,0,0,10.4917,311.272
618,12,0,0,10.4721,213.454
615,12,0,0,10.4704,201.605
608,12,0,0,10.4578,134.576
607,12,0,0,10.4548,118.522
606,12,0,0,10.4436,65.1504
610,12,0,0,10.43,0
1044,12,0,1,10.9936,2961.1,0.0425,185.372,0.08,2
1043,12,0,1,10.9887,2935.83
2029,12,0,1,10.9886,2935.42
1016,12,0,1,10.9844,2912.43
1548,12,0,1,10.977,2874.73
1012,12,0,1,10.972,2849.03
1014,12,0,1,10.9715,2846.63
989,12,0,1,10.9608,2789.66
990,12,0,1,10.9508,2739.4
991,12,0,1,10.9482,2727.04
706,12,0,1,10.9412,2687.58
704,12,0,1,10.9385,2674.81
2179,12,0,1,10.9383,2673.95
662,12,0,1,10.9321,2644.3
602,12,0,1,10.9207,2575.94
599,12,0,1,10.9167,2553.17
605,12,0,1,10.9126,2529.19
529,12,0,1,10.8941,2425.14
726,12,0,1,10.8795,2325.18
714,12,0,1,10.8793,2323.3
1543,12,0,1,10.8748,2293.17
459,12,0,1,10.8645,2229.73
458,12,0,1,10.8579,2184.39
456,12,0,1,10.8484,2123.25
457,12,0,1,10.8411,2084.82
454,12,0,1,10.8335,2030.86
448,12,0,1,10.827,1986.76
447,12,0,1,10.8169,1932.96
1976,12,0,1,10.8117,1903.92
187,12,0,1,10.7934,1806.8
2129,12,0,1,10.78,1737.09
179,12,0,1,10.7687,1677.52
1780,12,0,2,11.1712,3843.06,0.0545,237.713,0.16,3
2171,12,0,2,11.1705,3839.89
1549,12,0,2,11.1639,3804.88
1148,12,0,2,11.1604,3785
1128,12,0,2,11.1482,3723.9
2045,12,0,2,11.1251,3607.81
1120,12,0,2,11.1068,3512.41
1094,12,0,2,11.1006,3480.88
1091,12,0,2,11.0933,3441.88
1092,12,0,2,11.089,3419.41
1074,12,0,2,11.0836,3390.84
1077,12,0,2,11.074,3340.01
1080,12,0,2,11.0605,3272.81
1079,12,0,2,11.0539,3238.36
1061,12,0,2,11.0497,3217.07
1063,12,0,2,11.0461,3198.91
1062,12,0,2,11.0451,3191.83
2159,12,0,2,11.0448,3190.71
1045,12,0,2,11.0441,3187.56
1043,12,0,2,11.0407,3170.36
1044,12,0,2,11.0361,3146.47
1314,12,0,3,11.3567,4759.55,0.0836667,364.929,0.21,4
2163,12,0,3,11.3446,4691.3
2051,12,0,3,11.3068,4495.33
1154,12,0,3,11.2902,4406.18
1156,12,0,3,11.2833,4368.61
1155,12,0,3,11.2685,4295.25
1781,12,0,3,11.2622,4263.36
2107,12,0,3,11.255,4227.21
1779,12,0,3,11.2338,4120.31
1780,12,0,3,11.2257,4080.77
1563,12,0,4,11.4856,5369.11,0.06,261.702,0.03,5
2164,12,0,4,11.4734,5304.96
1313,12,0,4,11.4491,5175.2
1309,12,0,4,11.441,5127.35
1314,12,0,4,11.4404,5124.48
954,12,0,5,11.6762,6313.18,0.102,444.893,0.25,6
956,12,0,5,11.6484,6172.85
955,12,0,5,11.6399,6131.13
1598,12,0,5,11.6202,6029.65
2025,12,0,5,11.6166,6009.97
949,12,0,5,11.6134,5993.56
1302,12,0,5,11.5915,5874.17
1307,12,0,5,11.5758,5788.32
2164,12,0,5,11.5569,5691.63
1563,12,0,5,11.5456,5630.81
610,12,0,6,12.0016,7961.17,0,0,0
614,12,0,6,11.9934,7919.69
612,12,0,6,11.9908,7905.53
423,12,0,6,11.9869,7882.47
419,12,0,6,11.9823,7848.03
420,12,0,6,11.9763,7812.08
421,12,0,6,11.9717,7784.55
417,12,0,6,11.9673,7760.67
1989,12,0,6,11.9503,7672.65
2011,12,0,6,11.9301,7568.81
2156,12,0,6,11.9235,7535.9
2013,12,0,6,11.9228,7532.74
886,12,0,6,11.9133,7484.56
888,12,0,6,11.8969,7393.09
903,12,0,6,11.8875,7341.59
904,12,0,6,11.8834,7320.56
925,12,0,6,11.8622,7202.6
2019,12,0,6,11.8569,7175.74
929,12,0,6,11.8565,7173.75
928,12,0,6,11.8319,7049.02
927,12,0,6,11.8096,6932.77
946,12,0,6,11.8048,6900.32
945,12,0,6,11.7843,6790.19
954,12,0,6,11.7782,6758.07
352,12,1,0,13.0179,1083.31,0.0423333,184.645,0.11,1
388,12,1,0,12.9968,974.433
397,12,1,0,12.961,784.776
399,12,1,0,12.9443,694.367
411,12,1,0,12.9297,614.276
1537,12,1,0,12.8955,429.479
418,12,1,0,12.8909,404.29
417,12,1,0,12.8875,385.81
1989,12,1,0,12.869,291.597
432,12,1,0,12.8654,272.441
435,12,1,0,12.8601,245.849
431,12,1,0,12.8536,213.515
439,12,1,0,12.8381,136.101
672,12,1,0,12.8205,49.3878
610,12,1,0,12.81,0
140,12,1,1,13.2462,2262.76,0.0831667,362.748,0.23,2
360,12,1,1,13.2067,2049.61
369,12,1,1,13.1842,1929.79
376,12,1,1,13.1677,1838.03
382,12,1,1,13.1521,1751.38
390,12,1,1,13.1331,1652.58
397,12,1,1,13.116,1561.73
389,12,1,1,13.1039,1497.27
388,12,1,1,13.0778,1362.16
352,12,1,1,13.0602,1267.96
135,12,1,2,13.4849,3436.22,0.0926667,404.184,0.12,3
133,12,1,2,13.4745,3379.1
134,12,1,2,13.4669,3327.15
129,12,1,2,13.4597,3289.56
1717,12,1,2,13.4314,3139.86
128,12,1,2,13.406,3002.34
127,12,1,2,13.4025,2984.31
132,12,1,2,13.3832,2887.66
140,12,1,2,13.3294,2625.51
524,12,1,3,13.7688,4866.83,0.0808333,352.571,0.41,4
523,12,1,3,13.7629,4836.16
508,12,1,3,13.742,4727.08
483,12,1,3,13.73,4667.59
482,12,1,3,13.7266,4650.05
454,12,1,3,13.6991,4499.34
455,12,1,3,13.6965,4484.38
453,12,1,3,13.6878,4418.92
446,12,1,3,13.6795,4371.49
442,12,1,3,13.6678,4312.99
1857,12,1,3,13.659,4266.98
441,12,1,3,13.6529,4237.8
185,12,1,3,13.6419,4179.87
177,12,1,3,13.6296,4114.5
2091,12,1,3,13.6158,4037.62
171,12,1,3,13.5998,3953.87
135,12,1,3,13.5775,3840.4
610,12,1,4,13.9805,5977.99,0,0,0
614,12,1,4,13.9721,5935.85
612,12,1,4,13.9694,5920.67
423,12,1,4,13.9659,5898.23
609,12,1,4,13.96,5841.91
628,12,1,4,13.9501,5767.9
561,12,1,4,13.9463,5743.14
557,12,1,4,13.9388,5695.9
554,12,1,4,13.9367,5684.76
565,12,1,4,13.9266,5631.11
573,12,1,4,13.9213,5604.52
574,12,1,4,13.914,5555.05
1844,12,1,4,13.9109,5537.02
575,12,1,4,13.9081,5520.94
578,12,1,4,13.9028,5490.39
586,12,1,4,13.8993,5471.75
583,12,1,4,13.8956,5452.18
589,12,1,4,13.8851,5404.29
581,12,1,4,13.8815,5384.35
544,12,1,4,13.8659,5305.44
523,12,1,4,13.8555,5250.08
524,12,1,4,13.8496,5219.4
179,13,0,0,10.4782,1282.78,0.0905,394.734,0.19,1
178,13,0,0,10.4557,1164.85
186,13,0,0,10.447,1114.94
443,13,0,0,10.4364,1058.36
442,13,0,0,10.4334,1041.79
452,13,0,0,10.4202,971.397
1678,13,0,0,10.4039,884.686
474,13,0,0,10.3875,800.082
2140,13,0,0,10.3775,755.172
475,13,0,0,10.3741,737.441
499,13,0,0,10.3664,697.85
497,13,0,0,10.3542,636.697
496,13,0,0,10.3449,590.143
495,13,0,0,10.338,557.542
1991,13,0,0,10.3246,492.216
513,13,0,0,10.3196,467.032
1753,13,0,0,10.3136,426.111
1751,13,0,0,10.309,401.224
530,13,0,0,10.3059,383.944
1992,13,0,0,10.3024,366.558
560,13,0,0,10.2917,311.272
618,13,0,0,10.2721,213.454
615,13,0,0,10.2704,201.605
608,13,0,0,10.2578,134.576
607,13,0,0,10.2548,118.522
606,13,0,0,10.2436,65.1504
610,13,0,0,10.23,0
1044,13,0,1,10.7936,2961.1,0.0425,185.372,0.08,2
1043,13,0,1,10.7887,2935.83
2029,13,0,1,10.7886,2935.42
1016,13,0,1,10.7844,2912.43
1548,13,0,1,10.777,2874.73
1012,13,0,1,10.772,2849.03
1014,13,0,1,10.7715,2846.63
989,13,0,1,10.7608,2789.66
990,13,0,1,10.7508,2739.4
991,13,0,1,10.7482,2727.04
706,13,0,1,10.7412,2687.58
704,13,0,1,10.7385,2674.81
2179,13,0,1,10.7383,2673.95
662,13,0,1,10.7321,2644.3
602,13,0,1,10.7207,2575.94
599,13,0,1,10.7167,2553.17
605,13,0,1,10.7126,2529.19
529,13,0,1,10.6941,2425.14
726,13,0,1,10.6795,2325.18
714,13,0,1,10.6793,2323.3
1543,13,0,1,10.6748,2293.17
459,13,0,1,10.6645,2229.73
458,13,0,1,10.6579,2184.39
456,13,0,1,10.6484,2123.25
457,13,0,1,10.6411,2084.82
454,13,0,1,10.6335,2030.86
448,13,0,1,10.627,1986.76
447,13,0,1,10.6169,1932.96
1976,13,0,1,10.6117,1903.92
187,13,0,1,10.5934,1806.8
2129,13,0,1,10.58,1737.09
179,13,0,1,10.5687,1677.52
1780,13,0,2,10.9744,3856.26,0.0645,281.33,0.14,3
2171,13,0,2,10.9737,3853.09
1549,13,0,2,10.9662,3813.86
1148,13,0,2,10.9624,3793.17
1128,13,0,2,10.9504,3732.67
2045,13,0,2,10.9328,3639.85
1120,13,0,2,10.9172,3555.73
1094,13,0,2,10.9105,3522.07
1091,13,0,2,10.897,3457.32
1092,13,0,2,10.8927,3435.18
1074,13,0,2,10.8869,3404.73
1077,13,0,2,10.8766,3350.93
1080,13,0,2,10.8616,3277.11
1079,13,0,2,10.8533,3235.98
1061,13,0,2,10.8491,3214.7
1063,13,0,2,10.8455,3196.48
1062,13,0,2,10.8445,3189.43
2159,13,0,2,10.8442,3188.21
1045,13,0,2,10.8435,3185.06
1043,13,0,2,10.8404,3168.91
1044,13,0,2,10.8361,3146.47
1314,13,0,3,11.1699,4816.37,0.0836667,364.929,0.21,4
2163,13,0,3,11.1579,4748.12
2051,13,0,3,11.12,4552.15
1154,13,0,3,11.1034,4463
1156,13,0,3,11.0965,4425.43
1155,13,0,3,11.0817,4352.07
1781,13,0,3,11.0754,4320.18
2107,13,0,3,11.0683,4284.03
1779,13,0,3,11.047,4177.13
1780,13,0,3,11.0389,4137.59
1563,13,0,4,11.2988,5425.93,0.06,261.702,0.03,5
2164,13,0,4,11.2866,5361.78
1313,13,0,4,11.2623,5232.02
1309,13,0,4,11.2542,5184.17
1314,13,0,4,11.2536,5181.3
954,13,0,5,11.4895,6370,0.102,444.893,0.25,6
956,13,0,5,11.4616,6229.67
955,13,0,5,11.4531,6187.95
1598,13,0,5,11.4334,6086.47
2025,13,0,5,11.4299,6066.78
949,13,0,5,11.4266,6050.38
1302,13,0,5,11.4047,5930.99
1307,13,0,5,11.3891,5845.14
2164,13,0,5,11.3702,5748.45
1563,13,0,5,11.3588,5687.63
610,13,0,6,11.8148,8017.99,0,0,0
614,13,0,6,11.8066,7976.51
612,13,0,6,11.8041,7962.35
423,13,0,6,11.8001,7939.29
419,13,0,6,11.7955,7904.85
420,13,0,6,11.7895,7868.9
421,13,0,6,11.7849,7841.37
417,13,0,6,11.7805,7817.48
1989,13,0,6,11.7636,7729.47
2011,13,0,6,11.7433,7625.63
2156,13,0,6,11.7367,7592.72
2013,13,0,6,11.7361,7589.56
886,13,0,6,11.7266,7541.38
888,13,0,6,11.7102,7449.91
903,13,0,6,11.7007,7398.41
904,13,0,6,11.6966,7377.38
925,13,0,6,11.6755,7259.42
2019,13,0,6,11.6702,7232.56
929,13,0,6,11.6697,7230.57
928,13,0,6,11.6451,7105.84
927,13,0,6,11.6228,6989.59
946,13,0,6,11.6181,6957.14
945,13,0,6,11.5975,6847.01
954,13,0,6,11.5915,6814.89
352,13,1,0,13.0079,1083.31,0.0423333,184.645,0.11,1
388,13,1,0,12.9868,974.433
397,13,1,0,12.951,784.776
399,13,1,0,12.9343,694.367
411,13,1,0,12.9197,614.276
1537,13,1,0,12.8855,429.479
418,13,1,0,12.8809,404.29
417,13,1,0,12.8775,385.81
1989,13,1,0,12.859,291.597
432,13,1,0,12.8554,272.441
435,13,1,0,12.8501,245.849
431,13,1,0,12.8436,213.515
439,13,1,0,12.8281,136.101
672,13,1,0,12.8105,49.3878
610,13,1,0,12.8,0
140,13,1,1,13.2362,2262.76,0.0831667,362.748,0.23,2
360,13,1,1,13.1967,2049.61
369,13,1,1,13.1742,1929.79
376,13,1,1,13.1577,1838.03
382,13,1,1,13.1421,1751.38
390,13,1,1,13.1231,1652.58
397,13,1,1,13.106,1561.73
389,13,1,1,13.0939,1497.27
388,13,1,1,13.0678,1362.16
352,13,1,1,13.0502,1267.96
135,13,1,2,13.4749,3436.22,0.0926667,404.184,0.12,3
133,13,1,2,13.4645,3379.1
134,13,1,2,13.4569,3327.15
129,13,1,2,13.4497,3289.56
1717,13,1,2,13.4214,3139.86
128,13,1,2,13.396,3002.34
127,13,1,2,13.3925,2984.31
132,13,1,2,13.3732,2887.66
140,13,1,2,13.3194,2625.51
524,13,1,3,13.7588,4866.83,0.0808333,352.571,0.41,4
523,13,1,3,13.7529,4836.16
508,13,1,3,13.732,4727.08
483,13,1,3,13.72,4667.59
482,13,1,3,13.7166,4650.05
454,13,1,3,13.6891,4499.34
455,13,1,3,13.6865,4484.38
453,13,1,3,13.6778,4418.92
446,13,1,3,13.6695,4371.49
442,13,1,3,13.6578,4312.99
1857,13,1,3,13.649,4266.98
441,13,1,3,13.6429,4237.8
185,13,1,3,13.6319,4179.87
177,13,1,3,13.6196,4114.5
2091,13,1,3,13.6058,4037.62
171,13,1,3,13.5898,3953.87
135,13,1,3,13.5675,3840.4
610,13,1,4,13.9705,5977.99,0,0,0
614,13,1,4,13.9621,5935.85
612,13,1,4,13.9594,5920.67
423,13,1,4,13.9559,5898.23
609,13,1,4,13.95,5841.91
628,13,1,4,13.9401,5767.9
561,13,1,4,13.9363,5743.14
557,13,1,4,13.9288,5695.9
554,13,1,4,13.9267,5684.76
565,13,1,4,13.9166,5631.11
573,13,1,4,13.9113,5604.52
574,13,1,4,13.904,5555.05
1844,13,1,4,13.9009,5537.02
575,13,1,4,13.8981,5520.94
578,13,1,4,13.8928,5490.39
586,13,1,4,13.8893,5471.75
583,13,1,4,13.8856,5452.18
589,13,1,4,13.8751,5404.29
581,13,1,4,13.8715,5384.35
544,13,1,4,13.8559,5305.44
523,13,1,4,13.8455,5250.08
524,13,1,4,13.8396,5219.4
179,14,0,0,10.4882,1282.78,0.0905,394.734,0.19,1
178,14,0,0,10.4657,1164.85
186,14,0,0,10.457,1114.94
443,14,0,0,10.4464,1058.36
442,14,0,0,10.4434,1041.79
452,14,0,0,10.4302,971.397
1678,14,0,0,10.4139,884.686
474,14,0,0,10.3975,800.082
2140,14,0,0,10.3875,755.172
475,14,0,0,10.3841,737.441
499,14,0,0,10.3764,697.85
497,14,0,0,10.3642,636.697
496,14,0,0,10.3549,590.143
495,14,0,0,10.348,557.542
1991,14,0,0,10.3346,492.216
513,14,0,0,10.3296,467.032
1753,14,0,0,10.3236,426.111
1751,14,0,0,10.319,401.224
530,14,0,0,10.3159,383.944
1992,14,0,0,10.3124,366.558
560,14,0,0,10.3017,311.272
618,14,0,0,10.2821,213.454
615,14,0,0,10.2804,201.605
608,14,0,0,10.2678,134.576
607,14,0,0,10.2648,118.522
606,14,0,0,10.2536,65.1504
610,14,0,0,10.24,0
1044,14,0,1,10.8036,2961.1,0.0425,185.372,0.08,2
1043,14,0,1,10.7987,2935.83
2029,14,0,1,10.7986,2935.42
1016,14,0,1,10.7944,2912.43
1548,14,0,1,10.787,2874.73
1012,14,0,1,10.782,2849.03
1014,14,0,1,10.7815,2846.63
989,14,0,1,10.7708,2789.66
990,14,0,1,10.7608,2739.4
991,14,0,1,10.7582,2727.04
706,14,0,1,10.7512,2687.58
704,14,0,1,10.7485,2674.81
2179,14,0,1,10.7483,2673.95
662,14,0,1,10.7421,2644.3
602,14,0,1,10.7307,2575.94
599,14,0,1,10.7267,2553.17
605,14,0,1,10.7226,2529.19
529,14,0,1,10.7041,2425.14
726,14,0,1,10.6895,2325.18
714,14,0,1,10.6893,2323.3
1543,14,0,1,10.6848,2293.17
459,14,0,1,10.6745,2229.73
458,14,0,1,10.6679,2184.39
456,14,0,1,10.6584,2123.25
457,14,0,1,10.6511,2084.82
454,14,0,1,10.6435,2030.86
448,14,0,1,10.637,1986.76
447,14,0,1,10.6269,1932.96
1976,14,0,1,10.6217,1903.92
187,14,0,1,10.6034,1806.8
2129,14,0,1,10.59,1737.09
179,14,0,1,10.5787,1677.52
1780,14,0,2,10.9844,3856.26,0.0645,281.33,0.14,3
2171,14,0,2,10.9837,3853.09
1549,14,0,2,10.9762,3813.86
1148,14,0,2,10.9724,3793.17
1128,14,0,2,10.9604,3732.67
2045,14,0,2,10.9428,3639.85
1120,14,0,2,10.9272,3555.73
1094,14,0,2,10.9205,3522.07
1091,14,0,2,10.907,3457.32
1092,14,0,2,10.9027,3435.18
1074,14,0,2,10.8969,3404.73
1077,14,0,2,10.8866,3350.93
1080,14,0,2,10.8716,3277.11
1079,14,0,2,10.8633,3235.98
1061,14,0,2,10.8591,3214.7
1063,14,0,2,10.8555,3196.48
1062,14,0,2,10.8545,3189.43
2159,14,0,2,10.8542,3188.21
1045,14,0,2,10.8535,3185.06
1043,14,0,2,10.8504,3168.91
1044,14,0,2,10.8461,3146.47
1314,14,0,3,11.1799,4816.37,0.0836667,364.929,0.21,4
2163,14,0,3,11.1679,4748.12
2051,14,0,3,11.13,4552.15
1154,14,0,3,11.1134,4463
1156,14,0,3,11.1065,4425.43
1155,14,0,3,11.0917,4352.07
1781,14,0,3,11.0854,4320.18
2107,14,0,3,11.0783,4284.03
1779,14,0,3,11.057,4177.13
1780,14,0,3,11.0489,4137.59
1563,14,0,4,11.3088,5425.93,0.06,261.702,0.03,5
2164,14,0,4,11.2966,5361.78
1313,14,0,4,11.2723,5232.02
1309,14,0,4,11.2642,5184.17
1314,14,0,4,11.2636,5181.3
954,14,0,5,11.4995,6370,0.102,444.893,0.25,6
956,14,0,5,11.4716,6229.67
955,14,0,5,11.4631,6187.95
1598,14,0,5,11.4434,6086.47
2025,14,0,5,11.4399,6066.78
949,14,0,5,11.4366,6050.38
1302,14,0,5,11.4147,5930.99
1307,14,0,5,11.3991,5845.14
2164,14,0,5,11.3802,5748.45
1563,14,0,5,11.3688,5687.63
610,14,0,6,11.8248,8017.99,0,0,0
614,14,0,6,11.8166,7976.51
612,14,0,6,11.8141,7962.35
423,14,0,6,11.8101,7939.29
419,14,0,6,11.8055,7904.85
420,14,0,6,11.7995,7868.9
421,14,0,6,11.7949,7841.37
417,14,0,6,11.7905,7817.48
1989,14,0,6,11.7736,7729.47
2011,14,0,6,11.7533,7625.63
2156,14,0,6,11.7467,7592.72
2013,14,0,6,11.7461,7589.56
886,14,0,6,11.7366,7541.38
888,14,0,6,11.7202,7449.91
903,14,0,6,11.7107,7398.41
904,14,0,6,11.7066,7377.38
925,14,0,6,11.6855,7259.42
2019,14,0,6,11.6802,7232.56
929,14,0,6,11.6797,7230.57
928,14,0,6,11.6551,7105.84
927,14,0,6,11.6328,6989.59
946,14,0,6,11.6281,6957.14
945,14,0,6,11.6075,6847.01
954,14,0,6,11.6015,6814.89
352,14,1,0,13.0179,1083.31,0.0423333,184.645,0.11,1
388,14,1,0,12.9968,974.433
397,14,1,0,12.961,784.776
399,14,1,0,12.9443,694.367
411,14,1,0,12.9297,614.276
1537,14,1,0,12.8955,429.479
418,14,1,0,12.8909,404.29
417,14,1,0,12.8875,385.81
1989,14,1,0,12.869,291.597
432,14,1,0,12.8654,272.441
435,14,1,0,12.8601,245.849
431,14,1,0,12.8536,213.515
439,14,1,0,12.8381,136.101
672,14,1,0,12.8205,49.3878
610,14,1,0,12.81,0
140,14,1,1,13.2462,2262.76,0.0831667,362.748,0.23,2
360,14,1,1,13.2067,2049.61
369,14,1,1,13.1842,1929.79
376,14,1,1,13.1677,1838.03
382,14,1,1,13.1521,1751.38
390,14,1,1,13.1331,1652.58
397,14,1,1,13.116,1561.73
389,14,1,1,13.1039,1497.27
388,14,1,1,13.0778,1362.16
352,14,1,1,13.0602,1267.96
135,14,1,2,13.4849,3436.22,0.0926667,404.184,0.12,3
133,14,1,2,13.4745,3379.1
134,14,1,2,13.4669,3327.15
129,14,1,2,13.4597,3289.56
1717,14,1,2,13.4314,3139.86
128,14,1,2,13.406,3002.34
127,14,1,2,13.4025,2984.31
132,14,1,2,13.3832,2887.66
140,14,1,2,13.3294,2625.51
524,14,1,3,13.7688,4866.83,0.0808333,352.571,0.41,4
523,14,1,3,13.7629,4836.16
508,14,1,3,13.742,4727.08
483,14,1,3,13.73,4667.59
482,14,1,3,13.7266,4650.05
454,14,1,3,13.6991,4499.34
455,14,1,3,13.6965,4484.38
453,14,1,3,13.6878,4418.92
446,14,1,3,13.6795,4371.49
442,14,1,3,13.6678,4312.99
1857,14,1,3,13.659,4266.98
441,14,1,3,13.6529,4237.8
185,14,1,3,13.6419,4179.87
177,14,1,3,13.6296,4114.5
2091,14,1,3,13.6158,4037.62
171,14,1,3,13.5998,3953.87
135,14,1,3,13.5775,3840.4
610,14,1,4,13.9805,5977.99,0,0,0
614,14,1,4,13.9721,5935.85
612,14,1,4,13.9694,5920.67
423,14,1,4,13.9659,5898.23
609,14,1,4,13.96,5841.91
628,14,1,4,13.9501,5767.9
561,14,1,4,13.9463,5743.14
557,14,1,4,13.9388,5695.9
554,14,1,4,13.9367,5684.76
565,14,1,4,13.9266,5631.11
573,14,1,4,13.9213,5604.52
574,14,1,4,13.914,5555.05
1844,14,1,4,13.9109,5537.02
575,14,1,4,13.9081,5520.94
578,14,1,4,13.9028,5490.39
586,14,1,4,13.8993,5471.75
583,14,1,4,13.8956,5452.18
589,14,1,4,13.8851,5404.29
581,14,1,4,13.8815,5384.35
544,14,1,4,13.8659,5305.44
523,14,1,4,13.8555,5250.08
524,14,1,4,13.8496,5219.4
179,15,0,0,10.2782,1282.78,0.0905,394.734,0.19,1
178,15,0,0,10.2557,1164.85
186,15,0,0,10.247,1114.94
443,15,0,0,10.2364,1058.36
442,15,0,0,10.2334,1041.79
452,15,0,0,10.2202,971.397
1678,15,0,0,10.2039,884.686
474,15,0,0,10.1875,800.082
2140,15,0,0,10.1775,755.172
475,15,0,0,10.1741,737.441
499,15,0,0,10.1664,697.85
497,15,0,0,10.1542,636.697
496,15,0,0,10.1449,590.143
495,15,0,0,10.138,557.542
1991,15,0,0,10.1246,492.216
513,15,0,0,10.1196,467.032
1753,15,0,0,10.1136,426.111
1751,15,0,0,10.109,401.224
530,15,0,0,10.1059,383.944
1992,15,0,0,10.1024,366.558
560,15,0,0,10.0917,311.272
618,15,0,0,10.0721,213.454
615,15,0,0,10.0704,201.605
608,15,0,0,10.0578,134.576
607,15,0,0,10.0548,118.522
606,15,0,0,10.0436,65.1504
610,15,0,0,10.03,0
1044,15,0,1,10.5936,2961.1,0.0425,185.372,0.08,2
1043,15,0,1,10.5887,2935.83
2029,15,0,1,10.5886,2935.42
1016,15,0,1,10.5844,2912.43
1548,15,0,1,10.577,2874.73
1012,15,0,1,10.572,2849.03
1014,15,0,1,10.5715,2846.63
989,15,0,1,10.5608,2789.66
990,15,0,1,10.5508,2739.4
991,15,0,1,10.5482,2727.04
706,15,0,1,10.5412,2687.58
704,15,0,1,10.5385,2674.81
2179,15,0,1,10.5383,2673.95
662,15,0,1,10.5321,2644.3
602,15,0,1,10.5207,2575.94
599,15,0,1,10.5167,2553.17
605,15,0,1,10.5126,2529.19
529,15,0,1,10.4941,2425.14
726,15,0,1,10.4795,2325.18
714,15,0,1,10.4793,2323.3
1543,15,0,1,10.4748,2293.17
459,15,0,1,10.4645,2229.73
458,15,0,1,10.4579,2184.39
456,15,0,1,10.4484,2123.25
457,15,0,1,10.4411,2084.82
454,15,0,1,10.4335,2030.86
448,15,0,1,10.427,1986.76
447,15,0,1,10.4169,1932.96
1976,15,0,1,10.4117,1903.92
187,15,0,1,10.3934,1806.8
2129,15,0,1,10.38,1737.09
179,15,0,1,10.3687,1677.52
1780,15,0,2,10.7744,3856.26,0.0645,281.33,0.14,3
2171,15,0,2,10.7737,3853.09
1549,15,0,2,10.7662,3813.86
1148,15,0,2,10.7624,3793.17
1128,15,0,2,10.7504,3732.67
2045,15,0,2,10.7328,3639.85
1120,15,0,2,10.7172,3555.73
1094,15,0,2,10.7105,3522.07
1091,15,0,2,10.697,3457.32
1092,15,0,2,10.6927,3435.18
1074,15,0,2,10.6869,3404.73
1077,15,0,2,10.6766,3350.93
1080,15,0,2,10.6616,3277.11
1079,15,0,2,10.6533,3235.98
1061,15,0,2,10.6491,3214.7
1063,15,0,2,10.6455,3196.48
1062,15,0,2,10.6445,3189.43
2159,15,0,2,10.6442,3188.21
1045,15,0,2,10.6435,3185.06
1043,15,0,2,10.6404,3168.91
1044,15,0,2,10.6361,3146.47
1314,15,0,3,10.9908,4903.65,0.113667,495.78,0.18,4
2163,15,0,3,10.9751,4819.63
2051,15,0,3,10.9367,4621.56
1154,15,0,3,10.9155,4512.75
1156,15,0,3,10.9056,4462.39
1155,15,0,3,10.8929,4397.67
1781,15,0,3,10.8863,4364.78
2107,15,0,3,10.8795,4330
1779,15,0,3,10.8483,4182.53
1780,15,0,3,10.8389,4137.59
1563,15,0,4,11.1496,5644.06,0.06,261.702,0.03,5
2164,15,0,4,11.1375,5579.91
1313,15,0,4,11.1131,5450.15
1309,15,0,4,11.105,5402.3
1314,15,0,4,11.1045,5399.43
954,15,0,5,11.3403,6588.13,0.102,444.893,0.25,6
956,15,0,5,11.3125,6447.8
955,15,0,5,11.304,6406.08
1598,15,0,5,11.2843,6304.6
2025,15,0,5,11.2807,6284.92
949,15,0,5,11.2775,6268.52
1302,15,0,5,11.2556,6149.12
1307,15,0,5,11.2399,6063.27
2164,15,0,5,11.221,5966.58
1563,15,0,5,11.2096,5905.76
610,15,0,6,11.6657,8236.12,0,0,0
614,15,0,6,11.6574,8194.64
612,15,0,6,11.6549,8180.49
423,15,0,6,11.651,8157.42
419,15,0,6,11.6463,8122.98
420,15,0,6,11.6403,8087.04
421,15,0,6,11.6357,8059.5
417,15,0,6,11.6314,8035.62
1989,15,0,6,11.6144,7947.6
2011,15,0,6,11.5942,7843.76
2156,15,0,6,11.5876,7810.85
2013,15,0,6,11.5869,7807.69
886,15,0,6,11.5774,7759.51
888,15,0,6,11.561,7668.04
903,15,0,6,11.5515,7616.54
904,15,0,6,11.5475,7595.51
925,15,0,6,11.5263,7477.55
2019,15,0,6,11.521,7450.69
929,15,0,6,11.5206,7448.7
928,15,0,6,11.496,7323.98
927,15,0,6,11.4737,7207.73
946,15,0,6,11.4689,7175.27
945,15,0,6,11.4484,7065.14
954,15,0,6,11.4423,7033.02
352,15,1,0,13.0079,1083.31,0.0423333,184.645,0.11,1
388,15,1,0,12.9868,974.433
397,15,1,0,12.951,784.776
399,15,1,0,12.9343,694.367
411,15,1,0,12.9197,614.276
1537,15,1,0,12.8855,429.479
418,15,1,0,12.8809,404.29
417,15,1,0,12.8775,385.81
1989,15,1,0,12.859,291.597
432,15,1,0,12.8554,272.441
435,15,1,0,12.8501,245.849
431,15,1,0,12.8436,213.515
439,15,1,0,12.8281,136.101
672,15,1,0,12.8105,49.3878
610,15,1,0,12.8,0
140,15,1,1,13.2362,2262.76,0.0831667,362.748,0.23,2
360,15,1,1,13.1967,2049.61
369,15,1,1,13.1742,1929.79
376,15,1,1,13.1577,1838.03
382,15,1,1,13.1421,1751.38
390,15,1,1,13.1231,1652.58
397,15,1,1,13.106,1561.73
389,15,1,1,13.0939,1497.27
388,15,1,1,13.0678,1362.16
352,15,1,1,13.0502,1267.96
135,15,1,2,13.4749,3436.22,0.0926667,404.184,0.12,3
133,15,1,2,13.4645,3379.1
134,15,1,2,13.4569,3327.15
129,15,1,2,13.4497,3289.56
1717,15,1,2,13.4214,3139.86
128,15,1,2,13.396,3002.34
127,15,1,2,13.3925,2984.31
132,15,1,2,13.3732,2887.66
140,15,1,2,13.3194,2625.51
524,15,1,3,13.7588,4866.83,0.0808333,352.571,0.41,4
523,15,1,3,13.7529,4836.16
508,15,1,3,13.732,4727.08
483,15,1,3,13.72,4667.59
482,15,1,3,13.7166,4650.05
454,15,1,3,13.6891,4499.34
455,15,1,3,13.6865,4484.38
453,15,1,3,13.6778,4418.92
446,15,1,3,13.6695,4371.49
442,15,1,3,13.6578,4312.99
1857,15,1,3,13.649,4266.98
441,15,1,3,13.6429,4237.8
185,15,1,3,13.6319,4179.87
177,15,1,3,13.6196,4114.5
2091,15,1,3,13.6058,4037.62
171,15,1,3,13.5898,3953.87
135,15,1,3,13.5675,3840.4
610,15,1,4,13.9705,5977.99,0,0,0
614,15,1,4,13.9621,5935.85
612,15,1,4,13.9594,5920.67
423,15,1,4,13.9559,5898.23
609,15,1,4,13.95,5841.91
628,15,1,4,13.9401,5767.9
561,15,1,4,13.9363,5743.14
557,15,1,4,13.9288,5695.9
554,15,1,4,13.9267,5684.76
565,15,1,4,13.9166,5631.11
573,15,1,4,13.9113,5604.52
574,15,1,4,13.904,5555.05
1844,15,1,4,13.9009,5537.02
575,15,1,4,13.8981,5520.94
578,15,1,4,13.8928,5490.39
586,15,1,4,13.8893,5471.75
583,15,1,4,13.8856,5452.18
589,15,1,4,13.8751,5404.29
581,15,1,4,13.8715,5384.35
544,15,1,4,13.8559,5305.44
523,15,1,4,13.8455,5250.08
524,15,1,4,13.8396,5219.4
179,16,0,0,10.2782,1282.78,0.0905,394.734,0.19,1
178,16,0,0,10.2557,1164.85
186,16,0,0,10.247,1114.94
443,16,0,0,10.2364,1058.36
442,16,0,0,10.2334,1041.79
452,16,0,0,10.2202,971.397
1678,16,0,0,10.2039,884.686
474,16,0,0,10.1875,800.082
2140,16,0,0,10.1775,755.172
475,16,0,0,10.1741,737.441
499,16,0,0,10.1664,697.85
497,16,0,0,10.1542,636.697
496,16,0,0,10.1449,590.143
495,16,0,0,10.138,557.542
1991,16,0,0,10.1246,492.216
513,16,0,0,10.1196,467.032
1753,16,0,0,10.1136,426.111
1751,16,0,0,10.109,401.224
530,16,0,0,10.1059,383.944
1992,16,0,0,10.1024,366.558
560,16,0,0,10.0917,311.272
618,16,0,0,10.0721,213.454
615,16,0,0,10.0704,201.605
608,16,0,0,10.0578,134.576
607,16,0,0,10.0548,118.522
606,16,0,0,10.0436,65.1504
610,16,0,0,10.03,0
1044,16,0,1,10.5936,2961.1,0.0425,185.372,0.08,2
1043,16,0,1,10.5887,2935.83
2029,16,0,1,10.5886,2935.42
1016,16,0,1,10.5844,2912.43
1548,16,0,1,10.577,2874.73
1012,16,0,1,10.572,2849.03
1014,16,0,1,10.5715,2846.63
989,16,0,1,10.5608,2789.66
990,16,0,1,10.5508,2739.4
991,16,0,1,10.5482,2727.04
706,16,0,1,10.5412,2687.58
704,16,0,1,10.5385,2674.81
2179,16,0,1,10.5383,2673.95
662,16,0,1,10.5321,2644.3
602,16,0,1,10.5207,2575.94
599,16,0,1,10.5167,2553.17
605,16,0,1,10.5126,2529.19
529,16,0,1,10.4941,2425.14
726,16,0,1,10.4795,2325.18
714,16,0,1,10.4793,2323.3
1543,16,0,1,10.4748,2293.17
459,16,0,1,10.4645,2229.73
458,16,0,1,10.4579,2184.39
456,16,0,1,10.4484,2123.25
457,16,0,1,10.4411,2084.82
454,16,0,1,10.4335,2030.86
448,16,0,1,10.427,1986.76
447,16,0,1,10.4169,1932.96
1976,16,0,1,10.4117,1903.92
187,16,0,1,10.3934,1806.8
2129,16,0,1,10.38,1737.09
179,16,0,1,10.3687,1677.52
1780,16,0,2,10.7744,3856.26,0.0645,281.33,0.14,3
2171,16,0,2,10.7737,3853.09
1549,16,0,2,10.7662,3813.86
1148,16,0,2,10.7624,3793.17
1128,16,0,2,10.7504,3732.67
2045,16,0,2,10.7328,3639.85
1120,16,0,2,10.7172,3555.73
1094,16,0,2,10.7105,3522.07
1091,16,0,2,10.697,3457.32
1092,16,0,2,10.6927,3435.18
1074,16,0,2,10.6869,3404.73
1077,16,0,2,10.6766,3350.93
1080,16,0,2,10.6616,3277.11
1079,16,0,2,10.6533,3235.98
1061,16,0,2,10.6491,3214.7
1063,16,0,2,10.6455,3196.48
1062,16,0,2,10.6445,3189.43
2159,16,0,2,10.6442,3188.21
1045,16,0,2,10.6435,3185.06
1043,16,0,2,10.6404,3168.91
1044,16,0,2,10.6361,3146.47
1314,16,0,3,10.9908,4903.65,0.113667,495.78,0.18,4
2163,16,0,3,10.9751,4819.63
2051,16,0,3,10.9367,4621.56
1154,16,0,3,10.9155,4512.75
1156,16,0,3,10.9056,4462.39
1155,16,0,3,10.8929,4397.67
1781,16,0,3,10.8863,4364.78
2107,16,0,3,10.8795,4330
1779,16,0,3,10.8483,4182.53
1780,16,0,3,10.8389,4137.59
1563,16,0,4,11.1496,5644.06,0.06,261.702,0.03,5
2164,16,0,4,11.1375,5579.91
1313,16,0,4,11.1131,5450.15
1309,16,0,4,11.105,5402.3
1314,16,0,4,11.1045,5399.43
954,16,0,5,11.3403,6588.13,0.102,444.893,0.25,6
956,16,0,5,11.3125,6447.8
955,16,0,5,11.304,6406.08
1598,16,0,5,11.2843,6304.6
2025,16,0,5,11.2807,6284.92
949,16,0,5,11.2775,6268.52
1302,16,0,5,11.2556,6149.12
1307,16,0,5,11.2399,6063.27
2164,16,0,5,11.221,5966.58
1563,16,0,5,11.2096,5905.76
610,16,0,6,11.6657,8236.12,0,0,0
614,16,0,6,11.6574,8194.64
612,16,0,6,11.6549,8180.49
423,16,0,6,11.651,8157.42
419,16,0,6,11.6463,8122.98
420,16,0,6,11.6403,8087.04
421,16,0,6,11.6357,8059.5
417,16,0,6,11.6314,8035.62
1989,16,0,6,11.6144,7947.6
2011,16,0,6,11.5942,7843.76
2156,16,0,6,11.5876,7810.85
2013,16,0,6,11.5869,7807.69
886,16,0,6,11.5774,7759.51
888,16,0,6,11.561,7668.04
903,16,0,6,11.5515,7616.54
904,16,0,6,11.5475,7595.51
925,16,0,6,11.5263,7477.55
2019,16,0,6,11.521,7450.69
929,16,0,6,11.5206,7448.7
928,16,0,6,11.496,7323.98
927,16,0,6,11.4737,7207.73
946,16,0,6,11.4689,7175.27
945,16,0,6,11.4484,7065.14
954,16,0,6,11.4423,7033.02
352,16,1,0,13.0179,1083.31,0.0423333,184.645,0.11,1
388,16,1,0,12.9968,974.433
397,16,1,0,12.961,784.776
399,16,1,0,12.9443,694.367
411,16,1,0,12.9297,614.276
1537,16,1,0,12.8955,429.479
418,16,1,0,12.8909,404.29
417,16,1,0,12.8875,385.81
1989,16,1,0,12.869,291.597
432,16,1,0,12.8654,272.441
435,16,1,0,12.8601,245.849
431,16,1,0,12.8536,213.515
439,16,1,0,12.8381,136.101
672,16,1,0,12.8205,49.3878
610,16,1,0,12.81,0
140,16,1,1,13.2462,2262.76,0.0831667,362.748,0.23,2
360,16,1,1,13.2067,2049.61
369,16,1,1,13.1842,1929.79
376,16,1,1,13.1677,1838.03
382,16,1,1,13.1521,1751.38
390,16,1,1,13.1331,1652.58
397,16,1,1,13.116,1561.73
389,16,1,1,13.1039,1497.27
388,16,1,1,13.0778,1362.16
352,16,1,1,13.0602,1267.96
135,16,1,2,13.4849,3436.22,0.0926667,404.184,0.12,3
133,16,1,2,13.4745,3379.1
134,16,1,2,13.4669,3327.15
129,16,1,2,13.4597,3289.56
1717,16,1,2,13.4314,3139.86
128,16,1,2,13.406,3002.34
127,16,1,2,13.4025,2984.31
132,16,1,2,13.3832,2887.66
140,16,1,2,13.3294,2625.51
524,16,1,3,13.7688,4866.83,0.0808333,352.571,0.41,4
523,16,1,3,13.7629,4836.16
508,16,1,3,13.742,4727.08
483,16,1,3,13.73,4667.59
482,16,1,3,13.7266,4650.05
454,16,1,3,13.6991,4499.34
455,16,1,3,13.6965,4484.38
453,16,1,3,13.6878,4418.92
446,16,1,3,13.6795,4371.49
442,16,1,3,13.6678,4312.99
1857,16,1,3,13.659,4266.98
441,16,1,3,13.6529,4237.8
185,16,1,3,13.6419,4179.87
177,16,1,3,13.6296,4114.5
2091,16,1,3,13.6158,4037.62
171,16,1,3,13.5998,3953.87
135,16,1,3,13.5775,3840.4
610,16,1,4,13.9805,5977.99,0,0,0
614,16,1,4,13.9721,5935.85
612,16,1,4,13.9694,5920.67
423,16,1,4,13.9659,5898.23
609,16,1,4,13.96,5841.91
628,16,1,4,13.9501,5767.9
561,16,1,4,13.9463,5743.14
557,16,1,4,13.9388,5695.9
554,16,1,4,13.9367,5684.76
565,16,1,4,13.9266,5631.11
573,16,1,4,13.9213,5604.52
574,16,1,4,13.914,5555.05
1844,16,1,4,13.9109,5537.02
575,16,1,4,13.9081,5520.94
578,16,1,4,13.9028,5490.39
586,16,1,4,13.8993,5471.75
583,16,1,4,13.8956,5452.18
589,16,1,4,13.8851,5404.29
581,16,1,4,13.8815,5384.35
544,16,1,4,13.8659,5305.44
523,16,1,4,13.8555,5250.08
524,16,1,4,13.8496,5219.4
1044,17,0,0,10.2039,789.474,0.0425,185.372,0.08,1
1043,17,0,0,10.1989,764.208
2158,17,0,0,10.192,728.848
2030,17,0,0,10.188,709.012
1011,17,0,0,10.1878,708.14
1547,17,0,0,10.1748,643.242
1546,17,0,0,10.1704,620.079
975,17,0,0,10.167,602.282
2026,17,0,0,10.1606,568.492
2027,17,0,0,10.1561,545.262
1998,17,0,0,10.146,493.634
686,17,0,0,10.1422,473.636
685,17,0,0,10.1315,419.441
681,17,0,0,10.1249,384.678
682,17,0,0,10.116,338.439
677,17,0,0,10.108,296.886
678,17,0,0,10.1018,265.906
674,17,0,0,10.0872,189.995
669,17,0,0,10.0741,120.422
673,17,0,0,10.0668,81.4569
672,17,0,0,10.0588,42.3249
610,17,0,0,10.05,0
1780,17,0,1,10.3846,1684.64,0.0645,281.33,0.14,2
2171,17,0,1,10.384,1681.47
1549,17,0,1,10.3764,1642.24
1148,17,0,1,10.3727,1621.55
1128,17,0,1,10.3607,1561.04
2045,17,0,1,10.343,1468.22
1120,17,0,1,10.3275,1384.11
1094,17,0,1,10.3207,1350.45
1091,17,0,1,10.3072,1285.7
1092,17,0,1,10.303,1263.56
1074,17,0,1,10.2971,1233.11
1077,17,0,1,10.2868,1179.31
1080,17,0,1,10.2718,1105.49
1079,17,0,1,10.2636,1064.36
1061,17,0,1,10.2593,1043.07
1063,17,0,1,10.2558,1024.86
1062,17,0,1,10.2547,1017.81
2159,17,0,1,10.2545,1016.59
1045,17,0,1,10.2538,1013.44
1043,17,0,1,10.2506,997.286
1044,17,0,1,10.2464,974.847
1314,17,0,2,10.601,2732.03,0.113667,495.78,0.18,3
2163,17,0,2,10.5853,2648.01
2051,17,0,2,10.547,2449.94
1154,17,0,2,10.5257,2341.13
1156,17,0,2,10.5158,2290.77
1155,17,0,2,10.5031,2226.05
1781,17,0,2,10.4966,2193.16
2107,17,0,2,10.4897,2158.38
1779,17,0,2,10.4586,2010.91
1780,17,0,2,10.4491,1965.97
954,17,0,3,10.8427,3897.72,0.0603333,263.156,0.24,4
956,17,0,3,10.8157,3760.78
955,17,0,3,10.8066,3716.7
1598,17,0,3,10.7859,3611.02
2025,17,0,3,10.7817,3588.38
949,17,0,3,10.7787,3573.25
1302,17,0,3,10.7591,3464.06
1307,17,0,3,10.7439,3379.81
1308,17,0,3,10.7325,3319.75
1309,17,0,3,10.7153,3230.68
1314,17,0,3,10.7147,3227.81
1563,17,0,4,11.003,4728.65,0.06,261.702,0.03,5
2164,17,0,4,10.9911,4665.59
1306,17,0,4,10.9676,4506.33
1599,17,0,4,10.9501,4409.85
1300,17,0,4,10.9456,4383.34
1298,17,0,4,10.9389,4348.12
1297,17,0,4,10.9366,4335.63
954,17,0,4,10.903,4160.88
610,17,0,5,11.3245,6391.06,0,0,0
614,17,0,5,11.3161,6348.58
612,17,0,5,11.3136,6334.61
423,17,0,5,11.3097,6311.59
419,17,0,5,11.305,6277.15
420,17,0,5,11.299,6241.2
421,17,0,5,11.2944,6213.67
417,17,0,5,11.2901,6189.79
1989,17,0,5,11.2731,6101.77
2011,17,0,5,11.2529,5997.93
2156,17,0,5,11.2463,5965.02
2013,17,0,5,11.2456,5961.86
886,17,0,5,11.2361,5913.68
888,17,0,5,11.2197,5822.21
903,17,0,5,11.2102,5770.71
904,17,0,5,11.2062,5749.68
925,17,0,5,11.185,5631.72
2019,17,0,5,11.1797,5604.86
929,17,0,5,11.1793,5602.87
938,17,0,5,11.167,5535.55
950,17,0,5,11.1498,5449.62
951,17,0,5,11.1423,5411.86
949,17,0,5,11.1308,5353.11
1302,17,0,5,11.1089,5233.72
1307,17,0,5,11.0932,5147.87
2164,17,0,5,11.0743,5051.17
1563,17,0,5,11.063,4990.35
352,17,1,0,13.0279,1083.31,0.0423333,184.645,0.11,1
388,17,1,0,13.0068,974.433
397,17,1,0,12.971,784.776
399,17,1,0,12.9543,694.367
411,17,1,0,12.9397,614.276
1537,17,1,0,12.9055,429.479
418,17,1,0,12.9009,404.29
417,17,1,0,12.8975,385.81
1989,17,1,0,12.879,291.597
432,17,1,0,12.8754,272.441
435,17,1,0,12.8701,245.849
431,17,1,0,12.8636,213.515
439,17,1,0,12.8481,136.101
672,17,1,0,12.8305,49.3878
610,17,1,0,12.82,0
140,17,1,1,13.2562,2262.76,0.0831667,362.748,0.23,2
360,17,1,1,13.2167,2049.61
369,17,1,1,13.1942,1929.79
376,17,1,1,13.1777,1838.03
382,17,1,1,13.1621,1751.38
390,17,1,1,13.1431,1652.58
397,17,1,1,13.126,1561.73
389,17,1,1,13.1139,1497.27
388,17,1,1,13.0878,1362.16
352,17,1,1,13.0702,1267.96
135,17,1,2,13.4949,3436.22,0.0926667,404.184,0.12,3
133,17,1,2,13.4845,3379.1
134,17,1,2,13.4769,3327.15
129,17,1,2,13.4697,3289.56
1717,17,1,2,13.4414,3139.86
128,17,1,2,13.416,3002.34
127,17,1,2,13.4125,2984.31
132,17,1,2,13.3932,2887.66
140,17,1,2,13.3394,2625.51
524,17,1,3,13.7788,4866.83,0.0808333,352.571,0.41,4
523,17,1,3,13.7729,4836.16
508,17,1,3,13.752,4727.08
483,17,1,3,13.74,4667.59
482,17,1,3,13.7366,4650.05
454,17,1,3,13.7091,4499.34
455,17,1,3,13.7065,4484.38
453,17,1,3,13.6978,4418.92
446,17,1,3,13.6895,4371.49
442,17,1,3,13.6778,4312.99
1857,17,1,3,13.669,4266.98
441,17,1,3,13.6629,4237.8
185,17,1,3,13.6519,4179.87
177,17,1,3,13.6396,4114.5
2091,17,1,3,13.6258,4037.62
171,17,1,3,13.6098,3953.87
135,17,1,3,13.5875,3840.4
610,17,1,4,13.9905,5977.99,0,0,0
614,17,1,4,13.9821,5935.85
612,17,1,4,13.9794,5920.67
423,17,1,4,13.9759,5898.23
609,17,1,4,13.97,5841.91
628,17,1,4,13.9601,5767.9
561,17,1,4,13.9563,5743.14
557,17,1,4,13.9488,5695.9
554,17,1,4,13.9467,5684.76
565,17,1,4,13.9366,5631.11
573,17,1,4,13.9313,5604.52
574,17,1,4,13.924,5555.05
1844,17,1,4,13.9209,5537.02
575,17,1,4,13.9181,5520.94
578,17,1,4,13.9128,5490.39
586,17,1,4,13.9093,5471.75
583,17,1,4,13.9056,5452.18
589,17,1,4,13.8951,5404.29
581,17,1,4,13.8915,5384.35
544,17,1,4,13.8759,5305.44
523,17,1,4,13.8655,5250.08
524,17,1,4,13.8596,5219.4
179,17,2,0,10.6182,1282.78,0.0905,394.734,0.19,1
178,17,2,0,10.5957,1164.85
186,17,2,0,10.587,1114.94
443,17,2,0,10.5764,1058.36
442,17,2,0,10.5734,1041.79
452,17,2,0,10.5602,971.397
1678,17,2,0,10.5439,884.686
474,17,2,0,10.5275,800.082
2140,17,2,0,10.5175,755.172
475,17,2,0,10.5141,737.441
499,17,2,0,10.5064,697.85
497,17,2,0,10.4942,636.697
496,17,2,0,10.4849,590.143
495,17,2,0,10.478,557.542
1991,17,2,0,10.4646,492.216
513,17,2,0,10.4596,467.032
1753,17,2,0,10.4536,426.111
1751,17,2,0,10.449,401.224
530,17,2,0,10.4459,383.944
1992,17,2,0,10.4424,366.558
560,17,2,0,10.4317,311.272
618,17,2,0,10.4121,213.454
615,17,2,0,10.4104,201.605
608,17,2,0,10.3978,134.576
607,17,2,0,10.3948,118.522
606,17,2,0,10.3836,65.1504
610,17,2,0,10.37,0
610,17,2,1,10.9187,2841.51,0,0,0
614,17,2,1,10.9057,2780.37
612,17,2,1,10.9032,2766.44
426,17,2,1,10.8946,2719.21
424,17,2,1,10.892,2704.66
407,17,2,1,10.8732,2607.75
406,17,2,1,10.8688,2584.66
403,17,2,1,10.8604,2541.19
394,17,2,1,10.8511,2490.62
384,17,2,1,10.8463,2466.47
385,17,2,1,10.8425,2446.69
377,17,2,1,10.8394,2430.01
2134,17,2,1,10.8216,2332.72
371,17,2,1,10.8164,2291.91
372,17,2,1,10.7983,2184.27
460,17,2,1,10.7925,2149.63
461,17,2,1,10.7819,2082.92
462,17,2,1,10.7803,2068.54
1990,17,2,1,10.772,2015.05
1857,17,2,1,10.7563,1933.48
441,17,2,1,10.7514,1908.92
185,17,2,1,10.7411,1854
177,17,2,1,10.729,1789.59
178,17,2,1,10.7243,1765.44
179,17,2,1,10.7087,1677.52
