Node, Individual, Route,Segment, Travel time, Travel cost, Attention time, Attention cost, Failure rate, Demand
352,0,0,0,10.55,1091.91,0.0496667,216.631,0.16,1
388,0,0,0,10.5308,990.979
397,0,0,0,10.4954,802.974
399,0,0,0,10.478,709.579
411,0,0,0,10.4628,627.085
1537,0,0,0,10.4304,450.01
418,0,0,0,10.4258,424.459
417,0,0,0,10.4222,405.641
1989,0,0,0,10.405,316.253
432,0,0,0,10.3984,284.899
435,0,0,0,10.3931,258.307
431,0,0,0,10.3869,226.993
439,0,0,0,10.3676,134.379
672,0,0,0,10.3488,42.3249
610,0,0,0,10.34,0
140,0,0,1,10.7768,2265.99,0.0808333,352.571,0.24,2
360,0,0,1,10.7364,2049.39
369,0,0,1,10.7151,1934.59
376,0,0,1,10.6999,1847.5
382,0,0,1,10.6845,1761.84
390,0,0,1,10.6669,1668.95
397,0,0,1,10.6501,1579.19
389,0,0,1,10.6387,1517.62
388,0,0,1,10.6148,1391.82
352,0,0,1,10.5997,1308.54
135,0,0,2,10.9995,3372.05,0.0473333,206.454,0.18,3
133,0,0,2,10.9891,3314.96
134,0,0,2,10.9814,3263
129,0,0,2,10.9726,3218.38
1717,0,0,2,10.9487,3087.44
128,0,0,2,10.9251,2957.57
127,0,0,2,10.9215,2939.01
132,0,0,2,10.9051,2854.43
140,0,0,2,10.8576,2618.56
179,0,0,3,11.1213,3974.3,0.0948333,413.634,0.23,4
178,0,0,3,11.0967,3848.09
177,0,0,3,11.0913,3820.42
2091,0,0,3,11.0774,3743.2
171,0,0,3,11.0617,3660.83
135,0,0,3,11.0468,3578.5
524,0,0,4,11.3501,5101.53,0.0955,416.542,0.49,5
523,0,0,4,11.3432,5066.56
508,0,0,4,11.324,4964.7
483,0,0,4,11.3121,4905.76
482,0,0,4,11.3065,4878.86
454,0,0,4,11.2807,4735.85
448,0,0,4,11.2735,4691.07
447,0,0,4,11.2635,4637.44
1976,0,0,4,11.2582,4607.67
1975,0,0,4,11.243,4528.9
2129,0,0,4,11.2297,4457.13
179,0,0,4,11.2161,4387.93
1044,0,0,5,11.5731,6184.68,0.111833,487.783,0.12,6
1043,0,0,5,11.5673,6155.74
2029,0,0,5,11.5672,6155.33
1016,0,0,5,11.563,6132.16
1548,0,0,5,11.5559,6095.33
1012,0,0,5,11.5513,6071.74
1014,0,0,5,11.5508,6068.88
989,0,0,5,11.5397,6010.57
990,0,0,5,11.5296,5960.31
991,0,0,5,11.5271,5947.96
706,0,0,5,11.52,5908.5
704,0,0,5,11.5174,5895.73
2179,0,0,5,11.5172,5894.86
662,0,0,5,11.511,5865.21
602,0,0,5,11.4997,5796.94
604,0,0,5,11.4971,5780.14
596,0,0,5,11.497,5779.17
551,0,0,5,11.4904,5745.44
548,0,0,5,11.4783,5683.81
526,0,0,5,11.4647,5614.32
527,0,0,5,11.4602,5592.44
523,0,0,5,11.4525,5553.04
524,0,0,5,11.4456,5518.07
1780,0,0,6,11.82,7369.05,0.0545,237.713,0.16,7
2171,0,0,6,11.8194,7365.88
1549,0,0,6,11.8128,7330.87
1148,0,0,6,11.8092,7311
1128,0,0,6,11.7971,7249.9
2045,0,0,6,11.7739,7133.81
1120,0,0,6,11.7557,7038.41
1094,0,0,6,11.7495,7006.88
1091,0,0,6,11.7422,6967.87
1092,0,0,6,11.7378,6945.41
1074,0,0,6,11.7324,6916.83
1077,0,0,6,11.7228,6866.01
1080,0,0,6,11.7094,6798.81
1079,0,0,6,11.7028,6764.35
1061,0,0,6,11.6985,6743.07
1063,0,0,6,11.695,6724.9
1062,0,0,6,11.6939,6717.82
2159,0,0,6,11.6937,6716.71
1045,0,0,6,11.693,6713.56
1043,0,0,6,11.6896,6696.36
1044,0,0,6,11.685,6672.46
1314,0,0,7,12.0056,8285.54,0.0708333,308.954,0.24,8
2163,0,0,7,11.9935,8217.3
2051,0,0,7,11.9557,8021.32
1154,0,0,7,11.939,7932.17
1156,0,0,7,11.9321,7894.6
1155,0,0,7,11.9174,7821.25
1781,0,0,7,11.9111,7789.36
2107,0,0,7,11.9039,7753.2
1779,0,0,7,11.8827,7646.31
1780,0,0,7,11.8745,7606.76
1563,0,0,8,12.1163,8817,0.0391667,170.833,0.05,9
2164,0,0,8,12.1078,8767.9
1313,0,0,8,12.0851,8645.31
1309,0,0,8,12.077,8597.37
1314,0,0,8,12.0764,8594.5
954,0,0,9,12.2811,9650.19,0.0338333,147.571,0.27,10
956,0,0,9,12.2556,9519.63
955,0,0,9,12.2485,9483.85
1598,0,0,9,12.2289,9383
2025,0,0,9,12.2252,9362.48
949,0,0,9,12.2219,9345.62
1302,0,0,9,12.1952,9205.95
1307,0,0,9,12.18,9122.17
2164,0,0,9,12.1638,9036.7
1563,0,0,9,12.1555,8987.84
610,0,0,10,12.5475,11029.2,0,0,0
614,0,0,10,12.5381,10983
612,0,0,10,12.5357,10969.1
423,0,0,10,12.5319,10946.3
419,0,0,10,12.5252,10908.7
420,0,0,10,12.5192,10872.7
421,0,0,10,12.5146,10845.2
417,0,0,10,12.5096,10818.5
1989,0,0,10,12.4912,10724.3
2011,0,0,10,12.4719,10624.6
2156,0,0,10,12.4664,10596.5
2013,0,0,10,12.4658,10593.4
886,0,0,10,12.4576,10550.8
888,0,0,10,12.4392,10450.7
903,0,0,10,12.4294,10397.7
904,0,0,10,12.4261,10380
925,0,0,10,12.4025,10251.5
2019,0,0,10,12.3971,10224.2
929,0,0,10,12.3967,10222.2
928,0,0,10,12.3716,10095.3
947,0,0,10,12.355,10007.6
946,0,0,10,12.3461,9959.5
945,0,0,10,12.3216,9832.69
954,0,0,10,12.3149,9797.76
352,1,0,0,10.51,1091.91,0.0496667,216.631,0.16,1
388,1,0,0,10.4908,990.979
397,1,0,0,10.4554,802.974
399,1,0,0,10.438,709.579
411,1,0,0,10.4228,627.085
1537,1,0,0,10.3904,450.01
418,1,0,0,10.3858,424.459
417,1,0,0,10.3822,405.641
1989,1,0,0,10.365,316.253
432,1,0,0,10.3584,284.899
435,1,0,0,10.3531,258.307
431,1,0,0,10.3469,226.993
439,1,0,0,10.3276,134.379
672,1,0,0,10.3088,42.3249
610,1,0,0,10.3,0
140,1,0,1,10.7368,2265.99,0.0808333,352.571,0.24,2
360,1,0,1,10.6964,2049.39
369,1,0,1,10.6751,1934.59
376,1,0,1,10.6599,1847.5
382,1,0,1,10.6445,1761.84
390,1,0,1,10.6269,1668.95
397,1,0,1,10.6101,1579.19
389,1,0,1,10.5987,1517.62
388,1,0,1,10.5748,1391.82
352,1,0,1,10.5597,1308.54
135,1,0,2,10.9595,3372.05,0.0473333,206.454,0.18,3
133,1,0,2,10.9491,3314.96
134,1,0,2,10.9414,3263
129,1,0,2,10.9326,3218.38
1717,1,0,2,10.9087,3087.44
128,1,0,2,10.8851,2957.57
127,1,0,2,10.8815,2939.01
132,1,0,2,10.8651,2854.43
140,1,0,2,10.8176,2618.56
179,1,0,3,11.0813,3974.3,0.0948333,413.634,0.23,4
178,1,0,3,11.0567,3848.09
177,1,0,3,11.0513,3820.42
2091,1,0,3,11.0374,3743.2
171,1,0,3,11.0217,3660.83
135,1,0,3,11.0068,3578.5
524,1,0,4,11.3101,5101.53,0.0955,416.542,0.49,5
523,1,0,4,11.3032,5066.56
508,1,0,4,11.284,4964.7
483,1,0,4,11.2721,4905.76
482,1,0,4,11.2665,4878.86
454,1,0,4,11.2407,4735.85
448,1,0,4,11.2335,4691.07
447,1,0,4,11.2235,4637.44
1976,1,0,4,11.2182,4607.67
1975,1,0,4,11.203,4528.9
2129,1,0,4,11.1897,4457.13
179,1,0,4,11.1761,4387.93
1044,1,0,5,11.5331,6184.68,0.111833,487.783,0.12,6
1043,1,0,5,11.5273,6155.74
2029,1,0,5,11.5272,6155.33
1016,1,0,5,11.523,6132.16
1548,1,0,5,11.5159,6095.33
1012,1,0,5,11.5113,6071.74
1014,1,0,5,11.5108,6068.88
989,1,0,5,11.4997,6010.57
990,1,0,5,11.4896,5960.31
991,1,0,5,11.4871,5947.96
706,1,0,5,11.48,5908.5
704,1,0,5,11.4774,5895.73
2179,1,0,5,11.4772,5894.86
662,1,0,5,11.471,5865.21
602,1,0,5,11.4597,5796.94
604,1,0,5,11.4571,5780.14
596,1,0,5,11.457,5779.17
551,1,0,5,11.4504,5745.44
548,1,0,5,11.4383,5683.81
526,1,0,5,11.4247,5614.32
527,1,0,5,11.4202,5592.44
523,1,0,5,11.4125,5553.04
524,1,0,5,11.4056,5518.07
1780,1,0,6,11.78,7369.05,0.0545,237.713,0.16,7
2171,1,0,6,11.7794,7365.88
1549,1,0,6,11.7728,7330.87
1148,1,0,6,11.7692,7311
1128,1,0,6,11.7571,7249.9
2045,1,0,6,11.7339,7133.81
1120,1,0,6,11.7157,7038.41
1094,1,0,6,11.7095,7006.88
1091,1,0,6,11.7022,6967.87
1092,1,0,6,11.6978,6945.41
1074,1,0,6,11.6924,6916.83
1077,1,0,6,11.6828,6866.01
1080,1,0,6,11.6694,6798.81
1079,1,0,6,11.6628,6764.35
1061,1,0,6,11.6585,6743.07
1063,1,0,6,11.655,6724.9
1062,1,0,6,11.6539,6717.82
2159,1,0,6,11.6537,6716.71
1045,1,0,6,11.653,6713.56
1043,1,0,6,11.6496,6696.36
1044,1,0,6,11.645,6672.46
1314,1,0,7,11.9656,8285.54,0.0836667,364.929,0.21,8
2163,1,0,7,11.9535,8217.3
2051,1,0,7,11.9157,8021.32
1154,1,0,7,11.899,7932.17
1156,1,0,7,11.8921,7894.6
1155,1,0,7,11.8774,7821.25
1781,1,0,7,11.8711,7789.36
2107,1,0,7,11.8639,7753.2
1779,1,0,7,11.8427,7646.31
1780,1,0,7,11.8345,7606.76
1563,1,0,8,12.0891,8872.98,0.0391667,170.833,0.05,9
2164,1,0,8,12.0807,8823.87
1313,1,0,8,12.058,8701.29
1309,1,0,8,12.0498,8653.34
1314,1,0,8,12.0492,8650.47
954,1,0,9,12.2539,9706.16,0.0338333,147.571,0.27,10
956,1,0,9,12.2284,9575.61
955,1,0,9,12.2213,9539.82
1598,1,0,9,12.2018,9438.98
2025,1,0,9,12.198,9418.46
949,1,0,9,12.1947,9401.6
1302,1,0,9,12.168,9261.93
1307,1,0,9,12.1529,9178.14
2164,1,0,9,12.1366,9092.67
1563,1,0,9,12.1283,9043.81
610,1,0,10,12.5203,11085.2,0,0,0
614,1,0,10,12.511,11038.9
612,1,0,10,12.5085,11025.1
423,1,0,10,12.5048,11002.3
419,1,0,10,12.4981,10964.7
420,1,0,10,12.492,10928.7
421,1,0,10,12.4874,10901.2
417,1,0,10,12.4824,10874.5
1989,1,0,10,12.464,10780.3
2011,1,0,10,12.4447,10680.5
2156,1,0,10,12.4393,10652.5
2013,1,0,10,12.4386,10649.3
886,1,0,10,12.4304,10606.7
888,1,0,10,12.412,10506.7
903,1,0,10,12.4022,10453.7
904,1,0,10,12.399,10436
925,1,0,10,12.3754,10307.5
2019,1,0,10,12.3699,10280.2
929,1,0,10,12.3695,10278.2
928,1,0,10,12.3444,10151.3
947,1,0,10,12.3278,10063.5
946,1,0,10,12.3189,10015.5
945,1,0,10,12.2944,9888.67
954,1,0,10,12.2877,9853.73
352,2,0,0,10.42,1091.91,0.0496667,216.631,0.16,1
388,2,0,0,10.4008,990.979
397,2,0,0,10.3654,802.974
399,2,0,0,10.348,709.579
411,2,0,0,10.3328,627.085
1537,2,0,0,10.3004,450.01
418,2,0,0,10.2958,424.459
417,2,0,0,10.2922,405.641
1989,2,0,0,10.275,316.253
432,2,0,0,10.2684,284.899
435,2,0,0,10.2631,258.307
431,2,0,0,10.2569,226.993
439,2,0,0,10.2376,134.379
672,2,0,0,10.2188,42.3249
610,2,0,0,10.21,0
140,2,0,1,10.6468,2265.99,0.0808333,352.571,0.24,2
360,2,0,1,10.6064,2049.39
369,2,0,1,10.5851,1934.59
376,2,0,1,10.5699,1847.5
382,2,0,1,10.5545,1761.84
390,2,0,1,10.5369,1668.95
397,2,0,1,10.5201,1579.19
389,2,0,1,10.5087,1517.62
388,2,0,1,10.4848,1391.82
352,2,0,1,10.4697,1308.54
135,2,0,2,10.8695,3372.05,0.0473333,206.454,0.18,3
133,2,0,2,10.8591,3314.96
134,2,0,2,10.8514,3263
129,2,0,2,10.8426,3218.38
1717,2,0,2,10.8187,3087.44
128,2,0,2,10.7951,2957.57
127,2,0,2,10.7915,2939.01
132,2,0,2,10.7751,2854.43
140,2,0,2,10.7276,2618.56
179,2,0,3,10.9916,3976.11,0.0905,394.734,0.19,4
178,2,0,3,10.9691,3858.17
177,2,0,3,10.9642,3833.16
2091,2,0,3,10.9499,3753.75
171,2,0,3,10.9345,3672.88
135,2,0,3,10.9168,3578.5
524,2,0,4,11.2161,5084.43,0.0955,416.542,0.49,5
523,2,0,4,11.2092,5049.46
508,2,0,4,11.19,4947.6
483,2,0,4,11.1781,4888.66
482,2,0,4,11.1725,4861.77
454,2,0,4,11.1467,4718.75
448,2,0,4,11.1396,4673.97
447,2,0,4,11.1295,4620.34
1976,2,0,4,11.1242,4590.57
1975,2,0,4,11.109,4511.8
2129,2,0,4,11.0957,4440.03
179,2,0,4,11.0821,4370.84
1044,2,0,5,11.4392,6167.59,0.111833,487.783,0.12,6
1043,2,0,5,11.4334,6138.65
2029,2,0,5,11.4333,6138.23
1016,2,0,5,11.4291,6115.07
1548,2,0,5,11.4219,6078.23
1012,2,0,5,11.4173,6054.65
1014,2,0,5,11.4168,6051.78
989,2,0,5,11.4057,5993.48
990,2,0,5,11.3957,5943.22
991,2,0,5,11.3931,5930.87
706,2,0,5,11.3861,5891.4
704,2,0,5,11.3834,5878.63
2179,2,0,5,11.3832,5877.77
662,2,0,5,11.377,5848.12
602,2,0,5,11.3657,5779.84
604,2,0,5,11.3631,5763.04
596,2,0,5,11.363,5762.07
551,2,0,5,11.3564,5728.34
548,2,0,5,11.3443,5666.72
526,2,0,5,11.3307,5597.22
527,2,0,5,11.3263,5575.35
523,2,0,5,11.3185,5535.95
524,2,0,5,11.3116,5500.97
1780,2,0,6,11.6861,7351.96,0.0545,237.713,0.16,7
2171,2,0,6,11.6854,7348.79
1549,2,0,6,11.6788,7313.78
1148,2,0,6,11.6753,7293.9
1128,2,0,6,11.6631,7232.8
2045,2,0,6,11.64,7116.71
1120,2,0,6,11.6217,7021.31
1094,2,0,6,11.6155,6989.78
1091,2,0,6,11.6082,6950.78
1092,2,0,6,11.6039,6928.32
1074,2,0,6,11.5985,6899.74
1077,2,0,6,11.5889,6848.92
1080,2,0,6,11.5754,6781.71
1079,2,0,6,11.5688,6747.26
1061,2,0,6,11.5645,6725.97
1063,2,0,6,11.561,6707.81
1062,2,0,6,11.5599,6700.73
2159,2,0,6,11.5597,6699.61
1045,2,0,6,11.559,6696.46
1043,2,0,6,11.5556,6679.26
1044,2,0,6,11.551,6655.37
1314,2,0,7,11.8716,8268.45,0.0836667,364.929,0.21,8
2163,2,0,7,11.8595,8200.2
2051,2,0,7,11.8217,8004.23
1154,2,0,7,11.805,7915.08
1156,2,0,7,11.7981,7877.51
1155,2,0,7,11.7834,7804.15
1781,2,0,7,11.7771,7772.27
2107,2,0,7,11.7699,7736.11
1779,2,0,7,11.7487,7629.21
1780,2,0,7,11.7406,7589.67
1563,2,0,8,12.0004,8878.01,0.0391667,170.833,0.05,9
2164,2,0,8,11.9883,8813.86
1313,2,0,8,11.9639,8684.1
1309,2,0,8,11.9558,8636.25
1314,2,0,8,11.9553,8633.38
954,2,0,9,12.1652,9711.19,0.0338333,147.571,0.27,10
956,2,0,9,12.1397,9580.64
955,2,0,9,12.1326,9544.85
1598,2,0,9,12.1131,9444.01
2025,2,0,9,12.1094,9423.49
949,2,0,9,12.106,9406.63
1302,2,0,9,12.0793,9266.96
1307,2,0,9,12.0642,9183.17
2164,2,0,9,12.0479,9097.7
1563,2,0,9,12.0396,9048.84
610,2,0,10,12.4317,11090.2,0,0,0
614,2,0,10,12.4223,11044
612,2,0,10,12.4198,11030.1
423,2,0,10,12.4161,11007.3
419,2,0,10,12.4094,10969.7
420,2,0,10,12.4033,10933.7
421,2,0,10,12.3987,10906.2
417,2,0,10,12.3937,10879.5
1989,2,0,10,12.3753,10785.3
2011,2,0,10,12.356,10685.6
2156,2,0,10,12.3506,10657.5
2013,2,0,10,12.3499,10654.4
886,2,0,10,12.3418,10611.8
888,2,0,10,12.3234,10511.7
903,2,0,10,12.3136,10458.7
904,2,0,10,12.3103,10441
925,2,0,10,12.2867,10312.5
2019,2,0,10,12.2813,10285.2
929,2,0,10,12.2809,10283.2
928,2,0,10,12.2557,10156.3
947,2,0,10,12.2391,10068.6
946,2,0,10,12.2302,10020.5
945,2,0,10,12.2058,9893.7
954,2,0,10,12.1991,9858.76
352,3,0,0,10.36,1091.91,0.0496667,216.631,0.16,1
388,3,0,0,10.3408,990.979
397,3,0,0,10.3054,802.974
399,3,0,0,10.288,709.579
411,3,0,0,10.2728,627.085
1537,3,0,0,10.2404,450.01
418,3,0,0,10.2358,424.459
417,3,0,0,10.2322,405.641
1989,3,0,0,10.215,316.253
432,3,0,0,10.2084,284.899
435,3,0,0,10.2031,258.307
431,3,0,0,10.1969,226.993
439,3,0,0,10.1776,134.379
672,3,0,0,10.1588,42.3249
610,3,0,0,10.15,0
140,3,0,1,10.5868,2265.99,0.0808333,352.571,0.24,2
360,3,0,1,10.5464,2049.39
369,3,0,1,10.5251,1934.59
376,3,0,1,10.5099,1847.5
382,3,0,1,10.4945,1761.84
390,3,0,1,10.4769,1668.95
397,3,0,1,10.4601,1579.19
389,3,0,1,10.4487,1517.62
388,3,0,1,10.4248,1391.82
352,3,0,1,10.4097,1308.54
135,3,0,2,10.8095,3372.05,0.0473333,206.454,0.18,3
133,3,0,2,10.7991,3314.96
134,3,0,2,10.7914,3263
129,3,0,2,10.7826,3218.38
1717,3,0,2,10.7587,3087.44
128,3,0,2,10.7351,2957.57
127,3,0,2,10.7315,2939.01
132,3,0,2,10.7151,2854.43
140,3,0,2,10.6676,2618.56
179,3,0,3,10.9316,3976.11,0.0905,394.734,0.19,4
178,3,0,3,10.9091,3858.17
177,3,0,3,10.9042,3833.16
2091,3,0,3,10.8899,3753.75
171,3,0,3,10.8745,3672.88
135,3,0,3,10.8568,3578.5
524,3,0,4,11.1561,5084.43,0.0955,416.542,0.49,5
523,3,0,4,11.1492,5049.46
508,3,0,4,11.13,4947.6
483,3,0,4,11.1181,4888.66
482,3,0,4,11.1125,4861.77
454,3,0,4,11.0867,4718.75
448,3,0,4,11.0796,4673.97
447,3,0,4,11.0695,4620.34
1976,3,0,4,11.0642,4590.57
1975,3,0,4,11.049,4511.8
2129,3,0,4,11.0357,4440.03
179,3,0,4,11.0221,4370.84
1044,3,0,5,11.3792,6167.59,0.111833,487.783,0.12,6
1043,3,0,5,11.3734,6138.65
2029,3,0,5,11.3733,6138.23
1016,3,0,5,11.3691,6115.07
1548,3,0,5,11.3619,6078.23
1012,3,0,5,11.3573,6054.65
1014,3,0,5,11.3568,6051.78
989,3,0,5,11.3457,5993.48
990,3,0,5,11.3357,5943.22
991,3,0,5,11.3331,5930.87
706,3,0,5,11.3261,5891.4
704,3,0,5,11.3234,5878.63
2179,3,0,5,11.3232,5877.77
662,3,0,5,11.317,5848.12
602,3,0,5,11.3057,5779.84
604,3,0,5,11.3031,5763.04
596,3,0,5,11.303,5762.07
551,3,0,5,11.2964,5728.34
548,3,0,5,11.2843,5666.72
526,3,0,5,11.2707,5597.22
527,3,0,5,11.2663,5575.35
523,3,0,5,11.2585,5535.95
524,3,0,5,11.2516,5500.97
1780,3,0,6,11.6261,7351.96,0.0545,237.713,0.16,7
2171,3,0,6,11.6254,7348.79
1549,3,0,6,11.6188,7313.78
1148,3,0,6,11.6153,7293.9
1128,3,0,6,11.6031,7232.8
2045,3,0,6,11.58,7116.71
1120,3,0,6,11.5617,7021.31
1094,3,0,6,11.5555,6989.78
1091,3,0,6,11.5482,6950.78
1092,3,0,6,11.5439,6928.32
1074,3,0,6,11.5385,6899.74
1077,3,0,6,11.5289,6848.92
1080,3,0,6,11.5154,6781.71
1079,3,0,6,11.5088,6747.26
1061,3,0,6,11.5045,6725.97
1063,3,0,6,11.501,6707.81
1062,3,0,6,11.4999,6700.73
2159,3,0,6,11.4997,6699.61
1045,3,0,6,11.499,6696.46
1043,3,0,6,11.4956,6679.26
1044,3,0,6,11.491,6655.37
1314,3,0,7,11.8116,8268.45,0.0836667,364.929,0.21,8
2163,3,0,7,11.7995,8200.2
2051,3,0,7,11.7617,8004.23
1154,3,0,7,11.745,7915.08
1156,3,0,7,11.7381,7877.51
1155,3,0,7,11.7234,7804.15
1781,3,0,7,11.7171,7772.27
2107,3,0,7,11.7099,7736.11
1779,3,0,7,11.6887,7629.21
1780,3,0,7,11.6806,7589.67
1563,3,0,8,11.9404,8878.01,0.06,261.702,0.03,9
2164,3,0,8,11.9283,8813.86
1313,3,0,8,11.9039,8684.1
1309,3,0,8,11.8958,8636.25
1314,3,0,8,11.8953,8633.38
954,3,0,9,12.1261,9802.06,0.0338333,147.571,0.27,10
956,3,0,9,12.1005,9671.51
955,3,0,9,12.0935,9635.72
1598,3,0,9,12.0739,9534.88
2025,3,0,9,12.0702,9514.36
949,3,0,9,12.0669,9497.5
1302,3,0,9,12.0402,9357.83
1307,3,0,9,12.025,9274.04
2164,3,0,9,12.0088,9188.57
1563,3,0,9,12.0004,9139.71
610,3,0,10,12.3925,11181.1,0,0,0
614,3,0,10,12.3831,11134.8
612,3,0,10,12.3807,11121
423,3,0,10,12.3769,11098.2
419,3,0,10,12.3702,11060.6
420,3,0,10,12.3641,11024.6
421,3,0,10,12.3596,10997.1
417,3,0,10,12.3546,10970.4
1989,3,0,10,12.3361,10876.2
2011,3,0,10,12.3168,10776.4
2156,3,0,10,12.3114,10748.4
2013,3,0,10,12.3108,10745.2
886,3,0,10,12.3026,10702.6
888,3,0,10,12.2842,10602.6
903,3,0,10,12.2744,10549.6
904,3,0,10,12.2711,10531.9
925,3,0,10,12.2475,10403.4
2019,3,0,10,12.2421,10376.1
929,3,0,10,12.2417,10374.1
928,3,0,10,12.2166,10247.2
947,3,0,10,12.2,10159.4
946,3,0,10,12.1911,10111.4
945,3,0,10,12.1666,9984.57
954,3,0,10,12.1599,9949.63
1044,4,0,0,10.4539,789.474,0.0425,185.372,0.08,1
1043,4,0,0,10.4489,764.208
2158,4,0,0,10.442,728.848
2030,4,0,0,10.438,709.012
1011,4,0,0,10.4378,708.14
1547,4,0,0,10.4248,643.242
1546,4,0,0,10.4204,620.079
975,4,0,0,10.417,602.282
2026,4,0,0,10.4106,568.492
2027,4,0,0,10.4061,545.262
1998,4,0,0,10.396,493.634
686,4,0,0,10.3922,473.636
685,4,0,0,10.3815,419.441
681,4,0,0,10.3749,384.678
682,4,0,0,10.366,338.439
677,4,0,0,10.358,296.886
678,4,0,0,10.3518,265.906
674,4,0,0,10.3372,189.995
669,4,0,0,10.3241,120.422
673,4,0,0,10.3168,81.4569
672,4,0,0,10.3088,42.3249
610,4,0,0,10.3,0
1780,4,0,1,10.6346,1684.64,0.0645,281.33,0.14,2
2171,4,0,1,10.634,1681.47
1549,4,0,1,10.6264,1642.24
1148,4,0,1,10.6227,1621.55
1128,4,0,1,10.6107,1561.04
2045,4,0,1,10.593,1468.22
1120,4,0,1,10.5775,1384.11
1094,4,0,1,10.5707,1350.45
1091,4,0,1,10.5572,1285.7
1092,4,0,1,10.553,1263.56
1074,4,0,1,10.5471,1233.11
1077,4,0,1,10.5368,1179.31
1080,4,0,1,10.5218,1105.49
1079,4,0,1,10.5136,1064.36
1061,4,0,1,10.5093,1043.07
1063,4,0,1,10.5058,1024.86
1062,4,0,1,10.5047,1017.81
2159,4,0,1,10.5045,1016.59
1045,4,0,1,10.5038,1013.44
1043,4,0,1,10.5006,997.286
1044,4,0,1,10.4964,974.847
1314,4,0,2,10.851,2732.03,0.113667,495.78,0.18,3
2163,4,0,2,10.8353,2648.01
2051,4,0,2,10.797,2449.94
1154,4,0,2,10.7757,2341.13
1156,4,0,2,10.7658,2290.77
1155,4,0,2,10.7531,2226.05
1781,4,0,2,10.7466,2193.16
2107,4,0,2,10.7397,2158.38
1779,4,0,2,10.7086,2010.91
1780,4,0,2,10.6991,1965.97
1563,4,0,3,11.0075,3461.55,0.06,261.702,0.03,4
2164,4,0,3,10.9956,3398.48
1313,4,0,3,10.9737,3279.02
1309,4,0,3,10.9653,3230.68
1314,4,0,3,10.9647,3227.81
954,4,0,4,11.1982,4405.62,0.102,444.893,0.25,5
956,4,0,4,11.1704,4265.29
955,4,0,4,11.1618,4223.57
1598,4,0,4,11.1422,4122.09
2025,4,0,4,11.1386,4102.41
949,4,0,4,11.1354,4086.01
1302,4,0,4,11.1134,3966.62
1307,4,0,4,11.0978,3880.77
2164,4,0,4,11.0789,3784.07
1563,4,0,4,11.0675,3723.25
352,4,0,5,11.5277,6018.89,0.112667,491.418,0.14,6
1983,4,0,5,11.5027,5893.48
813,4,0,5,11.4565,5662.15
822,4,0,5,11.426,5506.17
2153,4,0,5,11.405,5394.24
831,4,0,5,11.405,5394.16
825,4,0,5,11.4046,5392.13
834,4,0,5,11.3931,5331.69
835,4,0,5,11.3861,5289.62
2154,4,0,5,11.3601,5151.93
857,4,0,5,11.3514,5106.38
926,4,0,5,11.3434,5063.83
945,4,0,5,11.3062,4882.63
954,4,0,5,11.3002,4850.52
140,4,0,6,11.8251,7499.68,0.0621667,271.152,0.24,7
360,4,0,6,11.7859,7288.22
369,4,0,6,11.7627,7165.41
376,4,0,6,11.745,7068.15
382,4,0,6,11.7284,6977.52
390,4,0,6,11.7128,6893.1
397,4,0,6,11.6963,6804.54
389,4,0,6,11.6847,6742.17
388,4,0,6,11.6596,6611.61
352,4,0,6,11.6404,6510.31
135,4,0,7,12.0181,8478.12,0.0491667,214.45,0.14,8
133,4,0,7,12.0093,8426.91
134,4,0,7,12.0017,8374.95
129,4,0,7,11.994,8335.31
1717,4,0,7,11.9727,8215.72
128,4,0,7,11.9394,8044.64
127,4,0,7,11.9361,8027.2
132,4,0,7,11.914,7919.19
140,4,0,7,11.8873,7770.83
179,4,0,8,12.1474,9112.6,0.0786667,343.12,0.27,9
178,4,0,8,12.1235,8989.21
177,4,0,8,12.1184,8963.17
2091,4,0,8,12.1018,8873.93
171,4,0,8,12.085,8786.82
135,4,0,8,12.0673,8692.57
524,4,0,9,12.3569,10157.6,0.0848333,370.017,0.45,10
523,4,0,9,12.3495,10120.7
508,4,0,9,12.3281,10009.2
483,4,0,9,12.3179,9957.19
482,4,0,9,12.3145,9939.6
454,4,0,9,12.2884,9795.38
448,4,0,9,12.2816,9751.02
447,4,0,9,12.2698,9689.94
1976,4,0,9,12.2645,9660.03
1975,4,0,9,12.2513,9589.6
2129,4,0,9,12.2385,9520.14
179,4,0,9,12.2261,9455.72
610,4,0,10,12.5742,11280.3,0,0,0
614,4,0,10,12.5648,11234
612,4,0,10,12.5623,11220.2
423,4,0,10,12.5586,11197.4
609,4,0,10,12.5527,11141.1
628,4,0,10,12.5427,11067.1
561,4,0,10,12.5389,11042.3
557,4,0,10,12.5308,10994.2
554,4,0,10,12.5285,10982.4
565,4,0,10,12.5204,10937.4
573,4,0,10,12.5151,10910.8
574,4,0,10,12.5078,10861.3
1844,4,0,10,12.5047,10843.3
575,4,0,10,12.5019,10827.2
578,4,0,10,12.4967,10796.8
543,4,0,10,12.475,10690.6
522,4,0,10,12.4612,10622.2
521,4,0,10,12.4551,10592.5
525,4,0,10,12.4475,10556.2
524,4,0,10,12.4417,10527.6
1044,5,0,0,10.1539,789.474,0.0425,185.372,0.08,1
1043,5,0,0,10.1489,764.208
2158,5,0,0,10.142,728.848
2030,5,0,0,10.138,709.012
1011,5,0,0,10.1378,708.14
1547,5,0,0,10.1248,643.242
1546,5,0,0,10.1204,620.079
975,5,0,0,10.117,602.282
2026,5,0,0,10.1106,568.492
2027,5,0,0,10.1061,545.262
1998,5,0,0,10.096,493.634
686,5,0,0,10.0922,473.636
685,5,0,0,10.0815,419.441
681,5,0,0,10.0749,384.678
682,5,0,0,10.066,338.439
677,5,0,0,10.058,296.886
678,5,0,0,10.0518,265.906
674,5,0,0,10.0372,189.995
669,5,0,0,10.0241,120.422
673,5,0,0,10.0168,81.4569
672,5,0,0,10.0088,42.3249
610,5,0,0,10,0
1780,5,0,1,10.3346,1684.64,0.0645,281.33,0.14,2
2171,5,0,1,10.334,1681.47
1549,5,0,1,10.3264,1642.24
1148,5,0,1,10.3227,1621.55
1128,5,0,1,10.3107,1561.04
2045,5,0,1,10.293,1468.22
1120,5,0,1,10.2775,1384.11
1094,5,0,1,10.2707,1350.45
1091,5,0,1,10.2572,1285.7
1092,5,0,1,10.253,1263.56
1074,5,0,1,10.2471,1233.11
1077,5,0,1,10.2368,1179.31
1080,5,0,1,10.2218,1105.49
1079,5,0,1,10.2136,1064.36
1061,5,0,1,10.2093,1043.07
1063,5,0,1,10.2058,1024.86
1062,5,0,1,10.2047,1017.81
2159,5,0,1,10.2045,1016.59
1045,5,0,1,10.2038,1013.44
1043,5,0,1,10.2006,997.286
1044,5,0,1,10.1964,974.847
1314,5,0,2,10.551,2732.03,0.113667,495.78,0.18,3
2163,5,0,2,10.5353,2648.01
2051,5,0,2,10.497,2449.94
1154,5,0,2,10.4757,2341.13
1156,5,0,2,10.4658,2290.77
1155,5,0,2,10.4531,2226.05
1781,5,0,2,10.4466,2193.16
2107,5,0,2,10.4397,2158.38
1779,5,0,2,10.4086,2010.91
1780,5,0,2,10.3991,1965.97
1563,5,0,3,10.7075,3461.55,0.099,431.808,0.04,4
2164,5,0,3,10.6956,3398.48
1313,5,0,3,10.6737,3279.02
1309,5,0,3,10.6653,3230.68
1314,5,0,3,10.6647,3227.81
954,5,0,4,10.9323,4554.68,0.0603333,263.156,0.24,5
956,5,0,4,10.9053,4417.74
955,5,0,4,10.8962,4373.66
1598,5,0,4,10.8755,4267.98
2025,5,0,4,10.8713,4245.34
949,5,0,4,10.8684,4230.21
1302,5,0,4,10.8488,4121.02
1307,5,0,4,10.8335,4036.77
2164,5,0,4,10.8167,3948.87
1563,5,0,4,10.8065,3893.36
352,5,0,5,11.198,5891.95,0.112667,491.418,0.14,6
1983,5,0,5,11.1747,5773.74
813,5,0,5,11.1377,5581.12
822,5,0,5,11.114,5453.97
2153,5,0,5,11.0929,5341.76
831,5,0,5,11.0929,5341.68
825,5,0,5,11.0925,5339.65
834,5,0,5,11.0823,5284.73
835,5,0,5,11.0738,5237.81
2154,5,0,5,11.0441,5084.39
857,5,0,5,11.0354,5038.42
926,5,0,5,11.0254,4987.59
945,5,0,5,10.999,4851.25
954,5,0,5,10.9926,4817.83
140,5,0,6,11.4953,7372.73,0.0621667,271.152,0.24,7
360,5,0,6,11.4562,7161.27
369,5,0,6,11.433,7038.46
376,5,0,6,11.4152,6941.2
382,5,0,6,11.3987,6850.57
390,5,0,6,11.383,6766.15
397,5,0,6,11.3665,6677.59
389,5,0,6,11.3549,6615.23
388,5,0,6,11.3299,6484.66
352,5,0,6,11.3106,6383.36
135,5,0,7,11.6884,8351.17,0.113833,496.507,0.15,8
133,5,0,7,11.6795,8299.96
134,5,0,7,11.6719,8248
129,5,0,7,11.6643,8208.36
1717,5,0,7,11.643,8088.77
128,5,0,7,11.6097,7917.69
127,5,0,7,11.6063,7900.25
132,5,0,7,11.5843,7792.24
140,5,0,7,11.5575,7643.88
179,5,0,8,11.8767,9243.47,0.0948333,413.634,0.23,9
178,5,0,8,11.8522,9117.27
177,5,0,8,11.8467,9089.59
2091,5,0,8,11.8328,9012.37
171,5,0,8,11.8171,8930.01
135,5,0,8,11.8022,8847.67
524,5,0,9,12.1055,10370.7,0.0848333,370.017,0.45,10
523,5,0,9,12.0986,10335.7
508,5,0,9,12.0794,10233.9
483,5,0,9,12.0675,10174.9
482,5,0,9,12.0619,10148
454,5,0,9,12.0361,10005
448,5,0,9,12.0289,9960.24
447,5,0,9,12.0189,9906.61
1976,5,0,9,12.0136,9876.84
1975,5,0,9,11.9984,9798.07
2129,5,0,9,11.9851,9726.3
179,5,0,9,11.9715,9657.11
610,5,0,10,12.3227,11493.4,0,0,0
614,5,0,10,12.3134,11447.1
612,5,0,10,12.3109,11433.3
423,5,0,10,12.3072,11410.5
609,5,0,10,12.3013,11354.2
628,5,0,10,12.2913,11280.1
561,5,0,10,12.2875,11255.4
557,5,0,10,12.2794,11207.3
554,5,0,10,12.2771,11195.5
565,5,0,10,12.269,11150.5
573,5,0,10,12.2637,11123.9
574,5,0,10,12.2564,11074.4
1844,5,0,10,12.2533,11056.4
575,5,0,10,12.2505,11040.3
578,5,0,10,12.2453,11009.8
543,5,0,10,12.2236,10903.7
522,5,0,10,12.2098,10835.3
521,5,0,10,12.2037,10805.6
525,5,0,10,12.1961,10769.3
524,5,0,10,12.1903,10740.7
1044,6,0,0,10.2039,789.474,0.0425,185.372,0.08,1
1043,6,0,0,10.1989,764.208
2158,6,0,0,10.192,728.848
2030,6,0,0,10.188,709.012
1011,6,0,0,10.1878,708.14
1547,6,0,0,10.1748,643.242
1546,6,0,0,10.1704,620.079
975,6,0,0,10.167,602.282
2026,6,0,0,10.1606,568.492
2027,6,0,0,10.1561,545.262
1998,6,0,0,10.146,493.634
686,6,0,0,10.1422,473.636
685,6,0,0,10.1315,419.441
681,6,0,0,10.1249,384.678
682,6,0,0,10.116,338.439
677,6,0,0,10.108,296.886
678,6,0,0,10.1018,265.906
674,6,0,0,10.0872,189.995
669,6,0,0,10.0741,120.422
673,6,0,0,10.0668,81.4569
672,6,0,0,10.0588,42.3249
610,6,0,0,10.05,0
1780,6,0,1,10.3846,1684.64,0.0645,281.33,0.14,2
2171,6,0,1,10.384,1681.47
1549,6,0,1,10.3764,1642.24
1148,6,0,1,10.3727,1621.55
1128,6,0,1,10.3607,1561.04
2045,6,0,1,10.343,1468.22
1120,6,0,1,10.3275,1384.11
1094,6,0,1,10.3207,1350.45
1091,6,0,1,10.3072,1285.7
1092,6,0,1,10.303,1263.56
1074,6,0,1,10.2971,1233.11
1077,6,0,1,10.2868,1179.31
1080,6,0,1,10.2718,1105.49
1079,6,0,1,10.2636,1064.36
1061,6,0,1,10.2593,1043.07
1063,6,0,1,10.2558,1024.86
1062,6,0,1,10.2547,1017.81
2159,6,0,1,10.2545,1016.59
1045,6,0,1,10.2538,1013.44
1043,6,0,1,10.2506,997.286
1044,6,0,1,10.2464,974.847
1314,6,0,2,10.601,2732.03,0.113667,495.78,0.18,3
2163,6,0,2,10.5853,2648.01
2051,6,0,2,10.547,2449.94
1154,6,0,2,10.5257,2341.13
1156,6,0,2,10.5158,2290.77
1155,6,0,2,10.5031,2226.05
1781,6,0,2,10.4966,2193.16
2107,6,0,2,10.4897,2158.38
1779,6,0,2,10.4586,2010.91
1780,6,0,2,10.4491,1965.97
1563,6,0,3,10.7575,3461.55,0.099,431.808,0.04,4
2164,6,0,3,10.7456,3398.48
1313,6,0,3,10.7237,3279.02
1309,6,0,3,10.7153,3230.68
1314,6,0,3,10.7147,3227.81
954,6,0,4,10.9823,4554.68,0.0603333,263.156,0.24,5
956,6,0,4,10.9553,4417.74
955,6,0,4,10.9462,4373.66
1598,6,0,4,10.9255,4267.98
2025,6,0,4,10.9213,4245.34
949,6,0,4,10.9184,4230.21
1302,6,0,4,10.8988,4121.02
1307,6,0,4,10.8835,4036.77
2164,6,0,4,10.8667,3948.87
1563,6,0,4,10.8565,3893.36
352,6,0,5,11.2701,5986.21,0.112667,491.418,0.14,6
1983,6,0,5,11.2452,5860.8
813,6,0,5,11.199,5629.47
822,6,0,5,11.1684,5473.49
2153,6,0,5,11.1474,5361.56
831,6,0,5,11.1474,5361.48
825,6,0,5,11.147,5359.45
834,6,0,5,11.1356,5299.01
835,6,0,5,11.1286,5256.94
2154,6,0,5,11.1026,5119.25
857,6,0,5,11.0939,5073.69
926,6,0,5,11.0858,5031.14
945,6,0,5,11.0487,4849.95
954,6,0,5,11.0426,4817.83
140,6,0,6,11.5675,7467,0.0621667,271.152,0.24,7
360,6,0,6,11.5283,7255.54
369,6,0,6,11.5051,7132.72
376,6,0,6,11.4874,7035.47
382,6,0,6,11.4709,6944.84
390,6,0,6,11.4552,6860.42
397,6,0,6,11.4387,6771.85
389,6,0,6,11.4271,6709.49
388,6,0,6,11.4021,6578.93
352,6,0,6,11.3828,6477.63
179,6,0,7,11.823,8783.72,0.0948333,413.634,0.23,8
178,6,0,7,11.7984,8657.51
177,6,0,7,11.7929,8629.84
184,6,0,7,11.7725,8518.51
440,6,0,7,11.7559,8427.32
451,6,0,7,11.7371,8331.61
368,6,0,7,11.7185,8226.56
367,6,0,7,11.7158,8211.7
361,6,0,7,11.6828,8027.5
360,6,0,7,11.6726,7965.6
140,6,0,7,11.6297,7738.15
135,6,0,8,12.0035,9646.26,0.0491667,214.45,0.14,9
171,6,0,8,11.986,9553.03
2091,6,0,8,11.9733,9483.38
172,6,0,8,11.9705,9468.52
1535,6,0,8,11.9608,9416.92
177,6,0,8,11.9506,9362.76
178,6,0,8,11.9456,9337.4
179,6,0,8,11.9178,9197.35
524,6,0,9,12.2436,10884.2,0.0848333,370.017,0.45,10
523,6,0,9,12.2362,10847.3
508,6,0,9,12.2148,10735.8
483,6,0,9,12.2046,10683.8
482,6,0,9,12.2012,10666.2
454,6,0,9,12.1751,10522
455,6,0,9,12.1728,10507.8
453,6,0,9,12.1636,10442.2
446,6,0,9,12.1544,10391.2
442,6,0,9,12.14,10321.2
1857,6,0,9,12.1305,10272.6
441,6,0,9,12.1254,10247.5
185,6,0,9,12.1151,10192.5
177,6,0,9,12.1038,10131.3
2091,6,0,9,12.0871,10042.1
171,6,0,9,12.0703,9954.97
135,6,0,9,12.0526,9860.71
610,6,0,10,12.4609,12006.9,0,0,0
614,6,0,10,12.4515,11960.7
612,6,0,10,12.449,11946.8
423,6,0,10,12.4453,11924
609,6,0,10,12.4394,11867.7
628,6,0,10,12.4294,11793.7
561,6,0,10,12.4256,11768.9
557,6,0,10,12.4175,11720.8
554,6,0,10,12.4152,11709
565,6,0,10,12.4071,11664
573,6,0,10,12.4018,11637.4
574,6,0,10,12.3945,11587.9
1844,6,0,10,12.3914,11569.9
575,6,0,10,12.3886,11553.9
578,6,0,10,12.3834,11523.4
543,6,0,10,12.3617,11417.2
522,6,0,10,12.3479,11348.8
521,6,0,10,12.3418,11319.1
525,6,0,10,12.3342,11282.8
524,6,0,10,12.3284,11254.2
1044,7,0,0,10.1539,789.474,0.0425,185.372,0.08,1
1043,7,0,0,10.1489,764.208
2158,7,0,0,10.142,728.848
2030,7,0,0,10.138,709.012
1011,7,0,0,10.1378,708.14
1547,7,0,0,10.1248,643.242
1546,7,0,0,10.1204,620.079
975,7,0,0,10.117,602.282
2026,7,0,0,10.1106,568.492
2027,7,0,0,10.1061,545.262
1998,7,0,0,10.096,493.634
686,7,0,0,10.0922,473.636
685,7,0,0,10.0815,419.441
681,7,0,0,10.0749,384.678
682,7,0,0,10.066,338.439
677,7,0,0,10.058,296.886
678,7,0,0,10.0518,265.906
674,7,0,0,10.0372,189.995
669,7,0,0,10.0241,120.422
673,7,0,0,10.0168,81.4569
672,7,0,0,10.0088,42.3249
610,7,0,0,10,0
1780,7,0,1,10.3346,1684.64,0.0645,281.33,0.14,2
2171,7,0,1,10.334,1681.47
1549,7,0,1,10.3264,1642.24
1148,7,0,1,10.3227,1621.55
1128,7,0,1,10.3107,1561.04
2045,7,0,1,10.293,1468.22
1120,7,0,1,10.2775,1384.11
1094,7,0,1,10.2707,1350.45
1091,7,0,1,10.2572,1285.7
1092,7,0,1,10.253,1263.56
1074,7,0,1,10.2471,1233.11
1077,7,0,1,10.2368,1179.31
1080,7,0,1,10.2218,1105.49
1079,7,0,1,10.2136,1064.36
1061,7,0,1,10.2093,1043.07
1063,7,0,1,10.2058,1024.86
1062,7,0,1,10.2047,1017.81
2159,7,0,1,10.2045,1016.59
1045,7,0,1,10.2038,1013.44
1043,7,0,1,10.2006,997.286
1044,7,0,1,10.1964,974.847
1314,7,0,2,10.551,2732.03,0.113667,495.78,0.18,3
2163,7,0,2,10.5353,2648.01
2051,7,0,2,10.497,2449.94
1154,7,0,2,10.4757,2341.13
1156,7,0,2,10.4658,2290.77
1155,7,0,2,10.4531,2226.05
1781,7,0,2,10.4466,2193.16
2107,7,0,2,10.4397,2158.38
1779,7,0,2,10.4086,2010.91
1780,7,0,2,10.3991,1965.97
1563,7,0,3,10.7075,3461.55,0.099,431.808,0.04,4
2164,7,0,3,10.6956,3398.48
1313,7,0,3,10.6737,3279.02
1309,7,0,3,10.6653,3230.68
1314,7,0,3,10.6647,3227.81
954,7,0,4,10.9323,4554.68,0.0603333,263.156,0.24,5
956,7,0,4,10.9053,4417.74
955,7,0,4,10.8962,4373.66
1598,7,0,4,10.8755,4267.98
2025,7,0,4,10.8713,4245.34
949,7,0,4,10.8684,4230.21
1302,7,0,4,10.8488,4121.02
1307,7,0,4,10.8335,4036.77
2164,7,0,4,10.8167,3948.87
1563,7,0,4,10.8065,3893.36
352,7,0,5,11.198,5891.95,0.112667,491.418,0.14,6
1983,7,0,5,11.1747,5773.74
813,7,0,5,11.1377,5581.12
822,7,0,5,11.114,5453.97
2153,7,0,5,11.0929,5341.76
831,7,0,5,11.0929,5341.68
825,7,0,5,11.0925,5339.65
834,7,0,5,11.0823,5284.73
835,7,0,5,11.0738,5237.81
2154,7,0,5,11.0441,5084.39
857,7,0,5,11.0354,5038.42
926,7,0,5,11.0254,4987.59
945,7,0,5,10.999,4851.25
954,7,0,5,10.9926,4817.83
140,7,0,6,11.4953,7372.73,0.0621667,271.152,0.24,7
360,7,0,6,11.4562,7161.27
369,7,0,6,11.433,7038.46
376,7,0,6,11.4152,6941.2
382,7,0,6,11.3987,6850.57
390,7,0,6,11.383,6766.15
397,7,0,6,11.3665,6677.59
389,7,0,6,11.3549,6615.23
388,7,0,6,11.3299,6484.66
352,7,0,6,11.3106,6383.36
135,7,0,7,11.6884,8351.17,0.113833,496.507,0.15,8
133,7,0,7,11.6795,8299.96
134,7,0,7,11.6719,8248
129,7,0,7,11.6643,8208.36
1717,7,0,7,11.643,8088.77
128,7,0,7,11.6097,7917.69
127,7,0,7,11.6063,7900.25
132,7,0,7,11.5843,7792.24
140,7,0,7,11.5575,7643.88
179,7,0,8,11.8767,9243.47,0.0948333,413.634,0.23,9
178,7,0,8,11.8522,9117.27
177,7,0,8,11.8467,9089.59
2091,7,0,8,11.8328,9012.37
171,7,0,8,11.8171,8930.01
135,7,0,8,11.8022,8847.67
610,7,0,9,12.1823,10839.6,0,0,0
614,7,0,9,12.1741,10798.1
612,7,0,9,12.1716,10784
426,7,0,9,12.1617,10731.4
424,7,0,9,12.1594,10718
407,7,0,9,12.142,10626.8
406,7,0,9,12.1372,10602.2
403,7,0,9,12.1335,10573.6
394,7,0,9,12.1228,10516.9
384,7,0,9,12.1187,10495.6
385,7,0,9,12.115,10476.4
377,7,0,9,12.1116,10458.3
2134,7,0,9,12.0967,10373
371,7,0,9,12.0917,10332.1
372,7,0,9,12.0751,10226.5
460,7,0,9,12.0693,10191.9
461,7,0,9,12.0592,10125.7
462,7,0,9,12.0576,10111.4
1990,7,0,9,12.0498,10058.3
1857,7,0,9,12.0328,9971.26
441,7,0,9,12.0279,9946.95
185,7,0,9,12.0168,9888.76
177,7,0,9,12.0043,9822.52
178,7,0,9,11.9994,9797.16
179,7,0,9,11.9715,9657.11
524,7,1,0,13.7806,741.136,0.0808333,352.571,0.41,1
525,7,1,0,13.7729,704.818
546,7,1,0,13.7511,601.333
583,7,1,0,13.7353,522.372
580,7,1,0,13.7329,508.176
574,7,1,0,13.7124,400.638
573,7,1,0,13.7032,348.55
564,7,1,0,13.6959,309.306
557,7,1,0,13.69,276.225
561,7,1,0,13.6833,229.691
628,7,1,0,13.6791,204.318
615,7,1,0,13.6742,176.338
608,7,1,0,13.6622,111.42
607,7,1,0,13.6591,95.0275
606,7,1,0,13.6511,54.728
610,7,1,0,13.64,0
610,7,1,1,13.9923,1852.3,0,0,0
614,7,1,1,13.9839,1810.15
612,7,1,1,13.9811,1794.97
423,7,1,1,13.9777,1772.53
609,7,1,1,13.9718,1716.21
628,7,1,1,13.9619,1642.21
561,7,1,1,13.958,1617.44
557,7,1,1,13.9506,1570.21
554,7,1,1,13.9484,1559.06
565,7,1,1,13.9383,1505.42
573,7,1,1,13.933,1478.82
574,7,1,1,13.9257,1429.36
1844,7,1,1,13.9226,1411.32
575,7,1,1,13.9199,1395.24
578,7,1,1,13.9146,1364.69
586,7,1,1,13.9111,1346.06
583,7,1,1,13.9074,1326.48
589,7,1,1,13.8969,1278.6
581,7,1,1,13.8933,1258.65
544,7,1,1,13.8776,1179.74
523,7,1,1,13.8673,1124.38
524,7,1,1,13.8614,1093.71
1044,8,0,0,10.2139,789.474,0.0425,185.372,0.08,1
1043,8,0,0,10.2089,764.208
2158,8,0,0,10.202,728.848
2030,8,0,0,10.198,709.012
1011,8,0,0,10.1979,708.14
1547,8,0,0,10.1848,643.242
1546,8,0,0,10.1804,620.079
975,8,0,0,10.177,602.282
2026,8,0,0,10.1706,568.492
2027,8,0,0,10.1661,545.262
1998,8,0,0,10.156,493.634
686,8,0,0,10.1522,473.636
685,8,0,0,10.1415,419.441
681,8,0,0,10.1349,384.678
682,8,0,0,10.126,338.439
677,8,0,0,10.118,296.886
678,8,0,0,10.1118,265.906
674,8,0,0,10.0972,189.995
669,8,0,0,10.0841,120.422
673,8,0,0,10.0768,81.4569
672,8,0,0,10.0688,42.3249
610,8,0,0,10.06,0
1780,8,0,1,10.3946,1684.64,0.0645,281.33,0.14,2
2171,8,0,1,10.394,1681.47
1549,8,0,1,10.3864,1642.24
1148,8,0,1,10.3827,1621.55
1128,8,0,1,10.3707,1561.04
2045,8,0,1,10.353,1468.22
1120,8,0,1,10.3375,1384.11
1094,8,0,1,10.3307,1350.45
1091,8,0,1,10.3172,1285.7
1092,8,0,1,10.313,1263.56
1074,8,0,1,10.3071,1233.11
1077,8,0,1,10.2968,1179.31
1080,8,0,1,10.2818,1105.49
1079,8,0,1,10.2736,1064.36
1061,8,0,1,10.2693,1043.07
1063,8,0,1,10.2658,1024.86
1062,8,0,1,10.2647,1017.81
2159,8,0,1,10.2645,1016.59
1045,8,0,1,10.2638,1013.44
1043,8,0,1,10.2606,997.286
1044,8,0,1,10.2564,974.847
1314,8,0,2,10.611,2732.03,0.113667,495.78,0.18,3
2163,8,0,2,10.5953,2648.01
2051,8,0,2,10.557,2449.94
1154,8,0,2,10.5357,2341.13
1156,8,0,2,10.5258,2290.77
1155,8,0,2,10.5131,2226.05
1781,8,0,2,10.5066,2193.16
2107,8,0,2,10.4997,2158.38
1779,8,0,2,10.4686,2010.91
1780,8,0,2,10.4591,1965.97
1563,8,0,3,10.7675,3461.55,0.099,431.808,0.04,4
2164,8,0,3,10.7556,3398.48
1313,8,0,3,10.7337,3279.02
1309,8,0,3,10.7253,3230.68
1314,8,0,3,10.7247,3227.81
954,8,0,4,10.9923,4554.68,0.0603333,263.156,0.24,5
956,8,0,4,10.9653,4417.74
955,8,0,4,10.9562,4373.66
1598,8,0,4,10.9355,4267.98
2025,8,0,4,10.9313,4245.34
949,8,0,4,10.9284,4230.21
1302,8,0,4,10.9088,4121.02
1307,8,0,4,10.8935,4036.77
2164,8,0,4,10.8767,3948.87
1563,8,0,4,10.8665,3893.36
352,8,0,5,11.2801,5986.21,0.112667,491.418,0.14,6
1983,8,0,5,11.2552,5860.8
813,8,0,5,11.209,5629.47
822,8,0,5,11.1784,5473.49
2153,8,0,5,11.1574,5361.56
831,8,0,5,11.1574,5361.48
825,8,0,5,11.157,5359.45
834,8,0,5,11.1456,5299.01
835,8,0,5,11.1386,5256.94
2154,8,0,5,11.1126,5119.25
857,8,0,5,11.1039,5073.69
926,8,0,5,11.0958,5031.14
945,8,0,5,11.0587,4849.95
954,8,0,5,11.0526,4817.83
140,8,0,6,11.5775,7467,0.0621667,271.152,0.24,7
360,8,0,6,11.5383,7255.54
369,8,0,6,11.5151,7132.72
376,8,0,6,11.4974,7035.47
382,8,0,6,11.4809,6944.84
390,8,0,6,11.4652,6860.42
397,8,0,6,11.4487,6771.85
389,8,0,6,11.4371,6709.49
388,8,0,6,11.4121,6578.93
352,8,0,6,11.3928,6477.63
179,8,0,7,11.833,8783.72,0.0948333,413.634,0.23,8
178,8,0,7,11.8084,8657.51
177,8,0,7,11.8029,8629.84
184,8,0,7,11.7825,8518.51
440,8,0,7,11.7659,8427.32
451,8,0,7,11.7471,8331.61
368,8,0,7,11.7285,8226.56
367,8,0,7,11.7258,8211.7
361,8,0,7,11.6928,8027.5
360,8,0,7,11.6826,7965.6
140,8,0,7,11.6397,7738.15
135,8,0,8,12.0135,9646.26,0.0491667,214.45,0.14,9
171,8,0,8,11.996,9553.03
2091,8,0,8,11.9833,9483.38
172,8,0,8,11.9805,9468.52
1535,8,0,8,11.9708,9416.92
177,8,0,8,11.9606,9362.76
178,8,0,8,11.9556,9337.4
179,8,0,8,11.9278,9197.35
610,8,0,9,12.2967,11135.8,0,0,0
614,8,0,9,12.2873,11089.6
612,8,0,9,12.2848,11075.7
426,8,0,9,12.2758,11026.6
424,8,0,9,12.2733,11012.9
407,8,0,9,12.2481,10888.6
406,8,0,9,12.2422,10859.4
403,8,0,9,12.2287,10795
394,8,0,9,12.2188,10741.8
384,8,0,9,12.2156,10724.6
385,8,0,9,12.212,10706
377,8,0,9,12.2087,10688
2134,8,0,9,12.192,10595.7
371,8,0,9,12.1872,10554.7
372,8,0,9,12.169,10446.9
460,8,0,9,12.1634,10412.5
461,8,0,9,12.1542,10347.1
1716,8,0,9,12.1458,10303.2
451,8,0,9,12.1412,10279.4
440,8,0,9,12.1242,10191.3
184,8,0,9,12.1083,10103.1
138,8,0,9,12.091,10010.5
133,8,0,9,12.0757,9929.39
135,8,0,9,12.0626,9860.71
524,8,1,0,13.1906,741.136,0.0808333,352.571,0.41,1
525,8,1,0,13.1829,704.818
546,8,1,0,13.1611,601.333
583,8,1,0,13.1453,522.372
580,8,1,0,13.1429,508.176
574,8,1,0,13.1224,400.638
573,8,1,0,13.1132,348.55
564,8,1,0,13.1059,309.306
557,8,1,0,13.1,276.225
561,8,1,0,13.0933,229.691
628,8,1,0,13.0891,204.318
615,8,1,0,13.0842,176.338
608,8,1,0,13.0722,111.42
607,8,1,0,13.0691,95.0275
606,8,1,0,13.0611,54.728
610,8,1,0,13.05,0
610,8,1,1,13.4023,1852.3,0,0,0
614,8,1,1,13.3939,1810.15
612,8,1,1,13.3911,1794.97
423,8,1,1,13.3877,1772.53
609,8,1,1,13.3818,1716.21
628,8,1,1,13.3719,1642.21
561,8,1,1,13.368,1617.44
557,8,1,1,13.3606,1570.21
554,8,1,1,13.3584,1559.06
565,8,1,1,13.3483,1505.42
573,8,1,1,13.343,1478.82
574,8,1,1,13.3357,1429.36
1844,8,1,1,13.3326,1411.32
575,8,1,1,13.3299,1395.24
578,8,1,1,13.3246,1364.69
586,8,1,1,13.3211,1346.06
583,8,1,1,13.3174,1326.48
589,8,1,1,13.3069,1278.6
581,8,1,1,13.3033,1258.65
544,8,1,1,13.2876,1179.74
523,8,1,1,13.2773,1124.38
524,8,1,1,13.2714,1093.71
524,9,0,0,13.1506,741.136,0.0808333,352.571,0.41,1
525,9,0,0,13.1429,704.818
546,9,0,0,13.1211,601.333
583,9,0,0,13.1053,522.372
580,9,0,0,13.1029,508.176
574,9,0,0,13.0824,400.638
573,9,0,0,13.0732,348.55
564,9,0,0,13.0659,309.306
557,9,0,0,13.06,276.225
561,9,0,0,13.0533,229.691
628,9,0,0,13.0491,204.318
615,9,0,0,13.0442,176.338
608,9,0,0,13.0322,111.42
607,9,0,0,13.0291,95.0275
606,9,0,0,13.0211,54.728
610,9,0,0,13.01,0
140,9,0,1,13.4501,2299.81,0.0831667,362.748,0.23,2
360,9,0,1,13.4105,2086.66
366,9,0,1,13.3936,1992.43
371,9,0,1,13.3841,1934.82
372,9,0,1,13.3693,1830.82
460,9,0,1,13.3635,1796.18
461,9,0,1,13.3516,1727.6
462,9,0,1,13.3501,1713.22
1990,9,0,1,13.3423,1660.18
463,9,0,1,13.3251,1570.15
474,9,0,1,13.3112,1497.16
2140,9,0,1,13.3031,1459.32
2141,9,0,1,13.2948,1414.34
1750,9,0,1,13.2906,1393.04
477,9,0,1,13.2855,1367.37
478,9,0,1,13.2771,1324.27
480,9,0,1,13.2733,1303.7
2143,9,0,1,13.2729,1301.8
2142,9,0,1,13.2725,1300.04
484,9,0,1,13.2691,1282.4
509,9,0,1,13.2572,1223.26
524,9,0,1,13.2314,1093.71
352,9,0,2,13.7261,3693.26,0.0423333,184.645,0.11,3
388,9,0,2,13.7031,3576.26
381,9,0,2,13.6944,3529.51
375,9,0,2,13.6669,3386.13
382,9,0,2,13.6307,3187.91
376,9,0,2,13.6137,3095.31
369,9,0,2,13.5938,2988.9
360,9,0,2,13.5728,2875.59
140,9,0,2,13.5333,2662.56
610,9,0,3,13.9218,4724.37,0,0,0
614,9,0,3,13.9134,4682.23
612,9,0,3,13.9106,4667.05
423,9,0,3,13.9071,4644.61
419,9,0,3,13.9018,4609.77
418,9,0,3,13.8836,4512.21
2139,9,0,3,13.8803,4492.74
2138,9,0,3,13.8638,4400
411,9,0,3,13.8515,4330.68
412,9,0,3,13.8495,4311.17
398,9,0,3,13.835,4232.46
397,9,0,3,13.8242,4171.67
389,9,0,3,13.8122,4107.22
388,9,0,3,13.786,3972.11
352,9,0,3,13.7684,3877.91
135,9,1,0,10.3526,1434.62,0.0473333,206.454,0.18,1
171,9,1,0,10.3365,1346.99
138,9,1,0,10.3232,1277.98
184,9,1,0,10.3064,1187.32
440,9,1,0,10.2893,1094.08
451,9,1,0,10.2716,1002.92
1716,9,1,0,10.2691,986.494
462,9,1,0,10.2619,947.416
461,9,1,0,10.2596,933.026
460,9,1,0,10.2491,866.414
464,9,1,0,10.2319,783.24
465,9,1,0,10.2243,746.436
466,9,1,0,10.2177,714.243
489,9,1,0,10.2072,663.543
490,9,1,0,10.1894,568.727
492,9,1,0,10.1827,533.59
491,9,1,0,10.1792,515.392
1991,9,1,0,10.1746,492.216
513,9,1,0,10.1696,467.032
1753,9,1,0,10.1636,426.111
1751,9,1,0,10.159,401.224
530,9,1,0,10.1559,383.944
1992,9,1,0,10.1524,366.558
560,9,1,0,10.1417,311.272
618,9,1,0,10.1221,213.454
615,9,1,0,10.1204,201.605
608,9,1,0,10.1078,134.576
607,9,1,0,10.1048,118.522
606,9,1,0,10.0936,65.1504
610,9,1,0,10.08,0
179,9,1,1,10.4748,2038.68,0.0905,394.734,0.19,2
178,9,1,1,10.4522,1920.75
177,9,1,1,10.4474,1895.73
2091,9,1,1,10.433,1816.33
171,9,1,1,10.4177,1735.46
135,9,1,1,10.4,1641.08
1044,9,1,2,10.7902,3717,0.0425,185.372,0.08,3
1043,9,1,2,10.7853,3691.73
2029,9,1,2,10.7852,3691.32
1016,9,1,2,10.781,3668.33
1548,9,1,2,10.7736,3630.63
1012,9,1,2,10.7686,3604.93
1014,9,1,2,10.7681,3602.53
989,9,1,2,10.7574,3545.56
990,9,1,2,10.7473,3495.3
991,9,1,2,10.7448,3482.94
706,9,1,2,10.7377,3443.48
704,9,1,2,10.7351,3430.71
2179,9,1,2,10.7349,3429.85
662,9,1,2,10.7287,3400.2
602,9,1,2,10.7173,3331.84
599,9,1,2,10.7133,3309.07
605,9,1,2,10.7092,3285.09
529,9,1,2,10.6907,3181.04
726,9,1,2,10.676,3081.08
714,9,1,2,10.6759,3079.2
1543,9,1,2,10.6714,3049.07
459,9,1,2,10.6611,2985.63
458,9,1,2,10.6545,2940.29
456,9,1,2,10.645,2879.15
457,9,1,2,10.6377,2840.72
454,9,1,2,10.6301,2786.76
448,9,1,2,10.6235,2742.66
447,9,1,2,10.6135,2688.86
1976,9,1,2,10.6083,2659.82
187,9,1,2,10.5899,2562.7
2129,9,1,2,10.5766,2492.99
179,9,1,2,10.5653,2433.42
1780,9,1,3,10.971,4612.16,0.0645,281.33,0.14,4
2171,9,1,3,10.9703,4608.99
1549,9,1,3,10.9628,4569.76
1148,9,1,3,10.959,4549.07
1128,9,1,3,10.947,4488.57
2045,9,1,3,10.9294,4395.75
1120,9,1,3,10.9138,4311.63
1094,9,1,3,10.9071,4277.97
1091,9,1,3,10.8936,4213.22
1092,9,1,3,10.8893,4191.08
1074,9,1,3,10.8835,4160.64
1077,9,1,3,10.8732,4106.83
1080,9,1,3,10.8581,4033.01
1079,9,1,3,10.8499,3991.88
1061,9,1,3,10.8457,3970.6
1063,9,1,3,10.8421,3952.38
1062,9,1,3,10.8411,3945.33
2159,9,1,3,10.8408,3944.11
1045,9,1,3,10.8401,3940.96
1043,9,1,3,10.837,3924.81
1044,9,1,3,10.8327,3902.37
1314,9,1,4,11.1665,5572.27,0.0836667,364.929,0.21,5
2163,9,1,4,11.1545,5504.02
2051,9,1,4,11.1166,5308.05
1154,9,1,4,11.1,5218.9
1156,9,1,4,11.0931,5181.33
1155,9,1,4,11.0783,5107.97
1781,9,1,4,11.072,5076.08
2107,9,1,4,11.0649,5039.93
1779,9,1,4,11.0436,4933.03
1780,9,1,4,11.0355,4893.49
1563,9,1,5,11.2954,6181.83,0.06,261.702,0.03,6
2164,9,1,5,11.2832,6117.68
1313,9,1,5,11.2589,5987.92
1309,9,1,5,11.2508,5940.07
1314,9,1,5,11.2502,5937.2
954,9,1,6,11.4861,7125.9,0.102,444.893,0.25,7
956,9,1,6,11.4582,6985.57
955,9,1,6,11.4497,6943.85
1598,9,1,6,11.43,6842.37
2025,9,1,6,11.4265,6822.69
949,9,1,6,11.4232,6806.28
1302,9,1,6,11.4013,6686.89
1307,9,1,6,11.3857,6601.04
2164,9,1,6,11.3667,6504.35
1563,9,1,6,11.3554,6443.53
610,9,1,7,11.8114,8773.89,0,0,0
614,9,1,7,11.8032,8732.41
612,9,1,7,11.8006,8718.25
423,9,1,7,11.7967,8695.19
419,9,1,7,11.7921,8660.75
420,9,1,7,11.7861,8624.8
421,9,1,7,11.7815,8597.27
417,9,1,7,11.7771,8573.38
1989,9,1,7,11.7602,8485.37
2011,9,1,7,11.7399,8381.53
2156,9,1,7,11.7333,8348.62
2013,9,1,7,11.7327,8345.46
886,9,1,7,11.7232,8297.28
888,9,1,7,11.7067,8205.81
903,9,1,7,11.6973,8154.31
904,9,1,7,11.6932,8133.28
925,9,1,7,11.6721,8015.32
2019,9,1,7,11.6667,7988.46
929,9,1,7,11.6663,7986.47
928,9,1,7,11.6417,7861.74
927,9,1,7,11.6194,7745.49
946,9,1,7,11.6147,7713.04
945,9,1,7,11.5941,7602.91
954,9,1,7,11.5881,7570.79
524,10,0,0,12.9528,754.735,0.0848333,370.017,0.45,1
525,10,0,0,12.9451,718.417
546,10,0,0,12.9292,639.152
583,10,0,0,12.914,562.23
580,10,0,0,12.9119,548.475
574,10,0,0,12.8905,437.354
573,10,0,0,12.8809,383.556
564,10,0,0,12.8734,343.295
557,10,0,0,12.8686,312.23
561,10,0,0,12.8621,265.791
628,10,0,0,12.8579,240.649
615,10,0,0,12.8524,209.993
608,10,0,0,12.8378,134.401
607,10,0,0,12.8349,118.634
606,10,0,0,12.8257,73.6908
610,10,0,0,12.81,0
135,10,0,1,13.2498,2222.59,0.0926667,404.184,0.12,2
171,10,0,1,13.2261,2103.21
2091,10,0,1,13.2128,2030.8
172,10,0,1,13.2101,2016.39
1535,10,0,1,13.2021,1971.86
177,10,0,1,13.1936,1925.17
185,10,0,1,13.1823,1864.11
441,10,0,1,13.1703,1802.15
1857,10,0,1,13.1653,1777.57
1990,10,0,1,13.1485,1691.23
463,10,0,1,13.1313,1601.19
474,10,0,1,13.1175,1528.2
2140,10,0,1,13.1093,1490.37
2141,10,0,1,13.1011,1445.39
1750,10,0,1,13.0968,1424.08
477,10,0,1,13.0918,1398.42
478,10,0,1,13.0834,1355.31
480,10,0,1,13.0795,1334.75
2143,10,0,1,13.0792,1332.84
2142,10,0,1,13.0788,1331.08
484,10,0,1,13.0754,1313.45
509,10,0,1,13.0634,1254.31
524,10,0,1,13.0377,1124.75
140,10,0,2,13.4853,3382.02,0.0831667,362.748,0.23,3
132,10,0,2,13.4495,3194.75
127,10,0,2,13.4303,3098.8
128,10,0,2,13.4261,3077.61
1717,10,0,2,13.3971,2924.82
129,10,0,2,13.3698,2779.09
134,10,0,2,13.3649,2750.59
131,10,0,2,13.3544,2691.77
135,10,0,2,13.3425,2626.77
352,10,0,3,13.7613,4775.48,0.0423333,184.645,0.11,4
388,10,0,3,13.7383,4658.47
381,10,0,3,13.7296,4611.73
375,10,0,3,13.7021,4468.35
382,10,0,3,13.6659,4270.13
376,10,0,3,13.6489,4177.53
369,10,0,3,13.629,4071.12
360,10,0,3,13.608,3957.81
140,10,0,3,13.5685,3744.77
610,10,0,4,13.957,5806.59,0,0,0
614,10,0,4,13.9486,5764.44
612,10,0,4,13.9458,5749.26
423,10,0,4,13.9424,5726.83
419,10,0,4,13.9371,5691.99
418,10,0,4,13.9188,5594.43
2139,10,0,4,13.9155,5574.96
2138,10,0,4,13.899,5482.21
411,10,0,4,13.8867,5412.89
412,10,0,4,13.8847,5393.38
398,10,0,4,13.8702,5314.68
397,10,0,4,13.8594,5253.89
389,10,0,4,13.8474,5189.43
388,10,0,4,13.8213,5054.32
352,10,0,4,13.8037,4960.12
179,10,1,0,10.4882,1282.78,0.0905,394.734,0.19,1
178,10,1,0,10.4657,1164.85
186,10,1,0,10.457,1114.94
443,10,1,0,10.4464,1058.36
442,10,1,0,10.4434,1041.79
452,10,1,0,10.4302,971.397
1678,10,1,0,10.4139,884.686
474,10,1,0,10.3975,800.082
2140,10,1,0,10.3875,755.172
475,10,1,0,10.3841,737.441
499,10,1,0,10.3764,697.85
497,10,1,0,10.3642,636.697
496,10,1,0,10.3549,590.143
495,10,1,0,10.348,557.542
1991,10,1,0,10.3346,492.216
513,10,1,0,10.3296,467.032
1753,10,1,0,10.3236,426.111
1751,10,1,0,10.319,401.224
530,10,1,0,10.3159,383.944
1992,10,1,0,10.3124,366.558
560,10,1,0,10.3017,311.272
618,10,1,0,10.2821,213.454
615,10,1,0,10.2804,201.605
608,10,1,0,10.2678,134.576
607,10,1,0,10.2648,118.522
606,10,1,0,10.2536,65.1504
610,10,1,0,10.24,0
1044,10,1,1,10.8036,2961.1,0.0425,185.372,0.08,2
1043,10,1,1,10.7987,2935.83
2029,10,1,1,10.7986,2935.42
1016,10,1,1,10.7944,2912.43
1548,10,1,1,10.787,2874.73
1012,10,1,1,10.782,2849.03
1014,10,1,1,10.7815,2846.63
989,10,1,1,10.7708,2789.66
990,10,1,1,10.7608,2739.4
991,10,1,1,10.7582,2727.04
706,10,1,1,10.7512,2687.58
704,10,1,1,10.7485,2674.81
2179,10,1,1,10.7483,2673.95
662,10,1,1,10.7421,2644.3
602,10,1,1,10.7307,2575.94
599,10,1,1,10.7267,2553.17
605,10,1,1,10.7226,2529.19
529,10,1,1,10.7041,2425.14
726,10,1,1,10.6895,2325.18
714,10,1,1,10.6893,2323.3
1543,10,1,1,10.6848,2293.17
459,10,1,1,10.6745,2229.73
458,10,1,1,10.6679,2184.39
456,10,1,1,10.6584,2123.25
457,10,1,1,10.6511,2084.82
454,10,1,1,10.6435,2030.86
448,10,1,1,10.637,1986.76
447,10,1,1,10.6269,1932.96
1976,10,1,1,10.6217,1903.92
187,10,1,1,10.6034,1806.8
2129,10,1,1,10.59,1737.09
179,10,1,1,10.5787,1677.52
1780,10,1,2,10.9844,3856.26,0.0645,281.33,0.14,3
2171,10,1,2,10.9837,3853.09
1549,10,1,2,10.9762,3813.86
1148,10,1,2,10.9724,3793.17
1128,10,1,2,10.9604,3732.67
2045,10,1,2,10.9428,3639.85
1120,10,1,2,10.9272,3555.73
1094,10,1,2,10.9205,3522.07
1091,10,1,2,10.907,3457.32
1092,10,1,2,10.9027,3435.18
1074,10,1,2,10.8969,3404.73
1077,10,1,2,10.8866,3350.93
1080,10,1,2,10.8716,3277.11
1079,10,1,2,10.8633,3235.98
1061,10,1,2,10.8591,3214.7
1063,10,1,2,10.8555,3196.48
1062,10,1,2,10.8545,3189.43
2159,10,1,2,10.8542,3188.21
1045,10,1,2,10.8535,3185.06
1043,10,1,2,10.8504,3168.91
1044,10,1,2,10.8461,3146.47
1314,10,1,3,11.1799,4816.37,0.0836667,364.929,0.21,4
2163,10,1,3,11.1679,4748.12
2051,10,1,3,11.13,4552.15
1154,10,1,3,11.1134,4463
1156,10,1,3,11.1065,4425.43
1155,10,1,3,11.0917,4352.07
1781,10,1,3,11.0854,4320.18
2107,10,1,3,11.0783,4284.03
1779,10,1,3,11.057,4177.13
1780,10,1,3,11.0489,4137.59
1563,10,1,4,11.3088,5425.93,0.06,261.702,0.03,5
2164,10,1,4,11.2966,5361.78
1313,10,1,4,11.2723,5232.02
1309,10,1,4,11.2642,5184.17
1314,10,1,4,11.2636,5181.3
954,10,1,5,11.4995,6370,0.102,444.893,0.25,6
956,10,1,5,11.4716,6229.67
955,10,1,5,11.4631,6187.95
1598,10,1,5,11.4434,6086.47
2025,10,1,5,11.4399,6066.78
949,10,1,5,11.4366,6050.38
1302,10,1,5,11.4147,5930.99
1307,10,1,5,11.3991,5845.14
2164,10,1,5,11.3802,5748.45
1563,10,1,5,11.3688,5687.63
610,10,1,6,11.8248,8017.99,0,0,0
614,10,1,6,11.8166,7976.51
612,10,1,6,11.8141,7962.35
423,10,1,6,11.8101,7939.29
419,10,1,6,11.8055,7904.85
420,10,1,6,11.7995,7868.9
421,10,1,6,11.7949,7841.37
417,10,1,6,11.7905,7817.48
1989,10,1,6,11.7736,7729.47
2011,10,1,6,11.7533,7625.63
2156,10,1,6,11.7467,7592.72
2013,10,1,6,11.7461,7589.56
886,10,1,6,11.7366,7541.38
888,10,1,6,11.7202,7449.91
903,10,1,6,11.7107,7398.41
904,10,1,6,11.7066,7377.38
925,10,1,6,11.6855,7259.42
2019,10,1,6,11.6802,7232.56
929,10,1,6,11.6797,7230.57
928,10,1,6,11.6551,7105.84
927,10,1,6,11.6328,6989.59
946,10,1,6,11.6281,6957.14
945,10,1,6,11.6075,6847.01
954,10,1,6,11.6015,6814.89
524,11,0,0,13.1806,741.136,0.0808333,352.571,0.41,1
525,11,0,0,13.1729,704.818
546,11,0,0,13.1511,601.333
583,11,0,0,13.1353,522.372
580,11,0,0,13.1329,508.176
574,11,0,0,13.1124,400.638
573,11,0,0,13.1032,348.55
564,11,0,0,13.0959,309.306
557,11,0,0,13.09,276.225
561,11,0,0,13.0833,229.691
628,11,0,0,13.0791,204.318
615,11,0,0,13.0742,176.338
608,11,0,0,13.0622,111.42
607,11,0,0,13.0591,95.0275
606,11,0,0,13.0511,54.728
610,11,0,0,13.04,0
135,11,0,1,13.4735,2191.54,0.0926667,404.184,0.12,2
171,11,0,1,13.4499,2072.16
2091,11,0,1,13.4365,1999.75
172,11,0,1,13.4338,1985.34
1535,11,0,1,13.4258,1940.81
177,11,0,1,13.4173,1894.12
185,11,0,1,13.406,1833.06
441,11,0,1,13.394,1771.1
1857,11,0,1,13.3891,1746.52
1990,11,0,1,13.3723,1660.18
463,11,0,1,13.3551,1570.15
474,11,0,1,13.3412,1497.16
2140,11,0,1,13.3331,1459.32
2141,11,0,1,13.3248,1414.34
1750,11,0,1,13.3206,1393.04
477,11,0,1,13.3155,1367.37
478,11,0,1,13.3071,1324.27
480,11,0,1,13.3033,1303.7
2143,11,0,1,13.3029,1301.8
2142,11,0,1,13.3025,1300.04
484,11,0,1,13.2991,1282.4
509,11,0,1,13.2872,1223.26
524,11,0,1,13.2614,1093.71
140,11,0,2,13.7091,3350.98,0.0831667,362.748,0.23,3
132,11,0,2,13.6732,3163.7
127,11,0,2,13.6541,3067.76
128,11,0,2,13.6498,3046.57
1717,11,0,2,13.6209,2893.77
129,11,0,2,13.5935,2748.05
134,11,0,2,13.5886,2719.54
131,11,0,2,13.5782,2660.73
135,11,0,2,13.5662,2595.72
610,11,0,3,13.9639,4620.3,0,0,0
614,11,0,3,13.9555,4578.15
612,11,0,3,13.9527,4562.98
426,11,0,3,13.9448,4518.78
424,11,0,3,13.9425,4505.35
407,11,0,3,13.9208,4396.17
406,11,0,3,13.9168,4374.7
403,11,0,3,13.9006,4299.45
394,11,0,3,13.8898,4242.38
384,11,0,3,13.8862,4223.11
385,11,0,3,13.8817,4200.76
377,11,0,3,13.8788,4184.49
2134,11,0,3,13.8645,4100.17
360,11,0,3,13.8318,3926.76
140,11,0,3,13.7922,3713.73
179,11,1,0,10.6782,1282.78,0.0905,394.734,0.19,1
178,11,1,0,10.6557,1164.85
186,11,1,0,10.647,1114.94
443,11,1,0,10.6364,1058.36
442,11,1,0,10.6334,1041.79
452,11,1,0,10.6202,971.397
1678,11,1,0,10.6039,884.686
474,11,1,0,10.5875,800.082
2140,11,1,0,10.5775,755.172
475,11,1,0,10.5741,737.441
499,11,1,0,10.5664,697.85
497,11,1,0,10.5542,636.697
496,11,1,0,10.5449,590.143
495,11,1,0,10.538,557.542
1991,11,1,0,10.5246,492.216
513,11,1,0,10.5196,467.032
1753,11,1,0,10.5136,426.111
1751,11,1,0,10.509,401.224
530,11,1,0,10.5059,383.944
1992,11,1,0,10.5024,366.558
560,11,1,0,10.4917,311.272
618,11,1,0,10.4721,213.454
615,11,1,0,10.4704,201.605
608,11,1,0,10.4578,134.576
607,11,1,0,10.4548,118.522
606,11,1,0,10.4436,65.1504
610,11,1,0,10.43,0
1044,11,1,1,10.9936,2961.1,0.0425,185.372,0.08,2
1043,11,1,1,10.9887,2935.83
2029,11,1,1,10.9886,2935.42
1016,11,1,1,10.9844,2912.43
1548,11,1,1,10.977,2874.73
1012,11,1,1,10.972,2849.03
1014,11,1,1,10.9715,2846.63
989,11,1,1,10.9608,2789.66
990,11,1,1,10.9508,2739.4
991,11,1,1,10.9482,2727.04
706,11,1,1,10.9412,2687.58
704,11,1,1,10.9385,2674.81
2179,11,1,1,10.9383,2673.95
662,11,1,1,10.9321,2644.3
602,11,1,1,10.9207,2575.94
599,11,1,1,10.9167,2553.17
605,11,1,1,10.9126,2529.19
529,11,1,1,10.8941,2425.14
726,11,1,1,10.8795,2325.18
714,11,1,1,10.8793,2323.3
1543,11,1,1,10.8748,2293.17
459,11,1,1,10.8645,2229.73
458,11,1,1,10.8579,2184.39
456,11,1,1,10.8484,2123.25
457,11,1,1,10.8411,2084.82
454,11,1,1,10.8335,2030.86
448,11,1,1,10.827,1986.76
447,11,1,1,10.8169,1932.96
1976,11,1,1,10.8117,1903.92
187,11,1,1,10.7934,1806.8
2129,11,1,1,10.78,1737.09
179,11,1,1,10.7687,1677.52
1780,11,1,2,11.1712,3843.06,0.0545,237.713,0.16,3
2171,11,1,2,11.1705,3839.89
1549,11,1,2,11.1639,3804.88
1148,11,1,2,11.1604,3785
1128,11,1,2,11.1482,3723.9
2045,11,1,2,11.1251,3607.81
1120,11,1,2,11.1068,3512.41
1094,11,1,2,11.1006,3480.88
1091,11,1,2,11.0933,3441.88
1092,11,1,2,11.089,3419.41
1074,11,1,2,11.0836,3390.84
1077,11,1,2,11.074,3340.01
1080,11,1,2,11.0605,3272.81
1079,11,1,2,11.0539,3238.36
1061,11,1,2,11.0497,3217.07
1063,11,1,2,11.0461,3198.91
1062,11,1,2,11.0451,3191.83
2159,11,1,2,11.0448,3190.71
1045,11,1,2,11.0441,3187.56
1043,11,1,2,11.0407,3170.36
1044,11,1,2,11.0361,3146.47
1314,11,1,3,11.3567,4759.55,0.0836667,364.929,0.21,4
2163,11,1,3,11.3446,4691.3
2051,11,1,3,11.3068,4495.33
1154,11,1,3,11.2902,4406.18
1156,11,1,3,11.2833,4368.61
1155,11,1,3,11.2685,4295.25
1781,11,1,3,11.2622,4263.36
2107,11,1,3,11.255,4227.21
1779,11,1,3,11.2338,4120.31
1780,11,1,3,11.2257,4080.77
1563,11,1,4,11.4856,5369.11,0.06,261.702,0.03,5
2164,11,1,4,11.4734,5304.96
1313,11,1,4,11.4491,5175.2
1309,11,1,4,11.441,5127.35
1314,11,1,4,11.4404,5124.48
954,11,1,5,11.6762,6313.18,0.102,444.893,0.25,6
956,11,1,5,11.6484,6172.85
955,11,1,5,11.6399,6131.13
1598,11,1,5,11.6202,6029.65
2025,11,1,5,11.6166,6009.97
949,11,1,5,11.6134,5993.56
1302,11,1,5,11.5915,5874.17
1307,11,1,5,11.5758,5788.32
2164,11,1,5,11.5569,5691.63
1563,11,1,5,11.5456,5630.81
352,11,1,6,12.0057,7926.45,0.107167,467.429,0.12,7
1983,11,1,6,11.9808,7801.03
813,11,1,6,11.9346,7569.71
822,11,1,6,11.904,7413.72
2153,11,1,6,11.883,7301.8
831,11,1,6,11.883,7301.72
825,11,1,6,11.8826,7299.69
834,11,1,6,11.8711,7239.25
835,11,1,6,11.8641,7197.18
2154,11,1,6,11.8381,7059.49
857,11,1,6,11.8295,7013.93
926,11,1,6,11.8214,6971.38
945,11,1,6,11.7843,6790.19
954,11,1,6,11.7782,6758.07
610,11,1,7,12.2727,9241.01,0,0,0
614,11,1,7,12.2633,9194.75
612,11,1,7,12.2608,9180.87
423,11,1,7,12.2571,9158.09
419,11,1,7,12.2504,9120.51
418,11,1,7,12.2313,9019.27
2139,11,1,7,12.2275,8998.31
2138,11,1,7,12.211,8905.12
411,11,1,7,12.1985,8835.18
412,11,1,7,12.1959,8816.17
398,11,1,7,12.1816,8738.1
410,11,1,7,12.1813,8736.89
409,11,1,7,12.1652,8653.16
408,11,1,7,12.1462,8559.09
352,11,1,7,12.1129,8393.88
352,12,0,0,13.0179,1083.31,0.0423333,184.645,0.11,1
388,12,0,0,12.9968,974.433
397,12,0,0,12.961,784.776
399,12,0,0,12.9443,694.367
411,12,0,0,12.9297,614.276
1537,12,0,0,12.8955,429.479
418,12,0,0,12.8909,404.29
417,12,0,0,12.8875,385.81
1989,12,0,0,12.869,291.597
432,12,0,0,12.8654,272.441
435,12,0,0,12.8601,245.849
431,12,0,0,12.8536,213.515
439,12,0,0,12.8381,136.101
672,12,0,0,12.8205,49.3878
610,12,0,0,12.81,0
140,12,0,1,13.2462,2262.76,0.0831667,362.748,0.23,2
360,12,0,1,13.2067,2049.61
369,12,0,1,13.1842,1929.79
376,12,0,1,13.1677,1838.03
382,12,0,1,13.1521,1751.38
390,12,0,1,13.1331,1652.58
397,12,0,1,13.116,1561.73
389,12,0,1,13.1039,1497.27
388,12,0,1,13.0778,1362.16
352,12,0,1,13.0602,1267.96
135,12,0,2,13.4849,3436.22,0.0926667,404.184,0.12,3
133,12,0,2,13.4745,3379.1
134,12,0,2,13.4669,3327.15
129,12,0,2,13.4597,3289.56
1717,12,0,2,13.4314,3139.86
128,12,0,2,13.406,3002.34
127,12,0,2,13.4025,2984.31
132,12,0,2,13.3832,2887.66
140,12,0,2,13.3294,2625.51
524,12,0,3,13.7688,4866.83,0.0808333,352.571,0.41,4
523,12,0,3,13.7629,4836.16
508,12,0,3,13.742,4727.08
483,12,0,3,13.73,4667.59
482,12,0,3,13.7266,4650.05
454,12,0,3,13.6991,4499.34
455,12,0,3,13.6965,4484.38
453,12,0,3,13.6878,4418.92
446,12,0,3,13.6795,4371.49
442,12,0,3,13.6678,4312.99
1857,12,0,3,13.659,4266.98
441,12,0,3,13.6529,4237.8
185,12,0,3,13.6419,4179.87
177,12,0,3,13.6296,4114.5
2091,12,0,3,13.6158,4037.62
171,12,0,3,13.5998,3953.87
135,12,0,3,13.5775,3840.4
610,12,0,4,13.9805,5977.99,0,0,0
614,12,0,4,13.9721,5935.85
612,12,0,4,13.9694,5920.67
423,12,0,4,13.9659,5898.23
609,12,0,4,13.96,5841.91
628,12,0,4,13.9501,5767.9
561,12,0,4,13.9463,5743.14
557,12,0,4,13.9388,5695.9
554,12,0,4,13.9367,5684.76
565,12,0,4,13.9266,5631.11
573,12,0,4,13.9213,5604.52
574,12,0,4,13.914,5555.05
1844,12,0,4,13.9109,5537.02
575,12,0,4,13.9081,5520.94
578,12,0,4,13.9028,5490.39
586,12,0,4,13.8993,5471.75
583,12,0,4,13.8956,5452.18
589,12,0,4,13.8851,5404.29
581,12,0,4,13.8815,5384.35
544,12,0,4,13.8659,5305.44
523,12,0,4,13.8555,5250.08
524,12,0,4,13.8496,5219.4
179,12,1,0,10.6782,1282.78,0.0905,394.734,0.19,1
178,12,1,0,10.6557,1164.85
186,12,1,0,10.647,1114.94
443,12,1,0,10.6364,1058.36
442,12,1,0,10.6334,1041.79
452,12,1,0,10.6202,971.397
1678,12,1,0,10.6039,884.686
474,12,1,0,10.5875,800.082
2140,12,1,0,10.5775,755.172
475,12,1,0,10.5741,737.441
499,12,1,0,10.5664,697.85
497,12,1,0,10.5542,636.697
496,12,1,0,10.5449,590.143
495,12,1,0,10.538,557.542
1991,12,1,0,10.5246,492.216
513,12,1,0,10.5196,467.032
1753,12,1,0,10.5136,426.111
1751,12,1,0,10.509,401.224
530,12,1,0,10.5059,383.944
1992,12,1,0,10.5024,366.558
560,12,1,0,10.4917,311.272
618,12,1,0,10.4721,213.454
615,12,1,0,10.4704,201.605
608,12,1,0,10.4578,134.576
607,12,1,0,10.4548,118.522
606,12,1,0,10.4436,65.1504
610,12,1,0,10.43,0
1044,12,1,1,10.9936,2961.1,0.0425,185.372,0.08,2
1043,12,1,1,10.9887,2935.83
2029,12,1,1,10.9886,2935.42
1016,12,1,1,10.9844,2912.43
1548,12,1,1,10.977,2874.73
1012,12,1,1,10.972,2849.03
1014,12,1,1,10.9715,2846.63
989,12,1,1,10.9608,2789.66
990,12,1,1,10.9508,2739.4
991,12,1,1,10.9482,2727.04
706,12,1,1,10.9412,2687.58
704,12,1,1,10.9385,2674.81
2179,12,1,1,10.9383,2673.95
662,12,1,1,10.9321,2644.3
602,12,1,1,10.9207,2575.94
599,12,1,1,10.9167,2553.17
605,12,1,1,10.9126,2529.19
529,12,1,1,10.8941,2425.14
726,12,1,1,10.8795,2325.18
714,12,1,1,10.8793,2323.3
1543,12,1,1,10.8748,2293.17
459,12,1,1,10.8645,2229.73
458,12,1,1,10.8579,2184.39
456,12,1,1,10.8484,2123.25
457,12,1,1,10.8411,2084.82
454,12,1,1,10.8335,2030.86
448,12,1,1,10.827,1986.76
447,12,1,1,10.8169,1932.96
1976,12,1,1,10.8117,1903.92
187,12,1,1,10.7934,1806.8
2129,12,1,1,10.78,1737.09
179,12,1,1,10.7687,1677.52
1780,12,1,2,11.1712,3843.06,0.0545,237.713,0.16,3
2171,12,1,2,11.1705,3839.89
1549,12,1,2,11.1639,3804.88
1148,12,1,2,11.1604,3785
1128,12,1,2,11.1482,3723.9
2045,12,1,2,11.1251,3607.81
1120,12,1,2,11.1068,3512.41
1094,12,1,2,11.1006,3480.88
1091,12,1,2,11.0933,3441.88
1092,12,1,2,11.089,3419.41
1074,12,1,2,11.0836,3390.84
1077,12,1,2,11.074,3340.01
1080,12,1,2,11.0605,3272.81
1079,12,1,2,11.0539,3238.36
1061,12,1,2,11.0497,3217.07
1063,12,1,2,11.0461,3198.91
1062,12,1,2,11.0451,3191.83
2159,12,1,2,11.0448,3190.71
1045,12,1,2,11.0441,3187.56
1043,12,1,2,11.0407,3170.36
1044,12,1,2,11.0361,3146.47
1314,12,1,3,11.3567,4759.55,0.0836667,364.929,0.21,4
2163,12,1,3,11.3446,4691.3
2051,12,1,3,11.3068,4495.33
1154,12,1,3,11.2902,4406.18
1156,12,1,3,11.2833,4368.61
1155,12,1,3,11.2685,4295.25
1781,12,1,3,11.2622,4263.36
2107,12,1,3,11.255,4227.21
1779,12,1,3,11.2338,4120.31
1780,12,1,3,11.2257,4080.77
1563,12,1,4,11.4856,5369.11,0.06,261.702,0.03,5
2164,12,1,4,11.4734,5304.96
1313,12,1,4,11.4491,5175.2
1309,12,1,4,11.441,5127.35
1314,12,1,4,11.4404,5124.48
954,12,1,5,11.6762,6313.18,0.102,444.893,0.25,6
956,12,1,5,11.6484,6172.85
955,12,1,5,11.6399,6131.13
1598,12,1,5,11.6202,6029.65
2025,12,1,5,11.6166,6009.97
949,12,1,5,11.6134,5993.56
1302,12,1,5,11.5915,5874.17
1307,12,1,5,11.5758,5788.32
2164,12,1,5,11.5569,5691.63
1563,12,1,5,11.5456,5630.81
610,12,1,6,12.0016,7961.17,0,0,0
614,12,1,6,11.9934,7919.69
612,12,1,6,11.9908,7905.53
423,12,1,6,11.9869,7882.47
419,12,1,6,11.9823,7848.03
420,12,1,6,11.9763,7812.08
421,12,1,6,11.9717,7784.55
417,12,1,6,11.9673,7760.67
1989,12,1,6,11.9503,7672.65
2011,12,1,6,11.9301,7568.81
2156,12,1,6,11.9235,7535.9
2013,12,1,6,11.9228,7532.74
886,12,1,6,11.9133,7484.56
888,12,1,6,11.8969,7393.09
903,12,1,6,11.8875,7341.59
904,12,1,6,11.8834,7320.56
925,12,1,6,11.8622,7202.6
2019,12,1,6,11.8569,7175.74
929,12,1,6,11.8565,7173.75
928,12,1,6,11.8319,7049.02
927,12,1,6,11.8096,6932.77
946,12,1,6,11.8048,6900.32
945,12,1,6,11.7843,6790.19
954,12,1,6,11.7782,6758.07
352,13,0,0,13.0179,1083.31,0.0423333,184.645,0.11,1
388,13,0,0,12.9968,974.433
397,13,0,0,12.961,784.776
399,13,0,0,12.9443,694.367
411,13,0,0,12.9297,614.276
1537,13,0,0,12.8955,429.479
418,13,0,0,12.8909,404.29
417,13,0,0,12.8875,385.81
1989,13,0,0,12.869,291.597
432,13,0,0,12.8654,272.441
435,13,0,0,12.8601,245.849
431,13,0,0,12.8536,213.515
439,13,0,0,12.8381,136.101
672,13,0,0,12.8205,49.3878
610,13,0,0,12.81,0
140,13,0,1,13.2462,2262.76,0.0831667,362.748,0.23,2
360,13,0,1,13.2067,2049.61
369,13,0,1,13.1842,1929.79
376,13,0,1,13.1677,1838.03
382,13,0,1,13.1521,1751.38
390,13,0,1,13.1331,1652.58
397,13,0,1,13.116,1561.73
389,13,0,1,13.1039,1497.27
388,13,0,1,13.0778,1362.16
352,13,0,1,13.0602,1267.96
135,13,0,2,13.4849,3436.22,0.0926667,404.184,0.12,3
133,13,0,2,13.4745,3379.1
134,13,0,2,13.4669,3327.15
129,13,0,2,13.4597,3289.56
1717,13,0,2,13.4314,3139.86
128,13,0,2,13.406,3002.34
127,13,0,2,13.4025,2984.31
132,13,0,2,13.3832,2887.66
140,13,0,2,13.3294,2625.51
524,13,0,3,13.7688,4866.83,0.0808333,352.571,0.41,4
523,13,0,3,13.7629,4836.16
508,13,0,3,13.742,4727.08
483,13,0,3,13.73,4667.59
482,13,0,3,13.7266,4650.05
454,13,0,3,13.6991,4499.34
455,13,0,3,13.6965,4484.38
453,13,0,3,13.6878,4418.92
446,13,0,3,13.6795,4371.49
442,13,0,3,13.6678,4312.99
1857,13,0,3,13.659,4266.98
441,13,0,3,13.6529,4237.8
185,13,0,3,13.6419,4179.87
177,13,0,3,13.6296,4114.5
2091,13,0,3,13.6158,4037.62
171,13,0,3,13.5998,3953.87
135,13,0,3,13.5775,3840.4
610,13,0,4,13.9805,5977.99,0,0,0
614,13,0,4,13.9721,5935.85
612,13,0,4,13.9694,5920.67
423,13,0,4,13.9659,5898.23
609,13,0,4,13.96,5841.91
628,13,0,4,13.9501,5767.9
561,13,0,4,13.9463,5743.14
557,13,0,4,13.9388,5695.9
554,13,0,4,13.9367,5684.76
565,13,0,4,13.9266,5631.11
573,13,0,4,13.9213,5604.52
574,13,0,4,13.914,5555.05
1844,13,0,4,13.9109,5537.02
575,13,0,4,13.9081,5520.94
578,13,0,4,13.9028,5490.39
586,13,0,4,13.8993,5471.75
583,13,0,4,13.8956,5452.18
589,13,0,4,13.8851,5404.29
581,13,0,4,13.8815,5384.35
544,13,0,4,13.8659,5305.44
523,13,0,4,13.8555,5250.08
524,13,0,4,13.8496,5219.4
179,13,1,0,10.6482,1282.78,0.0905,394.734,0.19,1
178,13,1,0,10.6257,1164.85
186,13,1,0,10.617,1114.94
443,13,1,0,10.6064,1058.36
442,13,1,0,10.6034,1041.79
452,13,1,0,10.5902,971.397
1678,13,1,0,10.5739,884.686
474,13,1,0,10.5575,800.082
2140,13,1,0,10.5475,755.172
475,13,1,0,10.5441,737.441
499,13,1,0,10.5364,697.85
497,13,1,0,10.5242,636.697
496,13,1,0,10.5149,590.143
495,13,1,0,10.508,557.542
1991,13,1,0,10.4946,492.216
513,13,1,0,10.4896,467.032
1753,13,1,0,10.4836,426.111
1751,13,1,0,10.479,401.224
530,13,1,0,10.4759,383.944
1992,13,1,0,10.4724,366.558
560,13,1,0,10.4617,311.272
618,13,1,0,10.4421,213.454
615,13,1,0,10.4404,201.605
608,13,1,0,10.4278,134.576
607,13,1,0,10.4248,118.522
606,13,1,0,10.4136,65.1504
610,13,1,0,10.4,0
1044,13,1,1,10.9636,2961.1,0.0425,185.372,0.08,2
1043,13,1,1,10.9587,2935.83
2029,13,1,1,10.9586,2935.42
1016,13,1,1,10.9544,2912.43
1548,13,1,1,10.947,2874.73
1012,13,1,1,10.942,2849.03
1014,13,1,1,10.9415,2846.63
989,13,1,1,10.9308,2789.66
990,13,1,1,10.9208,2739.4
991,13,1,1,10.9182,2727.04
706,13,1,1,10.9112,2687.58
704,13,1,1,10.9085,2674.81
2179,13,1,1,10.9083,2673.95
662,13,1,1,10.9021,2644.3
602,13,1,1,10.8907,2575.94
599,13,1,1,10.8867,2553.17
605,13,1,1,10.8826,2529.19
529,13,1,1,10.8641,2425.14
726,13,1,1,10.8495,2325.18
714,13,1,1,10.8493,2323.3
1543,13,1,1,10.8448,2293.17
459,13,1,1,10.8345,2229.73
458,13,1,1,10.8279,2184.39
456,13,1,1,10.8184,2123.25
457,13,1,1,10.8111,2084.82
454,13,1,1,10.8035,2030.86
448,13,1,1,10.797,1986.76
447,13,1,1,10.7869,1932.96
1976,13,1,1,10.7817,1903.92
187,13,1,1,10.7634,1806.8
2129,13,1,1,10.75,1737.09
179,13,1,1,10.7387,1677.52
1780,13,1,2,11.1412,3843.06,0.0545,237.713,0.16,3
2171,13,1,2,11.1405,3839.89
1549,13,1,2,11.1339,3804.88
1148,13,1,2,11.1304,3785
1128,13,1,2,11.1182,3723.9
2045,13,1,2,11.0951,3607.81
1120,13,1,2,11.0768,3512.41
1094,13,1,2,11.0706,3480.88
1091,13,1,2,11.0633,3441.88
1092,13,1,2,11.059,3419.41
1074,13,1,2,11.0536,3390.84
1077,13,1,2,11.044,3340.01
1080,13,1,2,11.0305,3272.81
1079,13,1,2,11.0239,3238.36
1061,13,1,2,11.0197,3217.07
1063,13,1,2,11.0161,3198.91
1062,13,1,2,11.0151,3191.83
2159,13,1,2,11.0148,3190.71
1045,13,1,2,11.0141,3187.56
1043,13,1,2,11.0107,3170.36
1044,13,1,2,11.0061,3146.47
1314,13,1,3,11.3267,4759.55,0.0836667,364.929,0.21,4
2163,13,1,3,11.3146,4691.3
2051,13,1,3,11.2768,4495.33
1154,13,1,3,11.2602,4406.18
1156,13,1,3,11.2533,4368.61
1155,13,1,3,11.2385,4295.25
1781,13,1,3,11.2322,4263.36
2107,13,1,3,11.225,4227.21
1779,13,1,3,11.2038,4120.31
1780,13,1,3,11.1957,4080.77
1563,13,1,4,11.4556,5369.11,0.06,261.702,0.03,5
2164,13,1,4,11.4434,5304.96
1313,13,1,4,11.4191,5175.2
1309,13,1,4,11.411,5127.35
1314,13,1,4,11.4104,5124.48
954,13,1,5,11.6462,6313.18,0.102,444.893,0.25,6
956,13,1,5,11.6184,6172.85
955,13,1,5,11.6099,6131.13
1598,13,1,5,11.5902,6029.65
2025,13,1,5,11.5866,6009.97
949,13,1,5,11.5834,5993.56
1302,13,1,5,11.5615,5874.17
1307,13,1,5,11.5458,5788.32
2164,13,1,5,11.5269,5691.63
1563,13,1,5,11.5156,5630.81
610,13,1,6,11.9716,7961.17,0,0,0
614,13,1,6,11.9634,7919.69
612,13,1,6,11.9608,7905.53
423,13,1,6,11.9569,7882.47
419,13,1,6,11.9523,7848.03
420,13,1,6,11.9463,7812.08
421,13,1,6,11.9417,7784.55
417,13,1,6,11.9373,7760.67
1989,13,1,6,11.9203,7672.65
2011,13,1,6,11.9001,7568.81
2156,13,1,6,11.8935,7535.9
2013,13,1,6,11.8928,7532.74
886,13,1,6,11.8833,7484.56
888,13,1,6,11.8669,7393.09
903,13,1,6,11.8575,7341.59
904,13,1,6,11.8534,7320.56
925,13,1,6,11.8322,7202.6
2019,13,1,6,11.8269,7175.74
929,13,1,6,11.8265,7173.75
928,13,1,6,11.8019,7049.02
927,13,1,6,11.7796,6932.77
946,13,1,6,11.7748,6900.32
945,13,1,6,11.7543,6790.19
954,13,1,6,11.7482,6758.07
352,14,0,0,13.0179,1083.31,0.0423333,184.645,0.11,1
388,14,0,0,12.9968,974.433
397,14,0,0,12.961,784.776
399,14,0,0,12.9443,694.367
411,14,0,0,12.9297,614.276
1537,14,0,0,12.8955,429.479
418,14,0,0,12.8909,404.29
417,14,0,0,12.8875,385.81
1989,14,0,0,12.869,291.597
432,14,0,0,12.8654,272.441
435,14,0,0,12.8601,245.849
431,14,0,0,12.8536,213.515
439,14,0,0,12.8381,136.101
672,14,0,0,12.8205,49.3878
610,14,0,0,12.81,0
140,14,0,1,13.2462,2262.76,0.0831667,362.748,0.23,2
360,14,0,1,13.2067,2049.61
369,14,0,1,13.1842,1929.79
376,14,0,1,13.1677,1838.03
382,14,0,1,13.1521,1751.38
390,14,0,1,13.1331,1652.58
397,14,0,1,13.116,1561.73
389,14,0,1,13.1039,1497.27
388,14,0,1,13.0778,1362.16
352,14,0,1,13.0602,1267.96
135,14,0,2,13.4849,3436.22,0.0926667,404.184,0.12,3
133,14,0,2,13.4745,3379.1
134,14,0,2,13.4669,3327.15
129,14,0,2,13.4597,3289.56
1717,14,0,2,13.4314,3139.86
128,14,0,2,13.406,3002.34
127,14,0,2,13.4025,2984.31
132,14,0,2,13.3832,2887.66
140,14,0,2,13.3294,2625.51
524,14,0,3,13.7688,4866.83,0.0808333,352.571,0.41,4
523,14,0,3,13.7629,4836.16
508,14,0,3,13.742,4727.08
483,14,0,3,13.73,4667.59
482,14,0,3,13.7266,4650.05
454,14,0,3,13.6991,4499.34
455,14,0,3,13.6965,4484.38
453,14,0,3,13.6878,4418.92
446,14,0,3,13.6795,4371.49
442,14,0,3,13.6678,4312.99
1857,14,0,3,13.659,4266.98
441,14,0,3,13.6529,4237.8
185,14,0,3,13.6419,4179.87
177,14,0,3,13.6296,4114.5
2091,14,0,3,13.6158,4037.62
171,14,0,3,13.5998,3953.87
135,14,0,3,13.5775,3840.4
610,14,0,4,13.9805,5977.99,0,0,0
614,14,0,4,13.9721,5935.85
612,14,0,4,13.9694,5920.67
423,14,0,4,13.9659,5898.23
609,14,0,4,13.96,5841.91
628,14,0,4,13.9501,5767.9
561,14,0,4,13.9463,5743.14
557,14,0,4,13.9388,5695.9
554,14,0,4,13.9367,5684.76
565,14,0,4,13.9266,5631.11
573,14,0,4,13.9213,5604.52
574,14,0,4,13.914,5555.05
1844,14,0,4,13.9109,5537.02
575,14,0,4,13.9081,5520.94
578,14,0,4,13.9028,5490.39
586,14,0,4,13.8993,5471.75
583,14,0,4,13.8956,5452.18
589,14,0,4,13.8851,5404.29
581,14,0,4,13.8815,5384.35
544,14,0,4,13.8659,5305.44
523,14,0,4,13.8555,5250.08
524,14,0,4,13.8496,5219.4
179,14,1,0,10.4582,1282.78,0.0905,394.734,0.19,1
178,14,1,0,10.4357,1164.85
186,14,1,0,10.427,1114.94
443,14,1,0,10.4164,1058.36
442,14,1,0,10.4134,1041.79
452,14,1,0,10.4002,971.397
1678,14,1,0,10.3839,884.686
474,14,1,0,10.3675,800.082
2140,14,1,0,10.3575,755.172
475,14,1,0,10.3541,737.441
499,14,1,0,10.3464,697.85
497,14,1,0,10.3342,636.697
496,14,1,0,10.3249,590.143
495,14,1,0,10.318,557.542
1991,14,1,0,10.3046,492.216
513,14,1,0,10.2996,467.032
1753,14,1,0,10.2936,426.111
1751,14,1,0,10.289,401.224
530,14,1,0,10.2859,383.944
1992,14,1,0,10.2824,366.558
560,14,1,0,10.2717,311.272
618,14,1,0,10.2521,213.454
615,14,1,0,10.2504,201.605
608,14,1,0,10.2378,134.576
607,14,1,0,10.2348,118.522
606,14,1,0,10.2236,65.1504
610,14,1,0,10.21,0
1044,14,1,1,10.7736,2961.1,0.0425,185.372,0.08,2
1043,14,1,1,10.7687,2935.83
2029,14,1,1,10.7686,2935.42
1016,14,1,1,10.7644,2912.43
1548,14,1,1,10.757,2874.73
1012,14,1,1,10.752,2849.03
1014,14,1,1,10.7515,2846.63
989,14,1,1,10.7408,2789.66
990,14,1,1,10.7308,2739.4
991,14,1,1,10.7282,2727.04
706,14,1,1,10.7212,2687.58
704,14,1,1,10.7185,2674.81
2179,14,1,1,10.7183,2673.95
662,14,1,1,10.7121,2644.3
602,14,1,1,10.7007,2575.94
599,14,1,1,10.6967,2553.17
605,14,1,1,10.6926,2529.19
529,14,1,1,10.6741,2425.14
726,14,1,1,10.6595,2325.18
714,14,1,1,10.6593,2323.3
1543,14,1,1,10.6548,2293.17
459,14,1,1,10.6445,2229.73
458,14,1,1,10.6379,2184.39
456,14,1,1,10.6284,2123.25
457,14,1,1,10.6211,2084.82
454,14,1,1,10.6135,2030.86
448,14,1,1,10.607,1986.76
447,14,1,1,10.5969,1932.96
1976,14,1,1,10.5917,1903.92
187,14,1,1,10.5734,1806.8
2129,14,1,1,10.56,1737.09
179,14,1,1,10.5487,1677.52
1780,14,1,2,10.9544,3856.26,0.0645,281.33,0.14,3
2171,14,1,2,10.9537,3853.09
1549,14,1,2,10.9462,3813.86
1148,14,1,2,10.9424,3793.17
1128,14,1,2,10.9304,3732.67
2045,14,1,2,10.9128,3639.85
1120,14,1,2,10.8972,3555.73
1094,14,1,2,10.8905,3522.07
1091,14,1,2,10.877,3457.32
1092,14,1,2,10.8727,3435.18
1074,14,1,2,10.8669,3404.73
1077,14,1,2,10.8566,3350.93
1080,14,1,2,10.8416,3277.11
1079,14,1,2,10.8333,3235.98
1061,14,1,2,10.8291,3214.7
1063,14,1,2,10.8255,3196.48
1062,14,1,2,10.8245,3189.43
2159,14,1,2,10.8242,3188.21
1045,14,1,2,10.8235,3185.06
1043,14,1,2,10.8204,3168.91
1044,14,1,2,10.8161,3146.47
1314,14,1,3,11.1499,4816.37,0.0836667,364.929,0.21,4
2163,14,1,3,11.1379,4748.12
2051,14,1,3,11.1,4552.15
1154,14,1,3,11.0834,4463
1156,14,1,3,11.0765,4425.43
1155,14,1,3,11.0617,4352.07
1781,14,1,3,11.0554,4320.18
2107,14,1,3,11.0483,4284.03
1779,14,1,3,11.027,4177.13
1780,14,1,3,11.0189,4137.59
1563,14,1,4,11.2788,5425.93,0.06,261.702,0.03,5
2164,14,1,4,11.2666,5361.78
1313,14,1,4,11.2423,5232.02
1309,14,1,4,11.2342,5184.17
1314,14,1,4,11.2336,5181.3
954,14,1,5,11.4695,6370,0.102,444.893,0.25,6
956,14,1,5,11.4416,6229.67
955,14,1,5,11.4331,6187.95
1598,14,1,5,11.4134,6086.47
2025,14,1,5,11.4099,6066.78
949,14,1,5,11.4066,6050.38
1302,14,1,5,11.3847,5930.99
1307,14,1,5,11.3691,5845.14
2164,14,1,5,11.3502,5748.45
1563,14,1,5,11.3388,5687.63
610,14,1,6,11.7948,8017.99,0,0,0
614,14,1,6,11.7866,7976.51
612,14,1,6,11.7841,7962.35
423,14,1,6,11.7801,7939.29
419,14,1,6,11.7755,7904.85
420,14,1,6,11.7695,7868.9
421,14,1,6,11.7649,7841.37
417,14,1,6,11.7605,7817.48
1989,14,1,6,11.7436,7729.47
2011,14,1,6,11.7233,7625.63
2156,14,1,6,11.7167,7592.72
2013,14,1,6,11.7161,7589.56
886,14,1,6,11.7066,7541.38
888,14,1,6,11.6902,7449.91
903,14,1,6,11.6807,7398.41
904,14,1,6,11.6766,7377.38
925,14,1,6,11.6555,7259.42
2019,14,1,6,11.6502,7232.56
929,14,1,6,11.6497,7230.57
928,14,1,6,11.6251,7105.84
927,14,1,6,11.6028,6989.59
946,14,1,6,11.5981,6957.14
945,14,1,6,11.5775,6847.01
954,14,1,6,11.5715,6814.89
352,15,0,0,13.0179,1083.31,0.0423333,184.645,0.11,1
388,15,0,0,12.9968,974.433
397,15,0,0,12.961,784.776
399,15,0,0,12.9443,694.367
411,15,0,0,12.9297,614.276
1537,15,0,0,12.8955,429.479
418,15,0,0,12.8909,404.29
417,15,0,0,12.8875,385.81
1989,15,0,0,12.869,291.597
432,15,0,0,12.8654,272.441
435,15,0,0,12.8601,245.849
431,15,0,0,12.8536,213.515
439,15,0,0,12.8381,136.101
672,15,0,0,12.8205,49.3878
610,15,0,0,12.81,0
140,15,0,1,13.2462,2262.76,0.0831667,362.748,0.23,2
360,15,0,1,13.2067,2049.61
369,15,0,1,13.1842,1929.79
376,15,0,1,13.1677,1838.03
382,15,0,1,13.1521,1751.38
390,15,0,1,13.1331,1652.58
397,15,0,1,13.116,1561.73
389,15,0,1,13.1039,1497.27
388,15,0,1,13.0778,1362.16
352,15,0,1,13.0602,1267.96
135,15,0,2,13.4849,3436.22,0.0926667,404.184,0.12,3
133,15,0,2,13.4745,3379.1
134,15,0,2,13.4669,3327.15
129,15,0,2,13.4597,3289.56
1717,15,0,2,13.4314,3139.86
128,15,0,2,13.406,3002.34
127,15,0,2,13.4025,2984.31
132,15,0,2,13.3832,2887.66
140,15,0,2,13.3294,2625.51
524,15,0,3,13.7688,4866.83,0.0808333,352.571,0.41,4
523,15,0,3,13.7629,4836.16
508,15,0,3,13.742,4727.08
483,15,0,3,13.73,4667.59
482,15,0,3,13.7266,4650.05
454,15,0,3,13.6991,4499.34
455,15,0,3,13.6965,4484.38
453,15,0,3,13.6878,4418.92
446,15,0,3,13.6795,4371.49
442,15,0,3,13.6678,4312.99
1857,15,0,3,13.659,4266.98
441,15,0,3,13.6529,4237.8
185,15,0,3,13.6419,4179.87
177,15,0,3,13.6296,4114.5
2091,15,0,3,13.6158,4037.62
171,15,0,3,13.5998,3953.87
135,15,0,3,13.5775,3840.4
610,15,0,4,13.9805,5977.99,0,0,0
614,15,0,4,13.9721,5935.85
612,15,0,4,13.9694,5920.67
423,15,0,4,13.9659,5898.23
609,15,0,4,13.96,5841.91
628,15,0,4,13.9501,5767.9
561,15,0,4,13.9463,5743.14
557,15,0,4,13.9388,5695.9
554,15,0,4,13.9367,5684.76
565,15,0,4,13.9266,5631.11
573,15,0,4,13.9213,5604.52
574,15,0,4,13.914,5555.05
1844,15,0,4,13.9109,5537.02
575,15,0,4,13.9081,5520.94
578,15,0,4,13.9028,5490.39
586,15,0,4,13.8993,5471.75
583,15,0,4,13.8956,5452.18
589,15,0,4,13.8851,5404.29
581,15,0,4,13.8815,5384.35
544,15,0,4,13.8659,5305.44
523,15,0,4,13.8555,5250.08
524,15,0,4,13.8496,5219.4
179,15,1,0,10.4682,1282.78,0.0905,394.734,0.19,1
178,15,1,0,10.4457,1164.85
186,15,1,0,10.437,1114.94
443,15,1,0,10.4264,1058.36
442,15,1,0,10.4234,1041.79
452,15,1,0,10.4102,971.397
1678,15,1,0,10.3939,884.686
474,15,1,0,10.3775,800.082
2140,15,1,0,10.3675,755.172
475,15,1,0,10.3641,737.441
499,15,1,0,10.3564,697.85
497,15,1,0,10.3442,636.697
496,15,1,0,10.3349,590.143
495,15,1,0,10.328,557.542
1991,15,1,0,10.3146,492.216
513,15,1,0,10.3096,467.032
1753,15,1,0,10.3036,426.111
1751,15,1,0,10.299,401.224
530,15,1,0,10.2959,383.944
1992,15,1,0,10.2924,366.558
560,15,1,0,10.2817,311.272
618,15,1,0,10.2621,213.454
615,15,1,0,10.2604,201.605
608,15,1,0,10.2478,134.576
607,15,1,0,10.2448,118.522
606,15,1,0,10.2336,65.1504
610,15,1,0,10.22,0
1044,15,1,1,10.7836,2961.1,0.0425,185.372,0.08,2
1043,15,1,1,10.7787,2935.83
2029,15,1,1,10.7786,2935.42
1016,15,1,1,10.7744,2912.43
1548,15,1,1,10.767,2874.73
1012,15,1,1,10.762,2849.03
1014,15,1,1,10.7615,2846.63
989,15,1,1,10.7508,2789.66
990,15,1,1,10.7408,2739.4
991,15,1,1,10.7382,2727.04
706,15,1,1,10.7312,2687.58
704,15,1,1,10.7285,2674.81
2179,15,1,1,10.7283,2673.95
662,15,1,1,10.7221,2644.3
602,15,1,1,10.7107,2575.94
599,15,1,1,10.7067,2553.17
605,15,1,1,10.7026,2529.19
529,15,1,1,10.6841,2425.14
726,15,1,1,10.6695,2325.18
714,15,1,1,10.6693,2323.3
1543,15,1,1,10.6648,2293.17
459,15,1,1,10.6545,2229.73
458,15,1,1,10.6479,2184.39
456,15,1,1,10.6384,2123.25
457,15,1,1,10.6311,2084.82
454,15,1,1,10.6235,2030.86
448,15,1,1,10.617,1986.76
447,15,1,1,10.6069,1932.96
1976,15,1,1,10.6017,1903.92
187,15,1,1,10.5834,1806.8
2129,15,1,1,10.57,1737.09
179,15,1,1,10.5587,1677.52
1780,15,1,2,10.9644,3856.26,0.0645,281.33,0.14,3
2171,15,1,2,10.9637,3853.09
1549,15,1,2,10.9562,3813.86
1148,15,1,2,10.9524,3793.17
1128,15,1,2,10.9404,3732.67
2045,15,1,2,10.9228,3639.85
1120,15,1,2,10.9072,3555.73
1094,15,1,2,10.9005,3522.07
1091,15,1,2,10.887,3457.32
1092,15,1,2,10.8827,3435.18
1074,15,1,2,10.8769,3404.73
1077,15,1,2,10.8666,3350.93
1080,15,1,2,10.8516,3277.11
1079,15,1,2,10.8433,3235.98
1061,15,1,2,10.8391,3214.7
1063,15,1,2,10.8355,3196.48
1062,15,1,2,10.8345,3189.43
2159,15,1,2,10.8342,3188.21
1045,15,1,2,10.8335,3185.06
1043,15,1,2,10.8304,3168.91
1044,15,1,2,10.8261,3146.47
1314,15,1,3,11.1599,4816.37,0.0836667,364.929,0.21,4
2163,15,1,3,11.1479,4748.12
2051,15,1,3,11.11,4552.15
1154,15,1,3,11.0934,4463
1156,15,1,3,11.0865,4425.43
1155,15,1,3,11.0717,4352.07
1781,15,1,3,11.0654,4320.18
2107,15,1,3,11.0583,4284.03
1779,15,1,3,11.037,4177.13
1780,15,1,3,11.0289,4137.59
1563,15,1,4,11.2888,5425.93,0.06,261.702,0.03,5
2164,15,1,4,11.2766,5361.78
1313,15,1,4,11.2523,5232.02
1309,15,1,4,11.2442,5184.17
1314,15,1,4,11.2436,5181.3
954,15,1,5,11.4795,6370,0.102,444.893,0.25,6
956,15,1,5,11.4516,6229.67
955,15,1,5,11.4431,6187.95
1598,15,1,5,11.4234,6086.47
2025,15,1,5,11.4199,6066.78
949,15,1,5,11.4166,6050.38
1302,15,1,5,11.3947,5930.99
1307,15,1,5,11.3791,5845.14
2164,15,1,5,11.3602,5748.45
1563,15,1,5,11.3488,5687.63
610,15,1,6,11.8048,8017.99,0,0,0
614,15,1,6,11.7966,7976.51
612,15,1,6,11.7941,7962.35
423,15,1,6,11.7901,7939.29
419,15,1,6,11.7855,7904.85
420,15,1,6,11.7795,7868.9
421,15,1,6,11.7749,7841.37
417,15,1,6,11.7705,7817.48
1989,15,1,6,11.7536,7729.47
2011,15,1,6,11.7333,7625.63
2156,15,1,6,11.7267,7592.72
2013,15,1,6,11.7261,7589.56
886,15,1,6,11.7166,7541.38
888,15,1,6,11.7002,7449.91
903,15,1,6,11.6907,7398.41
904,15,1,6,11.6866,7377.38
925,15,1,6,11.6655,7259.42
2019,15,1,6,11.6602,7232.56
929,15,1,6,11.6597,7230.57
928,15,1,6,11.6351,7105.84
927,15,1,6,11.6128,6989.59
946,15,1,6,11.6081,6957.14
945,15,1,6,11.5875,6847.01
954,15,1,6,11.5815,6814.89
352,16,0,0,13.0279,1083.31,0.0423333,184.645,0.11,1
388,16,0,0,13.0068,974.433
397,16,0,0,12.971,784.776
399,16,0,0,12.9543,694.367
411,16,0,0,12.9397,614.276
1537,16,0,0,12.9055,429.479
418,16,0,0,12.9009,404.29
417,16,0,0,12.8975,385.81
1989,16,0,0,12.879,291.597
432,16,0,0,12.8754,272.441
435,16,0,0,12.8701,245.849
431,16,0,0,12.8636,213.515
439,16,0,0,12.8481,136.101
672,16,0,0,12.8305,49.3878
610,16,0,0,12.82,0
140,16,0,1,13.2562,2262.76,0.0831667,362.748,0.23,2
360,16,0,1,13.2167,2049.61
369,16,0,1,13.1942,1929.79
376,16,0,1,13.1777,1838.03
382,16,0,1,13.1621,1751.38
390,16,0,1,13.1431,1652.58
397,16,0,1,13.126,1561.73
389,16,0,1,13.1139,1497.27
388,16,0,1,13.0878,1362.16
352,16,0,1,13.0702,1267.96
135,16,0,2,13.4949,3436.22,0.0926667,404.184,0.12,3
133,16,0,2,13.4845,3379.1
134,16,0,2,13.4769,3327.15
129,16,0,2,13.4697,3289.56
1717,16,0,2,13.4414,3139.86
128,16,0,2,13.416,3002.34
127,16,0,2,13.4125,2984.31
132,16,0,2,13.3932,2887.66
140,16,0,2,13.3394,2625.51
524,16,0,3,13.7788,4866.83,0.0808333,352.571,0.41,4
523,16,0,3,13.7729,4836.16
508,16,0,3,13.752,4727.08
483,16,0,3,13.74,4667.59
482,16,0,3,13.7366,4650.05
454,16,0,3,13.7091,4499.34
455,16,0,3,13.7065,4484.38
453,16,0,3,13.6978,4418.92
446,16,0,3,13.6895,4371.49
442,16,0,3,13.6778,4312.99
1857,16,0,3,13.669,4266.98
441,16,0,3,13.6629,4237.8
185,16,0,3,13.6519,4179.87
177,16,0,3,13.6396,4114.5
2091,16,0,3,13.6258,4037.62
171,16,0,3,13.6098,3953.87
135,16,0,3,13.5875,3840.4
610,16,0,4,13.9905,5977.99,0,0,0
614,16,0,4,13.9821,5935.85
612,16,0,4,13.9794,5920.67
423,16,0,4,13.9759,5898.23
609,16,0,4,13.97,5841.91
628,16,0,4,13.9601,5767.9
561,16,0,4,13.9563,5743.14
557,16,0,4,13.9488,5695.9
554,16,0,4,13.9467,5684.76
565,16,0,4,13.9366,5631.11
573,16,0,4,13.9313,5604.52
574,16,0,4,13.924,5555.05
1844,16,0,4,13.9209,5537.02
575,16,0,4,13.9181,5520.94
578,16,0,4,13.9128,5490.39
586,16,0,4,13.9093,5471.75
583,16,0,4,13.9056,5452.18
589,16,0,4,13.8951,5404.29
581,16,0,4,13.8915,5384.35
544,16,0,4,13.8759,5305.44
523,16,0,4,13.8655,5250.08
524,16,0,4,13.8596,5219.4
179,16,1,0,10.2682,1282.78,0.0905,394.734,0.19,1
178,16,1,0,10.2457,1164.85
186,16,1,0,10.237,1114.94
443,16,1,0,10.2264,1058.36
442,16,1,0,10.2234,1041.79
452,16,1,0,10.2102,971.397
1678,16,1,0,10.1939,884.686
474,16,1,0,10.1775,800.082
2140,16,1,0,10.1675,755.172
475,16,1,0,10.1641,737.441
499,16,1,0,10.1564,697.85
497,16,1,0,10.1442,636.697
496,16,1,0,10.1349,590.143
495,16,1,0,10.128,557.542
1991,16,1,0,10.1146,492.216
513,16,1,0,10.1096,467.032
1753,16,1,0,10.1036,426.111
1751,16,1,0,10.099,401.224
530,16,1,0,10.0959,383.944
1992,16,1,0,10.0925,366.558
560,16,1,0,10.0817,311.272
618,16,1,0,10.0621,213.454
615,16,1,0,10.0604,201.605
608,16,1,0,10.0478,134.576
607,16,1,0,10.0448,118.522
606,16,1,0,10.0336,65.1504
610,16,1,0,10.02,0
1044,16,1,1,10.5836,2961.1,0.0425,185.372,0.08,2
1043,16,1,1,10.5787,2935.83
2029,16,1,1,10.5786,2935.42
1016,16,1,1,10.5744,2912.43
1548,16,1,1,10.567,2874.73
1012,16,1,1,10.562,2849.03
1014,16,1,1,10.5616,2846.63
989,16,1,1,10.5508,2789.66
990,16,1,1,10.5408,2739.4
991,16,1,1,10.5382,2727.04
706,16,1,1,10.5312,2687.58
704,16,1,1,10.5285,2674.81
2179,16,1,1,10.5283,2673.95
662,16,1,1,10.5221,2644.3
602,16,1,1,10.5107,2575.94
599,16,1,1,10.5067,2553.17
605,16,1,1,10.5026,2529.19
529,16,1,1,10.4841,2425.14
726,16,1,1,10.4695,2325.18
714,16,1,1,10.4693,2323.3
1543,16,1,1,10.4648,2293.17
459,16,1,1,10.4545,2229.73
458,16,1,1,10.4479,2184.39
456,16,1,1,10.4384,2123.25
457,16,1,1,10.4311,2084.82
454,16,1,1,10.4235,2030.86
448,16,1,1,10.417,1986.76
447,16,1,1,10.4069,1932.96
1976,16,1,1,10.4017,1903.92
187,16,1,1,10.3834,1806.8
2129,16,1,1,10.37,1737.09
179,16,1,1,10.3587,1677.52
1780,16,1,2,10.7644,3856.26,0.0645,281.33,0.14,3
2171,16,1,2,10.7637,3853.09
1549,16,1,2,10.7562,3813.86
1148,16,1,2,10.7524,3793.17
1128,16,1,2,10.7404,3732.67
2045,16,1,2,10.7228,3639.85
1120,16,1,2,10.7072,3555.73
1094,16,1,2,10.7005,3522.07
1091,16,1,2,10.687,3457.32
1092,16,1,2,10.6827,3435.18
1074,16,1,2,10.6769,3404.73
1077,16,1,2,10.6666,3350.93
1080,16,1,2,10.6516,3277.11
1079,16,1,2,10.6433,3235.98
1061,16,1,2,10.6391,3214.7
1063,16,1,2,10.6355,3196.48
1062,16,1,2,10.6345,3189.43
2159,16,1,2,10.6342,3188.21
1045,16,1,2,10.6335,3185.06
1043,16,1,2,10.6304,3168.91
1044,16,1,2,10.6261,3146.47
1314,16,1,3,10.9808,4903.65,0.113667,495.78,0.18,4
2163,16,1,3,10.9651,4819.63
2051,16,1,3,10.9267,4621.56
1154,16,1,3,10.9055,4512.75
1156,16,1,3,10.8956,4462.39
1155,16,1,3,10.8829,4397.67
1781,16,1,3,10.8763,4364.78
2107,16,1,3,10.8695,4330
1779,16,1,3,10.8383,4182.53
1780,16,1,3,10.8289,4137.59
1563,16,1,4,11.1396,5644.06,0.06,261.702,0.03,5
2164,16,1,4,11.1275,5579.91
1313,16,1,4,11.1031,5450.15
1309,16,1,4,11.095,5402.3
1314,16,1,4,11.0945,5399.43
954,16,1,5,11.3303,6588.13,0.102,444.893,0.25,6
956,16,1,5,11.3025,6447.8
955,16,1,5,11.294,6406.08
1598,16,1,5,11.2743,6304.6
2025,16,1,5,11.2707,6284.92
949,16,1,5,11.2675,6268.52
1302,16,1,5,11.2456,6149.12
1307,16,1,5,11.2299,6063.27
2164,16,1,5,11.211,5966.58
1563,16,1,5,11.1996,5905.76
610,16,1,6,11.6557,8236.12,0,0,0
614,16,1,6,11.6474,8194.64
612,16,1,6,11.6449,8180.49
423,16,1,6,11.641,8157.42
419,16,1,6,11.6363,8122.98
420,16,1,6,11.6303,8087.04
421,16,1,6,11.6257,8059.5
417,16,1,6,11.6214,8035.62
1989,16,1,6,11.6044,7947.6
2011,16,1,6,11.5842,7843.76
2156,16,1,6,11.5776,7810.85
2013,16,1,6,11.5769,7807.69
886,16,1,6,11.5674,7759.51
888,16,1,6,11.551,7668.04
903,16,1,6,11.5415,7616.54
904,16,1,6,11.5375,7595.51
925,16,1,6,11.5163,7477.55
2019,16,1,6,11.511,7450.69
929,16,1,6,11.5106,7448.7
928,16,1,6,11.486,7323.98
927,16,1,6,11.4637,7207.73
946,16,1,6,11.4589,7175.27
945,16,1,6,11.4384,7065.14
954,16,1,6,11.4323,7033.02
352,17,0,0,13.0179,1083.31,0.0423333,184.645,0.11,1
388,17,0,0,12.9968,974.433
397,17,0,0,12.961,784.776
399,17,0,0,12.9443,694.367
411,17,0,0,12.9297,614.276
1537,17,0,0,12.8955,429.479
418,17,0,0,12.8909,404.29
417,17,0,0,12.8875,385.81
1989,17,0,0,12.869,291.597
432,17,0,0,12.8654,272.441
435,17,0,0,12.8601,245.849
431,17,0,0,12.8536,213.515
439,17,0,0,12.8381,136.101
672,17,0,0,12.8205,49.3878
610,17,0,0,12.81,0
140,17,0,1,13.2462,2262.76,0.0831667,362.748,0.23,2
360,17,0,1,13.2067,2049.61
369,17,0,1,13.1842,1929.79
376,17,0,1,13.1677,1838.03
382,17,0,1,13.1521,1751.38
390,17,0,1,13.1331,1652.58
397,17,0,1,13.116,1561.73
389,17,0,1,13.1039,1497.27
388,17,0,1,13.0778,1362.16
352,17,0,1,13.0602,1267.96
135,17,0,2,13.4849,3436.22,0.0926667,404.184,0.12,3
133,17,0,2,13.4745,3379.1
134,17,0,2,13.4669,3327.15
129,17,0,2,13.4597,3289.56
1717,17,0,2,13.4314,3139.86
128,17,0,2,13.406,3002.34
127,17,0,2,13.4025,2984.31
132,17,0,2,13.3832,2887.66
140,17,0,2,13.3294,2625.51
524,17,0,3,13.7688,4866.83,0.0808333,352.571,0.41,4
523,17,0,3,13.7629,4836.16
508,17,0,3,13.742,4727.08
483,17,0,3,13.73,4667.59
482,17,0,3,13.7266,4650.05
454,17,0,3,13.6991,4499.34
455,17,0,3,13.6965,4484.38
453,17,0,3,13.6878,4418.92
446,17,0,3,13.6795,4371.49
442,17,0,3,13.6678,4312.99
1857,17,0,3,13.659,4266.98
441,17,0,3,13.6529,4237.8
185,17,0,3,13.6419,4179.87
177,17,0,3,13.6296,4114.5
2091,17,0,3,13.6158,4037.62
171,17,0,3,13.5998,3953.87
135,17,0,3,13.5775,3840.4
610,17,0,4,13.9805,5977.99,0,0,0
614,17,0,4,13.9721,5935.85
612,17,0,4,13.9694,5920.67
423,17,0,4,13.9659,5898.23
609,17,0,4,13.96,5841.91
628,17,0,4,13.9501,5767.9
561,17,0,4,13.9463,5743.14
557,17,0,4,13.9388,5695.9
554,17,0,4,13.9367,5684.76
565,17,0,4,13.9266,5631.11
573,17,0,4,13.9213,5604.52
574,17,0,4,13.914,5555.05
1844,17,0,4,13.9109,5537.02
575,17,0,4,13.9081,5520.94
578,17,0,4,13.9028,5490.39
586,17,0,4,13.8993,5471.75
583,17,0,4,13.8956,5452.18
589,17,0,4,13.8851,5404.29
581,17,0,4,13.8815,5384.35
544,17,0,4,13.8659,5305.44
523,17,0,4,13.8555,5250.08
524,17,0,4,13.8496,5219.4
179,17,1,0,10.2782,1282.78,0.0905,394.734,0.19,1
178,17,1,0,10.2557,1164.85
186,17,1,0,10.247,1114.94
443,17,1,0,10.2364,1058.36
442,17,1,0,10.2334,1041.79
452,17,1,0,10.2202,971.397
1678,17,1,0,10.2039,884.686
474,17,1,0,10.1875,800.082
2140,17,1,0,10.1775,755.172
475,17,1,0,10.1741,737.441
499,17,1,0,10.1664,697.85
497,17,1,0,10.1542,636.697
496,17,1,0,10.1449,590.143
495,17,1,0,10.138,557.542
1991,17,1,0,10.1246,492.216
513,17,1,0,10.1196,467.032
1753,17,1,0,10.1136,426.111
1751,17,1,0,10.109,401.224
530,17,1,0,10.1059,383.944
1992,17,1,0,10.1024,366.558
560,17,1,0,10.0917,311.272
618,17,1,0,10.0721,213.454
615,17,1,0,10.0704,201.605
608,17,1,0,10.0578,134.576
607,17,1,0,10.0548,118.522
606,17,1,0,10.0436,65.1504
610,17,1,0,10.03,0
1044,17,1,1,10.5936,2961.1,0.0425,185.372,0.08,2
1043,17,1,1,10.5887,2935.83
2029,17,1,1,10.5886,2935.42
1016,17,1,1,10.5844,2912.43
1548,17,1,1,10.577,2874.73
1012,17,1,1,10.572,2849.03
1014,17,1,1,10.5715,2846.63
989,17,1,1,10.5608,2789.66
990,17,1,1,10.5508,2739.4
991,17,1,1,10.5482,2727.04
706,17,1,1,10.5412,2687.58
704,17,1,1,10.5385,2674.81
2179,17,1,1,10.5383,2673.95
662,17,1,1,10.5321,2644.3
602,17,1,1,10.5207,2575.94
599,17,1,1,10.5167,2553.17
605,17,1,1,10.5126,2529.19
529,17,1,1,10.4941,2425.14
726,17,1,1,10.4795,2325.18
714,17,1,1,10.4793,2323.3
1543,17,1,1,10.4748,2293.17
459,17,1,1,10.4645,2229.73
458,17,1,1,10.4579,2184.39
456,17,1,1,10.4484,2123.25
457,17,1,1,10.4411,2084.82
454,17,1,1,10.4335,2030.86
448,17,1,1,10.427,1986.76
447,17,1,1,10.4169,1932.96
1976,17,1,1,10.4117,1903.92
187,17,1,1,10.3934,1806.8
2129,17,1,1,10.38,1737.09
179,17,1,1,10.3687,1677.52
1780,17,1,2,10.7744,3856.26,0.0645,281.33,0.14,3
2171,17,1,2,10.7737,3853.09
1549,17,1,2,10.7662,3813.86
1148,17,1,2,10.7624,3793.17
1128,17,1,2,10.7504,3732.67
2045,17,1,2,10.7328,3639.85
1120,17,1,2,10.7172,3555.73
1094,17,1,2,10.7105,3522.07
1091,17,1,2,10.697,3457.32
1092,17,1,2,10.6927,3435.18
1074,17,1,2,10.6869,3404.73
1077,17,1,2,10.6766,3350.93
1080,17,1,2,10.6616,3277.11
1079,17,1,2,10.6533,3235.98
1061,17,1,2,10.6491,3214.7
1063,17,1,2,10.6455,3196.48
1062,17,1,2,10.6445,3189.43
2159,17,1,2,10.6442,3188.21
1045,17,1,2,10.6435,3185.06
1043,17,1,2,10.6404,3168.91
1044,17,1,2,10.6361,3146.47
1314,17,1,3,10.9908,4903.65,0.113667,495.78,0.18,4
2163,17,1,3,10.9751,4819.63
2051,17,1,3,10.9367,4621.56
1154,17,1,3,10.9155,4512.75
1156,17,1,3,10.9056,4462.39
1155,17,1,3,10.8929,4397.67
1781,17,1,3,10.8863,4364.78
2107,17,1,3,10.8795,4330
1779,17,1,3,10.8483,4182.53
1780,17,1,3,10.8389,4137.59
1563,17,1,4,11.1496,5644.06,0.06,261.702,0.03,5
2164,17,1,4,11.1375,5579.91
1313,17,1,4,11.1131,5450.15
1309,17,1,4,11.105,5402.3
1314,17,1,4,11.1045,5399.43
954,17,1,5,11.3403,6588.13,0.102,444.893,0.25,6
956,17,1,5,11.3125,6447.8
955,17,1,5,11.304,6406.08
1598,17,1,5,11.2843,6304.6
2025,17,1,5,11.2807,6284.92
949,17,1,5,11.2775,6268.52
1302,17,1,5,11.2556,6149.12
1307,17,1,5,11.2399,6063.27
2164,17,1,5,11.221,5966.58
1563,17,1,5,11.2096,5905.76
610,17,1,6,11.6657,8236.12,0,0,0
614,17,1,6,11.6574,8194.64
612,17,1,6,11.6549,8180.49
423,17,1,6,11.651,8157.42
419,17,1,6,11.6463,8122.98
420,17,1,6,11.6403,8087.04
421,17,1,6,11.6357,8059.5
417,17,1,6,11.6314,8035.62
1989,17,1,6,11.6144,7947.6
2011,17,1,6,11.5942,7843.76
2156,17,1,6,11.5876,7810.85
2013,17,1,6,11.5869,7807.69
886,17,1,6,11.5774,7759.51
888,17,1,6,11.561,7668.04
903,17,1,6,11.5515,7616.54
904,17,1,6,11.5475,7595.51
925,17,1,6,11.5263,7477.55
2019,17,1,6,11.521,7450.69
929,17,1,6,11.5206,7448.7
928,17,1,6,11.496,7323.98
927,17,1,6,11.4737,7207.73
946,17,1,6,11.4689,7175.27
945,17,1,6,11.4484,7065.14
954,17,1,6,11.4423,7033.02
352,18,0,0,13.0179,1083.31,0.0423333,184.645,0.11,1
388,18,0,0,12.9968,974.433
397,18,0,0,12.961,784.776
399,18,0,0,12.9443,694.367
411,18,0,0,12.9297,614.276
1537,18,0,0,12.8955,429.479
418,18,0,0,12.8909,404.29
417,18,0,0,12.8875,385.81
1989,18,0,0,12.869,291.597
432,18,0,0,12.8654,272.441
435,18,0,0,12.8601,245.849
431,18,0,0,12.8536,213.515
439,18,0,0,12.8381,136.101
672,18,0,0,12.8205,49.3878
610,18,0,0,12.81,0
140,18,0,1,13.2462,2262.76,0.0831667,362.748,0.23,2
360,18,0,1,13.2067,2049.61
369,18,0,1,13.1842,1929.79
376,18,0,1,13.1677,1838.03
382,18,0,1,13.1521,1751.38
390,18,0,1,13.1331,1652.58
397,18,0,1,13.116,1561.73
389,18,0,1,13.1039,1497.27
388,18,0,1,13.0778,1362.16
352,18,0,1,13.0602,1267.96
135,18,0,2,13.4849,3436.22,0.0926667,404.184,0.12,3
133,18,0,2,13.4745,3379.1
134,18,0,2,13.4669,3327.15
129,18,0,2,13.4597,3289.56
1717,18,0,2,13.4314,3139.86
128,18,0,2,13.406,3002.34
127,18,0,2,13.4025,2984.31
132,18,0,2,13.3832,2887.66
140,18,0,2,13.3294,2625.51
524,18,0,3,13.7688,4866.83,0.0808333,352.571,0.41,4
523,18,0,3,13.7629,4836.16
508,18,0,3,13.742,4727.08
483,18,0,3,13.73,4667.59
482,18,0,3,13.7266,4650.05
454,18,0,3,13.6991,4499.34
455,18,0,3,13.6965,4484.38
453,18,0,3,13.6878,4418.92
446,18,0,3,13.6795,4371.49
442,18,0,3,13.6678,4312.99
1857,18,0,3,13.659,4266.98
441,18,0,3,13.6529,4237.8
185,18,0,3,13.6419,4179.87
177,18,0,3,13.6296,4114.5
2091,18,0,3,13.6158,4037.62
171,18,0,3,13.5998,3953.87
135,18,0,3,13.5775,3840.4
610,18,0,4,13.9805,5977.99,0,0,0
614,18,0,4,13.9721,5935.85
612,18,0,4,13.9694,5920.67
423,18,0,4,13.9659,5898.23
609,18,0,4,13.96,5841.91
628,18,0,4,13.9501,5767.9
561,18,0,4,13.9463,5743.14
557,18,0,4,13.9388,5695.9
554,18,0,4,13.9367,5684.76
565,18,0,4,13.9266,5631.11
573,18,0,4,13.9213,5604.52
574,18,0,4,13.914,5555.05
1844,18,0,4,13.9109,5537.02
575,18,0,4,13.9081,5520.94
578,18,0,4,13.9028,5490.39
586,18,0,4,13.8993,5471.75
583,18,0,4,13.8956,5452.18
589,18,0,4,13.8851,5404.29
581,18,0,4,13.8815,5384.35
544,18,0,4,13.8659,5305.44
523,18,0,4,13.8555,5250.08
524,18,0,4,13.8496,5219.4
179,18,1,0,10.2682,1282.78,0.0905,394.734,0.19,1
178,18,1,0,10.2457,1164.85
186,18,1,0,10.237,1114.94
443,18,1,0,10.2264,1058.36
442,18,1,0,10.2234,1041.79
452,18,1,0,10.2102,971.397
1678,18,1,0,10.1939,884.686
474,18,1,0,10.1775,800.082
2140,18,1,0,10.1675,755.172
475,18,1,0,10.1641,737.441
499,18,1,0,10.1564,697.85
497,18,1,0,10.1442,636.697
496,18,1,0,10.1349,590.143
495,18,1,0,10.128,557.542
1991,18,1,0,10.1146,492.216
513,18,1,0,10.1096,467.032
1753,18,1,0,10.1036,426.111
1751,18,1,0,10.099,401.224
530,18,1,0,10.0959,383.944
1992,18,1,0,10.0925,366.558
560,18,1,0,10.0817,311.272
618,18,1,0,10.0621,213.454
615,18,1,0,10.0604,201.605
608,18,1,0,10.0478,134.576
607,18,1,0,10.0448,118.522
606,18,1,0,10.0336,65.1504
610,18,1,0,10.02,0
1044,18,1,1,10.5836,2961.1,0.0425,185.372,0.08,2
1043,18,1,1,10.5787,2935.83
2029,18,1,1,10.5786,2935.42
1016,18,1,1,10.5744,2912.43
1548,18,1,1,10.567,2874.73
1012,18,1,1,10.562,2849.03
1014,18,1,1,10.5616,2846.63
989,18,1,1,10.5508,2789.66
990,18,1,1,10.5408,2739.4
991,18,1,1,10.5382,2727.04
706,18,1,1,10.5312,2687.58
704,18,1,1,10.5285,2674.81
2179,18,1,1,10.5283,2673.95
662,18,1,1,10.5221,2644.3
602,18,1,1,10.5107,2575.94
599,18,1,1,10.5067,2553.17
605,18,1,1,10.5026,2529.19
529,18,1,1,10.4841,2425.14
726,18,1,1,10.4695,2325.18
714,18,1,1,10.4693,2323.3
1543,18,1,1,10.4648,2293.17
459,18,1,1,10.4545,2229.73
458,18,1,1,10.4479,2184.39
456,18,1,1,10.4384,2123.25
457,18,1,1,10.4311,2084.82
454,18,1,1,10.4235,2030.86
448,18,1,1,10.417,1986.76
447,18,1,1,10.4069,1932.96
1976,18,1,1,10.4017,1903.92
187,18,1,1,10.3834,1806.8
2129,18,1,1,10.37,1737.09
179,18,1,1,10.3587,1677.52
1780,18,1,2,10.7644,3856.26,0.0645,281.33,0.14,3
2171,18,1,2,10.7637,3853.09
1549,18,1,2,10.7562,3813.86
1148,18,1,2,10.7524,3793.17
1128,18,1,2,10.7404,3732.67
2045,18,1,2,10.7228,3639.85
1120,18,1,2,10.7072,3555.73
1094,18,1,2,10.7005,3522.07
1091,18,1,2,10.687,3457.32
1092,18,1,2,10.6827,3435.18
1074,18,1,2,10.6769,3404.73
1077,18,1,2,10.6666,3350.93
1080,18,1,2,10.6516,3277.11
1079,18,1,2,10.6433,3235.98
1061,18,1,2,10.6391,3214.7
1063,18,1,2,10.6355,3196.48
1062,18,1,2,10.6345,3189.43
2159,18,1,2,10.6342,3188.21
1045,18,1,2,10.6335,3185.06
1043,18,1,2,10.6304,3168.91
1044,18,1,2,10.6261,3146.47
1314,18,1,3,10.9808,4903.65,0.113667,495.78,0.18,4
2163,18,1,3,10.9651,4819.63
2051,18,1,3,10.9267,4621.56
1154,18,1,3,10.9055,4512.75
1156,18,1,3,10.8956,4462.39
1155,18,1,3,10.8829,4397.67
1781,18,1,3,10.8763,4364.78
2107,18,1,3,10.8695,4330
1779,18,1,3,10.8383,4182.53
1780,18,1,3,10.8289,4137.59
1563,18,1,4,11.1396,5644.06,0.06,261.702,0.03,5
2164,18,1,4,11.1275,5579.91
1313,18,1,4,11.1031,5450.15
1309,18,1,4,11.095,5402.3
1314,18,1,4,11.0945,5399.43
610,18,1,5,11.4612,7306.47,0,0,0
614,18,1,5,11.4528,7263.99
612,18,1,5,11.4503,7250.02
423,18,1,5,11.4464,7227
419,18,1,5,11.4417,7192.55
420,18,1,5,11.4357,7156.61
421,18,1,5,11.4311,7129.08
417,18,1,5,11.4268,7105.19
1989,18,1,5,11.4098,7017.17
2011,18,1,5,11.3895,6913.34
2156,18,1,5,11.383,6880.42
2013,18,1,5,11.3823,6877.27
886,18,1,5,11.3728,6829.09
888,18,1,5,11.3564,6737.62
903,18,1,5,11.3469,6686.11
904,18,1,5,11.3429,6665.08
925,18,1,5,11.3217,6547.12
2019,18,1,5,11.3164,6520.26
929,18,1,5,11.316,6518.28
938,18,1,5,11.3037,6450.96
950,18,1,5,11.2865,6365.02
951,18,1,5,11.279,6327.26
949,18,1,5,11.2675,6268.52
1302,18,1,5,11.2456,6149.12
1307,18,1,5,11.2299,6063.27
2164,18,1,5,11.211,5966.58
1563,18,1,5,11.1996,5905.76
954,18,2,0,10.9783,1361.11,0.0603333,263.156,0.24,1
956,18,2,0,10.953,1231.51
946,18,2,0,10.9467,1198.02
947,18,2,0,10.9403,1158.44
928,18,2,0,10.9209,1058.93
929,18,2,0,10.8946,927.085
2019,18,2,0,10.8942,925.102
2157,18,2,0,10.874,826.062
1555,18,2,0,10.8631,772.334
915,18,2,0,10.8541,728.618
2016,18,2,0,10.8348,631.366
917,18,2,0,10.8341,627.552
916,18,2,0,10.8339,626.644
919,18,2,0,10.8281,587.56
2017,18,2,0,10.8281,587.387
2014,18,2,0,10.827,581.832
2015,18,2,0,10.8189,541.118
910,18,2,0,10.8188,540.633
909,18,2,0,10.8103,498.12
898,18,2,0,10.7959,426.506
897,18,2,0,10.7851,372.96
877,18,2,0,10.7656,274.426
878,18,2,0,10.76,245.809
879,18,2,0,10.7452,175.876
437,18,2,0,10.7413,154.443
439,18,2,0,10.7376,134.379
672,18,2,0,10.7188,42.3249
610,18,2,0,10.71,0
610,18,2,1,11.262,2827.37,0,0,0
614,18,2,1,11.2538,2785.88
612,18,2,1,11.2513,2771.73
423,18,2,1,11.2473,2748.67
419,18,2,1,11.2427,2714.22
420,18,2,1,11.2367,2678.28
421,18,2,1,11.2321,2650.75
417,18,2,1,11.2277,2626.86
1989,18,2,1,11.2108,2538.84
2011,18,2,1,11.1905,2435
2156,18,2,1,11.1839,2402.09
2013,18,2,1,11.1833,2398.94
886,18,2,1,11.1738,2350.76
888,18,2,1,11.1574,2259.29
903,18,2,1,11.1479,2207.78
904,18,2,1,11.1438,2186.75
925,18,2,1,11.1227,2068.79
2019,18,2,1,11.1174,2041.93
929,18,2,1,11.1169,2039.95
928,18,2,1,11.0923,1915.22
927,18,2,1,11.07,1798.97
946,18,2,1,11.0653,1766.52
945,18,2,1,11.0447,1656.38
954,18,2,1,11.0387,1624.27
