Node, Individual, Route,Segment, Travel time, Travel cost, Attention time, Attention cost, Failure rate, Demand
912,0,0,0,12.9993,662.175,0.0361667,157.748,0.15,1
913,0,0,0,12.9963,645.262
914,0,0,0,12.9859,587.538
902,0,0,0,12.9796,552.537
887,0,0,0,12.963,467.238
2012,0,0,0,12.9455,375.593
884,0,0,0,12.941,352.657
1987,0,0,0,12.9036,162.675
428,0,0,0,12.8986,137.306
429,0,0,0,12.87,0
1603,0,0,1,13.3135,2324.47,0.0466667,203.546,0.03,2
1589,0,0,1,13.2934,2212.68
1560,0,0,1,13.2599,2032.47
1591,0,0,1,13.2423,1932.59
1559,0,0,1,13.2246,1837.6
1319,0,0,1,13.2176,1801.36
1311,0,0,1,13.1869,1614.35
1312,0,0,1,13.1721,1537.34
1306,0,0,1,13.172,1536.98
1301,0,0,1,13.1569,1457.79
2024,0,0,1,13.1472,1404.1
2025,0,0,1,13.1354,1337.21
1598,0,0,1,13.1305,1311.82
948,0,0,1,13.1258,1285.79
928,0,0,1,13.115,1226.36
923,0,0,1,13.0798,1050.1
924,0,0,1,13.0715,1010.78
914,0,0,1,13.0513,904.723
913,0,0,1,13.0389,838.408
912,0,0,1,13.0355,819.923
1664,0,0,2,13.849,5077.2,0.0606667,264.61,0.08,3
1172,0,0,2,13.8202,4934.67
1023,0,0,2,13.7911,4778.98
1021,0,0,2,13.7764,4701.88
1022,0,0,2,13.7726,4682.65
1020,0,0,2,13.764,4639.22
1019,0,0,2,13.7568,4602.59
1047,0,0,2,13.7517,4577.99
1065,0,0,2,13.7355,4481.77
1064,0,0,2,13.7289,4448.51
1062,0,0,2,13.7225,4416.29
1063,0,0,2,13.7195,4401.93
1061,0,0,2,13.7159,4383.44
1080,0,0,2,13.7095,4350.62
1081,0,0,2,13.6992,4296.22
1098,0,0,2,13.6926,4261.45
1097,0,0,2,13.6848,4223.7
2037,0,0,2,13.6626,4111.29
1132,0,0,2,13.6534,4062.97
1135,0,0,2,13.6466,4028.91
2049,0,0,2,13.6416,4002.64
1159,0,0,2,13.6219,3898.99
1160,0,0,2,13.6083,3830.11
1330,0,0,2,13.604,3807.54
1339,0,0,2,13.5808,3688.55
1340,0,0,2,13.5762,3663.91
1348,0,0,2,13.5757,3661.36
1349,0,0,2,13.5746,3656.23
1357,0,0,2,13.5625,3593.62
1356,0,0,2,13.5617,3589.9
2076,0,0,2,13.5562,3559.5
1355,0,0,2,13.5549,3552.75
1364,0,0,2,13.5549,3552.54
1362,0,0,2,13.5448,3499.29
1382,0,0,2,13.5272,3402.07
1389,0,0,2,13.4993,3254.41
1388,0,0,2,13.4909,3207.39
1323,0,0,2,13.4901,3203.6
2072,0,0,2,13.463,3073.97
1588,0,0,2,13.4298,2897.76
1590,0,0,2,13.4085,2781.51
1589,0,0,2,13.3811,2643.15
1603,0,0,2,13.3602,2528.01
368,0,0,3,14.1584,6824.22,0.0801667,349.663,0.1,4
451,0,0,3,14.137,6706.92
1716,0,0,3,14.1346,6690.5
462,0,0,3,14.1274,6651.68
1990,0,0,3,14.1196,6598.64
452,0,0,3,14.1156,6566.56
453,0,0,3,14.1048,6479.14
455,0,0,3,14.0935,6411.33
454,0,0,3,14.0903,6393.95
457,0,0,3,14.0837,6339.88
456,0,0,3,14.0788,6310.84
458,0,0,3,14.0696,6249.93
459,0,0,3,14.0629,6204.58
1543,0,0,3,14.0544,6142.77
715,0,0,3,14.0493,6098.93
716,0,0,3,14.036,6024.57
722,0,0,3,14.0355,6021.76
724,0,0,3,14.0113,5878.4
728,0,0,3,14.0017,5813.25
731,0,0,3,13.9912,5754.43
730,0,0,3,13.9906,5750.97
2003,0,0,3,13.9631,5615.32
2147,0,0,3,13.9524,5557.94
743,0,0,3,13.9489,5540.9
2054,0,0,3,13.9488,5540.81
1166,0,0,3,13.938,5485.95
1664,0,0,3,13.9096,5341.81
139,0,0,4,14.3552,7801.69,0.102667,447.801,0.25,5
140,0,0,4,14.3344,7688.04
360,0,0,4,14.2957,7478.44
361,0,0,4,14.2832,7409.57
367,0,0,4,14.2494,7221.77
368,0,0,4,14.2386,7173.88
429,0,0,5,14.6759,9405.92,0,0,0
415,0,0,5,14.6536,9296.23
2138,0,0,5,14.6534,9295.2
411,0,0,5,14.6402,9221.97
400,0,0,5,14.6226,9134.11
391,0,0,5,14.6052,9042.58
383,0,0,5,14.5861,8942.8
382,0,0,5,14.5724,8872.49
376,0,0,5,14.5567,8785.38
369,0,0,5,14.5394,8690.19
360,0,0,5,14.5179,8574.6
140,0,0,5,14.4778,8359.37
139,0,0,5,14.4579,8249.49
912,1,0,0,12.6893,662.175,0.0361667,157.748,0.15,1
913,1,0,0,12.6863,645.262
914,1,0,0,12.6759,587.538
902,1,0,0,12.6696,552.537
887,1,0,0,12.653,467.238
2012,1,0,0,12.6355,375.593
884,1,0,0,12.631,352.657
1987,1,0,0,12.5936,162.675
428,1,0,0,12.5886,137.306
429,1,0,0,12.56,0
1603,1,0,1,13.0143,2358.51,0.0466667,203.546,0.03,2
1589,1,0,1,12.9906,2231.45
1560,1,0,1,12.9569,2050.34
1591,1,0,1,12.938,1945.25
1559,1,0,1,12.9191,1844.92
1320,1,0,1,12.9148,1822.71
1602,1,0,1,12.8979,1735.77
1312,1,0,1,12.8749,1606.65
1306,1,0,1,12.8748,1606.28
1599,1,0,1,12.8572,1509.83
1300,1,0,1,12.8529,1483.41
1298,1,0,1,12.8475,1454.23
1297,1,0,1,12.8452,1441.75
954,1,0,1,12.8081,1251.86
945,1,0,1,12.801,1215.2
926,1,0,1,12.7735,1074.52
911,1,0,1,12.7501,945.28
912,1,0,1,12.7255,819.923
1664,1,0,2,13.5497,5111.25,0.0606667,264.61,0.08,3
1172,1,0,2,13.521,4968.72
1023,1,0,2,13.4918,4813.03
1021,1,0,2,13.4772,4735.93
1022,1,0,2,13.4733,4716.7
1020,1,0,2,13.4647,4673.27
1019,1,0,2,13.4575,4636.64
1047,1,0,2,13.4524,4612.04
1065,1,0,2,13.4362,4515.81
1064,1,0,2,13.4296,4482.56
1062,1,0,2,13.4232,4450.34
1063,1,0,2,13.4203,4435.98
1061,1,0,2,13.4167,4417.49
1080,1,0,2,13.4103,4384.67
1081,1,0,2,13.4,4330.27
1098,1,0,2,13.3933,4295.5
1097,1,0,2,13.3855,4257.75
2037,1,0,2,13.3634,4145.34
1132,1,0,2,13.3541,4097.02
1135,1,0,2,13.3473,4062.96
2049,1,0,2,13.3424,4036.69
1159,1,0,2,13.3226,3933.03
1160,1,0,2,13.309,3864.16
1330,1,0,2,13.3047,3841.59
1339,1,0,2,13.2815,3722.6
1340,1,0,2,13.2769,3697.95
1348,1,0,2,13.2764,3695.41
1349,1,0,2,13.2754,3690.27
1357,1,0,2,13.2632,3627.67
1356,1,0,2,13.2625,3623.95
2076,1,0,2,13.2569,3593.54
1355,1,0,2,13.2557,3586.8
1364,1,0,2,13.2556,3586.59
1362,1,0,2,13.2455,3533.34
1382,1,0,2,13.2279,3436.12
1389,1,0,2,13.2001,3288.46
1388,1,0,2,13.1916,3241.43
1323,1,0,2,13.1908,3237.65
2072,1,0,2,13.1637,3108.02
1588,1,0,2,13.1306,2931.81
1590,1,0,2,13.1093,2815.56
1589,1,0,2,13.0818,2677.2
1603,1,0,2,13.0609,2562.06
139,1,0,3,13.9548,7408.73,0.0406667,177.376,0.22,4
140,1,0,3,13.9313,7283.54
360,1,0,3,13.8909,7066.94
366,1,0,3,13.8725,6966.33
371,1,0,3,13.8622,6907.32
372,1,0,3,13.8473,6803.33
460,1,0,3,13.8415,6768.68
461,1,0,3,13.8297,6700.1
462,1,0,3,13.8281,6685.72
1990,1,0,3,13.8203,6632.69
452,1,0,3,13.8163,6600.61
453,1,0,3,13.8056,6513.19
455,1,0,3,13.7942,6445.38
454,1,0,3,13.791,6428
457,1,0,3,13.7845,6373.93
456,1,0,3,13.7795,6344.89
458,1,0,3,13.7703,6283.98
459,1,0,3,13.7637,6238.63
1543,1,0,3,13.7551,6176.82
715,1,0,3,13.75,6132.98
716,1,0,3,13.7368,6058.62
722,1,0,3,13.7362,6055.8
724,1,0,3,13.712,5912.44
728,1,0,3,13.7024,5847.3
731,1,0,3,13.6919,5788.48
730,1,0,3,13.6913,5785.02
2003,1,0,3,13.6638,5649.37
2147,1,0,3,13.6531,5591.98
743,1,0,3,13.6496,5574.95
2054,1,0,3,13.6496,5574.86
1166,1,0,3,13.6388,5520
1664,1,0,3,13.6104,5375.86
368,1,0,4,14.1029,8180.53,0.0801667,349.663,0.1,5
367,1,0,4,14.0978,8155.33
361,1,0,4,14.0663,7977.94
360,1,0,4,14.0567,7916.69
140,1,0,4,14.0171,7703.65
139,1,0,4,13.9954,7586.1
429,1,0,5,14.3505,9449.87,0,0,0
1988,1,0,5,14.322,9306.25
417,1,0,5,14.2968,9181.86
418,1,0,5,14.2941,9166.5
1741,1,0,5,14.2879,9132.6
1740,1,0,5,14.2842,9112.31
1739,1,0,5,14.2789,9083.4
401,1,0,5,14.2691,9029.45
393,1,0,5,14.2561,8958.96
2136,1,0,5,14.2311,8824.47
2134,1,0,5,14.2186,8757.13
371,1,0,5,14.2133,8716.34
372,1,0,5,14.1992,8612.63
368,1,0,5,14.1831,8530.2
139,2,0,0,12.7353,1199.67,0.0526667,229.716,0.18,1
140,2,0,0,12.715,1088.05
360,2,0,0,12.6719,860.146
366,2,0,0,12.6547,764.395
2134,2,0,0,12.6425,697.704
2136,2,0,0,12.6304,631.809
393,2,0,0,12.5962,458.416
401,2,0,0,12.5838,390.328
1739,2,0,0,12.5743,338.004
1742,2,0,0,12.5661,296.363
1741,2,0,0,12.5605,265.545
418,2,0,0,12.5527,224.669
2139,2,0,0,12.549,203.706
2138,2,0,0,12.5324,110.515
415,2,0,0,12.532,108.239
429,2,0,0,12.51,0
368,2,0,1,12.9027,2050.78,0.0693333,302.411,0.09,2
367,2,0,1,12.8991,2031.88
361,2,0,1,12.8652,1844.1
360,2,0,1,12.8541,1780.55
140,2,0,1,12.8081,1540.1
139,2,0,1,12.788,1429.39
1664,2,0,2,13.2377,3912.6,0.0606667,264.61,0.08,3
1175,2,0,2,13.2246,3847.19
2054,2,0,2,13.1857,3654.43
743,2,0,2,13.1857,3654.34
739,2,0,2,13.1713,3576.91
1668,2,0,2,13.1549,3488.09
731,2,0,2,13.1454,3436.24
730,2,0,2,13.1447,3432.66
723,2,0,2,13.1113,3256.25
722,2,0,2,13.0981,3164.94
726,2,0,2,13.0871,3089.23
714,2,0,2,13.0869,3087.36
1543,2,0,2,13.0827,3057.4
459,2,0,2,13.0726,2994.3
458,2,0,2,13.0651,2947.96
456,2,0,2,13.0549,2885.89
457,2,0,2,13.0477,2847.54
454,2,0,2,13.0398,2793.42
455,2,0,2,13.0375,2779.2
453,2,0,2,13.0282,2713.61
452,2,0,2,13.0156,2626.11
1990,2,0,2,13.0121,2593.44
462,2,0,2,13.0026,2538.21
461,2,0,2,13.0001,2523.49
460,2,0,2,12.9906,2457.83
372,2,0,2,12.9854,2424.11
368,2,0,2,12.972,2353.19
1603,2,0,3,13.8095,6831.61,0.0466667,203.546,0.03,4
1589,2,0,3,13.7896,6721.05
1590,2,0,3,13.7443,6509.7
1588,2,0,3,13.7257,6405.08
2072,2,0,3,13.6926,6229.19
1323,2,0,3,13.6773,6148.32
1388,2,0,3,13.6765,6144.54
1389,2,0,3,13.6629,6075.64
1382,2,0,3,13.637,5936.31
1362,2,0,3,13.6143,5817.31
1361,2,0,3,13.6092,5790.31
1354,2,0,3,13.6092,5790.12
1355,2,0,3,13.5967,5730.46
2076,2,0,3,13.5948,5721.35
1356,2,0,3,13.5864,5678.64
1357,2,0,3,13.5857,5674.92
1358,2,0,3,13.5744,5616.55
1352,2,0,3,13.5639,5562.67
1351,2,0,3,13.5536,5508.98
1350,2,0,3,13.5459,5469.4
1414,2,0,3,13.5289,5385.6
2120,2,0,3,13.5191,5333.94
2097,2,0,3,13.5101,5287.4
1415,2,0,3,13.4966,5218.77
1416,2,0,3,13.4787,5131.03
1554,2,0,3,13.4772,5123.21
2079,2,0,3,13.4682,5079.35
2080,2,0,3,13.4523,5000.57
2081,2,0,3,13.4338,4905.91
1207,2,0,3,13.4141,4800.71
2061,2,0,3,13.4057,4753.7
2056,2,0,3,13.36,4491.82
1181,2,0,3,13.3571,4470.14
1180,2,0,3,13.357,4469.77
1179,2,0,3,13.3366,4370.46
1175,2,0,3,13.3147,4255.99
1664,2,0,3,13.2983,4177.21
912,2,0,4,14.1156,8498.38,0.100167,436.897,0.15,5
911,2,0,4,14.0984,8404.3
926,2,0,4,14.0707,8256.88
945,2,0,4,14.0439,8118.66
954,2,0,4,14.0372,8083.73
1297,2,0,4,14.0059,7918.6
1299,2,0,4,14.0004,7887.17
1600,2,0,4,13.9989,7873.72
1599,2,0,4,13.9984,7868.62
1601,2,0,4,13.9941,7836.98
1311,2,0,4,13.9792,7743.49
1319,2,0,4,13.9492,7557.45
1559,2,0,4,13.9455,7532.29
1591,2,0,4,13.9345,7457.43
1560,2,0,4,13.912,7336.77
1589,2,0,4,13.877,7150.29
1603,2,0,4,13.8561,7035.15
429,2,0,5,14.3331,9537.28,0,0,0
886,2,0,5,14.2905,9330.96
888,2,0,5,14.2684,9214.99
903,2,0,5,14.2573,9156.39
904,2,0,5,14.2538,9137.71
902,2,0,5,14.24,9064.47
914,2,0,5,14.2323,9023.02
913,2,0,5,14.2193,8954.26
912,2,0,5,14.2158,8935.28
139,3,0,0,12.5753,1199.67,0.0526667,229.716,0.18,1
140,3,0,0,12.555,1088.05
360,3,0,0,12.5119,860.146
366,3,0,0,12.4947,764.395
2134,3,0,0,12.4825,697.704
2136,3,0,0,12.4704,631.809
393,3,0,0,12.4362,458.416
401,3,0,0,12.4238,390.328
1739,3,0,0,12.4143,338.004
1742,3,0,0,12.4061,296.363
1741,3,0,0,12.4005,265.545
418,3,0,0,12.3927,224.669
2139,3,0,0,12.389,203.706
2138,3,0,0,12.3724,110.515
415,3,0,0,12.372,108.239
429,3,0,0,12.35,0
368,3,0,1,12.7427,2050.78,0.0693333,302.411,0.09,2
367,3,0,1,12.7391,2031.88
361,3,0,1,12.7052,1844.1
360,3,0,1,12.6941,1780.55
140,3,0,1,12.6481,1540.1
139,3,0,1,12.628,1429.39
1664,3,0,2,13.0777,3912.6,0.0606667,264.61,0.08,3
1175,3,0,2,13.0646,3847.19
2054,3,0,2,13.0257,3654.43
743,3,0,2,13.0257,3654.34
739,3,0,2,13.0113,3576.91
1668,3,0,2,12.9949,3488.09
731,3,0,2,12.9854,3436.24
730,3,0,2,12.9847,3432.66
723,3,0,2,12.9513,3256.25
722,3,0,2,12.9381,3164.94
726,3,0,2,12.9271,3089.23
714,3,0,2,12.9269,3087.36
1543,3,0,2,12.9227,3057.4
459,3,0,2,12.9126,2994.3
458,3,0,2,12.9051,2947.96
456,3,0,2,12.8949,2885.89
457,3,0,2,12.8877,2847.54
454,3,0,2,12.8798,2793.42
455,3,0,2,12.8775,2779.2
453,3,0,2,12.8682,2713.61
452,3,0,2,12.8556,2626.11
1990,3,0,2,12.8521,2593.44
462,3,0,2,12.8426,2538.21
461,3,0,2,12.8401,2523.49
460,3,0,2,12.8306,2457.83
372,3,0,2,12.8254,2424.11
368,3,0,2,12.812,2353.19
1603,3,0,3,13.6495,6831.61,0.0466667,203.546,0.03,4
1589,3,0,3,13.6297,6721.05
1590,3,0,3,13.5843,6509.7
1588,3,0,3,13.5657,6405.08
2072,3,0,3,13.5326,6229.19
1323,3,0,3,13.5173,6148.32
1388,3,0,3,13.5165,6144.54
1389,3,0,3,13.5029,6075.64
1382,3,0,3,13.477,5936.31
1362,3,0,3,13.4543,5817.31
1361,3,0,3,13.4492,5790.31
1354,3,0,3,13.4492,5790.12
1355,3,0,3,13.4367,5730.46
2076,3,0,3,13.4348,5721.35
1356,3,0,3,13.4264,5678.64
1357,3,0,3,13.4257,5674.92
1358,3,0,3,13.4144,5616.55
1352,3,0,3,13.4039,5562.67
1351,3,0,3,13.3936,5508.98
1350,3,0,3,13.3859,5469.4
1414,3,0,3,13.3689,5385.6
2120,3,0,3,13.3591,5333.94
2097,3,0,3,13.3501,5287.4
1415,3,0,3,13.3366,5218.77
1416,3,0,3,13.3187,5131.03
1554,3,0,3,13.3172,5123.21
2079,3,0,3,13.3082,5079.35
2080,3,0,3,13.2923,5000.57
2081,3,0,3,13.2738,4905.91
1207,3,0,3,13.2541,4800.71
2061,3,0,3,13.2457,4753.7
2056,3,0,3,13.2,4491.82
1181,3,0,3,13.1971,4470.14
1180,3,0,3,13.197,4469.77
1179,3,0,3,13.1766,4370.46
1175,3,0,3,13.1547,4255.99
1664,3,0,3,13.1383,4177.21
912,3,0,4,13.9556,8498.38,0.1015,442.712,0.14,5
911,3,0,4,13.9384,8404.3
926,3,0,4,13.9107,8256.88
945,3,0,4,13.8839,8118.66
954,3,0,4,13.8772,8083.73
1297,3,0,4,13.8459,7918.6
1299,3,0,4,13.8404,7887.17
1600,3,0,4,13.8389,7873.72
1599,3,0,4,13.8384,7868.62
1601,3,0,4,13.8341,7836.98
1311,3,0,4,13.8192,7743.49
1319,3,0,4,13.7892,7557.45
1559,3,0,4,13.7855,7532.29
1591,3,0,4,13.7745,7457.43
1560,3,0,4,13.752,7336.77
1589,3,0,4,13.717,7150.29
1603,3,0,4,13.6961,7035.15
429,3,0,5,14.1744,9543.09,0,0,0
886,3,0,5,14.1319,9336.77
888,3,0,5,14.1097,9220.81
903,3,0,5,14.0986,9162.21
904,3,0,5,14.0951,9143.53
902,3,0,5,14.0814,9070.29
914,3,0,5,14.0736,9028.83
913,3,0,5,14.0606,8960.08
912,3,0,5,14.0571,8941.1
368,4,0,0,12.8074,949.515,0.0693333,302.411,0.09,1
372,4,0,0,12.7863,846.645
371,4,0,0,12.7679,738.483
2134,4,0,0,12.7625,697.704
2136,4,0,0,12.7504,631.809
393,4,0,0,12.7162,458.416
401,4,0,0,12.7038,390.328
1739,4,0,0,12.6943,338.004
1742,4,0,0,12.6861,296.363
1741,4,0,0,12.6805,265.545
418,4,0,0,12.6727,224.669
2139,4,0,0,12.669,203.706
2138,4,0,0,12.6524,110.515
415,4,0,0,12.652,108.239
429,4,0,0,12.63,0
139,4,0,1,12.9916,1873.91,0.0526667,229.716,0.18,2
140,4,0,1,12.9712,1762.29
360,4,0,1,12.9282,1534.39
361,4,0,1,12.9142,1458.62
367,4,0,1,12.8799,1269.12
368,4,0,1,12.8767,1251.93
912,4,0,2,13.3261,3610.95,0.1015,442.712,0.14,3
900,4,0,2,13.3193,3574.28
882,4,0,2,13.2914,3422.82
880,4,0,2,13.2757,3340.52
881,4,0,2,13.2614,3262.34
1985,4,0,2,13.236,3124.28
409,4,0,2,13.2164,3025.72
397,4,0,2,13.1991,2935.07
390,4,0,2,13.1797,2834.11
382,4,0,2,13.1633,2746.54
376,4,0,2,13.1463,2653.94
369,4,0,2,13.1265,2547.53
360,4,0,2,13.1055,2434.22
140,4,0,2,13.0659,2221.18
139,4,0,2,13.0442,2103.63
1603,4,0,3,13.7056,5558.21,0.0466667,203.546,0.03,4
1589,4,0,3,13.6855,5446.42
1560,4,0,3,13.652,5266.21
1591,4,0,3,13.6343,5166.33
1559,4,0,3,13.6167,5071.34
1319,4,0,3,13.6097,5035.1
1311,4,0,3,13.579,4848.09
1312,4,0,3,13.5641,4771.08
1306,4,0,3,13.564,4770.72
1301,4,0,3,13.549,4691.53
2024,4,0,3,13.5392,4637.84
2025,4,0,3,13.5275,4570.95
1598,4,0,3,13.5226,4545.57
948,4,0,3,13.5179,4519.53
928,4,0,3,13.507,4460.1
923,4,0,3,13.4719,4283.84
924,4,0,3,13.4636,4244.52
914,4,0,3,13.4434,4138.47
913,4,0,3,13.431,4072.15
912,4,0,3,13.4276,4053.67
1664,4,0,4,14.241,8310.94,0.0496667,216.631,0.07,5
1172,4,0,4,14.2123,8168.41
1023,4,0,4,14.1832,8012.73
1021,4,0,4,14.1685,7935.62
1022,4,0,4,14.1646,7916.39
1020,4,0,4,14.156,7872.97
1019,4,0,4,14.1489,7836.33
1047,4,0,4,14.1438,7811.73
1065,4,0,4,14.1276,7715.51
1064,4,0,4,14.1209,7682.25
1062,4,0,4,14.1146,7650.03
1063,4,0,4,14.1116,7635.67
1061,4,0,4,14.108,7617.18
1080,4,0,4,14.1016,7584.36
1081,4,0,4,14.0913,7529.96
1098,4,0,4,14.0846,7495.19
1097,4,0,4,14.0768,7457.45
2037,4,0,4,14.0547,7345.03
1132,4,0,4,14.0454,7296.72
1135,4,0,4,14.0387,7262.65
2049,4,0,4,14.0337,7236.38
1159,4,0,4,14.0139,7132.73
1160,4,0,4,14.0003,7063.85
1330,4,0,4,13.996,7041.28
1339,4,0,4,13.9729,6922.29
1340,4,0,4,13.9682,6897.65
1348,4,0,4,13.9677,6895.1
1349,4,0,4,13.9667,6889.97
1357,4,0,4,13.9546,6827.36
1356,4,0,4,13.9538,6823.64
2076,4,0,4,13.9483,6793.24
1355,4,0,4,13.947,6786.49
1364,4,0,4,13.947,6786.28
1362,4,0,4,13.9369,6733.04
1382,4,0,4,13.9193,6635.81
1389,4,0,4,13.8914,6488.15
1388,4,0,4,13.8829,6441.13
1323,4,0,4,13.8822,6437.34
2072,4,0,4,13.8551,6307.71
1588,4,0,4,13.8219,6131.5
1590,4,0,4,13.8006,6015.26
1589,4,0,4,13.7732,5876.89
1603,4,0,4,13.7523,5761.75
429,4,0,5,14.6085,10264.4,0,0,0
1988,4,0,5,14.5777,10111.3
417,4,0,5,14.5544,9994.71
418,4,0,5,14.5511,9976.9
419,4,0,5,14.5353,9889.9
423,4,0,5,14.5307,9855.46
609,4,0,5,14.5248,9799.14
628,4,0,5,14.5155,9725.01
561,4,0,5,14.5119,9700.48
557,4,0,5,14.5047,9653.52
554,4,0,5,14.5026,9643.03
565,4,0,5,14.4944,9597.4
573,4,0,5,14.4891,9570.81
574,4,0,5,14.4805,9519.78
580,4,0,5,14.4595,9410.14
596,4,0,5,14.4533,9350.29
595,4,0,5,14.449,9322.95
603,4,0,5,14.444,9297.15
552,4,0,5,14.4101,9130.97
1800,4,0,5,14.4018,9088.24
755,4,0,5,14.3854,9005.98
708,4,0,5,14.3693,8923.26
996,4,0,5,14.3688,8921.04
1671,4,0,5,14.3459,8804.73
1165,4,0,5,14.3354,8752.21
1799,4,0,5,14.3263,8706.1
1172,4,0,5,14.3187,8667.12
1664,4,0,5,14.2907,8527.58
139,5,0,0,12.4253,1199.67,0.0526667,229.716,0.18,1
140,5,0,0,12.405,1088.05
360,5,0,0,12.3619,860.146
366,5,0,0,12.3447,764.395
2134,5,0,0,12.3325,697.704
2136,5,0,0,12.3204,631.809
393,5,0,0,12.2862,458.416
401,5,0,0,12.2738,390.328
1739,5,0,0,12.2643,338.004
1742,5,0,0,12.2561,296.363
1741,5,0,0,12.2505,265.545
418,5,0,0,12.2427,224.669
2139,5,0,0,12.239,203.706
2138,5,0,0,12.2224,110.515
415,5,0,0,12.222,108.239
429,5,0,0,12.2,0
1603,5,0,1,12.9793,4241.9,0.100667,439.078,0.02,2
1589,5,0,1,12.9558,4115.56
1560,5,0,1,12.9219,3933.54
1591,5,0,1,12.9009,3819.36
1559,5,0,1,12.8807,3713.78
1319,5,0,1,12.8751,3683.04
1318,5,0,1,12.8675,3640.26
1292,5,0,1,12.8667,3636.54
1285,5,0,1,12.834,3447.98
1310,5,0,1,12.8333,3444.67
1553,5,0,1,12.8095,3317.23
1298,5,0,1,12.8057,3296.14
2176,5,0,1,12.7993,3257.11
2066,5,0,1,12.7892,3190.13
869,5,0,1,12.7801,3114.98
1856,5,0,1,12.7734,3069.98
855,5,0,1,12.7733,3069.27
843,5,0,1,12.7507,2953.22
832,5,0,1,12.7404,2892.75
831,5,0,1,12.7345,2860.69
2153,5,0,1,12.7345,2860.61
821,5,0,1,12.7229,2801.04
2008,5,0,1,12.7144,2758.25
812,5,0,1,12.6965,2660.55
807,5,0,1,12.6963,2659.76
356,5,0,1,12.6801,2574.95
1981,5,0,1,12.6679,2491.44
345,5,0,1,12.6477,2387.87
341,5,0,1,12.6383,2337.89
2132,5,0,1,12.6381,2335.84
328,5,0,1,12.6214,2240.3
2115,5,0,1,12.6114,2187.11
329,5,0,1,12.6077,2167.06
1979,5,0,1,12.6004,2131.61
1978,5,0,1,12.5605,1907.6
107,5,0,1,12.5524,1853.88
1967,5,0,1,12.5494,1825.17
105,5,0,1,12.5246,1676.73
136,5,0,1,12.4922,1504.05
139,5,0,1,12.478,1429.39
912,5,0,2,13.3394,6144.21,0.1015,442.712,0.14,3
911,5,0,2,13.3222,6050.12
926,5,0,2,13.2945,5902.7
945,5,0,2,13.2677,5764.48
954,5,0,2,13.261,5729.55
1297,5,0,2,13.2297,5564.43
1299,5,0,2,13.2242,5532.99
1600,5,0,2,13.2228,5519.54
1599,5,0,2,13.2222,5514.44
1601,5,0,2,13.2179,5482.8
1311,5,0,2,13.203,5389.31
1319,5,0,2,13.173,5203.27
1559,5,0,2,13.1693,5178.11
1591,5,0,2,13.1583,5103.25
1560,5,0,2,13.1358,4982.59
1589,5,0,2,13.1009,4796.11
1603,5,0,2,13.08,4680.97
368,5,0,3,13.6916,7941.24,0.0923333,402.73,0.09,4
372,5,0,3,13.6786,7872.22
371,5,0,3,13.663,7767.7
2134,5,0,3,13.6574,7726.89
2136,5,0,3,13.6455,7661.97
393,5,0,3,13.6165,7510.09
401,5,0,3,13.6016,7431.62
1739,5,0,3,13.5924,7380.61
1742,5,0,3,13.5835,7336.1
1741,5,0,3,13.5776,7303.61
418,5,0,3,13.57,7263.57
417,5,0,3,13.5672,7247.91
1989,5,0,3,13.5506,7161.49
2011,5,0,3,13.5328,7068.3
2156,5,0,3,13.5276,7040.98
2013,5,0,3,13.5269,7037.82
886,5,0,3,13.515,6979.65
888,5,0,3,13.4952,6873.54
903,5,0,3,13.4814,6803.65
904,5,0,3,13.478,6785.27
902,5,0,3,13.4643,6712.54
914,5,0,3,13.4568,6671.72
913,5,0,3,13.4444,6605.4
912,5,0,3,13.4409,6586.92
1664,5,0,4,14.0662,9969.46,0.0496667,216.631,0.07,5
1175,5,0,4,14.0543,9909.03
2054,5,0,4,14.0031,9665.53
743,5,0,4,14.0031,9665.44
739,5,0,4,13.9902,9594.99
1668,5,0,4,13.9714,9495.54
731,5,0,4,13.9603,9436.87
730,5,0,4,13.9597,9433.4
723,5,0,4,13.9252,9252.44
722,5,0,4,13.9121,9161.23
726,5,0,4,13.8969,9076.58
714,5,0,4,13.8967,9074.7
1543,5,0,4,13.8909,9042.26
459,5,0,4,13.8808,8979.08
458,5,0,4,13.8741,8933.67
456,5,0,4,13.8655,8873.27
457,5,0,4,13.8595,8840.22
454,5,0,4,13.8518,8786.24
455,5,0,4,13.8492,8771.28
453,5,0,4,13.8405,8705.82
452,5,0,4,13.8283,8618.5
1990,5,0,4,13.8248,8585.71
462,5,0,4,13.8163,8531.9
461,5,0,4,13.814,8517.53
460,5,0,4,13.8035,8450.97
372,5,0,4,13.7977,8416.32
368,5,0,4,13.7839,8343.97
429,5,0,5,14.4337,11922.9,0,0,0
1988,5,0,5,14.4029,11769.8
417,5,0,5,14.3796,11653.2
418,5,0,5,14.3763,11635.4
419,5,0,5,14.3605,11548.4
423,5,0,5,14.3559,11514
609,5,0,5,14.35,11457.7
628,5,0,5,14.3407,11383.5
561,5,0,5,14.3371,11359
557,5,0,5,14.3299,11312
554,5,0,5,14.3278,11301.5
565,5,0,5,14.3196,11255.9
573,5,0,5,14.3143,11229.3
574,5,0,5,14.3057,11178.3
580,5,0,5,14.2847,11068.7
596,5,0,5,14.2785,11008.8
595,5,0,5,14.2742,10981.5
603,5,0,5,14.2692,10955.7
552,5,0,5,14.2353,10789.5
1800,5,0,5,14.227,10746.8
755,5,0,5,14.2106,10664.5
708,5,0,5,14.1945,10581.8
996,5,0,5,14.194,10579.6
1671,5,0,5,14.1711,10463.2
1165,5,0,5,14.1605,10410.7
1799,5,0,5,14.1515,10364.6
1172,5,0,5,14.1439,10325.6
1664,5,0,5,14.1159,10186.1
