Node, Individual, Route,Segment, Travel time, Travel cost, Attention time, Attention cost, Failure rate, Demand
912,0,0,0,12.9993,662.175,0.0361667,157.748,0.15,1
913,0,0,0,12.9963,645.262
914,0,0,0,12.9859,587.538
902,0,0,0,12.9796,552.537
887,0,0,0,12.963,467.238
2012,0,0,0,12.9455,375.593
884,0,0,0,12.941,352.657
1987,0,0,0,12.9036,162.675
428,0,0,0,12.8986,137.306
429,0,0,0,12.87,0
1603,0,0,1,13.3135,2324.47,0.0466667,203.546,0.03,2
1589,0,0,1,13.2934,2212.68
1560,0,0,1,13.2599,2032.47
1591,0,0,1,13.2423,1932.59
1559,0,0,1,13.2246,1837.6
1319,0,0,1,13.2176,1801.36
1311,0,0,1,13.1869,1614.35
1312,0,0,1,13.1721,1537.34
1306,0,0,1,13.172,1536.98
1301,0,0,1,13.1569,1457.79
2024,0,0,1,13.1472,1404.1
2025,0,0,1,13.1354,1337.21
1598,0,0,1,13.1305,1311.82
948,0,0,1,13.1258,1285.79
928,0,0,1,13.115,1226.36
923,0,0,1,13.0798,1050.1
924,0,0,1,13.0715,1010.78
914,0,0,1,13.0513,904.723
913,0,0,1,13.0389,838.408
912,0,0,1,13.0355,819.923
1664,0,0,2,13.849,5077.2,0.0606667,264.61,0.08,3
1172,0,0,2,13.8202,4934.67
1023,0,0,2,13.7911,4778.98
1021,0,0,2,13.7764,4701.88
1022,0,0,2,13.7726,4682.65
1020,0,0,2,13.764,4639.22
1019,0,0,2,13.7568,4602.59
1047,0,0,2,13.7517,4577.99
1065,0,0,2,13.7355,4481.77
1064,0,0,2,13.7289,4448.51
1062,0,0,2,13.7225,4416.29
1063,0,0,2,13.7195,4401.93
1061,0,0,2,13.7159,4383.44
1080,0,0,2,13.7095,4350.62
1081,0,0,2,13.6992,4296.22
1098,0,0,2,13.6926,4261.45
1097,0,0,2,13.6848,4223.7
2037,0,0,2,13.6626,4111.29
1132,0,0,2,13.6534,4062.97
1135,0,0,2,13.6466,4028.91
2049,0,0,2,13.6416,4002.64
1159,0,0,2,13.6219,3898.99
1160,0,0,2,13.6083,3830.11
1330,0,0,2,13.604,3807.54
1339,0,0,2,13.5808,3688.55
1340,0,0,2,13.5762,3663.91
1348,0,0,2,13.5757,3661.36
1349,0,0,2,13.5746,3656.23
1357,0,0,2,13.5625,3593.62
1356,0,0,2,13.5617,3589.9
2076,0,0,2,13.5562,3559.5
1355,0,0,2,13.5549,3552.75
1364,0,0,2,13.5549,3552.54
1362,0,0,2,13.5448,3499.29
1382,0,0,2,13.5272,3402.07
1389,0,0,2,13.4993,3254.41
1388,0,0,2,13.4909,3207.39
1323,0,0,2,13.4901,3203.6
2072,0,0,2,13.463,3073.97
1588,0,0,2,13.4298,2897.76
1590,0,0,2,13.4085,2781.51
1589,0,0,2,13.3811,2643.15
1603,0,0,2,13.3602,2528.01
368,0,0,3,14.1584,6824.22,0.0801667,349.663,0.1,4
451,0,0,3,14.137,6706.92
1716,0,0,3,14.1346,6690.5
462,0,0,3,14.1274,6651.68
1990,0,0,3,14.1196,6598.64
452,0,0,3,14.1156,6566.56
453,0,0,3,14.1048,6479.14
455,0,0,3,14.0935,6411.33
454,0,0,3,14.0903,6393.95
457,0,0,3,14.0837,6339.88
456,0,0,3,14.0788,6310.84
458,0,0,3,14.0696,6249.93
459,0,0,3,14.0629,6204.58
1543,0,0,3,14.0544,6142.77
715,0,0,3,14.0493,6098.93
716,0,0,3,14.036,6024.57
722,0,0,3,14.0355,6021.76
724,0,0,3,14.0113,5878.4
728,0,0,3,14.0017,5813.25
731,0,0,3,13.9912,5754.43
730,0,0,3,13.9906,5750.97
2003,0,0,3,13.9631,5615.32
2147,0,0,3,13.9524,5557.94
743,0,0,3,13.9489,5540.9
2054,0,0,3,13.9488,5540.81
1166,0,0,3,13.938,5485.95
1664,0,0,3,13.9096,5341.81
139,0,0,4,14.3552,7801.69,0.102667,447.801,0.25,5
140,0,0,4,14.3344,7688.04
360,0,0,4,14.2957,7478.44
361,0,0,4,14.2832,7409.57
367,0,0,4,14.2494,7221.77
368,0,0,4,14.2386,7173.88
429,0,0,5,14.6759,9405.92,0,0,0
415,0,0,5,14.6536,9296.23
2138,0,0,5,14.6534,9295.2
411,0,0,5,14.6402,9221.97
400,0,0,5,14.6226,9134.11
391,0,0,5,14.6052,9042.58
383,0,0,5,14.5861,8942.8
382,0,0,5,14.5724,8872.49
376,0,0,5,14.5567,8785.38
369,0,0,5,14.5394,8690.19
360,0,0,5,14.5179,8574.6
140,0,0,5,14.4778,8359.37
139,0,0,5,14.4579,8249.49
912,1,0,0,12.6893,662.175,0.0361667,157.748,0.15,1
913,1,0,0,12.6863,645.262
914,1,0,0,12.6759,587.538
902,1,0,0,12.6696,552.537
887,1,0,0,12.653,467.238
2012,1,0,0,12.6355,375.593
884,1,0,0,12.631,352.657
1987,1,0,0,12.5936,162.675
428,1,0,0,12.5886,137.306
429,1,0,0,12.56,0
1603,1,0,1,13.0143,2358.51,0.0466667,203.546,0.03,2
1589,1,0,1,12.9906,2231.45
1560,1,0,1,12.9569,2050.34
1591,1,0,1,12.938,1945.25
1559,1,0,1,12.9191,1844.92
1320,1,0,1,12.9148,1822.71
1602,1,0,1,12.8979,1735.77
1312,1,0,1,12.8749,1606.65
1306,1,0,1,12.8748,1606.28
1599,1,0,1,12.8572,1509.83
1300,1,0,1,12.8529,1483.41
1298,1,0,1,12.8475,1454.23
1297,1,0,1,12.8452,1441.75
954,1,0,1,12.8081,1251.86
945,1,0,1,12.801,1215.2
926,1,0,1,12.7735,1074.52
911,1,0,1,12.7501,945.28
912,1,0,1,12.7255,819.923
1664,1,0,2,13.5497,5111.25,0.0606667,264.61,0.08,3
1172,1,0,2,13.521,4968.72
1023,1,0,2,13.4918,4813.03
1021,1,0,2,13.4772,4735.93
1022,1,0,2,13.4733,4716.7
1020,1,0,2,13.4647,4673.27
1019,1,0,2,13.4575,4636.64
1047,1,0,2,13.4524,4612.04
1065,1,0,2,13.4362,4515.81
1064,1,0,2,13.4296,4482.56
1062,1,0,2,13.4232,4450.34
1063,1,0,2,13.4203,4435.98
1061,1,0,2,13.4167,4417.49
1080,1,0,2,13.4103,4384.67
1081,1,0,2,13.4,4330.27
1098,1,0,2,13.3933,4295.5
1097,1,0,2,13.3855,4257.75
2037,1,0,2,13.3634,4145.34
1132,1,0,2,13.3541,4097.02
1135,1,0,2,13.3473,4062.96
2049,1,0,2,13.3424,4036.69
1159,1,0,2,13.3226,3933.03
1160,1,0,2,13.309,3864.16
1330,1,0,2,13.3047,3841.59
1339,1,0,2,13.2815,3722.6
1340,1,0,2,13.2769,3697.95
1348,1,0,2,13.2764,3695.41
1349,1,0,2,13.2754,3690.27
1357,1,0,2,13.2632,3627.67
1356,1,0,2,13.2625,3623.95
2076,1,0,2,13.2569,3593.54
1355,1,0,2,13.2557,3586.8
1364,1,0,2,13.2556,3586.59
1362,1,0,2,13.2455,3533.34
1382,1,0,2,13.2279,3436.12
1389,1,0,2,13.2001,3288.46
1388,1,0,2,13.1916,3241.43
1323,1,0,2,13.1908,3237.65
2072,1,0,2,13.1637,3108.02
1588,1,0,2,13.1306,2931.81
1590,1,0,2,13.1093,2815.56
1589,1,0,2,13.0818,2677.2
1603,1,0,2,13.0609,2562.06
139,1,0,3,13.9548,7408.73,0.0406667,177.376,0.22,4
140,1,0,3,13.9313,7283.54
360,1,0,3,13.8909,7066.94
366,1,0,3,13.8725,6966.33
371,1,0,3,13.8622,6907.32
372,1,0,3,13.8473,6803.33
460,1,0,3,13.8415,6768.68
461,1,0,3,13.8297,6700.1
462,1,0,3,13.8281,6685.72
1990,1,0,3,13.8203,6632.69
452,1,0,3,13.8163,6600.61
453,1,0,3,13.8056,6513.19
455,1,0,3,13.7942,6445.38
454,1,0,3,13.791,6428
457,1,0,3,13.7845,6373.93
456,1,0,3,13.7795,6344.89
458,1,0,3,13.7703,6283.98
459,1,0,3,13.7637,6238.63
1543,1,0,3,13.7551,6176.82
715,1,0,3,13.75,6132.98
716,1,0,3,13.7368,6058.62
722,1,0,3,13.7362,6055.8
724,1,0,3,13.712,5912.44
728,1,0,3,13.7024,5847.3
731,1,0,3,13.6919,5788.48
730,1,0,3,13.6913,5785.02
2003,1,0,3,13.6638,5649.37
2147,1,0,3,13.6531,5591.98
743,1,0,3,13.6496,5574.95
2054,1,0,3,13.6496,5574.86
1166,1,0,3,13.6388,5520
1664,1,0,3,13.6104,5375.86
368,1,0,4,14.1029,8180.53,0.0801667,349.663,0.1,5
367,1,0,4,14.0978,8155.33
361,1,0,4,14.0663,7977.94
360,1,0,4,14.0567,7916.69
140,1,0,4,14.0171,7703.65
139,1,0,4,13.9954,7586.1
429,1,0,5,14.3505,9449.87,0,0,0
1988,1,0,5,14.322,9306.25
417,1,0,5,14.2968,9181.86
418,1,0,5,14.2941,9166.5
1741,1,0,5,14.2879,9132.6
1740,1,0,5,14.2842,9112.31
1739,1,0,5,14.2789,9083.4
401,1,0,5,14.2691,9029.45
393,1,0,5,14.2561,8958.96
2136,1,0,5,14.2311,8824.47
2134,1,0,5,14.2186,8757.13
371,1,0,5,14.2133,8716.34
372,1,0,5,14.1992,8612.63
368,1,0,5,14.1831,8530.2
139,2,0,0,12.7553,1199.67,0.0526667,229.716,0.18,1
140,2,0,0,12.735,1088.05
360,2,0,0,12.6919,860.146
366,2,0,0,12.6747,764.395
2134,2,0,0,12.6625,697.704
2136,2,0,0,12.6504,631.809
393,2,0,0,12.6162,458.416
401,2,0,0,12.6038,390.328
1739,2,0,0,12.5943,338.004
1742,2,0,0,12.5861,296.363
1741,2,0,0,12.5805,265.545
418,2,0,0,12.5727,224.669
2139,2,0,0,12.569,203.706
2138,2,0,0,12.5524,110.515
415,2,0,0,12.552,108.239
429,2,0,0,12.53,0
368,2,0,1,12.9227,2050.78,0.0693333,302.411,0.09,2
367,2,0,1,12.9191,2031.88
361,2,0,1,12.8852,1844.1
360,2,0,1,12.8741,1780.55
140,2,0,1,12.8281,1540.1
139,2,0,1,12.808,1429.39
1664,2,0,2,13.2577,3912.6,0.0606667,264.61,0.08,3
1175,2,0,2,13.2446,3847.19
2054,2,0,2,13.2057,3654.43
743,2,0,2,13.2057,3654.34
739,2,0,2,13.1913,3576.91
1668,2,0,2,13.1749,3488.09
731,2,0,2,13.1654,3436.24
730,2,0,2,13.1647,3432.66
723,2,0,2,13.1313,3256.25
722,2,0,2,13.1181,3164.94
726,2,0,2,13.1071,3089.23
714,2,0,2,13.1069,3087.36
1543,2,0,2,13.1027,3057.4
459,2,0,2,13.0926,2994.3
458,2,0,2,13.0851,2947.96
456,2,0,2,13.0749,2885.89
457,2,0,2,13.0676,2847.54
454,2,0,2,13.0598,2793.42
455,2,0,2,13.0575,2779.2
453,2,0,2,13.0482,2713.61
452,2,0,2,13.0356,2626.11
1990,2,0,2,13.0321,2593.44
462,2,0,2,13.0226,2538.21
461,2,0,2,13.0201,2523.49
460,2,0,2,13.0106,2457.83
372,2,0,2,13.0054,2424.11
368,2,0,2,12.992,2353.19
1603,2,0,3,13.8295,6831.61,0.0466667,203.546,0.03,4
1589,2,0,3,13.8096,6721.05
1590,2,0,3,13.7643,6509.7
1588,2,0,3,13.7457,6405.08
2072,2,0,3,13.7126,6229.19
1323,2,0,3,13.6973,6148.32
1388,2,0,3,13.6965,6144.54
1389,2,0,3,13.6829,6075.64
1382,2,0,3,13.657,5936.31
1362,2,0,3,13.6343,5817.31
1361,2,0,3,13.6292,5790.31
1354,2,0,3,13.6292,5790.12
1355,2,0,3,13.6167,5730.46
2076,2,0,3,13.6148,5721.35
1356,2,0,3,13.6064,5678.64
1357,2,0,3,13.6057,5674.92
1358,2,0,3,13.5944,5616.55
1352,2,0,3,13.5839,5562.67
1351,2,0,3,13.5736,5508.98
1350,2,0,3,13.5659,5469.4
1414,2,0,3,13.5489,5385.6
2120,2,0,3,13.5391,5333.94
2097,2,0,3,13.5301,5287.4
1415,2,0,3,13.5166,5218.77
1416,2,0,3,13.4987,5131.03
1554,2,0,3,13.4972,5123.21
2079,2,0,3,13.4882,5079.35
2080,2,0,3,13.4723,5000.57
2081,2,0,3,13.4538,4905.91
1207,2,0,3,13.4341,4800.71
2061,2,0,3,13.4257,4753.7
2056,2,0,3,13.38,4491.82
1181,2,0,3,13.3771,4470.14
1180,2,0,3,13.377,4469.77
1179,2,0,3,13.3566,4370.46
1175,2,0,3,13.3347,4255.99
1664,2,0,3,13.3183,4177.21
912,2,0,4,14.1356,8498.38,0.100167,436.897,0.15,5
911,2,0,4,14.1184,8404.3
926,2,0,4,14.0907,8256.88
945,2,0,4,14.0639,8118.66
954,2,0,4,14.0572,8083.73
1297,2,0,4,14.0259,7918.6
1299,2,0,4,14.0204,7887.17
1600,2,0,4,14.0189,7873.72
1599,2,0,4,14.0184,7868.62
1601,2,0,4,14.0141,7836.98
1311,2,0,4,13.9992,7743.49
1319,2,0,4,13.9692,7557.45
1559,2,0,4,13.9655,7532.29
1591,2,0,4,13.9545,7457.43
1560,2,0,4,13.932,7336.77
1589,2,0,4,13.897,7150.29
1603,2,0,4,13.8761,7035.15
429,2,0,5,14.3531,9537.28,0,0,0
886,2,0,5,14.3105,9330.96
888,2,0,5,14.2884,9214.99
903,2,0,5,14.2773,9156.39
904,2,0,5,14.2738,9137.71
902,2,0,5,14.26,9064.47
914,2,0,5,14.2523,9023.02
913,2,0,5,14.2393,8954.26
912,2,0,5,14.2358,8935.28
139,3,0,0,12.5553,1199.67,0.0526667,229.716,0.18,1
140,3,0,0,12.535,1088.05
360,3,0,0,12.4919,860.146
366,3,0,0,12.4747,764.395
2134,3,0,0,12.4625,697.704
2136,3,0,0,12.4504,631.809
393,3,0,0,12.4162,458.416
401,3,0,0,12.4038,390.328
1739,3,0,0,12.3943,338.004
1742,3,0,0,12.3861,296.363
1741,3,0,0,12.3805,265.545
418,3,0,0,12.3727,224.669
2139,3,0,0,12.369,203.706
2138,3,0,0,12.3524,110.515
415,3,0,0,12.352,108.239
429,3,0,0,12.33,0
368,3,0,1,12.7227,2050.78,0.0693333,302.411,0.09,2
367,3,0,1,12.7191,2031.88
361,3,0,1,12.6852,1844.1
360,3,0,1,12.6741,1780.55
140,3,0,1,12.6281,1540.1
139,3,0,1,12.608,1429.39
1664,3,0,2,13.0577,3912.6,0.0606667,264.61,0.08,3
1175,3,0,2,13.0446,3847.19
2054,3,0,2,13.0057,3654.43
743,3,0,2,13.0057,3654.34
739,3,0,2,12.9913,3576.91
1668,3,0,2,12.9749,3488.09
731,3,0,2,12.9654,3436.24
730,3,0,2,12.9647,3432.66
723,3,0,2,12.9313,3256.25
722,3,0,2,12.9181,3164.94
726,3,0,2,12.9071,3089.23
714,3,0,2,12.9069,3087.36
1543,3,0,2,12.9027,3057.4
459,3,0,2,12.8926,2994.3
458,3,0,2,12.8851,2947.96
456,3,0,2,12.8749,2885.89
457,3,0,2,12.8677,2847.54
454,3,0,2,12.8598,2793.42
455,3,0,2,12.8575,2779.2
453,3,0,2,12.8482,2713.61
452,3,0,2,12.8356,2626.11
1990,3,0,2,12.8321,2593.44
462,3,0,2,12.8226,2538.21
461,3,0,2,12.8201,2523.49
460,3,0,2,12.8106,2457.83
372,3,0,2,12.8054,2424.11
368,3,0,2,12.792,2353.19
1603,3,0,3,13.6295,6831.61,0.0466667,203.546,0.03,4
1589,3,0,3,13.6096,6721.05
1590,3,0,3,13.5643,6509.7
1588,3,0,3,13.5457,6405.08
2072,3,0,3,13.5126,6229.19
1323,3,0,3,13.4973,6148.32
1388,3,0,3,13.4965,6144.54
1389,3,0,3,13.4829,6075.64
1382,3,0,3,13.457,5936.31
1362,3,0,3,13.4343,5817.31
1361,3,0,3,13.4292,5790.31
1354,3,0,3,13.4292,5790.12
1355,3,0,3,13.4167,5730.46
2076,3,0,3,13.4148,5721.35
1356,3,0,3,13.4064,5678.64
1357,3,0,3,13.4057,5674.92
1358,3,0,3,13.3944,5616.55
1352,3,0,3,13.3839,5562.67
1351,3,0,3,13.3736,5508.98
1350,3,0,3,13.3659,5469.4
1414,3,0,3,13.3489,5385.6
2120,3,0,3,13.3391,5333.94
2097,3,0,3,13.3301,5287.4
1415,3,0,3,13.3166,5218.77
1416,3,0,3,13.2987,5131.03
1554,3,0,3,13.2972,5123.21
2079,3,0,3,13.2882,5079.35
2080,3,0,3,13.2723,5000.57
2081,3,0,3,13.2538,4905.91
1207,3,0,3,13.2341,4800.71
2061,3,0,3,13.2257,4753.7
2056,3,0,3,13.18,4491.82
1181,3,0,3,13.1771,4470.14
1180,3,0,3,13.177,4469.77
1179,3,0,3,13.1566,4370.46
1175,3,0,3,13.1347,4255.99
1664,3,0,3,13.1183,4177.21
912,3,0,4,13.9356,8498.38,0.1015,442.712,0.14,5
911,3,0,4,13.9184,8404.3
926,3,0,4,13.8907,8256.88
945,3,0,4,13.8639,8118.66
954,3,0,4,13.8572,8083.73
1297,3,0,4,13.8259,7918.6
1299,3,0,4,13.8204,7887.17
1600,3,0,4,13.8189,7873.72
1599,3,0,4,13.8184,7868.62
1601,3,0,4,13.8141,7836.98
1311,3,0,4,13.7992,7743.49
1319,3,0,4,13.7692,7557.45
1559,3,0,4,13.7655,7532.29
1591,3,0,4,13.7545,7457.43
1560,3,0,4,13.732,7336.77
1589,3,0,4,13.697,7150.29
1603,3,0,4,13.6761,7035.15
429,3,0,5,14.1544,9543.09,0,0,0
886,3,0,5,14.1119,9336.77
888,3,0,5,14.0897,9220.81
903,3,0,5,14.0786,9162.21
904,3,0,5,14.0751,9143.53
902,3,0,5,14.0614,9070.29
914,3,0,5,14.0536,9028.83
913,3,0,5,14.0406,8960.08
912,3,0,5,14.0371,8941.1
368,4,0,0,12.7974,949.515,0.0693333,302.411,0.09,1
372,4,0,0,12.7763,846.645
371,4,0,0,12.7579,738.483
2134,4,0,0,12.7525,697.704
2136,4,0,0,12.7404,631.809
393,4,0,0,12.7062,458.416
401,4,0,0,12.6938,390.328
1739,4,0,0,12.6843,338.004
1742,4,0,0,12.6761,296.363
1741,4,0,0,12.6705,265.545
418,4,0,0,12.6627,224.669
2139,4,0,0,12.659,203.706
2138,4,0,0,12.6424,110.515
415,4,0,0,12.642,108.239
429,4,0,0,12.62,0
139,4,0,1,12.9816,1873.91,0.0526667,229.716,0.18,2
140,4,0,1,12.9612,1762.29
360,4,0,1,12.9182,1534.39
361,4,0,1,12.9042,1458.62
367,4,0,1,12.8699,1269.12
368,4,0,1,12.8667,1251.93
912,4,0,2,13.3161,3610.95,0.1015,442.712,0.14,3
900,4,0,2,13.3093,3574.28
882,4,0,2,13.2814,3422.82
880,4,0,2,13.2657,3340.52
881,4,0,2,13.2514,3262.34
1985,4,0,2,13.226,3124.28
409,4,0,2,13.2064,3025.72
397,4,0,2,13.1891,2935.07
390,4,0,2,13.1697,2834.11
382,4,0,2,13.1533,2746.54
376,4,0,2,13.1363,2653.94
369,4,0,2,13.1165,2547.53
360,4,0,2,13.0955,2434.22
140,4,0,2,13.0559,2221.18
139,4,0,2,13.0342,2103.63
1603,4,0,3,13.6956,5558.21,0.0466667,203.546,0.03,4
1589,4,0,3,13.6755,5446.42
1560,4,0,3,13.642,5266.21
1591,4,0,3,13.6243,5166.33
1559,4,0,3,13.6067,5071.34
1319,4,0,3,13.5997,5035.1
1311,4,0,3,13.569,4848.09
1312,4,0,3,13.5541,4771.08
1306,4,0,3,13.554,4770.72
1301,4,0,3,13.539,4691.53
2024,4,0,3,13.5292,4637.84
2025,4,0,3,13.5175,4570.95
1598,4,0,3,13.5126,4545.57
948,4,0,3,13.5079,4519.53
928,4,0,3,13.497,4460.1
923,4,0,3,13.4619,4283.84
924,4,0,3,13.4536,4244.52
914,4,0,3,13.4334,4138.47
913,4,0,3,13.421,4072.15
912,4,0,3,13.4176,4053.67
1664,4,0,4,14.231,8310.94,0.0496667,216.631,0.07,5
1172,4,0,4,14.2023,8168.41
1023,4,0,4,14.1732,8012.73
1021,4,0,4,14.1585,7935.62
1022,4,0,4,14.1546,7916.39
1020,4,0,4,14.146,7872.97
1019,4,0,4,14.1389,7836.33
1047,4,0,4,14.1338,7811.73
1065,4,0,4,14.1176,7715.51
1064,4,0,4,14.1109,7682.25
1062,4,0,4,14.1046,7650.03
1063,4,0,4,14.1016,7635.67
1061,4,0,4,14.098,7617.18
1080,4,0,4,14.0916,7584.36
1081,4,0,4,14.0813,7529.96
1098,4,0,4,14.0746,7495.19
1097,4,0,4,14.0668,7457.45
2037,4,0,4,14.0447,7345.03
1132,4,0,4,14.0354,7296.72
1135,4,0,4,14.0287,7262.65
2049,4,0,4,14.0237,7236.38
1159,4,0,4,14.0039,7132.73
1160,4,0,4,13.9903,7063.85
1330,4,0,4,13.986,7041.28
1339,4,0,4,13.9629,6922.29
1340,4,0,4,13.9582,6897.65
1348,4,0,4,13.9577,6895.1
1349,4,0,4,13.9567,6889.97
1357,4,0,4,13.9446,6827.36
1356,4,0,4,13.9438,6823.64
2076,4,0,4,13.9383,6793.24
1355,4,0,4,13.937,6786.49
1364,4,0,4,13.937,6786.28
1362,4,0,4,13.9269,6733.04
1382,4,0,4,13.9093,6635.81
1389,4,0,4,13.8814,6488.15
1388,4,0,4,13.8729,6441.13
1323,4,0,4,13.8722,6437.34
2072,4,0,4,13.8451,6307.71
1588,4,0,4,13.8119,6131.5
1590,4,0,4,13.7906,6015.26
1589,4,0,4,13.7632,5876.89
1603,4,0,4,13.7423,5761.75
429,4,0,5,14.5985,10264.4,0,0,0
1988,4,0,5,14.5677,10111.3
417,4,0,5,14.5444,9994.71
418,4,0,5,14.5411,9976.9
419,4,0,5,14.5253,9889.9
423,4,0,5,14.5207,9855.46
609,4,0,5,14.5148,9799.14
628,4,0,5,14.5055,9725.01
561,4,0,5,14.5019,9700.48
557,4,0,5,14.4947,9653.52
554,4,0,5,14.4926,9643.03
565,4,0,5,14.4844,9597.4
573,4,0,5,14.4791,9570.81
574,4,0,5,14.4705,9519.78
580,4,0,5,14.4495,9410.14
596,4,0,5,14.4433,9350.29
595,4,0,5,14.439,9322.95
603,4,0,5,14.434,9297.15
552,4,0,5,14.4001,9130.97
1800,4,0,5,14.3918,9088.24
755,4,0,5,14.3754,9005.98
708,4,0,5,14.3593,8923.26
996,4,0,5,14.3588,8921.04
1671,4,0,5,14.3359,8804.73
1165,4,0,5,14.3254,8752.21
1799,4,0,5,14.3163,8706.1
1172,4,0,5,14.3087,8667.12
1664,4,0,5,14.2807,8527.58
368,5,0,0,12.5474,949.515,0.0693333,302.411,0.09,1
372,5,0,0,12.5263,846.645
371,5,0,0,12.5079,738.483
2134,5,0,0,12.5025,697.704
2136,5,0,0,12.4904,631.809
393,5,0,0,12.4562,458.416
401,5,0,0,12.4438,390.328
1739,5,0,0,12.4343,338.004
1742,5,0,0,12.4261,296.363
1741,5,0,0,12.4205,265.545
418,5,0,0,12.4127,224.669
2139,5,0,0,12.409,203.706
2138,5,0,0,12.3924,110.515
415,5,0,0,12.392,108.239
429,5,0,0,12.37,0
139,5,0,1,12.7316,1873.91,0.0526667,229.716,0.18,2
140,5,0,1,12.7112,1762.29
360,5,0,1,12.6682,1534.39
361,5,0,1,12.6542,1458.62
367,5,0,1,12.6199,1269.12
368,5,0,1,12.6167,1251.93
1603,5,0,2,13.2856,4916.14,0.0466667,203.546,0.03,3
1589,5,0,2,13.2621,4789.8
1560,5,0,2,13.2282,4607.79
1591,5,0,2,13.2072,4493.6
1559,5,0,2,13.187,4388.02
1319,5,0,2,13.1814,4357.29
1318,5,0,2,13.1737,4314.51
1292,5,0,2,13.173,4310.78
1285,5,0,2,13.1403,4122.23
1310,5,0,2,13.1396,4118.91
1553,5,0,2,13.1158,3991.47
1298,5,0,2,13.112,3970.39
2176,5,0,2,13.1056,3931.36
2066,5,0,2,13.0955,3864.37
869,5,0,2,13.0863,3789.22
1856,5,0,2,13.0797,3744.23
855,5,0,2,13.0796,3743.52
843,5,0,2,13.057,3627.46
832,5,0,2,13.0467,3566.99
831,5,0,2,13.0408,3534.93
2153,5,0,2,13.0408,3534.85
821,5,0,2,13.0292,3475.28
2008,5,0,2,13.0207,3432.49
812,5,0,2,13.0027,3334.79
807,5,0,2,13.0026,3334
356,5,0,2,12.9864,3249.2
1981,5,0,2,12.9742,3165.69
345,5,0,2,12.954,3062.11
341,5,0,2,12.9446,3012.14
2132,5,0,2,12.9444,3010.09
328,5,0,2,12.9277,2914.55
2115,5,0,2,12.9177,2861.35
329,5,0,2,12.914,2841.31
1979,5,0,2,12.9067,2805.85
1978,5,0,2,12.8668,2581.85
107,5,0,2,12.8587,2528.12
1967,5,0,2,12.8557,2499.42
105,5,0,2,12.8309,2350.97
136,5,0,2,12.7984,2178.29
139,5,0,2,12.7842,2103.63
912,5,0,3,13.5917,6582.92,0.1015,442.712,0.14,4
911,5,0,3,13.5745,6488.83
926,5,0,3,13.5468,6341.41
945,5,0,3,13.52,6203.2
954,5,0,3,13.5133,6168.26
1297,5,0,3,13.482,6003.14
1299,5,0,3,13.4765,5971.7
1600,5,0,3,13.475,5958.25
1599,5,0,3,13.4745,5953.15
1601,5,0,3,13.4702,5921.52
1311,5,0,3,13.4553,5828.02
1319,5,0,3,13.4253,5641.99
1559,5,0,3,13.4216,5616.82
1591,5,0,3,13.4106,5541.96
1560,5,0,3,13.3881,5421.3
1589,5,0,3,13.3531,5234.83
1603,5,0,3,13.3323,5119.69
1664,5,0,4,14.0434,8817.31,0.0496667,216.631,0.07,5
1172,5,0,4,14.0147,8674.78
1023,5,0,4,13.9855,8519.1
1021,5,0,4,13.9709,8441.99
1022,5,0,4,13.967,8422.77
1020,5,0,4,13.9584,8379.34
1019,5,0,4,13.9513,8342.7
1047,5,0,4,13.9462,8318.1
1048,5,0,4,13.9337,8256.17
2159,5,0,4,13.9306,8240.77
1045,5,0,4,13.9299,8237.62
1043,5,0,4,13.9266,8220.94
2158,5,0,4,13.92,8187.13
2030,5,0,4,13.916,8167.3
1041,5,0,4,13.9104,8138.81
1039,5,0,4,13.9014,8093.09
1037,5,0,4,13.8885,8032.14
1034,5,0,4,13.8788,7981.93
2032,5,0,4,13.8633,7904.34
1050,5,0,4,13.8344,7759.89
1804,5,0,4,13.8213,7693.87
2015,5,0,4,13.8101,7637.66
2014,5,0,4,13.8019,7596.66
2017,5,0,4,13.8007,7590.96
2170,5,0,4,13.7979,7576.31
917,5,0,4,13.7917,7545.33
916,5,0,4,13.7915,7544.42
906,5,0,4,13.7656,7411.33
905,5,0,4,13.7526,7342.78
903,5,0,4,13.7337,7242.37
904,5,0,4,13.7303,7223.99
902,5,0,4,13.7166,7151.25
914,5,0,4,13.7091,7110.43
913,5,0,4,13.6966,7044.12
912,5,0,4,13.6932,7025.63
429,5,0,5,14.4109,10770.8,0,0,0
1988,5,0,5,14.3801,10617.6
417,5,0,5,14.3568,10501.1
418,5,0,5,14.3535,10483.3
419,5,0,5,14.3377,10396.3
423,5,0,5,14.3331,10361.8
609,5,0,5,14.3272,10305.5
628,5,0,5,14.3179,10231.4
561,5,0,5,14.3142,10206.9
557,5,0,5,14.307,10159.9
554,5,0,5,14.305,10149.4
565,5,0,5,14.2968,10103.8
573,5,0,5,14.2915,10077.2
574,5,0,5,14.2829,10026.1
580,5,0,5,14.2618,9916.51
596,5,0,5,14.2557,9856.66
595,5,0,5,14.2514,9829.32
603,5,0,5,14.2464,9803.52
552,5,0,5,14.2125,9637.34
1800,5,0,5,14.2042,9594.61
755,5,0,5,14.1878,9512.35
708,5,0,5,14.1717,9429.63
996,5,0,5,14.1712,9427.41
1671,5,0,5,14.1483,9311.1
1165,5,0,5,14.1377,9258.58
1799,5,0,5,14.1287,9212.47
1172,5,0,5,14.1211,9173.49
1664,5,0,5,14.0931,9033.95
1603,6,0,0,12.9281,2099.86,0.100667,439.078,0.02,1
1589,6,0,0,12.9044,1972.8
1590,6,0,0,12.8819,1855.1
1588,6,0,0,12.8648,1754.31
2072,6,0,0,12.8285,1565.07
1317,6,0,0,12.8117,1471.73
2071,6,0,0,12.7991,1401.63
2165,6,0,0,12.7778,1288.62
1314,6,0,0,12.7601,1195.69
2163,6,0,0,12.747,1122.9
2023,6,0,0,12.721,981.514
1787,6,0,0,12.7134,942.309
1788,6,0,0,12.7126,938.605
943,6,0,0,12.6932,843.561
934,6,0,0,12.683,789.512
933,6,0,0,12.6743,742.527
936,6,0,0,12.6737,739.587
1737,6,0,0,12.6635,681.832
917,6,0,0,12.6502,613.382
916,6,0,0,12.65,612.474
906,6,0,0,12.6265,489.235
889,6,0,0,12.6154,431.93
890,6,0,0,12.6026,370.628
2013,6,0,0,12.5772,242.228
1988,6,0,0,12.5559,132.785
429,6,0,0,12.53,0
912,6,0,1,13.2882,4002.17,0.1015,442.712,0.14,2
911,6,0,1,13.271,3908.09
926,6,0,1,13.2433,3760.67
945,6,0,1,13.2165,3622.45
954,6,0,1,13.2098,3587.52
1297,6,0,1,13.1785,3422.39
1299,6,0,1,13.173,3390.96
1600,6,0,1,13.1715,3377.51
1599,6,0,1,13.171,3372.41
1601,6,0,1,13.1667,3340.77
1311,6,0,1,13.1518,3247.28
1319,6,0,1,13.1218,3061.24
1559,6,0,1,13.1181,3036.08
1591,6,0,1,13.1071,2961.22
1560,6,0,1,13.0846,2840.56
1589,6,0,1,13.0496,2654.08
1603,6,0,1,13.0287,2538.94
368,6,0,2,13.6404,5799.21,0.0923333,402.73,0.09,3
372,6,0,2,13.6274,5730.19
371,6,0,2,13.6118,5625.67
2134,6,0,2,13.6062,5584.86
2136,6,0,2,13.5943,5519.94
393,6,0,2,13.5652,5368.06
401,6,0,2,13.5504,5289.59
1739,6,0,2,13.5412,5238.57
1742,6,0,2,13.5323,5194.07
1741,6,0,2,13.5264,5161.58
418,6,0,2,13.5187,5121.53
417,6,0,2,13.5159,5105.88
1989,6,0,2,13.4994,5019.46
2011,6,0,2,13.4816,4926.27
2156,6,0,2,13.4764,4898.95
2013,6,0,2,13.4757,4895.79
886,6,0,2,13.4638,4837.61
888,6,0,2,13.444,4731.5
903,6,0,2,13.4302,4661.62
904,6,0,2,13.4268,4643.24
902,6,0,2,13.4131,4570.51
914,6,0,2,13.4056,4529.69
913,6,0,2,13.3931,4463.37
912,6,0,2,13.3897,4444.89
1664,6,0,3,14.015,7827.43,0.0496667,216.631,0.07,4
1175,6,0,3,14.0031,7767
2054,6,0,3,13.9519,7523.5
743,6,0,3,13.9518,7523.41
739,6,0,3,13.939,7452.96
1668,6,0,3,13.9201,7353.51
731,6,0,3,13.9091,7294.84
730,6,0,3,13.9084,7291.37
723,6,0,3,13.8739,7110.41
722,6,0,3,13.8609,7019.2
726,6,0,3,13.8457,6934.54
714,6,0,3,13.8455,6932.67
1543,6,0,3,13.8397,6900.23
459,6,0,3,13.8296,6837.04
458,6,0,3,13.8229,6791.64
456,6,0,3,13.8143,6731.24
457,6,0,3,13.8083,6698.19
454,6,0,3,13.8006,6644.21
455,6,0,3,13.7979,6629.25
453,6,0,3,13.7893,6563.79
452,6,0,3,13.7771,6476.47
1990,6,0,3,13.7736,6443.68
462,6,0,3,13.7651,6389.87
461,6,0,3,13.7628,6375.5
460,6,0,3,13.7523,6308.94
372,6,0,3,13.7465,6274.29
368,6,0,3,13.7327,6201.94
429,6,0,4,14.3825,9780.9,0,0,0
1988,6,0,4,14.3517,9627.76
417,6,0,4,14.3284,9511.19
418,6,0,4,14.3251,9493.38
419,6,0,4,14.3093,9406.38
423,6,0,4,14.3047,9371.94
609,6,0,4,14.2988,9315.62
628,6,0,4,14.2895,9241.5
561,6,0,4,14.2858,9216.97
557,6,0,4,14.2786,9170
554,6,0,4,14.2766,9159.51
565,6,0,4,14.2684,9113.88
573,6,0,4,14.2631,9087.29
574,6,0,4,14.2545,9036.26
580,6,0,4,14.2334,8926.63
596,6,0,4,14.2273,8866.77
595,6,0,4,14.223,8839.43
603,6,0,4,14.218,8813.63
552,6,0,4,14.1841,8647.46
1800,6,0,4,14.1758,8604.72
755,6,0,4,14.1594,8522.47
708,6,0,4,14.1433,8439.74
996,6,0,4,14.1428,8437.53
1671,6,0,4,14.1199,8321.21
1165,6,0,4,14.1093,8268.7
1799,6,0,4,14.1003,8222.58
1172,6,0,4,14.0927,8183.6
1664,6,0,4,14.0647,8044.06
139,6,1,0,12.9853,1199.67,0.0526667,229.716,0.18,1
140,6,1,0,12.965,1088.05
360,6,1,0,12.9219,860.146
366,6,1,0,12.9047,764.395
2134,6,1,0,12.8925,697.704
2136,6,1,0,12.8804,631.809
393,6,1,0,12.8462,458.416
401,6,1,0,12.8338,390.328
1739,6,1,0,12.8243,338.004
1742,6,1,0,12.8161,296.363
1741,6,1,0,12.8105,265.545
418,6,1,0,12.8027,224.669
2139,6,1,0,12.799,203.706
2138,6,1,0,12.7824,110.515
415,6,1,0,12.782,108.239
429,6,1,0,12.76,0
429,6,1,1,13.2593,2607.06,0,0,0
1988,6,1,1,13.2329,2472.4
417,6,1,1,13.2092,2354.31
418,6,1,1,13.2059,2336.54
1741,6,1,1,13.1994,2301.33
1740,6,1,1,13.1953,2279.09
1739,6,1,1,13.1901,2250.49
401,6,1,1,13.1792,2192.1
393,6,1,1,13.166,2120.63
2136,6,1,1,13.1432,1995.72
2134,6,1,1,13.1319,1933.38
360,6,1,1,13.0992,1759.98
140,6,1,1,13.0597,1546.94
139,6,1,1,13.038,1429.39
