Node, Individual, Route,Segment, Travel time, Travel cost, Attention time, Attention cost, Failure rate, Demand
912,0,0,0,12.9993,662.175,0.0361667,157.748,0.15,1
913,0,0,0,12.9963,645.262
914,0,0,0,12.9859,587.538
902,0,0,0,12.9796,552.537
887,0,0,0,12.963,467.238
2012,0,0,0,12.9455,375.593
884,0,0,0,12.941,352.657
1987,0,0,0,12.9036,162.675
428,0,0,0,12.8986,137.306
429,0,0,0,12.87,0
1603,0,0,1,13.3135,2324.47,0.0466667,203.546,0.03,2
1589,0,0,1,13.2934,2212.68
1560,0,0,1,13.2599,2032.47
1591,0,0,1,13.2423,1932.59
1559,0,0,1,13.2246,1837.6
1319,0,0,1,13.2176,1801.36
1311,0,0,1,13.1869,1614.35
1312,0,0,1,13.1721,1537.34
1306,0,0,1,13.172,1536.98
1301,0,0,1,13.1569,1457.79
2024,0,0,1,13.1472,1404.1
2025,0,0,1,13.1354,1337.21
1598,0,0,1,13.1305,1311.82
948,0,0,1,13.1258,1285.79
928,0,0,1,13.115,1226.36
923,0,0,1,13.0798,1050.1
924,0,0,1,13.0715,1010.78
914,0,0,1,13.0513,904.723
913,0,0,1,13.0389,838.408
912,0,0,1,13.0355,819.923
1664,0,0,2,13.849,5077.2,0.0606667,264.61,0.08,3
1172,0,0,2,13.8202,4934.67
1023,0,0,2,13.7911,4778.98
1021,0,0,2,13.7764,4701.88
1022,0,0,2,13.7726,4682.65
1020,0,0,2,13.764,4639.22
1019,0,0,2,13.7568,4602.59
1047,0,0,2,13.7517,4577.99
1065,0,0,2,13.7355,4481.77
1064,0,0,2,13.7289,4448.51
1062,0,0,2,13.7225,4416.29
1063,0,0,2,13.7195,4401.93
1061,0,0,2,13.7159,4383.44
1080,0,0,2,13.7095,4350.62
1081,0,0,2,13.6992,4296.22
1098,0,0,2,13.6926,4261.45
1097,0,0,2,13.6848,4223.7
2037,0,0,2,13.6626,4111.29
1132,0,0,2,13.6534,4062.97
1135,0,0,2,13.6466,4028.91
2049,0,0,2,13.6416,4002.64
1159,0,0,2,13.6219,3898.99
1160,0,0,2,13.6083,3830.11
1330,0,0,2,13.604,3807.54
1339,0,0,2,13.5808,3688.55
1340,0,0,2,13.5762,3663.91
1348,0,0,2,13.5757,3661.36
1349,0,0,2,13.5746,3656.23
1357,0,0,2,13.5625,3593.62
1356,0,0,2,13.5617,3589.9
2076,0,0,2,13.5562,3559.5
1355,0,0,2,13.5549,3552.75
1364,0,0,2,13.5549,3552.54
1362,0,0,2,13.5448,3499.29
1382,0,0,2,13.5272,3402.07
1389,0,0,2,13.4993,3254.41
1388,0,0,2,13.4909,3207.39
1323,0,0,2,13.4901,3203.6
2072,0,0,2,13.463,3073.97
1588,0,0,2,13.4298,2897.76
1590,0,0,2,13.4085,2781.51
1589,0,0,2,13.3811,2643.15
1603,0,0,2,13.3602,2528.01
368,0,0,3,14.1584,6824.22,0.0801667,349.663,0.1,4
451,0,0,3,14.137,6706.92
1716,0,0,3,14.1346,6690.5
462,0,0,3,14.1274,6651.68
1990,0,0,3,14.1196,6598.64
452,0,0,3,14.1156,6566.56
453,0,0,3,14.1048,6479.14
455,0,0,3,14.0935,6411.33
454,0,0,3,14.0903,6393.95
457,0,0,3,14.0837,6339.88
456,0,0,3,14.0788,6310.84
458,0,0,3,14.0696,6249.93
459,0,0,3,14.0629,6204.58
1543,0,0,3,14.0544,6142.77
715,0,0,3,14.0493,6098.93
716,0,0,3,14.036,6024.57
722,0,0,3,14.0355,6021.76
724,0,0,3,14.0113,5878.4
728,0,0,3,14.0017,5813.25
731,0,0,3,13.9912,5754.43
730,0,0,3,13.9906,5750.97
2003,0,0,3,13.9631,5615.32
2147,0,0,3,13.9524,5557.94
743,0,0,3,13.9489,5540.9
2054,0,0,3,13.9488,5540.81
1166,0,0,3,13.938,5485.95
1664,0,0,3,13.9096,5341.81
139,0,0,4,14.3552,7801.69,0.102667,447.801,0.25,5
140,0,0,4,14.3344,7688.04
360,0,0,4,14.2957,7478.44
361,0,0,4,14.2832,7409.57
367,0,0,4,14.2494,7221.77
368,0,0,4,14.2386,7173.88
429,0,0,5,14.6759,9405.92,0,0,0
415,0,0,5,14.6536,9296.23
2138,0,0,5,14.6534,9295.2
411,0,0,5,14.6402,9221.97
400,0,0,5,14.6226,9134.11
391,0,0,5,14.6052,9042.58
383,0,0,5,14.5861,8942.8
382,0,0,5,14.5724,8872.49
376,0,0,5,14.5567,8785.38
369,0,0,5,14.5394,8690.19
360,0,0,5,14.5179,8574.6
140,0,0,5,14.4778,8359.37
139,0,0,5,14.4579,8249.49
912,1,0,0,12.6793,662.175,0.0361667,157.748,0.15,1
913,1,0,0,12.6763,645.262
914,1,0,0,12.6659,587.538
902,1,0,0,12.6596,552.537
887,1,0,0,12.643,467.238
2012,1,0,0,12.6255,375.593
884,1,0,0,12.621,352.657
1987,1,0,0,12.5836,162.675
428,1,0,0,12.5786,137.306
429,1,0,0,12.55,0
1603,1,0,1,13.0043,2358.51,0.0466667,203.546,0.03,2
1589,1,0,1,12.9806,2231.45
1560,1,0,1,12.9469,2050.34
1591,1,0,1,12.928,1945.25
1559,1,0,1,12.9091,1844.92
1320,1,0,1,12.9048,1822.71
1602,1,0,1,12.8879,1735.77
1312,1,0,1,12.8649,1606.65
1306,1,0,1,12.8648,1606.28
1599,1,0,1,12.8472,1509.83
1300,1,0,1,12.8429,1483.41
1298,1,0,1,12.8375,1454.23
1297,1,0,1,12.8352,1441.75
954,1,0,1,12.7981,1251.86
945,1,0,1,12.791,1215.2
926,1,0,1,12.7635,1074.52
911,1,0,1,12.7401,945.28
912,1,0,1,12.7155,819.923
1664,1,0,2,13.5397,5111.25,0.0606667,264.61,0.08,3
1172,1,0,2,13.511,4968.72
1023,1,0,2,13.4818,4813.03
1021,1,0,2,13.4672,4735.93
1022,1,0,2,13.4633,4716.7
1020,1,0,2,13.4547,4673.27
1019,1,0,2,13.4475,4636.64
1047,1,0,2,13.4424,4612.04
1065,1,0,2,13.4262,4515.81
1064,1,0,2,13.4196,4482.56
1062,1,0,2,13.4132,4450.34
1063,1,0,2,13.4103,4435.98
1061,1,0,2,13.4067,4417.49
1080,1,0,2,13.4003,4384.67
1081,1,0,2,13.39,4330.27
1098,1,0,2,13.3833,4295.5
1097,1,0,2,13.3755,4257.75
2037,1,0,2,13.3534,4145.34
1132,1,0,2,13.3441,4097.02
1135,1,0,2,13.3373,4062.96
2049,1,0,2,13.3324,4036.69
1159,1,0,2,13.3126,3933.03
1160,1,0,2,13.299,3864.16
1330,1,0,2,13.2947,3841.59
1339,1,0,2,13.2715,3722.6
1340,1,0,2,13.2669,3697.95
1348,1,0,2,13.2664,3695.41
1349,1,0,2,13.2654,3690.27
1357,1,0,2,13.2532,3627.67
1356,1,0,2,13.2525,3623.95
2076,1,0,2,13.2469,3593.54
1355,1,0,2,13.2457,3586.8
1364,1,0,2,13.2456,3586.59
1362,1,0,2,13.2355,3533.34
1382,1,0,2,13.2179,3436.12
1389,1,0,2,13.1901,3288.46
1388,1,0,2,13.1816,3241.43
1323,1,0,2,13.1808,3237.65
2072,1,0,2,13.1537,3108.02
1588,1,0,2,13.1206,2931.81
1590,1,0,2,13.0993,2815.56
1589,1,0,2,13.0718,2677.2
1603,1,0,2,13.0509,2562.06
139,1,0,3,13.9448,7408.73,0.0406667,177.376,0.22,4
140,1,0,3,13.9213,7283.54
360,1,0,3,13.8809,7066.94
366,1,0,3,13.8625,6966.33
371,1,0,3,13.8522,6907.32
372,1,0,3,13.8373,6803.33
460,1,0,3,13.8315,6768.68
461,1,0,3,13.8197,6700.1
462,1,0,3,13.8181,6685.72
1990,1,0,3,13.8103,6632.69
452,1,0,3,13.8063,6600.61
453,1,0,3,13.7956,6513.19
455,1,0,3,13.7842,6445.38
454,1,0,3,13.781,6428
457,1,0,3,13.7745,6373.93
456,1,0,3,13.7695,6344.89
458,1,0,3,13.7603,6283.98
459,1,0,3,13.7537,6238.63
1543,1,0,3,13.7451,6176.82
715,1,0,3,13.74,6132.98
716,1,0,3,13.7268,6058.62
722,1,0,3,13.7262,6055.8
724,1,0,3,13.702,5912.44
728,1,0,3,13.6924,5847.3
731,1,0,3,13.6819,5788.48
730,1,0,3,13.6813,5785.02
2003,1,0,3,13.6538,5649.37
2147,1,0,3,13.6431,5591.98
743,1,0,3,13.6396,5574.95
2054,1,0,3,13.6396,5574.86
1166,1,0,3,13.6288,5520
1664,1,0,3,13.6004,5375.86
368,1,0,4,14.0929,8180.53,0.0801667,349.663,0.1,5
367,1,0,4,14.0878,8155.33
361,1,0,4,14.0563,7977.94
360,1,0,4,14.0467,7916.69
140,1,0,4,14.0071,7703.65
139,1,0,4,13.9854,7586.1
429,1,0,5,14.3405,9449.87,0,0,0
1988,1,0,5,14.312,9306.25
417,1,0,5,14.2868,9181.86
418,1,0,5,14.2841,9166.5
1741,1,0,5,14.2779,9132.6
1740,1,0,5,14.2742,9112.31
1739,1,0,5,14.2689,9083.4
401,1,0,5,14.2591,9029.45
393,1,0,5,14.2461,8958.96
2136,1,0,5,14.2211,8824.47
2134,1,0,5,14.2086,8757.13
371,1,0,5,14.2033,8716.34
372,1,0,5,14.1892,8612.63
368,1,0,5,14.1731,8530.2
139,2,0,0,12.6553,1199.67,0.0526667,229.716,0.18,1
140,2,0,0,12.635,1088.05
360,2,0,0,12.5919,860.146
366,2,0,0,12.5747,764.395
2134,2,0,0,12.5625,697.704
2136,2,0,0,12.5504,631.809
393,2,0,0,12.5162,458.416
401,2,0,0,12.5038,390.328
1739,2,0,0,12.4943,338.004
1742,2,0,0,12.4861,296.363
1741,2,0,0,12.4805,265.545
418,2,0,0,12.4727,224.669
2139,2,0,0,12.469,203.706
2138,2,0,0,12.4524,110.515
415,2,0,0,12.452,108.239
429,2,0,0,12.43,0
368,2,0,1,12.8227,2050.78,0.0693333,302.411,0.09,2
367,2,0,1,12.8191,2031.88
361,2,0,1,12.7852,1844.1
360,2,0,1,12.7741,1780.55
140,2,0,1,12.7281,1540.1
139,2,0,1,12.708,1429.39
1664,2,0,2,13.1577,3912.6,0.0606667,264.61,0.08,3
1175,2,0,2,13.1446,3847.19
2054,2,0,2,13.1057,3654.43
743,2,0,2,13.1057,3654.34
739,2,0,2,13.0913,3576.91
1668,2,0,2,13.0749,3488.09
731,2,0,2,13.0654,3436.24
730,2,0,2,13.0647,3432.66
723,2,0,2,13.0313,3256.25
722,2,0,2,13.0181,3164.94
726,2,0,2,13.0071,3089.23
714,2,0,2,13.0069,3087.36
1543,2,0,2,13.0027,3057.4
459,2,0,2,12.9926,2994.3
458,2,0,2,12.9851,2947.96
456,2,0,2,12.9749,2885.89
457,2,0,2,12.9677,2847.54
454,2,0,2,12.9598,2793.42
455,2,0,2,12.9575,2779.2
453,2,0,2,12.9482,2713.61
452,2,0,2,12.9356,2626.11
1990,2,0,2,12.9321,2593.44
462,2,0,2,12.9226,2538.21
461,2,0,2,12.9201,2523.49
460,2,0,2,12.9106,2457.83
372,2,0,2,12.9054,2424.11
368,2,0,2,12.892,2353.19
1603,2,0,3,13.7295,6831.61,0.0466667,203.546,0.03,4
1589,2,0,3,13.7097,6721.05
1590,2,0,3,13.6643,6509.7
1588,2,0,3,13.6457,6405.08
2072,2,0,3,13.6126,6229.19
1323,2,0,3,13.5973,6148.32
1388,2,0,3,13.5965,6144.54
1389,2,0,3,13.5829,6075.64
1382,2,0,3,13.557,5936.31
1362,2,0,3,13.5343,5817.31
1361,2,0,3,13.5292,5790.31
1354,2,0,3,13.5292,5790.12
1355,2,0,3,13.5167,5730.46
2076,2,0,3,13.5148,5721.35
1356,2,0,3,13.5064,5678.64
1357,2,0,3,13.5057,5674.92
1358,2,0,3,13.4944,5616.55
1352,2,0,3,13.4839,5562.67
1351,2,0,3,13.4736,5508.98
1350,2,0,3,13.4659,5469.4
1414,2,0,3,13.4489,5385.6
2120,2,0,3,13.4391,5333.94
2097,2,0,3,13.4301,5287.4
1415,2,0,3,13.4166,5218.77
1416,2,0,3,13.3987,5131.03
1554,2,0,3,13.3972,5123.21
2079,2,0,3,13.3882,5079.35
2080,2,0,3,13.3723,5000.57
2081,2,0,3,13.3538,4905.91
1207,2,0,3,13.3341,4800.71
2061,2,0,3,13.3257,4753.7
2056,2,0,3,13.28,4491.82
1181,2,0,3,13.2771,4470.14
1180,2,0,3,13.277,4469.77
1179,2,0,3,13.2566,4370.46
1175,2,0,3,13.2347,4255.99
1664,2,0,3,13.2183,4177.21
912,2,0,4,14.0356,8498.38,0.100167,436.897,0.15,5
911,2,0,4,14.0184,8404.3
926,2,0,4,13.9907,8256.88
945,2,0,4,13.9639,8118.66
954,2,0,4,13.9572,8083.73
1297,2,0,4,13.9259,7918.6
1299,2,0,4,13.9204,7887.17
1600,2,0,4,13.9189,7873.72
1599,2,0,4,13.9184,7868.62
1601,2,0,4,13.9141,7836.98
1311,2,0,4,13.8992,7743.49
1319,2,0,4,13.8692,7557.45
1559,2,0,4,13.8655,7532.29
1591,2,0,4,13.8545,7457.43
1560,2,0,4,13.832,7336.77
1589,2,0,4,13.797,7150.29
1603,2,0,4,13.7761,7035.15
429,2,0,5,14.2531,9537.28,0,0,0
886,2,0,5,14.2105,9330.96
888,2,0,5,14.1884,9214.99
903,2,0,5,14.1773,9156.39
904,2,0,5,14.1738,9137.71
902,2,0,5,14.16,9064.47
914,2,0,5,14.1523,9023.02
913,2,0,5,14.1393,8954.26
912,2,0,5,14.1358,8935.28
139,3,0,0,12.6053,1199.67,0.0526667,229.716,0.18,1
140,3,0,0,12.585,1088.05
360,3,0,0,12.5419,860.146
366,3,0,0,12.5247,764.395
2134,3,0,0,12.5125,697.704
2136,3,0,0,12.5004,631.809
393,3,0,0,12.4662,458.416
401,3,0,0,12.4538,390.328
1739,3,0,0,12.4443,338.004
1742,3,0,0,12.4361,296.363
1741,3,0,0,12.4305,265.545
418,3,0,0,12.4227,224.669
2139,3,0,0,12.419,203.706
2138,3,0,0,12.4024,110.515
415,3,0,0,12.402,108.239
429,3,0,0,12.38,0
368,3,0,1,12.7727,2050.78,0.0693333,302.411,0.09,2
367,3,0,1,12.7691,2031.88
361,3,0,1,12.7352,1844.1
360,3,0,1,12.7241,1780.55
140,3,0,1,12.6781,1540.1
139,3,0,1,12.658,1429.39
1664,3,0,2,13.1077,3912.6,0.0606667,264.61,0.08,3
1175,3,0,2,13.0946,3847.19
2054,3,0,2,13.0557,3654.43
743,3,0,2,13.0557,3654.34
739,3,0,2,13.0413,3576.91
1668,3,0,2,13.0249,3488.09
731,3,0,2,13.0154,3436.24
730,3,0,2,13.0147,3432.66
723,3,0,2,12.9813,3256.25
722,3,0,2,12.9681,3164.94
726,3,0,2,12.9571,3089.23
714,3,0,2,12.9569,3087.36
1543,3,0,2,12.9527,3057.4
459,3,0,2,12.9426,2994.3
458,3,0,2,12.9351,2947.96
456,3,0,2,12.9249,2885.89
457,3,0,2,12.9177,2847.54
454,3,0,2,12.9098,2793.42
455,3,0,2,12.9075,2779.2
453,3,0,2,12.8982,2713.61
452,3,0,2,12.8856,2626.11
1990,3,0,2,12.8821,2593.44
462,3,0,2,12.8726,2538.21
461,3,0,2,12.8701,2523.49
460,3,0,2,12.8606,2457.83
372,3,0,2,12.8554,2424.11
368,3,0,2,12.842,2353.19
1603,3,0,3,13.6795,6831.61,0.0466667,203.546,0.03,4
1589,3,0,3,13.6596,6721.05
1590,3,0,3,13.6143,6509.7
1588,3,0,3,13.5957,6405.08
2072,3,0,3,13.5626,6229.19
1323,3,0,3,13.5473,6148.32
1388,3,0,3,13.5465,6144.54
1389,3,0,3,13.5329,6075.64
1382,3,0,3,13.507,5936.31
1362,3,0,3,13.4843,5817.31
1361,3,0,3,13.4792,5790.31
1354,3,0,3,13.4792,5790.12
1355,3,0,3,13.4667,5730.46
2076,3,0,3,13.4648,5721.35
1356,3,0,3,13.4564,5678.64
1357,3,0,3,13.4557,5674.92
1358,3,0,3,13.4444,5616.55
1352,3,0,3,13.4339,5562.67
1351,3,0,3,13.4236,5508.98
1350,3,0,3,13.4159,5469.4
1414,3,0,3,13.3989,5385.6
2120,3,0,3,13.3891,5333.94
2097,3,0,3,13.3801,5287.4
1415,3,0,3,13.3666,5218.77
1416,3,0,3,13.3487,5131.03
1554,3,0,3,13.3472,5123.21
2079,3,0,3,13.3382,5079.35
2080,3,0,3,13.3223,5000.57
2081,3,0,3,13.3038,4905.91
1207,3,0,3,13.2841,4800.71
2061,3,0,3,13.2757,4753.7
2056,3,0,3,13.23,4491.82
1181,3,0,3,13.2271,4470.14
1180,3,0,3,13.227,4469.77
1179,3,0,3,13.2066,4370.46
1175,3,0,3,13.1847,4255.99
1664,3,0,3,13.1683,4177.21
912,3,0,4,13.9856,8498.38,0.1015,442.712,0.14,5
911,3,0,4,13.9684,8404.3
926,3,0,4,13.9407,8256.88
945,3,0,4,13.9139,8118.66
954,3,0,4,13.9072,8083.73
1297,3,0,4,13.8759,7918.6
1299,3,0,4,13.8704,7887.17
1600,3,0,4,13.8689,7873.72
1599,3,0,4,13.8684,7868.62
1601,3,0,4,13.8641,7836.98
1311,3,0,4,13.8492,7743.49
1319,3,0,4,13.8192,7557.45
1559,3,0,4,13.8155,7532.29
1591,3,0,4,13.8045,7457.43
1560,3,0,4,13.782,7336.77
1589,3,0,4,13.747,7150.29
1603,3,0,4,13.7261,7035.15
429,3,0,5,14.2044,9543.09,0,0,0
886,3,0,5,14.1619,9336.77
888,3,0,5,14.1397,9220.81
903,3,0,5,14.1286,9162.21
904,3,0,5,14.1251,9143.53
902,3,0,5,14.1114,9070.29
914,3,0,5,14.1036,9028.83
913,3,0,5,14.0906,8960.08
912,3,0,5,14.0871,8941.1
368,4,0,0,12.7874,949.515,0.0693333,302.411,0.09,1
372,4,0,0,12.7663,846.645
371,4,0,0,12.7479,738.483
2134,4,0,0,12.7425,697.704
2136,4,0,0,12.7304,631.809
393,4,0,0,12.6962,458.416
401,4,0,0,12.6838,390.328
1739,4,0,0,12.6743,338.004
1742,4,0,0,12.6661,296.363
1741,4,0,0,12.6605,265.545
418,4,0,0,12.6527,224.669
2139,4,0,0,12.649,203.706
2138,4,0,0,12.6324,110.515
415,4,0,0,12.632,108.239
429,4,0,0,12.61,0
139,4,0,1,12.9716,1873.91,0.0526667,229.716,0.18,2
140,4,0,1,12.9512,1762.29
360,4,0,1,12.9082,1534.39
361,4,0,1,12.8942,1458.62
367,4,0,1,12.8599,1269.12
368,4,0,1,12.8567,1251.93
912,4,0,2,13.3061,3610.95,0.1015,442.712,0.14,3
900,4,0,2,13.2993,3574.28
882,4,0,2,13.2714,3422.82
880,4,0,2,13.2557,3340.52
881,4,0,2,13.2414,3262.34
1985,4,0,2,13.216,3124.28
409,4,0,2,13.1964,3025.72
397,4,0,2,13.1791,2935.07
390,4,0,2,13.1597,2834.11
382,4,0,2,13.1433,2746.54
376,4,0,2,13.1263,2653.94
369,4,0,2,13.1065,2547.53
360,4,0,2,13.0855,2434.22
140,4,0,2,13.0459,2221.18
139,4,0,2,13.0242,2103.63
1603,4,0,3,13.6856,5558.21,0.0466667,203.546,0.03,4
1589,4,0,3,13.6655,5446.42
1560,4,0,3,13.632,5266.21
1591,4,0,3,13.6143,5166.33
1559,4,0,3,13.5967,5071.34
1319,4,0,3,13.5897,5035.1
1311,4,0,3,13.559,4848.09
1312,4,0,3,13.5441,4771.08
1306,4,0,3,13.544,4770.72
1301,4,0,3,13.529,4691.53
2024,4,0,3,13.5192,4637.84
2025,4,0,3,13.5075,4570.95
1598,4,0,3,13.5026,4545.57
948,4,0,3,13.4979,4519.53
928,4,0,3,13.487,4460.1
923,4,0,3,13.4519,4283.84
924,4,0,3,13.4436,4244.52
914,4,0,3,13.4234,4138.47
913,4,0,3,13.411,4072.15
912,4,0,3,13.4076,4053.67
1664,4,0,4,14.221,8310.94,0.0496667,216.631,0.07,5
1172,4,0,4,14.1923,8168.41
1023,4,0,4,14.1631,8012.73
1021,4,0,4,14.1485,7935.62
1022,4,0,4,14.1446,7916.39
1020,4,0,4,14.136,7872.97
1019,4,0,4,14.1289,7836.33
1047,4,0,4,14.1238,7811.73
1065,4,0,4,14.1076,7715.51
1064,4,0,4,14.1009,7682.25
1062,4,0,4,14.0946,7650.03
1063,4,0,4,14.0916,7635.67
1061,4,0,4,14.088,7617.18
1080,4,0,4,14.0816,7584.36
1081,4,0,4,14.0713,7529.96
1098,4,0,4,14.0646,7495.19
1097,4,0,4,14.0568,7457.45
2037,4,0,4,14.0347,7345.03
1132,4,0,4,14.0254,7296.72
1135,4,0,4,14.0187,7262.65
2049,4,0,4,14.0137,7236.38
1159,4,0,4,13.9939,7132.73
1160,4,0,4,13.9803,7063.85
1330,4,0,4,13.976,7041.28
1339,4,0,4,13.9529,6922.29
1340,4,0,4,13.9482,6897.65
1348,4,0,4,13.9477,6895.1
1349,4,0,4,13.9467,6889.97
1357,4,0,4,13.9346,6827.36
1356,4,0,4,13.9338,6823.64
2076,4,0,4,13.9283,6793.24
1355,4,0,4,13.927,6786.49
1364,4,0,4,13.927,6786.28
1362,4,0,4,13.9169,6733.04
1382,4,0,4,13.8993,6635.81
1389,4,0,4,13.8714,6488.15
1388,4,0,4,13.8629,6441.13
1323,4,0,4,13.8622,6437.34
2072,4,0,4,13.8351,6307.71
1588,4,0,4,13.8019,6131.5
1590,4,0,4,13.7806,6015.26
1589,4,0,4,13.7532,5876.89
1603,4,0,4,13.7323,5761.75
429,4,0,5,14.5885,10264.4,0,0,0
1988,4,0,5,14.5577,10111.3
417,4,0,5,14.5344,9994.71
418,4,0,5,14.5311,9976.9
419,4,0,5,14.5153,9889.9
423,4,0,5,14.5107,9855.46
609,4,0,5,14.5048,9799.14
628,4,0,5,14.4955,9725.01
561,4,0,5,14.4919,9700.48
557,4,0,5,14.4847,9653.52
554,4,0,5,14.4826,9643.03
565,4,0,5,14.4744,9597.4
573,4,0,5,14.4691,9570.81
574,4,0,5,14.4605,9519.78
580,4,0,5,14.4395,9410.14
596,4,0,5,14.4333,9350.29
595,4,0,5,14.429,9322.95
603,4,0,5,14.424,9297.15
552,4,0,5,14.3901,9130.97
1800,4,0,5,14.3818,9088.24
755,4,0,5,14.3654,9005.98
708,4,0,5,14.3493,8923.26
996,4,0,5,14.3488,8921.04
1671,4,0,5,14.3259,8804.73
1165,4,0,5,14.3154,8752.21
1799,4,0,5,14.3063,8706.1
1172,4,0,5,14.2987,8667.12
1664,4,0,5,14.2707,8527.58
368,5,0,0,12.1874,949.515,0.0693333,302.411,0.09,1
372,5,0,0,12.1663,846.645
371,5,0,0,12.1479,738.483
2134,5,0,0,12.1425,697.704
2136,5,0,0,12.1304,631.809
393,5,0,0,12.0962,458.416
401,5,0,0,12.0838,390.328
1739,5,0,0,12.0743,338.004
1742,5,0,0,12.0661,296.363
1741,5,0,0,12.0605,265.545
418,5,0,0,12.0527,224.669
2139,5,0,0,12.049,203.706
2138,5,0,0,12.0324,110.515
415,5,0,0,12.032,108.239
429,5,0,0,12.01,0
139,5,0,1,12.3716,1873.91,0.0526667,229.716,0.18,2
140,5,0,1,12.3512,1762.29
360,5,0,1,12.3082,1534.39
361,5,0,1,12.2942,1458.62
367,5,0,1,12.2599,1269.12
368,5,0,1,12.2567,1251.93
1603,5,0,2,12.9256,4916.14,0.100667,439.078,0.02,3
1589,5,0,2,12.9021,4789.8
1560,5,0,2,12.8682,4607.79
1591,5,0,2,12.8472,4493.6
1559,5,0,2,12.827,4388.02
1319,5,0,2,12.8214,4357.29
1318,5,0,2,12.8137,4314.51
1292,5,0,2,12.813,4310.78
1285,5,0,2,12.7803,4122.23
1310,5,0,2,12.7796,4118.91
1553,5,0,2,12.7558,3991.47
1298,5,0,2,12.752,3970.39
2176,5,0,2,12.7456,3931.36
2066,5,0,2,12.7355,3864.37
869,5,0,2,12.7263,3789.22
1856,5,0,2,12.7197,3744.23
855,5,0,2,12.7196,3743.52
843,5,0,2,12.697,3627.46
832,5,0,2,12.6867,3566.99
831,5,0,2,12.6808,3534.93
2153,5,0,2,12.6808,3534.85
821,5,0,2,12.6692,3475.28
2008,5,0,2,12.6607,3432.49
812,5,0,2,12.6427,3334.79
807,5,0,2,12.6426,3334
356,5,0,2,12.6264,3249.2
1981,5,0,2,12.6142,3165.69
345,5,0,2,12.594,3062.11
341,5,0,2,12.5846,3012.14
2132,5,0,2,12.5844,3010.09
328,5,0,2,12.5677,2914.55
2115,5,0,2,12.5577,2861.35
329,5,0,2,12.554,2841.31
1979,5,0,2,12.5467,2805.85
1978,5,0,2,12.5068,2581.85
107,5,0,2,12.4987,2528.12
1967,5,0,2,12.4957,2499.42
105,5,0,2,12.4709,2350.97
136,5,0,2,12.4384,2178.29
139,5,0,2,12.4242,2103.63
912,5,0,3,13.2857,6818.45,0.1015,442.712,0.14,4
911,5,0,3,13.2685,6724.36
926,5,0,3,13.2408,6576.95
945,5,0,3,13.214,6438.73
954,5,0,3,13.2073,6403.79
1297,5,0,3,13.176,6238.67
1299,5,0,3,13.1705,6207.23
1600,5,0,3,13.169,6193.78
1599,5,0,3,13.1685,6188.69
1601,5,0,3,13.1642,6157.05
1311,5,0,3,13.1493,6063.56
1319,5,0,3,13.1193,5877.52
1559,5,0,3,13.1156,5852.35
1591,5,0,3,13.1046,5777.49
1560,5,0,3,13.0821,5656.84
1589,5,0,3,13.0471,5470.36
1603,5,0,3,13.0263,5355.22
429,5,0,4,13.51,7885.3,0,0,0
886,5,0,4,13.4613,7653.89
888,5,0,4,13.4415,7547.78
903,5,0,4,13.4277,7477.9
904,5,0,4,13.4243,7459.52
902,5,0,4,13.4106,7386.78
914,5,0,4,13.4031,7345.96
913,5,0,4,13.3906,7279.65
912,5,0,4,13.3872,7261.16
1664,5,1,0,14.988,1629.73,0.0496667,216.631,0.07,1
1172,5,1,0,14.9674,1521.45
1799,5,1,0,14.958,1474.69
1671,5,1,0,14.945,1408
1672,5,1,0,14.927,1313.41
708,5,1,0,14.9098,1229.31
709,5,1,0,14.9012,1187.13
1667,5,1,0,14.8666,1014.01
2179,5,1,0,14.8653,1008.13
662,5,1,0,14.8591,978.483
602,5,1,0,14.8479,910.417
604,5,1,0,14.8455,893.73
596,5,1,0,14.8454,892.758
580,5,1,0,14.8311,816.552
574,5,1,0,14.8097,705.648
573,5,1,0,14.8,651.241
564,5,1,0,14.7932,613.852
557,5,1,0,14.7872,580.305
561,5,1,0,14.7811,533.943
628,5,1,0,14.7775,509.469
609,5,1,0,14.7664,434.843
423,5,1,0,14.7605,378.523
419,5,1,0,14.7563,343.934
418,5,1,0,14.7386,248.624
2139,5,1,0,14.7349,227.99
2138,5,1,0,14.7182,134.184
415,5,1,0,14.7177,131.908
429,5,1,0,14.69,0
429,5,1,1,15.3275,3485.49,0,0,0
1988,5,1,1,15.3029,3358.36
417,5,1,1,15.2805,3245.77
418,5,1,1,15.2771,3227.36
419,5,1,1,15.2604,3136.56
423,5,1,1,15.2556,3102.09
609,5,1,1,15.2497,3045.77
628,5,1,1,15.2407,2971.48
561,5,1,1,15.2368,2946.69
557,5,1,1,15.2294,2899.5
554,5,1,1,15.227,2887.4
565,5,1,1,15.2199,2845.19
573,5,1,1,15.2145,2818.6
574,5,1,1,15.2073,2769.13
580,5,1,1,15.1901,2676.18
596,5,1,1,15.184,2616.32
595,5,1,1,15.18,2589.3
603,5,1,1,15.1749,2563.09
552,5,1,1,15.1457,2416.36
1800,5,1,1,15.1345,2361.71
755,5,1,1,15.1183,2280.33
708,5,1,1,15.0979,2179.68
996,5,1,1,15.0974,2177.46
1023,5,1,1,15.0823,2100.03
1172,5,1,1,15.0642,1979.93
1664,5,1,1,15.0377,1846.37
