Node, Individual, Route,Segment, Travel time, Travel cost, Attention time, Attention cost, Failure rate, Demand
912,0,0,0,12.9793,662.175,0.0361667,157.748,0.15,1
913,0,0,0,12.9763,645.262
914,0,0,0,12.9659,587.538
902,0,0,0,12.9596,552.537
887,0,0,0,12.943,467.238
2012,0,0,0,12.9255,375.593
884,0,0,0,12.921,352.657
1987,0,0,0,12.8836,162.675
428,0,0,0,12.8786,137.306
429,0,0,0,12.85,0
1603,0,0,1,13.2935,2324.47,0.0466667,203.546,0.03,2
1589,0,0,1,13.2734,2212.68
1560,0,0,1,13.2399,2032.47
1591,0,0,1,13.2223,1932.59
1559,0,0,1,13.2046,1837.6
1319,0,0,1,13.1976,1801.36
1311,0,0,1,13.1669,1614.35
1312,0,0,1,13.1521,1537.34
1306,0,0,1,13.152,1536.98
1301,0,0,1,13.1369,1457.79
2024,0,0,1,13.1272,1404.1
2025,0,0,1,13.1154,1337.21
1598,0,0,1,13.1105,1311.82
948,0,0,1,13.1058,1285.79
928,0,0,1,13.095,1226.36
923,0,0,1,13.0598,1050.1
924,0,0,1,13.0515,1010.78
914,0,0,1,13.0313,904.723
913,0,0,1,13.0189,838.408
912,0,0,1,13.0155,819.923
1664,0,0,2,13.829,5077.2,0.0606667,264.61,0.08,3
1172,0,0,2,13.8002,4934.67
1023,0,0,2,13.7711,4778.98
1021,0,0,2,13.7564,4701.88
1022,0,0,2,13.7526,4682.65
1020,0,0,2,13.744,4639.22
1019,0,0,2,13.7368,4602.59
1047,0,0,2,13.7317,4577.99
1065,0,0,2,13.7155,4481.77
1064,0,0,2,13.7089,4448.51
1062,0,0,2,13.7025,4416.29
1063,0,0,2,13.6995,4401.93
1061,0,0,2,13.6959,4383.44
1080,0,0,2,13.6895,4350.62
1081,0,0,2,13.6792,4296.22
1098,0,0,2,13.6726,4261.45
1097,0,0,2,13.6648,4223.7
2037,0,0,2,13.6426,4111.29
1132,0,0,2,13.6334,4062.97
1135,0,0,2,13.6266,4028.91
2049,0,0,2,13.6216,4002.64
1159,0,0,2,13.6019,3898.99
1160,0,0,2,13.5883,3830.11
1330,0,0,2,13.584,3807.54
1339,0,0,2,13.5608,3688.55
1340,0,0,2,13.5562,3663.91
1348,0,0,2,13.5557,3661.36
1349,0,0,2,13.5546,3656.23
1357,0,0,2,13.5425,3593.62
1356,0,0,2,13.5417,3589.9
2076,0,0,2,13.5362,3559.5
1355,0,0,2,13.5349,3552.75
1364,0,0,2,13.5349,3552.54
1362,0,0,2,13.5248,3499.29
1382,0,0,2,13.5072,3402.07
1389,0,0,2,13.4793,3254.41
1388,0,0,2,13.4709,3207.39
1323,0,0,2,13.4701,3203.6
2072,0,0,2,13.443,3073.97
1588,0,0,2,13.4098,2897.76
1590,0,0,2,13.3885,2781.51
1589,0,0,2,13.3611,2643.15
1603,0,0,2,13.3402,2528.01
368,0,0,3,14.1384,6824.22,0.0801667,349.663,0.1,4
451,0,0,3,14.117,6706.92
1716,0,0,3,14.1146,6690.5
462,0,0,3,14.1074,6651.68
1990,0,0,3,14.0996,6598.64
452,0,0,3,14.0956,6566.56
453,0,0,3,14.0848,6479.14
455,0,0,3,14.0735,6411.33
454,0,0,3,14.0703,6393.95
457,0,0,3,14.0637,6339.88
456,0,0,3,14.0588,6310.84
458,0,0,3,14.0496,6249.93
459,0,0,3,14.0429,6204.58
1543,0,0,3,14.0344,6142.77
715,0,0,3,14.0293,6098.93
716,0,0,3,14.016,6024.57
722,0,0,3,14.0155,6021.76
724,0,0,3,13.9913,5878.4
728,0,0,3,13.9817,5813.25
731,0,0,3,13.9712,5754.43
730,0,0,3,13.9706,5750.97
2003,0,0,3,13.9431,5615.32
2147,0,0,3,13.9324,5557.94
743,0,0,3,13.9289,5540.9
2054,0,0,3,13.9288,5540.81
1166,0,0,3,13.918,5485.95
1664,0,0,3,13.8896,5341.81
139,0,0,4,14.3352,7801.69,0.102667,447.801,0.25,5
140,0,0,4,14.3144,7688.04
360,0,0,4,14.2757,7478.44
361,0,0,4,14.2632,7409.57
367,0,0,4,14.2294,7221.77
368,0,0,4,14.2186,7173.88
429,0,0,5,14.6559,9405.92,0,0,0
415,0,0,5,14.6336,9296.23
2138,0,0,5,14.6334,9295.2
411,0,0,5,14.6202,9221.97
400,0,0,5,14.6026,9134.11
391,0,0,5,14.5852,9042.58
383,0,0,5,14.5661,8942.8
382,0,0,5,14.5524,8872.49
376,0,0,5,14.5366,8785.38
369,0,0,5,14.5194,8690.19
360,0,0,5,14.4979,8574.6
140,0,0,5,14.4578,8359.37
139,0,0,5,14.4379,8249.49
912,1,0,0,12.6793,662.175,0.0361667,157.748,0.15,1
913,1,0,0,12.6763,645.262
914,1,0,0,12.6659,587.538
902,1,0,0,12.6596,552.537
887,1,0,0,12.643,467.238
2012,1,0,0,12.6255,375.593
884,1,0,0,12.621,352.657
1987,1,0,0,12.5836,162.675
428,1,0,0,12.5786,137.306
429,1,0,0,12.55,0
1603,1,0,1,13.0043,2358.51,0.0466667,203.546,0.03,2
1589,1,0,1,12.9806,2231.45
1560,1,0,1,12.9469,2050.34
1591,1,0,1,12.928,1945.25
1559,1,0,1,12.9091,1844.92
1320,1,0,1,12.9048,1822.71
1602,1,0,1,12.8879,1735.77
1312,1,0,1,12.8649,1606.65
1306,1,0,1,12.8648,1606.28
1599,1,0,1,12.8472,1509.83
1300,1,0,1,12.8429,1483.41
1298,1,0,1,12.8375,1454.23
1297,1,0,1,12.8352,1441.75
954,1,0,1,12.7981,1251.86
945,1,0,1,12.791,1215.2
926,1,0,1,12.7635,1074.52
911,1,0,1,12.7401,945.28
912,1,0,1,12.7155,819.923
1664,1,0,2,13.5397,5111.25,0.0606667,264.61,0.08,3
1172,1,0,2,13.511,4968.72
1023,1,0,2,13.4818,4813.03
1021,1,0,2,13.4672,4735.93
1022,1,0,2,13.4633,4716.7
1020,1,0,2,13.4547,4673.27
1019,1,0,2,13.4475,4636.64
1047,1,0,2,13.4424,4612.04
1065,1,0,2,13.4262,4515.81
1064,1,0,2,13.4196,4482.56
1062,1,0,2,13.4132,4450.34
1063,1,0,2,13.4103,4435.98
1061,1,0,2,13.4067,4417.49
1080,1,0,2,13.4003,4384.67
1081,1,0,2,13.39,4330.27
1098,1,0,2,13.3833,4295.5
1097,1,0,2,13.3755,4257.75
2037,1,0,2,13.3534,4145.34
1132,1,0,2,13.3441,4097.02
1135,1,0,2,13.3373,4062.96
2049,1,0,2,13.3324,4036.69
1159,1,0,2,13.3126,3933.03
1160,1,0,2,13.299,3864.16
1330,1,0,2,13.2947,3841.59
1339,1,0,2,13.2715,3722.6
1340,1,0,2,13.2669,3697.95
1348,1,0,2,13.2664,3695.41
1349,1,0,2,13.2654,3690.27
1357,1,0,2,13.2532,3627.67
1356,1,0,2,13.2525,3623.95
2076,1,0,2,13.2469,3593.54
1355,1,0,2,13.2457,3586.8
1364,1,0,2,13.2456,3586.59
1362,1,0,2,13.2355,3533.34
1382,1,0,2,13.2179,3436.12
1389,1,0,2,13.1901,3288.46
1388,1,0,2,13.1816,3241.43
1323,1,0,2,13.1808,3237.65
2072,1,0,2,13.1537,3108.02
1588,1,0,2,13.1206,2931.81
1590,1,0,2,13.0993,2815.56
1589,1,0,2,13.0718,2677.2
1603,1,0,2,13.0509,2562.06
139,1,0,3,13.9448,7408.73,0.0406667,177.376,0.22,4
140,1,0,3,13.9213,7283.54
360,1,0,3,13.8809,7066.94
366,1,0,3,13.8625,6966.33
371,1,0,3,13.8522,6907.32
372,1,0,3,13.8373,6803.33
460,1,0,3,13.8315,6768.68
461,1,0,3,13.8197,6700.1
462,1,0,3,13.8181,6685.72
1990,1,0,3,13.8103,6632.69
452,1,0,3,13.8063,6600.61
453,1,0,3,13.7956,6513.19
455,1,0,3,13.7842,6445.38
454,1,0,3,13.781,6428
457,1,0,3,13.7745,6373.93
456,1,0,3,13.7695,6344.89
458,1,0,3,13.7603,6283.98
459,1,0,3,13.7537,6238.63
1543,1,0,3,13.7451,6176.82
715,1,0,3,13.74,6132.98
716,1,0,3,13.7268,6058.62
722,1,0,3,13.7262,6055.8
724,1,0,3,13.702,5912.44
728,1,0,3,13.6924,5847.3
731,1,0,3,13.6819,5788.48
730,1,0,3,13.6813,5785.02
2003,1,0,3,13.6538,5649.37
2147,1,0,3,13.6431,5591.98
743,1,0,3,13.6396,5574.95
2054,1,0,3,13.6396,5574.86
1166,1,0,3,13.6288,5520
1664,1,0,3,13.6004,5375.86
368,1,0,4,14.0929,8180.53,0.0801667,349.663,0.1,5
367,1,0,4,14.0878,8155.33
361,1,0,4,14.0563,7977.94
360,1,0,4,14.0467,7916.69
140,1,0,4,14.0071,7703.65
139,1,0,4,13.9854,7586.1
429,1,0,5,14.3405,9449.87,0,0,0
1988,1,0,5,14.312,9306.25
417,1,0,5,14.2868,9181.86
418,1,0,5,14.2841,9166.5
1741,1,0,5,14.2779,9132.6
1740,1,0,5,14.2742,9112.31
1739,1,0,5,14.2689,9083.4
401,1,0,5,14.2591,9029.45
393,1,0,5,14.2461,8958.96
2136,1,0,5,14.2211,8824.47
2134,1,0,5,14.2086,8757.13
371,1,0,5,14.2033,8716.34
372,1,0,5,14.1892,8612.63
368,1,0,5,14.1731,8530.2
139,2,0,0,12.6553,1199.67,0.0526667,229.716,0.18,1
140,2,0,0,12.635,1088.05
360,2,0,0,12.5919,860.146
366,2,0,0,12.5747,764.395
2134,2,0,0,12.5625,697.704
2136,2,0,0,12.5504,631.809
393,2,0,0,12.5162,458.416
401,2,0,0,12.5038,390.328
1739,2,0,0,12.4943,338.004
1742,2,0,0,12.4861,296.363
1741,2,0,0,12.4805,265.545
418,2,0,0,12.4727,224.669
2139,2,0,0,12.469,203.706
2138,2,0,0,12.4524,110.515
415,2,0,0,12.452,108.239
429,2,0,0,12.43,0
368,2,0,1,12.8227,2050.78,0.0693333,302.411,0.09,2
367,2,0,1,12.8191,2031.88
361,2,0,1,12.7852,1844.1
360,2,0,1,12.7741,1780.55
140,2,0,1,12.7281,1540.1
139,2,0,1,12.708,1429.39
1664,2,0,2,13.1577,3912.6,0.0606667,264.61,0.08,3
1175,2,0,2,13.1446,3847.19
2054,2,0,2,13.1057,3654.43
743,2,0,2,13.1057,3654.34
739,2,0,2,13.0913,3576.91
1668,2,0,2,13.0749,3488.09
731,2,0,2,13.0654,3436.24
730,2,0,2,13.0647,3432.66
723,2,0,2,13.0313,3256.25
722,2,0,2,13.0181,3164.94
726,2,0,2,13.0071,3089.23
714,2,0,2,13.0069,3087.36
1543,2,0,2,13.0027,3057.4
459,2,0,2,12.9926,2994.3
458,2,0,2,12.9851,2947.96
456,2,0,2,12.9749,2885.89
457,2,0,2,12.9677,2847.54
454,2,0,2,12.9598,2793.42
455,2,0,2,12.9575,2779.2
453,2,0,2,12.9482,2713.61
452,2,0,2,12.9356,2626.11
1990,2,0,2,12.9321,2593.44
462,2,0,2,12.9226,2538.21
461,2,0,2,12.9201,2523.49
460,2,0,2,12.9106,2457.83
372,2,0,2,12.9054,2424.11
368,2,0,2,12.892,2353.19
1603,2,0,3,13.7295,6831.61,0.0466667,203.546,0.03,4
1589,2,0,3,13.7097,6721.05
1590,2,0,3,13.6643,6509.7
1588,2,0,3,13.6457,6405.08
2072,2,0,3,13.6126,6229.19
1323,2,0,3,13.5973,6148.32
1388,2,0,3,13.5965,6144.54
1389,2,0,3,13.5829,6075.64
1382,2,0,3,13.557,5936.31
1362,2,0,3,13.5343,5817.31
1361,2,0,3,13.5292,5790.31
1354,2,0,3,13.5292,5790.12
1355,2,0,3,13.5167,5730.46
2076,2,0,3,13.5148,5721.35
1356,2,0,3,13.5064,5678.64
1357,2,0,3,13.5057,5674.92
1358,2,0,3,13.4944,5616.55
1352,2,0,3,13.4839,5562.67
1351,2,0,3,13.4736,5508.98
1350,2,0,3,13.4659,5469.4
1414,2,0,3,13.4489,5385.6
2120,2,0,3,13.4391,5333.94
2097,2,0,3,13.4301,5287.4
1415,2,0,3,13.4166,5218.77
1416,2,0,3,13.3987,5131.03
1554,2,0,3,13.3972,5123.21
2079,2,0,3,13.3882,5079.35
2080,2,0,3,13.3723,5000.57
2081,2,0,3,13.3538,4905.91
1207,2,0,3,13.3341,4800.71
2061,2,0,3,13.3257,4753.7
2056,2,0,3,13.28,4491.82
1181,2,0,3,13.2771,4470.14
1180,2,0,3,13.277,4469.77
1179,2,0,3,13.2566,4370.46
1175,2,0,3,13.2347,4255.99
1664,2,0,3,13.2183,4177.21
912,2,0,4,14.0356,8498.38,0.100167,436.897,0.15,5
911,2,0,4,14.0184,8404.3
926,2,0,4,13.9907,8256.88
945,2,0,4,13.9639,8118.66
954,2,0,4,13.9572,8083.73
1297,2,0,4,13.9259,7918.6
1299,2,0,4,13.9204,7887.17
1600,2,0,4,13.9189,7873.72
1599,2,0,4,13.9184,7868.62
1601,2,0,4,13.9141,7836.98
1311,2,0,4,13.8992,7743.49
1319,2,0,4,13.8692,7557.45
1559,2,0,4,13.8655,7532.29
1591,2,0,4,13.8545,7457.43
1560,2,0,4,13.832,7336.77
1589,2,0,4,13.797,7150.29
1603,2,0,4,13.7761,7035.15
429,2,0,5,14.2531,9537.28,0,0,0
886,2,0,5,14.2105,9330.96
888,2,0,5,14.1884,9214.99
903,2,0,5,14.1773,9156.39
904,2,0,5,14.1738,9137.71
902,2,0,5,14.16,9064.47
914,2,0,5,14.1523,9023.02
913,2,0,5,14.1393,8954.26
912,2,0,5,14.1358,8935.28
139,3,0,0,12.5753,1199.67,0.0526667,229.716,0.18,1
140,3,0,0,12.555,1088.05
360,3,0,0,12.5119,860.146
366,3,0,0,12.4947,764.395
2134,3,0,0,12.4825,697.704
2136,3,0,0,12.4704,631.809
393,3,0,0,12.4362,458.416
401,3,0,0,12.4238,390.328
1739,3,0,0,12.4143,338.004
1742,3,0,0,12.4061,296.363
1741,3,0,0,12.4005,265.545
418,3,0,0,12.3927,224.669
2139,3,0,0,12.389,203.706
2138,3,0,0,12.3724,110.515
415,3,0,0,12.372,108.239
429,3,0,0,12.35,0
368,3,0,1,12.7427,2050.78,0.0693333,302.411,0.09,2
367,3,0,1,12.7391,2031.88
361,3,0,1,12.7052,1844.1
360,3,0,1,12.6941,1780.55
140,3,0,1,12.6481,1540.1
139,3,0,1,12.628,1429.39
1664,3,0,2,13.0777,3912.6,0.0606667,264.61,0.08,3
1175,3,0,2,13.0646,3847.19
2054,3,0,2,13.0257,3654.43
743,3,0,2,13.0257,3654.34
739,3,0,2,13.0113,3576.91
1668,3,0,2,12.9949,3488.09
731,3,0,2,12.9854,3436.24
730,3,0,2,12.9847,3432.66
723,3,0,2,12.9513,3256.25
722,3,0,2,12.9381,3164.94
726,3,0,2,12.9271,3089.23
714,3,0,2,12.9269,3087.36
1543,3,0,2,12.9227,3057.4
459,3,0,2,12.9126,2994.3
458,3,0,2,12.9051,2947.96
456,3,0,2,12.8949,2885.89
457,3,0,2,12.8877,2847.54
454,3,0,2,12.8798,2793.42
455,3,0,2,12.8775,2779.2
453,3,0,2,12.8682,2713.61
452,3,0,2,12.8556,2626.11
1990,3,0,2,12.8521,2593.44
462,3,0,2,12.8426,2538.21
461,3,0,2,12.8401,2523.49
460,3,0,2,12.8306,2457.83
372,3,0,2,12.8254,2424.11
368,3,0,2,12.812,2353.19
912,3,0,3,13.533,6193.82,0.1015,442.712,0.14,4
913,3,0,3,13.53,6176.87
914,3,0,3,13.5192,6117.56
902,3,0,3,13.5106,6072.55
904,3,0,3,13.4976,6002.36
903,3,0,3,13.4944,5984.98
905,3,0,3,13.4777,5894.05
906,3,0,3,13.4657,5830.05
892,3,0,3,13.4478,5738.45
896,3,0,3,13.4445,5721.48
895,3,0,3,13.4409,5703.84
907,3,0,3,13.4266,5632.56
908,3,0,3,13.4204,5599.13
2014,3,0,3,13.4198,5596.45
2017,3,0,3,13.4186,5590.76
1786,3,0,3,13.4138,5566.41
2018,3,0,3,13.3997,5491.79
1053,3,0,3,13.3615,5288.71
2033,3,0,3,13.342,5197.12
1054,3,0,3,13.3331,5150.92
1037,3,0,3,13.328,5124.2
1039,3,0,3,13.3211,5087.82
1041,3,0,3,13.3123,5043.03
2030,3,0,3,13.3061,5012.11
2158,3,0,3,13.3033,4996.88
2029,3,0,3,13.2897,4929.02
1016,3,0,3,13.2854,4905.49
1548,3,0,3,13.2784,4869.58
1012,3,0,3,13.2738,4845.62
1014,3,0,3,13.2732,4842.77
1018,3,0,3,13.2563,4762.32
1017,3,0,3,13.2461,4714.13
1020,3,0,3,13.2416,4691.97
1022,3,0,3,13.2315,4642.19
1021,3,0,3,13.2283,4625.59
1023,3,0,3,13.2122,4542.32
1172,3,0,3,13.1686,4325.96
1664,3,0,3,13.1383,4177.21
1603,3,0,4,13.9125,8141.08,0.0466667,203.546,0.03,5
1589,3,0,4,13.8924,8029.29
1560,3,0,4,13.8589,7849.08
1591,3,0,4,13.8413,7749.2
1559,3,0,4,13.8236,7654.21
1319,3,0,4,13.8166,7617.97
1311,3,0,4,13.7859,7430.96
1312,3,0,4,13.7711,7353.95
1306,3,0,4,13.771,7353.59
1301,3,0,4,13.7559,7274.4
2024,3,0,4,13.7462,7220.71
2025,3,0,4,13.7344,7153.82
1598,3,0,4,13.7295,7128.43
948,3,0,4,13.7248,7102.4
928,3,0,4,13.714,7042.97
923,3,0,4,13.6788,6866.71
924,3,0,4,13.6705,6827.39
914,3,0,4,13.6504,6721.33
913,3,0,4,13.6379,6655.02
912,3,0,4,13.6345,6636.53
429,3,0,5,14.2836,10078.1,0,0,0
886,3,0,5,14.2468,9895.33
888,3,0,5,14.231,9806.49
903,3,0,5,14.2167,9734.39
904,3,0,5,14.2134,9716.57
925,3,0,5,14.1901,9589.45
2019,3,0,5,14.1847,9562.19
929,3,0,5,14.1843,9560.2
938,3,0,5,14.1723,9494.35
950,3,0,5,14.1588,9423.79
951,3,0,5,14.1518,9388.08
949,3,0,5,14.1408,9331.6
2025,3,0,5,14.1373,9314.14
2024,3,0,5,14.1239,9240.4
1301,3,0,5,14.1134,9183.09
1306,3,0,5,14.0987,9105.57
1312,3,0,5,14.0986,9105.21
1602,3,0,5,14.0702,8952.72
1320,3,0,5,14.0532,8865.37
1559,3,0,5,14.0485,8841.75
1591,3,0,5,14.0376,8766.9
1560,3,0,5,14.0151,8646.24
1589,3,0,5,13.9801,8459.76
1603,3,0,5,13.9592,8344.62
368,4,0,0,12.6474,949.515,0.0693333,302.411,0.09,1
372,4,0,0,12.6263,846.645
371,4,0,0,12.6079,738.483
2134,4,0,0,12.6025,697.704
2136,4,0,0,12.5904,631.809
393,4,0,0,12.5562,458.416
401,4,0,0,12.5438,390.328
1739,4,0,0,12.5343,338.004
1742,4,0,0,12.5261,296.363
1741,4,0,0,12.5205,265.545
418,4,0,0,12.5127,224.669
2139,4,0,0,12.509,203.706
2138,4,0,0,12.4924,110.515
415,4,0,0,12.492,108.239
429,4,0,0,12.47,0
139,4,0,1,12.8316,1873.91,0.0526667,229.716,0.18,2
140,4,0,1,12.8112,1762.29
360,4,0,1,12.7682,1534.39
361,4,0,1,12.7542,1458.62
367,4,0,1,12.7199,1269.12
368,4,0,1,12.7167,1251.93
1603,4,0,2,13.3856,4916.14,0.0466667,203.546,0.03,3
1589,4,0,2,13.3621,4789.8
1560,4,0,2,13.3282,4607.79
1591,4,0,2,13.3072,4493.6
1559,4,0,2,13.287,4388.02
1319,4,0,2,13.2814,4357.29
1318,4,0,2,13.2737,4314.51
1292,4,0,2,13.273,4310.78
1285,4,0,2,13.2403,4122.23
1310,4,0,2,13.2396,4118.91
1553,4,0,2,13.2158,3991.47
1298,4,0,2,13.212,3970.39
2176,4,0,2,13.2056,3931.36
2066,4,0,2,13.1955,3864.37
869,4,0,2,13.1863,3789.22
1856,4,0,2,13.1797,3744.23
855,4,0,2,13.1796,3743.52
843,4,0,2,13.157,3627.46
832,4,0,2,13.1467,3566.99
831,4,0,2,13.1408,3534.93
2153,4,0,2,13.1408,3534.85
821,4,0,2,13.1292,3475.28
2008,4,0,2,13.1207,3432.49
812,4,0,2,13.1027,3334.79
807,4,0,2,13.1026,3334
356,4,0,2,13.0864,3249.2
1981,4,0,2,13.0742,3165.69
345,4,0,2,13.054,3062.11
341,4,0,2,13.0446,3012.14
2132,4,0,2,13.0444,3010.09
328,4,0,2,13.0277,2914.55
2115,4,0,2,13.0177,2861.35
329,4,0,2,13.014,2841.31
1979,4,0,2,13.0067,2805.85
1978,4,0,2,12.9668,2581.85
107,4,0,2,12.9587,2528.12
1967,4,0,2,12.9557,2499.42
105,4,0,2,12.9309,2350.97
136,4,0,2,12.8984,2178.29
139,4,0,2,12.8842,2103.63
912,4,0,3,13.6917,6582.92,0.1015,442.712,0.14,4
911,4,0,3,13.6745,6488.83
926,4,0,3,13.6468,6341.41
945,4,0,3,13.62,6203.2
954,4,0,3,13.6133,6168.26
1297,4,0,3,13.582,6003.14
1299,4,0,3,13.5765,5971.7
1600,4,0,3,13.575,5958.25
1599,4,0,3,13.5745,5953.15
1601,4,0,3,13.5702,5921.52
1311,4,0,3,13.5553,5828.02
1319,4,0,3,13.5253,5641.99
1559,4,0,3,13.5216,5616.82
1591,4,0,3,13.5106,5541.96
1560,4,0,3,13.4881,5421.3
1589,4,0,3,13.4531,5234.83
1603,4,0,3,13.4323,5119.69
1664,4,0,4,14.1434,8817.31,0.0496667,216.631,0.07,5
1172,4,0,4,14.1147,8674.78
1023,4,0,4,14.0855,8519.1
1021,4,0,4,14.0709,8441.99
1022,4,0,4,14.067,8422.77
1020,4,0,4,14.0584,8379.34
1019,4,0,4,14.0513,8342.7
1047,4,0,4,14.0462,8318.1
1048,4,0,4,14.0337,8256.17
2159,4,0,4,14.0306,8240.77
1045,4,0,4,14.0299,8237.62
1043,4,0,4,14.0266,8220.94
2158,4,0,4,14.02,8187.13
2030,4,0,4,14.016,8167.3
1041,4,0,4,14.0104,8138.81
1039,4,0,4,14.0014,8093.09
1037,4,0,4,13.9885,8032.14
1034,4,0,4,13.9788,7981.93
2032,4,0,4,13.9633,7904.34
1050,4,0,4,13.9344,7759.89
1804,4,0,4,13.9213,7693.87
2015,4,0,4,13.9101,7637.66
2014,4,0,4,13.9019,7596.66
2017,4,0,4,13.9007,7590.96
2170,4,0,4,13.8979,7576.31
917,4,0,4,13.8917,7545.33
916,4,0,4,13.8915,7544.42
906,4,0,4,13.8656,7411.33
905,4,0,4,13.8526,7342.78
903,4,0,4,13.8337,7242.37
904,4,0,4,13.8303,7223.99
902,4,0,4,13.8166,7151.25
914,4,0,4,13.8091,7110.43
913,4,0,4,13.7966,7044.12
912,4,0,4,13.7932,7025.63
429,4,0,5,14.5109,10770.8,0,0,0
1988,4,0,5,14.4801,10617.6
417,4,0,5,14.4568,10501.1
418,4,0,5,14.4535,10483.3
419,4,0,5,14.4377,10396.3
423,4,0,5,14.4331,10361.8
609,4,0,5,14.4272,10305.5
628,4,0,5,14.4179,10231.4
561,4,0,5,14.4142,10206.9
557,4,0,5,14.407,10159.9
554,4,0,5,14.405,10149.4
565,4,0,5,14.3968,10103.8
573,4,0,5,14.3915,10077.2
574,4,0,5,14.3829,10026.1
580,4,0,5,14.3618,9916.51
596,4,0,5,14.3557,9856.66
595,4,0,5,14.3514,9829.32
603,4,0,5,14.3464,9803.52
552,4,0,5,14.3125,9637.34
1800,4,0,5,14.3042,9594.61
755,4,0,5,14.2878,9512.35
708,4,0,5,14.2717,9429.63
996,4,0,5,14.2712,9427.41
1671,4,0,5,14.2483,9311.1
1165,4,0,5,14.2377,9258.58
1799,4,0,5,14.2287,9212.47
1172,4,0,5,14.2211,9173.49
1664,4,0,5,14.1931,9033.95
368,5,0,0,12.2374,949.515,0.0693333,302.411,0.09,1
372,5,0,0,12.2163,846.645
371,5,0,0,12.1979,738.483
2134,5,0,0,12.1925,697.704
2136,5,0,0,12.1804,631.809
393,5,0,0,12.1462,458.416
401,5,0,0,12.1338,390.328
1739,5,0,0,12.1243,338.004
1742,5,0,0,12.1161,296.363
1741,5,0,0,12.1105,265.545
418,5,0,0,12.1027,224.669
2139,5,0,0,12.099,203.706
2138,5,0,0,12.0824,110.515
415,5,0,0,12.082,108.239
429,5,0,0,12.06,0
139,5,0,1,12.4216,1873.91,0.0526667,229.716,0.18,2
140,5,0,1,12.4012,1762.29
360,5,0,1,12.3582,1534.39
361,5,0,1,12.3442,1458.62
367,5,0,1,12.3099,1269.12
368,5,0,1,12.3067,1251.93
1603,5,0,2,12.9756,4916.14,0.100667,439.078,0.02,3
1589,5,0,2,12.9521,4789.8
1560,5,0,2,12.9182,4607.79
1591,5,0,2,12.8972,4493.6
1559,5,0,2,12.877,4388.02
1319,5,0,2,12.8714,4357.29
1318,5,0,2,12.8637,4314.51
1292,5,0,2,12.863,4310.78
1285,5,0,2,12.8303,4122.23
1310,5,0,2,12.8296,4118.91
1553,5,0,2,12.8058,3991.47
1298,5,0,2,12.802,3970.39
2176,5,0,2,12.7956,3931.36
2066,5,0,2,12.7855,3864.37
869,5,0,2,12.7763,3789.22
1856,5,0,2,12.7697,3744.23
855,5,0,2,12.7696,3743.52
843,5,0,2,12.747,3627.46
832,5,0,2,12.7367,3566.99
831,5,0,2,12.7308,3534.93
2153,5,0,2,12.7308,3534.85
821,5,0,2,12.7192,3475.28
2008,5,0,2,12.7107,3432.49
812,5,0,2,12.6927,3334.79
807,5,0,2,12.6926,3334
356,5,0,2,12.6764,3249.2
1981,5,0,2,12.6642,3165.69
345,5,0,2,12.644,3062.11
341,5,0,2,12.6346,3012.14
2132,5,0,2,12.6344,3010.09
328,5,0,2,12.6177,2914.55
2115,5,0,2,12.6077,2861.35
329,5,0,2,12.604,2841.31
1979,5,0,2,12.5967,2805.85
1978,5,0,2,12.5568,2581.85
107,5,0,2,12.5487,2528.12
1967,5,0,2,12.5457,2499.42
105,5,0,2,12.5209,2350.97
136,5,0,2,12.4884,2178.29
139,5,0,2,12.4742,2103.63
912,5,0,3,13.3357,6818.45,0.1015,442.712,0.14,4
911,5,0,3,13.3185,6724.36
926,5,0,3,13.2908,6576.95
945,5,0,3,13.264,6438.73
954,5,0,3,13.2573,6403.79
1297,5,0,3,13.226,6238.67
1299,5,0,3,13.2205,6207.23
1600,5,0,3,13.219,6193.78
1599,5,0,3,13.2185,6188.69
1601,5,0,3,13.2142,6157.05
1311,5,0,3,13.1993,6063.56
1319,5,0,3,13.1693,5877.52
1559,5,0,3,13.1656,5852.35
1591,5,0,3,13.1546,5777.49
1560,5,0,3,13.1321,5656.84
1589,5,0,3,13.0971,5470.36
1603,5,0,3,13.0763,5355.22
429,5,0,4,13.56,7885.3,0,0,0
886,5,0,4,13.5113,7653.89
888,5,0,4,13.4915,7547.78
903,5,0,4,13.4777,7477.9
904,5,0,4,13.4743,7459.52
902,5,0,4,13.4606,7386.78
914,5,0,4,13.4531,7345.96
913,5,0,4,13.4406,7279.65
912,5,0,4,13.4372,7261.16
1664,5,1,0,14.978,1629.73,0.0496667,216.631,0.07,1
1172,5,1,0,14.9574,1521.45
1799,5,1,0,14.948,1474.69
1671,5,1,0,14.935,1408
1672,5,1,0,14.917,1313.41
708,5,1,0,14.8998,1229.31
709,5,1,0,14.8913,1187.13
1667,5,1,0,14.8566,1014.01
2179,5,1,0,14.8553,1008.13
662,5,1,0,14.8491,978.483
602,5,1,0,14.8379,910.417
604,5,1,0,14.8355,893.73
596,5,1,0,14.8354,892.758
580,5,1,0,14.8211,816.552
574,5,1,0,14.7997,705.648
573,5,1,0,14.79,651.241
564,5,1,0,14.7832,613.852
557,5,1,0,14.7772,580.305
561,5,1,0,14.7711,533.943
628,5,1,0,14.7675,509.469
609,5,1,0,14.7564,434.843
423,5,1,0,14.7505,378.523
419,5,1,0,14.7463,343.934
418,5,1,0,14.7286,248.624
2139,5,1,0,14.7249,227.99
2138,5,1,0,14.7082,134.184
415,5,1,0,14.7077,131.908
429,5,1,0,14.68,0
429,5,1,1,15.3175,3485.49,0,0,0
1988,5,1,1,15.2929,3358.36
417,5,1,1,15.2705,3245.77
418,5,1,1,15.2671,3227.36
419,5,1,1,15.2504,3136.56
423,5,1,1,15.2456,3102.09
609,5,1,1,15.2397,3045.77
628,5,1,1,15.2307,2971.48
561,5,1,1,15.2268,2946.69
557,5,1,1,15.2194,2899.5
554,5,1,1,15.217,2887.4
565,5,1,1,15.2099,2845.19
573,5,1,1,15.2045,2818.6
574,5,1,1,15.1973,2769.13
580,5,1,1,15.1801,2676.18
596,5,1,1,15.174,2616.32
595,5,1,1,15.17,2589.3
603,5,1,1,15.1649,2563.09
552,5,1,1,15.1357,2416.36
1800,5,1,1,15.1245,2361.71
755,5,1,1,15.1083,2280.33
708,5,1,1,15.0879,2179.68
996,5,1,1,15.0874,2177.46
1023,5,1,1,15.0723,2100.03
1172,5,1,1,15.0542,1979.93
1664,5,1,1,15.0277,1846.37
