Node, Individual, Route,Segment, Travel time, Travel cost, Attention time, Attention cost, Failure rate, Demand
352,0,0,0,10.55,1091.91,0.0496667,216.631,0.16,1
388,0,0,0,10.5308,990.979
397,0,0,0,10.4954,802.974
399,0,0,0,10.478,709.579
411,0,0,0,10.4628,627.085
1537,0,0,0,10.4304,450.01
418,0,0,0,10.4258,424.459
417,0,0,0,10.4222,405.641
1989,0,0,0,10.405,316.253
432,0,0,0,10.3984,284.899
435,0,0,0,10.3931,258.307
431,0,0,0,10.3869,226.993
439,0,0,0,10.3676,134.379
672,0,0,0,10.3488,42.3249
610,0,0,0,10.34,0
140,0,0,1,10.7768,2265.99,0.0808333,352.571,0.24,2
360,0,0,1,10.7364,2049.39
369,0,0,1,10.7151,1934.59
376,0,0,1,10.6999,1847.5
382,0,0,1,10.6845,1761.84
390,0,0,1,10.6669,1668.95
397,0,0,1,10.6501,1579.19
389,0,0,1,10.6387,1517.62
388,0,0,1,10.6148,1391.82
352,0,0,1,10.5997,1308.54
135,0,0,2,10.9995,3372.05,0.0473333,206.454,0.18,3
133,0,0,2,10.9891,3314.96
134,0,0,2,10.9814,3263
129,0,0,2,10.9726,3218.38
1717,0,0,2,10.9487,3087.44
128,0,0,2,10.9251,2957.57
127,0,0,2,10.9215,2939.01
132,0,0,2,10.9051,2854.43
140,0,0,2,10.8576,2618.56
179,0,0,3,11.1213,3974.3,0.0948333,413.634,0.23,4
178,0,0,3,11.0967,3848.09
177,0,0,3,11.0913,3820.42
2091,0,0,3,11.0774,3743.2
171,0,0,3,11.0617,3660.83
135,0,0,3,11.0468,3578.5
524,0,0,4,11.3501,5101.53,0.0955,416.542,0.49,5
523,0,0,4,11.3432,5066.56
508,0,0,4,11.324,4964.7
483,0,0,4,11.3121,4905.76
482,0,0,4,11.3065,4878.86
454,0,0,4,11.2807,4735.85
448,0,0,4,11.2735,4691.07
447,0,0,4,11.2635,4637.44
1976,0,0,4,11.2582,4607.67
1975,0,0,4,11.243,4528.9
2129,0,0,4,11.2297,4457.13
179,0,0,4,11.2161,4387.93
1044,0,0,5,11.5731,6184.68,0.111833,487.783,0.12,6
1043,0,0,5,11.5673,6155.74
2029,0,0,5,11.5672,6155.33
1016,0,0,5,11.563,6132.16
1548,0,0,5,11.5559,6095.33
1012,0,0,5,11.5513,6071.74
1014,0,0,5,11.5508,6068.88
989,0,0,5,11.5397,6010.57
990,0,0,5,11.5296,5960.31
991,0,0,5,11.5271,5947.96
706,0,0,5,11.52,5908.5
704,0,0,5,11.5174,5895.73
2179,0,0,5,11.5172,5894.86
662,0,0,5,11.511,5865.21
602,0,0,5,11.4997,5796.94
604,0,0,5,11.4971,5780.14
596,0,0,5,11.497,5779.17
551,0,0,5,11.4904,5745.44
548,0,0,5,11.4783,5683.81
526,0,0,5,11.4647,5614.32
527,0,0,5,11.4602,5592.44
523,0,0,5,11.4525,5553.04
524,0,0,5,11.4456,5518.07
1780,0,0,6,11.82,7369.05,0.0545,237.713,0.16,7
2171,0,0,6,11.8194,7365.88
1549,0,0,6,11.8128,7330.87
1148,0,0,6,11.8092,7311
1128,0,0,6,11.7971,7249.9
2045,0,0,6,11.7739,7133.81
1120,0,0,6,11.7557,7038.41
1094,0,0,6,11.7495,7006.88
1091,0,0,6,11.7422,6967.87
1092,0,0,6,11.7378,6945.41
1074,0,0,6,11.7324,6916.83
1077,0,0,6,11.7228,6866.01
1080,0,0,6,11.7094,6798.81
1079,0,0,6,11.7028,6764.35
1061,0,0,6,11.6985,6743.07
1063,0,0,6,11.695,6724.9
1062,0,0,6,11.6939,6717.82
2159,0,0,6,11.6937,6716.71
1045,0,0,6,11.693,6713.56
1043,0,0,6,11.6896,6696.36
1044,0,0,6,11.685,6672.46
1314,0,0,7,12.0056,8285.54,0.0708333,308.954,0.24,8
2163,0,0,7,11.9935,8217.3
2051,0,0,7,11.9557,8021.32
1154,0,0,7,11.939,7932.17
1156,0,0,7,11.9321,7894.6
1155,0,0,7,11.9174,7821.25
1781,0,0,7,11.9111,7789.36
2107,0,0,7,11.9039,7753.2
1779,0,0,7,11.8827,7646.31
1780,0,0,7,11.8745,7606.76
1563,0,0,8,12.1163,8817,0.0391667,170.833,0.05,9
2164,0,0,8,12.1078,8767.9
1313,0,0,8,12.0851,8645.31
1309,0,0,8,12.077,8597.37
1314,0,0,8,12.0764,8594.5
954,0,0,9,12.2811,9650.19,0.0338333,147.571,0.27,10
956,0,0,9,12.2556,9519.63
955,0,0,9,12.2485,9483.85
1598,0,0,9,12.2289,9383
2025,0,0,9,12.2252,9362.48
949,0,0,9,12.2219,9345.62
1302,0,0,9,12.1952,9205.95
1307,0,0,9,12.18,9122.17
2164,0,0,9,12.1638,9036.7
1563,0,0,9,12.1555,8987.84
610,0,0,10,12.5475,11029.2,0,0,0
614,0,0,10,12.5381,10983
612,0,0,10,12.5357,10969.1
423,0,0,10,12.5319,10946.3
419,0,0,10,12.5252,10908.7
420,0,0,10,12.5192,10872.7
421,0,0,10,12.5146,10845.2
417,0,0,10,12.5096,10818.5
1989,0,0,10,12.4912,10724.3
2011,0,0,10,12.4719,10624.6
2156,0,0,10,12.4664,10596.5
2013,0,0,10,12.4658,10593.4
886,0,0,10,12.4576,10550.8
888,0,0,10,12.4392,10450.7
903,0,0,10,12.4294,10397.7
904,0,0,10,12.4261,10380
925,0,0,10,12.4025,10251.5
2019,0,0,10,12.3971,10224.2
929,0,0,10,12.3967,10222.2
928,0,0,10,12.3716,10095.3
947,0,0,10,12.355,10007.6
946,0,0,10,12.3461,9959.5
945,0,0,10,12.3216,9832.69
954,0,0,10,12.3149,9797.76
352,1,0,0,10.52,1091.91,0.0496667,216.631,0.16,1
388,1,0,0,10.5008,990.979
397,1,0,0,10.4654,802.974
399,1,0,0,10.448,709.579
411,1,0,0,10.4328,627.085
1537,1,0,0,10.4004,450.01
418,1,0,0,10.3958,424.459
417,1,0,0,10.3922,405.641
1989,1,0,0,10.375,316.253
432,1,0,0,10.3684,284.899
435,1,0,0,10.3631,258.307
431,1,0,0,10.3569,226.993
439,1,0,0,10.3376,134.379
672,1,0,0,10.3188,42.3249
610,1,0,0,10.31,0
140,1,0,1,10.7468,2265.99,0.0808333,352.571,0.24,2
360,1,0,1,10.7064,2049.39
369,1,0,1,10.6851,1934.59
376,1,0,1,10.6699,1847.5
382,1,0,1,10.6545,1761.84
390,1,0,1,10.6369,1668.95
397,1,0,1,10.6201,1579.19
389,1,0,1,10.6087,1517.62
388,1,0,1,10.5848,1391.82
352,1,0,1,10.5697,1308.54
135,1,0,2,10.9695,3372.05,0.0473333,206.454,0.18,3
133,1,0,2,10.9591,3314.96
134,1,0,2,10.9514,3263
129,1,0,2,10.9426,3218.38
1717,1,0,2,10.9187,3087.44
128,1,0,2,10.8951,2957.57
127,1,0,2,10.8915,2939.01
132,1,0,2,10.8751,2854.43
140,1,0,2,10.8276,2618.56
179,1,0,3,11.0913,3974.3,0.0948333,413.634,0.23,4
178,1,0,3,11.0667,3848.09
177,1,0,3,11.0613,3820.42
2091,1,0,3,11.0474,3743.2
171,1,0,3,11.0317,3660.83
135,1,0,3,11.0168,3578.5
524,1,0,4,11.3201,5101.53,0.0955,416.542,0.49,5
523,1,0,4,11.3132,5066.56
508,1,0,4,11.294,4964.7
483,1,0,4,11.2821,4905.76
482,1,0,4,11.2765,4878.86
454,1,0,4,11.2507,4735.85
448,1,0,4,11.2435,4691.07
447,1,0,4,11.2335,4637.44
1976,1,0,4,11.2282,4607.67
1975,1,0,4,11.213,4528.9
2129,1,0,4,11.1997,4457.13
179,1,0,4,11.1861,4387.93
1044,1,0,5,11.5431,6184.68,0.111833,487.783,0.12,6
1043,1,0,5,11.5373,6155.74
2029,1,0,5,11.5372,6155.33
1016,1,0,5,11.533,6132.16
1548,1,0,5,11.5259,6095.33
1012,1,0,5,11.5213,6071.74
1014,1,0,5,11.5208,6068.88
989,1,0,5,11.5097,6010.57
990,1,0,5,11.4996,5960.31
991,1,0,5,11.4971,5947.96
706,1,0,5,11.49,5908.5
704,1,0,5,11.4874,5895.73
2179,1,0,5,11.4872,5894.86
662,1,0,5,11.481,5865.21
602,1,0,5,11.4697,5796.94
604,1,0,5,11.4671,5780.14
596,1,0,5,11.467,5779.17
551,1,0,5,11.4604,5745.44
548,1,0,5,11.4483,5683.81
526,1,0,5,11.4347,5614.32
527,1,0,5,11.4302,5592.44
523,1,0,5,11.4225,5553.04
524,1,0,5,11.4156,5518.07
1780,1,0,6,11.79,7369.05,0.0545,237.713,0.16,7
2171,1,0,6,11.7894,7365.88
1549,1,0,6,11.7828,7330.87
1148,1,0,6,11.7793,7311
1128,1,0,6,11.7671,7249.9
2045,1,0,6,11.7439,7133.81
1120,1,0,6,11.7257,7038.41
1094,1,0,6,11.7195,7006.88
1091,1,0,6,11.7122,6967.87
1092,1,0,6,11.7078,6945.41
1074,1,0,6,11.7024,6916.83
1077,1,0,6,11.6928,6866.01
1080,1,0,6,11.6794,6798.81
1079,1,0,6,11.6728,6764.35
1061,1,0,6,11.6685,6743.07
1063,1,0,6,11.665,6724.9
1062,1,0,6,11.6639,6717.82
2159,1,0,6,11.6637,6716.71
1045,1,0,6,11.663,6713.56
1043,1,0,6,11.6596,6696.36
1044,1,0,6,11.655,6672.46
1314,1,0,7,11.9756,8285.54,0.0836667,364.929,0.21,8
2163,1,0,7,11.9635,8217.3
2051,1,0,7,11.9257,8021.32
1154,1,0,7,11.909,7932.17
1156,1,0,7,11.9021,7894.6
1155,1,0,7,11.8874,7821.25
1781,1,0,7,11.8811,7789.36
2107,1,0,7,11.8739,7753.2
1779,1,0,7,11.8527,7646.31
1780,1,0,7,11.8445,7606.76
1563,1,0,8,12.0991,8872.98,0.0391667,170.833,0.05,9
2164,1,0,8,12.0907,8823.87
1313,1,0,8,12.068,8701.29
1309,1,0,8,12.0598,8653.34
1314,1,0,8,12.0592,8650.47
954,1,0,9,12.2639,9706.16,0.0338333,147.571,0.27,10
956,1,0,9,12.2384,9575.61
955,1,0,9,12.2313,9539.82
1598,1,0,9,12.2118,9438.98
2025,1,0,9,12.208,9418.46
949,1,0,9,12.2047,9401.6
1302,1,0,9,12.178,9261.93
1307,1,0,9,12.1629,9178.14
2164,1,0,9,12.1466,9092.67
1563,1,0,9,12.1383,9043.81
610,1,0,10,12.5303,11085.2,0,0,0
614,1,0,10,12.521,11038.9
612,1,0,10,12.5185,11025.1
423,1,0,10,12.5148,11002.3
419,1,0,10,12.5081,10964.7
420,1,0,10,12.502,10928.7
421,1,0,10,12.4974,10901.2
417,1,0,10,12.4924,10874.5
1989,1,0,10,12.474,10780.3
2011,1,0,10,12.4547,10680.5
2156,1,0,10,12.4493,10652.5
2013,1,0,10,12.4486,10649.3
886,1,0,10,12.4404,10606.7
888,1,0,10,12.422,10506.7
903,1,0,10,12.4122,10453.7
904,1,0,10,12.409,10436
925,1,0,10,12.3854,10307.5
2019,1,0,10,12.3799,10280.2
929,1,0,10,12.3795,10278.2
928,1,0,10,12.3544,10151.3
947,1,0,10,12.3378,10063.5
946,1,0,10,12.3289,10015.5
945,1,0,10,12.3044,9888.67
954,1,0,10,12.2977,9853.73
352,2,0,0,10.42,1091.91,0.0496667,216.631,0.16,1
388,2,0,0,10.4008,990.979
397,2,0,0,10.3654,802.974
399,2,0,0,10.348,709.579
411,2,0,0,10.3328,627.085
1537,2,0,0,10.3004,450.01
418,2,0,0,10.2958,424.459
417,2,0,0,10.2922,405.641
1989,2,0,0,10.275,316.253
432,2,0,0,10.2684,284.899
435,2,0,0,10.2631,258.307
431,2,0,0,10.2569,226.993
439,2,0,0,10.2376,134.379
672,2,0,0,10.2188,42.3249
610,2,0,0,10.21,0
140,2,0,1,10.6468,2265.99,0.0808333,352.571,0.24,2
360,2,0,1,10.6064,2049.39
369,2,0,1,10.5851,1934.59
376,2,0,1,10.5699,1847.5
382,2,0,1,10.5545,1761.84
390,2,0,1,10.5369,1668.95
397,2,0,1,10.5201,1579.19
389,2,0,1,10.5087,1517.62
388,2,0,1,10.4848,1391.82
352,2,0,1,10.4697,1308.54
135,2,0,2,10.8695,3372.05,0.0473333,206.454,0.18,3
133,2,0,2,10.8591,3314.96
134,2,0,2,10.8514,3263
129,2,0,2,10.8426,3218.38
1717,2,0,2,10.8187,3087.44
128,2,0,2,10.7951,2957.57
127,2,0,2,10.7915,2939.01
132,2,0,2,10.7751,2854.43
140,2,0,2,10.7276,2618.56
179,2,0,3,10.9916,3976.11,0.0905,394.734,0.19,4
178,2,0,3,10.9691,3858.17
177,2,0,3,10.9642,3833.16
2091,2,0,3,10.9499,3753.75
171,2,0,3,10.9345,3672.88
135,2,0,3,10.9168,3578.5
524,2,0,4,11.2161,5084.43,0.0955,416.542,0.49,5
523,2,0,4,11.2092,5049.46
508,2,0,4,11.19,4947.6
483,2,0,4,11.1781,4888.66
482,2,0,4,11.1725,4861.77
454,2,0,4,11.1467,4718.75
448,2,0,4,11.1396,4673.97
447,2,0,4,11.1295,4620.34
1976,2,0,4,11.1242,4590.57
1975,2,0,4,11.109,4511.8
2129,2,0,4,11.0957,4440.03
179,2,0,4,11.0821,4370.84
1044,2,0,5,11.4392,6167.59,0.111833,487.783,0.12,6
1043,2,0,5,11.4334,6138.65
2029,2,0,5,11.4333,6138.23
1016,2,0,5,11.4291,6115.07
1548,2,0,5,11.4219,6078.23
1012,2,0,5,11.4173,6054.65
1014,2,0,5,11.4168,6051.78
989,2,0,5,11.4057,5993.48
990,2,0,5,11.3957,5943.22
991,2,0,5,11.3931,5930.87
706,2,0,5,11.3861,5891.4
704,2,0,5,11.3834,5878.63
2179,2,0,5,11.3832,5877.77
662,2,0,5,11.377,5848.12
602,2,0,5,11.3657,5779.84
604,2,0,5,11.3631,5763.04
596,2,0,5,11.363,5762.07
551,2,0,5,11.3564,5728.34
548,2,0,5,11.3443,5666.72
526,2,0,5,11.3307,5597.22
527,2,0,5,11.3263,5575.35
523,2,0,5,11.3185,5535.95
524,2,0,5,11.3116,5500.97
1780,2,0,6,11.6861,7351.96,0.0545,237.713,0.16,7
2171,2,0,6,11.6854,7348.79
1549,2,0,6,11.6788,7313.78
1148,2,0,6,11.6753,7293.9
1128,2,0,6,11.6631,7232.8
2045,2,0,6,11.64,7116.71
1120,2,0,6,11.6217,7021.31
1094,2,0,6,11.6155,6989.78
1091,2,0,6,11.6082,6950.78
1092,2,0,6,11.6039,6928.32
1074,2,0,6,11.5985,6899.74
1077,2,0,6,11.5889,6848.92
1080,2,0,6,11.5754,6781.71
1079,2,0,6,11.5688,6747.26
1061,2,0,6,11.5645,6725.97
1063,2,0,6,11.561,6707.81
1062,2,0,6,11.5599,6700.73
2159,2,0,6,11.5597,6699.61
1045,2,0,6,11.559,6696.46
1043,2,0,6,11.5556,6679.26
1044,2,0,6,11.551,6655.37
1314,2,0,7,11.8716,8268.45,0.0836667,364.929,0.21,8
2163,2,0,7,11.8595,8200.2
2051,2,0,7,11.8217,8004.23
1154,2,0,7,11.805,7915.08
1156,2,0,7,11.7981,7877.51
1155,2,0,7,11.7834,7804.15
1781,2,0,7,11.7771,7772.27
2107,2,0,7,11.7699,7736.11
1779,2,0,7,11.7487,7629.21
1780,2,0,7,11.7406,7589.67
1563,2,0,8,12.0004,8878.01,0.0391667,170.833,0.05,9
2164,2,0,8,11.9883,8813.86
1313,2,0,8,11.9639,8684.1
1309,2,0,8,11.9558,8636.25
1314,2,0,8,11.9553,8633.38
954,2,0,9,12.1652,9711.19,0.0338333,147.571,0.27,10
956,2,0,9,12.1397,9580.64
955,2,0,9,12.1326,9544.85
1598,2,0,9,12.1131,9444.01
2025,2,0,9,12.1094,9423.49
949,2,0,9,12.106,9406.63
1302,2,0,9,12.0793,9266.96
1307,2,0,9,12.0642,9183.17
2164,2,0,9,12.0479,9097.7
1563,2,0,9,12.0396,9048.84
610,2,0,10,12.4317,11090.2,0,0,0
614,2,0,10,12.4223,11044
612,2,0,10,12.4198,11030.1
423,2,0,10,12.4161,11007.3
419,2,0,10,12.4094,10969.7
420,2,0,10,12.4033,10933.7
421,2,0,10,12.3987,10906.2
417,2,0,10,12.3937,10879.5
1989,2,0,10,12.3753,10785.3
2011,2,0,10,12.356,10685.6
2156,2,0,10,12.3506,10657.5
2013,2,0,10,12.3499,10654.4
886,2,0,10,12.3418,10611.8
888,2,0,10,12.3234,10511.7
903,2,0,10,12.3136,10458.7
904,2,0,10,12.3103,10441
925,2,0,10,12.2867,10312.5
2019,2,0,10,12.2813,10285.2
929,2,0,10,12.2809,10283.2
928,2,0,10,12.2557,10156.3
947,2,0,10,12.2391,10068.6
946,2,0,10,12.2302,10020.5
945,2,0,10,12.2058,9893.7
954,2,0,10,12.1991,9858.76
352,3,0,0,10.37,1091.91,0.0496667,216.631,0.16,1
388,3,0,0,10.3508,990.979
397,3,0,0,10.3154,802.974
399,3,0,0,10.298,709.579
411,3,0,0,10.2828,627.085
1537,3,0,0,10.2504,450.01
418,3,0,0,10.2458,424.459
417,3,0,0,10.2422,405.641
1989,3,0,0,10.225,316.253
432,3,0,0,10.2184,284.899
435,3,0,0,10.2131,258.307
431,3,0,0,10.2069,226.993
439,3,0,0,10.1876,134.379
672,3,0,0,10.1688,42.3249
610,3,0,0,10.16,0
140,3,0,1,10.5968,2265.99,0.0808333,352.571,0.24,2
360,3,0,1,10.5564,2049.39
369,3,0,1,10.5351,1934.59
376,3,0,1,10.5199,1847.5
382,3,0,1,10.5045,1761.84
390,3,0,1,10.4869,1668.95
397,3,0,1,10.4701,1579.19
389,3,0,1,10.4587,1517.62
388,3,0,1,10.4348,1391.82
352,3,0,1,10.4197,1308.54
135,3,0,2,10.8195,3372.05,0.0473333,206.454,0.18,3
133,3,0,2,10.8091,3314.96
134,3,0,2,10.8014,3263
129,3,0,2,10.7926,3218.38
1717,3,0,2,10.7687,3087.44
128,3,0,2,10.7451,2957.57
127,3,0,2,10.7415,2939.01
132,3,0,2,10.7251,2854.43
140,3,0,2,10.6776,2618.56
179,3,0,3,10.9416,3976.11,0.0905,394.734,0.19,4
178,3,0,3,10.9191,3858.17
177,3,0,3,10.9142,3833.16
2091,3,0,3,10.8999,3753.75
171,3,0,3,10.8845,3672.88
135,3,0,3,10.8668,3578.5
524,3,0,4,11.1661,5084.43,0.0955,416.542,0.49,5
523,3,0,4,11.1592,5049.46
508,3,0,4,11.14,4947.6
483,3,0,4,11.1281,4888.66
482,3,0,4,11.1225,4861.77
454,3,0,4,11.0967,4718.75
448,3,0,4,11.0896,4673.97
447,3,0,4,11.0795,4620.34
1976,3,0,4,11.0742,4590.57
1975,3,0,4,11.059,4511.8
2129,3,0,4,11.0457,4440.03
179,3,0,4,11.0321,4370.84
1044,3,0,5,11.3892,6167.59,0.111833,487.783,0.12,6
1043,3,0,5,11.3834,6138.65
2029,3,0,5,11.3833,6138.23
1016,3,0,5,11.3791,6115.07
1548,3,0,5,11.3719,6078.23
1012,3,0,5,11.3673,6054.65
1014,3,0,5,11.3668,6051.78
989,3,0,5,11.3557,5993.48
990,3,0,5,11.3457,5943.22
991,3,0,5,11.3431,5930.87
706,3,0,5,11.3361,5891.4
704,3,0,5,11.3334,5878.63
2179,3,0,5,11.3332,5877.77
662,3,0,5,11.327,5848.12
602,3,0,5,11.3157,5779.84
604,3,0,5,11.3131,5763.04
596,3,0,5,11.313,5762.07
551,3,0,5,11.3064,5728.34
548,3,0,5,11.2943,5666.72
526,3,0,5,11.2807,5597.22
527,3,0,5,11.2763,5575.35
523,3,0,5,11.2685,5535.95
524,3,0,5,11.2616,5500.97
1780,3,0,6,11.6361,7351.96,0.0545,237.713,0.16,7
2171,3,0,6,11.6354,7348.79
1549,3,0,6,11.6288,7313.78
1148,3,0,6,11.6253,7293.9
1128,3,0,6,11.6131,7232.8
2045,3,0,6,11.59,7116.71
1120,3,0,6,11.5717,7021.31
1094,3,0,6,11.5655,6989.78
1091,3,0,6,11.5582,6950.78
1092,3,0,6,11.5539,6928.32
1074,3,0,6,11.5485,6899.74
1077,3,0,6,11.5389,6848.92
1080,3,0,6,11.5254,6781.71
1079,3,0,6,11.5188,6747.26
1061,3,0,6,11.5145,6725.97
1063,3,0,6,11.511,6707.81
1062,3,0,6,11.5099,6700.73
2159,3,0,6,11.5097,6699.61
1045,3,0,6,11.509,6696.46
1043,3,0,6,11.5056,6679.26
1044,3,0,6,11.501,6655.37
1314,3,0,7,11.8216,8268.45,0.0836667,364.929,0.21,8
2163,3,0,7,11.8095,8200.2
2051,3,0,7,11.7717,8004.23
1154,3,0,7,11.755,7915.08
1156,3,0,7,11.7481,7877.51
1155,3,0,7,11.7334,7804.15
1781,3,0,7,11.7271,7772.27
2107,3,0,7,11.7199,7736.11
1779,3,0,7,11.6987,7629.21
1780,3,0,7,11.6906,7589.67
1563,3,0,8,11.9504,8878.01,0.06,261.702,0.03,9
2164,3,0,8,11.9383,8813.86
1313,3,0,8,11.9139,8684.1
1309,3,0,8,11.9058,8636.25
1314,3,0,8,11.9053,8633.38
954,3,0,9,12.1361,9802.06,0.0338333,147.571,0.27,10
956,3,0,9,12.1105,9671.51
955,3,0,9,12.1035,9635.72
1598,3,0,9,12.0839,9534.88
2025,3,0,9,12.0802,9514.36
949,3,0,9,12.0769,9497.5
1302,3,0,9,12.0502,9357.83
1307,3,0,9,12.035,9274.04
2164,3,0,9,12.0188,9188.57
1563,3,0,9,12.0104,9139.71
610,3,0,10,12.4025,11181.1,0,0,0
614,3,0,10,12.3931,11134.8
612,3,0,10,12.3907,11121
423,3,0,10,12.3869,11098.2
419,3,0,10,12.3802,11060.6
420,3,0,10,12.3741,11024.6
421,3,0,10,12.3696,10997.1
417,3,0,10,12.3646,10970.4
1989,3,0,10,12.3461,10876.2
2011,3,0,10,12.3268,10776.4
2156,3,0,10,12.3214,10748.4
2013,3,0,10,12.3208,10745.2
886,3,0,10,12.3126,10702.6
888,3,0,10,12.2942,10602.6
903,3,0,10,12.2844,10549.6
904,3,0,10,12.2811,10531.9
925,3,0,10,12.2575,10403.4
2019,3,0,10,12.2521,10376.1
929,3,0,10,12.2517,10374.1
928,3,0,10,12.2266,10247.2
947,3,0,10,12.21,10159.4
946,3,0,10,12.2011,10111.4
945,3,0,10,12.1766,9984.57
954,3,0,10,12.1699,9949.63
1044,4,0,0,10.4639,789.474,0.0425,185.372,0.08,1
1043,4,0,0,10.4589,764.208
2158,4,0,0,10.452,728.848
2030,4,0,0,10.448,709.012
1011,4,0,0,10.4479,708.14
1547,4,0,0,10.4348,643.242
1546,4,0,0,10.4304,620.079
975,4,0,0,10.427,602.282
2026,4,0,0,10.4206,568.492
2027,4,0,0,10.4161,545.262
1998,4,0,0,10.406,493.634
686,4,0,0,10.4022,473.636
685,4,0,0,10.3915,419.441
681,4,0,0,10.3849,384.678
682,4,0,0,10.376,338.439
677,4,0,0,10.368,296.886
678,4,0,0,10.3618,265.906
674,4,0,0,10.3472,189.995
669,4,0,0,10.3341,120.422
673,4,0,0,10.3268,81.4569
672,4,0,0,10.3188,42.3249
610,4,0,0,10.31,0
1780,4,0,1,10.6446,1684.64,0.0645,281.33,0.14,2
2171,4,0,1,10.644,1681.47
1549,4,0,1,10.6364,1642.24
1148,4,0,1,10.6327,1621.55
1128,4,0,1,10.6207,1561.04
2045,4,0,1,10.603,1468.22
1120,4,0,1,10.5875,1384.11
1094,4,0,1,10.5807,1350.45
1091,4,0,1,10.5672,1285.7
1092,4,0,1,10.563,1263.56
1074,4,0,1,10.5571,1233.11
1077,4,0,1,10.5468,1179.31
1080,4,0,1,10.5318,1105.49
1079,4,0,1,10.5236,1064.36
1061,4,0,1,10.5193,1043.07
1063,4,0,1,10.5158,1024.86
1062,4,0,1,10.5147,1017.81
2159,4,0,1,10.5145,1016.59
1045,4,0,1,10.5138,1013.44
1043,4,0,1,10.5106,997.286
1044,4,0,1,10.5064,974.847
1314,4,0,2,10.861,2732.03,0.113667,495.78,0.18,3
2163,4,0,2,10.8453,2648.01
2051,4,0,2,10.807,2449.94
1154,4,0,2,10.7857,2341.13
1156,4,0,2,10.7758,2290.77
1155,4,0,2,10.7631,2226.05
1781,4,0,2,10.7566,2193.16
2107,4,0,2,10.7497,2158.38
1779,4,0,2,10.7186,2010.91
1780,4,0,2,10.7091,1965.97
1563,4,0,3,11.0175,3461.55,0.06,261.702,0.03,4
2164,4,0,3,11.0056,3398.48
1313,4,0,3,10.9837,3279.02
1309,4,0,3,10.9753,3230.68
1314,4,0,3,10.9747,3227.81
954,4,0,4,11.2082,4405.62,0.102,444.893,0.25,5
956,4,0,4,11.1804,4265.29
955,4,0,4,11.1718,4223.57
1598,4,0,4,11.1522,4122.09
2025,4,0,4,11.1486,4102.41
949,4,0,4,11.1454,4086.01
1302,4,0,4,11.1234,3966.62
1307,4,0,4,11.1078,3880.77
2164,4,0,4,11.0889,3784.07
1563,4,0,4,11.0775,3723.25
352,4,0,5,11.5377,6018.89,0.112667,491.418,0.14,6
1983,4,0,5,11.5127,5893.48
813,4,0,5,11.4665,5662.15
822,4,0,5,11.436,5506.17
2153,4,0,5,11.415,5394.24
831,4,0,5,11.415,5394.16
825,4,0,5,11.4146,5392.13
834,4,0,5,11.4031,5331.69
835,4,0,5,11.3961,5289.62
2154,4,0,5,11.3701,5151.93
857,4,0,5,11.3614,5106.38
926,4,0,5,11.3534,5063.83
945,4,0,5,11.3162,4882.63
954,4,0,5,11.3102,4850.52
140,4,0,6,11.8351,7499.68,0.0621667,271.152,0.24,7
360,4,0,6,11.7959,7288.22
369,4,0,6,11.7727,7165.41
376,4,0,6,11.755,7068.15
382,4,0,6,11.7384,6977.52
390,4,0,6,11.7228,6893.1
397,4,0,6,11.7063,6804.54
389,4,0,6,11.6947,6742.17
388,4,0,6,11.6696,6611.61
352,4,0,6,11.6504,6510.31
135,4,0,7,12.0281,8478.12,0.0491667,214.45,0.14,8
133,4,0,7,12.0193,8426.91
134,4,0,7,12.0117,8374.95
129,4,0,7,12.004,8335.31
1717,4,0,7,11.9827,8215.72
128,4,0,7,11.9494,8044.64
127,4,0,7,11.9461,8027.2
132,4,0,7,11.924,7919.19
140,4,0,7,11.8973,7770.83
179,4,0,8,12.1574,9112.6,0.0786667,343.12,0.27,9
178,4,0,8,12.1335,8989.21
177,4,0,8,12.1284,8963.17
2091,4,0,8,12.1118,8873.93
171,4,0,8,12.095,8786.82
135,4,0,8,12.0773,8692.57
524,4,0,9,12.3669,10157.6,0.0848333,370.017,0.45,10
523,4,0,9,12.3595,10120.7
508,4,0,9,12.3381,10009.2
483,4,0,9,12.3279,9957.19
482,4,0,9,12.3245,9939.6
454,4,0,9,12.2984,9795.38
448,4,0,9,12.2916,9751.02
447,4,0,9,12.2798,9689.94
1976,4,0,9,12.2745,9660.03
1975,4,0,9,12.2613,9589.6
2129,4,0,9,12.2485,9520.14
179,4,0,9,12.2361,9455.72
610,4,0,10,12.5842,11280.3,0,0,0
614,4,0,10,12.5748,11234
612,4,0,10,12.5723,11220.2
423,4,0,10,12.5686,11197.4
609,4,0,10,12.5627,11141.1
628,4,0,10,12.5527,11067.1
561,4,0,10,12.5489,11042.3
557,4,0,10,12.5408,10994.2
554,4,0,10,12.5385,10982.4
565,4,0,10,12.5304,10937.4
573,4,0,10,12.5251,10910.8
574,4,0,10,12.5178,10861.3
1844,4,0,10,12.5147,10843.3
575,4,0,10,12.5119,10827.2
578,4,0,10,12.5067,10796.8
543,4,0,10,12.485,10690.6
522,4,0,10,12.4712,10622.2
521,4,0,10,12.4651,10592.5
525,4,0,10,12.4575,10556.2
524,4,0,10,12.4517,10527.6
1044,5,0,0,10.1539,789.474,0.0425,185.372,0.08,1
1043,5,0,0,10.1489,764.208
2158,5,0,0,10.142,728.848
2030,5,0,0,10.138,709.012
1011,5,0,0,10.1378,708.14
1547,5,0,0,10.1248,643.242
1546,5,0,0,10.1204,620.079
975,5,0,0,10.117,602.282
2026,5,0,0,10.1106,568.492
2027,5,0,0,10.1061,545.262
1998,5,0,0,10.096,493.634
686,5,0,0,10.0922,473.636
685,5,0,0,10.0815,419.441
681,5,0,0,10.0749,384.678
682,5,0,0,10.066,338.439
677,5,0,0,10.058,296.886
678,5,0,0,10.0518,265.906
674,5,0,0,10.0372,189.995
669,5,0,0,10.0241,120.422
673,5,0,0,10.0168,81.4569
672,5,0,0,10.0088,42.3249
610,5,0,0,10,0
1780,5,0,1,10.3346,1684.64,0.0645,281.33,0.14,2
2171,5,0,1,10.334,1681.47
1549,5,0,1,10.3264,1642.24
1148,5,0,1,10.3227,1621.55
1128,5,0,1,10.3107,1561.04
2045,5,0,1,10.293,1468.22
1120,5,0,1,10.2775,1384.11
1094,5,0,1,10.2707,1350.45
1091,5,0,1,10.2572,1285.7
1092,5,0,1,10.253,1263.56
1074,5,0,1,10.2471,1233.11
1077,5,0,1,10.2368,1179.31
1080,5,0,1,10.2218,1105.49
1079,5,0,1,10.2136,1064.36
1061,5,0,1,10.2093,1043.07
1063,5,0,1,10.2058,1024.86
1062,5,0,1,10.2047,1017.81
2159,5,0,1,10.2045,1016.59
1045,5,0,1,10.2038,1013.44
1043,5,0,1,10.2006,997.286
1044,5,0,1,10.1964,974.847
1314,5,0,2,10.551,2732.03,0.113667,495.78,0.18,3
2163,5,0,2,10.5353,2648.01
2051,5,0,2,10.497,2449.94
1154,5,0,2,10.4757,2341.13
1156,5,0,2,10.4658,2290.77
1155,5,0,2,10.4531,2226.05
1781,5,0,2,10.4466,2193.16
2107,5,0,2,10.4397,2158.38
1779,5,0,2,10.4086,2010.91
1780,5,0,2,10.3991,1965.97
1563,5,0,3,10.7075,3461.55,0.099,431.808,0.04,4
2164,5,0,3,10.6956,3398.48
1313,5,0,3,10.6737,3279.02
1309,5,0,3,10.6653,3230.68
1314,5,0,3,10.6647,3227.81
954,5,0,4,10.9323,4554.68,0.0603333,263.156,0.24,5
956,5,0,4,10.9053,4417.74
955,5,0,4,10.8962,4373.66
1598,5,0,4,10.8755,4267.98
2025,5,0,4,10.8713,4245.34
949,5,0,4,10.8684,4230.21
1302,5,0,4,10.8488,4121.02
1307,5,0,4,10.8335,4036.77
2164,5,0,4,10.8167,3948.87
1563,5,0,4,10.8065,3893.36
352,5,0,5,11.198,5891.95,0.112667,491.418,0.14,6
1983,5,0,5,11.1747,5773.74
813,5,0,5,11.1377,5581.12
822,5,0,5,11.114,5453.97
2153,5,0,5,11.0929,5341.76
831,5,0,5,11.0929,5341.68
825,5,0,5,11.0925,5339.65
834,5,0,5,11.0823,5284.73
835,5,0,5,11.0738,5237.81
2154,5,0,5,11.0441,5084.39
857,5,0,5,11.0354,5038.42
926,5,0,5,11.0254,4987.59
945,5,0,5,10.999,4851.25
954,5,0,5,10.9926,4817.83
140,5,0,6,11.4953,7372.73,0.0621667,271.152,0.24,7
360,5,0,6,11.4562,7161.27
369,5,0,6,11.433,7038.46
376,5,0,6,11.4152,6941.2
382,5,0,6,11.3987,6850.57
390,5,0,6,11.383,6766.15
397,5,0,6,11.3665,6677.59
389,5,0,6,11.3549,6615.23
388,5,0,6,11.3299,6484.66
352,5,0,6,11.3106,6383.36
135,5,0,7,11.6884,8351.17,0.113833,496.507,0.15,8
133,5,0,7,11.6795,8299.96
134,5,0,7,11.6719,8248
129,5,0,7,11.6643,8208.36
1717,5,0,7,11.643,8088.77
128,5,0,7,11.6097,7917.69
127,5,0,7,11.6063,7900.25
132,5,0,7,11.5843,7792.24
140,5,0,7,11.5575,7643.88
179,5,0,8,11.8767,9243.47,0.0948333,413.634,0.23,9
178,5,0,8,11.8522,9117.27
177,5,0,8,11.8467,9089.59
2091,5,0,8,11.8328,9012.37
171,5,0,8,11.8171,8930.01
135,5,0,8,11.8022,8847.67
524,5,0,9,12.1055,10370.7,0.0848333,370.017,0.45,10
523,5,0,9,12.0986,10335.7
508,5,0,9,12.0794,10233.9
483,5,0,9,12.0675,10174.9
482,5,0,9,12.0619,10148
454,5,0,9,12.0361,10005
448,5,0,9,12.0289,9960.24
447,5,0,9,12.0189,9906.61
1976,5,0,9,12.0136,9876.84
1975,5,0,9,11.9984,9798.07
2129,5,0,9,11.9851,9726.3
179,5,0,9,11.9715,9657.11
610,5,0,10,12.3227,11493.4,0,0,0
614,5,0,10,12.3134,11447.1
612,5,0,10,12.3109,11433.3
423,5,0,10,12.3072,11410.5
609,5,0,10,12.3013,11354.2
628,5,0,10,12.2913,11280.1
561,5,0,10,12.2875,11255.4
557,5,0,10,12.2794,11207.3
554,5,0,10,12.2771,11195.5
565,5,0,10,12.269,11150.5
573,5,0,10,12.2637,11123.9
574,5,0,10,12.2564,11074.4
1844,5,0,10,12.2533,11056.4
575,5,0,10,12.2505,11040.3
578,5,0,10,12.2453,11009.8
543,5,0,10,12.2236,10903.7
522,5,0,10,12.2098,10835.3
521,5,0,10,12.2037,10805.6
525,5,0,10,12.1961,10769.3
524,5,0,10,12.1903,10740.7
1044,6,0,0,10.2139,789.474,0.0425,185.372,0.08,1
1043,6,0,0,10.2089,764.208
2158,6,0,0,10.202,728.848
2030,6,0,0,10.198,709.012
1011,6,0,0,10.1979,708.14
1547,6,0,0,10.1848,643.242
1546,6,0,0,10.1804,620.079
975,6,0,0,10.177,602.282
2026,6,0,0,10.1706,568.492
2027,6,0,0,10.1661,545.262
1998,6,0,0,10.156,493.634
686,6,0,0,10.1522,473.636
685,6,0,0,10.1415,419.441
681,6,0,0,10.1349,384.678
682,6,0,0,10.126,338.439
677,6,0,0,10.118,296.886
678,6,0,0,10.1118,265.906
674,6,0,0,10.0972,189.995
669,6,0,0,10.0841,120.422
673,6,0,0,10.0768,81.4569
672,6,0,0,10.0688,42.3249
610,6,0,0,10.06,0
1780,6,0,1,10.3946,1684.64,0.0645,281.33,0.14,2
2171,6,0,1,10.394,1681.47
1549,6,0,1,10.3864,1642.24
1148,6,0,1,10.3827,1621.55
1128,6,0,1,10.3707,1561.04
2045,6,0,1,10.353,1468.22
1120,6,0,1,10.3375,1384.11
1094,6,0,1,10.3307,1350.45
1091,6,0,1,10.3172,1285.7
1092,6,0,1,10.313,1263.56
1074,6,0,1,10.3071,1233.11
1077,6,0,1,10.2968,1179.31
1080,6,0,1,10.2818,1105.49
1079,6,0,1,10.2736,1064.36
1061,6,0,1,10.2693,1043.07
1063,6,0,1,10.2658,1024.86
1062,6,0,1,10.2647,1017.81
2159,6,0,1,10.2645,1016.59
1045,6,0,1,10.2638,1013.44
1043,6,0,1,10.2606,997.286
1044,6,0,1,10.2564,974.847
1314,6,0,2,10.611,2732.03,0.113667,495.78,0.18,3
2163,6,0,2,10.5953,2648.01
2051,6,0,2,10.557,2449.94
1154,6,0,2,10.5357,2341.13
1156,6,0,2,10.5258,2290.77
1155,6,0,2,10.5131,2226.05
1781,6,0,2,10.5066,2193.16
2107,6,0,2,10.4997,2158.38
1779,6,0,2,10.4686,2010.91
1780,6,0,2,10.4591,1965.97
1563,6,0,3,10.7675,3461.55,0.099,431.808,0.04,4
2164,6,0,3,10.7556,3398.48
1313,6,0,3,10.7337,3279.02
1309,6,0,3,10.7253,3230.68
1314,6,0,3,10.7247,3227.81
954,6,0,4,10.9923,4554.68,0.0603333,263.156,0.24,5
956,6,0,4,10.9653,4417.74
955,6,0,4,10.9562,4373.66
1598,6,0,4,10.9355,4267.98
2025,6,0,4,10.9313,4245.34
949,6,0,4,10.9284,4230.21
1302,6,0,4,10.9088,4121.02
1307,6,0,4,10.8935,4036.77
2164,6,0,4,10.8767,3948.87
1563,6,0,4,10.8665,3893.36
352,6,0,5,11.2801,5986.21,0.112667,491.418,0.14,6
1983,6,0,5,11.2552,5860.8
813,6,0,5,11.209,5629.47
822,6,0,5,11.1784,5473.49
2153,6,0,5,11.1574,5361.56
831,6,0,5,11.1574,5361.48
825,6,0,5,11.157,5359.45
834,6,0,5,11.1456,5299.01
835,6,0,5,11.1386,5256.94
2154,6,0,5,11.1126,5119.25
857,6,0,5,11.1039,5073.69
926,6,0,5,11.0958,5031.14
945,6,0,5,11.0587,4849.95
954,6,0,5,11.0526,4817.83
140,6,0,6,11.5775,7467,0.0621667,271.152,0.24,7
360,6,0,6,11.5383,7255.54
369,6,0,6,11.5151,7132.72
376,6,0,6,11.4974,7035.47
382,6,0,6,11.4809,6944.84
390,6,0,6,11.4652,6860.42
397,6,0,6,11.4487,6771.85
389,6,0,6,11.4371,6709.49
388,6,0,6,11.4121,6578.93
352,6,0,6,11.3928,6477.63
179,6,0,7,11.833,8783.72,0.0948333,413.634,0.23,8
178,6,0,7,11.8084,8657.51
177,6,0,7,11.8029,8629.84
184,6,0,7,11.7825,8518.51
440,6,0,7,11.7659,8427.32
451,6,0,7,11.7471,8331.61
368,6,0,7,11.7285,8226.56
367,6,0,7,11.7258,8211.7
361,6,0,7,11.6928,8027.5
360,6,0,7,11.6826,7965.6
140,6,0,7,11.6397,7738.15
135,6,0,8,12.0135,9646.26,0.0491667,214.45,0.14,9
171,6,0,8,11.996,9553.03
2091,6,0,8,11.9833,9483.38
172,6,0,8,11.9805,9468.52
1535,6,0,8,11.9708,9416.92
177,6,0,8,11.9606,9362.76
178,6,0,8,11.9556,9337.4
179,6,0,8,11.9278,9197.35
524,6,0,9,12.2536,10884.2,0.0848333,370.017,0.45,10
523,6,0,9,12.2462,10847.3
508,6,0,9,12.2248,10735.8
483,6,0,9,12.2146,10683.8
482,6,0,9,12.2112,10666.2
454,6,0,9,12.1851,10522
455,6,0,9,12.1828,10507.8
453,6,0,9,12.1736,10442.2
446,6,0,9,12.1644,10391.2
442,6,0,9,12.15,10321.2
1857,6,0,9,12.1405,10272.6
441,6,0,9,12.1354,10247.5
185,6,0,9,12.1251,10192.5
177,6,0,9,12.1138,10131.3
2091,6,0,9,12.0971,10042.1
171,6,0,9,12.0803,9954.97
135,6,0,9,12.0626,9860.71
610,6,0,10,12.4709,12006.9,0,0,0
614,6,0,10,12.4615,11960.7
612,6,0,10,12.459,11946.8
423,6,0,10,12.4553,11924
609,6,0,10,12.4494,11867.7
628,6,0,10,12.4394,11793.7
561,6,0,10,12.4356,11768.9
557,6,0,10,12.4275,11720.8
554,6,0,10,12.4252,11709
565,6,0,10,12.4171,11664
573,6,0,10,12.4118,11637.4
574,6,0,10,12.4045,11587.9
1844,6,0,10,12.4014,11569.9
575,6,0,10,12.3986,11553.9
578,6,0,10,12.3934,11523.4
543,6,0,10,12.3717,11417.2
522,6,0,10,12.3579,11348.8
521,6,0,10,12.3518,11319.1
525,6,0,10,12.3442,11282.8
524,6,0,10,12.3384,11254.2
140,7,0,0,12.4331,1267.67,0.107833,470.336,0.23,1
360,7,0,0,12.3901,1039.77
366,7,0,0,12.3729,944.016
2134,7,0,0,12.3607,877.325
2136,7,0,0,12.3486,811.43
393,7,0,0,12.3144,638.037
401,7,0,0,12.302,569.949
1739,7,0,0,12.2925,517.625
1742,7,0,0,12.2843,475.985
1741,7,0,0,12.2787,445.167
418,7,0,0,12.2709,404.29
417,7,0,0,12.2675,385.81
1989,7,0,0,12.249,291.597
432,7,0,0,12.2454,272.441
435,7,0,0,12.2401,245.849
431,7,0,0,12.2336,213.515
439,7,0,0,12.2181,136.101
672,7,0,0,12.2005,49.3878
610,7,0,0,12.19,0
135,7,0,1,12.6977,2577.71,0.0491667,214.45,0.14,2
133,7,0,1,12.6882,2524.26
134,7,0,1,12.6806,2472.31
129,7,0,1,12.6725,2430.59
1717,7,0,1,12.6421,2272.04
128,7,0,1,12.6166,2134.16
127,7,0,1,12.613,2115.77
139,7,0,1,12.5613,1849.63
140,7,0,1,12.541,1738.01
179,7,0,2,12.827,3212.19,0.0786667,343.12,0.27,3
178,7,0,2,12.8031,3088.8
177,7,0,2,12.798,3062.76
2091,7,0,2,12.7814,2973.52
171,7,0,2,12.7646,2886.41
135,7,0,2,12.7469,2792.16
524,7,0,3,13.0365,4257.2,0.0808333,352.571,0.41,4
523,7,0,3,13.0292,4220.28
508,7,0,3,13.0077,4108.81
483,7,0,3,12.9975,4056.78
482,7,0,3,12.9941,4039.2
454,7,0,3,12.9681,3894.97
448,7,0,3,12.9613,3850.61
447,7,0,3,12.9495,3789.53
1976,7,0,3,12.9441,3759.62
1975,7,0,3,12.9309,3689.2
2129,7,0,3,12.9181,3619.73
179,7,0,3,12.9057,3555.31
610,7,0,4,13.2483,5368.36,0,0,0
614,7,0,4,13.2399,5326.22
612,7,0,4,13.2371,5311.04
423,7,0,4,13.2336,5288.6
609,7,0,4,13.2277,5232.28
628,7,0,4,13.2179,5158.27
561,7,0,4,13.214,5133.51
557,7,0,4,13.2066,5086.27
554,7,0,4,13.2044,5075.13
565,7,0,4,13.1943,5021.48
573,7,0,4,13.189,4994.89
574,7,0,4,13.1817,4945.42
1844,7,0,4,13.1786,4927.39
575,7,0,4,13.1758,4911.31
578,7,0,4,13.1706,4880.76
586,7,0,4,13.167,4862.12
583,7,0,4,13.1633,4842.55
589,7,0,4,13.1529,4794.66
581,7,0,4,13.1493,4774.72
544,7,0,4,13.1336,4695.81
523,7,0,4,13.1232,4640.45
524,7,0,4,13.1174,4609.77
1044,7,1,0,10.1539,789.474,0.0425,185.372,0.08,1
1043,7,1,0,10.1489,764.208
2158,7,1,0,10.142,728.848
2030,7,1,0,10.138,709.012
1011,7,1,0,10.1378,708.14
1547,7,1,0,10.1248,643.242
1546,7,1,0,10.1204,620.079
975,7,1,0,10.117,602.282
2026,7,1,0,10.1106,568.492
2027,7,1,0,10.1061,545.262
1998,7,1,0,10.096,493.634
686,7,1,0,10.0922,473.636
685,7,1,0,10.0815,419.441
681,7,1,0,10.0749,384.678
682,7,1,0,10.066,338.439
677,7,1,0,10.058,296.886
678,7,1,0,10.0518,265.906
674,7,1,0,10.0372,189.995
669,7,1,0,10.0241,120.422
673,7,1,0,10.0168,81.4569
672,7,1,0,10.0088,42.3249
610,7,1,0,10,0
1780,7,1,1,10.3346,1684.64,0.0645,281.33,0.14,2
2171,7,1,1,10.334,1681.47
1549,7,1,1,10.3264,1642.24
1148,7,1,1,10.3227,1621.55
1128,7,1,1,10.3107,1561.04
2045,7,1,1,10.293,1468.22
1120,7,1,1,10.2775,1384.11
1094,7,1,1,10.2707,1350.45
1091,7,1,1,10.2572,1285.7
1092,7,1,1,10.253,1263.56
1074,7,1,1,10.2471,1233.11
1077,7,1,1,10.2368,1179.31
1080,7,1,1,10.2218,1105.49
1079,7,1,1,10.2136,1064.36
1061,7,1,1,10.2093,1043.07
1063,7,1,1,10.2058,1024.86
1062,7,1,1,10.2047,1017.81
2159,7,1,1,10.2045,1016.59
1045,7,1,1,10.2038,1013.44
1043,7,1,1,10.2006,997.286
1044,7,1,1,10.1964,974.847
1314,7,1,2,10.551,2732.03,0.113667,495.78,0.18,3
2163,7,1,2,10.5353,2648.01
2051,7,1,2,10.497,2449.94
1154,7,1,2,10.4757,2341.13
1156,7,1,2,10.4658,2290.77
1155,7,1,2,10.4531,2226.05
1781,7,1,2,10.4466,2193.16
2107,7,1,2,10.4397,2158.38
1779,7,1,2,10.4086,2010.91
1780,7,1,2,10.3991,1965.97
1563,7,1,3,10.7075,3461.55,0.099,431.808,0.04,4
2164,7,1,3,10.6956,3398.48
1313,7,1,3,10.6737,3279.02
1309,7,1,3,10.6653,3230.68
1314,7,1,3,10.6647,3227.81
954,7,1,4,10.9323,4554.68,0.0603333,263.156,0.24,5
956,7,1,4,10.9053,4417.74
955,7,1,4,10.8962,4373.66
1598,7,1,4,10.8755,4267.98
2025,7,1,4,10.8713,4245.34
949,7,1,4,10.8684,4230.21
1302,7,1,4,10.8488,4121.02
1307,7,1,4,10.8335,4036.77
2164,7,1,4,10.8167,3948.87
1563,7,1,4,10.8065,3893.36
352,7,1,5,11.198,5891.95,0.112667,491.418,0.14,6
1983,7,1,5,11.1747,5773.74
813,7,1,5,11.1377,5581.12
822,7,1,5,11.114,5453.97
2153,7,1,5,11.0929,5341.76
831,7,1,5,11.0929,5341.68
825,7,1,5,11.0925,5339.65
834,7,1,5,11.0823,5284.73
835,7,1,5,11.0738,5237.81
2154,7,1,5,11.0441,5084.39
857,7,1,5,11.0354,5038.42
926,7,1,5,11.0254,4987.59
945,7,1,5,10.999,4851.25
954,7,1,5,10.9926,4817.83
610,7,1,6,11.4678,7224.76,0,0,0
614,7,1,6,11.4596,7183.27
612,7,1,6,11.4571,7169.12
423,7,1,6,11.4531,7146.05
419,7,1,6,11.4485,7111.61
418,7,1,6,11.4332,7026.69
2139,7,1,6,11.4293,7005.26
2138,7,1,6,11.4109,6903.82
411,7,1,6,11.3973,6829
412,7,1,6,11.3948,6809.99
398,7,1,6,11.3814,6735.66
410,7,1,6,11.3811,6734.46
409,7,1,6,11.367,6659.55
408,7,1,6,11.3466,6559.54
352,7,1,6,11.3106,6383.36
1044,8,0,0,10.1539,789.474,0.0425,185.372,0.08,1
1043,8,0,0,10.1489,764.208
2158,8,0,0,10.142,728.848
2030,8,0,0,10.138,709.012
1011,8,0,0,10.1378,708.14
1547,8,0,0,10.1248,643.242
1546,8,0,0,10.1204,620.079
975,8,0,0,10.117,602.282
2026,8,0,0,10.1106,568.492
2027,8,0,0,10.1061,545.262
1998,8,0,0,10.096,493.634
686,8,0,0,10.0922,473.636
685,8,0,0,10.0815,419.441
681,8,0,0,10.0749,384.678
682,8,0,0,10.066,338.439
677,8,0,0,10.058,296.886
678,8,0,0,10.0518,265.906
674,8,0,0,10.0372,189.995
669,8,0,0,10.0241,120.422
673,8,0,0,10.0168,81.4569
672,8,0,0,10.0088,42.3249
610,8,0,0,10,0
1780,8,0,1,10.3346,1684.64,0.0645,281.33,0.14,2
2171,8,0,1,10.334,1681.47
1549,8,0,1,10.3264,1642.24
1148,8,0,1,10.3227,1621.55
1128,8,0,1,10.3107,1561.04
2045,8,0,1,10.293,1468.22
1120,8,0,1,10.2775,1384.11
1094,8,0,1,10.2707,1350.45
1091,8,0,1,10.2572,1285.7
1092,8,0,1,10.253,1263.56
1074,8,0,1,10.2471,1233.11
1077,8,0,1,10.2368,1179.31
1080,8,0,1,10.2218,1105.49
1079,8,0,1,10.2136,1064.36
1061,8,0,1,10.2093,1043.07
1063,8,0,1,10.2058,1024.86
1062,8,0,1,10.2047,1017.81
2159,8,0,1,10.2045,1016.59
1045,8,0,1,10.2038,1013.44
1043,8,0,1,10.2006,997.286
1044,8,0,1,10.1964,974.847
1314,8,0,2,10.551,2732.03,0.113667,495.78,0.18,3
2163,8,0,2,10.5353,2648.01
2051,8,0,2,10.497,2449.94
1154,8,0,2,10.4757,2341.13
1156,8,0,2,10.4658,2290.77
1155,8,0,2,10.4531,2226.05
1781,8,0,2,10.4466,2193.16
2107,8,0,2,10.4397,2158.38
1779,8,0,2,10.4086,2010.91
1780,8,0,2,10.3991,1965.97
1563,8,0,3,10.7075,3461.55,0.099,431.808,0.04,4
2164,8,0,3,10.6956,3398.48
1313,8,0,3,10.6737,3279.02
1309,8,0,3,10.6653,3230.68
1314,8,0,3,10.6647,3227.81
954,8,0,4,10.9323,4554.68,0.0603333,263.156,0.24,5
956,8,0,4,10.9053,4417.74
955,8,0,4,10.8962,4373.66
1598,8,0,4,10.8755,4267.98
2025,8,0,4,10.8713,4245.34
949,8,0,4,10.8684,4230.21
1302,8,0,4,10.8488,4121.02
1307,8,0,4,10.8335,4036.77
2164,8,0,4,10.8167,3948.87
1563,8,0,4,10.8065,3893.36
352,8,0,5,11.198,5891.95,0.112667,491.418,0.14,6
1983,8,0,5,11.1747,5773.74
813,8,0,5,11.1377,5581.12
822,8,0,5,11.114,5453.97
2153,8,0,5,11.0929,5341.76
831,8,0,5,11.0929,5341.68
825,8,0,5,11.0925,5339.65
834,8,0,5,11.0823,5284.73
835,8,0,5,11.0738,5237.81
2154,8,0,5,11.0441,5084.39
857,8,0,5,11.0354,5038.42
926,8,0,5,11.0254,4987.59
945,8,0,5,10.999,4851.25
954,8,0,5,10.9926,4817.83
140,8,0,6,11.4953,7372.73,0.0621667,271.152,0.24,7
360,8,0,6,11.4562,7161.27
369,8,0,6,11.433,7038.46
376,8,0,6,11.4152,6941.2
382,8,0,6,11.3987,6850.57
390,8,0,6,11.383,6766.15
397,8,0,6,11.3665,6677.59
389,8,0,6,11.3549,6615.23
388,8,0,6,11.3299,6484.66
352,8,0,6,11.3106,6383.36
135,8,0,7,11.6884,8351.17,0.113833,496.507,0.15,8
133,8,0,7,11.6795,8299.96
134,8,0,7,11.6719,8248
129,8,0,7,11.6643,8208.36
1717,8,0,7,11.643,8088.77
128,8,0,7,11.6097,7917.69
127,8,0,7,11.6063,7900.25
132,8,0,7,11.5843,7792.24
140,8,0,7,11.5575,7643.88
179,8,0,8,11.8767,9243.47,0.0948333,413.634,0.23,9
178,8,0,8,11.8522,9117.27
177,8,0,8,11.8467,9089.59
2091,8,0,8,11.8328,9012.37
171,8,0,8,11.8171,8930.01
135,8,0,8,11.8022,8847.67
610,8,0,9,12.1823,10839.6,0,0,0
614,8,0,9,12.1741,10798.1
612,8,0,9,12.1716,10784
426,8,0,9,12.1617,10731.4
424,8,0,9,12.1594,10718
407,8,0,9,12.142,10626.8
406,8,0,9,12.1372,10602.2
403,8,0,9,12.1335,10573.6
394,8,0,9,12.1228,10516.9
384,8,0,9,12.1187,10495.6
385,8,0,9,12.115,10476.4
377,8,0,9,12.1116,10458.3
2134,8,0,9,12.0967,10373
371,8,0,9,12.0917,10332.1
372,8,0,9,12.0751,10226.5
460,8,0,9,12.0693,10191.9
461,8,0,9,12.0592,10125.7
462,8,0,9,12.0576,10111.4
1990,8,0,9,12.0498,10058.3
1857,8,0,9,12.0328,9971.26
441,8,0,9,12.0279,9946.95
185,8,0,9,12.0168,9888.76
177,8,0,9,12.0043,9822.52
178,8,0,9,11.9994,9797.16
179,8,0,9,11.9715,9657.11
524,8,1,0,13.7206,741.136,0.0808333,352.571,0.41,1
525,8,1,0,13.7129,704.818
546,8,1,0,13.6911,601.333
583,8,1,0,13.6753,522.372
580,8,1,0,13.6729,508.176
574,8,1,0,13.6524,400.638
573,8,1,0,13.6432,348.55
564,8,1,0,13.6359,309.306
557,8,1,0,13.63,276.225
561,8,1,0,13.6233,229.691
628,8,1,0,13.6191,204.318
615,8,1,0,13.6142,176.338
608,8,1,0,13.6022,111.42
607,8,1,0,13.5991,95.0275
606,8,1,0,13.5911,54.728
610,8,1,0,13.58,0
610,8,1,1,13.9323,1852.3,0,0,0
614,8,1,1,13.9239,1810.15
612,8,1,1,13.9211,1794.97
423,8,1,1,13.9177,1772.53
609,8,1,1,13.9118,1716.21
628,8,1,1,13.9019,1642.21
561,8,1,1,13.898,1617.44
557,8,1,1,13.8906,1570.21
554,8,1,1,13.8884,1559.06
565,8,1,1,13.8783,1505.42
573,8,1,1,13.873,1478.82
574,8,1,1,13.8657,1429.36
1844,8,1,1,13.8626,1411.32
575,8,1,1,13.8599,1395.24
578,8,1,1,13.8546,1364.69
586,8,1,1,13.8511,1346.06
583,8,1,1,13.8474,1326.48
589,8,1,1,13.8369,1278.6
581,8,1,1,13.8333,1258.65
544,8,1,1,13.8176,1179.74
523,8,1,1,13.8073,1124.38
524,8,1,1,13.8014,1093.71
1044,9,0,0,10.2139,789.474,0.0425,185.372,0.08,1
1043,9,0,0,10.2089,764.208
2158,9,0,0,10.202,728.848
2030,9,0,0,10.198,709.012
1011,9,0,0,10.1979,708.14
1547,9,0,0,10.1848,643.242
1546,9,0,0,10.1804,620.079
975,9,0,0,10.177,602.282
2026,9,0,0,10.1706,568.492
2027,9,0,0,10.1661,545.262
1998,9,0,0,10.156,493.634
686,9,0,0,10.1522,473.636
685,9,0,0,10.1415,419.441
681,9,0,0,10.1349,384.678
682,9,0,0,10.126,338.439
677,9,0,0,10.118,296.886
678,9,0,0,10.1118,265.906
674,9,0,0,10.0972,189.995
669,9,0,0,10.0841,120.422
673,9,0,0,10.0768,81.4569
672,9,0,0,10.0688,42.3249
610,9,0,0,10.06,0
1780,9,0,1,10.3946,1684.64,0.0645,281.33,0.14,2
2171,9,0,1,10.394,1681.47
1549,9,0,1,10.3864,1642.24
1148,9,0,1,10.3827,1621.55
1128,9,0,1,10.3707,1561.04
2045,9,0,1,10.353,1468.22
1120,9,0,1,10.3375,1384.11
1094,9,0,1,10.3307,1350.45
1091,9,0,1,10.3172,1285.7
1092,9,0,1,10.313,1263.56
1074,9,0,1,10.3071,1233.11
1077,9,0,1,10.2968,1179.31
1080,9,0,1,10.2818,1105.49
1079,9,0,1,10.2736,1064.36
1061,9,0,1,10.2693,1043.07
1063,9,0,1,10.2658,1024.86
1062,9,0,1,10.2647,1017.81
2159,9,0,1,10.2645,1016.59
1045,9,0,1,10.2638,1013.44
1043,9,0,1,10.2606,997.286
1044,9,0,1,10.2564,974.847
1314,9,0,2,10.611,2732.03,0.113667,495.78,0.18,3
2163,9,0,2,10.5953,2648.01
2051,9,0,2,10.557,2449.94
1154,9,0,2,10.5357,2341.13
1156,9,0,2,10.5258,2290.77
1155,9,0,2,10.5131,2226.05
1781,9,0,2,10.5066,2193.16
2107,9,0,2,10.4997,2158.38
1779,9,0,2,10.4686,2010.91
1780,9,0,2,10.4591,1965.97
1563,9,0,3,10.7675,3461.55,0.099,431.808,0.04,4
2164,9,0,3,10.7556,3398.48
1313,9,0,3,10.7337,3279.02
1309,9,0,3,10.7253,3230.68
1314,9,0,3,10.7247,3227.81
954,9,0,4,10.9923,4554.68,0.0603333,263.156,0.24,5
956,9,0,4,10.9653,4417.74
955,9,0,4,10.9562,4373.66
1598,9,0,4,10.9355,4267.98
2025,9,0,4,10.9313,4245.34
949,9,0,4,10.9284,4230.21
1302,9,0,4,10.9088,4121.02
1307,9,0,4,10.8935,4036.77
2164,9,0,4,10.8767,3948.87
1563,9,0,4,10.8665,3893.36
352,9,0,5,11.2801,5986.21,0.112667,491.418,0.14,6
1983,9,0,5,11.2552,5860.8
813,9,0,5,11.209,5629.47
822,9,0,5,11.1784,5473.49
2153,9,0,5,11.1574,5361.56
831,9,0,5,11.1574,5361.48
825,9,0,5,11.157,5359.45
834,9,0,5,11.1456,5299.01
835,9,0,5,11.1386,5256.94
2154,9,0,5,11.1126,5119.25
857,9,0,5,11.1039,5073.69
926,9,0,5,11.0958,5031.14
945,9,0,5,11.0587,4849.95
954,9,0,5,11.0526,4817.83
140,9,0,6,11.5775,7467,0.0621667,271.152,0.24,7
360,9,0,6,11.5383,7255.54
369,9,0,6,11.5151,7132.72
376,9,0,6,11.4974,7035.47
382,9,0,6,11.4809,6944.84
390,9,0,6,11.4652,6860.42
397,9,0,6,11.4487,6771.85
389,9,0,6,11.4371,6709.49
388,9,0,6,11.4121,6578.93
352,9,0,6,11.3928,6477.63
179,9,0,7,11.833,8783.72,0.0948333,413.634,0.23,8
178,9,0,7,11.8084,8657.51
177,9,0,7,11.8029,8629.84
184,9,0,7,11.7825,8518.51
440,9,0,7,11.7659,8427.32
451,9,0,7,11.7471,8331.61
368,9,0,7,11.7285,8226.56
367,9,0,7,11.7258,8211.7
361,9,0,7,11.6928,8027.5
360,9,0,7,11.6826,7965.6
140,9,0,7,11.6397,7738.15
135,9,0,8,12.0135,9646.26,0.0491667,214.45,0.14,9
171,9,0,8,11.996,9553.03
2091,9,0,8,11.9833,9483.38
172,9,0,8,11.9805,9468.52
1535,9,0,8,11.9708,9416.92
177,9,0,8,11.9606,9362.76
178,9,0,8,11.9556,9337.4
179,9,0,8,11.9278,9197.35
610,9,0,9,12.2967,11135.8,0,0,0
614,9,0,9,12.2873,11089.6
612,9,0,9,12.2848,11075.7
426,9,0,9,12.2758,11026.6
424,9,0,9,12.2733,11012.9
407,9,0,9,12.2481,10888.6
406,9,0,9,12.2422,10859.4
403,9,0,9,12.2287,10795
394,9,0,9,12.2188,10741.8
384,9,0,9,12.2156,10724.6
385,9,0,9,12.212,10706
377,9,0,9,12.2087,10688
2134,9,0,9,12.192,10595.7
371,9,0,9,12.1872,10554.7
372,9,0,9,12.169,10446.9
460,9,0,9,12.1634,10412.5
461,9,0,9,12.1542,10347.1
1716,9,0,9,12.1458,10303.2
451,9,0,9,12.1412,10279.4
440,9,0,9,12.1242,10191.3
184,9,0,9,12.1083,10103.1
138,9,0,9,12.091,10010.5
133,9,0,9,12.0757,9929.39
135,9,0,9,12.0626,9860.71
524,9,1,0,13.5706,741.136,0.0808333,352.571,0.41,1
525,9,1,0,13.5629,704.818
546,9,1,0,13.5411,601.333
583,9,1,0,13.5253,522.372
580,9,1,0,13.5229,508.176
574,9,1,0,13.5024,400.638
573,9,1,0,13.4932,348.55
564,9,1,0,13.4859,309.306
557,9,1,0,13.48,276.225
561,9,1,0,13.4733,229.691
628,9,1,0,13.4691,204.318
615,9,1,0,13.4642,176.338
608,9,1,0,13.4522,111.42
607,9,1,0,13.4491,95.0275
606,9,1,0,13.4411,54.728
610,9,1,0,13.43,0
610,9,1,1,13.7823,1852.3,0,0,0
614,9,1,1,13.7739,1810.15
612,9,1,1,13.7711,1794.97
423,9,1,1,13.7677,1772.53
609,9,1,1,13.7618,1716.21
628,9,1,1,13.7519,1642.21
561,9,1,1,13.748,1617.44
557,9,1,1,13.7406,1570.21
554,9,1,1,13.7384,1559.06
565,9,1,1,13.7283,1505.42
573,9,1,1,13.723,1478.82
574,9,1,1,13.7157,1429.36
1844,9,1,1,13.7126,1411.32
575,9,1,1,13.7099,1395.24
578,9,1,1,13.7046,1364.69
586,9,1,1,13.7011,1346.06
583,9,1,1,13.6974,1326.48
589,9,1,1,13.6869,1278.6
581,9,1,1,13.6833,1258.65
544,9,1,1,13.6676,1179.74
523,9,1,1,13.6573,1124.38
524,9,1,1,13.6514,1093.71
1044,10,0,0,10.1539,789.474,0.0425,185.372,0.08,1
1043,10,0,0,10.1489,764.208
2158,10,0,0,10.142,728.848
2030,10,0,0,10.138,709.012
1011,10,0,0,10.1378,708.14
1547,10,0,0,10.1248,643.242
1546,10,0,0,10.1204,620.079
975,10,0,0,10.117,602.282
2026,10,0,0,10.1106,568.492
2027,10,0,0,10.1061,545.262
1998,10,0,0,10.096,493.634
686,10,0,0,10.0922,473.636
685,10,0,0,10.0815,419.441
681,10,0,0,10.0749,384.678
682,10,0,0,10.066,338.439
677,10,0,0,10.058,296.886
678,10,0,0,10.0518,265.906
674,10,0,0,10.0372,189.995
669,10,0,0,10.0241,120.422
673,10,0,0,10.0168,81.4569
672,10,0,0,10.0088,42.3249
610,10,0,0,10,0
1780,10,0,1,10.3346,1684.64,0.0645,281.33,0.14,2
2171,10,0,1,10.334,1681.47
1549,10,0,1,10.3264,1642.24
1148,10,0,1,10.3227,1621.55
1128,10,0,1,10.3107,1561.04
2045,10,0,1,10.293,1468.22
1120,10,0,1,10.2775,1384.11
1094,10,0,1,10.2707,1350.45
1091,10,0,1,10.2572,1285.7
1092,10,0,1,10.253,1263.56
1074,10,0,1,10.2471,1233.11
1077,10,0,1,10.2368,1179.31
1080,10,0,1,10.2218,1105.49
1079,10,0,1,10.2136,1064.36
1061,10,0,1,10.2093,1043.07
1063,10,0,1,10.2058,1024.86
1062,10,0,1,10.2047,1017.81
2159,10,0,1,10.2045,1016.59
1045,10,0,1,10.2038,1013.44
1043,10,0,1,10.2006,997.286
1044,10,0,1,10.1964,974.847
1314,10,0,2,10.551,2732.03,0.113667,495.78,0.18,3
2163,10,0,2,10.5353,2648.01
2051,10,0,2,10.497,2449.94
1154,10,0,2,10.4757,2341.13
1156,10,0,2,10.4658,2290.77
1155,10,0,2,10.4531,2226.05
1781,10,0,2,10.4466,2193.16
2107,10,0,2,10.4397,2158.38
1779,10,0,2,10.4086,2010.91
1780,10,0,2,10.3991,1965.97
1563,10,0,3,10.7075,3461.55,0.099,431.808,0.04,4
2164,10,0,3,10.6956,3398.48
1313,10,0,3,10.6737,3279.02
1309,10,0,3,10.6653,3230.68
1314,10,0,3,10.6647,3227.81
954,10,0,4,10.9323,4554.68,0.0603333,263.156,0.24,5
956,10,0,4,10.9053,4417.74
955,10,0,4,10.8962,4373.66
1598,10,0,4,10.8755,4267.98
2025,10,0,4,10.8713,4245.34
949,10,0,4,10.8684,4230.21
1302,10,0,4,10.8488,4121.02
1307,10,0,4,10.8335,4036.77
2164,10,0,4,10.8167,3948.87
1563,10,0,4,10.8065,3893.36
140,10,0,5,11.3139,6512.61,0.0621667,271.152,0.24,6
360,10,0,5,11.2713,6286.73
369,10,0,5,11.2497,6170.69
376,10,0,5,11.2334,6078.91
382,10,0,5,11.218,5993.24
390,10,0,5,11.2004,5900.35
397,10,0,5,11.1836,5810.59
409,10,0,5,11.1624,5703.77
1985,10,0,5,11.1342,5569.47
881,10,0,5,11.1084,5429.94
880,10,0,5,11.0934,5348.61
899,10,0,5,11.06,5171.38
911,10,0,5,11.053,5134.57
926,10,0,5,11.0254,4987.59
945,10,0,5,10.999,4851.25
954,10,0,5,10.9926,4817.83
135,10,0,6,11.5069,7491.05,0.113833,496.507,0.15,7
133,10,0,6,11.4981,7439.84
134,10,0,6,11.4904,7387.89
129,10,0,6,11.4828,7348.24
1717,10,0,6,11.4615,7228.65
128,10,0,6,11.4282,7057.57
127,10,0,6,11.4249,7040.13
132,10,0,6,11.4028,6932.13
140,10,0,6,11.376,6783.77
179,10,0,7,11.6952,8383.36,0.0948333,413.634,0.23,8
178,10,0,7,11.6707,8257.15
177,10,0,7,11.6652,8229.48
2091,10,0,7,11.6514,8152.25
171,10,0,7,11.6357,8069.89
135,10,0,7,11.6207,7987.56
610,10,0,8,12.0009,9979.48,0,0,0
614,10,0,8,11.9926,9938
612,10,0,8,11.9901,9923.85
426,10,0,8,11.9803,9871.31
424,10,0,8,11.9779,9857.91
407,10,0,8,11.9605,9766.66
406,10,0,8,11.9558,9742.06
403,10,0,8,11.9521,9713.51
394,10,0,8,11.9414,9656.77
384,10,0,8,11.9372,9635.47
385,10,0,8,11.9335,9616.24
377,10,0,8,11.9302,9598.22
2134,10,0,8,11.9153,9512.88
371,10,0,8,11.9102,9471.99
372,10,0,8,11.8936,9366.36
460,10,0,8,11.8879,9331.81
461,10,0,8,11.8777,9265.62
462,10,0,8,11.8761,9251.24
1990,10,0,8,11.8683,9198.21
1857,10,0,8,11.8513,9111.15
441,10,0,8,11.8464,9086.83
185,10,0,8,11.8354,9028.64
177,10,0,8,11.8228,8962.4
178,10,0,8,11.8179,8937.04
179,10,0,8,11.7901,8796.99
524,10,1,0,13.1906,741.136,0.0808333,352.571,0.41,1
525,10,1,0,13.1829,704.818
546,10,1,0,13.1611,601.333
583,10,1,0,13.1453,522.372
580,10,1,0,13.1429,508.176
574,10,1,0,13.1224,400.638
573,10,1,0,13.1132,348.55
564,10,1,0,13.1059,309.306
557,10,1,0,13.1,276.225
561,10,1,0,13.0933,229.691
628,10,1,0,13.0891,204.318
615,10,1,0,13.0842,176.338
608,10,1,0,13.0722,111.42
607,10,1,0,13.0691,95.0275
606,10,1,0,13.0611,54.728
610,10,1,0,13.05,0
352,10,1,1,13.5438,2604.64,0.0423333,184.645,0.11,2
388,10,1,1,13.5234,2498.27
397,10,1,1,13.4841,2294.3
399,10,1,1,13.4645,2191.27
411,10,1,1,13.4503,2112.78
1537,10,1,1,13.4143,1920.29
418,10,1,1,13.4095,1893.97
419,10,1,1,13.3943,1809.83
423,10,1,1,13.3877,1772.53
609,10,1,1,13.3818,1716.21
628,10,1,1,13.3719,1642.21
561,10,1,1,13.368,1617.44
557,10,1,1,13.3606,1570.21
554,10,1,1,13.3584,1559.06
565,10,1,1,13.3483,1505.42
573,10,1,1,13.343,1478.82
574,10,1,1,13.3357,1429.36
1844,10,1,1,13.3326,1411.32
575,10,1,1,13.3299,1395.24
578,10,1,1,13.3246,1364.69
586,10,1,1,13.3211,1346.06
583,10,1,1,13.3174,1326.48
589,10,1,1,13.3069,1278.6
581,10,1,1,13.3033,1258.65
544,10,1,1,13.2876,1179.74
523,10,1,1,13.2773,1124.38
524,10,1,1,13.2714,1093.71
610,10,1,2,13.7395,3635.75,0,0,0
614,10,1,2,13.7311,3593.61
612,10,1,2,13.7283,3578.43
423,10,1,2,13.7249,3555.99
419,10,1,2,13.7196,3521.15
418,10,1,2,13.7013,3423.6
2139,10,1,2,13.698,3404.12
2138,10,1,2,13.6816,3311.38
411,10,1,2,13.6692,3242.06
412,10,1,2,13.6672,3222.55
398,10,1,2,13.6527,3143.85
397,10,1,2,13.642,3083.05
389,10,1,2,13.6299,3018.6
388,10,1,2,13.6038,2883.49
352,10,1,2,13.5862,2789.29
524,11,0,0,13.1506,741.136,0.0808333,352.571,0.41,1
525,11,0,0,13.1429,704.818
546,11,0,0,13.1211,601.333
583,11,0,0,13.1053,522.372
580,11,0,0,13.1029,508.176
574,11,0,0,13.0824,400.638
573,11,0,0,13.0732,348.55
564,11,0,0,13.0659,309.306
557,11,0,0,13.06,276.225
561,11,0,0,13.0533,229.691
628,11,0,0,13.0491,204.318
615,11,0,0,13.0442,176.338
608,11,0,0,13.0322,111.42
607,11,0,0,13.0291,95.0275
606,11,0,0,13.0211,54.728
610,11,0,0,13.01,0
135,11,0,1,13.4435,2191.54,0.0926667,404.184,0.12,2
171,11,0,1,13.4199,2072.16
2091,11,0,1,13.4065,1999.75
172,11,0,1,13.4038,1985.34
1535,11,0,1,13.3958,1940.81
177,11,0,1,13.3873,1894.12
185,11,0,1,13.376,1833.06
441,11,0,1,13.364,1771.1
1857,11,0,1,13.3591,1746.52
1990,11,0,1,13.3423,1660.18
463,11,0,1,13.3251,1570.15
474,11,0,1,13.3112,1497.16
2140,11,0,1,13.3031,1459.32
2141,11,0,1,13.2948,1414.34
1750,11,0,1,13.2906,1393.04
477,11,0,1,13.2855,1367.37
478,11,0,1,13.2771,1324.27
480,11,0,1,13.2733,1303.7
2143,11,0,1,13.2729,1301.8
2142,11,0,1,13.2725,1300.04
484,11,0,1,13.2691,1282.4
509,11,0,1,13.2572,1223.26
524,11,0,1,13.2314,1093.71
140,11,0,2,13.6791,3350.98,0.0831667,362.748,0.23,3
132,11,0,2,13.6432,3163.7
127,11,0,2,13.6241,3067.76
128,11,0,2,13.6198,3046.57
1717,11,0,2,13.5909,2893.77
129,11,0,2,13.5635,2748.05
134,11,0,2,13.5586,2719.54
131,11,0,2,13.5482,2660.73
135,11,0,2,13.5362,2595.72
610,11,0,3,13.9339,4620.3,0,0,0
614,11,0,3,13.9255,4578.15
612,11,0,3,13.9227,4562.98
426,11,0,3,13.9148,4518.78
424,11,0,3,13.9125,4505.35
407,11,0,3,13.8908,4396.17
406,11,0,3,13.8868,4374.7
403,11,0,3,13.8706,4299.45
394,11,0,3,13.8598,4242.38
384,11,0,3,13.8562,4223.11
385,11,0,3,13.8517,4200.76
377,11,0,3,13.8488,4184.49
2134,11,0,3,13.8345,4100.17
360,11,0,3,13.8018,3926.76
140,11,0,3,13.7622,3713.73
179,11,1,0,10.6782,1282.78,0.0905,394.734,0.19,1
178,11,1,0,10.6557,1164.85
186,11,1,0,10.647,1114.94
443,11,1,0,10.6364,1058.36
442,11,1,0,10.6334,1041.79
452,11,1,0,10.6202,971.397
1678,11,1,0,10.6039,884.686
474,11,1,0,10.5875,800.082
2140,11,1,0,10.5775,755.172
475,11,1,0,10.5741,737.441
499,11,1,0,10.5664,697.85
497,11,1,0,10.5542,636.697
496,11,1,0,10.5449,590.143
495,11,1,0,10.538,557.542
1991,11,1,0,10.5246,492.216
513,11,1,0,10.5196,467.032
1753,11,1,0,10.5136,426.111
1751,11,1,0,10.509,401.224
530,11,1,0,10.5059,383.944
1992,11,1,0,10.5024,366.558
560,11,1,0,10.4917,311.272
618,11,1,0,10.4721,213.454
615,11,1,0,10.4704,201.605
608,11,1,0,10.4578,134.576
607,11,1,0,10.4548,118.522
606,11,1,0,10.4436,65.1504
610,11,1,0,10.43,0
1044,11,1,1,10.9936,2961.1,0.0425,185.372,0.08,2
1043,11,1,1,10.9887,2935.83
2029,11,1,1,10.9886,2935.42
1016,11,1,1,10.9844,2912.43
1548,11,1,1,10.977,2874.73
1012,11,1,1,10.972,2849.03
1014,11,1,1,10.9715,2846.63
989,11,1,1,10.9608,2789.66
990,11,1,1,10.9508,2739.4
991,11,1,1,10.9482,2727.04
706,11,1,1,10.9412,2687.58
704,11,1,1,10.9385,2674.81
2179,11,1,1,10.9383,2673.95
662,11,1,1,10.9321,2644.3
602,11,1,1,10.9207,2575.94
599,11,1,1,10.9167,2553.17
605,11,1,1,10.9126,2529.19
529,11,1,1,10.8941,2425.14
726,11,1,1,10.8795,2325.18
714,11,1,1,10.8793,2323.3
1543,11,1,1,10.8748,2293.17
459,11,1,1,10.8645,2229.73
458,11,1,1,10.8579,2184.39
456,11,1,1,10.8484,2123.25
457,11,1,1,10.8411,2084.82
454,11,1,1,10.8335,2030.86
448,11,1,1,10.827,1986.76
447,11,1,1,10.8169,1932.96
1976,11,1,1,10.8117,1903.92
187,11,1,1,10.7934,1806.8
2129,11,1,1,10.78,1737.09
179,11,1,1,10.7687,1677.52
1780,11,1,2,11.1712,3843.06,0.0545,237.713,0.16,3
2171,11,1,2,11.1705,3839.89
1549,11,1,2,11.1639,3804.88
1148,11,1,2,11.1604,3785
1128,11,1,2,11.1482,3723.9
2045,11,1,2,11.1251,3607.81
1120,11,1,2,11.1068,3512.41
1094,11,1,2,11.1006,3480.88
1091,11,1,2,11.0933,3441.88
1092,11,1,2,11.089,3419.41
1074,11,1,2,11.0836,3390.84
1077,11,1,2,11.074,3340.01
1080,11,1,2,11.0605,3272.81
1079,11,1,2,11.0539,3238.36
1061,11,1,2,11.0497,3217.07
1063,11,1,2,11.0461,3198.91
1062,11,1,2,11.0451,3191.83
2159,11,1,2,11.0448,3190.71
1045,11,1,2,11.0441,3187.56
1043,11,1,2,11.0407,3170.36
1044,11,1,2,11.0361,3146.47
1314,11,1,3,11.3567,4759.55,0.0836667,364.929,0.21,4
2163,11,1,3,11.3446,4691.3
2051,11,1,3,11.3068,4495.33
1154,11,1,3,11.2902,4406.18
1156,11,1,3,11.2833,4368.61
1155,11,1,3,11.2685,4295.25
1781,11,1,3,11.2622,4263.36
2107,11,1,3,11.255,4227.21
1779,11,1,3,11.2338,4120.31
1780,11,1,3,11.2257,4080.77
1563,11,1,4,11.4856,5369.11,0.06,261.702,0.03,5
2164,11,1,4,11.4734,5304.96
1313,11,1,4,11.4491,5175.2
1309,11,1,4,11.441,5127.35
1314,11,1,4,11.4404,5124.48
954,11,1,5,11.6762,6313.18,0.102,444.893,0.25,6
956,11,1,5,11.6484,6172.85
955,11,1,5,11.6399,6131.13
1598,11,1,5,11.6202,6029.65
2025,11,1,5,11.6166,6009.97
949,11,1,5,11.6134,5993.56
1302,11,1,5,11.5915,5874.17
1307,11,1,5,11.5758,5788.32
2164,11,1,5,11.5569,5691.63
1563,11,1,5,11.5456,5630.81
352,11,1,6,12.0057,7926.45,0.107167,467.429,0.12,7
1983,11,1,6,11.9808,7801.03
813,11,1,6,11.9346,7569.71
822,11,1,6,11.904,7413.72
2153,11,1,6,11.883,7301.8
831,11,1,6,11.883,7301.72
825,11,1,6,11.8826,7299.69
834,11,1,6,11.8711,7239.25
835,11,1,6,11.8641,7197.18
2154,11,1,6,11.8381,7059.49
857,11,1,6,11.8295,7013.93
926,11,1,6,11.8214,6971.38
945,11,1,6,11.7843,6790.19
954,11,1,6,11.7782,6758.07
610,11,1,7,12.2727,9241.01,0,0,0
614,11,1,7,12.2633,9194.75
612,11,1,7,12.2608,9180.87
423,11,1,7,12.2571,9158.09
419,11,1,7,12.2504,9120.51
418,11,1,7,12.2313,9019.27
2139,11,1,7,12.2275,8998.31
2138,11,1,7,12.211,8905.12
411,11,1,7,12.1985,8835.18
412,11,1,7,12.1959,8816.17
398,11,1,7,12.1816,8738.1
410,11,1,7,12.1813,8736.89
409,11,1,7,12.1652,8653.16
408,11,1,7,12.1462,8559.09
352,11,1,7,12.1129,8393.88
352,12,0,0,13.0079,1083.31,0.0423333,184.645,0.11,1
388,12,0,0,12.9868,974.433
397,12,0,0,12.951,784.776
399,12,0,0,12.9343,694.367
411,12,0,0,12.9197,614.276
1537,12,0,0,12.8855,429.479
418,12,0,0,12.8809,404.29
417,12,0,0,12.8775,385.81
1989,12,0,0,12.859,291.597
432,12,0,0,12.8554,272.441
435,12,0,0,12.8501,245.849
431,12,0,0,12.8436,213.515
439,12,0,0,12.8281,136.101
672,12,0,0,12.8105,49.3878
610,12,0,0,12.8,0
140,12,0,1,13.2362,2262.76,0.0831667,362.748,0.23,2
360,12,0,1,13.1967,2049.61
369,12,0,1,13.1742,1929.79
376,12,0,1,13.1577,1838.03
382,12,0,1,13.1421,1751.38
390,12,0,1,13.1231,1652.58
397,12,0,1,13.106,1561.73
389,12,0,1,13.0939,1497.27
388,12,0,1,13.0678,1362.16
352,12,0,1,13.0502,1267.96
135,12,0,2,13.4749,3436.22,0.0926667,404.184,0.12,3
133,12,0,2,13.4645,3379.1
134,12,0,2,13.4569,3327.15
129,12,0,2,13.4497,3289.56
1717,12,0,2,13.4214,3139.86
128,12,0,2,13.396,3002.34
127,12,0,2,13.3925,2984.31
132,12,0,2,13.3732,2887.66
140,12,0,2,13.3194,2625.51
524,12,0,3,13.7588,4866.83,0.0808333,352.571,0.41,4
523,12,0,3,13.7529,4836.16
508,12,0,3,13.732,4727.08
483,12,0,3,13.72,4667.59
482,12,0,3,13.7166,4650.05
454,12,0,3,13.6891,4499.34
455,12,0,3,13.6865,4484.38
453,12,0,3,13.6778,4418.92
446,12,0,3,13.6695,4371.49
442,12,0,3,13.6578,4312.99
1857,12,0,3,13.649,4266.98
441,12,0,3,13.6429,4237.8
185,12,0,3,13.6319,4179.87
177,12,0,3,13.6196,4114.5
2091,12,0,3,13.6058,4037.62
171,12,0,3,13.5898,3953.87
135,12,0,3,13.5675,3840.4
610,12,0,4,13.9705,5977.99,0,0,0
614,12,0,4,13.9621,5935.85
612,12,0,4,13.9594,5920.67
423,12,0,4,13.9559,5898.23
609,12,0,4,13.95,5841.91
628,12,0,4,13.9401,5767.9
561,12,0,4,13.9363,5743.14
557,12,0,4,13.9288,5695.9
554,12,0,4,13.9267,5684.76
565,12,0,4,13.9166,5631.11
573,12,0,4,13.9113,5604.52
574,12,0,4,13.904,5555.05
1844,12,0,4,13.9009,5537.02
575,12,0,4,13.8981,5520.94
578,12,0,4,13.8928,5490.39
586,12,0,4,13.8893,5471.75
583,12,0,4,13.8856,5452.18
589,12,0,4,13.8751,5404.29
581,12,0,4,13.8715,5384.35
544,12,0,4,13.8559,5305.44
523,12,0,4,13.8455,5250.08
524,12,0,4,13.8396,5219.4
179,12,1,0,10.6582,1282.78,0.0905,394.734,0.19,1
178,12,1,0,10.6357,1164.85
186,12,1,0,10.627,1114.94
443,12,1,0,10.6164,1058.36
442,12,1,0,10.6134,1041.79
452,12,1,0,10.6002,971.397
1678,12,1,0,10.5839,884.686
474,12,1,0,10.5675,800.082
2140,12,1,0,10.5575,755.172
475,12,1,0,10.5541,737.441
499,12,1,0,10.5464,697.85
497,12,1,0,10.5342,636.697
496,12,1,0,10.5249,590.143
495,12,1,0,10.518,557.542
1991,12,1,0,10.5046,492.216
513,12,1,0,10.4996,467.032
1753,12,1,0,10.4936,426.111
1751,12,1,0,10.489,401.224
530,12,1,0,10.4859,383.944
1992,12,1,0,10.4824,366.558
560,12,1,0,10.4717,311.272
618,12,1,0,10.4521,213.454
615,12,1,0,10.4504,201.605
608,12,1,0,10.4378,134.576
607,12,1,0,10.4348,118.522
606,12,1,0,10.4236,65.1504
610,12,1,0,10.41,0
1044,12,1,1,10.9736,2961.1,0.0425,185.372,0.08,2
1043,12,1,1,10.9687,2935.83
2029,12,1,1,10.9686,2935.42
1016,12,1,1,10.9644,2912.43
1548,12,1,1,10.957,2874.73
1012,12,1,1,10.952,2849.03
1014,12,1,1,10.9515,2846.63
989,12,1,1,10.9408,2789.66
990,12,1,1,10.9308,2739.4
991,12,1,1,10.9282,2727.04
706,12,1,1,10.9212,2687.58
704,12,1,1,10.9185,2674.81
2179,12,1,1,10.9183,2673.95
662,12,1,1,10.9121,2644.3
602,12,1,1,10.9007,2575.94
599,12,1,1,10.8967,2553.17
605,12,1,1,10.8926,2529.19
529,12,1,1,10.8741,2425.14
726,12,1,1,10.8595,2325.18
714,12,1,1,10.8593,2323.3
1543,12,1,1,10.8548,2293.17
459,12,1,1,10.8445,2229.73
458,12,1,1,10.8379,2184.39
456,12,1,1,10.8284,2123.25
457,12,1,1,10.8211,2084.82
454,12,1,1,10.8135,2030.86
448,12,1,1,10.807,1986.76
447,12,1,1,10.7969,1932.96
1976,12,1,1,10.7917,1903.92
187,12,1,1,10.7734,1806.8
2129,12,1,1,10.76,1737.09
179,12,1,1,10.7487,1677.52
1780,12,1,2,11.1512,3843.06,0.0545,237.713,0.16,3
2171,12,1,2,11.1505,3839.89
1549,12,1,2,11.1439,3804.88
1148,12,1,2,11.1404,3785
1128,12,1,2,11.1282,3723.9
2045,12,1,2,11.1051,3607.81
1120,12,1,2,11.0868,3512.41
1094,12,1,2,11.0806,3480.88
1091,12,1,2,11.0733,3441.88
1092,12,1,2,11.069,3419.41
1074,12,1,2,11.0636,3390.84
1077,12,1,2,11.054,3340.01
1080,12,1,2,11.0405,3272.81
1079,12,1,2,11.0339,3238.36
1061,12,1,2,11.0297,3217.07
1063,12,1,2,11.0261,3198.91
1062,12,1,2,11.0251,3191.83
2159,12,1,2,11.0248,3190.71
1045,12,1,2,11.0241,3187.56
1043,12,1,2,11.0207,3170.36
1044,12,1,2,11.0161,3146.47
1314,12,1,3,11.3367,4759.55,0.0836667,364.929,0.21,4
2163,12,1,3,11.3246,4691.3
2051,12,1,3,11.2868,4495.33
1154,12,1,3,11.2702,4406.18
1156,12,1,3,11.2633,4368.61
1155,12,1,3,11.2485,4295.25
1781,12,1,3,11.2422,4263.36
2107,12,1,3,11.235,4227.21
1779,12,1,3,11.2138,4120.31
1780,12,1,3,11.2057,4080.77
1563,12,1,4,11.4656,5369.11,0.06,261.702,0.03,5
2164,12,1,4,11.4534,5304.96
1313,12,1,4,11.4291,5175.2
1309,12,1,4,11.421,5127.35
1314,12,1,4,11.4204,5124.48
954,12,1,5,11.6562,6313.18,0.102,444.893,0.25,6
956,12,1,5,11.6284,6172.85
955,12,1,5,11.6199,6131.13
1598,12,1,5,11.6002,6029.65
2025,12,1,5,11.5966,6009.97
949,12,1,5,11.5934,5993.56
1302,12,1,5,11.5715,5874.17
1307,12,1,5,11.5558,5788.32
2164,12,1,5,11.5369,5691.63
1563,12,1,5,11.5256,5630.81
610,12,1,6,11.9816,7961.17,0,0,0
614,12,1,6,11.9734,7919.69
612,12,1,6,11.9708,7905.53
423,12,1,6,11.9669,7882.47
419,12,1,6,11.9623,7848.03
420,12,1,6,11.9563,7812.08
421,12,1,6,11.9517,7784.55
417,12,1,6,11.9473,7760.67
1989,12,1,6,11.9303,7672.65
2011,12,1,6,11.9101,7568.81
2156,12,1,6,11.9035,7535.9
2013,12,1,6,11.9028,7532.74
886,12,1,6,11.8933,7484.56
888,12,1,6,11.8769,7393.09
903,12,1,6,11.8675,7341.59
904,12,1,6,11.8634,7320.56
925,12,1,6,11.8422,7202.6
2019,12,1,6,11.8369,7175.74
929,12,1,6,11.8365,7173.75
928,12,1,6,11.8119,7049.02
927,12,1,6,11.7896,6932.77
946,12,1,6,11.7848,6900.32
945,12,1,6,11.7643,6790.19
954,12,1,6,11.7582,6758.07
352,13,0,0,13.0079,1083.31,0.0423333,184.645,0.11,1
388,13,0,0,12.9868,974.433
397,13,0,0,12.951,784.776
399,13,0,0,12.9343,694.367
411,13,0,0,12.9197,614.276
1537,13,0,0,12.8855,429.479
418,13,0,0,12.8809,404.29
417,13,0,0,12.8775,385.81
1989,13,0,0,12.859,291.597
432,13,0,0,12.8554,272.441
435,13,0,0,12.8501,245.849
431,13,0,0,12.8436,213.515
439,13,0,0,12.8281,136.101
672,13,0,0,12.8105,49.3878
610,13,0,0,12.8,0
140,13,0,1,13.2362,2262.76,0.0831667,362.748,0.23,2
360,13,0,1,13.1967,2049.61
369,13,0,1,13.1742,1929.79
376,13,0,1,13.1577,1838.03
382,13,0,1,13.1421,1751.38
390,13,0,1,13.1231,1652.58
397,13,0,1,13.106,1561.73
389,13,0,1,13.0939,1497.27
388,13,0,1,13.0678,1362.16
352,13,0,1,13.0502,1267.96
135,13,0,2,13.4749,3436.22,0.0926667,404.184,0.12,3
133,13,0,2,13.4645,3379.1
134,13,0,2,13.4569,3327.15
129,13,0,2,13.4497,3289.56
1717,13,0,2,13.4214,3139.86
128,13,0,2,13.396,3002.34
127,13,0,2,13.3925,2984.31
132,13,0,2,13.3732,2887.66
140,13,0,2,13.3194,2625.51
524,13,0,3,13.7588,4866.83,0.0808333,352.571,0.41,4
523,13,0,3,13.7529,4836.16
508,13,0,3,13.732,4727.08
483,13,0,3,13.72,4667.59
482,13,0,3,13.7166,4650.05
454,13,0,3,13.6891,4499.34
455,13,0,3,13.6865,4484.38
453,13,0,3,13.6778,4418.92
446,13,0,3,13.6695,4371.49
442,13,0,3,13.6578,4312.99
1857,13,0,3,13.649,4266.98
441,13,0,3,13.6429,4237.8
185,13,0,3,13.6319,4179.87
177,13,0,3,13.6196,4114.5
2091,13,0,3,13.6058,4037.62
171,13,0,3,13.5898,3953.87
135,13,0,3,13.5675,3840.4
610,13,0,4,13.9705,5977.99,0,0,0
614,13,0,4,13.9621,5935.85
612,13,0,4,13.9594,5920.67
423,13,0,4,13.9559,5898.23
609,13,0,4,13.95,5841.91
628,13,0,4,13.9401,5767.9
561,13,0,4,13.9363,5743.14
557,13,0,4,13.9288,5695.9
554,13,0,4,13.9267,5684.76
565,13,0,4,13.9166,5631.11
573,13,0,4,13.9113,5604.52
574,13,0,4,13.904,5555.05
1844,13,0,4,13.9009,5537.02
575,13,0,4,13.8981,5520.94
578,13,0,4,13.8928,5490.39
586,13,0,4,13.8893,5471.75
583,13,0,4,13.8856,5452.18
589,13,0,4,13.8751,5404.29
581,13,0,4,13.8715,5384.35
544,13,0,4,13.8559,5305.44
523,13,0,4,13.8455,5250.08
524,13,0,4,13.8396,5219.4
179,13,1,0,10.4882,1282.78,0.0905,394.734,0.19,1
178,13,1,0,10.4657,1164.85
186,13,1,0,10.457,1114.94
443,13,1,0,10.4464,1058.36
442,13,1,0,10.4434,1041.79
452,13,1,0,10.4302,971.397
1678,13,1,0,10.4139,884.686
474,13,1,0,10.3975,800.082
2140,13,1,0,10.3875,755.172
475,13,1,0,10.3841,737.441
499,13,1,0,10.3764,697.85
497,13,1,0,10.3642,636.697
496,13,1,0,10.3549,590.143
495,13,1,0,10.348,557.542
1991,13,1,0,10.3346,492.216
513,13,1,0,10.3296,467.032
1753,13,1,0,10.3236,426.111
1751,13,1,0,10.319,401.224
530,13,1,0,10.3159,383.944
1992,13,1,0,10.3124,366.558
560,13,1,0,10.3017,311.272
618,13,1,0,10.2821,213.454
615,13,1,0,10.2804,201.605
608,13,1,0,10.2678,134.576
607,13,1,0,10.2648,118.522
606,13,1,0,10.2536,65.1504
610,13,1,0,10.24,0
1044,13,1,1,10.8036,2961.1,0.0425,185.372,0.08,2
1043,13,1,1,10.7987,2935.83
2029,13,1,1,10.7986,2935.42
1016,13,1,1,10.7944,2912.43
1548,13,1,1,10.787,2874.73
1012,13,1,1,10.782,2849.03
1014,13,1,1,10.7815,2846.63
989,13,1,1,10.7708,2789.66
990,13,1,1,10.7608,2739.4
991,13,1,1,10.7582,2727.04
706,13,1,1,10.7512,2687.58
704,13,1,1,10.7485,2674.81
2179,13,1,1,10.7483,2673.95
662,13,1,1,10.7421,2644.3
602,13,1,1,10.7307,2575.94
599,13,1,1,10.7267,2553.17
605,13,1,1,10.7226,2529.19
529,13,1,1,10.7041,2425.14
726,13,1,1,10.6895,2325.18
714,13,1,1,10.6893,2323.3
1543,13,1,1,10.6848,2293.17
459,13,1,1,10.6745,2229.73
458,13,1,1,10.6679,2184.39
456,13,1,1,10.6584,2123.25
457,13,1,1,10.6511,2084.82
454,13,1,1,10.6435,2030.86
448,13,1,1,10.637,1986.76
447,13,1,1,10.6269,1932.96
1976,13,1,1,10.6217,1903.92
187,13,1,1,10.6034,1806.8
2129,13,1,1,10.59,1737.09
179,13,1,1,10.5787,1677.52
1780,13,1,2,10.9844,3856.26,0.0645,281.33,0.14,3
2171,13,1,2,10.9837,3853.09
1549,13,1,2,10.9762,3813.86
1148,13,1,2,10.9724,3793.17
1128,13,1,2,10.9604,3732.67
2045,13,1,2,10.9428,3639.85
1120,13,1,2,10.9272,3555.73
1094,13,1,2,10.9205,3522.07
1091,13,1,2,10.907,3457.32
1092,13,1,2,10.9027,3435.18
1074,13,1,2,10.8969,3404.73
1077,13,1,2,10.8866,3350.93
1080,13,1,2,10.8716,3277.11
1079,13,1,2,10.8633,3235.98
1061,13,1,2,10.8591,3214.7
1063,13,1,2,10.8555,3196.48
1062,13,1,2,10.8545,3189.43
2159,13,1,2,10.8542,3188.21
1045,13,1,2,10.8535,3185.06
1043,13,1,2,10.8504,3168.91
1044,13,1,2,10.8461,3146.47
1314,13,1,3,11.1799,4816.37,0.0836667,364.929,0.21,4
2163,13,1,3,11.1679,4748.12
2051,13,1,3,11.13,4552.15
1154,13,1,3,11.1134,4463
1156,13,1,3,11.1065,4425.43
1155,13,1,3,11.0917,4352.07
1781,13,1,3,11.0854,4320.18
2107,13,1,3,11.0783,4284.03
1779,13,1,3,11.057,4177.13
1780,13,1,3,11.0489,4137.59
1563,13,1,4,11.3088,5425.93,0.06,261.702,0.03,5
2164,13,1,4,11.2966,5361.78
1313,13,1,4,11.2723,5232.02
1309,13,1,4,11.2642,5184.17
1314,13,1,4,11.2636,5181.3
954,13,1,5,11.4995,6370,0.102,444.893,0.25,6
956,13,1,5,11.4716,6229.67
955,13,1,5,11.4631,6187.95
1598,13,1,5,11.4434,6086.47
2025,13,1,5,11.4399,6066.78
949,13,1,5,11.4366,6050.38
1302,13,1,5,11.4147,5930.99
1307,13,1,5,11.3991,5845.14
2164,13,1,5,11.3802,5748.45
1563,13,1,5,11.3688,5687.63
610,13,1,6,11.8248,8017.99,0,0,0
614,13,1,6,11.8166,7976.51
612,13,1,6,11.8141,7962.35
423,13,1,6,11.8101,7939.29
419,13,1,6,11.8055,7904.85
420,13,1,6,11.7995,7868.9
421,13,1,6,11.7949,7841.37
417,13,1,6,11.7905,7817.48
1989,13,1,6,11.7736,7729.47
2011,13,1,6,11.7533,7625.63
2156,13,1,6,11.7467,7592.72
2013,13,1,6,11.7461,7589.56
886,13,1,6,11.7366,7541.38
888,13,1,6,11.7202,7449.91
903,13,1,6,11.7107,7398.41
904,13,1,6,11.7066,7377.38
925,13,1,6,11.6855,7259.42
2019,13,1,6,11.6802,7232.56
929,13,1,6,11.6797,7230.57
928,13,1,6,11.6551,7105.84
927,13,1,6,11.6328,6989.59
946,13,1,6,11.6281,6957.14
945,13,1,6,11.6075,6847.01
954,13,1,6,11.6015,6814.89
352,14,0,0,13.0079,1083.31,0.0423333,184.645,0.11,1
388,14,0,0,12.9868,974.433
397,14,0,0,12.951,784.776
399,14,0,0,12.9343,694.367
411,14,0,0,12.9197,614.276
1537,14,0,0,12.8855,429.479
418,14,0,0,12.8809,404.29
417,14,0,0,12.8775,385.81
1989,14,0,0,12.859,291.597
432,14,0,0,12.8554,272.441
435,14,0,0,12.8501,245.849
431,14,0,0,12.8436,213.515
439,14,0,0,12.8281,136.101
672,14,0,0,12.8105,49.3878
610,14,0,0,12.8,0
140,14,0,1,13.2362,2262.76,0.0831667,362.748,0.23,2
360,14,0,1,13.1967,2049.61
369,14,0,1,13.1742,1929.79
376,14,0,1,13.1577,1838.03
382,14,0,1,13.1421,1751.38
390,14,0,1,13.1231,1652.58
397,14,0,1,13.106,1561.73
389,14,0,1,13.0939,1497.27
388,14,0,1,13.0678,1362.16
352,14,0,1,13.0502,1267.96
135,14,0,2,13.4749,3436.22,0.0926667,404.184,0.12,3
133,14,0,2,13.4645,3379.1
134,14,0,2,13.4569,3327.15
129,14,0,2,13.4497,3289.56
1717,14,0,2,13.4214,3139.86
128,14,0,2,13.396,3002.34
127,14,0,2,13.3925,2984.31
132,14,0,2,13.3732,2887.66
140,14,0,2,13.3194,2625.51
524,14,0,3,13.7588,4866.83,0.0808333,352.571,0.41,4
523,14,0,3,13.7529,4836.16
508,14,0,3,13.732,4727.08
483,14,0,3,13.72,4667.59
482,14,0,3,13.7166,4650.05
454,14,0,3,13.6891,4499.34
455,14,0,3,13.6865,4484.38
453,14,0,3,13.6778,4418.92
446,14,0,3,13.6695,4371.49
442,14,0,3,13.6578,4312.99
1857,14,0,3,13.649,4266.98
441,14,0,3,13.6429,4237.8
185,14,0,3,13.6319,4179.87
177,14,0,3,13.6196,4114.5
2091,14,0,3,13.6058,4037.62
171,14,0,3,13.5898,3953.87
135,14,0,3,13.5675,3840.4
610,14,0,4,13.9705,5977.99,0,0,0
614,14,0,4,13.9621,5935.85
612,14,0,4,13.9594,5920.67
423,14,0,4,13.9559,5898.23
609,14,0,4,13.95,5841.91
628,14,0,4,13.9401,5767.9
561,14,0,4,13.9363,5743.14
557,14,0,4,13.9288,5695.9
554,14,0,4,13.9267,5684.76
565,14,0,4,13.9166,5631.11
573,14,0,4,13.9113,5604.52
574,14,0,4,13.904,5555.05
1844,14,0,4,13.9009,5537.02
575,14,0,4,13.8981,5520.94
578,14,0,4,13.8928,5490.39
586,14,0,4,13.8893,5471.75
583,14,0,4,13.8856,5452.18
589,14,0,4,13.8751,5404.29
581,14,0,4,13.8715,5384.35
544,14,0,4,13.8559,5305.44
523,14,0,4,13.8455,5250.08
524,14,0,4,13.8396,5219.4
179,14,1,0,10.2582,1282.78,0.0905,394.734,0.19,1
178,14,1,0,10.2357,1164.85
186,14,1,0,10.227,1114.94
443,14,1,0,10.2164,1058.36
442,14,1,0,10.2134,1041.79
452,14,1,0,10.2002,971.397
1678,14,1,0,10.1839,884.686
474,14,1,0,10.1675,800.082
2140,14,1,0,10.1575,755.172
475,14,1,0,10.1541,737.441
499,14,1,0,10.1464,697.85
497,14,1,0,10.1342,636.697
496,14,1,0,10.1249,590.143
495,14,1,0,10.118,557.542
1991,14,1,0,10.1046,492.216
513,14,1,0,10.0996,467.032
1753,14,1,0,10.0936,426.111
1751,14,1,0,10.089,401.224
530,14,1,0,10.0859,383.944
1992,14,1,0,10.0824,366.558
560,14,1,0,10.0717,311.272
618,14,1,0,10.0521,213.454
615,14,1,0,10.0504,201.605
608,14,1,0,10.0378,134.576
607,14,1,0,10.0348,118.522
606,14,1,0,10.0236,65.1504
610,14,1,0,10.01,0
1044,14,1,1,10.5736,2961.1,0.0425,185.372,0.08,2
1043,14,1,1,10.5687,2935.83
2029,14,1,1,10.5686,2935.42
1016,14,1,1,10.5644,2912.43
1548,14,1,1,10.557,2874.73
1012,14,1,1,10.552,2849.03
1014,14,1,1,10.5515,2846.63
989,14,1,1,10.5408,2789.66
990,14,1,1,10.5308,2739.4
991,14,1,1,10.5282,2727.04
706,14,1,1,10.5212,2687.58
704,14,1,1,10.5185,2674.81
2179,14,1,1,10.5183,2673.95
662,14,1,1,10.5121,2644.3
602,14,1,1,10.5007,2575.94
599,14,1,1,10.4967,2553.17
605,14,1,1,10.4926,2529.19
529,14,1,1,10.4741,2425.14
726,14,1,1,10.4595,2325.18
714,14,1,1,10.4593,2323.3
1543,14,1,1,10.4548,2293.17
459,14,1,1,10.4445,2229.73
458,14,1,1,10.4379,2184.39
456,14,1,1,10.4284,2123.25
457,14,1,1,10.4211,2084.82
454,14,1,1,10.4135,2030.86
448,14,1,1,10.407,1986.76
447,14,1,1,10.3969,1932.96
1976,14,1,1,10.3917,1903.92
187,14,1,1,10.3734,1806.8
2129,14,1,1,10.36,1737.09
179,14,1,1,10.3487,1677.52
1780,14,1,2,10.7544,3856.26,0.0645,281.33,0.14,3
2171,14,1,2,10.7537,3853.09
1549,14,1,2,10.7462,3813.86
1148,14,1,2,10.7424,3793.17
1128,14,1,2,10.7304,3732.67
2045,14,1,2,10.7128,3639.85
1120,14,1,2,10.6972,3555.73
1094,14,1,2,10.6905,3522.07
1091,14,1,2,10.677,3457.32
1092,14,1,2,10.6727,3435.18
1074,14,1,2,10.6669,3404.73
1077,14,1,2,10.6566,3350.93
1080,14,1,2,10.6416,3277.11
1079,14,1,2,10.6333,3235.98
1061,14,1,2,10.6291,3214.7
1063,14,1,2,10.6255,3196.48
1062,14,1,2,10.6245,3189.43
2159,14,1,2,10.6242,3188.21
1045,14,1,2,10.6235,3185.06
1043,14,1,2,10.6204,3168.91
1044,14,1,2,10.6161,3146.47
1314,14,1,3,10.9708,4903.65,0.113667,495.78,0.18,4
2163,14,1,3,10.9551,4819.63
2051,14,1,3,10.9167,4621.56
1154,14,1,3,10.8955,4512.75
1156,14,1,3,10.8856,4462.39
1155,14,1,3,10.8729,4397.67
1781,14,1,3,10.8663,4364.78
2107,14,1,3,10.8595,4330
1779,14,1,3,10.8283,4182.53
1780,14,1,3,10.8189,4137.59
1563,14,1,4,11.1296,5644.06,0.06,261.702,0.03,5
2164,14,1,4,11.1175,5579.91
1313,14,1,4,11.0931,5450.15
1309,14,1,4,11.085,5402.3
1314,14,1,4,11.0845,5399.43
954,14,1,5,11.3203,6588.13,0.102,444.893,0.25,6
956,14,1,5,11.2925,6447.8
955,14,1,5,11.284,6406.08
1598,14,1,5,11.2643,6304.6
2025,14,1,5,11.2607,6284.92
949,14,1,5,11.2575,6268.52
1302,14,1,5,11.2356,6149.12
1307,14,1,5,11.2199,6063.27
2164,14,1,5,11.201,5966.58
1563,14,1,5,11.1896,5905.76
610,14,1,6,11.6457,8236.12,0,0,0
614,14,1,6,11.6374,8194.64
612,14,1,6,11.6349,8180.49
423,14,1,6,11.631,8157.42
419,14,1,6,11.6263,8122.98
420,14,1,6,11.6203,8087.04
421,14,1,6,11.6157,8059.5
417,14,1,6,11.6114,8035.62
1989,14,1,6,11.5944,7947.6
2011,14,1,6,11.5742,7843.76
2156,14,1,6,11.5676,7810.85
2013,14,1,6,11.5669,7807.69
886,14,1,6,11.5574,7759.51
888,14,1,6,11.541,7668.04
903,14,1,6,11.5315,7616.54
904,14,1,6,11.5275,7595.51
925,14,1,6,11.5063,7477.55
2019,14,1,6,11.501,7450.69
929,14,1,6,11.5006,7448.7
928,14,1,6,11.476,7323.98
927,14,1,6,11.4537,7207.73
946,14,1,6,11.4489,7175.27
945,14,1,6,11.4284,7065.14
954,14,1,6,11.4223,7033.02
352,15,0,0,13.0079,1083.31,0.0423333,184.645,0.11,1
388,15,0,0,12.9868,974.433
397,15,0,0,12.951,784.776
399,15,0,0,12.9343,694.367
411,15,0,0,12.9197,614.276
1537,15,0,0,12.8855,429.479
418,15,0,0,12.8809,404.29
417,15,0,0,12.8775,385.81
1989,15,0,0,12.859,291.597
432,15,0,0,12.8554,272.441
435,15,0,0,12.8501,245.849
431,15,0,0,12.8436,213.515
439,15,0,0,12.8281,136.101
672,15,0,0,12.8105,49.3878
610,15,0,0,12.8,0
140,15,0,1,13.2362,2262.76,0.0831667,362.748,0.23,2
360,15,0,1,13.1967,2049.61
369,15,0,1,13.1742,1929.79
376,15,0,1,13.1577,1838.03
382,15,0,1,13.1421,1751.38
390,15,0,1,13.1231,1652.58
397,15,0,1,13.106,1561.73
389,15,0,1,13.0939,1497.27
388,15,0,1,13.0678,1362.16
352,15,0,1,13.0502,1267.96
135,15,0,2,13.4749,3436.22,0.0926667,404.184,0.12,3
133,15,0,2,13.4645,3379.1
134,15,0,2,13.4569,3327.15
129,15,0,2,13.4497,3289.56
1717,15,0,2,13.4214,3139.86
128,15,0,2,13.396,3002.34
127,15,0,2,13.3925,2984.31
132,15,0,2,13.3732,2887.66
140,15,0,2,13.3194,2625.51
524,15,0,3,13.7588,4866.83,0.0808333,352.571,0.41,4
523,15,0,3,13.7529,4836.16
508,15,0,3,13.732,4727.08
483,15,0,3,13.72,4667.59
482,15,0,3,13.7166,4650.05
454,15,0,3,13.6891,4499.34
455,15,0,3,13.6865,4484.38
453,15,0,3,13.6778,4418.92
446,15,0,3,13.6695,4371.49
442,15,0,3,13.6578,4312.99
1857,15,0,3,13.649,4266.98
441,15,0,3,13.6429,4237.8
185,15,0,3,13.6319,4179.87
177,15,0,3,13.6196,4114.5
2091,15,0,3,13.6058,4037.62
171,15,0,3,13.5898,3953.87
135,15,0,3,13.5675,3840.4
610,15,0,4,13.9705,5977.99,0,0,0
614,15,0,4,13.9621,5935.85
612,15,0,4,13.9594,5920.67
423,15,0,4,13.9559,5898.23
609,15,0,4,13.95,5841.91
628,15,0,4,13.9401,5767.9
561,15,0,4,13.9363,5743.14
557,15,0,4,13.9288,5695.9
554,15,0,4,13.9267,5684.76
565,15,0,4,13.9166,5631.11
573,15,0,4,13.9113,5604.52
574,15,0,4,13.904,5555.05
1844,15,0,4,13.9009,5537.02
575,15,0,4,13.8981,5520.94
578,15,0,4,13.8928,5490.39
586,15,0,4,13.8893,5471.75
583,15,0,4,13.8856,5452.18
589,15,0,4,13.8751,5404.29
581,15,0,4,13.8715,5384.35
544,15,0,4,13.8559,5305.44
523,15,0,4,13.8455,5250.08
524,15,0,4,13.8396,5219.4
1044,15,1,0,10.1839,789.474,0.0425,185.372,0.08,1
1043,15,1,0,10.1789,764.208
2158,15,1,0,10.172,728.848
2030,15,1,0,10.168,709.012
1011,15,1,0,10.1678,708.14
1547,15,1,0,10.1548,643.242
1546,15,1,0,10.1504,620.079
975,15,1,0,10.147,602.282
2026,15,1,0,10.1406,568.492
2027,15,1,0,10.1361,545.262
1998,15,1,0,10.126,493.634
686,15,1,0,10.1222,473.636
685,15,1,0,10.1115,419.441
681,15,1,0,10.1049,384.678
682,15,1,0,10.096,338.439
677,15,1,0,10.088,296.886
678,15,1,0,10.0817,265.906
674,15,1,0,10.0672,189.995
669,15,1,0,10.0541,120.422
673,15,1,0,10.0468,81.4569
672,15,1,0,10.0388,42.3249
610,15,1,0,10.03,0
1780,15,1,1,10.3646,1684.64,0.0645,281.33,0.14,2
2171,15,1,1,10.364,1681.47
1549,15,1,1,10.3564,1642.24
1148,15,1,1,10.3527,1621.55
1128,15,1,1,10.3407,1561.04
2045,15,1,1,10.323,1468.22
1120,15,1,1,10.3075,1384.11
1094,15,1,1,10.3007,1350.45
1091,15,1,1,10.2872,1285.7
1092,15,1,1,10.283,1263.56
1074,15,1,1,10.2771,1233.11
1077,15,1,1,10.2668,1179.31
1080,15,1,1,10.2518,1105.49
1079,15,1,1,10.2436,1064.36
1061,15,1,1,10.2393,1043.07
1063,15,1,1,10.2358,1024.86
1062,15,1,1,10.2347,1017.81
2159,15,1,1,10.2345,1016.59
1045,15,1,1,10.2338,1013.44
1043,15,1,1,10.2306,997.286
1044,15,1,1,10.2264,974.847
954,15,1,2,10.6833,3241.84,0.0603333,263.156,0.24,3
956,15,1,2,10.6566,3106.56
955,15,1,2,10.6475,3062.48
1598,15,1,2,10.6268,2956.79
2025,15,1,2,10.6226,2934.16
949,15,1,2,10.6197,2919.03
951,15,1,2,10.61,2868.16
2021,15,1,2,10.5838,2740.23
2022,15,1,2,10.5724,2681.77
952,15,1,2,10.5612,2625.27
953,15,1,2,10.5498,2567.57
2023,15,1,2,10.549,2563.47
2108,15,1,2,10.5347,2487.69
1794,15,1,2,10.5278,2452.62
2106,15,1,2,10.513,2374.91
1783,15,1,2,10.4879,2249.79
1782,15,1,2,10.4834,2227.08
1781,15,1,2,10.4766,2193.16
2107,15,1,2,10.4697,2158.38
1779,15,1,2,10.4386,2010.91
1780,15,1,2,10.4291,1965.97
1314,15,1,3,10.8717,4239.06,0.113667,495.78,0.18,4
2165,15,1,3,10.8553,4151.86
2117,15,1,3,10.8504,4124.7
2164,15,1,3,10.8316,4009.71
1306,15,1,3,10.8082,3850.45
1599,15,1,3,10.7907,3753.97
1300,15,1,3,10.7862,3727.46
1298,15,1,3,10.7795,3692.24
1297,15,1,3,10.7772,3679.75
954,15,1,3,10.7436,3505
1563,15,1,4,11.0282,4968.58,0.06,261.702,0.03,5
2164,15,1,4,11.0163,4905.51
1313,15,1,4,10.9943,4786.05
1309,15,1,4,10.9859,4737.71
1314,15,1,4,10.9853,4734.84
610,15,1,5,11.3497,6630.99,0,0,0
614,15,1,5,11.3413,6588.51
612,15,1,5,11.3388,6574.54
423,15,1,5,11.3349,6551.52
419,15,1,5,11.3302,6517.07
420,15,1,5,11.3242,6481.13
421,15,1,5,11.3196,6453.6
417,15,1,5,11.3153,6429.71
1989,15,1,5,11.2983,6341.69
2011,15,1,5,11.2781,6237.86
2156,15,1,5,11.2715,6204.94
2013,15,1,5,11.2708,6201.79
886,15,1,5,11.2613,6153.61
888,15,1,5,11.2449,6062.14
903,15,1,5,11.2354,6010.63
904,15,1,5,11.2314,5989.6
925,15,1,5,11.2102,5871.64
2019,15,1,5,11.2049,5844.78
929,15,1,5,11.2045,5842.8
938,15,1,5,11.1922,5775.48
950,15,1,5,11.175,5689.54
951,15,1,5,11.1675,5651.78
949,15,1,5,11.156,5593.04
1302,15,1,5,11.1341,5473.64
1307,15,1,5,11.1184,5387.79
2164,15,1,5,11.0995,5291.1
1563,15,1,5,11.0882,5230.28
179,15,2,0,10.6682,1282.78,0.0905,394.734,0.19,1
178,15,2,0,10.6457,1164.85
186,15,2,0,10.637,1114.94
443,15,2,0,10.6264,1058.36
442,15,2,0,10.6234,1041.79
452,15,2,0,10.6102,971.397
1678,15,2,0,10.5939,884.686
474,15,2,0,10.5775,800.082
2140,15,2,0,10.5675,755.172
475,15,2,0,10.5641,737.441
499,15,2,0,10.5564,697.85
497,15,2,0,10.5442,636.697
496,15,2,0,10.5349,590.143
495,15,2,0,10.528,557.542
1991,15,2,0,10.5146,492.216
513,15,2,0,10.5096,467.032
1753,15,2,0,10.5036,426.111
1751,15,2,0,10.499,401.224
530,15,2,0,10.4959,383.944
1992,15,2,0,10.4924,366.558
560,15,2,0,10.4817,311.272
618,15,2,0,10.4621,213.454
615,15,2,0,10.4604,201.605
608,15,2,0,10.4478,134.576
607,15,2,0,10.4448,118.522
606,15,2,0,10.4336,65.1504
610,15,2,0,10.42,0
610,15,2,1,10.9687,2841.51,0,0,0
614,15,2,1,10.9557,2780.37
612,15,2,1,10.9532,2766.44
426,15,2,1,10.9446,2719.21
424,15,2,1,10.942,2704.66
407,15,2,1,10.9232,2607.75
406,15,2,1,10.9188,2584.66
403,15,2,1,10.9104,2541.19
394,15,2,1,10.9011,2490.62
384,15,2,1,10.8963,2466.47
385,15,2,1,10.8925,2446.69
377,15,2,1,10.8894,2430.01
2134,15,2,1,10.8716,2332.72
371,15,2,1,10.8664,2291.91
372,15,2,1,10.8483,2184.27
460,15,2,1,10.8425,2149.63
461,15,2,1,10.8319,2082.92
462,15,2,1,10.8303,2068.54
1990,15,2,1,10.822,2015.05
1857,15,2,1,10.8063,1933.48
441,15,2,1,10.8014,1908.92
185,15,2,1,10.7911,1854
177,15,2,1,10.779,1789.59
178,15,2,1,10.7743,1765.44
179,15,2,1,10.7587,1677.52
