Node, Individual, Route,Segment, Travel time, Travel cost, Attention time, Attention cost, Failure rate, Demand
352,0,0,0,10.55,1091.91,0.0496667,216.631,0.16,1
388,0,0,0,10.5308,990.979
397,0,0,0,10.4954,802.974
399,0,0,0,10.478,709.579
411,0,0,0,10.4628,627.085
1537,0,0,0,10.4304,450.01
418,0,0,0,10.4258,424.459
417,0,0,0,10.4222,405.641
1989,0,0,0,10.405,316.253
432,0,0,0,10.3984,284.899
435,0,0,0,10.3931,258.307
431,0,0,0,10.3869,226.993
439,0,0,0,10.3676,134.379
672,0,0,0,10.3488,42.3249
610,0,0,0,10.34,0
140,0,0,1,10.7768,2265.99,0.0808333,352.571,0.24,2
360,0,0,1,10.7364,2049.39
369,0,0,1,10.7151,1934.59
376,0,0,1,10.6999,1847.5
382,0,0,1,10.6845,1761.84
390,0,0,1,10.6669,1668.95
397,0,0,1,10.6501,1579.19
389,0,0,1,10.6387,1517.62
388,0,0,1,10.6148,1391.82
352,0,0,1,10.5997,1308.54
135,0,0,2,10.9995,3372.05,0.0473333,206.454,0.18,3
133,0,0,2,10.9891,3314.96
134,0,0,2,10.9814,3263
129,0,0,2,10.9726,3218.38
1717,0,0,2,10.9487,3087.44
128,0,0,2,10.9251,2957.57
127,0,0,2,10.9215,2939.01
132,0,0,2,10.9051,2854.43
140,0,0,2,10.8576,2618.56
179,0,0,3,11.1213,3974.3,0.0948333,413.634,0.23,4
178,0,0,3,11.0967,3848.09
177,0,0,3,11.0913,3820.42
2091,0,0,3,11.0774,3743.2
171,0,0,3,11.0617,3660.83
135,0,0,3,11.0468,3578.5
524,0,0,4,11.3501,5101.53,0.0955,416.542,0.49,5
523,0,0,4,11.3432,5066.56
508,0,0,4,11.324,4964.7
483,0,0,4,11.3121,4905.76
482,0,0,4,11.3065,4878.86
454,0,0,4,11.2807,4735.85
448,0,0,4,11.2735,4691.07
447,0,0,4,11.2635,4637.44
1976,0,0,4,11.2582,4607.67
1975,0,0,4,11.243,4528.9
2129,0,0,4,11.2297,4457.13
179,0,0,4,11.2161,4387.93
1044,0,0,5,11.5731,6184.68,0.111833,487.783,0.12,6
1043,0,0,5,11.5673,6155.74
2029,0,0,5,11.5672,6155.33
1016,0,0,5,11.563,6132.16
1548,0,0,5,11.5559,6095.33
1012,0,0,5,11.5513,6071.74
1014,0,0,5,11.5508,6068.88
989,0,0,5,11.5397,6010.57
990,0,0,5,11.5296,5960.31
991,0,0,5,11.5271,5947.96
706,0,0,5,11.52,5908.5
704,0,0,5,11.5174,5895.73
2179,0,0,5,11.5172,5894.86
662,0,0,5,11.511,5865.21
602,0,0,5,11.4997,5796.94
604,0,0,5,11.4971,5780.14
596,0,0,5,11.497,5779.17
551,0,0,5,11.4904,5745.44
548,0,0,5,11.4783,5683.81
526,0,0,5,11.4647,5614.32
527,0,0,5,11.4602,5592.44
523,0,0,5,11.4525,5553.04
524,0,0,5,11.4456,5518.07
1780,0,0,6,11.82,7369.05,0.0545,237.713,0.16,7
2171,0,0,6,11.8194,7365.88
1549,0,0,6,11.8128,7330.87
1148,0,0,6,11.8092,7311
1128,0,0,6,11.7971,7249.9
2045,0,0,6,11.7739,7133.81
1120,0,0,6,11.7557,7038.41
1094,0,0,6,11.7495,7006.88
1091,0,0,6,11.7422,6967.87
1092,0,0,6,11.7378,6945.41
1074,0,0,6,11.7324,6916.83
1077,0,0,6,11.7228,6866.01
1080,0,0,6,11.7094,6798.81
1079,0,0,6,11.7028,6764.35
1061,0,0,6,11.6985,6743.07
1063,0,0,6,11.695,6724.9
1062,0,0,6,11.6939,6717.82
2159,0,0,6,11.6937,6716.71
1045,0,0,6,11.693,6713.56
1043,0,0,6,11.6896,6696.36
1044,0,0,6,11.685,6672.46
1314,0,0,7,12.0056,8285.54,0.0708333,308.954,0.24,8
2163,0,0,7,11.9935,8217.3
2051,0,0,7,11.9557,8021.32
1154,0,0,7,11.939,7932.17
1156,0,0,7,11.9321,7894.6
1155,0,0,7,11.9174,7821.25
1781,0,0,7,11.9111,7789.36
2107,0,0,7,11.9039,7753.2
1779,0,0,7,11.8827,7646.31
1780,0,0,7,11.8745,7606.76
1563,0,0,8,12.1163,8817,0.0391667,170.833,0.05,9
2164,0,0,8,12.1078,8767.9
1313,0,0,8,12.0851,8645.31
1309,0,0,8,12.077,8597.37
1314,0,0,8,12.0764,8594.5
954,0,0,9,12.2811,9650.19,0.0338333,147.571,0.27,10
956,0,0,9,12.2556,9519.63
955,0,0,9,12.2485,9483.85
1598,0,0,9,12.2289,9383
2025,0,0,9,12.2252,9362.48
949,0,0,9,12.2219,9345.62
1302,0,0,9,12.1952,9205.95
1307,0,0,9,12.18,9122.17
2164,0,0,9,12.1638,9036.7
1563,0,0,9,12.1555,8987.84
610,0,0,10,12.5475,11029.2,0,0,0
614,0,0,10,12.5381,10983
612,0,0,10,12.5357,10969.1
423,0,0,10,12.5319,10946.3
419,0,0,10,12.5252,10908.7
420,0,0,10,12.5192,10872.7
421,0,0,10,12.5146,10845.2
417,0,0,10,12.5096,10818.5
1989,0,0,10,12.4912,10724.3
2011,0,0,10,12.4719,10624.6
2156,0,0,10,12.4664,10596.5
2013,0,0,10,12.4658,10593.4
886,0,0,10,12.4576,10550.8
888,0,0,10,12.4392,10450.7
903,0,0,10,12.4294,10397.7
904,0,0,10,12.4261,10380
925,0,0,10,12.4025,10251.5
2019,0,0,10,12.3971,10224.2
929,0,0,10,12.3967,10222.2
928,0,0,10,12.3716,10095.3
947,0,0,10,12.355,10007.6
946,0,0,10,12.3461,9959.5
945,0,0,10,12.3216,9832.69
954,0,0,10,12.3149,9797.76
352,1,0,0,10.54,1091.91,0.0496667,216.631,0.16,1
388,1,0,0,10.5208,990.979
397,1,0,0,10.4854,802.974
399,1,0,0,10.468,709.579
411,1,0,0,10.4528,627.085
1537,1,0,0,10.4204,450.01
418,1,0,0,10.4158,424.459
417,1,0,0,10.4122,405.641
1989,1,0,0,10.395,316.253
432,1,0,0,10.3884,284.899
435,1,0,0,10.3831,258.307
431,1,0,0,10.3769,226.993
439,1,0,0,10.3576,134.379
672,1,0,0,10.3388,42.3249
610,1,0,0,10.33,0
140,1,0,1,10.7668,2265.99,0.0808333,352.571,0.24,2
360,1,0,1,10.7264,2049.39
369,1,0,1,10.7051,1934.59
376,1,0,1,10.6899,1847.5
382,1,0,1,10.6745,1761.84
390,1,0,1,10.6569,1668.95
397,1,0,1,10.6401,1579.19
389,1,0,1,10.6287,1517.62
388,1,0,1,10.6048,1391.82
352,1,0,1,10.5897,1308.54
135,1,0,2,10.9895,3372.05,0.0473333,206.454,0.18,3
133,1,0,2,10.9791,3314.96
134,1,0,2,10.9714,3263
129,1,0,2,10.9626,3218.38
1717,1,0,2,10.9387,3087.44
128,1,0,2,10.9151,2957.57
127,1,0,2,10.9115,2939.01
132,1,0,2,10.8951,2854.43
140,1,0,2,10.8476,2618.56
179,1,0,3,11.1113,3974.3,0.0948333,413.634,0.23,4
178,1,0,3,11.0867,3848.09
177,1,0,3,11.0813,3820.42
2091,1,0,3,11.0674,3743.2
171,1,0,3,11.0517,3660.83
135,1,0,3,11.0368,3578.5
524,1,0,4,11.3401,5101.53,0.0955,416.542,0.49,5
523,1,0,4,11.3332,5066.56
508,1,0,4,11.314,4964.7
483,1,0,4,11.3021,4905.76
482,1,0,4,11.2965,4878.86
454,1,0,4,11.2707,4735.85
448,1,0,4,11.2635,4691.07
447,1,0,4,11.2535,4637.44
1976,1,0,4,11.2482,4607.67
1975,1,0,4,11.233,4528.9
2129,1,0,4,11.2197,4457.13
179,1,0,4,11.2061,4387.93
1044,1,0,5,11.5631,6184.68,0.111833,487.783,0.12,6
1043,1,0,5,11.5573,6155.74
2029,1,0,5,11.5572,6155.33
1016,1,0,5,11.553,6132.16
1548,1,0,5,11.5459,6095.33
1012,1,0,5,11.5413,6071.74
1014,1,0,5,11.5408,6068.88
989,1,0,5,11.5297,6010.57
990,1,0,5,11.5196,5960.31
991,1,0,5,11.5171,5947.96
706,1,0,5,11.51,5908.5
704,1,0,5,11.5074,5895.73
2179,1,0,5,11.5072,5894.86
662,1,0,5,11.501,5865.21
602,1,0,5,11.4897,5796.94
604,1,0,5,11.4871,5780.14
596,1,0,5,11.487,5779.17
551,1,0,5,11.4804,5745.44
548,1,0,5,11.4683,5683.81
526,1,0,5,11.4547,5614.32
527,1,0,5,11.4502,5592.44
523,1,0,5,11.4425,5553.04
524,1,0,5,11.4356,5518.07
1780,1,0,6,11.81,7369.05,0.0545,237.713,0.16,7
2171,1,0,6,11.8094,7365.88
1549,1,0,6,11.8028,7330.87
1148,1,0,6,11.7992,7311
1128,1,0,6,11.7871,7249.9
2045,1,0,6,11.7639,7133.81
1120,1,0,6,11.7457,7038.41
1094,1,0,6,11.7395,7006.88
1091,1,0,6,11.7322,6967.87
1092,1,0,6,11.7278,6945.41
1074,1,0,6,11.7224,6916.83
1077,1,0,6,11.7128,6866.01
1080,1,0,6,11.6994,6798.81
1079,1,0,6,11.6928,6764.35
1061,1,0,6,11.6885,6743.07
1063,1,0,6,11.685,6724.9
1062,1,0,6,11.6839,6717.82
2159,1,0,6,11.6837,6716.71
1045,1,0,6,11.683,6713.56
1043,1,0,6,11.6796,6696.36
1044,1,0,6,11.675,6672.46
1314,1,0,7,11.9956,8285.54,0.0836667,364.929,0.21,8
2163,1,0,7,11.9835,8217.3
2051,1,0,7,11.9457,8021.32
1154,1,0,7,11.929,7932.17
1156,1,0,7,11.9221,7894.6
1155,1,0,7,11.9074,7821.25
1781,1,0,7,11.9011,7789.36
2107,1,0,7,11.8939,7753.2
1779,1,0,7,11.8727,7646.31
1780,1,0,7,11.8645,7606.76
1563,1,0,8,12.1191,8872.98,0.0391667,170.833,0.05,9
2164,1,0,8,12.1107,8823.87
1313,1,0,8,12.088,8701.29
1309,1,0,8,12.0798,8653.34
1314,1,0,8,12.0792,8650.47
954,1,0,9,12.2839,9706.16,0.0338333,147.571,0.27,10
956,1,0,9,12.2584,9575.61
955,1,0,9,12.2513,9539.82
1598,1,0,9,12.2318,9438.98
2025,1,0,9,12.228,9418.46
949,1,0,9,12.2247,9401.6
1302,1,0,9,12.198,9261.93
1307,1,0,9,12.1829,9178.14
2164,1,0,9,12.1666,9092.67
1563,1,0,9,12.1583,9043.81
610,1,0,10,12.5503,11085.2,0,0,0
614,1,0,10,12.541,11038.9
612,1,0,10,12.5385,11025.1
423,1,0,10,12.5348,11002.3
419,1,0,10,12.5281,10964.7
420,1,0,10,12.522,10928.7
421,1,0,10,12.5174,10901.2
417,1,0,10,12.5124,10874.5
1989,1,0,10,12.494,10780.3
2011,1,0,10,12.4747,10680.5
2156,1,0,10,12.4693,10652.5
2013,1,0,10,12.4686,10649.3
886,1,0,10,12.4604,10606.7
888,1,0,10,12.442,10506.7
903,1,0,10,12.4322,10453.7
904,1,0,10,12.429,10436
925,1,0,10,12.4054,10307.5
2019,1,0,10,12.3999,10280.2
929,1,0,10,12.3995,10278.2
928,1,0,10,12.3744,10151.3
947,1,0,10,12.3578,10063.5
946,1,0,10,12.3489,10015.5
945,1,0,10,12.3244,9888.67
954,1,0,10,12.3177,9853.73
352,2,0,0,10.42,1091.91,0.0496667,216.631,0.16,1
388,2,0,0,10.4008,990.979
397,2,0,0,10.3654,802.974
399,2,0,0,10.348,709.579
411,2,0,0,10.3328,627.085
1537,2,0,0,10.3004,450.01
418,2,0,0,10.2958,424.459
417,2,0,0,10.2922,405.641
1989,2,0,0,10.275,316.253
432,2,0,0,10.2684,284.899
435,2,0,0,10.2631,258.307
431,2,0,0,10.2569,226.993
439,2,0,0,10.2376,134.379
672,2,0,0,10.2188,42.3249
610,2,0,0,10.21,0
140,2,0,1,10.6468,2265.99,0.0808333,352.571,0.24,2
360,2,0,1,10.6064,2049.39
369,2,0,1,10.5851,1934.59
376,2,0,1,10.5699,1847.5
382,2,0,1,10.5545,1761.84
390,2,0,1,10.5369,1668.95
397,2,0,1,10.5201,1579.19
389,2,0,1,10.5087,1517.62
388,2,0,1,10.4848,1391.82
352,2,0,1,10.4697,1308.54
135,2,0,2,10.8695,3372.05,0.0473333,206.454,0.18,3
133,2,0,2,10.8591,3314.96
134,2,0,2,10.8514,3263
129,2,0,2,10.8426,3218.38
1717,2,0,2,10.8187,3087.44
128,2,0,2,10.7951,2957.57
127,2,0,2,10.7915,2939.01
132,2,0,2,10.7751,2854.43
140,2,0,2,10.7276,2618.56
179,2,0,3,10.9916,3976.11,0.0905,394.734,0.19,4
178,2,0,3,10.9691,3858.17
177,2,0,3,10.9642,3833.16
2091,2,0,3,10.9499,3753.75
171,2,0,3,10.9345,3672.88
135,2,0,3,10.9168,3578.5
524,2,0,4,11.2161,5084.43,0.0955,416.542,0.49,5
523,2,0,4,11.2092,5049.46
508,2,0,4,11.19,4947.6
483,2,0,4,11.1781,4888.66
482,2,0,4,11.1725,4861.77
454,2,0,4,11.1467,4718.75
448,2,0,4,11.1396,4673.97
447,2,0,4,11.1295,4620.34
1976,2,0,4,11.1242,4590.57
1975,2,0,4,11.109,4511.8
2129,2,0,4,11.0957,4440.03
179,2,0,4,11.0821,4370.84
1044,2,0,5,11.4392,6167.59,0.111833,487.783,0.12,6
1043,2,0,5,11.4334,6138.65
2029,2,0,5,11.4333,6138.23
1016,2,0,5,11.4291,6115.07
1548,2,0,5,11.4219,6078.23
1012,2,0,5,11.4173,6054.65
1014,2,0,5,11.4168,6051.78
989,2,0,5,11.4057,5993.48
990,2,0,5,11.3957,5943.22
991,2,0,5,11.3931,5930.87
706,2,0,5,11.3861,5891.4
704,2,0,5,11.3834,5878.63
2179,2,0,5,11.3832,5877.77
662,2,0,5,11.377,5848.12
602,2,0,5,11.3657,5779.84
604,2,0,5,11.3631,5763.04
596,2,0,5,11.363,5762.07
551,2,0,5,11.3564,5728.34
548,2,0,5,11.3443,5666.72
526,2,0,5,11.3307,5597.22
527,2,0,5,11.3263,5575.35
523,2,0,5,11.3185,5535.95
524,2,0,5,11.3116,5500.97
1780,2,0,6,11.6861,7351.96,0.0545,237.713,0.16,7
2171,2,0,6,11.6854,7348.79
1549,2,0,6,11.6788,7313.78
1148,2,0,6,11.6753,7293.9
1128,2,0,6,11.6631,7232.8
2045,2,0,6,11.64,7116.71
1120,2,0,6,11.6217,7021.31
1094,2,0,6,11.6155,6989.78
1091,2,0,6,11.6082,6950.78
1092,2,0,6,11.6039,6928.32
1074,2,0,6,11.5985,6899.74
1077,2,0,6,11.5889,6848.92
1080,2,0,6,11.5754,6781.71
1079,2,0,6,11.5688,6747.26
1061,2,0,6,11.5645,6725.97
1063,2,0,6,11.561,6707.81
1062,2,0,6,11.5599,6700.73
2159,2,0,6,11.5597,6699.61
1045,2,0,6,11.559,6696.46
1043,2,0,6,11.5556,6679.26
1044,2,0,6,11.551,6655.37
1314,2,0,7,11.8716,8268.45,0.0836667,364.929,0.21,8
2163,2,0,7,11.8595,8200.2
2051,2,0,7,11.8217,8004.23
1154,2,0,7,11.805,7915.08
1156,2,0,7,11.7981,7877.51
1155,2,0,7,11.7834,7804.15
1781,2,0,7,11.7771,7772.27
2107,2,0,7,11.7699,7736.11
1779,2,0,7,11.7487,7629.21
1780,2,0,7,11.7406,7589.67
1563,2,0,8,12.0004,8878.01,0.0391667,170.833,0.05,9
2164,2,0,8,11.9883,8813.86
1313,2,0,8,11.9639,8684.1
1309,2,0,8,11.9558,8636.25
1314,2,0,8,11.9553,8633.38
954,2,0,9,12.1652,9711.19,0.0338333,147.571,0.27,10
956,2,0,9,12.1397,9580.64
955,2,0,9,12.1326,9544.85
1598,2,0,9,12.1131,9444.01
2025,2,0,9,12.1094,9423.49
949,2,0,9,12.106,9406.63
1302,2,0,9,12.0793,9266.96
1307,2,0,9,12.0642,9183.17
2164,2,0,9,12.0479,9097.7
1563,2,0,9,12.0396,9048.84
610,2,0,10,12.4317,11090.2,0,0,0
614,2,0,10,12.4223,11044
612,2,0,10,12.4198,11030.1
423,2,0,10,12.4161,11007.3
419,2,0,10,12.4094,10969.7
420,2,0,10,12.4033,10933.7
421,2,0,10,12.3987,10906.2
417,2,0,10,12.3937,10879.5
1989,2,0,10,12.3753,10785.3
2011,2,0,10,12.356,10685.6
2156,2,0,10,12.3506,10657.5
2013,2,0,10,12.3499,10654.4
886,2,0,10,12.3418,10611.8
888,2,0,10,12.3234,10511.7
903,2,0,10,12.3136,10458.7
904,2,0,10,12.3103,10441
925,2,0,10,12.2867,10312.5
2019,2,0,10,12.2813,10285.2
929,2,0,10,12.2809,10283.2
928,2,0,10,12.2557,10156.3
947,2,0,10,12.2391,10068.6
946,2,0,10,12.2302,10020.5
945,2,0,10,12.2058,9893.7
954,2,0,10,12.1991,9858.76
352,3,0,0,10.37,1091.91,0.0496667,216.631,0.16,1
388,3,0,0,10.3508,990.979
397,3,0,0,10.3154,802.974
399,3,0,0,10.298,709.579
411,3,0,0,10.2828,627.085
1537,3,0,0,10.2504,450.01
418,3,0,0,10.2458,424.459
417,3,0,0,10.2422,405.641
1989,3,0,0,10.225,316.253
432,3,0,0,10.2184,284.899
435,3,0,0,10.2131,258.307
431,3,0,0,10.2069,226.993
439,3,0,0,10.1876,134.379
672,3,0,0,10.1688,42.3249
610,3,0,0,10.16,0
140,3,0,1,10.5968,2265.99,0.0808333,352.571,0.24,2
360,3,0,1,10.5564,2049.39
369,3,0,1,10.5351,1934.59
376,3,0,1,10.5199,1847.5
382,3,0,1,10.5045,1761.84
390,3,0,1,10.4869,1668.95
397,3,0,1,10.4701,1579.19
389,3,0,1,10.4587,1517.62
388,3,0,1,10.4348,1391.82
352,3,0,1,10.4197,1308.54
135,3,0,2,10.8195,3372.05,0.0473333,206.454,0.18,3
133,3,0,2,10.8091,3314.96
134,3,0,2,10.8014,3263
129,3,0,2,10.7926,3218.38
1717,3,0,2,10.7687,3087.44
128,3,0,2,10.7451,2957.57
127,3,0,2,10.7415,2939.01
132,3,0,2,10.7251,2854.43
140,3,0,2,10.6776,2618.56
179,3,0,3,10.9416,3976.11,0.0905,394.734,0.19,4
178,3,0,3,10.9191,3858.17
177,3,0,3,10.9142,3833.16
2091,3,0,3,10.8999,3753.75
171,3,0,3,10.8845,3672.88
135,3,0,3,10.8668,3578.5
524,3,0,4,11.1661,5084.43,0.0955,416.542,0.49,5
523,3,0,4,11.1592,5049.46
508,3,0,4,11.14,4947.6
483,3,0,4,11.1281,4888.66
482,3,0,4,11.1225,4861.77
454,3,0,4,11.0967,4718.75
448,3,0,4,11.0896,4673.97
447,3,0,4,11.0795,4620.34
1976,3,0,4,11.0742,4590.57
1975,3,0,4,11.059,4511.8
2129,3,0,4,11.0457,4440.03
179,3,0,4,11.0321,4370.84
1044,3,0,5,11.3892,6167.59,0.111833,487.783,0.12,6
1043,3,0,5,11.3834,6138.65
2029,3,0,5,11.3833,6138.23
1016,3,0,5,11.3791,6115.07
1548,3,0,5,11.3719,6078.23
1012,3,0,5,11.3673,6054.65
1014,3,0,5,11.3668,6051.78
989,3,0,5,11.3557,5993.48
990,3,0,5,11.3457,5943.22
991,3,0,5,11.3431,5930.87
706,3,0,5,11.3361,5891.4
704,3,0,5,11.3334,5878.63
2179,3,0,5,11.3332,5877.77
662,3,0,5,11.327,5848.12
602,3,0,5,11.3157,5779.84
604,3,0,5,11.3131,5763.04
596,3,0,5,11.313,5762.07
551,3,0,5,11.3064,5728.34
548,3,0,5,11.2943,5666.72
526,3,0,5,11.2807,5597.22
527,3,0,5,11.2763,5575.35
523,3,0,5,11.2685,5535.95
524,3,0,5,11.2616,5500.97
1780,3,0,6,11.6361,7351.96,0.0545,237.713,0.16,7
2171,3,0,6,11.6354,7348.79
1549,3,0,6,11.6288,7313.78
1148,3,0,6,11.6253,7293.9
1128,3,0,6,11.6131,7232.8
2045,3,0,6,11.59,7116.71
1120,3,0,6,11.5717,7021.31
1094,3,0,6,11.5655,6989.78
1091,3,0,6,11.5582,6950.78
1092,3,0,6,11.5539,6928.32
1074,3,0,6,11.5485,6899.74
1077,3,0,6,11.5389,6848.92
1080,3,0,6,11.5254,6781.71
1079,3,0,6,11.5188,6747.26
1061,3,0,6,11.5145,6725.97
1063,3,0,6,11.511,6707.81
1062,3,0,6,11.5099,6700.73
2159,3,0,6,11.5097,6699.61
1045,3,0,6,11.509,6696.46
1043,3,0,6,11.5056,6679.26
1044,3,0,6,11.501,6655.37
1314,3,0,7,11.8216,8268.45,0.0836667,364.929,0.21,8
2163,3,0,7,11.8095,8200.2
2051,3,0,7,11.7717,8004.23
1154,3,0,7,11.755,7915.08
1156,3,0,7,11.7481,7877.51
1155,3,0,7,11.7334,7804.15
1781,3,0,7,11.7271,7772.27
2107,3,0,7,11.7199,7736.11
1779,3,0,7,11.6987,7629.21
1780,3,0,7,11.6906,7589.67
1563,3,0,8,11.9504,8878.01,0.06,261.702,0.03,9
2164,3,0,8,11.9383,8813.86
1313,3,0,8,11.9139,8684.1
1309,3,0,8,11.9058,8636.25
1314,3,0,8,11.9053,8633.38
954,3,0,9,12.1361,9802.06,0.0338333,147.571,0.27,10
956,3,0,9,12.1105,9671.51
955,3,0,9,12.1035,9635.72
1598,3,0,9,12.0839,9534.88
2025,3,0,9,12.0802,9514.36
949,3,0,9,12.0769,9497.5
1302,3,0,9,12.0502,9357.83
1307,3,0,9,12.035,9274.04
2164,3,0,9,12.0188,9188.57
1563,3,0,9,12.0104,9139.71
610,3,0,10,12.4025,11181.1,0,0,0
614,3,0,10,12.3931,11134.8
612,3,0,10,12.3907,11121
423,3,0,10,12.3869,11098.2
419,3,0,10,12.3802,11060.6
420,3,0,10,12.3741,11024.6
421,3,0,10,12.3696,10997.1
417,3,0,10,12.3646,10970.4
1989,3,0,10,12.3461,10876.2
2011,3,0,10,12.3268,10776.4
2156,3,0,10,12.3214,10748.4
2013,3,0,10,12.3208,10745.2
886,3,0,10,12.3126,10702.6
888,3,0,10,12.2942,10602.6
903,3,0,10,12.2844,10549.6
904,3,0,10,12.2811,10531.9
925,3,0,10,12.2575,10403.4
2019,3,0,10,12.2521,10376.1
929,3,0,10,12.2517,10374.1
928,3,0,10,12.2266,10247.2
947,3,0,10,12.21,10159.4
946,3,0,10,12.2011,10111.4
945,3,0,10,12.1766,9984.57
954,3,0,10,12.1699,9949.63
1044,4,0,0,10.4739,789.474,0.0425,185.372,0.08,1
1043,4,0,0,10.4689,764.208
2158,4,0,0,10.462,728.848
2030,4,0,0,10.458,709.012
1011,4,0,0,10.4578,708.14
1547,4,0,0,10.4448,643.242
1546,4,0,0,10.4404,620.079
975,4,0,0,10.437,602.282
2026,4,0,0,10.4306,568.492
2027,4,0,0,10.4261,545.262
1998,4,0,0,10.416,493.634
686,4,0,0,10.4122,473.636
685,4,0,0,10.4015,419.441
681,4,0,0,10.3949,384.678
682,4,0,0,10.386,338.439
677,4,0,0,10.378,296.886
678,4,0,0,10.3717,265.906
674,4,0,0,10.3572,189.995
669,4,0,0,10.3441,120.422
673,4,0,0,10.3368,81.4569
672,4,0,0,10.3288,42.3249
610,4,0,0,10.32,0
1780,4,0,1,10.6546,1684.64,0.0645,281.33,0.14,2
2171,4,0,1,10.654,1681.47
1549,4,0,1,10.6464,1642.24
1148,4,0,1,10.6427,1621.55
1128,4,0,1,10.6307,1561.04
2045,4,0,1,10.613,1468.22
1120,4,0,1,10.5975,1384.11
1094,4,0,1,10.5907,1350.45
1091,4,0,1,10.5772,1285.7
1092,4,0,1,10.573,1263.56
1074,4,0,1,10.5671,1233.11
1077,4,0,1,10.5568,1179.31
1080,4,0,1,10.5418,1105.49
1079,4,0,1,10.5336,1064.36
1061,4,0,1,10.5293,1043.07
1063,4,0,1,10.5258,1024.86
1062,4,0,1,10.5247,1017.81
2159,4,0,1,10.5245,1016.59
1045,4,0,1,10.5238,1013.44
1043,4,0,1,10.5206,997.286
1044,4,0,1,10.5164,974.847
1314,4,0,2,10.871,2732.03,0.113667,495.78,0.18,3
2163,4,0,2,10.8553,2648.01
2051,4,0,2,10.817,2449.94
1154,4,0,2,10.7957,2341.13
1156,4,0,2,10.7858,2290.77
1155,4,0,2,10.7731,2226.05
1781,4,0,2,10.7666,2193.16
2107,4,0,2,10.7597,2158.38
1779,4,0,2,10.7286,2010.91
1780,4,0,2,10.7191,1965.97
1563,4,0,3,11.0275,3461.55,0.06,261.702,0.03,4
2164,4,0,3,11.0156,3398.48
1313,4,0,3,10.9937,3279.02
1309,4,0,3,10.9853,3230.68
1314,4,0,3,10.9847,3227.81
954,4,0,4,11.2182,4405.62,0.102,444.893,0.25,5
956,4,0,4,11.1904,4265.29
955,4,0,4,11.1818,4223.57
1598,4,0,4,11.1622,4122.09
2025,4,0,4,11.1586,4102.41
949,4,0,4,11.1554,4086.01
1302,4,0,4,11.1334,3966.62
1307,4,0,4,11.1178,3880.77
2164,4,0,4,11.0989,3784.07
1563,4,0,4,11.0875,3723.25
352,4,0,5,11.5477,6018.89,0.112667,491.418,0.14,6
1983,4,0,5,11.5227,5893.48
813,4,0,5,11.4765,5662.15
822,4,0,5,11.446,5506.17
2153,4,0,5,11.425,5394.24
831,4,0,5,11.425,5394.16
825,4,0,5,11.4246,5392.13
834,4,0,5,11.4131,5331.69
835,4,0,5,11.4061,5289.62
2154,4,0,5,11.3801,5151.93
857,4,0,5,11.3714,5106.38
926,4,0,5,11.3634,5063.83
945,4,0,5,11.3262,4882.63
954,4,0,5,11.3202,4850.52
140,4,0,6,11.8451,7499.68,0.0621667,271.152,0.24,7
360,4,0,6,11.8059,7288.22
369,4,0,6,11.7827,7165.41
376,4,0,6,11.765,7068.15
382,4,0,6,11.7484,6977.52
390,4,0,6,11.7328,6893.1
397,4,0,6,11.7163,6804.54
389,4,0,6,11.7047,6742.17
388,4,0,6,11.6796,6611.61
352,4,0,6,11.6604,6510.31
135,4,0,7,12.0381,8478.12,0.0491667,214.45,0.14,8
133,4,0,7,12.0293,8426.91
134,4,0,7,12.0217,8374.95
129,4,0,7,12.014,8335.31
1717,4,0,7,11.9927,8215.72
128,4,0,7,11.9594,8044.64
127,4,0,7,11.9561,8027.2
132,4,0,7,11.934,7919.19
140,4,0,7,11.9073,7770.83
179,4,0,8,12.1674,9112.6,0.0786667,343.12,0.27,9
178,4,0,8,12.1435,8989.21
177,4,0,8,12.1384,8963.17
2091,4,0,8,12.1218,8873.93
171,4,0,8,12.105,8786.82
135,4,0,8,12.0873,8692.57
524,4,0,9,12.3769,10157.6,0.0848333,370.017,0.45,10
523,4,0,9,12.3695,10120.7
508,4,0,9,12.3481,10009.2
483,4,0,9,12.3379,9957.19
482,4,0,9,12.3345,9939.6
454,4,0,9,12.3084,9795.38
448,4,0,9,12.3016,9751.02
447,4,0,9,12.2898,9689.94
1976,4,0,9,12.2845,9660.03
1975,4,0,9,12.2713,9589.6
2129,4,0,9,12.2585,9520.14
179,4,0,9,12.246,9455.72
610,4,0,10,12.5942,11280.3,0,0,0
614,4,0,10,12.5848,11234
612,4,0,10,12.5823,11220.2
423,4,0,10,12.5786,11197.4
609,4,0,10,12.5727,11141.1
628,4,0,10,12.5627,11067.1
561,4,0,10,12.5589,11042.3
557,4,0,10,12.5508,10994.2
554,4,0,10,12.5485,10982.4
565,4,0,10,12.5404,10937.4
573,4,0,10,12.5351,10910.8
574,4,0,10,12.5278,10861.3
1844,4,0,10,12.5247,10843.3
575,4,0,10,12.5219,10827.2
578,4,0,10,12.5167,10796.8
543,4,0,10,12.495,10690.6
522,4,0,10,12.4812,10622.2
521,4,0,10,12.4751,10592.5
525,4,0,10,12.4675,10556.2
524,4,0,10,12.4617,10527.6
1044,5,0,0,10.1539,789.474,0.0425,185.372,0.08,1
1043,5,0,0,10.1489,764.208
2158,5,0,0,10.142,728.848
2030,5,0,0,10.138,709.012
1011,5,0,0,10.1378,708.14
1547,5,0,0,10.1248,643.242
1546,5,0,0,10.1204,620.079
975,5,0,0,10.117,602.282
2026,5,0,0,10.1106,568.492
2027,5,0,0,10.1061,545.262
1998,5,0,0,10.096,493.634
686,5,0,0,10.0922,473.636
685,5,0,0,10.0815,419.441
681,5,0,0,10.0749,384.678
682,5,0,0,10.066,338.439
677,5,0,0,10.058,296.886
678,5,0,0,10.0518,265.906
674,5,0,0,10.0372,189.995
669,5,0,0,10.0241,120.422
673,5,0,0,10.0168,81.4569
672,5,0,0,10.0088,42.3249
610,5,0,0,10,0
1780,5,0,1,10.3346,1684.64,0.0645,281.33,0.14,2
2171,5,0,1,10.334,1681.47
1549,5,0,1,10.3264,1642.24
1148,5,0,1,10.3227,1621.55
1128,5,0,1,10.3107,1561.04
2045,5,0,1,10.293,1468.22
1120,5,0,1,10.2775,1384.11
1094,5,0,1,10.2707,1350.45
1091,5,0,1,10.2572,1285.7
1092,5,0,1,10.253,1263.56
1074,5,0,1,10.2471,1233.11
1077,5,0,1,10.2368,1179.31
1080,5,0,1,10.2218,1105.49
1079,5,0,1,10.2136,1064.36
1061,5,0,1,10.2093,1043.07
1063,5,0,1,10.2058,1024.86
1062,5,0,1,10.2047,1017.81
2159,5,0,1,10.2045,1016.59
1045,5,0,1,10.2038,1013.44
1043,5,0,1,10.2006,997.286
1044,5,0,1,10.1964,974.847
1314,5,0,2,10.551,2732.03,0.113667,495.78,0.18,3
2163,5,0,2,10.5353,2648.01
2051,5,0,2,10.497,2449.94
1154,5,0,2,10.4757,2341.13
1156,5,0,2,10.4658,2290.77
1155,5,0,2,10.4531,2226.05
1781,5,0,2,10.4466,2193.16
2107,5,0,2,10.4397,2158.38
1779,5,0,2,10.4086,2010.91
1780,5,0,2,10.3991,1965.97
1563,5,0,3,10.7075,3461.55,0.099,431.808,0.04,4
2164,5,0,3,10.6956,3398.48
1313,5,0,3,10.6737,3279.02
1309,5,0,3,10.6653,3230.68
1314,5,0,3,10.6647,3227.81
954,5,0,4,10.9323,4554.68,0.0603333,263.156,0.24,5
956,5,0,4,10.9053,4417.74
955,5,0,4,10.8962,4373.66
1598,5,0,4,10.8755,4267.98
2025,5,0,4,10.8713,4245.34
949,5,0,4,10.8684,4230.21
1302,5,0,4,10.8488,4121.02
1307,5,0,4,10.8335,4036.77
2164,5,0,4,10.8167,3948.87
1563,5,0,4,10.8065,3893.36
352,5,0,5,11.198,5891.95,0.112667,491.418,0.14,6
1983,5,0,5,11.1747,5773.74
813,5,0,5,11.1377,5581.12
822,5,0,5,11.114,5453.97
2153,5,0,5,11.0929,5341.76
831,5,0,5,11.0929,5341.68
825,5,0,5,11.0925,5339.65
834,5,0,5,11.0823,5284.73
835,5,0,5,11.0738,5237.81
2154,5,0,5,11.0441,5084.39
857,5,0,5,11.0354,5038.42
926,5,0,5,11.0254,4987.59
945,5,0,5,10.999,4851.25
954,5,0,5,10.9926,4817.83
140,5,0,6,11.4953,7372.73,0.0621667,271.152,0.24,7
360,5,0,6,11.4562,7161.27
369,5,0,6,11.433,7038.46
376,5,0,6,11.4152,6941.2
382,5,0,6,11.3987,6850.57
390,5,0,6,11.383,6766.15
397,5,0,6,11.3665,6677.59
389,5,0,6,11.3549,6615.23
388,5,0,6,11.3299,6484.66
352,5,0,6,11.3106,6383.36
135,5,0,7,11.6884,8351.17,0.113833,496.507,0.15,8
133,5,0,7,11.6795,8299.96
134,5,0,7,11.6719,8248
129,5,0,7,11.6643,8208.36
1717,5,0,7,11.643,8088.77
128,5,0,7,11.6097,7917.69
127,5,0,7,11.6063,7900.25
132,5,0,7,11.5843,7792.24
140,5,0,7,11.5575,7643.88
179,5,0,8,11.8767,9243.47,0.0948333,413.634,0.23,9
178,5,0,8,11.8522,9117.27
177,5,0,8,11.8467,9089.59
2091,5,0,8,11.8328,9012.37
171,5,0,8,11.8171,8930.01
135,5,0,8,11.8022,8847.67
524,5,0,9,12.1055,10370.7,0.0848333,370.017,0.45,10
523,5,0,9,12.0986,10335.7
508,5,0,9,12.0794,10233.9
483,5,0,9,12.0675,10174.9
482,5,0,9,12.0619,10148
454,5,0,9,12.0361,10005
448,5,0,9,12.0289,9960.24
447,5,0,9,12.0189,9906.61
1976,5,0,9,12.0136,9876.84
1975,5,0,9,11.9984,9798.07
2129,5,0,9,11.9851,9726.3
179,5,0,9,11.9715,9657.11
610,5,0,10,12.3227,11493.4,0,0,0
614,5,0,10,12.3134,11447.1
612,5,0,10,12.3109,11433.3
423,5,0,10,12.3072,11410.5
609,5,0,10,12.3013,11354.2
628,5,0,10,12.2913,11280.1
561,5,0,10,12.2875,11255.4
557,5,0,10,12.2794,11207.3
554,5,0,10,12.2771,11195.5
565,5,0,10,12.269,11150.5
573,5,0,10,12.2637,11123.9
574,5,0,10,12.2564,11074.4
1844,5,0,10,12.2533,11056.4
575,5,0,10,12.2505,11040.3
578,5,0,10,12.2453,11009.8
543,5,0,10,12.2236,10903.7
522,5,0,10,12.2098,10835.3
521,5,0,10,12.2037,10805.6
525,5,0,10,12.1961,10769.3
524,5,0,10,12.1903,10740.7
1044,6,0,0,10.2139,789.474,0.0425,185.372,0.08,1
1043,6,0,0,10.2089,764.208
2158,6,0,0,10.202,728.848
2030,6,0,0,10.198,709.012
1011,6,0,0,10.1979,708.14
1547,6,0,0,10.1848,643.242
1546,6,0,0,10.1804,620.079
975,6,0,0,10.177,602.282
2026,6,0,0,10.1706,568.492
2027,6,0,0,10.1661,545.262
1998,6,0,0,10.156,493.634
686,6,0,0,10.1522,473.636
685,6,0,0,10.1415,419.441
681,6,0,0,10.1349,384.678
682,6,0,0,10.126,338.439
677,6,0,0,10.118,296.886
678,6,0,0,10.1118,265.906
674,6,0,0,10.0972,189.995
669,6,0,0,10.0841,120.422
673,6,0,0,10.0768,81.4569
672,6,0,0,10.0688,42.3249
610,6,0,0,10.06,0
1780,6,0,1,10.3946,1684.64,0.0645,281.33,0.14,2
2171,6,0,1,10.394,1681.47
1549,6,0,1,10.3864,1642.24
1148,6,0,1,10.3827,1621.55
1128,6,0,1,10.3707,1561.04
2045,6,0,1,10.353,1468.22
1120,6,0,1,10.3375,1384.11
1094,6,0,1,10.3307,1350.45
1091,6,0,1,10.3172,1285.7
1092,6,0,1,10.313,1263.56
1074,6,0,1,10.3071,1233.11
1077,6,0,1,10.2968,1179.31
1080,6,0,1,10.2818,1105.49
1079,6,0,1,10.2736,1064.36
1061,6,0,1,10.2693,1043.07
1063,6,0,1,10.2658,1024.86
1062,6,0,1,10.2647,1017.81
2159,6,0,1,10.2645,1016.59
1045,6,0,1,10.2638,1013.44
1043,6,0,1,10.2606,997.286
1044,6,0,1,10.2564,974.847
1314,6,0,2,10.611,2732.03,0.113667,495.78,0.18,3
2163,6,0,2,10.5953,2648.01
2051,6,0,2,10.557,2449.94
1154,6,0,2,10.5357,2341.13
1156,6,0,2,10.5258,2290.77
1155,6,0,2,10.5131,2226.05
1781,6,0,2,10.5066,2193.16
2107,6,0,2,10.4997,2158.38
1779,6,0,2,10.4686,2010.91
1780,6,0,2,10.4591,1965.97
1563,6,0,3,10.7675,3461.55,0.099,431.808,0.04,4
2164,6,0,3,10.7556,3398.48
1313,6,0,3,10.7337,3279.02
1309,6,0,3,10.7253,3230.68
1314,6,0,3,10.7247,3227.81
954,6,0,4,10.9923,4554.68,0.0603333,263.156,0.24,5
956,6,0,4,10.9653,4417.74
955,6,0,4,10.9562,4373.66
1598,6,0,4,10.9355,4267.98
2025,6,0,4,10.9313,4245.34
949,6,0,4,10.9284,4230.21
1302,6,0,4,10.9088,4121.02
1307,6,0,4,10.8935,4036.77
2164,6,0,4,10.8767,3948.87
1563,6,0,4,10.8665,3893.36
352,6,0,5,11.2801,5986.21,0.112667,491.418,0.14,6
1983,6,0,5,11.2552,5860.8
813,6,0,5,11.209,5629.47
822,6,0,5,11.1784,5473.49
2153,6,0,5,11.1574,5361.56
831,6,0,5,11.1574,5361.48
825,6,0,5,11.157,5359.45
834,6,0,5,11.1456,5299.01
835,6,0,5,11.1386,5256.94
2154,6,0,5,11.1126,5119.25
857,6,0,5,11.1039,5073.69
926,6,0,5,11.0958,5031.14
945,6,0,5,11.0587,4849.95
954,6,0,5,11.0526,4817.83
140,6,0,6,11.5775,7467,0.0621667,271.152,0.24,7
360,6,0,6,11.5383,7255.54
369,6,0,6,11.5151,7132.72
376,6,0,6,11.4974,7035.47
382,6,0,6,11.4809,6944.84
390,6,0,6,11.4652,6860.42
397,6,0,6,11.4487,6771.85
389,6,0,6,11.4371,6709.49
388,6,0,6,11.4121,6578.93
352,6,0,6,11.3928,6477.63
179,6,0,7,11.833,8783.72,0.0948333,413.634,0.23,8
178,6,0,7,11.8084,8657.51
177,6,0,7,11.8029,8629.84
184,6,0,7,11.7825,8518.51
440,6,0,7,11.7659,8427.32
451,6,0,7,11.7471,8331.61
368,6,0,7,11.7285,8226.56
367,6,0,7,11.7258,8211.7
361,6,0,7,11.6928,8027.5
360,6,0,7,11.6826,7965.6
140,6,0,7,11.6397,7738.15
135,6,0,8,12.0135,9646.26,0.0491667,214.45,0.14,9
171,6,0,8,11.996,9553.03
2091,6,0,8,11.9833,9483.38
172,6,0,8,11.9805,9468.52
1535,6,0,8,11.9708,9416.92
177,6,0,8,11.9606,9362.76
178,6,0,8,11.9556,9337.4
179,6,0,8,11.9278,9197.35
524,6,0,9,12.2536,10884.2,0.0848333,370.017,0.45,10
523,6,0,9,12.2462,10847.3
508,6,0,9,12.2248,10735.8
483,6,0,9,12.2146,10683.8
482,6,0,9,12.2112,10666.2
454,6,0,9,12.1851,10522
455,6,0,9,12.1828,10507.8
453,6,0,9,12.1736,10442.2
446,6,0,9,12.1644,10391.2
442,6,0,9,12.15,10321.2
1857,6,0,9,12.1405,10272.6
441,6,0,9,12.1354,10247.5
185,6,0,9,12.1251,10192.5
177,6,0,9,12.1138,10131.3
2091,6,0,9,12.0971,10042.1
171,6,0,9,12.0803,9954.97
135,6,0,9,12.0626,9860.71
610,6,0,10,12.4709,12006.9,0,0,0
614,6,0,10,12.4615,11960.7
612,6,0,10,12.459,11946.8
423,6,0,10,12.4553,11924
609,6,0,10,12.4494,11867.7
628,6,0,10,12.4394,11793.7
561,6,0,10,12.4356,11768.9
557,6,0,10,12.4275,11720.8
554,6,0,10,12.4252,11709
565,6,0,10,12.4171,11664
573,6,0,10,12.4118,11637.4
574,6,0,10,12.4045,11587.9
1844,6,0,10,12.4014,11569.9
575,6,0,10,12.3986,11553.9
578,6,0,10,12.3934,11523.4
543,6,0,10,12.3717,11417.2
522,6,0,10,12.3579,11348.8
521,6,0,10,12.3518,11319.1
525,6,0,10,12.3442,11282.8
524,6,0,10,12.3384,11254.2
1044,7,0,0,10.1639,789.474,0.0425,185.372,0.08,1
1043,7,0,0,10.1589,764.208
2158,7,0,0,10.152,728.848
2030,7,0,0,10.148,709.012
1011,7,0,0,10.1479,708.14
1547,7,0,0,10.1348,643.242
1546,7,0,0,10.1304,620.079
975,7,0,0,10.127,602.282
2026,7,0,0,10.1206,568.492
2027,7,0,0,10.1161,545.262
1998,7,0,0,10.106,493.634
686,7,0,0,10.1022,473.636
685,7,0,0,10.0915,419.441
681,7,0,0,10.0849,384.678
682,7,0,0,10.076,338.439
677,7,0,0,10.068,296.886
678,7,0,0,10.0618,265.906
674,7,0,0,10.0472,189.995
669,7,0,0,10.0341,120.422
673,7,0,0,10.0268,81.4569
672,7,0,0,10.0188,42.3249
610,7,0,0,10.01,0
1780,7,0,1,10.3446,1684.64,0.0645,281.33,0.14,2
2171,7,0,1,10.344,1681.47
1549,7,0,1,10.3364,1642.24
1148,7,0,1,10.3327,1621.55
1128,7,0,1,10.3207,1561.04
2045,7,0,1,10.303,1468.22
1120,7,0,1,10.2875,1384.11
1094,7,0,1,10.2807,1350.45
1091,7,0,1,10.2672,1285.7
1092,7,0,1,10.263,1263.56
1074,7,0,1,10.2571,1233.11
1077,7,0,1,10.2468,1179.31
1080,7,0,1,10.2318,1105.49
1079,7,0,1,10.2236,1064.36
1061,7,0,1,10.2193,1043.07
1063,7,0,1,10.2158,1024.86
1062,7,0,1,10.2147,1017.81
2159,7,0,1,10.2145,1016.59
1045,7,0,1,10.2138,1013.44
1043,7,0,1,10.2106,997.286
1044,7,0,1,10.2064,974.847
1314,7,0,2,10.561,2732.03,0.113667,495.78,0.18,3
2163,7,0,2,10.5453,2648.01
2051,7,0,2,10.507,2449.94
1154,7,0,2,10.4857,2341.13
1156,7,0,2,10.4758,2290.77
1155,7,0,2,10.4631,2226.05
1781,7,0,2,10.4566,2193.16
2107,7,0,2,10.4497,2158.38
1779,7,0,2,10.4186,2010.91
1780,7,0,2,10.4091,1965.97
1563,7,0,3,10.7175,3461.55,0.099,431.808,0.04,4
2164,7,0,3,10.7056,3398.48
1313,7,0,3,10.6837,3279.02
1309,7,0,3,10.6753,3230.68
1314,7,0,3,10.6747,3227.81
954,7,0,4,10.9423,4554.68,0.0603333,263.156,0.24,5
956,7,0,4,10.9153,4417.74
955,7,0,4,10.9062,4373.66
1598,7,0,4,10.8855,4267.98
2025,7,0,4,10.8813,4245.34
949,7,0,4,10.8784,4230.21
1302,7,0,4,10.8588,4121.02
1307,7,0,4,10.8435,4036.77
2164,7,0,4,10.8267,3948.87
1563,7,0,4,10.8165,3893.36
610,7,0,5,11.226,6020.93,0,0,0
614,7,0,5,11.2178,5979.45
612,7,0,5,11.2152,5965.3
423,7,0,5,11.2113,5942.23
419,7,0,5,11.2067,5907.79
420,7,0,5,11.2007,5871.85
421,7,0,5,11.1961,5844.31
417,7,0,5,11.1917,5820.43
1989,7,0,5,11.1748,5732.41
2011,7,0,5,11.1545,5628.57
2156,7,0,5,11.1479,5595.66
2013,7,0,5,11.1472,5592.5
886,7,0,5,11.1378,5544.32
888,7,0,5,11.1213,5452.85
903,7,0,5,11.1119,5401.35
904,7,0,5,11.1078,5380.32
925,7,0,5,11.0867,5262.36
2019,7,0,5,11.0813,5235.5
929,7,0,5,11.0809,5233.51
928,7,0,5,11.0563,5108.79
927,7,0,5,11.034,4992.54
946,7,0,5,11.0292,4960.08
945,7,0,5,11.0087,4849.95
954,7,0,5,11.0026,4817.83
524,7,1,0,12.6628,754.735,0.0848333,370.017,0.45,1
525,7,1,0,12.6551,718.417
546,7,1,0,12.6392,639.152
583,7,1,0,12.624,562.23
580,7,1,0,12.6219,548.475
574,7,1,0,12.6005,437.354
573,7,1,0,12.5909,383.556
564,7,1,0,12.5834,343.295
557,7,1,0,12.5786,312.23
561,7,1,0,12.5721,265.791
628,7,1,0,12.5679,240.649
615,7,1,0,12.5624,209.993
608,7,1,0,12.5478,134.401
607,7,1,0,12.5449,118.634
606,7,1,0,12.5357,73.6908
610,7,1,0,12.52,0
179,7,1,1,12.9055,1930.66,0.0786667,343.12,0.27,2
2129,7,1,1,12.8932,1867.01
1975,7,1,1,12.8792,1792.23
1976,7,1,1,12.866,1721.73
447,7,1,1,12.8603,1690.45
448,7,1,1,12.8506,1638.05
455,7,1,1,12.8416,1586.43
2143,7,1,1,12.7935,1350.91
2142,7,1,1,12.7931,1349.15
484,7,1,1,12.7897,1331.46
509,7,1,1,12.7779,1272.85
524,7,1,1,12.7477,1124.75
135,7,1,2,13.0698,2722.88,0.0926667,404.184,0.12,3
171,7,1,2,13.0481,2611.66
2091,7,1,2,13.0349,2539.89
172,7,1,2,13.032,2524.52
1535,7,1,2,13.0234,2477.56
177,7,1,2,13.0137,2425.55
178,7,1,2,13.0093,2402.4
179,7,1,2,12.9842,2273.78
140,7,1,3,13.3054,3882.31,0.0831667,362.748,0.23,4
132,7,1,3,13.2695,3695.04
127,7,1,3,13.2504,3599.09
128,7,1,3,13.2461,3577.9
1717,7,1,3,13.2172,3425.11
129,7,1,3,13.1898,3279.38
134,7,1,3,13.1849,3250.88
131,7,1,3,13.1745,3192.07
135,7,1,3,13.1625,3127.06
352,7,1,4,13.5814,5275.77,0.0423333,184.645,0.11,5
388,7,1,4,13.5584,5158.76
381,7,1,4,13.5497,5112.02
375,7,1,4,13.5221,4968.64
382,7,1,4,13.4859,4770.42
376,7,1,4,13.4689,4677.82
369,7,1,4,13.4491,4571.41
360,7,1,4,13.4281,4458.1
140,7,1,4,13.3885,4245.06
610,7,1,5,13.777,6306.88,0,0,0
614,7,1,5,13.7686,6264.73
612,7,1,5,13.7659,6249.56
423,7,1,5,13.7624,6227.12
419,7,1,5,13.7571,6192.28
418,7,1,5,13.7389,6094.72
2139,7,1,5,13.7355,6075.25
2138,7,1,5,13.7191,5982.5
411,7,1,5,13.7068,5913.19
412,7,1,5,13.7047,5893.68
398,7,1,5,13.6903,5814.97
397,7,1,5,13.6795,5754.18
389,7,1,5,13.6674,5689.72
388,7,1,5,13.6413,5554.62
352,7,1,5,13.6237,5460.41
1044,8,0,0,10.1839,789.474,0.0425,185.372,0.08,1
1043,8,0,0,10.1789,764.208
2158,8,0,0,10.172,728.848
2030,8,0,0,10.168,709.012
1011,8,0,0,10.1678,708.14
1547,8,0,0,10.1548,643.242
1546,8,0,0,10.1504,620.079
975,8,0,0,10.147,602.282
2026,8,0,0,10.1406,568.492
2027,8,0,0,10.1361,545.262
1998,8,0,0,10.126,493.634
686,8,0,0,10.1222,473.636
685,8,0,0,10.1115,419.441
681,8,0,0,10.1049,384.678
682,8,0,0,10.096,338.439
677,8,0,0,10.088,296.886
678,8,0,0,10.0817,265.906
674,8,0,0,10.0672,189.995
669,8,0,0,10.0541,120.422
673,8,0,0,10.0468,81.4569
672,8,0,0,10.0388,42.3249
610,8,0,0,10.03,0
1780,8,0,1,10.3646,1684.64,0.0645,281.33,0.14,2
2171,8,0,1,10.364,1681.47
1549,8,0,1,10.3564,1642.24
1148,8,0,1,10.3527,1621.55
1128,8,0,1,10.3407,1561.04
2045,8,0,1,10.323,1468.22
1120,8,0,1,10.3075,1384.11
1094,8,0,1,10.3007,1350.45
1091,8,0,1,10.2872,1285.7
1092,8,0,1,10.283,1263.56
1074,8,0,1,10.2771,1233.11
1077,8,0,1,10.2668,1179.31
1080,8,0,1,10.2518,1105.49
1079,8,0,1,10.2436,1064.36
1061,8,0,1,10.2393,1043.07
1063,8,0,1,10.2358,1024.86
1062,8,0,1,10.2347,1017.81
2159,8,0,1,10.2345,1016.59
1045,8,0,1,10.2338,1013.44
1043,8,0,1,10.2306,997.286
1044,8,0,1,10.2264,974.847
1314,8,0,2,10.581,2732.03,0.113667,495.78,0.18,3
2163,8,0,2,10.5653,2648.01
2051,8,0,2,10.527,2449.94
1154,8,0,2,10.5057,2341.13
1156,8,0,2,10.4958,2290.77
1155,8,0,2,10.4831,2226.05
1781,8,0,2,10.4766,2193.16
2107,8,0,2,10.4697,2158.38
1779,8,0,2,10.4386,2010.91
1780,8,0,2,10.4291,1965.97
1563,8,0,3,10.7375,3461.55,0.099,431.808,0.04,4
2164,8,0,3,10.7256,3398.48
1313,8,0,3,10.7037,3279.02
1309,8,0,3,10.6953,3230.68
1314,8,0,3,10.6947,3227.81
954,8,0,4,10.9623,4554.68,0.0603333,263.156,0.24,5
956,8,0,4,10.9353,4417.74
955,8,0,4,10.9262,4373.66
1598,8,0,4,10.9055,4267.98
2025,8,0,4,10.9013,4245.34
949,8,0,4,10.8984,4230.21
1302,8,0,4,10.8788,4121.02
1307,8,0,4,10.8635,4036.77
2164,8,0,4,10.8467,3948.87
1563,8,0,4,10.8365,3893.36
610,8,0,5,11.246,6020.93,0,0,0
614,8,0,5,11.2378,5979.45
612,8,0,5,11.2352,5965.3
423,8,0,5,11.2313,5942.23
419,8,0,5,11.2267,5907.79
420,8,0,5,11.2207,5871.85
421,8,0,5,11.2161,5844.31
417,8,0,5,11.2117,5820.43
1989,8,0,5,11.1948,5732.41
2011,8,0,5,11.1745,5628.57
2156,8,0,5,11.1679,5595.66
2013,8,0,5,11.1672,5592.5
886,8,0,5,11.1578,5544.32
888,8,0,5,11.1413,5452.85
903,8,0,5,11.1319,5401.35
904,8,0,5,11.1278,5380.32
925,8,0,5,11.1067,5262.36
2019,8,0,5,11.1013,5235.5
929,8,0,5,11.1009,5233.51
928,8,0,5,11.0763,5108.79
927,8,0,5,11.054,4992.54
946,8,0,5,11.0492,4960.08
945,8,0,5,11.0287,4849.95
954,8,0,5,11.0226,4817.83
352,8,1,0,12.106,1074.02,0.107167,467.429,0.12,1
388,8,1,0,12.084,961.466
397,8,1,0,12.0491,775.688
399,8,1,0,12.0325,685.696
411,8,1,0,12.018,606.158
1537,8,1,0,11.9899,447.851
418,8,1,0,11.9846,419.391
417,8,1,0,11.9818,403.571
1989,8,1,0,11.9648,315.552
432,8,1,0,11.9605,293.46
435,8,1,0,11.9552,266.868
431,8,1,0,11.9474,229.01
439,8,1,0,11.9293,141.08
672,8,1,0,11.9085,41.2687
610,8,1,0,11.9,0
140,8,1,1,12.4005,2542.88,0.107833,470.336,0.23,2
360,8,1,1,12.3575,2314.98
369,8,1,1,12.3342,2191.84
376,8,1,1,12.319,2104.6
382,8,1,1,12.302,2012.22
390,8,1,1,12.2858,1925.48
397,8,1,1,12.2672,1827.89
389,8,1,1,12.2555,1765.25
388,8,1,1,12.2306,1635.09
352,8,1,1,12.2131,1541.45
135,8,1,2,12.6651,3852.92,0.0491667,214.45,0.14,3
133,8,1,2,12.6555,3799.47
134,8,1,2,12.6479,3747.52
129,8,1,2,12.6398,3705.8
1717,8,1,2,12.6094,3547.25
128,8,1,2,12.584,3409.37
127,8,1,2,12.5804,3390.98
139,8,1,2,12.5287,3124.84
140,8,1,2,12.5083,3013.22
179,8,1,3,12.7944,4487.4,0.0786667,343.12,0.27,4
178,8,1,3,12.7705,4364.01
177,8,1,3,12.7654,4337.97
2091,8,1,3,12.7488,4248.73
171,8,1,3,12.732,4161.62
135,8,1,3,12.7143,4067.37
524,8,1,4,13.0039,5532.41,0.0808333,352.571,0.41,5
523,8,1,4,12.9965,5495.49
508,8,1,4,12.975,5384.02
483,8,1,4,12.9648,5331.99
482,8,1,4,12.9614,5314.41
454,8,1,4,12.9354,5170.18
448,8,1,4,12.9286,5125.82
447,8,1,4,12.9168,5064.74
1976,8,1,4,12.9115,5034.83
1975,8,1,4,12.8983,4964.41
2129,8,1,4,12.8855,4894.94
179,8,1,4,12.873,4830.52
610,8,1,5,13.2156,6643.57,0,0,0
614,8,1,5,13.2072,6601.43
612,8,1,5,13.2045,6586.25
423,8,1,5,13.201,6563.81
609,8,1,5,13.1951,6507.49
628,8,1,5,13.1852,6433.48
561,8,1,5,13.1814,6408.72
557,8,1,5,13.1739,6361.48
554,8,1,5,13.1717,6350.34
565,8,1,5,13.1617,6296.69
573,8,1,5,13.1563,6270.1
574,8,1,5,13.1491,6220.63
1844,8,1,5,13.146,6202.6
575,8,1,5,13.1432,6186.52
578,8,1,5,13.1379,6155.97
586,8,1,5,13.1344,6137.33
583,8,1,5,13.1307,6117.76
589,8,1,5,13.1202,6069.87
581,8,1,5,13.1166,6049.93
544,8,1,5,13.101,5971.02
523,8,1,5,13.0906,5915.66
524,8,1,5,13.0847,5884.98
1044,9,0,0,10.2139,789.474,0.0425,185.372,0.08,1
1043,9,0,0,10.2089,764.208
2158,9,0,0,10.202,728.848
2030,9,0,0,10.198,709.012
1011,9,0,0,10.1979,708.14
1547,9,0,0,10.1848,643.242
1546,9,0,0,10.1804,620.079
975,9,0,0,10.177,602.282
2026,9,0,0,10.1706,568.492
2027,9,0,0,10.1661,545.262
1998,9,0,0,10.156,493.634
686,9,0,0,10.1522,473.636
685,9,0,0,10.1415,419.441
681,9,0,0,10.1349,384.678
682,9,0,0,10.126,338.439
677,9,0,0,10.118,296.886
678,9,0,0,10.1118,265.906
674,9,0,0,10.0972,189.995
669,9,0,0,10.0841,120.422
673,9,0,0,10.0768,81.4569
672,9,0,0,10.0688,42.3249
610,9,0,0,10.06,0
1780,9,0,1,10.3946,1684.64,0.0645,281.33,0.14,2
2171,9,0,1,10.394,1681.47
1549,9,0,1,10.3864,1642.24
1148,9,0,1,10.3827,1621.55
1128,9,0,1,10.3707,1561.04
2045,9,0,1,10.353,1468.22
1120,9,0,1,10.3375,1384.11
1094,9,0,1,10.3307,1350.45
1091,9,0,1,10.3172,1285.7
1092,9,0,1,10.313,1263.56
1074,9,0,1,10.3071,1233.11
1077,9,0,1,10.2968,1179.31
1080,9,0,1,10.2818,1105.49
1079,9,0,1,10.2736,1064.36
1061,9,0,1,10.2693,1043.07
1063,9,0,1,10.2658,1024.86
1062,9,0,1,10.2647,1017.81
2159,9,0,1,10.2645,1016.59
1045,9,0,1,10.2638,1013.44
1043,9,0,1,10.2606,997.286
1044,9,0,1,10.2564,974.847
1314,9,0,2,10.611,2732.03,0.113667,495.78,0.18,3
2163,9,0,2,10.5953,2648.01
2051,9,0,2,10.557,2449.94
1154,9,0,2,10.5357,2341.13
1156,9,0,2,10.5258,2290.77
1155,9,0,2,10.5131,2226.05
1781,9,0,2,10.5066,2193.16
2107,9,0,2,10.4997,2158.38
1779,9,0,2,10.4686,2010.91
1780,9,0,2,10.4591,1965.97
1563,9,0,3,10.7675,3461.55,0.099,431.808,0.04,4
2164,9,0,3,10.7556,3398.48
1313,9,0,3,10.7337,3279.02
1309,9,0,3,10.7253,3230.68
1314,9,0,3,10.7247,3227.81
954,9,0,4,10.9923,4554.68,0.0603333,263.156,0.24,5
956,9,0,4,10.9653,4417.74
955,9,0,4,10.9562,4373.66
1598,9,0,4,10.9355,4267.98
2025,9,0,4,10.9313,4245.34
949,9,0,4,10.9284,4230.21
1302,9,0,4,10.9088,4121.02
1307,9,0,4,10.8935,4036.77
2164,9,0,4,10.8767,3948.87
1563,9,0,4,10.8665,3893.36
352,9,0,5,11.2801,5986.21,0.112667,491.418,0.14,6
1983,9,0,5,11.2552,5860.8
813,9,0,5,11.209,5629.47
822,9,0,5,11.1784,5473.49
2153,9,0,5,11.1574,5361.56
831,9,0,5,11.1574,5361.48
825,9,0,5,11.157,5359.45
834,9,0,5,11.1456,5299.01
835,9,0,5,11.1386,5256.94
2154,9,0,5,11.1126,5119.25
857,9,0,5,11.1039,5073.69
926,9,0,5,11.0958,5031.14
945,9,0,5,11.0587,4849.95
954,9,0,5,11.0526,4817.83
140,9,0,6,11.5775,7467,0.0621667,271.152,0.24,7
360,9,0,6,11.5383,7255.54
369,9,0,6,11.5151,7132.72
376,9,0,6,11.4974,7035.47
382,9,0,6,11.4809,6944.84
390,9,0,6,11.4652,6860.42
397,9,0,6,11.4487,6771.85
389,9,0,6,11.4371,6709.49
388,9,0,6,11.4121,6578.93
352,9,0,6,11.3928,6477.63
179,9,0,7,11.833,8783.72,0.0948333,413.634,0.23,8
178,9,0,7,11.8084,8657.51
177,9,0,7,11.8029,8629.84
184,9,0,7,11.7825,8518.51
440,9,0,7,11.7659,8427.32
451,9,0,7,11.7471,8331.61
368,9,0,7,11.7285,8226.56
367,9,0,7,11.7258,8211.7
361,9,0,7,11.6928,8027.5
360,9,0,7,11.6826,7965.6
140,9,0,7,11.6397,7738.15
135,9,0,8,12.0135,9646.26,0.0491667,214.45,0.14,9
171,9,0,8,11.996,9553.03
2091,9,0,8,11.9833,9483.38
172,9,0,8,11.9805,9468.52
1535,9,0,8,11.9708,9416.92
177,9,0,8,11.9606,9362.76
178,9,0,8,11.9556,9337.4
179,9,0,8,11.9278,9197.35
610,9,0,9,12.2967,11135.8,0,0,0
614,9,0,9,12.2873,11089.6
612,9,0,9,12.2848,11075.7
426,9,0,9,12.2758,11026.6
424,9,0,9,12.2733,11012.9
407,9,0,9,12.2481,10888.6
406,9,0,9,12.2422,10859.4
403,9,0,9,12.2287,10795
394,9,0,9,12.2188,10741.8
384,9,0,9,12.2156,10724.6
385,9,0,9,12.212,10706
377,9,0,9,12.2087,10688
2134,9,0,9,12.192,10595.7
371,9,0,9,12.1872,10554.7
372,9,0,9,12.169,10446.9
460,9,0,9,12.1634,10412.5
461,9,0,9,12.1542,10347.1
1716,9,0,9,12.1458,10303.2
451,9,0,9,12.1412,10279.4
440,9,0,9,12.1242,10191.3
184,9,0,9,12.1083,10103.1
138,9,0,9,12.091,10010.5
133,9,0,9,12.0757,9929.39
135,9,0,9,12.0626,9860.71
524,9,1,0,13.3806,741.136,0.0808333,352.571,0.41,1
525,9,1,0,13.3729,704.818
546,9,1,0,13.3511,601.333
583,9,1,0,13.3353,522.372
580,9,1,0,13.3329,508.176
574,9,1,0,13.3124,400.638
573,9,1,0,13.3032,348.55
564,9,1,0,13.2959,309.306
557,9,1,0,13.29,276.225
561,9,1,0,13.2833,229.691
628,9,1,0,13.279,204.318
615,9,1,0,13.2742,176.338
608,9,1,0,13.2622,111.42
607,9,1,0,13.2591,95.0275
606,9,1,0,13.2511,54.728
610,9,1,0,13.24,0
610,9,1,1,13.5923,1852.3,0,0,0
614,9,1,1,13.5839,1810.15
612,9,1,1,13.5811,1794.97
423,9,1,1,13.5777,1772.53
609,9,1,1,13.5718,1716.21
628,9,1,1,13.5619,1642.21
561,9,1,1,13.558,1617.44
557,9,1,1,13.5506,1570.21
554,9,1,1,13.5484,1559.06
565,9,1,1,13.5383,1505.42
573,9,1,1,13.533,1478.82
574,9,1,1,13.5257,1429.36
1844,9,1,1,13.5226,1411.32
575,9,1,1,13.5199,1395.24
578,9,1,1,13.5146,1364.69
586,9,1,1,13.5111,1346.06
583,9,1,1,13.5074,1326.48
589,9,1,1,13.4969,1278.6
581,9,1,1,13.4933,1258.65
544,9,1,1,13.4776,1179.74
523,9,1,1,13.4673,1124.38
524,9,1,1,13.4614,1093.71
1044,10,0,0,10.2139,789.474,0.0425,185.372,0.08,1
1043,10,0,0,10.2089,764.208
2158,10,0,0,10.202,728.848
2030,10,0,0,10.198,709.012
1011,10,0,0,10.1979,708.14
1547,10,0,0,10.1848,643.242
1546,10,0,0,10.1804,620.079
975,10,0,0,10.177,602.282
2026,10,0,0,10.1706,568.492
2027,10,0,0,10.1661,545.262
1998,10,0,0,10.156,493.634
686,10,0,0,10.1522,473.636
685,10,0,0,10.1415,419.441
681,10,0,0,10.1349,384.678
682,10,0,0,10.126,338.439
677,10,0,0,10.118,296.886
678,10,0,0,10.1118,265.906
674,10,0,0,10.0972,189.995
669,10,0,0,10.0841,120.422
673,10,0,0,10.0768,81.4569
672,10,0,0,10.0688,42.3249
610,10,0,0,10.06,0
1780,10,0,1,10.3946,1684.64,0.0645,281.33,0.14,2
2171,10,0,1,10.394,1681.47
1549,10,0,1,10.3864,1642.24
1148,10,0,1,10.3827,1621.55
1128,10,0,1,10.3707,1561.04
2045,10,0,1,10.353,1468.22
1120,10,0,1,10.3375,1384.11
1094,10,0,1,10.3307,1350.45
1091,10,0,1,10.3172,1285.7
1092,10,0,1,10.313,1263.56
1074,10,0,1,10.3071,1233.11
1077,10,0,1,10.2968,1179.31
1080,10,0,1,10.2818,1105.49
1079,10,0,1,10.2736,1064.36
1061,10,0,1,10.2693,1043.07
1063,10,0,1,10.2658,1024.86
1062,10,0,1,10.2647,1017.81
2159,10,0,1,10.2645,1016.59
1045,10,0,1,10.2638,1013.44
1043,10,0,1,10.2606,997.286
1044,10,0,1,10.2564,974.847
1314,10,0,2,10.611,2732.03,0.113667,495.78,0.18,3
2163,10,0,2,10.5953,2648.01
2051,10,0,2,10.557,2449.94
1154,10,0,2,10.5357,2341.13
1156,10,0,2,10.5258,2290.77
1155,10,0,2,10.5131,2226.05
1781,10,0,2,10.5066,2193.16
2107,10,0,2,10.4997,2158.38
1779,10,0,2,10.4686,2010.91
1780,10,0,2,10.4591,1965.97
954,10,0,3,10.8527,3897.72,0.0603333,263.156,0.24,4
956,10,0,3,10.8257,3760.78
955,10,0,3,10.8166,3716.7
1598,10,0,3,10.7959,3611.02
2025,10,0,3,10.7917,3588.38
949,10,0,3,10.7887,3573.25
1302,10,0,3,10.7691,3464.06
1307,10,0,3,10.7539,3379.81
1308,10,0,3,10.7425,3319.75
1309,10,0,3,10.7253,3230.68
1314,10,0,3,10.7247,3227.81
1563,10,0,4,11.013,4728.65,0.06,261.702,0.03,5
2164,10,0,4,11.0011,4665.59
1306,10,0,4,10.9776,4506.33
1599,10,0,4,10.9601,4409.85
1300,10,0,4,10.9556,4383.34
1298,10,0,4,10.9489,4348.12
1297,10,0,4,10.9466,4335.63
954,10,0,4,10.913,4160.88
610,10,0,5,11.3345,6391.06,0,0,0
614,10,0,5,11.3261,6348.58
612,10,0,5,11.3236,6334.61
423,10,0,5,11.3197,6311.59
419,10,0,5,11.315,6277.15
420,10,0,5,11.309,6241.2
421,10,0,5,11.3044,6213.67
417,10,0,5,11.3001,6189.79
1989,10,0,5,11.2831,6101.77
2011,10,0,5,11.2629,5997.93
2156,10,0,5,11.2563,5965.02
2013,10,0,5,11.2556,5961.86
886,10,0,5,11.2461,5913.68
888,10,0,5,11.2297,5822.21
903,10,0,5,11.2202,5770.71
904,10,0,5,11.2162,5749.68
925,10,0,5,11.195,5631.72
2019,10,0,5,11.1897,5604.86
929,10,0,5,11.1893,5602.87
938,10,0,5,11.177,5535.55
950,10,0,5,11.1598,5449.62
951,10,0,5,11.1523,5411.86
949,10,0,5,11.1408,5353.11
1302,10,0,5,11.1189,5233.72
1307,10,0,5,11.1032,5147.87
2164,10,0,5,11.0843,5051.17
1563,10,0,5,11.073,4990.35
140,10,1,0,12.4631,1267.67,0.107833,470.336,0.23,1
360,10,1,0,12.4201,1039.77
366,10,1,0,12.4029,944.016
2134,10,1,0,12.3907,877.325
2136,10,1,0,12.3786,811.43
393,10,1,0,12.3444,638.037
401,10,1,0,12.332,569.949
1739,10,1,0,12.3225,517.625
1742,10,1,0,12.3143,475.985
1741,10,1,0,12.3087,445.167
418,10,1,0,12.3009,404.29
417,10,1,0,12.2975,385.81
1989,10,1,0,12.279,291.597
432,10,1,0,12.2754,272.441
435,10,1,0,12.2701,245.849
431,10,1,0,12.2636,213.515
439,10,1,0,12.2481,136.101
672,10,1,0,12.2305,49.3878
610,10,1,0,12.22,0
135,10,1,1,12.7277,2577.71,0.0491667,214.45,0.14,2
133,10,1,1,12.7182,2524.26
134,10,1,1,12.7106,2472.31
129,10,1,1,12.7025,2430.59
1717,10,1,1,12.6721,2272.04
128,10,1,1,12.6466,2134.16
127,10,1,1,12.643,2115.77
139,10,1,1,12.5913,1849.63
140,10,1,1,12.571,1738.01
179,10,1,2,12.857,3212.19,0.0786667,343.12,0.27,3
178,10,1,2,12.8331,3088.8
177,10,1,2,12.828,3062.76
2091,10,1,2,12.8114,2973.52
171,10,1,2,12.7946,2886.41
135,10,1,2,12.7769,2792.16
524,10,1,3,13.0665,4257.2,0.0808333,352.571,0.41,4
523,10,1,3,13.0592,4220.28
508,10,1,3,13.0377,4108.81
483,10,1,3,13.0275,4056.78
482,10,1,3,13.0241,4039.2
454,10,1,3,12.9981,3894.97
448,10,1,3,12.9913,3850.61
447,10,1,3,12.9795,3789.53
1976,10,1,3,12.9741,3759.62
1975,10,1,3,12.9609,3689.2
2129,10,1,3,12.9481,3619.73
179,10,1,3,12.9357,3555.31
352,10,1,4,13.4198,6120.71,0.0423333,184.645,0.11,5
388,10,1,4,13.3993,6014.34
397,10,1,4,13.3601,5810.37
399,10,1,4,13.3405,5707.34
411,10,1,4,13.3262,5628.84
1537,10,1,4,13.2903,5436.36
418,10,1,4,13.2854,5410.04
419,10,1,4,13.2703,5325.9
423,10,1,4,13.2636,5288.6
609,10,1,4,13.2577,5232.28
628,10,1,4,13.2479,5158.27
561,10,1,4,13.244,5133.51
557,10,1,4,13.2366,5086.27
554,10,1,4,13.2344,5075.13
565,10,1,4,13.2243,5021.48
573,10,1,4,13.219,4994.89
574,10,1,4,13.2117,4945.42
1844,10,1,4,13.2086,4927.39
575,10,1,4,13.2058,4911.31
578,10,1,4,13.2006,4880.76
586,10,1,4,13.197,4862.12
583,10,1,4,13.1933,4842.55
589,10,1,4,13.1829,4794.66
581,10,1,4,13.1793,4774.72
544,10,1,4,13.1636,4695.81
523,10,1,4,13.1532,4640.45
524,10,1,4,13.1474,4609.77
610,10,1,5,13.6155,7151.82,0,0,0
614,10,1,5,13.6071,7109.68
612,10,1,5,13.6043,7094.5
423,10,1,5,13.6008,7072.06
419,10,1,5,13.5955,7037.22
418,10,1,5,13.5773,6939.66
2139,10,1,5,13.574,6920.19
2138,10,1,5,13.5575,6827.45
411,10,1,5,13.5452,6758.13
412,10,1,5,13.5432,6738.62
398,10,1,5,13.5287,6659.91
397,10,1,5,13.5179,6599.12
389,10,1,5,13.5059,6534.67
388,10,1,5,13.4797,6399.56
352,10,1,5,13.4621,6305.35
1044,11,0,0,10.5939,789.474,0.0425,185.372,0.08,1
1043,11,0,0,10.5889,764.208
2158,11,0,0,10.582,728.848
2030,11,0,0,10.578,709.012
1011,11,0,0,10.5778,708.14
1547,11,0,0,10.5648,643.242
1546,11,0,0,10.5604,620.079
975,11,0,0,10.557,602.282
2026,11,0,0,10.5506,568.492
2027,11,0,0,10.5461,545.262
1998,11,0,0,10.536,493.634
686,11,0,0,10.5322,473.636
685,11,0,0,10.5215,419.441
681,11,0,0,10.5149,384.678
682,11,0,0,10.506,338.439
677,11,0,0,10.498,296.886
678,11,0,0,10.4917,265.906
674,11,0,0,10.4772,189.995
669,11,0,0,10.4641,120.422
673,11,0,0,10.4568,81.4569
672,11,0,0,10.4488,42.3249
610,11,0,0,10.44,0
1780,11,0,1,10.7746,1684.64,0.0645,281.33,0.14,2
2171,11,0,1,10.774,1681.47
1549,11,0,1,10.7664,1642.24
1148,11,0,1,10.7627,1621.55
1128,11,0,1,10.7507,1561.04
2045,11,0,1,10.733,1468.22
1120,11,0,1,10.7175,1384.11
1094,11,0,1,10.7107,1350.45
1091,11,0,1,10.6972,1285.7
1092,11,0,1,10.693,1263.56
1074,11,0,1,10.6871,1233.11
1077,11,0,1,10.6768,1179.31
1080,11,0,1,10.6618,1105.49
1079,11,0,1,10.6536,1064.36
1061,11,0,1,10.6493,1043.07
1063,11,0,1,10.6458,1024.86
1062,11,0,1,10.6447,1017.81
2159,11,0,1,10.6445,1016.59
1045,11,0,1,10.6438,1013.44
1043,11,0,1,10.6406,997.286
1044,11,0,1,10.6364,974.847
1314,11,0,2,10.991,2732.03,0.113667,495.78,0.18,3
2163,11,0,2,10.9753,2648.01
2051,11,0,2,10.937,2449.94
1154,11,0,2,10.9157,2341.13
1156,11,0,2,10.9058,2290.77
1155,11,0,2,10.8931,2226.05
1781,11,0,2,10.8866,2193.16
2107,11,0,2,10.8797,2158.38
1779,11,0,2,10.8486,2010.91
1780,11,0,2,10.8391,1965.97
1563,11,0,3,11.1499,3472.44,0.06,261.702,0.03,4
2164,11,0,3,11.1377,3408.29
1313,11,0,3,11.1134,3278.53
1309,11,0,3,11.1053,3230.68
1314,11,0,3,11.1047,3227.81
954,11,0,4,11.3406,4416.51,0.102,444.893,0.25,5
956,11,0,4,11.3127,4276.18
955,11,0,4,11.3042,4234.46
1598,11,0,4,11.2845,4132.98
2025,11,0,4,11.281,4113.3
949,11,0,4,11.2778,4096.9
1302,11,0,4,11.2558,3977.5
1307,11,0,4,11.2402,3891.65
2164,11,0,4,11.2213,3794.96
1563,11,0,4,11.2099,3734.14
179,11,0,5,11.8362,7008.57,0.0948333,413.634,0.23,6
178,11,0,5,11.8134,6889.8
186,11,0,5,11.8037,6835.97
443,11,0,5,11.7925,6776.88
442,11,0,5,11.7871,6750.09
452,11,0,5,11.7753,6685.67
1990,11,0,5,11.7718,6653.02
462,11,0,5,11.7637,6599.72
461,11,0,5,11.7615,6585.46
460,11,0,5,11.7515,6519.46
372,11,0,5,11.7447,6481.7
371,11,0,5,11.7268,6374.24
2134,11,0,5,11.7211,6333.42
369,11,0,5,11.7053,6238.06
376,11,0,5,11.6878,6141.94
382,11,0,5,11.6713,6051.31
390,11,0,5,11.6556,5966.89
397,11,0,5,11.6391,5878.32
409,11,0,5,11.6181,5772.26
1985,11,0,5,11.6012,5684.62
881,11,0,5,11.5729,5534.33
880,11,0,5,11.5578,5452.51
899,11,0,5,11.5229,5269.24
911,11,0,5,11.5178,5240.62
926,11,0,5,11.4858,5074.71
945,11,0,5,11.4486,4893.52
954,11,0,5,11.4426,4861.4
135,11,0,6,12.0167,7871.11,0.0491667,214.45,0.14,7
171,11,0,6,11.9992,7777.88
2091,11,0,6,11.9865,7708.24
172,11,0,6,11.9837,7693.37
1535,11,0,6,11.9741,7641.77
177,11,0,6,11.9638,7587.61
178,11,0,6,11.9589,7562.26
179,11,0,6,11.9311,7422.2
140,11,0,7,12.2174,8879.82,0.107833,470.336,0.23,8
132,11,0,7,12.1815,8692.43
127,11,0,7,12.1608,8589.99
128,11,0,7,12.1566,8568.8
1717,11,0,7,12.126,8408.93
129,11,0,7,12.0936,8241.94
134,11,0,7,12.087,8206.7
131,11,0,7,12.0777,8149.97
135,11,0,7,12.0659,8085.56
352,11,0,8,12.5257,10406.9,0.107167,467.429,0.12,9
388,11,0,8,12.5047,10298
397,11,0,8,12.4688,10108.4
390,11,0,8,12.449,10005.7
382,11,0,8,12.43,9907.17
376,11,0,8,12.4122,9811.17
369,11,0,8,12.3932,9708.13
360,11,0,8,12.3712,9590.61
140,11,0,8,12.3252,9350.16
610,11,0,9,12.7927,11721.5,0,0,0
614,11,0,9,12.7833,11675.2
612,11,0,9,12.7808,11661.3
423,11,0,9,12.7771,11638.6
419,11,0,9,12.7704,11601
418,11,0,9,12.7513,11499.7
2139,11,0,9,12.7475,11478.8
2138,11,0,9,12.731,11385.6
411,11,0,9,12.7185,11315.6
412,11,0,9,12.7159,11296.6
398,11,0,9,12.7016,11218.6
410,11,0,9,12.7014,11217.4
409,11,0,9,12.6852,11133.6
408,11,0,9,12.6662,11039.6
352,11,0,9,12.6329,10874.3
524,11,1,0,13.6306,741.136,0.0808333,352.571,0.41,1
525,11,1,0,13.6229,704.818
546,11,1,0,13.6011,601.333
583,11,1,0,13.5853,522.372
580,11,1,0,13.5829,508.176
574,11,1,0,13.5624,400.638
573,11,1,0,13.5532,348.55
564,11,1,0,13.5459,309.306
557,11,1,0,13.54,276.225
561,11,1,0,13.5333,229.691
628,11,1,0,13.529,204.318
615,11,1,0,13.5242,176.338
608,11,1,0,13.5122,111.42
607,11,1,0,13.5091,95.0275
606,11,1,0,13.5011,54.728
610,11,1,0,13.49,0
610,11,1,1,13.8423,1852.3,0,0,0
614,11,1,1,13.8339,1810.15
612,11,1,1,13.8311,1794.97
423,11,1,1,13.8277,1772.53
609,11,1,1,13.8218,1716.21
628,11,1,1,13.8119,1642.21
561,11,1,1,13.808,1617.44
557,11,1,1,13.8006,1570.21
554,11,1,1,13.7984,1559.06
565,11,1,1,13.7883,1505.42
573,11,1,1,13.783,1478.82
574,11,1,1,13.7757,1429.36
1844,11,1,1,13.7726,1411.32
575,11,1,1,13.7699,1395.24
578,11,1,1,13.7646,1364.69
586,11,1,1,13.7611,1346.06
583,11,1,1,13.7574,1326.48
589,11,1,1,13.7469,1278.6
581,11,1,1,13.7433,1258.65
544,11,1,1,13.7276,1179.74
523,11,1,1,13.7173,1124.38
524,11,1,1,13.7114,1093.71
1044,12,0,0,10.2139,789.474,0.0425,185.372,0.08,1
1043,12,0,0,10.2089,764.208
2158,12,0,0,10.202,728.848
2030,12,0,0,10.198,709.012
1011,12,0,0,10.1979,708.14
1547,12,0,0,10.1848,643.242
1546,12,0,0,10.1804,620.079
975,12,0,0,10.177,602.282
2026,12,0,0,10.1706,568.492
2027,12,0,0,10.1661,545.262
1998,12,0,0,10.156,493.634
686,12,0,0,10.1522,473.636
685,12,0,0,10.1415,419.441
681,12,0,0,10.1349,384.678
682,12,0,0,10.126,338.439
677,12,0,0,10.118,296.886
678,12,0,0,10.1118,265.906
674,12,0,0,10.0972,189.995
669,12,0,0,10.0841,120.422
673,12,0,0,10.0768,81.4569
672,12,0,0,10.0688,42.3249
610,12,0,0,10.06,0
1780,12,0,1,10.3946,1684.64,0.0645,281.33,0.14,2
2171,12,0,1,10.394,1681.47
1549,12,0,1,10.3864,1642.24
1148,12,0,1,10.3827,1621.55
1128,12,0,1,10.3707,1561.04
2045,12,0,1,10.353,1468.22
1120,12,0,1,10.3375,1384.11
1094,12,0,1,10.3307,1350.45
1091,12,0,1,10.3172,1285.7
1092,12,0,1,10.313,1263.56
1074,12,0,1,10.3071,1233.11
1077,12,0,1,10.2968,1179.31
1080,12,0,1,10.2818,1105.49
1079,12,0,1,10.2736,1064.36
1061,12,0,1,10.2693,1043.07
1063,12,0,1,10.2658,1024.86
1062,12,0,1,10.2647,1017.81
2159,12,0,1,10.2645,1016.59
1045,12,0,1,10.2638,1013.44
1043,12,0,1,10.2606,997.286
1044,12,0,1,10.2564,974.847
1314,12,0,2,10.611,2732.03,0.113667,495.78,0.18,3
2163,12,0,2,10.5953,2648.01
2051,12,0,2,10.557,2449.94
1154,12,0,2,10.5357,2341.13
1156,12,0,2,10.5258,2290.77
1155,12,0,2,10.5131,2226.05
1781,12,0,2,10.5066,2193.16
2107,12,0,2,10.4997,2158.38
1779,12,0,2,10.4686,2010.91
1780,12,0,2,10.4591,1965.97
1563,12,0,3,10.7675,3461.55,0.099,431.808,0.04,4
2164,12,0,3,10.7556,3398.48
1313,12,0,3,10.7337,3279.02
1309,12,0,3,10.7253,3230.68
1314,12,0,3,10.7247,3227.81
954,12,0,4,10.9923,4554.68,0.0603333,263.156,0.24,5
956,12,0,4,10.9653,4417.74
955,12,0,4,10.9562,4373.66
1598,12,0,4,10.9355,4267.98
2025,12,0,4,10.9313,4245.34
949,12,0,4,10.9284,4230.21
1302,12,0,4,10.9088,4121.02
1307,12,0,4,10.8935,4036.77
2164,12,0,4,10.8767,3948.87
1563,12,0,4,10.8665,3893.36
610,12,0,5,11.276,6020.93,0,0,0
614,12,0,5,11.2678,5979.45
612,12,0,5,11.2652,5965.3
423,12,0,5,11.2613,5942.23
419,12,0,5,11.2567,5907.79
420,12,0,5,11.2507,5871.85
421,12,0,5,11.2461,5844.31
417,12,0,5,11.2417,5820.43
1989,12,0,5,11.2248,5732.41
2011,12,0,5,11.2045,5628.57
2156,12,0,5,11.1979,5595.66
2013,12,0,5,11.1972,5592.5
886,12,0,5,11.1878,5544.32
888,12,0,5,11.1713,5452.85
903,12,0,5,11.1619,5401.35
904,12,0,5,11.1578,5380.32
925,12,0,5,11.1367,5262.36
2019,12,0,5,11.1313,5235.5
929,12,0,5,11.1309,5233.51
928,12,0,5,11.1063,5108.79
927,12,0,5,11.084,4992.54
946,12,0,5,11.0792,4960.08
945,12,0,5,11.0587,4849.95
954,12,0,5,11.0526,4817.83
179,12,1,0,10.8882,1282.78,0.0905,394.734,0.19,1
178,12,1,0,10.8657,1164.85
186,12,1,0,10.857,1114.94
443,12,1,0,10.8464,1058.36
442,12,1,0,10.8434,1041.79
452,12,1,0,10.8302,971.397
1678,12,1,0,10.8139,884.686
474,12,1,0,10.7975,800.082
2140,12,1,0,10.7875,755.172
475,12,1,0,10.7841,737.441
499,12,1,0,10.7764,697.85
497,12,1,0,10.7642,636.697
496,12,1,0,10.7549,590.143
495,12,1,0,10.748,557.542
1991,12,1,0,10.7346,492.216
513,12,1,0,10.7296,467.032
1753,12,1,0,10.7236,426.111
1751,12,1,0,10.719,401.224
530,12,1,0,10.7159,383.944
1992,12,1,0,10.7125,366.558
560,12,1,0,10.7017,311.272
618,12,1,0,10.6821,213.454
615,12,1,0,10.6804,201.605
608,12,1,0,10.6678,134.576
607,12,1,0,10.6648,118.522
606,12,1,0,10.6536,65.1504
610,12,1,0,10.64,0
135,12,1,1,11.0545,2086.22,0.113833,496.507,0.15,2
166,12,1,1,11.0438,2027.96
2091,12,1,1,11.0235,1917.87
172,12,1,1,11.0207,1902.79
1535,12,1,1,11.0126,1857.64
177,12,1,1,10.999,1789.59
178,12,1,1,10.9943,1765.44
179,12,1,1,10.9787,1677.52
140,12,1,2,11.3069,3317.17,0.0621667,271.152,0.24,3
132,12,1,2,11.2759,3150.35
127,12,1,2,11.2545,3045.06
128,12,1,2,11.2502,3023.87
1717,12,1,2,11.2217,2872.83
129,12,1,2,11.1991,2747.71
134,12,1,2,11.1927,2713.32
133,12,1,2,11.1799,2645.11
135,12,1,2,11.1683,2582.73
352,12,1,3,11.5516,4579.53,0.112667,491.418,0.14,4
388,12,1,3,11.5297,4466.97
381,12,1,3,11.5216,4423.01
337,12,1,3,11.5212,4420.7
373,12,1,3,11.5033,4320.91
375,12,1,3,11.5025,4316.98
374,12,1,3,11.4967,4286.79
364,12,1,3,11.4772,4185.81
370,12,1,3,11.4391,3972.24
369,12,1,3,11.4344,3935.02
360,12,1,3,11.412,3815.78
140,12,1,3,11.3691,3588.32
610,12,1,4,11.8215,5912.34,0,0,0
614,12,1,4,11.8133,5870.85
612,12,1,4,11.8107,5856.7
423,12,1,4,11.8068,5833.64
419,12,1,4,11.8022,5799.19
418,12,1,4,11.7868,5714.27
2139,12,1,4,11.783,5692.85
2138,12,1,4,11.7645,5591.4
411,12,1,4,11.751,5516.59
412,12,1,4,11.7485,5497.58
398,12,1,4,11.735,5423.25
410,12,1,4,11.7348,5422.04
409,12,1,4,11.7207,5347.14
408,12,1,4,11.7003,5247.13
352,12,1,4,11.6643,5070.95
524,12,2,0,13.6806,741.136,0.0808333,352.571,0.41,1
525,12,2,0,13.6729,704.818
546,12,2,0,13.6511,601.333
583,12,2,0,13.6353,522.372
580,12,2,0,13.6329,508.176
574,12,2,0,13.6124,400.638
573,12,2,0,13.6032,348.55
564,12,2,0,13.5959,309.306
557,12,2,0,13.59,276.225
561,12,2,0,13.5833,229.691
628,12,2,0,13.5791,204.318
615,12,2,0,13.5742,176.338
608,12,2,0,13.5622,111.42
607,12,2,0,13.5591,95.0275
606,12,2,0,13.5511,54.728
610,12,2,0,13.54,0
610,12,2,1,13.8923,1852.3,0,0,0
614,12,2,1,13.8839,1810.15
612,12,2,1,13.8811,1794.97
423,12,2,1,13.8777,1772.53
609,12,2,1,13.8718,1716.21
628,12,2,1,13.8619,1642.21
561,12,2,1,13.858,1617.44
557,12,2,1,13.8506,1570.21
554,12,2,1,13.8484,1559.06
565,12,2,1,13.8383,1505.42
573,12,2,1,13.833,1478.82
574,12,2,1,13.8257,1429.36
1844,12,2,1,13.8226,1411.32
575,12,2,1,13.8199,1395.24
578,12,2,1,13.8146,1364.69
586,12,2,1,13.8111,1346.06
583,12,2,1,13.8074,1326.48
589,12,2,1,13.7969,1278.6
581,12,2,1,13.7933,1258.65
544,12,2,1,13.7776,1179.74
523,12,2,1,13.7673,1124.38
524,12,2,1,13.7614,1093.71
179,13,0,0,10.2482,1282.78,0.0905,394.734,0.19,1
178,13,0,0,10.2257,1164.85
186,13,0,0,10.217,1114.94
443,13,0,0,10.2064,1058.36
442,13,0,0,10.2034,1041.79
452,13,0,0,10.1902,971.397
1678,13,0,0,10.1739,884.686
474,13,0,0,10.1575,800.082
2140,13,0,0,10.1475,755.172
475,13,0,0,10.1441,737.441
499,13,0,0,10.1364,697.85
497,13,0,0,10.1242,636.697
496,13,0,0,10.1149,590.143
495,13,0,0,10.108,557.542
1991,13,0,0,10.0946,492.216
513,13,0,0,10.0896,467.032
1753,13,0,0,10.0836,426.111
1751,13,0,0,10.079,401.224
530,13,0,0,10.0759,383.944
1992,13,0,0,10.0724,366.558
560,13,0,0,10.0617,311.272
618,13,0,0,10.0421,213.454
615,13,0,0,10.0404,201.605
608,13,0,0,10.0278,134.576
607,13,0,0,10.0248,118.522
606,13,0,0,10.0136,65.1504
610,13,0,0,10,0
1044,13,0,1,10.5636,2961.1,0.0425,185.372,0.08,2
1043,13,0,1,10.5587,2935.83
2029,13,0,1,10.5586,2935.42
1016,13,0,1,10.5544,2912.43
1548,13,0,1,10.547,2874.73
1012,13,0,1,10.542,2849.03
1014,13,0,1,10.5415,2846.63
989,13,0,1,10.5308,2789.66
990,13,0,1,10.5208,2739.4
991,13,0,1,10.5182,2727.04
706,13,0,1,10.5112,2687.58
704,13,0,1,10.5085,2674.81
2179,13,0,1,10.5083,2673.95
662,13,0,1,10.5021,2644.3
602,13,0,1,10.4907,2575.94
599,13,0,1,10.4867,2553.17
605,13,0,1,10.4826,2529.19
529,13,0,1,10.4641,2425.14
726,13,0,1,10.4495,2325.18
714,13,0,1,10.4493,2323.3
1543,13,0,1,10.4448,2293.17
459,13,0,1,10.4345,2229.73
458,13,0,1,10.4279,2184.39
456,13,0,1,10.4184,2123.25
457,13,0,1,10.4111,2084.82
454,13,0,1,10.4035,2030.86
448,13,0,1,10.397,1986.76
447,13,0,1,10.3869,1932.96
1976,13,0,1,10.3817,1903.92
187,13,0,1,10.3634,1806.8
2129,13,0,1,10.35,1737.09
179,13,0,1,10.3387,1677.52
1780,13,0,2,10.7444,3856.26,0.0645,281.33,0.14,3
2171,13,0,2,10.7437,3853.09
1549,13,0,2,10.7362,3813.86
1148,13,0,2,10.7324,3793.17
1128,13,0,2,10.7204,3732.67
2045,13,0,2,10.7028,3639.85
1120,13,0,2,10.6872,3555.73
1094,13,0,2,10.6805,3522.07
1091,13,0,2,10.667,3457.32
1092,13,0,2,10.6627,3435.18
1074,13,0,2,10.6569,3404.73
1077,13,0,2,10.6466,3350.93
1080,13,0,2,10.6316,3277.11
1079,13,0,2,10.6233,3235.98
1061,13,0,2,10.6191,3214.7
1063,13,0,2,10.6155,3196.48
1062,13,0,2,10.6145,3189.43
2159,13,0,2,10.6142,3188.21
1045,13,0,2,10.6135,3185.06
1043,13,0,2,10.6104,3168.91
1044,13,0,2,10.6061,3146.47
1314,13,0,3,10.9608,4903.65,0.113667,495.78,0.18,4
2163,13,0,3,10.9451,4819.63
2051,13,0,3,10.9067,4621.56
1154,13,0,3,10.8855,4512.75
1156,13,0,3,10.8756,4462.39
1155,13,0,3,10.8629,4397.67
1781,13,0,3,10.8563,4364.78
2107,13,0,3,10.8495,4330
1779,13,0,3,10.8183,4182.53
1780,13,0,3,10.8089,4137.59
1563,13,0,4,11.1196,5644.06,0.06,261.702,0.03,5
2164,13,0,4,11.1075,5579.91
1313,13,0,4,11.0831,5450.15
1309,13,0,4,11.075,5402.3
1314,13,0,4,11.0745,5399.43
954,13,0,5,11.3103,6588.13,0.102,444.893,0.25,6
956,13,0,5,11.2825,6447.8
955,13,0,5,11.274,6406.08
1598,13,0,5,11.2543,6304.6
2025,13,0,5,11.2507,6284.92
949,13,0,5,11.2475,6268.52
1302,13,0,5,11.2256,6149.12
1307,13,0,5,11.2099,6063.27
2164,13,0,5,11.191,5966.58
1563,13,0,5,11.1796,5905.76
610,13,0,6,11.6357,8236.12,0,0,0
614,13,0,6,11.6274,8194.64
612,13,0,6,11.6249,8180.49
423,13,0,6,11.621,8157.42
419,13,0,6,11.6163,8122.98
420,13,0,6,11.6103,8087.04
421,13,0,6,11.6057,8059.5
417,13,0,6,11.6014,8035.62
1989,13,0,6,11.5844,7947.6
2011,13,0,6,11.5642,7843.76
2156,13,0,6,11.5576,7810.85
2013,13,0,6,11.5569,7807.69
886,13,0,6,11.5474,7759.51
888,13,0,6,11.531,7668.04
903,13,0,6,11.5215,7616.54
904,13,0,6,11.5175,7595.51
925,13,0,6,11.4963,7477.55
2019,13,0,6,11.491,7450.69
929,13,0,6,11.4906,7448.7
928,13,0,6,11.466,7323.98
927,13,0,6,11.4437,7207.73
946,13,0,6,11.4389,7175.27
945,13,0,6,11.4184,7065.14
954,13,0,6,11.4123,7033.02
524,13,1,0,12.6828,754.735,0.0848333,370.017,0.45,1
525,13,1,0,12.6751,718.417
546,13,1,0,12.6592,639.152
583,13,1,0,12.644,562.23
580,13,1,0,12.6419,548.475
574,13,1,0,12.6205,437.354
573,13,1,0,12.6109,383.556
564,13,1,0,12.6034,343.295
557,13,1,0,12.5986,312.23
561,13,1,0,12.5921,265.791
628,13,1,0,12.5879,240.649
615,13,1,0,12.5824,209.993
608,13,1,0,12.5678,134.401
607,13,1,0,12.5649,118.634
606,13,1,0,12.5557,73.6908
610,13,1,0,12.54,0
135,13,1,1,12.993,2291.69,0.0491667,214.45,0.14,2
133,13,1,1,12.9835,2238.24
138,13,1,1,12.9626,2133.65
184,13,1,1,12.944,2035.1
440,13,1,1,12.9293,1952.52
451,13,1,1,12.9131,1867.75
1716,13,1,1,12.9107,1851.32
462,13,1,1,12.9038,1813.91
1990,13,1,1,12.8953,1760.12
463,13,1,1,12.8766,1663.73
474,13,1,1,12.8623,1588.99
2140,13,1,1,12.8522,1543.56
2141,13,1,1,12.8438,1497.52
1750,13,1,1,12.8395,1476.22
477,13,1,1,12.8347,1451.66
478,13,1,1,12.8248,1402.28
480,13,1,1,12.8139,1352.81
2143,13,1,1,12.8135,1350.91
2142,13,1,1,12.8131,1349.15
484,13,1,1,12.8097,1331.46
509,13,1,1,12.7979,1272.85
524,13,1,1,12.7677,1124.75
140,13,1,2,13.1851,3261.39,0.0831667,362.748,0.23,3
132,13,1,2,13.1492,3074.11
127,13,1,2,13.1301,2978.17
128,13,1,2,13.1258,2956.98
1717,13,1,2,13.0969,2804.18
129,13,1,2,13.0695,2658.46
134,13,1,2,13.0646,2629.95
131,13,1,2,13.0542,2571.14
135,13,1,2,13.0422,2506.14
352,13,1,3,13.4611,4654.84,0.0423333,184.645,0.11,4
388,13,1,3,13.4381,4537.84
381,13,1,3,13.4294,4491.09
375,13,1,3,13.4018,4347.71
382,13,1,3,13.3656,4149.49
376,13,1,3,13.3486,4056.9
369,13,1,3,13.3288,3950.49
360,13,1,3,13.3078,3837.17
140,13,1,3,13.2682,3624.14
610,13,1,4,13.6567,5685.95,0,0,0
614,13,1,4,13.6483,5643.81
612,13,1,4,13.6456,5628.63
423,13,1,4,13.6421,5606.19
419,13,1,4,13.6368,5571.35
418,13,1,4,13.6186,5473.79
2139,13,1,4,13.6152,5454.32
2138,13,1,4,13.5988,5361.58
411,13,1,4,13.5865,5292.26
412,13,1,4,13.5844,5272.75
398,13,1,4,13.57,5194.04
397,13,1,4,13.5592,5133.25
389,13,1,4,13.5471,5068.8
388,13,1,4,13.521,4933.69
352,13,1,4,13.5034,4839.49
179,14,0,0,10.6482,1282.78,0.0905,394.734,0.19,1
178,14,0,0,10.6257,1164.85
186,14,0,0,10.617,1114.94
443,14,0,0,10.6064,1058.36
442,14,0,0,10.6034,1041.79
452,14,0,0,10.5902,971.397
1678,14,0,0,10.5739,884.686
474,14,0,0,10.5575,800.082
2140,14,0,0,10.5475,755.172
475,14,0,0,10.5441,737.441
499,14,0,0,10.5364,697.85
497,14,0,0,10.5242,636.697
496,14,0,0,10.5149,590.143
495,14,0,0,10.508,557.542
1991,14,0,0,10.4946,492.216
513,14,0,0,10.4896,467.032
1753,14,0,0,10.4836,426.111
1751,14,0,0,10.479,401.224
530,14,0,0,10.4759,383.944
1992,14,0,0,10.4724,366.558
560,14,0,0,10.4617,311.272
618,14,0,0,10.4421,213.454
615,14,0,0,10.4404,201.605
608,14,0,0,10.4278,134.576
607,14,0,0,10.4248,118.522
606,14,0,0,10.4136,65.1504
610,14,0,0,10.4,0
1044,14,0,1,10.9636,2961.1,0.0425,185.372,0.08,2
1043,14,0,1,10.9587,2935.83
2029,14,0,1,10.9586,2935.42
1016,14,0,1,10.9544,2912.43
1548,14,0,1,10.947,2874.73
1012,14,0,1,10.942,2849.03
1014,14,0,1,10.9415,2846.63
989,14,0,1,10.9308,2789.66
990,14,0,1,10.9208,2739.4
991,14,0,1,10.9182,2727.04
706,14,0,1,10.9112,2687.58
704,14,0,1,10.9085,2674.81
2179,14,0,1,10.9083,2673.95
662,14,0,1,10.9021,2644.3
602,14,0,1,10.8907,2575.94
599,14,0,1,10.8867,2553.17
605,14,0,1,10.8826,2529.19
529,14,0,1,10.8641,2425.14
726,14,0,1,10.8495,2325.18
714,14,0,1,10.8493,2323.3
1543,14,0,1,10.8448,2293.17
459,14,0,1,10.8345,2229.73
458,14,0,1,10.8279,2184.39
456,14,0,1,10.8184,2123.25
457,14,0,1,10.8111,2084.82
454,14,0,1,10.8035,2030.86
448,14,0,1,10.797,1986.76
447,14,0,1,10.7869,1932.96
1976,14,0,1,10.7817,1903.92
187,14,0,1,10.7634,1806.8
2129,14,0,1,10.75,1737.09
179,14,0,1,10.7387,1677.52
1780,14,0,2,11.1412,3843.06,0.0545,237.713,0.16,3
2171,14,0,2,11.1405,3839.89
1549,14,0,2,11.1339,3804.88
1148,14,0,2,11.1304,3785
1128,14,0,2,11.1182,3723.9
2045,14,0,2,11.0951,3607.81
1120,14,0,2,11.0768,3512.41
1094,14,0,2,11.0706,3480.88
1091,14,0,2,11.0633,3441.88
1092,14,0,2,11.059,3419.41
1074,14,0,2,11.0536,3390.84
1077,14,0,2,11.044,3340.01
1080,14,0,2,11.0305,3272.81
1079,14,0,2,11.0239,3238.36
1061,14,0,2,11.0197,3217.07
1063,14,0,2,11.0161,3198.91
1062,14,0,2,11.0151,3191.83
2159,14,0,2,11.0148,3190.71
1045,14,0,2,11.0141,3187.56
1043,14,0,2,11.0107,3170.36
1044,14,0,2,11.0061,3146.47
1314,14,0,3,11.3267,4759.55,0.0836667,364.929,0.21,4
2163,14,0,3,11.3146,4691.3
2051,14,0,3,11.2768,4495.33
1154,14,0,3,11.2602,4406.18
1156,14,0,3,11.2533,4368.61
1155,14,0,3,11.2385,4295.25
1781,14,0,3,11.2322,4263.36
2107,14,0,3,11.225,4227.21
1779,14,0,3,11.2038,4120.31
1780,14,0,3,11.1957,4080.77
1563,14,0,4,11.4556,5369.11,0.06,261.702,0.03,5
2164,14,0,4,11.4434,5304.96
1313,14,0,4,11.4191,5175.2
1309,14,0,4,11.411,5127.35
1314,14,0,4,11.4104,5124.48
954,14,0,5,11.6462,6313.18,0.102,444.893,0.25,6
956,14,0,5,11.6184,6172.85
955,14,0,5,11.6099,6131.13
1598,14,0,5,11.5902,6029.65
2025,14,0,5,11.5866,6009.97
949,14,0,5,11.5834,5993.56
1302,14,0,5,11.5615,5874.17
1307,14,0,5,11.5458,5788.32
2164,14,0,5,11.5269,5691.63
1563,14,0,5,11.5156,5630.81
610,14,0,6,11.9716,7961.17,0,0,0
614,14,0,6,11.9634,7919.69
612,14,0,6,11.9608,7905.53
423,14,0,6,11.9569,7882.47
419,14,0,6,11.9523,7848.03
420,14,0,6,11.9463,7812.08
421,14,0,6,11.9417,7784.55
417,14,0,6,11.9373,7760.67
1989,14,0,6,11.9203,7672.65
2011,14,0,6,11.9001,7568.81
2156,14,0,6,11.8935,7535.9
2013,14,0,6,11.8928,7532.74
886,14,0,6,11.8833,7484.56
888,14,0,6,11.8669,7393.09
903,14,0,6,11.8575,7341.59
904,14,0,6,11.8534,7320.56
925,14,0,6,11.8322,7202.6
2019,14,0,6,11.8269,7175.74
929,14,0,6,11.8265,7173.75
928,14,0,6,11.8019,7049.02
927,14,0,6,11.7796,6932.77
946,14,0,6,11.7748,6900.32
945,14,0,6,11.7543,6790.19
954,14,0,6,11.7482,6758.07
352,14,1,0,13.0279,1083.31,0.0423333,184.645,0.11,1
388,14,1,0,13.0068,974.433
397,14,1,0,12.971,784.776
399,14,1,0,12.9543,694.367
411,14,1,0,12.9397,614.276
1537,14,1,0,12.9055,429.479
418,14,1,0,12.9009,404.29
417,14,1,0,12.8975,385.81
1989,14,1,0,12.879,291.597
432,14,1,0,12.8754,272.441
435,14,1,0,12.8701,245.849
431,14,1,0,12.8636,213.515
439,14,1,0,12.8481,136.101
672,14,1,0,12.8305,49.3878
610,14,1,0,12.82,0
140,14,1,1,13.2562,2262.76,0.0831667,362.748,0.23,2
360,14,1,1,13.2167,2049.61
369,14,1,1,13.1942,1929.79
376,14,1,1,13.1777,1838.03
382,14,1,1,13.1621,1751.38
390,14,1,1,13.1431,1652.58
397,14,1,1,13.126,1561.73
389,14,1,1,13.1139,1497.27
388,14,1,1,13.0878,1362.16
352,14,1,1,13.0702,1267.96
135,14,1,2,13.4949,3436.22,0.0926667,404.184,0.12,3
133,14,1,2,13.4845,3379.1
134,14,1,2,13.4769,3327.15
129,14,1,2,13.4697,3289.56
1717,14,1,2,13.4414,3139.86
128,14,1,2,13.416,3002.34
127,14,1,2,13.4125,2984.31
132,14,1,2,13.3932,2887.66
140,14,1,2,13.3394,2625.51
524,14,1,3,13.7788,4866.83,0.0808333,352.571,0.41,4
523,14,1,3,13.7729,4836.16
508,14,1,3,13.752,4727.08
483,14,1,3,13.74,4667.59
482,14,1,3,13.7366,4650.05
454,14,1,3,13.7091,4499.34
455,14,1,3,13.7065,4484.38
453,14,1,3,13.6978,4418.92
446,14,1,3,13.6895,4371.49
442,14,1,3,13.6778,4312.99
1857,14,1,3,13.669,4266.98
441,14,1,3,13.6629,4237.8
185,14,1,3,13.6519,4179.87
177,14,1,3,13.6396,4114.5
2091,14,1,3,13.6258,4037.62
171,14,1,3,13.6098,3953.87
135,14,1,3,13.5875,3840.4
610,14,1,4,13.9905,5977.99,0,0,0
614,14,1,4,13.9821,5935.85
612,14,1,4,13.9794,5920.67
423,14,1,4,13.9759,5898.23
609,14,1,4,13.97,5841.91
628,14,1,4,13.9601,5767.9
561,14,1,4,13.9563,5743.14
557,14,1,4,13.9488,5695.9
554,14,1,4,13.9467,5684.76
565,14,1,4,13.9366,5631.11
573,14,1,4,13.9313,5604.52
574,14,1,4,13.924,5555.05
1844,14,1,4,13.9209,5537.02
575,14,1,4,13.9181,5520.94
578,14,1,4,13.9128,5490.39
586,14,1,4,13.9093,5471.75
583,14,1,4,13.9056,5452.18
589,14,1,4,13.8951,5404.29
581,14,1,4,13.8915,5384.35
544,14,1,4,13.8759,5305.44
523,14,1,4,13.8655,5250.08
524,14,1,4,13.8596,5219.4
179,15,0,0,10.4982,1282.78,0.0905,394.734,0.19,1
178,15,0,0,10.4757,1164.85
186,15,0,0,10.467,1114.94
443,15,0,0,10.4564,1058.36
442,15,0,0,10.4534,1041.79
452,15,0,0,10.4402,971.397
1678,15,0,0,10.4239,884.686
474,15,0,0,10.4075,800.082
2140,15,0,0,10.3975,755.172
475,15,0,0,10.3941,737.441
499,15,0,0,10.3864,697.85
497,15,0,0,10.3742,636.697
496,15,0,0,10.3649,590.143
495,15,0,0,10.358,557.542
1991,15,0,0,10.3446,492.216
513,15,0,0,10.3396,467.032
1753,15,0,0,10.3336,426.111
1751,15,0,0,10.329,401.224
530,15,0,0,10.3259,383.944
1992,15,0,0,10.3224,366.558
560,15,0,0,10.3117,311.272
618,15,0,0,10.2921,213.454
615,15,0,0,10.2904,201.605
608,15,0,0,10.2778,134.576
607,15,0,0,10.2748,118.522
606,15,0,0,10.2636,65.1504
610,15,0,0,10.25,0
1044,15,0,1,10.8136,2961.1,0.0425,185.372,0.08,2
1043,15,0,1,10.8087,2935.83
2029,15,0,1,10.8086,2935.42
1016,15,0,1,10.8044,2912.43
1548,15,0,1,10.797,2874.73
1012,15,0,1,10.792,2849.03
1014,15,0,1,10.7915,2846.63
989,15,0,1,10.7808,2789.66
990,15,0,1,10.7708,2739.4
991,15,0,1,10.7682,2727.04
706,15,0,1,10.7612,2687.58
704,15,0,1,10.7585,2674.81
2179,15,0,1,10.7583,2673.95
662,15,0,1,10.7521,2644.3
602,15,0,1,10.7407,2575.94
599,15,0,1,10.7367,2553.17
605,15,0,1,10.7326,2529.19
529,15,0,1,10.7141,2425.14
726,15,0,1,10.6995,2325.18
714,15,0,1,10.6993,2323.3
1543,15,0,1,10.6948,2293.17
459,15,0,1,10.6845,2229.73
458,15,0,1,10.6779,2184.39
456,15,0,1,10.6684,2123.25
457,15,0,1,10.6611,2084.82
454,15,0,1,10.6535,2030.86
448,15,0,1,10.647,1986.76
447,15,0,1,10.6369,1932.96
1976,15,0,1,10.6317,1903.92
187,15,0,1,10.6134,1806.8
2129,15,0,1,10.6,1737.09
179,15,0,1,10.5887,1677.52
1780,15,0,2,10.9944,3856.26,0.0645,281.33,0.14,3
2171,15,0,2,10.9937,3853.09
1549,15,0,2,10.9862,3813.86
1148,15,0,2,10.9824,3793.17
1128,15,0,2,10.9704,3732.67
2045,15,0,2,10.9528,3639.85
1120,15,0,2,10.9372,3555.73
1094,15,0,2,10.9305,3522.07
1091,15,0,2,10.917,3457.32
1092,15,0,2,10.9127,3435.18
1074,15,0,2,10.9069,3404.73
1077,15,0,2,10.8966,3350.93
1080,15,0,2,10.8816,3277.11
1079,15,0,2,10.8733,3235.98
1061,15,0,2,10.8691,3214.7
1063,15,0,2,10.8655,3196.48
1062,15,0,2,10.8645,3189.43
2159,15,0,2,10.8642,3188.21
1045,15,0,2,10.8635,3185.06
1043,15,0,2,10.8604,3168.91
1044,15,0,2,10.8561,3146.47
1314,15,0,3,11.1899,4816.37,0.0836667,364.929,0.21,4
2163,15,0,3,11.1779,4748.12
2051,15,0,3,11.14,4552.15
1154,15,0,3,11.1234,4463
1156,15,0,3,11.1165,4425.43
1155,15,0,3,11.1017,4352.07
1781,15,0,3,11.0954,4320.18
2107,15,0,3,11.0883,4284.03
1779,15,0,3,11.067,4177.13
1780,15,0,3,11.0589,4137.59
1563,15,0,4,11.3188,5425.93,0.06,261.702,0.03,5
2164,15,0,4,11.3066,5361.78
1313,15,0,4,11.2823,5232.02
1309,15,0,4,11.2742,5184.17
1314,15,0,4,11.2736,5181.3
954,15,0,5,11.5095,6370,0.102,444.893,0.25,6
956,15,0,5,11.4816,6229.67
955,15,0,5,11.4731,6187.95
1598,15,0,5,11.4534,6086.47
2025,15,0,5,11.4499,6066.78
949,15,0,5,11.4466,6050.38
1302,15,0,5,11.4247,5930.99
1307,15,0,5,11.4091,5845.14
2164,15,0,5,11.3902,5748.45
1563,15,0,5,11.3788,5687.63
610,15,0,6,11.8348,8017.99,0,0,0
614,15,0,6,11.8266,7976.51
612,15,0,6,11.8241,7962.35
423,15,0,6,11.8201,7939.29
419,15,0,6,11.8155,7904.85
420,15,0,6,11.8095,7868.9
421,15,0,6,11.8049,7841.37
417,15,0,6,11.8005,7817.48
1989,15,0,6,11.7836,7729.47
2011,15,0,6,11.7633,7625.63
2156,15,0,6,11.7567,7592.72
2013,15,0,6,11.7561,7589.56
886,15,0,6,11.7466,7541.38
888,15,0,6,11.7302,7449.91
903,15,0,6,11.7207,7398.41
904,15,0,6,11.7166,7377.38
925,15,0,6,11.6955,7259.42
2019,15,0,6,11.6902,7232.56
929,15,0,6,11.6897,7230.57
928,15,0,6,11.6651,7105.84
927,15,0,6,11.6428,6989.59
946,15,0,6,11.6381,6957.14
945,15,0,6,11.6175,6847.01
954,15,0,6,11.6115,6814.89
352,15,1,0,13.0279,1083.31,0.0423333,184.645,0.11,1
388,15,1,0,13.0068,974.433
397,15,1,0,12.971,784.776
399,15,1,0,12.9543,694.367
411,15,1,0,12.9397,614.276
1537,15,1,0,12.9055,429.479
418,15,1,0,12.9009,404.29
417,15,1,0,12.8975,385.81
1989,15,1,0,12.879,291.597
432,15,1,0,12.8754,272.441
435,15,1,0,12.8701,245.849
431,15,1,0,12.8636,213.515
439,15,1,0,12.8481,136.101
672,15,1,0,12.8305,49.3878
610,15,1,0,12.82,0
140,15,1,1,13.2562,2262.76,0.0831667,362.748,0.23,2
360,15,1,1,13.2167,2049.61
369,15,1,1,13.1942,1929.79
376,15,1,1,13.1777,1838.03
382,15,1,1,13.1621,1751.38
390,15,1,1,13.1431,1652.58
397,15,1,1,13.126,1561.73
389,15,1,1,13.1139,1497.27
388,15,1,1,13.0878,1362.16
352,15,1,1,13.0702,1267.96
135,15,1,2,13.4949,3436.22,0.0926667,404.184,0.12,3
133,15,1,2,13.4845,3379.1
134,15,1,2,13.4769,3327.15
129,15,1,2,13.4697,3289.56
1717,15,1,2,13.4414,3139.86
128,15,1,2,13.416,3002.34
127,15,1,2,13.4125,2984.31
132,15,1,2,13.3932,2887.66
140,15,1,2,13.3394,2625.51
524,15,1,3,13.7788,4866.83,0.0808333,352.571,0.41,4
523,15,1,3,13.7729,4836.16
508,15,1,3,13.752,4727.08
483,15,1,3,13.74,4667.59
482,15,1,3,13.7366,4650.05
454,15,1,3,13.7091,4499.34
455,15,1,3,13.7065,4484.38
453,15,1,3,13.6978,4418.92
446,15,1,3,13.6895,4371.49
442,15,1,3,13.6778,4312.99
1857,15,1,3,13.669,4266.98
441,15,1,3,13.6629,4237.8
185,15,1,3,13.6519,4179.87
177,15,1,3,13.6396,4114.5
2091,15,1,3,13.6258,4037.62
171,15,1,3,13.6098,3953.87
135,15,1,3,13.5875,3840.4
610,15,1,4,13.9905,5977.99,0,0,0
614,15,1,4,13.9821,5935.85
612,15,1,4,13.9794,5920.67
423,15,1,4,13.9759,5898.23
609,15,1,4,13.97,5841.91
628,15,1,4,13.9601,5767.9
561,15,1,4,13.9563,5743.14
557,15,1,4,13.9488,5695.9
554,15,1,4,13.9467,5684.76
565,15,1,4,13.9366,5631.11
573,15,1,4,13.9313,5604.52
574,15,1,4,13.924,5555.05
1844,15,1,4,13.9209,5537.02
575,15,1,4,13.9181,5520.94
578,15,1,4,13.9128,5490.39
586,15,1,4,13.9093,5471.75
583,15,1,4,13.9056,5452.18
589,15,1,4,13.8951,5404.29
581,15,1,4,13.8915,5384.35
544,15,1,4,13.8759,5305.44
523,15,1,4,13.8655,5250.08
524,15,1,4,13.8596,5219.4
179,16,0,0,10.2582,1282.78,0.0905,394.734,0.19,1
178,16,0,0,10.2357,1164.85
186,16,0,0,10.227,1114.94
443,16,0,0,10.2164,1058.36
442,16,0,0,10.2134,1041.79
452,16,0,0,10.2002,971.397
1678,16,0,0,10.1839,884.686
474,16,0,0,10.1675,800.082
2140,16,0,0,10.1575,755.172
475,16,0,0,10.1541,737.441
499,16,0,0,10.1464,697.85
497,16,0,0,10.1342,636.697
496,16,0,0,10.1249,590.143
495,16,0,0,10.118,557.542
1991,16,0,0,10.1046,492.216
513,16,0,0,10.0996,467.032
1753,16,0,0,10.0936,426.111
1751,16,0,0,10.089,401.224
530,16,0,0,10.0859,383.944
1992,16,0,0,10.0824,366.558
560,16,0,0,10.0717,311.272
618,16,0,0,10.0521,213.454
615,16,0,0,10.0504,201.605
608,16,0,0,10.0378,134.576
607,16,0,0,10.0348,118.522
606,16,0,0,10.0236,65.1504
610,16,0,0,10.01,0
1044,16,0,1,10.5736,2961.1,0.0425,185.372,0.08,2
1043,16,0,1,10.5687,2935.83
2029,16,0,1,10.5686,2935.42
1016,16,0,1,10.5644,2912.43
1548,16,0,1,10.557,2874.73
1012,16,0,1,10.552,2849.03
1014,16,0,1,10.5515,2846.63
989,16,0,1,10.5408,2789.66
990,16,0,1,10.5308,2739.4
991,16,0,1,10.5282,2727.04
706,16,0,1,10.5212,2687.58
704,16,0,1,10.5185,2674.81
2179,16,0,1,10.5183,2673.95
662,16,0,1,10.5121,2644.3
602,16,0,1,10.5007,2575.94
599,16,0,1,10.4967,2553.17
605,16,0,1,10.4926,2529.19
529,16,0,1,10.4741,2425.14
726,16,0,1,10.4595,2325.18
714,16,0,1,10.4593,2323.3
1543,16,0,1,10.4548,2293.17
459,16,0,1,10.4445,2229.73
458,16,0,1,10.4379,2184.39
456,16,0,1,10.4284,2123.25
457,16,0,1,10.4211,2084.82
454,16,0,1,10.4135,2030.86
448,16,0,1,10.407,1986.76
447,16,0,1,10.3969,1932.96
1976,16,0,1,10.3917,1903.92
187,16,0,1,10.3734,1806.8
2129,16,0,1,10.36,1737.09
179,16,0,1,10.3487,1677.52
1780,16,0,2,10.7544,3856.26,0.0645,281.33,0.14,3
2171,16,0,2,10.7537,3853.09
1549,16,0,2,10.7462,3813.86
1148,16,0,2,10.7424,3793.17
1128,16,0,2,10.7304,3732.67
2045,16,0,2,10.7128,3639.85
1120,16,0,2,10.6972,3555.73
1094,16,0,2,10.6905,3522.07
1091,16,0,2,10.677,3457.32
1092,16,0,2,10.6727,3435.18
1074,16,0,2,10.6669,3404.73
1077,16,0,2,10.6566,3350.93
1080,16,0,2,10.6416,3277.11
1079,16,0,2,10.6333,3235.98
1061,16,0,2,10.6291,3214.7
1063,16,0,2,10.6255,3196.48
1062,16,0,2,10.6245,3189.43
2159,16,0,2,10.6242,3188.21
1045,16,0,2,10.6235,3185.06
1043,16,0,2,10.6204,3168.91
1044,16,0,2,10.6161,3146.47
1314,16,0,3,10.9708,4903.65,0.113667,495.78,0.18,4
2163,16,0,3,10.9551,4819.63
2051,16,0,3,10.9167,4621.56
1154,16,0,3,10.8955,4512.75
1156,16,0,3,10.8856,4462.39
1155,16,0,3,10.8729,4397.67
1781,16,0,3,10.8663,4364.78
2107,16,0,3,10.8595,4330
1779,16,0,3,10.8283,4182.53
1780,16,0,3,10.8189,4137.59
1563,16,0,4,11.1296,5644.06,0.06,261.702,0.03,5
2164,16,0,4,11.1175,5579.91
1313,16,0,4,11.0931,5450.15
1309,16,0,4,11.085,5402.3
1314,16,0,4,11.0845,5399.43
954,16,0,5,11.3203,6588.13,0.102,444.893,0.25,6
956,16,0,5,11.2925,6447.8
955,16,0,5,11.284,6406.08
1598,16,0,5,11.2643,6304.6
2025,16,0,5,11.2607,6284.92
949,16,0,5,11.2575,6268.52
1302,16,0,5,11.2356,6149.12
1307,16,0,5,11.2199,6063.27
2164,16,0,5,11.201,5966.58
1563,16,0,5,11.1896,5905.76
610,16,0,6,11.6457,8236.12,0,0,0
614,16,0,6,11.6374,8194.64
612,16,0,6,11.6349,8180.49
423,16,0,6,11.631,8157.42
419,16,0,6,11.6263,8122.98
420,16,0,6,11.6203,8087.04
421,16,0,6,11.6157,8059.5
417,16,0,6,11.6114,8035.62
1989,16,0,6,11.5944,7947.6
2011,16,0,6,11.5742,7843.76
2156,16,0,6,11.5676,7810.85
2013,16,0,6,11.5669,7807.69
886,16,0,6,11.5574,7759.51
888,16,0,6,11.541,7668.04
903,16,0,6,11.5315,7616.54
904,16,0,6,11.5275,7595.51
925,16,0,6,11.5063,7477.55
2019,16,0,6,11.501,7450.69
929,16,0,6,11.5006,7448.7
928,16,0,6,11.476,7323.98
927,16,0,6,11.4537,7207.73
946,16,0,6,11.4489,7175.27
945,16,0,6,11.4284,7065.14
954,16,0,6,11.4223,7033.02
352,16,1,0,13.0279,1083.31,0.0423333,184.645,0.11,1
388,16,1,0,13.0068,974.433
397,16,1,0,12.971,784.776
399,16,1,0,12.9543,694.367
411,16,1,0,12.9397,614.276
1537,16,1,0,12.9055,429.479
418,16,1,0,12.9009,404.29
417,16,1,0,12.8975,385.81
1989,16,1,0,12.879,291.597
432,16,1,0,12.8754,272.441
435,16,1,0,12.8701,245.849
431,16,1,0,12.8636,213.515
439,16,1,0,12.8481,136.101
672,16,1,0,12.8305,49.3878
610,16,1,0,12.82,0
140,16,1,1,13.2562,2262.76,0.0831667,362.748,0.23,2
360,16,1,1,13.2167,2049.61
369,16,1,1,13.1942,1929.79
376,16,1,1,13.1777,1838.03
382,16,1,1,13.1621,1751.38
390,16,1,1,13.1431,1652.58
397,16,1,1,13.126,1561.73
389,16,1,1,13.1139,1497.27
388,16,1,1,13.0878,1362.16
352,16,1,1,13.0702,1267.96
135,16,1,2,13.4949,3436.22,0.0926667,404.184,0.12,3
133,16,1,2,13.4845,3379.1
134,16,1,2,13.4769,3327.15
129,16,1,2,13.4697,3289.56
1717,16,1,2,13.4414,3139.86
128,16,1,2,13.416,3002.34
127,16,1,2,13.4125,2984.31
132,16,1,2,13.3932,2887.66
140,16,1,2,13.3394,2625.51
524,16,1,3,13.7788,4866.83,0.0808333,352.571,0.41,4
523,16,1,3,13.7729,4836.16
508,16,1,3,13.752,4727.08
483,16,1,3,13.74,4667.59
482,16,1,3,13.7366,4650.05
454,16,1,3,13.7091,4499.34
455,16,1,3,13.7065,4484.38
453,16,1,3,13.6978,4418.92
446,16,1,3,13.6895,4371.49
442,16,1,3,13.6778,4312.99
1857,16,1,3,13.669,4266.98
441,16,1,3,13.6629,4237.8
185,16,1,3,13.6519,4179.87
177,16,1,3,13.6396,4114.5
2091,16,1,3,13.6258,4037.62
171,16,1,3,13.6098,3953.87
135,16,1,3,13.5875,3840.4
610,16,1,4,13.9905,5977.99,0,0,0
614,16,1,4,13.9821,5935.85
612,16,1,4,13.9794,5920.67
423,16,1,4,13.9759,5898.23
609,16,1,4,13.97,5841.91
628,16,1,4,13.9601,5767.9
561,16,1,4,13.9563,5743.14
557,16,1,4,13.9488,5695.9
554,16,1,4,13.9467,5684.76
565,16,1,4,13.9366,5631.11
573,16,1,4,13.9313,5604.52
574,16,1,4,13.924,5555.05
1844,16,1,4,13.9209,5537.02
575,16,1,4,13.9181,5520.94
578,16,1,4,13.9128,5490.39
586,16,1,4,13.9093,5471.75
583,16,1,4,13.9056,5452.18
589,16,1,4,13.8951,5404.29
581,16,1,4,13.8915,5384.35
544,16,1,4,13.8759,5305.44
523,16,1,4,13.8655,5250.08
524,16,1,4,13.8596,5219.4
1044,17,0,0,10.2839,789.474,0.0425,185.372,0.08,1
1043,17,0,0,10.2789,764.208
2158,17,0,0,10.272,728.848
2030,17,0,0,10.268,709.012
1011,17,0,0,10.2678,708.14
1547,17,0,0,10.2548,643.242
1546,17,0,0,10.2504,620.079
975,17,0,0,10.247,602.282
2026,17,0,0,10.2406,568.492
2027,17,0,0,10.2361,545.262
1998,17,0,0,10.226,493.634
686,17,0,0,10.2222,473.636
685,17,0,0,10.2115,419.441
681,17,0,0,10.2049,384.678
682,17,0,0,10.196,338.439
677,17,0,0,10.188,296.886
678,17,0,0,10.1818,265.906
674,17,0,0,10.1672,189.995
669,17,0,0,10.1541,120.422
673,17,0,0,10.1468,81.4569
672,17,0,0,10.1388,42.3249
610,17,0,0,10.13,0
1780,17,0,1,10.4646,1684.64,0.0645,281.33,0.14,2
2171,17,0,1,10.464,1681.47
1549,17,0,1,10.4564,1642.24
1148,17,0,1,10.4527,1621.55
1128,17,0,1,10.4407,1561.04
2045,17,0,1,10.423,1468.22
1120,17,0,1,10.4075,1384.11
1094,17,0,1,10.4007,1350.45
1091,17,0,1,10.3872,1285.7
1092,17,0,1,10.383,1263.56
1074,17,0,1,10.3771,1233.11
1077,17,0,1,10.3668,1179.31
1080,17,0,1,10.3518,1105.49
1079,17,0,1,10.3436,1064.36
1061,17,0,1,10.3393,1043.07
1063,17,0,1,10.3358,1024.86
1062,17,0,1,10.3347,1017.81
2159,17,0,1,10.3345,1016.59
1045,17,0,1,10.3338,1013.44
1043,17,0,1,10.3306,997.286
1044,17,0,1,10.3264,974.847
1314,17,0,2,10.681,2732.03,0.113667,495.78,0.18,3
2163,17,0,2,10.6653,2648.01
2051,17,0,2,10.627,2449.94
1154,17,0,2,10.6057,2341.13
1156,17,0,2,10.5958,2290.77
1155,17,0,2,10.5831,2226.05
1781,17,0,2,10.5766,2193.16
2107,17,0,2,10.5697,2158.38
1779,17,0,2,10.5386,2010.91
1780,17,0,2,10.5291,1965.97
954,17,0,3,10.9227,3897.72,0.0603333,263.156,0.24,4
956,17,0,3,10.8957,3760.78
955,17,0,3,10.8866,3716.7
1598,17,0,3,10.8659,3611.02
2025,17,0,3,10.8617,3588.38
949,17,0,3,10.8587,3573.25
1302,17,0,3,10.8391,3464.06
1307,17,0,3,10.8239,3379.81
1308,17,0,3,10.8125,3319.75
1309,17,0,3,10.7953,3230.68
1314,17,0,3,10.7947,3227.81
1563,17,0,4,11.083,4728.65,0.06,261.702,0.03,5
2164,17,0,4,11.0711,4665.59
1306,17,0,4,11.0476,4506.33
1599,17,0,4,11.0301,4409.85
1300,17,0,4,11.0256,4383.34
1298,17,0,4,11.0189,4348.12
1297,17,0,4,11.0166,4335.63
954,17,0,4,10.983,4160.88
610,17,0,5,11.4045,6391.06,0,0,0
614,17,0,5,11.3961,6348.58
612,17,0,5,11.3936,6334.61
423,17,0,5,11.3897,6311.59
419,17,0,5,11.385,6277.15
420,17,0,5,11.379,6241.2
421,17,0,5,11.3744,6213.67
417,17,0,5,11.3701,6189.79
1989,17,0,5,11.3531,6101.77
2011,17,0,5,11.3329,5997.93
2156,17,0,5,11.3263,5965.02
2013,17,0,5,11.3256,5961.86
886,17,0,5,11.3161,5913.68
888,17,0,5,11.2997,5822.21
903,17,0,5,11.2902,5770.71
904,17,0,5,11.2862,5749.68
925,17,0,5,11.265,5631.72
2019,17,0,5,11.2597,5604.86
929,17,0,5,11.2593,5602.87
938,17,0,5,11.247,5535.55
950,17,0,5,11.2298,5449.62
951,17,0,5,11.2223,5411.86
949,17,0,5,11.2108,5353.11
1302,17,0,5,11.1889,5233.72
1307,17,0,5,11.1732,5147.87
2164,17,0,5,11.1543,5051.17
1563,17,0,5,11.143,4990.35
352,17,1,0,13.0279,1083.31,0.0423333,184.645,0.11,1
388,17,1,0,13.0068,974.433
397,17,1,0,12.971,784.776
399,17,1,0,12.9543,694.367
411,17,1,0,12.9397,614.276
1537,17,1,0,12.9055,429.479
418,17,1,0,12.9009,404.29
417,17,1,0,12.8975,385.81
1989,17,1,0,12.879,291.597
432,17,1,0,12.8754,272.441
435,17,1,0,12.8701,245.849
431,17,1,0,12.8636,213.515
439,17,1,0,12.8481,136.101
672,17,1,0,12.8305,49.3878
610,17,1,0,12.82,0
140,17,1,1,13.2562,2262.76,0.0831667,362.748,0.23,2
360,17,1,1,13.2167,2049.61
369,17,1,1,13.1942,1929.79
376,17,1,1,13.1777,1838.03
382,17,1,1,13.1621,1751.38
390,17,1,1,13.1431,1652.58
397,17,1,1,13.126,1561.73
389,17,1,1,13.1139,1497.27
388,17,1,1,13.0878,1362.16
352,17,1,1,13.0702,1267.96
135,17,1,2,13.4949,3436.22,0.0926667,404.184,0.12,3
133,17,1,2,13.4845,3379.1
134,17,1,2,13.4769,3327.15
129,17,1,2,13.4697,3289.56
1717,17,1,2,13.4414,3139.86
128,17,1,2,13.416,3002.34
127,17,1,2,13.4125,2984.31
132,17,1,2,13.3932,2887.66
140,17,1,2,13.3394,2625.51
524,17,1,3,13.7788,4866.83,0.0808333,352.571,0.41,4
523,17,1,3,13.7729,4836.16
508,17,1,3,13.752,4727.08
483,17,1,3,13.74,4667.59
482,17,1,3,13.7366,4650.05
454,17,1,3,13.7091,4499.34
455,17,1,3,13.7065,4484.38
453,17,1,3,13.6978,4418.92
446,17,1,3,13.6895,4371.49
442,17,1,3,13.6778,4312.99
1857,17,1,3,13.669,4266.98
441,17,1,3,13.6629,4237.8
185,17,1,3,13.6519,4179.87
177,17,1,3,13.6396,4114.5
2091,17,1,3,13.6258,4037.62
171,17,1,3,13.6098,3953.87
135,17,1,3,13.5875,3840.4
610,17,1,4,13.9905,5977.99,0,0,0
614,17,1,4,13.9821,5935.85
612,17,1,4,13.9794,5920.67
423,17,1,4,13.9759,5898.23
609,17,1,4,13.97,5841.91
628,17,1,4,13.9601,5767.9
561,17,1,4,13.9563,5743.14
557,17,1,4,13.9488,5695.9
554,17,1,4,13.9467,5684.76
565,17,1,4,13.9366,5631.11
573,17,1,4,13.9313,5604.52
574,17,1,4,13.924,5555.05
1844,17,1,4,13.9209,5537.02
575,17,1,4,13.9181,5520.94
578,17,1,4,13.9128,5490.39
586,17,1,4,13.9093,5471.75
583,17,1,4,13.9056,5452.18
589,17,1,4,13.8951,5404.29
581,17,1,4,13.8915,5384.35
544,17,1,4,13.8759,5305.44
523,17,1,4,13.8655,5250.08
524,17,1,4,13.8596,5219.4
179,17,2,0,10.5082,1282.78,0.0905,394.734,0.19,1
178,17,2,0,10.4857,1164.85
186,17,2,0,10.477,1114.94
443,17,2,0,10.4664,1058.36
442,17,2,0,10.4634,1041.79
452,17,2,0,10.4502,971.397
1678,17,2,0,10.4339,884.686
474,17,2,0,10.4175,800.082
2140,17,2,0,10.4075,755.172
475,17,2,0,10.4041,737.441
499,17,2,0,10.3964,697.85
497,17,2,0,10.3842,636.697
496,17,2,0,10.3749,590.143
495,17,2,0,10.368,557.542
1991,17,2,0,10.3546,492.216
513,17,2,0,10.3496,467.032
1753,17,2,0,10.3436,426.111
1751,17,2,0,10.339,401.224
530,17,2,0,10.3359,383.944
1992,17,2,0,10.3324,366.558
560,17,2,0,10.3217,311.272
618,17,2,0,10.3021,213.454
615,17,2,0,10.3004,201.605
608,17,2,0,10.2878,134.576
607,17,2,0,10.2848,118.522
606,17,2,0,10.2736,65.1504
610,17,2,0,10.26,0
610,17,2,1,10.8087,2841.51,0,0,0
614,17,2,1,10.7957,2780.37
612,17,2,1,10.7932,2766.44
426,17,2,1,10.7846,2719.21
424,17,2,1,10.782,2704.66
407,17,2,1,10.7632,2607.75
406,17,2,1,10.7588,2584.66
403,17,2,1,10.7504,2541.19
394,17,2,1,10.7411,2490.62
384,17,2,1,10.7363,2466.47
385,17,2,1,10.7325,2446.69
377,17,2,1,10.7294,2430.01
2134,17,2,1,10.7116,2332.72
371,17,2,1,10.7064,2291.91
372,17,2,1,10.6883,2184.27
460,17,2,1,10.6825,2149.63
461,17,2,1,10.6719,2082.92
462,17,2,1,10.6703,2068.54
1990,17,2,1,10.662,2015.05
1857,17,2,1,10.6463,1933.48
441,17,2,1,10.6414,1908.92
185,17,2,1,10.6311,1854
177,17,2,1,10.619,1789.59
178,17,2,1,10.6143,1765.44
179,17,2,1,10.5987,1677.52
