Node, Individual, Route,Segment, Travel time, Travel cost, Attention time, Attention cost, Failure rate, Demand
1800,0,0,0,13.7216,951.622,0.0345,150.479,0.15,1
552,0,0,0,13.7125,905.718
603,0,0,0,13.6789,740.761
604,0,0,0,13.6739,714.369
596,0,0,0,13.6737,713.397
580,0,0,0,13.6622,649.074
574,0,0,0,13.6416,541.537
573,0,0,0,13.6325,489.448
564,0,0,0,13.6252,450.205
557,0,0,0,13.6193,417.124
561,0,0,0,13.6126,370.589
628,0,0,0,13.6083,345.216
615,0,0,0,13.6035,317.236
617,0,0,0,13.6,299.689
616,0,0,0,13.5924,261.472
676,0,0,0,13.5862,230.409
674,0,0,0,13.5758,178.918
675,0,0,0,13.5692,145.841
962,0,0,0,13.5588,96.4787
961,0,0,0,13.5533,67.3447
999,0,0,0,13.54,0
449,0,0,1,13.8852,1836.91,0.0431667,188.28,0.11,2
457,0,0,1,13.8737,1774.85
456,0,0,1,13.8688,1745.81
458,0,0,1,13.8596,1684.9
459,0,0,1,13.8529,1639.55
1543,0,0,1,13.8444,1577.74
715,0,0,1,13.8393,1533.9
716,0,0,1,13.8261,1459.54
722,0,0,1,13.8255,1456.73
552,0,0,1,13.7644,1144.84
1800,0,0,1,13.7561,1102.1
362,0,0,2,14.0528,2765.87,0.0438333,191.188,0.02,3
363,0,0,2,14.0378,2683.42
367,0,0,2,14.0252,2614.55
368,0,0,2,14.0178,2579.99
451,0,0,2,13.9964,2462.69
1716,0,0,2,13.9939,2446.26
462,0,0,2,13.9867,2407.44
1990,0,0,2,13.9789,2354.4
452,0,0,2,13.975,2322.33
453,0,0,2,13.9642,2234.91
455,0,0,2,13.9529,2167.09
454,0,0,2,13.9497,2149.71
448,0,0,2,13.9433,2105.76
449,0,0,2,13.9284,2025.19
104,0,0,3,14.3021,4056.37,0.0708333,308.954,0.11,4
124,0,0,3,14.2877,3981.51
1715,0,0,3,14.2518,3800.2
136,0,0,3,14.2466,3772.52
139,0,0,3,14.2336,3702.9
140,0,0,3,14.2127,3589.25
360,0,0,3,14.174,3379.64
361,0,0,3,14.1615,3310.77
367,0,0,3,14.1277,3122.97
363,0,0,3,14.1124,3042.74
362,0,0,3,14.0967,2957.06
815,0,0,4,14.619,5768.53,0.0983333,428.9,0.22,5
816,0,0,4,14.6111,5729.39
2151,0,0,4,14.5992,5665.72
819,0,0,4,14.5844,5585.62
811,0,0,4,14.5638,5469.88
805,0,0,4,14.56,5449.05
358,0,0,4,14.5469,5378.85
349,0,0,4,14.5307,5293.25
344,0,0,4,14.5173,5211.22
1819,0,0,4,14.504,5117.76
335,0,0,4,14.4995,5089.47
2114,0,0,4,14.486,5016.87
329,0,0,4,14.4835,5001.84
1979,0,0,4,14.477,4969.49
1978,0,0,4,14.4358,4740.04
107,0,0,4,14.4277,4686.29
1967,0,0,4,14.4247,4657.59
105,0,0,4,14.399,4507.7
124,0,0,4,14.3861,4434.82
104,0,0,4,14.3729,4365.33
1280,0,0,5,14.8865,7139.59,0.0575,250.798,0.05,6
1845,0,0,5,14.8713,7063.03
1270,0,0,5,14.8677,7044.48
1269,0,0,5,14.8539,6975.04
1259,0,0,5,14.8355,6878.54
1773,0,0,5,14.8206,6798.81
862,0,0,5,14.8087,6734.85
850,0,0,5,14.8014,6688.34
849,0,0,5,14.7933,6638.15
1774,0,0,5,14.7901,6619.33
837,0,0,5,14.7794,6551.24
2010,0,0,5,14.7705,6501.79
836,0,0,5,14.7636,6454.03
827,0,0,5,14.7537,6397.3
826,0,0,5,14.7331,6284.92
815,0,0,5,14.7174,6197.43
2021,0,0,6,15.123,8346.56,0.076,331.489,0.27,7
951,0,0,6,15.1002,8233.1
949,0,0,6,15.0879,8170.85
2025,0,0,6,15.0844,8153.4
2024,0,0,6,15.0697,8074.06
1557,0,0,6,15.0551,7997.99
1299,0,0,6,15.036,7895.12
1300,0,0,6,15.0314,7871.58
1298,0,0,6,15.025,7837.88
2176,0,0,6,15.0185,7798.65
2066,0,0,6,15.0077,7730.83
1262,0,0,6,14.996,7668.45
1261,0,0,6,14.9865,7618.4
1846,0,0,6,14.9641,7496.97
1845,0,0,6,14.9571,7458.43
1280,0,0,6,14.944,7390.39
1317,0,0,7,15.3112,9275.63,0.0693333,302.411,0.21,8
2071,0,0,7,15.2985,9205.43
2165,0,0,7,15.2773,9092.61
1314,0,0,7,15.2592,8998.05
1309,0,0,7,15.2586,8995.18
1304,0,0,7,15.247,8930.54
952,0,0,7,15.2208,8789.96
2022,0,0,7,15.2092,8731.74
2021,0,0,7,15.199,8678.05
1414,0,0,8,15.5324,10375,0.0926667,404.184,0.21,9
1350,0,0,8,15.5179,10301.9
1351,0,0,8,15.5101,10261.8
1352,0,0,8,15.4939,10183.9
1358,0,0,8,15.4838,10131.7
1357,0,0,8,15.4727,10073.5
1356,0,0,8,15.4719,10069.8
2076,0,0,8,15.4659,10037.5
1355,0,0,8,15.4647,10030.8
1364,0,0,8,15.4646,10030.6
1361,0,0,8,15.4585,9996.18
1360,0,0,8,15.4399,9898.13
1370,0,0,8,15.4107,9745.5
1359,0,0,8,15.4098,9741.04
2071,0,0,8,15.3926,9645.64
1317,0,0,8,15.3805,9578.04
1206,0,0,9,15.7206,11291,0.0928333,404.911,0.1,10
2081,0,0,9,15.7048,11203.5
2080,0,0,9,15.691,11128.5
2079,0,0,9,15.6762,11054.4
1554,0,0,9,15.6682,11014.3
1416,0,0,9,15.6666,11006.4
1415,0,0,9,15.6523,10933.5
2097,0,0,9,15.6406,10872.3
2120,0,0,9,15.6371,10840.4
1414,0,0,9,15.625,10779.2
999,0,0,10,16.1056,13236.7,0,0,0
1002,0,0,10,16.1015,13208.6
1031,0,0,10,16.0869,13136.4
2031,0,0,10,16.0796,13099.4
2032,0,0,10,16.0792,13097.6
1034,0,0,10,16.0645,13023.4
1037,0,0,10,16.0564,12980.2
1039,0,0,10,16.0483,12938.6
1041,0,0,10,16.0392,12892.7
2030,0,0,10,16.033,12861.8
2158,0,0,10,16.0302,12846.7
2029,0,0,10,16.019,12788.9
1043,0,0,10,16.0189,12788.5
1044,0,0,10,16.0138,12762.1
1046,0,0,10,16.0075,12727.6
1060,0,0,10,15.9906,12640.5
1061,0,0,10,15.9835,12605
1063,0,0,10,15.9805,12588.9
1083,0,0,10,15.9678,12517.8
1105,0,0,10,15.955,12449.6
1104,0,0,10,15.9372,12356.3
1183,0,0,10,15.9347,12339.8
1184,0,0,10,15.9293,12311.1
1663,0,0,10,15.9192,12259.7
1189,0,0,10,15.9128,12225.1
1194,0,0,10,15.899,12147.6
1196,0,0,10,15.8987,12146
1550,0,0,10,15.892,12107.6
1552,0,0,10,15.8878,12085.9
2059,0,0,10,15.8799,12046.3
1202,0,0,10,15.8626,11955
2096,0,0,10,15.8304,11789.6
1654,0,0,10,15.8187,11725.8
1653,0,0,10,15.8166,11713.5
1206,0,0,10,15.8134,11695.9
1800,1,0,0,13.3616,951.622,0.0345,150.479,0.15,1
552,1,0,0,13.3525,905.718
603,1,0,0,13.3189,740.761
604,1,0,0,13.3139,714.369
596,1,0,0,13.3137,713.397
580,1,0,0,13.3022,649.074
574,1,0,0,13.2816,541.537
573,1,0,0,13.2725,489.448
564,1,0,0,13.2652,450.205
557,1,0,0,13.2593,417.124
561,1,0,0,13.2526,370.589
628,1,0,0,13.2483,345.216
615,1,0,0,13.2435,317.236
617,1,0,0,13.24,299.689
616,1,0,0,13.2324,261.472
676,1,0,0,13.2262,230.409
674,1,0,0,13.2158,178.918
675,1,0,0,13.2092,145.841
962,1,0,0,13.1988,96.4787
961,1,0,0,13.1933,67.3447
999,1,0,0,13.18,0
449,1,0,1,13.5252,1836.91,0.0431667,188.28,0.11,2
457,1,0,1,13.5138,1774.85
456,1,0,1,13.5088,1745.81
458,1,0,1,13.4996,1684.9
459,1,0,1,13.4929,1639.55
1543,1,0,1,13.4844,1577.74
715,1,0,1,13.4793,1533.9
716,1,0,1,13.4661,1459.54
722,1,0,1,13.4655,1456.73
552,1,0,1,13.4044,1144.84
1800,1,0,1,13.3961,1102.1
362,1,0,2,13.6928,2765.87,0.0871667,380.195,0.02,3
363,1,0,2,13.6778,2683.42
367,1,0,2,13.6652,2614.55
368,1,0,2,13.6578,2579.99
451,1,0,2,13.6364,2462.69
1716,1,0,2,13.6339,2446.26
462,1,0,2,13.6267,2407.44
1990,1,0,2,13.6189,2354.4
452,1,0,2,13.615,2322.33
453,1,0,2,13.6042,2234.91
455,1,0,2,13.5929,2167.09
454,1,0,2,13.5897,2149.71
448,1,0,2,13.5833,2105.76
449,1,0,2,13.5684,2025.19
104,1,0,3,13.9879,4256.66,0.05,218.085,0.11,4
124,1,0,3,13.974,4184.1
1715,1,0,3,13.9448,4030.74
136,1,0,3,13.939,4000.98
139,1,0,3,13.9257,3929.79
140,1,0,3,13.9015,3801.85
360,1,0,3,13.8619,3588.7
361,1,0,3,13.8475,3511.32
367,1,0,3,13.8107,3310.48
363,1,0,3,13.7972,3238.05
362,1,0,3,13.78,3146.07
815,1,0,4,14.284,5877.95,0.0983333,428.9,0.22,5
816,1,0,4,14.276,5838.81
2151,1,0,4,14.2642,5775.14
819,1,0,4,14.2493,5695.04
811,1,0,4,14.2288,5579.3
805,1,0,4,14.225,5558.47
358,1,0,4,14.2119,5488.27
349,1,0,4,14.1956,5402.67
344,1,0,4,14.1822,5320.64
1819,1,0,4,14.1689,5227.18
335,1,0,4,14.1644,5198.89
2114,1,0,4,14.151,5126.29
329,1,0,4,14.1485,5111.26
1979,1,0,4,14.1419,5078.91
1978,1,0,4,14.1008,4849.46
107,1,0,4,14.0927,4795.71
1967,1,0,4,14.0897,4767.01
105,1,0,4,14.064,4617.12
124,1,0,4,14.051,4544.24
104,1,0,4,14.0379,4474.75
1280,1,0,5,14.5514,7249.01,0.0575,250.798,0.05,6
1845,1,0,5,14.5362,7172.45
1270,1,0,5,14.5327,7153.9
1269,1,0,5,14.5189,7084.46
1259,1,0,5,14.5005,6987.96
1773,1,0,5,14.4855,6908.23
862,1,0,5,14.4736,6844.27
850,1,0,5,14.4664,6797.76
849,1,0,5,14.4583,6747.58
1774,1,0,5,14.455,6728.75
837,1,0,5,14.4443,6660.66
2010,1,0,5,14.4355,6611.21
836,1,0,5,14.4285,6563.45
827,1,0,5,14.4186,6506.72
826,1,0,5,14.398,6394.34
815,1,0,5,14.3823,6306.85
2021,1,0,6,14.7879,8455.98,0.0923333,402.73,0.26,7
951,1,0,6,14.7652,8342.52
949,1,0,6,14.7528,8280.27
2025,1,0,6,14.7494,8262.82
2024,1,0,6,14.7346,8183.48
1557,1,0,6,14.7201,8107.41
1299,1,0,6,14.701,8004.54
1300,1,0,6,14.6964,7981
1298,1,0,6,14.69,7947.3
2176,1,0,6,14.6834,7908.07
2066,1,0,6,14.6726,7840.25
1262,1,0,6,14.6609,7777.87
1261,1,0,6,14.6515,7727.82
1846,1,0,6,14.629,7606.39
1845,1,0,6,14.6221,7567.85
1280,1,0,6,14.6089,7499.81
1317,1,0,7,15.0067,9516.53,0.0693333,302.411,0.21,8
2071,1,0,7,14.9941,9446.63
2165,1,0,7,14.9716,9328.52
1314,1,0,7,14.9526,9230
1309,1,0,7,14.952,9227.12
1304,1,0,7,14.9377,9150.99
952,1,0,7,14.9064,8988.36
2022,1,0,7,14.8948,8930.14
2021,1,0,7,14.8803,8858.71
1414,1,0,8,15.2279,10615.9,0.0926667,404.184,0.21,9
1350,1,0,8,15.2134,10542.8
1351,1,0,8,15.2056,10502.7
1352,1,0,8,15.1894,10424.8
1358,1,0,8,15.1793,10372.6
1357,1,0,8,15.1681,10314.4
1356,1,0,8,15.1674,10310.7
2076,1,0,8,15.1614,10278.4
1355,1,0,8,15.1602,10271.7
1364,1,0,8,15.1601,10271.5
1361,1,0,8,15.154,10237.1
1360,1,0,8,15.1354,10139
1370,1,0,8,15.1062,9986.4
1359,1,0,8,15.1053,9981.94
2071,1,0,8,15.0881,9886.54
1317,1,0,8,15.076,9818.94
1206,1,0,9,15.416,11531.9,0.0928333,404.911,0.1,10
2081,1,0,9,15.4003,11444.4
2080,1,0,9,15.3865,11369.4
2079,1,0,9,15.3717,11295.3
1554,1,0,9,15.3636,11255.2
1416,1,0,9,15.3621,11247.3
1415,1,0,9,15.3478,11174.4
2097,1,0,9,15.3361,11113.2
2120,1,0,9,15.3326,11081.3
1414,1,0,9,15.3205,11020.1
999,1,0,10,15.8011,13477.6,0,0,0
1002,1,0,10,15.797,13449.5
1031,1,0,10,15.7824,13377.3
2031,1,0,10,15.7751,13340.3
2032,1,0,10,15.7747,13338.5
1034,1,0,10,15.76,13264.3
1037,1,0,10,15.7519,13221.1
1039,1,0,10,15.7438,13179.5
1041,1,0,10,15.7347,13133.6
2030,1,0,10,15.7285,13102.7
2158,1,0,10,15.7257,13087.6
2029,1,0,10,15.7145,13029.8
1043,1,0,10,15.7144,13029.3
1044,1,0,10,15.7092,13003
1046,1,0,10,15.7029,12968.5
1060,1,0,10,15.6861,12881.4
1061,1,0,10,15.679,12845.9
1063,1,0,10,15.676,12829.8
1083,1,0,10,15.6633,12758.7
1105,1,0,10,15.6505,12690.5
1104,1,0,10,15.6327,12597.2
1183,1,0,10,15.6302,12580.7
1184,1,0,10,15.6247,12552
1663,1,0,10,15.6147,12500.6
1189,1,0,10,15.6083,12466
1194,1,0,10,15.5945,12388.5
1196,1,0,10,15.5942,12386.9
1550,1,0,10,15.5875,12348.5
1552,1,0,10,15.5833,12326.8
2059,1,0,10,15.5754,12287.2
1202,1,0,10,15.5581,12195.9
2096,1,0,10,15.5259,12030.5
1654,1,0,10,15.5142,11966.7
1653,1,0,10,15.5121,11954.4
1206,1,0,10,15.5089,11936.8
1800,2,0,0,14.3135,1007.05,0.0793333,346.028,0.17,1
552,2,0,0,14.2992,939.646
603,2,0,0,14.2676,783.092
604,2,0,0,14.2628,757.682
596,2,0,0,14.2627,756.71
580,2,0,0,14.2484,680.504
574,2,0,0,14.227,569.599
573,2,0,0,14.2173,515.193
564,2,0,0,14.2105,477.803
557,2,0,0,14.2045,444.257
561,2,0,0,14.1984,397.895
628,2,0,0,14.1948,373.421
615,2,0,0,14.1905,346.226
617,2,0,0,14.1871,328.679
616,2,0,0,14.1804,294.749
676,2,0,0,14.1743,263.686
674,2,0,0,14.1593,194.033
675,2,0,0,14.1528,160.956
962,2,0,0,14.1441,118.866
961,2,0,0,14.1368,81.8149
999,2,0,0,14.12,0
449,2,0,1,14.5266,2106.84,0.0403333,175.922,0.13,2
457,2,0,1,14.5124,2032.64
456,2,0,1,14.5069,2002.26
458,2,0,1,14.4947,1934.36
459,2,0,1,14.4891,1889.14
1543,2,0,1,14.4801,1827.13
715,2,0,1,14.4754,1782.65
716,2,0,1,14.4603,1700.04
722,2,0,1,14.4597,1697.23
552,2,0,1,14.4011,1395.81
1800,2,0,1,14.3928,1353.07
362,2,0,2,14.6914,3025.49,0.0438333,191.188,0.02,3
363,2,0,2,14.6751,2937.28
440,2,0,2,14.6473,2796.51
451,2,0,2,14.6308,2710.31
1716,2,0,2,14.6283,2693.89
462,2,0,2,14.6192,2646.81
1990,2,0,2,14.6121,2594.12
452,2,0,2,14.6082,2562.06
453,2,0,2,14.597,2474.83
455,2,0,2,14.5886,2409.34
454,2,0,2,14.586,2394.7
448,2,0,2,14.5787,2349.78
449,2,0,2,14.567,2282.76
104,2,0,3,14.9407,4315.99,0.0708333,308.954,0.11,4
124,2,0,3,14.9263,4241.12
1715,2,0,3,14.8904,4059.81
136,2,0,3,14.8852,4032.13
139,2,0,3,14.8721,3962.51
140,2,0,3,14.8513,3848.86
360,2,0,3,14.8126,3639.25
361,2,0,3,14.8001,3570.39
367,2,0,3,14.7663,3382.58
363,2,0,3,14.751,3302.35
362,2,0,3,14.7352,3216.67
815,2,0,4,15.2507,5990.4,0.0461667,201.365,0.21,5
816,2,0,4,15.2386,5934.55
817,2,0,4,15.2285,5880.18
803,2,0,4,15.2099,5773.61
354,2,0,4,15.2098,5773.24
357,2,0,4,15.2005,5720.98
358,2,0,4,15.187,5647.19
349,2,0,4,15.1701,5558.8
344,2,0,4,15.1573,5477.54
1819,2,0,4,15.1447,5384.31
335,2,0,4,15.1395,5354.95
2114,2,0,4,15.1257,5280.65
329,2,0,4,15.1231,5265.38
1979,2,0,4,15.1166,5233.33
1978,2,0,4,15.0774,5012.44
107,2,0,4,15.069,4958.37
1967,2,0,4,15.066,4929.66
105,2,0,4,15.0405,4780.24
124,2,0,4,15.0241,4692.01
104,2,0,4,15.0115,4624.94
1280,2,0,5,15.4599,7109.96,0.111167,484.876,0.06,6
1845,2,0,5,15.4466,7041.64
1270,2,0,5,15.4425,7020.42
1269,2,0,5,15.4305,6958.45
1259,2,0,5,15.4131,6866.32
1773,2,0,5,15.3965,6779.53
862,2,0,5,15.3854,6719.03
850,2,0,5,15.3771,6671.01
849,2,0,5,15.3692,6621.04
1774,2,0,5,15.366,6602.3
837,2,0,5,15.3552,6534.11
2010,2,0,5,15.3479,6488.01
836,2,0,5,15.3408,6440.19
827,2,0,5,15.3315,6384.47
826,2,0,5,15.3117,6275.57
815,2,0,5,15.2969,6191.77
1414,2,0,6,15.8596,9188,0.0926667,404.184,0.21,7
1350,2,0,6,15.8444,9111.74
1351,2,0,6,15.8367,9072.12
1352,2,0,6,15.8241,9008.89
1358,2,0,6,15.8144,8958.43
1357,2,0,6,15.8032,8900.26
1356,2,0,6,15.8025,8896.54
2076,2,0,6,15.7965,8864.23
1355,2,0,6,15.7953,8857.57
1364,2,0,6,15.7952,8857.36
1361,2,0,6,15.7891,8822.9
1354,2,0,6,15.789,8822.71
2188,2,0,6,15.7813,8783.43
2075,2,0,6,15.759,8669.64
1822,2,0,6,15.7582,8665.65
1353,2,0,6,15.7501,8624.01
2118,2,0,6,15.7285,8507.34
2117,2,0,6,15.726,8482.71
2164,2,0,6,15.7077,8368.3
1306,2,0,6,15.6828,8207.63
1599,2,0,6,15.6669,8118.62
1300,2,0,6,15.6624,8091.93
1298,2,0,6,15.6576,8065.18
2176,2,0,6,15.6511,8025.98
2066,2,0,6,15.6408,7958.78
1262,2,0,6,15.6294,7897.86
1261,2,0,6,15.6207,7850.75
1846,2,0,6,15.5887,7688.82
1281,2,0,6,15.5818,7651.97
1280,2,0,6,15.5711,7594.84
1206,2,0,7,16.0478,10104,0.0515,224.627,0.1,8
2081,2,0,7,16.0321,10016.5
2080,2,0,7,16.0182,9941.44
2079,2,0,7,16.0035,9867.42
1554,2,0,7,15.9954,9827.24
1416,2,0,7,15.9939,9819.42
1415,2,0,7,15.9795,9746.49
2097,2,0,7,15.9678,9685.28
2120,2,0,7,15.9643,9653.4
1414,2,0,7,15.9523,9592.18
1317,2,0,8,16.3669,11737,0.104167,454.344,0.13,9
2071,2,0,8,16.3541,11666.5
1359,2,0,8,16.3315,11547.9
1370,2,0,8,16.3306,11543.4
1360,2,0,8,16.3074,11416.6
1361,2,0,8,16.2927,11335.4
1354,2,0,8,16.2927,11335.2
1355,2,0,8,16.2867,11302.7
2076,2,0,8,16.2848,11293.5
1356,2,0,8,16.2773,11254.4
1357,2,0,8,16.2765,11250.7
1358,2,0,8,16.2634,11184.2
1352,2,0,8,16.2554,11141
1351,2,0,8,16.2451,11087.4
1350,2,0,8,16.2376,11048.8
1414,2,0,8,16.2248,10982.5
2120,2,0,8,16.214,10926.9
2097,2,0,8,16.2056,10882.6
1415,2,0,8,16.1925,10815.8
1416,2,0,8,16.1778,10740.9
1554,2,0,8,16.1762,10733.1
2079,2,0,8,16.1679,10692
2080,2,0,8,16.1526,10615.5
2081,2,0,8,16.1369,10532.7
1207,2,0,8,16.1178,10430.1
2061,2,0,8,16.1094,10383.3
1206,2,0,8,16.0993,10328.6
2021,2,0,9,16.595,12841.1,0.07,305.319,0.28,10
1303,2,0,9,16.5677,12697.4
1307,2,0,9,16.5592,12650.5
1308,2,0,9,16.545,12578.2
1309,2,0,9,16.528,12490.3
1314,2,0,9,16.5274,12487.4
2165,2,0,9,16.5045,12372.5
2071,2,0,9,16.4845,12265.1
1317,2,0,9,16.471,12191.3
999,2,0,10,16.8614,14156.9,0,0,0
1002,2,0,10,16.856,14126.5
1024,2,0,10,16.8355,14022.4
1029,2,0,10,16.83,13995.1
1027,2,0,10,16.8179,13934.9
1051,2,0,10,16.8048,13868.3
1052,2,0,10,16.797,13828.9
1804,2,0,10,16.7965,13826.8
2015,2,0,10,16.7853,13770.6
2014,2,0,10,16.7773,13730
2017,2,0,10,16.7761,13724.3
2170,2,0,10,16.7734,13710.2
1738,2,0,10,16.7588,13635.1
1737,2,0,10,16.7533,13606.2
936,2,0,10,16.7412,13540.6
933,2,0,10,16.7406,13537.7
934,2,0,10,16.7351,13500
943,2,0,10,16.7211,13430.3
942,2,0,10,16.7132,13389
941,2,0,10,16.7018,13331.3
1790,2,0,10,16.6868,13255.2
2022,2,0,10,16.6763,13204.3
2021,2,0,10,16.665,13146.4
1800,3,0,0,14.1516,951.622,0.0793333,346.028,0.17,1
552,3,0,0,14.1425,905.718
603,3,0,0,14.1089,740.761
604,3,0,0,14.1039,714.369
596,3,0,0,14.1037,713.397
580,3,0,0,14.0922,649.074
574,3,0,0,14.0716,541.537
573,3,0,0,14.0625,489.448
564,3,0,0,14.0552,450.205
557,3,0,0,14.0493,417.124
561,3,0,0,14.0426,370.589
628,3,0,0,14.0383,345.216
615,3,0,0,14.0335,317.236
617,3,0,0,14.03,299.689
616,3,0,0,14.0224,261.472
676,3,0,0,14.0162,230.409
674,3,0,0,14.0058,178.918
675,3,0,0,13.9992,145.841
962,3,0,0,13.9888,96.4787
961,3,0,0,13.9833,67.3447
999,3,0,0,13.97,0
449,3,0,1,14.3647,2051.42,0.0403333,175.922,0.13,2
457,3,0,1,14.3505,1977.21
456,3,0,1,14.345,1946.83
458,3,0,1,14.3328,1878.94
459,3,0,1,14.3272,1833.72
1543,3,0,1,14.3182,1771.71
715,3,0,1,14.3135,1727.23
716,3,0,1,14.2984,1644.62
722,3,0,1,14.2978,1641.8
552,3,0,1,14.2392,1340.39
1800,3,0,1,14.2309,1297.65
362,3,0,2,14.5295,2970.06,0.0438333,191.188,0.02,3
363,3,0,2,14.5132,2881.86
440,3,0,2,14.4854,2741.08
451,3,0,2,14.4689,2654.89
1716,3,0,2,14.4664,2638.46
462,3,0,2,14.4573,2591.39
1990,3,0,2,14.4502,2538.7
452,3,0,2,14.4463,2506.63
453,3,0,2,14.4351,2419.41
455,3,0,2,14.4267,2353.92
454,3,0,2,14.4241,2339.28
448,3,0,2,14.4168,2294.35
449,3,0,2,14.4051,2227.34
104,3,0,3,14.7788,4260.56,0.0708333,308.954,0.11,4
124,3,0,3,14.7644,4185.7
1715,3,0,3,14.7285,4004.39
136,3,0,3,14.7233,3976.71
139,3,0,3,14.7102,3907.09
140,3,0,3,14.6894,3793.44
360,3,0,3,14.6507,3583.83
361,3,0,3,14.6382,3514.96
367,3,0,3,14.6044,3327.16
363,3,0,3,14.5891,3246.93
362,3,0,3,14.5733,3161.25
815,3,0,4,15.0957,5972.72,0.0461667,201.365,0.21,5
816,3,0,4,15.0878,5933.57
2151,3,0,4,15.0759,5869.91
819,3,0,4,15.061,5789.81
811,3,0,4,15.0405,5674.07
805,3,0,4,15.0367,5653.24
358,3,0,4,15.0236,5583.04
349,3,0,4,15.0073,5497.44
344,3,0,4,14.9939,5415.41
1819,3,0,4,14.9807,5321.95
335,3,0,4,14.9761,5293.66
2114,3,0,4,14.9627,5221.06
329,3,0,4,14.9602,5206.03
1979,3,0,4,14.9537,5173.68
1978,3,0,4,14.9125,4944.23
107,3,0,4,14.9044,4890.48
1967,3,0,4,14.9014,4861.77
105,3,0,4,14.8757,4711.89
124,3,0,4,14.8628,4639.01
104,3,0,4,14.8496,4569.52
1280,3,0,5,15.3049,7092.28,0.111167,484.876,0.06,6
1845,3,0,5,15.2916,7023.95
1270,3,0,5,15.2875,7002.74
1269,3,0,5,15.2755,6940.76
1259,3,0,5,15.2581,6848.64
1773,3,0,5,15.2415,6761.85
862,3,0,5,15.2304,6701.35
850,3,0,5,15.2221,6653.33
849,3,0,5,15.2142,6603.36
1774,3,0,5,15.211,6584.62
837,3,0,5,15.2002,6516.43
2010,3,0,5,15.1929,6470.33
836,3,0,5,15.1858,6422.51
827,3,0,5,15.1765,6366.79
826,3,0,5,15.1567,6257.89
815,3,0,5,15.1419,6174.09
2021,3,0,6,15.5982,8546.62,0.076,331.489,0.27,7
951,3,0,6,15.5784,8445.21
949,3,0,6,15.5672,8388.09
2025,3,0,6,15.5638,8370.63
2024,3,0,6,15.5475,8284.65
1557,3,0,6,15.5322,8205.47
1299,3,0,6,15.512,8097.79
1300,3,0,6,15.5074,8074.25
1298,3,0,6,15.5026,8047.49
2176,3,0,6,15.4961,8008.29
2066,3,0,6,15.4858,7941.1
1262,3,0,6,15.4744,7880.18
1261,3,0,6,15.4657,7833.07
1846,3,0,6,15.4337,7671.14
1281,3,0,6,15.4268,7634.29
1280,3,0,6,15.4161,7577.15
1414,3,0,7,15.8906,10025.7,0.0926667,404.184,0.21,8
1350,3,0,7,15.8762,9952.55
1351,3,0,7,15.8684,9912.46
1352,3,0,7,15.8522,9834.58
1358,3,0,7,15.8421,9782.38
1357,3,0,7,15.8309,9724.21
1356,3,0,7,15.8302,9720.49
2076,3,0,7,15.8242,9688.17
1355,3,0,7,15.823,9681.51
1364,3,0,7,15.8229,9681.3
1361,3,0,7,15.8168,9646.84
1354,3,0,7,15.8168,9646.65
2188,3,0,7,15.809,9607.38
2075,3,0,7,15.7867,9493.59
1822,3,0,7,15.7859,9489.59
1353,3,0,7,15.7778,9447.96
2118,3,0,7,15.7562,9331.29
2117,3,0,7,15.7537,9306.66
2164,3,0,7,15.7354,9192.25
1307,3,0,7,15.7215,9116.93
1303,3,0,7,15.7067,9043.3
2021,3,0,7,15.6742,8878.1
1206,3,0,8,16.0788,10941.7,0.0515,224.627,0.1,9
2081,3,0,8,16.0631,10854.2
2080,3,0,8,16.0493,10779.1
2079,3,0,8,16.0345,10705.1
1554,3,0,8,16.0264,10664.9
1416,3,0,8,16.0249,10657.1
1415,3,0,8,16.0106,10584.2
2097,3,0,8,15.9988,10523
2120,3,0,8,15.9954,10491.1
1414,3,0,8,15.9833,10429.9
1317,3,0,9,16.3979,12574.6,0.104167,454.344,0.13,10
2071,3,0,9,16.3852,12504.1
1359,3,0,9,16.3626,12385.6
1370,3,0,9,16.3616,12381.1
1360,3,0,9,16.3385,12254.3
1361,3,0,9,16.3238,12173
1354,3,0,9,16.3237,12172.9
1355,3,0,9,16.3177,12140.3
2076,3,0,9,16.3159,12131.2
1356,3,0,9,16.3083,12092.1
1357,3,0,9,16.3075,12088.3
1358,3,0,9,16.2944,12021.9
1352,3,0,9,16.2864,11978.6
1351,3,0,9,16.2761,11925.1
1350,3,0,9,16.2686,11886.4
1414,3,0,9,16.2558,11820.1
2120,3,0,9,16.2451,11764.6
2097,3,0,9,16.2366,11720.3
1415,3,0,9,16.2236,11653.5
1416,3,0,9,16.2088,11578.6
1554,3,0,9,16.2072,11570.8
2079,3,0,9,16.1989,11529.6
2080,3,0,9,16.1836,11453.2
2081,3,0,9,16.1679,11370.4
1207,3,0,9,16.1488,11267.8
2061,3,0,9,16.1404,11221
1206,3,0,9,16.1303,11166.3
999,3,0,10,16.73,14223.4,0,0,0
1002,3,0,10,16.7246,14193
1031,3,0,10,16.7129,14132.8
2031,3,0,10,16.7056,14095.8
2032,3,0,10,16.7052,14094
1053,3,0,10,16.6973,14054.8
1784,3,0,10,16.6942,14038.3
1066,3,0,10,16.6849,13991.1
2034,3,0,10,16.6679,13901.5
1850,3,0,10,16.6587,13854.5
2035,3,0,10,16.6505,13810.9
1106,3,0,10,16.6386,13746.6
2039,3,0,10,16.6262,13682.8
2106,3,0,10,16.6106,13598.2
2050,3,0,10,16.6014,13554.2
2051,3,0,10,16.59,13494
1333,3,0,10,16.5661,13368.2
1315,3,0,10,16.553,13300.8
2165,3,0,10,16.5355,13210.2
2071,3,0,10,16.5156,13102.8
1317,3,0,10,16.5021,13029
1800,4,0,0,13.7616,951.622,0.0345,150.479,0.15,1
552,4,0,0,13.7525,905.718
603,4,0,0,13.7189,740.761
604,4,0,0,13.7139,714.369
596,4,0,0,13.7137,713.397
580,4,0,0,13.7022,649.074
574,4,0,0,13.6816,541.537
573,4,0,0,13.6725,489.448
564,4,0,0,13.6652,450.205
557,4,0,0,13.6593,417.124
561,4,0,0,13.6526,370.589
628,4,0,0,13.6483,345.216
615,4,0,0,13.6435,317.236
617,4,0,0,13.64,299.689
616,4,0,0,13.6324,261.472
676,4,0,0,13.6262,230.409
674,4,0,0,13.6158,178.918
675,4,0,0,13.6092,145.841
962,4,0,0,13.5988,96.4787
961,4,0,0,13.5933,67.3447
999,4,0,0,13.58,0
449,4,0,1,13.9252,1836.91,0.0431667,188.28,0.11,2
457,4,0,1,13.9137,1774.85
456,4,0,1,13.9088,1745.81
458,4,0,1,13.8996,1684.9
459,4,0,1,13.8929,1639.55
1543,4,0,1,13.8844,1577.74
715,4,0,1,13.8793,1533.9
716,4,0,1,13.8661,1459.54
722,4,0,1,13.8655,1456.73
552,4,0,1,13.8044,1144.84
1800,4,0,1,13.7961,1102.1
362,4,0,2,14.0928,2765.87,0.0438333,191.188,0.02,3
363,4,0,2,14.0778,2683.42
367,4,0,2,14.0652,2614.55
368,4,0,2,14.0578,2579.99
451,4,0,2,14.0364,2462.69
1716,4,0,2,14.0339,2446.26
462,4,0,2,14.0267,2407.44
1990,4,0,2,14.0189,2354.4
452,4,0,2,14.015,2322.33
453,4,0,2,14.0042,2234.91
455,4,0,2,13.9929,2167.09
454,4,0,2,13.9897,2149.71
448,4,0,2,13.9833,2105.76
449,4,0,2,13.9684,2025.19
104,4,0,3,14.3421,4056.37,0.0708333,308.954,0.11,4
124,4,0,3,14.3277,3981.51
1715,4,0,3,14.2918,3800.2
136,4,0,3,14.2866,3772.52
139,4,0,3,14.2736,3702.9
140,4,0,3,14.2527,3589.25
360,4,0,3,14.214,3379.64
361,4,0,3,14.2015,3310.77
367,4,0,3,14.1677,3122.97
363,4,0,3,14.1524,3042.74
362,4,0,3,14.1367,2957.06
815,4,0,4,14.659,5768.53,0.0983333,428.9,0.22,5
816,4,0,4,14.6511,5729.39
2151,4,0,4,14.6392,5665.72
819,4,0,4,14.6244,5585.62
811,4,0,4,14.6038,5469.88
805,4,0,4,14.6,5449.05
358,4,0,4,14.5869,5378.85
349,4,0,4,14.5707,5293.25
344,4,0,4,14.5573,5211.22
1819,4,0,4,14.544,5117.76
335,4,0,4,14.5395,5089.47
2114,4,0,4,14.526,5016.87
329,4,0,4,14.5235,5001.84
1979,4,0,4,14.517,4969.49
1978,4,0,4,14.4758,4740.04
107,4,0,4,14.4677,4686.29
1967,4,0,4,14.4647,4657.59
105,4,0,4,14.439,4507.7
124,4,0,4,14.4261,4434.82
104,4,0,4,14.4129,4365.33
1280,4,0,5,14.9265,7139.59,0.0575,250.798,0.05,6
1845,4,0,5,14.9113,7063.03
1270,4,0,5,14.9077,7044.48
1269,4,0,5,14.8939,6975.04
1259,4,0,5,14.8755,6878.54
1773,4,0,5,14.8606,6798.81
862,4,0,5,14.8487,6734.85
850,4,0,5,14.8414,6688.34
849,4,0,5,14.8333,6638.15
1774,4,0,5,14.8301,6619.33
837,4,0,5,14.8194,6551.24
2010,4,0,5,14.8105,6501.79
836,4,0,5,14.8036,6454.03
827,4,0,5,14.7937,6397.3
826,4,0,5,14.7731,6284.92
815,4,0,5,14.7574,6197.43
2021,4,0,6,15.163,8346.56,0.076,331.489,0.27,7
951,4,0,6,15.1402,8233.1
949,4,0,6,15.1279,8170.85
2025,4,0,6,15.1244,8153.4
2024,4,0,6,15.1097,8074.06
1557,4,0,6,15.0951,7997.99
1299,4,0,6,15.076,7895.12
1300,4,0,6,15.0714,7871.58
1298,4,0,6,15.065,7837.88
2176,4,0,6,15.0585,7798.65
2066,4,0,6,15.0477,7730.83
1262,4,0,6,15.036,7668.45
1261,4,0,6,15.0265,7618.4
1846,4,0,6,15.0041,7496.97
1845,4,0,6,14.9971,7458.43
1280,4,0,6,14.984,7390.39
1414,4,0,7,15.4554,9825.62,0.0926667,404.184,0.21,8
1350,4,0,7,15.441,9752.49
1351,4,0,7,15.4331,9712.4
1352,4,0,7,15.417,9634.52
1358,4,0,7,15.4069,9582.32
1357,4,0,7,15.3957,9524.15
1356,4,0,7,15.3949,9520.43
2076,4,0,7,15.389,9488.11
1355,4,0,7,15.3877,9481.45
1364,4,0,7,15.3877,9481.25
1361,4,0,7,15.3815,9446.78
1354,4,0,7,15.3815,9446.59
2188,4,0,7,15.3737,9407.32
2075,4,0,7,15.3514,9293.53
1822,4,0,7,15.3506,9289.54
1353,4,0,7,15.3426,9247.9
2118,4,0,7,15.321,9131.23
2117,4,0,7,15.3184,9106.6
2164,4,0,7,15.3001,8992.19
1307,4,0,7,15.2862,8916.87
1303,4,0,7,15.2714,8843.24
2021,4,0,7,15.239,8678.05
1206,4,0,8,15.6436,10741.6,0.0928333,404.911,0.1,9
2081,4,0,8,15.6279,10654.1
2080,4,0,8,15.614,10579.1
2079,4,0,8,15.5993,10505
1554,4,0,8,15.5912,10464.9
1416,4,0,8,15.5896,10457
1415,4,0,8,15.5753,10384.1
2097,4,0,8,15.5636,10322.9
2120,4,0,8,15.5601,10291
1414,4,0,8,15.5481,10229.8
1317,4,0,9,16.0096,12583.9,0.104167,454.344,0.13,10
2071,4,0,9,15.9996,12520.8
1359,4,0,9,15.9772,12403.3
1370,4,0,9,15.9763,12398.8
1360,4,0,9,15.9432,12229.4
1361,4,0,9,15.9285,12148.5
1354,4,0,9,15.9285,12148.3
1355,4,0,9,15.9223,12115.1
2076,4,0,9,15.9205,12105.9
1356,4,0,9,15.9135,12069.1
1357,4,0,9,15.9127,12065.4
1358,4,0,9,15.901,12005.2
1352,4,0,9,15.892,11957.5
1351,4,0,9,15.8782,11889.3
1350,4,0,9,15.871,11851.8
1414,4,0,9,15.8546,11770.6
2120,4,0,9,15.8441,11716
2097,4,0,9,15.835,11668.9
1415,4,0,9,15.8222,11603.3
1416,4,0,9,15.8064,11524.3
1554,4,0,9,15.8049,11516.5
2079,4,0,9,15.7984,11482.7
2080,4,0,9,15.7834,11407.8
2081,4,0,9,15.769,11330.5
1207,4,0,9,15.7536,11243.9
2061,4,0,9,15.7463,11200.6
1206,4,0,9,15.7364,11146.5
999,4,0,10,16.3417,14232.7,0,0,0
1002,4,0,10,16.3363,14202.3
1031,4,0,10,16.3246,14142.1
2031,4,0,10,16.3173,14105.1
2032,4,0,10,16.3169,14103.3
1053,4,0,10,16.309,14064.1
1784,4,0,10,16.3058,14047.6
1066,4,0,10,16.2966,14000.4
2034,4,0,10,16.2796,13910.8
1850,4,0,10,16.2704,13863.8
2035,4,0,10,16.2622,13820.2
1106,4,0,10,16.2503,13755.9
2039,4,0,10,16.2378,13692.1
2106,4,0,10,16.2223,13607.5
2050,4,0,10,16.2131,13563.5
2051,4,0,10,16.2016,13503.3
1333,4,0,10,16.1778,13377.5
1315,4,0,10,16.1647,13310.1
2165,4,0,10,16.1472,13219.5
2071,4,0,10,16.1273,13112.1
1317,4,0,10,16.1138,13038.3
1800,5,0,0,13.8316,951.622,0.0345,150.479,0.15,1
552,5,0,0,13.8225,905.718
603,5,0,0,13.7889,740.761
604,5,0,0,13.7839,714.369
596,5,0,0,13.7837,713.397
580,5,0,0,13.7722,649.074
574,5,0,0,13.7516,541.537
573,5,0,0,13.7425,489.448
564,5,0,0,13.7352,450.205
557,5,0,0,13.7293,417.124
561,5,0,0,13.7226,370.589
628,5,0,0,13.7183,345.216
615,5,0,0,13.7135,317.236
617,5,0,0,13.71,299.689
616,5,0,0,13.7024,261.472
676,5,0,0,13.6962,230.409
674,5,0,0,13.6858,178.918
675,5,0,0,13.6792,145.841
962,5,0,0,13.6688,96.4787
961,5,0,0,13.6633,67.3447
999,5,0,0,13.65,0
449,5,0,1,13.9952,1836.91,0.0431667,188.28,0.11,2
457,5,0,1,13.9837,1774.85
456,5,0,1,13.9788,1745.81
458,5,0,1,13.9696,1684.9
459,5,0,1,13.9629,1639.55
1543,5,0,1,13.9544,1577.74
715,5,0,1,13.9493,1533.9
716,5,0,1,13.9361,1459.54
722,5,0,1,13.9355,1456.73
552,5,0,1,13.8744,1144.84
1800,5,0,1,13.8661,1102.1
362,5,0,2,14.1628,2767.92,0.0438333,191.188,0.02,3
363,5,0,2,14.1465,2679.71
440,5,0,2,14.1187,2538.94
451,5,0,2,14.1021,2452.74
1716,5,0,2,14.0997,2436.32
462,5,0,2,14.0906,2389.24
1990,5,0,2,14.0835,2336.55
452,5,0,2,14.0796,2304.49
453,5,0,2,14.0684,2217.26
455,5,0,2,14.0599,2151.77
454,5,0,2,14.0574,2137.13
448,5,0,2,14.0501,2092.21
449,5,0,2,14.0384,2025.19
104,5,0,3,14.4121,4058.41,0.0708333,308.954,0.11,4
124,5,0,3,14.3977,3983.55
1715,5,0,3,14.3618,3802.24
136,5,0,3,14.3565,3774.56
139,5,0,3,14.3435,3704.94
140,5,0,3,14.3227,3591.29
360,5,0,3,14.284,3381.68
361,5,0,3,14.2715,3312.82
367,5,0,3,14.2377,3125.01
363,5,0,3,14.2224,3044.78
362,5,0,3,14.2066,2959.1
1280,5,0,4,14.84,6328.97,0.0575,250.798,0.05,5
1845,5,0,4,14.825,6253.12
1270,5,0,4,14.8202,6229.6
1271,5,0,4,14.8084,6169.91
868,5,0,4,14.7937,6087.84
869,5,0,4,14.7744,5982.36
1856,5,0,4,14.7546,5886.87
855,5,0,4,14.7544,5886.16
843,5,0,4,14.7408,5807.1
832,5,0,4,14.7296,5743.42
831,5,0,4,14.7231,5708.41
2153,5,0,4,14.723,5708.33
821,5,0,4,14.7092,5639.47
2008,5,0,4,14.7007,5596.68
812,5,0,4,14.6829,5499.67
807,5,0,4,14.6828,5498.88
356,5,0,4,14.6701,5429.11
1981,5,0,4,14.6578,5345.6
345,5,0,4,14.6383,5244.75
341,5,0,4,14.6255,5180.33
2132,5,0,4,14.6253,5178.28
328,5,0,4,14.6085,5082.6
2115,5,0,4,14.5973,5024.18
329,5,0,4,14.5935,5003.88
1979,5,0,4,14.5869,4971.53
1978,5,0,4,14.5458,4742.09
107,5,0,4,14.5377,4688.33
1967,5,0,4,14.5347,4659.63
105,5,0,4,14.509,4509.75
124,5,0,4,14.496,4436.86
104,5,0,4,14.4829,4367.37
815,5,0,5,15.0705,7563.11,0.0461667,201.365,0.21,6
816,5,0,5,15.0625,7523.97
2151,5,0,5,15.0507,7460.3
819,5,0,5,15.0358,7380.2
2009,5,0,5,15.0289,7332.81
2010,5,0,5,15.0128,7231.56
837,5,0,5,15.005,7184.82
1774,5,0,5,14.9935,7115.49
849,5,0,5,14.9899,7095.59
850,5,0,5,14.9839,7046.47
862,5,0,5,14.979,6999.47
1773,5,0,5,14.9683,6940.8
1259,5,0,5,14.9548,6867.44
1269,5,0,5,14.9335,6758.68
1270,5,0,5,14.9164,6675.39
1845,5,0,5,14.9107,6647.8
1280,5,0,5,14.8975,6579.76
1414,5,0,6,15.4507,9714.37,0.0926667,404.184,0.21,7
1350,5,0,6,15.4355,9638.1
1351,5,0,6,15.4278,9598.49
1352,5,0,6,15.4152,9535.25
1358,5,0,6,15.4063,9488.16
1357,5,0,6,15.3957,9432.4
1356,5,0,6,15.3949,9428.68
2076,5,0,6,15.3884,9394.06
1355,5,0,6,15.3872,9387.72
1364,5,0,6,15.3872,9387.51
1361,5,0,6,15.3809,9352.4
1354,5,0,6,15.3809,9352.21
2188,5,0,6,15.3741,9317
2075,5,0,6,15.3521,9204.64
1822,5,0,6,15.3513,9200.64
1353,5,0,6,15.3433,9159
2118,5,0,6,15.3217,9042.34
2117,5,0,6,15.3191,9017.71
2164,5,0,6,15.3008,8903.3
1306,5,0,6,15.2759,8742.62
1599,5,0,6,15.2601,8653.61
1300,5,0,6,15.2555,8626.92
1298,5,0,6,15.2507,8600.17
2176,5,0,6,15.2442,8560.97
2066,5,0,6,15.2339,8493.77
869,5,0,6,15.2244,8418.85
865,5,0,6,15.2094,8328.24
852,5,0,6,15.2029,8286.73
850,5,0,6,15.1969,8243.72
849,5,0,6,15.1889,8193.75
1774,5,0,6,15.1857,8175.01
837,5,0,6,15.175,8106.82
2010,5,0,6,15.1677,8060.72
836,5,0,6,15.1606,8012.9
827,5,0,6,15.1513,7957.18
826,5,0,6,15.1315,7848.28
815,5,0,6,15.1167,7764.48
1206,5,0,7,15.6389,10630.4,0.0928333,404.911,0.1,8
2081,5,0,7,15.6232,10542.9
2080,5,0,7,15.6093,10467.8
2079,5,0,7,15.5946,10393.8
1554,5,0,7,15.5865,10353.6
1416,5,0,7,15.5849,10345.8
1415,5,0,7,15.5706,10272.9
2097,5,0,7,15.5589,10211.6
2120,5,0,7,15.5554,10179.8
1414,5,0,7,15.5434,10118.6
1317,5,0,8,16.0049,12472.7,0.104167,454.344,0.13,9
2071,5,0,8,15.9949,12409.6
1359,5,0,8,15.9726,12292
1370,5,0,8,15.9716,12287.6
1360,5,0,8,15.9385,12118.2
1361,5,0,8,15.9238,12037.3
1354,5,0,8,15.9238,12037.1
1355,5,0,8,15.9176,12003.8
2076,5,0,8,15.9158,11994.7
1356,5,0,8,15.9088,11957.8
1357,5,0,8,15.908,11954.1
1358,5,0,8,15.8963,11894
1352,5,0,8,15.8873,11846.2
1351,5,0,8,15.8735,11778.1
1350,5,0,8,15.8663,11740.5
1414,5,0,8,15.8499,11659.4
2120,5,0,8,15.8394,11604.7
2097,5,0,8,15.8303,11557.7
1415,5,0,8,15.8175,11492.1
1416,5,0,8,15.8018,11413
1554,5,0,8,15.8002,11405.2
2079,5,0,8,15.7937,11371.4
2080,5,0,8,15.7787,11296.5
2081,5,0,8,15.7643,11219.2
1207,5,0,8,15.7489,11132.7
2061,5,0,8,15.7416,11089.4
1206,5,0,8,15.7317,11035.3
2021,5,0,9,16.2331,13576.8,0.07,305.319,0.28,10
1303,5,0,9,16.2057,13433.2
1307,5,0,9,16.1972,13386.3
1308,5,0,9,16.183,13313.9
1309,5,0,9,16.166,13226
1314,5,0,9,16.1654,13223.1
2165,5,0,9,16.1425,13108.2
2071,5,0,9,16.1226,13000.8
1317,5,0,9,16.1091,12927
999,5,0,10,16.4995,14892.7,0,0,0
1002,5,0,10,16.494,14862.2
1024,5,0,10,16.4736,14758.1
1029,5,0,10,16.468,14730.8
1027,5,0,10,16.456,14670.6
1051,5,0,10,16.4428,14604
1052,5,0,10,16.435,14564.6
1804,5,0,10,16.4346,14562.5
2015,5,0,10,16.4234,14506.3
2014,5,0,10,16.4153,14465.7
2017,5,0,10,16.4141,14460.1
2170,5,0,10,16.4114,14445.9
1738,5,0,10,16.3968,14370.9
1737,5,0,10,16.3913,14342
936,5,0,10,16.3792,14276.3
933,5,0,10,16.3786,14273.4
934,5,0,10,16.3731,14235.7
943,5,0,10,16.3592,14166
942,5,0,10,16.3512,14124.8
941,5,0,10,16.3398,14067
1790,5,0,10,16.3248,13990.9
2022,5,0,10,16.3143,13940
2021,5,0,10,16.3031,13882.1
1800,6,0,0,13.6916,951.622,0.0345,150.479,0.15,1
552,6,0,0,13.6825,905.718
603,6,0,0,13.6489,740.761
604,6,0,0,13.6439,714.369
596,6,0,0,13.6437,713.397
580,6,0,0,13.6322,649.074
574,6,0,0,13.6116,541.537
573,6,0,0,13.6025,489.448
564,6,0,0,13.5952,450.205
557,6,0,0,13.5893,417.124
561,6,0,0,13.5826,370.589
628,6,0,0,13.5783,345.216
615,6,0,0,13.5735,317.236
617,6,0,0,13.57,299.689
616,6,0,0,13.5624,261.472
676,6,0,0,13.5562,230.409
674,6,0,0,13.5458,178.918
675,6,0,0,13.5392,145.841
962,6,0,0,13.5288,96.4787
961,6,0,0,13.5233,67.3447
999,6,0,0,13.51,0
449,6,0,1,13.8552,1836.91,0.0431667,188.28,0.11,2
457,6,0,1,13.8438,1774.85
456,6,0,1,13.8388,1745.81
458,6,0,1,13.8296,1684.9
459,6,0,1,13.8229,1639.55
1543,6,0,1,13.8144,1577.74
715,6,0,1,13.8093,1533.9
716,6,0,1,13.7961,1459.54
722,6,0,1,13.7955,1456.73
552,6,0,1,13.7344,1144.84
1800,6,0,1,13.7261,1102.1
362,6,0,2,14.0228,2765.87,0.0438333,191.188,0.02,3
363,6,0,2,14.0078,2683.42
367,6,0,2,13.9952,2614.55
368,6,0,2,13.9878,2579.99
451,6,0,2,13.9664,2462.69
1716,6,0,2,13.9639,2446.26
462,6,0,2,13.9567,2407.44
1990,6,0,2,13.9489,2354.4
452,6,0,2,13.945,2322.33
453,6,0,2,13.9342,2234.91
455,6,0,2,13.9229,2167.09
454,6,0,2,13.9197,2149.71
448,6,0,2,13.9133,2105.76
449,6,0,2,13.8984,2025.19
104,6,0,3,14.2721,4056.37,0.0708333,308.954,0.11,4
124,6,0,3,14.2577,3981.51
1715,6,0,3,14.2218,3800.2
136,6,0,3,14.2166,3772.52
139,6,0,3,14.2036,3702.9
140,6,0,3,14.1827,3589.25
360,6,0,3,14.144,3379.64
361,6,0,3,14.1315,3310.77
367,6,0,3,14.0977,3122.97
363,6,0,3,14.0824,3042.74
362,6,0,3,14.0667,2957.06
1280,6,0,4,14.7,6326.92,0.0575,250.798,0.05,5
1845,6,0,4,14.685,6251.08
1270,6,0,4,14.6803,6227.55
1271,6,0,4,14.6684,6167.87
868,6,0,4,14.6537,6085.79
869,6,0,4,14.6344,5980.32
1856,6,0,4,14.6146,5884.83
855,6,0,4,14.6145,5884.11
843,6,0,4,14.6009,5805.06
832,6,0,4,14.5896,5741.38
831,6,0,4,14.5831,5706.37
2153,6,0,4,14.5831,5706.29
821,6,0,4,14.5692,5637.42
2008,6,0,4,14.5607,5594.63
812,6,0,4,14.543,5497.62
807,6,0,4,14.5428,5496.83
356,6,0,4,14.5301,5427.07
1981,6,0,4,14.5179,5343.56
345,6,0,4,14.4984,5242.71
341,6,0,4,14.4856,5178.29
2132,6,0,4,14.4853,5176.23
328,6,0,4,14.4686,5080.55
2115,6,0,4,14.4573,5022.14
329,6,0,4,14.4535,5001.84
1979,6,0,4,14.447,4969.49
1978,6,0,4,14.4058,4740.04
107,6,0,4,14.3977,4686.29
1967,6,0,4,14.3947,4657.59
105,6,0,4,14.369,4507.7
124,6,0,4,14.3561,4434.82
104,6,0,4,14.3429,4365.33
2021,6,0,5,14.9366,7533.89,0.0923333,402.73,0.26,6
951,6,0,5,14.9138,7420.43
949,6,0,5,14.9015,7358.18
2025,6,0,5,14.898,7340.73
2024,6,0,5,14.8833,7261.39
1557,6,0,5,14.8687,7185.32
1299,6,0,5,14.8496,7082.45
1300,6,0,5,14.845,7058.91
1298,6,0,5,14.8386,7025.21
2176,6,0,5,14.8321,6985.98
2066,6,0,5,14.8212,6918.17
1262,6,0,5,14.8095,6855.78
1261,6,0,5,14.8001,6805.73
1846,6,0,5,14.7777,6684.3
1845,6,0,5,14.7707,6645.76
1280,6,0,5,14.7575,6577.72
815,6,0,6,15.2849,9357.36,0.0461667,201.365,0.21,7
816,6,0,6,15.2774,9320.25
2151,6,0,6,15.2656,9256.94
819,6,0,6,15.2505,9175.62
2009,6,0,6,15.2434,9128.12
2010,6,0,6,15.227,9026.44
837,6,0,6,15.2196,8980.25
1774,6,0,6,15.2066,8907.35
849,6,0,6,15.2032,8887.92
850,6,0,6,15.1967,8838.97
852,6,0,6,15.1886,8793.17
865,6,0,6,15.1818,8751.21
869,6,0,6,15.1667,8660.47
2066,6,0,6,15.1462,8553.51
1297,6,0,6,15.1224,8424.33
1299,6,0,6,15.116,8389.37
1557,6,0,6,15.0949,8277.86
2024,6,0,6,15.0805,8202.37
2025,6,0,6,15.0633,8112.51
949,6,0,6,15.0601,8095.84
951,6,0,6,15.0502,8044.16
2021,6,0,6,15.0289,7936.62
1206,6,0,7,15.7635,12027.6,0.0928333,404.911,0.1,8
2081,6,0,7,15.749,11944.8
2080,6,0,7,15.7357,11872.1
2079,6,0,7,15.7194,11791.7
1554,6,0,7,15.7094,11743.5
1416,6,0,7,15.7079,11735.7
1415,6,0,7,15.6933,11661.9
2097,6,0,7,15.6801,11594.3
2120,6,0,7,15.6755,11562.9
1414,6,0,7,15.6651,11508.6
1350,6,0,7,15.6499,11432.4
1351,6,0,7,15.6421,11392.7
1352,6,0,7,15.6296,11329.5
1358,6,0,7,15.6207,11282.4
1357,6,0,7,15.61,11226.6
1356,6,0,7,15.6093,11222.9
2076,6,0,7,15.6028,11188.3
1355,6,0,7,15.6016,11182
1364,6,0,7,15.6016,11181.8
1361,6,0,7,15.5953,11146.7
1354,6,0,7,15.5953,11146.5
2188,6,0,7,15.5885,11111.3
2075,6,0,7,15.5665,10998.9
1822,6,0,7,15.5657,10994.9
1353,6,0,7,15.5576,10953.3
2118,6,0,7,15.536,10836.6
2117,6,0,7,15.5335,10812
2164,6,0,7,15.5152,10697.5
1306,6,0,7,15.4903,10536.9
1599,6,0,7,15.4744,10447.9
1300,6,0,7,15.4699,10421.2
1298,6,0,7,15.4651,10394.4
2176,6,0,7,15.4586,10355.2
2066,6,0,7,15.4483,10288
869,6,0,7,15.4388,10213.1
865,6,0,7,15.4237,10122.5
852,6,0,7,15.4173,10081
850,6,0,7,15.4112,10038
849,6,0,7,15.4033,9988
1774,6,0,7,15.4001,9969.26
837,6,0,7,15.3893,9901.07
2010,6,0,7,15.382,9854.97
836,6,0,7,15.375,9807.15
827,6,0,7,15.3657,9751.43
826,6,0,7,15.3459,9642.53
815,6,0,7,15.331,9558.73
1414,6,0,8,15.9745,13056.6,0.0926667,404.184,0.21,9
2120,6,0,8,15.964,13001.9
2097,6,0,8,15.9549,12954.9
1415,6,0,8,15.9422,12889.3
1416,6,0,8,15.9264,12810.2
1554,6,0,8,15.9248,12802.4
2079,6,0,8,15.9183,12768.6
2080,6,0,8,15.9033,12693.7
2081,6,0,8,15.8889,12616.4
1207,6,0,8,15.8735,12529.9
2061,6,0,8,15.8663,12486.6
1206,6,0,8,15.8563,12432.5
1317,6,0,9,16.2077,14208.5,0.104167,454.344,0.13,10
2071,6,0,9,16.1955,14140.4
1359,6,0,9,16.174,14026.2
1370,6,0,9,16.173,14021.7
1360,6,0,9,16.1499,13894.9
1361,6,0,9,16.1352,13813.7
1354,6,0,9,16.1351,13813.5
1355,6,0,9,16.1291,13781
2076,6,0,9,16.1273,13771.8
1356,6,0,9,16.1197,13732.7
1357,6,0,9,16.1189,13728.9
1358,6,0,9,16.1058,13662.5
1352,6,0,9,16.0978,13619.3
1351,6,0,9,16.0875,13565.7
1350,6,0,9,16.08,13527.1
1414,6,0,9,16.0672,13460.8
999,6,0,10,16.5398,15857.2,0,0,0
1002,6,0,10,16.5344,15826.8
1031,6,0,10,16.5227,15766.6
2031,6,0,10,16.5154,15729.6
2032,6,0,10,16.515,15727.8
1053,6,0,10,16.5071,15688.6
1784,6,0,10,16.504,15672.1
1066,6,0,10,16.4948,15624.9
2034,6,0,10,16.4777,15535.3
1850,6,0,10,16.4685,15488.3
2035,6,0,10,16.4603,15444.7
1106,6,0,10,16.4484,15380.5
2039,6,0,10,16.436,15316.6
2106,6,0,10,16.4204,15232
2050,6,0,10,16.4112,15188
2051,6,0,10,16.3998,15127.8
1333,6,0,10,16.3759,15002.1
1315,6,0,10,16.3628,14934.6
2165,6,0,10,16.3453,14844
2071,6,0,10,16.3254,14736.6
1317,6,0,10,16.3119,14662.8
2021,7,0,0,13.4755,954.157,0.0418333,182.464,0.24,1
1791,7,0,0,13.4663,908.831
939,7,0,0,13.453,839.961
940,7,0,0,13.4484,808.109
930,7,0,0,13.4362,746.307
1555,7,0,0,13.4134,630.349
915,7,0,0,13.406,593.22
2016,7,0,0,13.3845,486.314
917,7,0,0,13.3837,482.499
916,7,0,0,13.3835,481.592
919,7,0,0,13.3778,442.508
2017,7,0,0,13.3777,442.335
2014,7,0,0,13.3767,437.314
2015,7,0,0,13.3686,396.599
910,7,0,0,13.3685,396.115
909,7,0,0,13.3602,353.969
1051,7,0,0,13.3503,303.813
1025,7,0,0,13.3381,242.513
1029,7,0,0,13.3242,173.157
1026,7,0,0,13.3137,121.112
998,7,0,0,13.3091,97.9808
999,7,0,0,13.29,0
1800,7,0,1,13.836,2880.35,0.0345,150.479,0.15,2
552,7,0,1,13.823,2818.02
603,7,0,1,13.7925,2666.11
604,7,0,1,13.7888,2645.77
596,7,0,1,13.7887,2644.8
580,7,0,1,13.7784,2584.17
574,7,0,1,13.7578,2476.61
573,7,0,1,13.7486,2424.52
564,7,0,1,13.7414,2385.28
557,7,0,1,13.7355,2352.2
561,7,0,1,13.7288,2305.66
628,7,0,1,13.7245,2280.29
609,7,0,1,13.7123,2204.49
423,7,0,1,13.7064,2148.17
419,7,0,1,13.7011,2113.33
420,7,0,1,13.6959,2078.38
421,7,0,1,13.6919,2051.6
417,7,0,1,13.6875,2027.12
1989,7,0,1,13.6709,1940.71
2011,7,0,1,13.6531,1847.52
2156,7,0,1,13.6479,1820.19
2013,7,0,1,13.6472,1817.04
886,7,0,1,13.6353,1758.86
888,7,0,1,13.6155,1652.75
903,7,0,1,13.6017,1582.87
904,7,0,1,13.5983,1564.49
925,7,0,1,13.5748,1436.59
2019,7,0,1,13.5694,1409.32
929,7,0,1,13.569,1407.34
938,7,0,1,13.557,1341.49
950,7,0,1,13.5435,1270.93
951,7,0,1,13.5365,1235.21
2021,7,0,1,13.5173,1136.62
449,7,0,2,13.9996,3765.64,0.0431667,188.28,0.11,3
457,7,0,2,13.9882,3703.58
456,7,0,2,13.9832,3674.54
458,7,0,2,13.974,3613.63
459,7,0,2,13.9673,3568.28
1543,7,0,2,13.9588,3506.47
715,7,0,2,13.9537,3462.63
716,7,0,2,13.9405,3388.27
722,7,0,2,13.9399,3385.45
552,7,0,2,13.8788,3073.57
1800,7,0,2,13.8705,3030.83
362,7,0,3,14.1672,4696.64,0.0438333,191.188,0.02,4
363,7,0,3,14.1509,4608.44
440,7,0,3,14.1231,4467.66
451,7,0,3,14.1065,4381.47
1716,7,0,3,14.1041,4365.04
462,7,0,3,14.095,4317.97
1990,7,0,3,14.0879,4265.28
452,7,0,3,14.084,4233.21
453,7,0,3,14.0728,4145.99
455,7,0,3,14.0643,4080.5
454,7,0,3,14.0618,4065.85
448,7,0,3,14.0545,4020.93
449,7,0,3,14.0428,3953.92
104,7,0,4,14.4165,5987.14,0.0708333,308.954,0.11,5
124,7,0,4,14.4021,5912.28
1715,7,0,4,14.3662,5730.97
136,7,0,4,14.3609,5703.29
139,7,0,4,14.3479,5633.67
140,7,0,4,14.3271,5520.02
360,7,0,4,14.2884,5310.41
361,7,0,4,14.2759,5241.54
367,7,0,4,14.2421,5053.74
363,7,0,4,14.2268,4973.51
362,7,0,4,14.211,4887.83
1280,7,0,5,14.8444,8257.69,0.0575,250.798,0.05,6
1845,7,0,5,14.8294,8181.85
1270,7,0,5,14.8246,8158.32
1271,7,0,5,14.8128,8098.64
868,7,0,5,14.7981,8016.56
869,7,0,5,14.7788,7911.09
1856,7,0,5,14.759,7815.6
855,7,0,5,14.7588,7814.88
843,7,0,5,14.7452,7735.83
832,7,0,5,14.734,7672.15
831,7,0,5,14.7275,7637.14
2153,7,0,5,14.7274,7637.06
821,7,0,5,14.7136,7568.19
2008,7,0,5,14.7051,7525.4
812,7,0,5,14.6873,7428.39
807,7,0,5,14.6872,7427.6
356,7,0,5,14.6745,7357.84
1981,7,0,5,14.6622,7274.33
345,7,0,5,14.6427,7173.48
341,7,0,5,14.6299,7109.06
2132,7,0,5,14.6297,7107
328,7,0,5,14.6129,7011.32
2115,7,0,5,14.6017,6952.91
329,7,0,5,14.5979,6932.61
1979,7,0,5,14.5913,6900.26
1978,7,0,5,14.5502,6670.81
107,7,0,5,14.5421,6617.06
1967,7,0,5,14.5391,6588.35
105,7,0,5,14.5134,6438.47
124,7,0,5,14.5004,6365.59
104,7,0,5,14.4873,6296.09
815,7,0,6,15.0749,9491.84,0.0461667,201.365,0.21,7
816,7,0,6,15.0669,9452.69
2151,7,0,6,15.0551,9389.03
819,7,0,6,15.0402,9308.93
2009,7,0,6,15.0333,9261.54
2010,7,0,6,15.0172,9160.29
837,7,0,6,15.0094,9113.55
1774,7,0,6,14.9979,9044.22
849,7,0,6,14.9943,9024.31
850,7,0,6,14.9883,8975.2
862,7,0,6,14.9834,8928.2
1773,7,0,6,14.9727,8869.53
1259,7,0,6,14.9592,8796.17
1269,7,0,6,14.9379,8687.4
1270,7,0,6,14.9208,8604.12
1845,7,0,6,14.9151,8576.53
1280,7,0,6,14.9019,8508.49
1414,7,0,7,15.4551,11643.1,0.0926667,404.184,0.21,8
1350,7,0,7,15.4399,11566.8
1351,7,0,7,15.4322,11527.2
1352,7,0,7,15.4196,11464
1358,7,0,7,15.4107,11416.9
1357,7,0,7,15.4001,11361.1
1356,7,0,7,15.3993,11357.4
2076,7,0,7,15.3928,11322.8
1355,7,0,7,15.3916,11316.4
1364,7,0,7,15.3916,11316.2
1361,7,0,7,15.3853,11281.1
1354,7,0,7,15.3853,11280.9
2188,7,0,7,15.3785,11245.7
2075,7,0,7,15.3565,11133.4
1822,7,0,7,15.3557,11129.4
1353,7,0,7,15.3477,11087.7
2118,7,0,7,15.3261,10971.1
2117,7,0,7,15.3235,10946.4
2164,7,0,7,15.3052,10832
1306,7,0,7,15.2803,10671.3
1599,7,0,7,15.2645,10582.3
1300,7,0,7,15.2599,10555.7
1298,7,0,7,15.2551,10528.9
2176,7,0,7,15.2486,10489.7
2066,7,0,7,15.2383,10422.5
869,7,0,7,15.2288,10347.6
865,7,0,7,15.2138,10257
852,7,0,7,15.2073,10215.5
850,7,0,7,15.2013,10172.4
849,7,0,7,15.1933,10122.5
1774,7,0,7,15.1901,10103.7
837,7,0,7,15.1794,10035.5
2010,7,0,7,15.1721,9989.45
836,7,0,7,15.165,9941.62
827,7,0,7,15.1557,9885.91
826,7,0,7,15.1359,9777
815,7,0,7,15.1211,9693.2
1206,7,0,8,15.6433,12559.1,0.0928333,404.911,0.1,9
2081,7,0,8,15.6276,12471.6
2080,7,0,8,15.6137,12396.5
2079,7,0,8,15.599,12322.5
1554,7,0,8,15.5909,12282.3
1416,7,0,8,15.5893,12274.5
1415,7,0,8,15.575,12201.6
2097,7,0,8,15.5633,12140.4
2120,7,0,8,15.5598,12108.5
1414,7,0,8,15.5478,12047.3
1317,7,0,9,16.0093,14401.4,0.104167,454.344,0.13,10
2071,7,0,9,15.9993,14338.3
1359,7,0,9,15.977,14220.8
1370,7,0,9,15.976,14216.3
1360,7,0,9,15.9429,14046.9
1361,7,0,9,15.9282,13966
1354,7,0,9,15.9282,13965.8
1355,7,0,9,15.922,13932.5
2076,7,0,9,15.9202,13923.4
1356,7,0,9,15.9132,13886.6
1357,7,0,9,15.9124,13882.9
1358,7,0,9,15.9007,13822.7
1352,7,0,9,15.8917,13775
1351,7,0,9,15.8779,13706.8
1350,7,0,9,15.8707,13669.3
1414,7,0,9,15.8543,13588.1
2120,7,0,9,15.8438,13533.4
2097,7,0,9,15.8347,13486.4
1415,7,0,9,15.8219,13420.8
1416,7,0,9,15.8062,13341.8
1554,7,0,9,15.8046,13333.9
2079,7,0,9,15.7981,13300.2
2080,7,0,9,15.7831,13225.2
2081,7,0,9,15.7687,13148
1207,7,0,9,15.7533,13061.4
2061,7,0,9,15.746,13018.1
1206,7,0,9,15.7361,12964
999,7,0,10,16.3414,16050.2,0,0,0
1002,7,0,10,16.336,16019.7
1031,7,0,10,16.3243,15959.6
2031,7,0,10,16.317,15922.6
2032,7,0,10,16.3166,15920.7
1053,7,0,10,16.3087,15881.6
1784,7,0,10,16.3056,15865
1066,7,0,10,16.2963,15817.9
2034,7,0,10,16.2793,15728.3
1850,7,0,10,16.2701,15681.3
2035,7,0,10,16.2619,15637.7
1106,7,0,10,16.25,15573.4
2039,7,0,10,16.2376,15509.6
2106,7,0,10,16.222,15425
2050,7,0,10,16.2128,15381
2051,7,0,10,16.2014,15320.7
1333,7,0,10,16.1775,15195
1315,7,0,10,16.1644,15127.6
2165,7,0,10,16.1469,15037
2071,7,0,10,16.127,14929.6
1317,7,0,10,16.1135,14855.8
2021,8,0,0,13.4755,954.157,0.0418333,182.464,0.24,1
1791,8,0,0,13.4663,908.831
939,8,0,0,13.453,839.961
940,8,0,0,13.4484,808.109
930,8,0,0,13.4362,746.307
1555,8,0,0,13.4134,630.349
915,8,0,0,13.406,593.22
2016,8,0,0,13.3845,486.314
917,8,0,0,13.3837,482.499
916,8,0,0,13.3835,481.592
919,8,0,0,13.3778,442.508
2017,8,0,0,13.3777,442.335
2014,8,0,0,13.3767,437.314
2015,8,0,0,13.3686,396.599
910,8,0,0,13.3685,396.115
909,8,0,0,13.3602,353.969
1051,8,0,0,13.3503,303.813
1025,8,0,0,13.3381,242.513
1029,8,0,0,13.3242,173.157
1026,8,0,0,13.3137,121.112
998,8,0,0,13.3091,97.9808
999,8,0,0,13.29,0
1800,8,0,1,13.836,2880.35,0.0345,150.479,0.15,2
552,8,0,1,13.823,2818.02
603,8,0,1,13.7925,2666.11
604,8,0,1,13.7888,2645.77
596,8,0,1,13.7887,2644.8
580,8,0,1,13.7784,2584.17
574,8,0,1,13.7578,2476.61
573,8,0,1,13.7486,2424.52
564,8,0,1,13.7414,2385.28
557,8,0,1,13.7355,2352.2
561,8,0,1,13.7288,2305.66
628,8,0,1,13.7245,2280.29
609,8,0,1,13.7123,2204.49
423,8,0,1,13.7064,2148.17
419,8,0,1,13.7011,2113.33
420,8,0,1,13.6959,2078.38
421,8,0,1,13.6919,2051.6
417,8,0,1,13.6875,2027.12
1989,8,0,1,13.6709,1940.71
2011,8,0,1,13.6531,1847.52
2156,8,0,1,13.6479,1820.19
2013,8,0,1,13.6472,1817.04
886,8,0,1,13.6353,1758.86
888,8,0,1,13.6155,1652.75
903,8,0,1,13.6017,1582.87
904,8,0,1,13.5983,1564.49
925,8,0,1,13.5748,1436.59
2019,8,0,1,13.5694,1409.32
929,8,0,1,13.569,1407.34
938,8,0,1,13.557,1341.49
950,8,0,1,13.5435,1270.93
951,8,0,1,13.5365,1235.21
2021,8,0,1,13.5173,1136.62
449,8,0,2,13.9996,3765.64,0.0431667,188.28,0.11,3
457,8,0,2,13.9882,3703.58
456,8,0,2,13.9832,3674.54
458,8,0,2,13.974,3613.63
459,8,0,2,13.9673,3568.28
1543,8,0,2,13.9588,3506.47
715,8,0,2,13.9537,3462.63
716,8,0,2,13.9405,3388.27
722,8,0,2,13.9399,3385.45
552,8,0,2,13.8788,3073.57
1800,8,0,2,13.8705,3030.83
362,8,0,3,14.1672,4696.64,0.0438333,191.188,0.02,4
363,8,0,3,14.1509,4608.44
440,8,0,3,14.1231,4467.66
451,8,0,3,14.1065,4381.47
1716,8,0,3,14.1041,4365.04
462,8,0,3,14.095,4317.97
1990,8,0,3,14.0879,4265.28
452,8,0,3,14.084,4233.21
453,8,0,3,14.0728,4145.99
455,8,0,3,14.0643,4080.5
454,8,0,3,14.0618,4065.85
448,8,0,3,14.0545,4020.93
449,8,0,3,14.0428,3953.92
104,8,0,4,14.4165,5987.14,0.0708333,308.954,0.11,5
124,8,0,4,14.4021,5912.28
1715,8,0,4,14.3662,5730.97
136,8,0,4,14.3609,5703.29
139,8,0,4,14.3479,5633.67
140,8,0,4,14.3271,5520.02
360,8,0,4,14.2884,5310.41
361,8,0,4,14.2759,5241.54
367,8,0,4,14.2421,5053.74
363,8,0,4,14.2268,4973.51
362,8,0,4,14.211,4887.83
1280,8,0,5,14.8444,8257.69,0.0575,250.798,0.05,6
1845,8,0,5,14.8294,8181.85
1270,8,0,5,14.8246,8158.32
1271,8,0,5,14.8128,8098.64
868,8,0,5,14.7981,8016.56
869,8,0,5,14.7788,7911.09
1856,8,0,5,14.759,7815.6
855,8,0,5,14.7588,7814.88
843,8,0,5,14.7452,7735.83
832,8,0,5,14.734,7672.15
831,8,0,5,14.7275,7637.14
2153,8,0,5,14.7274,7637.06
821,8,0,5,14.7136,7568.19
2008,8,0,5,14.7051,7525.4
812,8,0,5,14.6873,7428.39
807,8,0,5,14.6872,7427.6
356,8,0,5,14.6745,7357.84
1981,8,0,5,14.6622,7274.33
345,8,0,5,14.6427,7173.48
341,8,0,5,14.6299,7109.06
2132,8,0,5,14.6297,7107
328,8,0,5,14.6129,7011.32
2115,8,0,5,14.6017,6952.91
329,8,0,5,14.5979,6932.61
1979,8,0,5,14.5913,6900.26
1978,8,0,5,14.5502,6670.81
107,8,0,5,14.5421,6617.06
1967,8,0,5,14.5391,6588.35
105,8,0,5,14.5134,6438.47
124,8,0,5,14.5004,6365.59
104,8,0,5,14.4873,6296.09
1414,8,0,6,15.1894,10106.1,0.0926667,404.184,0.21,7
1350,8,0,6,15.1779,10044.9
1351,8,0,6,15.1678,9995.84
1352,8,0,6,15.1546,9930.08
1358,8,0,6,15.1439,9875.1
1357,8,0,6,15.1317,9812.76
1356,8,0,6,15.1309,9809.04
2076,8,0,6,15.1213,9761.37
1355,8,0,6,15.1201,9754.71
1364,8,0,6,15.12,9754.51
1361,8,0,6,15.1137,9719.31
1354,8,0,6,15.1137,9719.11
2188,8,0,6,15.1058,9679.03
2075,8,0,6,15.0825,9561.29
1822,8,0,6,15.0817,9557.29
1353,8,0,6,15.0733,9514.25
2118,8,0,6,15.0524,9400.69
2117,8,0,6,15.0499,9376.06
2164,8,0,6,15.0315,9261.62
1306,8,0,6,15.0087,9102.79
1599,8,0,6,14.9939,9016.31
1300,8,0,6,14.9893,8989.68
1298,8,0,6,14.983,8955.98
2176,8,0,6,14.9764,8916.75
2066,8,0,6,14.9656,8848.93
1262,8,0,6,14.9539,8786.55
1261,8,0,6,14.9445,8736.5
1846,8,0,6,14.922,8615.07
1845,8,0,6,14.9151,8576.53
1280,8,0,6,14.9019,8508.49
1206,8,0,7,15.3776,11022.1,0.0928333,404.911,0.1,8
2081,8,0,7,15.3619,10934.6
2080,8,0,7,15.3481,10859.5
2079,8,0,7,15.3333,10785.5
1554,8,0,7,15.3252,10745.3
1416,8,0,7,15.3237,10737.5
1415,8,0,7,15.3094,10664.6
2097,8,0,7,15.2976,10603.4
2120,8,0,7,15.2942,10571.5
1414,8,0,7,15.2821,10510.3
815,8,0,8,16.0336,14456.1,0.0345,150.479,0.2,9
816,8,0,8,16.0251,14414.4
2151,8,0,8,16.012,14345.5
819,8,0,8,15.9984,14270.9
2009,8,0,8,15.9907,14222.8
2010,8,0,8,15.9742,14120.9
837,8,0,8,15.9669,14074.8
1774,8,0,8,15.9541,14002.6
849,8,0,8,15.9503,13982.1
850,8,0,8,15.9439,13933.1
852,8,0,8,15.9356,13886.5
865,8,0,8,15.9271,13839.3
869,8,0,8,15.9122,13749
2066,8,0,8,15.887,13622.2
1297,8,0,8,15.8583,13471.7
1299,8,0,8,15.8525,13439.5
1600,8,0,8,15.8511,13426
1306,8,0,8,15.8383,13341.2
1301,8,0,8,15.825,13269.4
1302,8,0,8,15.7987,13131.1
1307,8,0,8,15.7844,13051.1
1308,8,0,8,15.7736,12993.5
1309,8,0,8,15.7541,12894.7
1314,8,0,8,15.7535,12891.8
2165,8,0,8,15.7309,12778.6
2118,8,0,8,15.7293,12770.4
1353,8,0,8,15.7059,12646.2
1822,8,0,8,15.6951,12592.9
2075,8,0,8,15.6943,12588.9
2188,8,0,8,15.6717,12474.1
1354,8,0,8,15.6625,12428.8
1355,8,0,8,15.6563,12395.5
2076,8,0,8,15.6545,12386.4
1356,8,0,8,15.6475,12349.6
1357,8,0,8,15.6467,12345.9
1358,8,0,8,15.6351,12285.7
1352,8,0,8,15.626,12238
1351,8,0,8,15.6123,12169.8
1350,8,0,8,15.605,12132.3
1414,8,0,8,15.5886,12051.1
2120,8,0,8,15.5781,11996.4
2097,8,0,8,15.569,11949.4
1415,8,0,8,15.5563,11883.8
1416,8,0,8,15.5405,11804.8
1554,8,0,8,15.5389,11796.9
2079,8,0,8,15.5324,11763.2
2080,8,0,8,15.5174,11688.2
2081,8,0,8,15.5031,11611
1207,8,0,8,15.4876,11524.4
2061,8,0,8,15.4804,11481.1
1206,8,0,8,15.4705,11427
1317,8,0,9,16.3162,16084.4,0.104167,454.344,0.13,10
2071,8,0,9,16.3041,16016.3
2165,8,0,9,16.282,15900
2117,8,0,9,16.2767,15871
2164,8,0,9,16.2571,15754.7
1306,8,0,9,16.2317,15593.4
1599,8,0,9,16.2156,15503.2
1300,8,0,9,16.2109,15476.4
1298,8,0,9,16.2055,15446.6
2176,8,0,9,16.1992,15407.8
2066,8,0,9,16.1879,15339.2
869,8,0,9,16.1786,15264.2
865,8,0,9,16.1624,15171.8
852,8,0,9,16.1561,15130.4
850,8,0,9,16.1497,15087.1
849,8,0,9,16.1416,15037
1774,8,0,9,16.138,15016.6
837,8,0,9,16.1266,14947.5
2010,8,0,9,16.1188,14900.9
836,8,0,9,16.1118,14853.1
827,8,0,9,16.1019,14796.3
826,8,0,9,16.0825,14689.3
815,8,0,9,16.0681,14606.6
999,8,0,10,16.6484,17733.2,0,0,0
1002,8,0,10,16.6429,17702.7
1031,8,0,10,16.6312,17642.5
2031,8,0,10,16.6239,17605.5
2032,8,0,10,16.6235,17603.7
1053,8,0,10,16.6156,17564.5
1784,8,0,10,16.6125,17548
1066,8,0,10,16.6033,17500.8
2034,8,0,10,16.5862,17411.2
1850,8,0,10,16.577,17364.2
2035,8,0,10,16.5689,17320.6
1106,8,0,10,16.5569,17256.4
2039,8,0,10,16.5445,17192.5
2106,8,0,10,16.529,17107.9
2050,8,0,10,16.5198,17063.9
2051,8,0,10,16.5083,17003.7
1333,8,0,10,16.4844,16878
1315,8,0,10,16.4714,16810.5
2165,8,0,10,16.4538,16719.9
2071,8,0,10,16.4339,16612.5
1317,8,0,10,16.4204,16538.7
1800,9,0,0,13.5816,951.622,0.0345,150.479,0.15,1
552,9,0,0,13.5725,905.718
603,9,0,0,13.5389,740.761
604,9,0,0,13.5339,714.369
596,9,0,0,13.5337,713.397
580,9,0,0,13.5222,649.074
574,9,0,0,13.5016,541.537
573,9,0,0,13.4925,489.448
564,9,0,0,13.4852,450.205
557,9,0,0,13.4793,417.124
561,9,0,0,13.4726,370.589
628,9,0,0,13.4683,345.216
615,9,0,0,13.4635,317.236
617,9,0,0,13.46,299.689
616,9,0,0,13.4524,261.472
676,9,0,0,13.4462,230.409
674,9,0,0,13.4358,178.918
675,9,0,0,13.4292,145.841
962,9,0,0,13.4188,96.4787
961,9,0,0,13.4133,67.3447
999,9,0,0,13.4,0
449,9,0,1,13.7452,1836.91,0.0431667,188.28,0.11,2
457,9,0,1,13.7337,1774.85
456,9,0,1,13.7288,1745.81
458,9,0,1,13.7196,1684.9
459,9,0,1,13.7129,1639.55
1543,9,0,1,13.7044,1577.74
715,9,0,1,13.6993,1533.9
716,9,0,1,13.6861,1459.54
722,9,0,1,13.6855,1456.73
552,9,0,1,13.6244,1144.84
1800,9,0,1,13.6161,1102.1
362,9,0,2,13.9128,2765.87,0.0871667,380.195,0.02,3
363,9,0,2,13.8978,2683.42
367,9,0,2,13.8852,2614.55
368,9,0,2,13.8778,2579.99
451,9,0,2,13.8564,2462.69
1716,9,0,2,13.8539,2446.26
462,9,0,2,13.8467,2407.44
1990,9,0,2,13.8389,2354.4
452,9,0,2,13.835,2322.33
453,9,0,2,13.8242,2234.91
455,9,0,2,13.8129,2167.09
454,9,0,2,13.8097,2149.71
448,9,0,2,13.8033,2105.76
449,9,0,2,13.7884,2025.19
104,9,0,3,14.2054,4245.38,0.0708333,308.954,0.11,4
124,9,0,3,14.191,4170.51
1715,9,0,3,14.1552,3989.21
136,9,0,3,14.1499,3961.52
139,9,0,3,14.1369,3891.9
140,9,0,3,14.1161,3778.25
360,9,0,3,14.0773,3568.65
361,9,0,3,14.0649,3499.78
367,9,0,3,14.031,3311.98
363,9,0,3,14.0157,3231.75
362,9,0,3,14,3146.07
1280,9,0,4,14.6334,6515.93,0.0575,250.798,0.05,5
1845,9,0,4,14.6183,6440.09
1270,9,0,4,14.6136,6416.56
1271,9,0,4,14.6018,6356.88
868,9,0,4,14.587,6274.8
869,9,0,4,14.5678,6169.33
1856,9,0,4,14.5479,6073.83
855,9,0,4,14.5478,6073.12
843,9,0,4,14.5342,5994.06
832,9,0,4,14.523,5930.39
831,9,0,4,14.5164,5895.38
2153,9,0,4,14.5164,5895.3
821,9,0,4,14.5026,5826.43
2008,9,0,4,14.4941,5783.64
812,9,0,4,14.4763,5686.63
807,9,0,4,14.4761,5685.84
356,9,0,4,14.4635,5616.08
1981,9,0,4,14.4512,5532.57
345,9,0,4,14.4317,5431.71
341,9,0,4,14.4189,5367.3
2132,9,0,4,14.4187,5365.24
328,9,0,4,14.4019,5269.56
2115,9,0,4,14.3906,5211.15
329,9,0,4,14.3869,5190.85
1979,9,0,4,14.3803,5158.5
1978,9,0,4,14.3392,4929.05
107,9,0,4,14.3311,4875.3
1967,9,0,4,14.328,4846.59
105,9,0,4,14.3023,4696.71
124,9,0,4,14.2894,4623.82
104,9,0,4,14.2763,4554.33
1414,9,0,5,14.9784,8364.34,0.116333,507.411,0.2,6
1350,9,0,5,14.9668,8303.17
1351,9,0,5,14.9568,8254.08
1352,9,0,5,14.9436,8188.32
1358,9,0,5,14.9328,8133.33
1357,9,0,5,14.9207,8071
1356,9,0,5,14.9199,8067.28
2076,9,0,5,14.9103,8019.61
1355,9,0,5,14.909,8012.95
1364,9,0,5,14.909,8012.74
1361,9,0,5,14.9027,7977.54
1354,9,0,5,14.9027,7977.35
2188,9,0,5,14.8947,7937.27
2075,9,0,5,14.8715,7819.52
1822,9,0,5,14.8706,7815.53
1353,9,0,5,14.8623,7772.49
2118,9,0,5,14.8414,7658.93
2117,9,0,5,14.8389,7634.3
2164,9,0,5,14.8205,7519.86
1306,9,0,5,14.7977,7361.03
1599,9,0,5,14.7828,7274.54
1300,9,0,5,14.7783,7247.92
1298,9,0,5,14.7719,7214.22
2176,9,0,5,14.7654,7174.98
2066,9,0,5,14.7546,7107.17
1262,9,0,5,14.7429,7044.79
1261,9,0,5,14.7334,6994.74
1846,9,0,5,14.711,6873.31
1845,9,0,5,14.704,6834.77
1280,9,0,5,14.6909,6766.73
1206,9,0,6,15.1903,9383.55,0.0928333,404.911,0.1,7
2081,9,0,6,15.1745,9296.07
2080,9,0,6,15.1607,9221
2079,9,0,6,15.1459,9146.99
1554,9,0,6,15.1379,9106.81
1416,9,0,6,15.1363,9098.98
1415,9,0,6,15.122,9026.05
2097,9,0,6,15.1103,8964.84
2120,9,0,6,15.1068,8932.96
1414,9,0,6,15.0947,8871.75
999,9,0,7,15.5753,11329.3,0,0,0
1002,9,0,7,15.5712,11301.2
1031,9,0,7,15.5566,11229
2031,9,0,7,15.5493,11192
2032,9,0,7,15.5489,11190.2
1034,9,0,7,15.5343,11115.9
1037,9,0,7,15.5262,11072.7
1039,9,0,7,15.518,11031.2
1041,9,0,7,15.5089,10985.3
2030,9,0,7,15.5027,10954.4
2158,9,0,7,15.4999,10939.3
2029,9,0,7,15.4887,10881.4
1043,9,0,7,15.4886,10881
1044,9,0,7,15.4835,10854.7
1046,9,0,7,15.4772,10820.2
1060,9,0,7,15.4603,10733.1
1061,9,0,7,15.4532,10697.6
1063,9,0,7,15.4502,10681.4
1083,9,0,7,15.4375,10610.3
1105,9,0,7,15.4247,10542.2
1104,9,0,7,15.407,10448.8
1183,9,0,7,15.4044,10432.4
1184,9,0,7,15.399,10403.6
1663,9,0,7,15.3889,10352.3
1189,9,0,7,15.3825,10317.6
1194,9,0,7,15.3687,10240.2
1196,9,0,7,15.3684,10238.6
1550,9,0,7,15.3617,10200.1
1552,9,0,7,15.3575,10178.5
2059,9,0,7,15.3496,10138.8
1202,9,0,7,15.3323,10047.5
2096,9,0,7,15.3001,9882.2
1654,9,0,7,15.2884,9818.34
1653,9,0,7,15.2863,9806.08
1206,9,0,7,15.2831,9788.46
815,9,1,0,16.3155,1689.49,0.0345,150.479,0.2,1
816,9,1,0,16.3087,1655.02
2151,9,1,0,16.2958,1586.88
819,9,1,0,16.2817,1509.82
820,9,1,0,16.2613,1406.83
2152,9,1,0,16.2477,1333.75
2008,9,1,0,16.238,1284.55
821,9,1,0,16.2325,1254.45
2153,9,1,0,16.2231,1204.06
831,9,1,0,16.223,1203.98
825,9,1,0,16.2226,1201.95
834,9,1,0,16.1996,1093.82
833,9,1,0,16.1972,1080.64
899,9,1,0,16.1731,950.922
900,9,1,0,16.1569,862.983
901,9,1,0,16.1514,834.241
902,9,1,0,16.136,754.416
904,9,1,0,16.124,688.787
903,9,1,0,16.1207,670.844
905,9,1,0,16.1006,565.312
889,9,1,0,16.0926,522.477
890,9,1,0,16.0862,487.487
1556,9,1,0,16.0773,438.546
891,9,1,0,16.0655,379.078
893,9,1,0,16.059,346.181
894,9,1,0,16.0554,328.364
897,9,1,0,16.0393,246.249
1028,9,1,0,16.0276,188.7
1026,9,1,0,16.0146,124.916
998,9,1,0,16.0098,101.065
999,9,1,0,15.99,0
1317,9,1,1,16.5981,3317.74,0.104167,454.344,0.13,2
2071,9,1,1,16.5859,3249.65
2165,9,1,1,16.5639,3133.33
2117,9,1,1,16.5586,3104.34
2164,9,1,1,16.539,2988.06
1306,9,1,1,16.5136,2826.8
1599,9,1,1,16.4975,2736.57
1300,9,1,1,16.4928,2709.76
1298,9,1,1,16.4874,2679.97
2176,9,1,1,16.4811,2641.14
2066,9,1,1,16.4698,2572.61
869,9,1,1,16.4605,2497.58
865,9,1,1,16.4443,2405.12
852,9,1,1,16.438,2363.73
850,9,1,1,16.4316,2320.5
849,9,1,1,16.4235,2270.33
1774,9,1,1,16.4198,2249.96
837,9,1,1,16.4084,2180.92
2010,9,1,1,16.4007,2134.26
836,9,1,1,16.3937,2086.47
827,9,1,1,16.3838,2029.69
826,9,1,1,16.3644,1922.7
815,9,1,1,16.35,1839.97
999,9,1,2,16.9302,4966.53,0,0,0
1002,9,1,2,16.9248,4936.06
1031,9,1,2,16.9131,4875.87
2031,9,1,2,16.9058,4838.88
2032,9,1,2,16.9054,4837.05
1053,9,1,2,16.8975,4797.92
1784,9,1,2,16.8944,4781.36
1066,9,1,2,16.8851,4734.2
2034,9,1,2,16.8681,4644.58
1850,9,1,2,16.8589,4597.59
2035,9,1,2,16.8507,4553.97
1106,9,1,2,16.8388,4489.73
2039,9,1,2,16.8264,4425.92
2106,9,1,2,16.8108,4341.28
2050,9,1,2,16.8016,4297.3
2051,9,1,2,16.7902,4237.05
1333,9,1,2,16.7663,4111.33
1315,9,1,2,16.7532,4043.88
2165,9,1,2,16.7357,3953.29
2071,9,1,2,16.7158,3845.87
1317,9,1,2,16.7023,3772.09
2021,9,2,0,13.9755,954.157,0.0418333,182.464,0.24,1
1791,9,2,0,13.9663,908.831
939,9,2,0,13.953,839.961
940,9,2,0,13.9484,808.109
930,9,2,0,13.9362,746.307
1555,9,2,0,13.9134,630.349
915,9,2,0,13.906,593.22
2016,9,2,0,13.8845,486.314
917,9,2,0,13.8837,482.499
916,9,2,0,13.8835,481.592
919,9,2,0,13.8778,442.508
2017,9,2,0,13.8777,442.335
2014,9,2,0,13.8767,437.314
2015,9,2,0,13.8686,396.599
910,9,2,0,13.8685,396.115
909,9,2,0,13.8602,353.969
1051,9,2,0,13.8503,303.813
1025,9,2,0,13.8381,242.513
1029,9,2,0,13.8242,173.157
1026,9,2,0,13.8137,121.112
998,9,2,0,13.8091,97.9808
999,9,2,0,13.79,0
999,9,2,1,14.2201,2176.93,0,0,0
1002,9,2,1,14.2159,2148.86
1024,9,2,1,14.1949,2042.32
1029,9,2,1,14.1889,2012.93
1027,9,2,1,14.176,1949.55
1051,9,2,1,14.1636,1886.21
1052,9,2,1,14.156,1847.38
1804,9,2,1,14.1555,1845.27
2015,9,2,1,14.1443,1789.05
2014,9,2,1,14.1365,1749.41
2017,9,2,1,14.1353,1743.72
2170,9,2,1,14.1325,1729.53
1738,9,2,1,14.1159,1645.54
1737,9,2,1,14.1099,1615.01
936,9,2,1,14.0966,1543.88
933,9,2,1,14.096,1540.94
934,9,2,1,14.0905,1503.29
935,9,2,1,14.0899,1500.68
2020,9,2,1,14.0789,1443.71
943,9,2,1,14.0781,1439.77
942,9,2,1,14.0706,1400.65
941,9,2,1,14.0588,1341.08
1790,9,2,1,14.0423,1258.95
2022,9,2,1,14.0319,1208.05
2021,9,2,1,14.0173,1136.62
