Node, Individual, Route,Segment, Travel time, Travel cost, Attention time, Attention cost, Failure rate, Demand
1800,0,0,0,13.7616,951.622,0.0345,150.479,0.15,1
552,0,0,0,13.7525,905.718
603,0,0,0,13.7189,740.761
604,0,0,0,13.7139,714.369
596,0,0,0,13.7137,713.397
580,0,0,0,13.7022,649.074
574,0,0,0,13.6816,541.537
573,0,0,0,13.6725,489.448
564,0,0,0,13.6652,450.205
557,0,0,0,13.6593,417.124
561,0,0,0,13.6526,370.589
628,0,0,0,13.6483,345.216
615,0,0,0,13.6435,317.236
617,0,0,0,13.64,299.689
616,0,0,0,13.6324,261.472
676,0,0,0,13.6262,230.409
674,0,0,0,13.6158,178.918
675,0,0,0,13.6092,145.841
962,0,0,0,13.5988,96.4787
961,0,0,0,13.5933,67.3447
999,0,0,0,13.58,0
449,0,0,1,13.9252,1836.91,0.0431667,188.28,0.11,2
457,0,0,1,13.9137,1774.85
456,0,0,1,13.9088,1745.81
458,0,0,1,13.8996,1684.9
459,0,0,1,13.8929,1639.55
1543,0,0,1,13.8844,1577.74
715,0,0,1,13.8793,1533.9
716,0,0,1,13.8661,1459.54
722,0,0,1,13.8655,1456.73
552,0,0,1,13.8044,1144.84
1800,0,0,1,13.7961,1102.1
362,0,0,2,14.0928,2765.87,0.0438333,191.188,0.02,3
363,0,0,2,14.0778,2683.42
367,0,0,2,14.0652,2614.55
368,0,0,2,14.0578,2579.99
451,0,0,2,14.0364,2462.69
1716,0,0,2,14.0339,2446.26
462,0,0,2,14.0267,2407.44
1990,0,0,2,14.0189,2354.4
452,0,0,2,14.015,2322.33
453,0,0,2,14.0042,2234.91
455,0,0,2,13.9929,2167.09
454,0,0,2,13.9897,2149.71
448,0,0,2,13.9833,2105.76
449,0,0,2,13.9684,2025.19
104,0,0,3,14.3421,4056.37,0.0708333,308.954,0.11,4
124,0,0,3,14.3277,3981.51
1715,0,0,3,14.2918,3800.2
136,0,0,3,14.2866,3772.52
139,0,0,3,14.2736,3702.9
140,0,0,3,14.2527,3589.25
360,0,0,3,14.214,3379.64
361,0,0,3,14.2015,3310.77
367,0,0,3,14.1677,3122.97
363,0,0,3,14.1524,3042.74
362,0,0,3,14.1367,2957.06
815,0,0,4,14.659,5768.53,0.0983333,428.9,0.22,5
816,0,0,4,14.6511,5729.39
2151,0,0,4,14.6392,5665.72
819,0,0,4,14.6244,5585.62
811,0,0,4,14.6038,5469.88
805,0,0,4,14.6,5449.05
358,0,0,4,14.5869,5378.85
349,0,0,4,14.5707,5293.25
344,0,0,4,14.5573,5211.22
1819,0,0,4,14.544,5117.76
335,0,0,4,14.5395,5089.47
2114,0,0,4,14.526,5016.87
329,0,0,4,14.5235,5001.84
1979,0,0,4,14.517,4969.49
1978,0,0,4,14.4758,4740.04
107,0,0,4,14.4677,4686.29
1967,0,0,4,14.4647,4657.59
105,0,0,4,14.439,4507.7
124,0,0,4,14.4261,4434.82
104,0,0,4,14.4129,4365.33
1280,0,0,5,14.9265,7139.59,0.0575,250.798,0.05,6
1845,0,0,5,14.9113,7063.03
1270,0,0,5,14.9077,7044.48
1269,0,0,5,14.8939,6975.04
1259,0,0,5,14.8755,6878.54
1773,0,0,5,14.8606,6798.81
862,0,0,5,14.8487,6734.85
850,0,0,5,14.8414,6688.34
849,0,0,5,14.8333,6638.15
1774,0,0,5,14.8301,6619.33
837,0,0,5,14.8194,6551.24
2010,0,0,5,14.8105,6501.79
836,0,0,5,14.8036,6454.03
827,0,0,5,14.7937,6397.3
826,0,0,5,14.7731,6284.92
815,0,0,5,14.7574,6197.43
2021,0,0,6,15.163,8346.56,0.076,331.489,0.27,7
951,0,0,6,15.1402,8233.1
949,0,0,6,15.1279,8170.85
2025,0,0,6,15.1244,8153.4
2024,0,0,6,15.1097,8074.06
1557,0,0,6,15.0951,7997.99
1299,0,0,6,15.076,7895.12
1300,0,0,6,15.0714,7871.58
1298,0,0,6,15.065,7837.88
2176,0,0,6,15.0585,7798.65
2066,0,0,6,15.0477,7730.83
1262,0,0,6,15.036,7668.45
1261,0,0,6,15.0265,7618.4
1846,0,0,6,15.0041,7496.97
1845,0,0,6,14.9971,7458.43
1280,0,0,6,14.984,7390.39
1317,0,0,7,15.3512,9275.63,0.0693333,302.411,0.21,8
2071,0,0,7,15.3385,9205.43
2165,0,0,7,15.3173,9092.61
1314,0,0,7,15.2992,8998.05
1309,0,0,7,15.2986,8995.18
1304,0,0,7,15.287,8930.54
952,0,0,7,15.2608,8789.96
2022,0,0,7,15.2492,8731.74
2021,0,0,7,15.239,8678.05
1414,0,0,8,15.5724,10375,0.0926667,404.184,0.21,9
1350,0,0,8,15.5579,10301.9
1351,0,0,8,15.5501,10261.8
1352,0,0,8,15.5339,10183.9
1358,0,0,8,15.5238,10131.7
1357,0,0,8,15.5127,10073.5
1356,0,0,8,15.5119,10069.8
2076,0,0,8,15.5059,10037.5
1355,0,0,8,15.5047,10030.8
1364,0,0,8,15.5046,10030.6
1361,0,0,8,15.4985,9996.18
1360,0,0,8,15.4799,9898.13
1370,0,0,8,15.4507,9745.5
1359,0,0,8,15.4498,9741.04
2071,0,0,8,15.4326,9645.64
1317,0,0,8,15.4205,9578.04
1206,0,0,9,15.7606,11291,0.0928333,404.911,0.1,10
2081,0,0,9,15.7448,11203.5
2080,0,0,9,15.731,11128.5
2079,0,0,9,15.7162,11054.4
1554,0,0,9,15.7082,11014.3
1416,0,0,9,15.7066,11006.4
1415,0,0,9,15.6923,10933.5
2097,0,0,9,15.6806,10872.3
2120,0,0,9,15.6771,10840.4
1414,0,0,9,15.665,10779.2
999,0,0,10,16.1456,13236.7,0,0,0
1002,0,0,10,16.1415,13208.6
1031,0,0,10,16.1269,13136.4
2031,0,0,10,16.1196,13099.4
2032,0,0,10,16.1192,13097.6
1034,0,0,10,16.1045,13023.4
1037,0,0,10,16.0964,12980.2
1039,0,0,10,16.0883,12938.6
1041,0,0,10,16.0792,12892.7
2030,0,0,10,16.073,12861.8
2158,0,0,10,16.0702,12846.7
2029,0,0,10,16.059,12788.9
1043,0,0,10,16.0589,12788.5
1044,0,0,10,16.0538,12762.1
1046,0,0,10,16.0475,12727.6
1060,0,0,10,16.0306,12640.5
1061,0,0,10,16.0235,12605
1063,0,0,10,16.0205,12588.9
1083,0,0,10,16.0078,12517.8
1105,0,0,10,15.995,12449.6
1104,0,0,10,15.9772,12356.3
1183,0,0,10,15.9747,12339.8
1184,0,0,10,15.9693,12311.1
1663,0,0,10,15.9592,12259.7
1189,0,0,10,15.9528,12225.1
1194,0,0,10,15.939,12147.6
1196,0,0,10,15.9387,12146
1550,0,0,10,15.932,12107.6
1552,0,0,10,15.9278,12085.9
2059,0,0,10,15.9199,12046.3
1202,0,0,10,15.9026,11955
2096,0,0,10,15.8704,11789.6
1654,0,0,10,15.8587,11725.8
1653,0,0,10,15.8566,11713.5
1206,0,0,10,15.8534,11695.9
1800,1,0,0,13.3616,951.622,0.0345,150.479,0.15,1
552,1,0,0,13.3525,905.718
603,1,0,0,13.3189,740.761
604,1,0,0,13.3139,714.369
596,1,0,0,13.3137,713.397
580,1,0,0,13.3022,649.074
574,1,0,0,13.2816,541.537
573,1,0,0,13.2725,489.448
564,1,0,0,13.2652,450.205
557,1,0,0,13.2593,417.124
561,1,0,0,13.2526,370.589
628,1,0,0,13.2483,345.216
615,1,0,0,13.2435,317.236
617,1,0,0,13.24,299.689
616,1,0,0,13.2324,261.472
676,1,0,0,13.2262,230.409
674,1,0,0,13.2158,178.918
675,1,0,0,13.2092,145.841
962,1,0,0,13.1988,96.4787
961,1,0,0,13.1933,67.3447
999,1,0,0,13.18,0
449,1,0,1,13.5252,1836.91,0.0431667,188.28,0.11,2
457,1,0,1,13.5138,1774.85
456,1,0,1,13.5088,1745.81
458,1,0,1,13.4996,1684.9
459,1,0,1,13.4929,1639.55
1543,1,0,1,13.4844,1577.74
715,1,0,1,13.4793,1533.9
716,1,0,1,13.4661,1459.54
722,1,0,1,13.4655,1456.73
552,1,0,1,13.4044,1144.84
1800,1,0,1,13.3961,1102.1
362,1,0,2,13.6928,2765.87,0.0871667,380.195,0.02,3
363,1,0,2,13.6778,2683.42
367,1,0,2,13.6652,2614.55
368,1,0,2,13.6578,2579.99
451,1,0,2,13.6364,2462.69
1716,1,0,2,13.6339,2446.26
462,1,0,2,13.6267,2407.44
1990,1,0,2,13.6189,2354.4
452,1,0,2,13.615,2322.33
453,1,0,2,13.6042,2234.91
455,1,0,2,13.5929,2167.09
454,1,0,2,13.5897,2149.71
448,1,0,2,13.5833,2105.76
449,1,0,2,13.5684,2025.19
104,1,0,3,13.9879,4256.66,0.05,218.085,0.11,4
124,1,0,3,13.974,4184.1
1715,1,0,3,13.9448,4030.74
136,1,0,3,13.939,4000.98
139,1,0,3,13.9257,3929.79
140,1,0,3,13.9015,3801.85
360,1,0,3,13.8619,3588.7
361,1,0,3,13.8475,3511.32
367,1,0,3,13.8107,3310.48
363,1,0,3,13.7972,3238.05
362,1,0,3,13.78,3146.07
815,1,0,4,14.284,5877.95,0.0983333,428.9,0.22,5
816,1,0,4,14.276,5838.81
2151,1,0,4,14.2642,5775.14
819,1,0,4,14.2493,5695.04
811,1,0,4,14.2288,5579.3
805,1,0,4,14.225,5558.47
358,1,0,4,14.2119,5488.27
349,1,0,4,14.1956,5402.67
344,1,0,4,14.1822,5320.64
1819,1,0,4,14.1689,5227.18
335,1,0,4,14.1644,5198.89
2114,1,0,4,14.151,5126.29
329,1,0,4,14.1485,5111.26
1979,1,0,4,14.1419,5078.91
1978,1,0,4,14.1008,4849.46
107,1,0,4,14.0927,4795.71
1967,1,0,4,14.0897,4767.01
105,1,0,4,14.064,4617.12
124,1,0,4,14.051,4544.24
104,1,0,4,14.0379,4474.75
1280,1,0,5,14.5514,7249.01,0.0575,250.798,0.05,6
1845,1,0,5,14.5362,7172.45
1270,1,0,5,14.5327,7153.9
1269,1,0,5,14.5189,7084.46
1259,1,0,5,14.5005,6987.96
1773,1,0,5,14.4855,6908.23
862,1,0,5,14.4736,6844.27
850,1,0,5,14.4664,6797.76
849,1,0,5,14.4583,6747.58
1774,1,0,5,14.455,6728.75
837,1,0,5,14.4443,6660.66
2010,1,0,5,14.4355,6611.21
836,1,0,5,14.4285,6563.45
827,1,0,5,14.4186,6506.72
826,1,0,5,14.398,6394.34
815,1,0,5,14.3823,6306.85
2021,1,0,6,14.7879,8455.98,0.0923333,402.73,0.26,7
951,1,0,6,14.7652,8342.52
949,1,0,6,14.7528,8280.27
2025,1,0,6,14.7494,8262.82
2024,1,0,6,14.7346,8183.48
1557,1,0,6,14.7201,8107.41
1299,1,0,6,14.701,8004.54
1300,1,0,6,14.6964,7981
1298,1,0,6,14.69,7947.3
2176,1,0,6,14.6834,7908.07
2066,1,0,6,14.6726,7840.25
1262,1,0,6,14.6609,7777.87
1261,1,0,6,14.6515,7727.82
1846,1,0,6,14.629,7606.39
1845,1,0,6,14.6221,7567.85
1280,1,0,6,14.6089,7499.81
1317,1,0,7,15.0067,9516.53,0.0693333,302.411,0.21,8
2071,1,0,7,14.9941,9446.63
2165,1,0,7,14.9716,9328.52
1314,1,0,7,14.9526,9230
1309,1,0,7,14.952,9227.12
1304,1,0,7,14.9377,9150.99
952,1,0,7,14.9064,8988.36
2022,1,0,7,14.8948,8930.14
2021,1,0,7,14.8803,8858.71
1414,1,0,8,15.2279,10615.9,0.0926667,404.184,0.21,9
1350,1,0,8,15.2134,10542.8
1351,1,0,8,15.2056,10502.7
1352,1,0,8,15.1894,10424.8
1358,1,0,8,15.1793,10372.6
1357,1,0,8,15.1681,10314.4
1356,1,0,8,15.1674,10310.7
2076,1,0,8,15.1614,10278.4
1355,1,0,8,15.1602,10271.7
1364,1,0,8,15.1601,10271.5
1361,1,0,8,15.154,10237.1
1360,1,0,8,15.1354,10139
1370,1,0,8,15.1062,9986.4
1359,1,0,8,15.1053,9981.94
2071,1,0,8,15.0881,9886.54
1317,1,0,8,15.076,9818.94
1206,1,0,9,15.416,11531.9,0.0928333,404.911,0.1,10
2081,1,0,9,15.4003,11444.4
2080,1,0,9,15.3865,11369.4
2079,1,0,9,15.3717,11295.3
1554,1,0,9,15.3636,11255.2
1416,1,0,9,15.3621,11247.3
1415,1,0,9,15.3478,11174.4
2097,1,0,9,15.3361,11113.2
2120,1,0,9,15.3326,11081.3
1414,1,0,9,15.3205,11020.1
999,1,0,10,15.8011,13477.6,0,0,0
1002,1,0,10,15.797,13449.5
1031,1,0,10,15.7824,13377.3
2031,1,0,10,15.7751,13340.3
2032,1,0,10,15.7747,13338.5
1034,1,0,10,15.76,13264.3
1037,1,0,10,15.7519,13221.1
1039,1,0,10,15.7438,13179.5
1041,1,0,10,15.7347,13133.6
2030,1,0,10,15.7285,13102.7
2158,1,0,10,15.7257,13087.6
2029,1,0,10,15.7145,13029.8
1043,1,0,10,15.7144,13029.3
1044,1,0,10,15.7092,13003
1046,1,0,10,15.7029,12968.5
1060,1,0,10,15.6861,12881.4
1061,1,0,10,15.679,12845.9
1063,1,0,10,15.676,12829.8
1083,1,0,10,15.6633,12758.7
1105,1,0,10,15.6505,12690.5
1104,1,0,10,15.6327,12597.2
1183,1,0,10,15.6302,12580.7
1184,1,0,10,15.6247,12552
1663,1,0,10,15.6147,12500.6
1189,1,0,10,15.6083,12466
1194,1,0,10,15.5945,12388.5
1196,1,0,10,15.5942,12386.9
1550,1,0,10,15.5875,12348.5
1552,1,0,10,15.5833,12326.8
2059,1,0,10,15.5754,12287.2
1202,1,0,10,15.5581,12195.9
2096,1,0,10,15.5259,12030.5
1654,1,0,10,15.5142,11966.7
1653,1,0,10,15.5121,11954.4
1206,1,0,10,15.5089,11936.8
1800,2,0,0,14.3435,1007.05,0.0793333,346.028,0.17,1
552,2,0,0,14.3292,939.646
603,2,0,0,14.2976,783.092
604,2,0,0,14.2928,757.682
596,2,0,0,14.2927,756.71
580,2,0,0,14.2784,680.504
574,2,0,0,14.257,569.599
573,2,0,0,14.2473,515.193
564,2,0,0,14.2405,477.803
557,2,0,0,14.2345,444.257
561,2,0,0,14.2284,397.895
628,2,0,0,14.2248,373.421
615,2,0,0,14.2205,346.226
617,2,0,0,14.2171,328.679
616,2,0,0,14.2104,294.749
676,2,0,0,14.2043,263.686
674,2,0,0,14.1893,194.033
675,2,0,0,14.1828,160.956
962,2,0,0,14.1741,118.866
961,2,0,0,14.1668,81.8149
999,2,0,0,14.15,0
449,2,0,1,14.5566,2106.84,0.0403333,175.922,0.13,2
457,2,0,1,14.5424,2032.64
456,2,0,1,14.5369,2002.26
458,2,0,1,14.5247,1934.36
459,2,0,1,14.5191,1889.14
1543,2,0,1,14.5101,1827.13
715,2,0,1,14.5054,1782.65
716,2,0,1,14.4903,1700.04
722,2,0,1,14.4897,1697.23
552,2,0,1,14.4311,1395.81
1800,2,0,1,14.4228,1353.07
362,2,0,2,14.7214,3025.49,0.0438333,191.188,0.02,3
363,2,0,2,14.7051,2937.28
440,2,0,2,14.6773,2796.51
451,2,0,2,14.6608,2710.31
1716,2,0,2,14.6583,2693.89
462,2,0,2,14.6492,2646.81
1990,2,0,2,14.6421,2594.12
452,2,0,2,14.6382,2562.06
453,2,0,2,14.627,2474.83
455,2,0,2,14.6186,2409.34
454,2,0,2,14.616,2394.7
448,2,0,2,14.6087,2349.78
449,2,0,2,14.597,2282.76
104,2,0,3,14.9707,4315.99,0.0708333,308.954,0.11,4
124,2,0,3,14.9563,4241.12
1715,2,0,3,14.9204,4059.81
136,2,0,3,14.9152,4032.13
139,2,0,3,14.9021,3962.51
140,2,0,3,14.8813,3848.86
360,2,0,3,14.8426,3639.25
361,2,0,3,14.8301,3570.39
367,2,0,3,14.7963,3382.58
363,2,0,3,14.781,3302.35
362,2,0,3,14.7652,3216.67
815,2,0,4,15.2807,5990.4,0.0461667,201.365,0.21,5
816,2,0,4,15.2686,5934.55
817,2,0,4,15.2585,5880.18
803,2,0,4,15.2399,5773.61
354,2,0,4,15.2398,5773.24
357,2,0,4,15.2305,5720.98
358,2,0,4,15.217,5647.19
349,2,0,4,15.2001,5558.8
344,2,0,4,15.1873,5477.54
1819,2,0,4,15.1747,5384.31
335,2,0,4,15.1695,5354.95
2114,2,0,4,15.1557,5280.65
329,2,0,4,15.1531,5265.38
1979,2,0,4,15.1466,5233.33
1978,2,0,4,15.1074,5012.44
107,2,0,4,15.099,4958.37
1967,2,0,4,15.096,4929.66
105,2,0,4,15.0705,4780.24
124,2,0,4,15.0541,4692.01
104,2,0,4,15.0415,4624.94
1280,2,0,5,15.4899,7109.96,0.111167,484.876,0.06,6
1845,2,0,5,15.4766,7041.64
1270,2,0,5,15.4725,7020.42
1269,2,0,5,15.4605,6958.45
1259,2,0,5,15.4431,6866.32
1773,2,0,5,15.4265,6779.53
862,2,0,5,15.4154,6719.03
850,2,0,5,15.4071,6671.01
849,2,0,5,15.3992,6621.04
1774,2,0,5,15.396,6602.3
837,2,0,5,15.3852,6534.11
2010,2,0,5,15.3779,6488.01
836,2,0,5,15.3708,6440.19
827,2,0,5,15.3615,6384.47
826,2,0,5,15.3417,6275.57
815,2,0,5,15.3269,6191.77
1414,2,0,6,15.8896,9188,0.0926667,404.184,0.21,7
1350,2,0,6,15.8744,9111.74
1351,2,0,6,15.8667,9072.12
1352,2,0,6,15.8541,9008.89
1358,2,0,6,15.8444,8958.43
1357,2,0,6,15.8332,8900.26
1356,2,0,6,15.8325,8896.54
2076,2,0,6,15.8265,8864.23
1355,2,0,6,15.8253,8857.57
1364,2,0,6,15.8252,8857.36
1361,2,0,6,15.8191,8822.9
1354,2,0,6,15.819,8822.71
2188,2,0,6,15.8113,8783.43
2075,2,0,6,15.789,8669.64
1822,2,0,6,15.7882,8665.65
1353,2,0,6,15.7801,8624.01
2118,2,0,6,15.7585,8507.34
2117,2,0,6,15.756,8482.71
2164,2,0,6,15.7377,8368.3
1306,2,0,6,15.7128,8207.63
1599,2,0,6,15.6969,8118.62
1300,2,0,6,15.6924,8091.93
1298,2,0,6,15.6876,8065.18
2176,2,0,6,15.6811,8025.98
2066,2,0,6,15.6708,7958.78
1262,2,0,6,15.6594,7897.86
1261,2,0,6,15.6507,7850.75
1846,2,0,6,15.6187,7688.82
1281,2,0,6,15.6118,7651.97
1280,2,0,6,15.6011,7594.84
1206,2,0,7,16.0778,10104,0.0515,224.627,0.1,8
2081,2,0,7,16.0621,10016.5
2080,2,0,7,16.0482,9941.44
2079,2,0,7,16.0335,9867.42
1554,2,0,7,16.0254,9827.24
1416,2,0,7,16.0239,9819.42
1415,2,0,7,16.0095,9746.49
2097,2,0,7,15.9978,9685.28
2120,2,0,7,15.9943,9653.4
1414,2,0,7,15.9823,9592.18
1317,2,0,8,16.3969,11737,0.104167,454.344,0.13,9
2071,2,0,8,16.3841,11666.5
1359,2,0,8,16.3615,11547.9
1370,2,0,8,16.3606,11543.4
1360,2,0,8,16.3374,11416.6
1361,2,0,8,16.3227,11335.4
1354,2,0,8,16.3227,11335.2
1355,2,0,8,16.3167,11302.7
2076,2,0,8,16.3148,11293.5
1356,2,0,8,16.3073,11254.4
1357,2,0,8,16.3065,11250.7
1358,2,0,8,16.2934,11184.2
1352,2,0,8,16.2854,11141
1351,2,0,8,16.2751,11087.4
1350,2,0,8,16.2676,11048.8
1414,2,0,8,16.2548,10982.5
2120,2,0,8,16.244,10926.9
2097,2,0,8,16.2356,10882.6
1415,2,0,8,16.2225,10815.8
1416,2,0,8,16.2078,10740.9
1554,2,0,8,16.2062,10733.1
2079,2,0,8,16.1979,10692
2080,2,0,8,16.1826,10615.5
2081,2,0,8,16.1669,10532.7
1207,2,0,8,16.1478,10430.1
2061,2,0,8,16.1394,10383.3
1206,2,0,8,16.1293,10328.6
2021,2,0,9,16.625,12841.1,0.07,305.319,0.28,10
1303,2,0,9,16.5977,12697.4
1307,2,0,9,16.5892,12650.5
1308,2,0,9,16.575,12578.2
1309,2,0,9,16.558,12490.3
1314,2,0,9,16.5574,12487.4
2165,2,0,9,16.5345,12372.5
2071,2,0,9,16.5145,12265.1
1317,2,0,9,16.501,12191.3
999,2,0,10,16.8914,14156.9,0,0,0
1002,2,0,10,16.886,14126.5
1024,2,0,10,16.8655,14022.4
1029,2,0,10,16.86,13995.1
1027,2,0,10,16.8479,13934.9
1051,2,0,10,16.8348,13868.3
1052,2,0,10,16.827,13828.9
1804,2,0,10,16.8265,13826.8
2015,2,0,10,16.8153,13770.6
2014,2,0,10,16.8073,13730
2017,2,0,10,16.8061,13724.3
2170,2,0,10,16.8034,13710.2
1738,2,0,10,16.7888,13635.1
1737,2,0,10,16.7833,13606.2
936,2,0,10,16.7712,13540.6
933,2,0,10,16.7706,13537.7
934,2,0,10,16.7651,13500
943,2,0,10,16.7511,13430.3
942,2,0,10,16.7432,13389
941,2,0,10,16.7318,13331.3
1790,2,0,10,16.7168,13255.2
2022,2,0,10,16.7063,13204.3
2021,2,0,10,16.695,13146.4
1800,3,0,0,14.1016,951.622,0.0793333,346.028,0.17,1
552,3,0,0,14.0925,905.718
603,3,0,0,14.0589,740.761
604,3,0,0,14.0539,714.369
596,3,0,0,14.0537,713.397
580,3,0,0,14.0422,649.074
574,3,0,0,14.0216,541.537
573,3,0,0,14.0125,489.448
564,3,0,0,14.0052,450.205
557,3,0,0,13.9993,417.124
561,3,0,0,13.9926,370.589
628,3,0,0,13.9883,345.216
615,3,0,0,13.9835,317.236
617,3,0,0,13.98,299.689
616,3,0,0,13.9724,261.472
676,3,0,0,13.9662,230.409
674,3,0,0,13.9558,178.918
675,3,0,0,13.9492,145.841
962,3,0,0,13.9388,96.4787
961,3,0,0,13.9333,67.3447
999,3,0,0,13.92,0
449,3,0,1,14.3147,2051.42,0.0403333,175.922,0.13,2
457,3,0,1,14.3005,1977.21
456,3,0,1,14.295,1946.83
458,3,0,1,14.2828,1878.94
459,3,0,1,14.2772,1833.72
1543,3,0,1,14.2682,1771.71
715,3,0,1,14.2635,1727.23
716,3,0,1,14.2484,1644.62
722,3,0,1,14.2478,1641.8
552,3,0,1,14.1892,1340.39
1800,3,0,1,14.1809,1297.65
362,3,0,2,14.4795,2970.06,0.0438333,191.188,0.02,3
363,3,0,2,14.4632,2881.86
440,3,0,2,14.4354,2741.08
451,3,0,2,14.4189,2654.89
1716,3,0,2,14.4164,2638.46
462,3,0,2,14.4073,2591.39
1990,3,0,2,14.4002,2538.7
452,3,0,2,14.3963,2506.63
453,3,0,2,14.3851,2419.41
455,3,0,2,14.3767,2353.92
454,3,0,2,14.3741,2339.28
448,3,0,2,14.3668,2294.35
449,3,0,2,14.3551,2227.34
104,3,0,3,14.7288,4260.56,0.0708333,308.954,0.11,4
124,3,0,3,14.7144,4185.7
1715,3,0,3,14.6785,4004.39
136,3,0,3,14.6733,3976.71
139,3,0,3,14.6602,3907.09
140,3,0,3,14.6394,3793.44
360,3,0,3,14.6007,3583.83
361,3,0,3,14.5882,3514.96
367,3,0,3,14.5544,3327.16
363,3,0,3,14.5391,3246.93
362,3,0,3,14.5233,3161.25
815,3,0,4,15.0457,5972.72,0.0461667,201.365,0.21,5
816,3,0,4,15.0378,5933.57
2151,3,0,4,15.0259,5869.91
819,3,0,4,15.011,5789.81
811,3,0,4,14.9905,5674.07
805,3,0,4,14.9867,5653.24
358,3,0,4,14.9736,5583.04
349,3,0,4,14.9573,5497.44
344,3,0,4,14.9439,5415.41
1819,3,0,4,14.9307,5321.95
335,3,0,4,14.9261,5293.66
2114,3,0,4,14.9127,5221.06
329,3,0,4,14.9102,5206.03
1979,3,0,4,14.9037,5173.68
1978,3,0,4,14.8625,4944.23
107,3,0,4,14.8544,4890.48
1967,3,0,4,14.8514,4861.77
105,3,0,4,14.8257,4711.89
124,3,0,4,14.8128,4639.01
104,3,0,4,14.7996,4569.52
1280,3,0,5,15.2549,7092.28,0.111167,484.876,0.06,6
1845,3,0,5,15.2416,7023.95
1270,3,0,5,15.2375,7002.74
1269,3,0,5,15.2255,6940.76
1259,3,0,5,15.2081,6848.64
1773,3,0,5,15.1915,6761.85
862,3,0,5,15.1804,6701.35
850,3,0,5,15.1721,6653.33
849,3,0,5,15.1642,6603.36
1774,3,0,5,15.161,6584.62
837,3,0,5,15.1502,6516.43
2010,3,0,5,15.1429,6470.33
836,3,0,5,15.1358,6422.51
827,3,0,5,15.1265,6366.79
826,3,0,5,15.1067,6257.89
815,3,0,5,15.0919,6174.09
2021,3,0,6,15.5482,8546.62,0.076,331.489,0.27,7
951,3,0,6,15.5284,8445.21
949,3,0,6,15.5172,8388.09
2025,3,0,6,15.5138,8370.63
2024,3,0,6,15.4975,8284.65
1557,3,0,6,15.4822,8205.47
1299,3,0,6,15.462,8097.79
1300,3,0,6,15.4574,8074.25
1298,3,0,6,15.4526,8047.49
2176,3,0,6,15.4461,8008.29
2066,3,0,6,15.4358,7941.1
1262,3,0,6,15.4244,7880.18
1261,3,0,6,15.4157,7833.07
1846,3,0,6,15.3837,7671.14
1281,3,0,6,15.3768,7634.29
1280,3,0,6,15.3661,7577.15
1414,3,0,7,15.8406,10025.7,0.0926667,404.184,0.21,8
1350,3,0,7,15.8262,9952.55
1351,3,0,7,15.8184,9912.46
1352,3,0,7,15.8022,9834.58
1358,3,0,7,15.7921,9782.38
1357,3,0,7,15.7809,9724.21
1356,3,0,7,15.7802,9720.49
2076,3,0,7,15.7742,9688.17
1355,3,0,7,15.773,9681.51
1364,3,0,7,15.7729,9681.3
1361,3,0,7,15.7668,9646.84
1354,3,0,7,15.7668,9646.65
2188,3,0,7,15.759,9607.38
2075,3,0,7,15.7367,9493.59
1822,3,0,7,15.7359,9489.59
1353,3,0,7,15.7278,9447.96
2118,3,0,7,15.7062,9331.29
2117,3,0,7,15.7037,9306.66
2164,3,0,7,15.6854,9192.25
1307,3,0,7,15.6715,9116.93
1303,3,0,7,15.6567,9043.3
2021,3,0,7,15.6242,8878.1
1206,3,0,8,16.0288,10941.7,0.0515,224.627,0.1,9
2081,3,0,8,16.0131,10854.2
2080,3,0,8,15.9993,10779.1
2079,3,0,8,15.9845,10705.1
1554,3,0,8,15.9764,10664.9
1416,3,0,8,15.9749,10657.1
1415,3,0,8,15.9606,10584.2
2097,3,0,8,15.9488,10523
2120,3,0,8,15.9454,10491.1
1414,3,0,8,15.9333,10429.9
1317,3,0,9,16.3479,12574.6,0.104167,454.344,0.13,10
2071,3,0,9,16.3352,12504.1
1359,3,0,9,16.3126,12385.6
1370,3,0,9,16.3116,12381.1
1360,3,0,9,16.2885,12254.3
1361,3,0,9,16.2738,12173
1354,3,0,9,16.2737,12172.9
1355,3,0,9,16.2677,12140.3
2076,3,0,9,16.2659,12131.2
1356,3,0,9,16.2583,12092.1
1357,3,0,9,16.2575,12088.3
1358,3,0,9,16.2444,12021.9
1352,3,0,9,16.2364,11978.6
1351,3,0,9,16.2261,11925.1
1350,3,0,9,16.2186,11886.4
1414,3,0,9,16.2058,11820.1
2120,3,0,9,16.1951,11764.6
2097,3,0,9,16.1866,11720.3
1415,3,0,9,16.1736,11653.5
1416,3,0,9,16.1588,11578.6
1554,3,0,9,16.1572,11570.8
2079,3,0,9,16.1489,11529.6
2080,3,0,9,16.1336,11453.2
2081,3,0,9,16.1179,11370.4
1207,3,0,9,16.0988,11267.8
2061,3,0,9,16.0904,11221
1206,3,0,9,16.0803,11166.3
999,3,0,10,16.68,14223.4,0,0,0
1002,3,0,10,16.6746,14193
1031,3,0,10,16.6629,14132.8
2031,3,0,10,16.6556,14095.8
2032,3,0,10,16.6552,14094
1053,3,0,10,16.6473,14054.8
1784,3,0,10,16.6442,14038.3
1066,3,0,10,16.6349,13991.1
2034,3,0,10,16.6179,13901.5
1850,3,0,10,16.6087,13854.5
2035,3,0,10,16.6005,13810.9
1106,3,0,10,16.5886,13746.6
2039,3,0,10,16.5762,13682.8
2106,3,0,10,16.5606,13598.2
2050,3,0,10,16.5514,13554.2
2051,3,0,10,16.54,13494
1333,3,0,10,16.5161,13368.2
1315,3,0,10,16.503,13300.8
2165,3,0,10,16.4855,13210.2
2071,3,0,10,16.4656,13102.8
1317,3,0,10,16.4521,13029
1800,4,0,0,13.7616,951.622,0.0345,150.479,0.15,1
552,4,0,0,13.7525,905.718
603,4,0,0,13.7189,740.761
604,4,0,0,13.7139,714.369
596,4,0,0,13.7137,713.397
580,4,0,0,13.7022,649.074
574,4,0,0,13.6816,541.537
573,4,0,0,13.6725,489.448
564,4,0,0,13.6652,450.205
557,4,0,0,13.6593,417.124
561,4,0,0,13.6526,370.589
628,4,0,0,13.6483,345.216
615,4,0,0,13.6435,317.236
617,4,0,0,13.64,299.689
616,4,0,0,13.6324,261.472
676,4,0,0,13.6262,230.409
674,4,0,0,13.6158,178.918
675,4,0,0,13.6092,145.841
962,4,0,0,13.5988,96.4787
961,4,0,0,13.5933,67.3447
999,4,0,0,13.58,0
449,4,0,1,13.9252,1836.91,0.0431667,188.28,0.11,2
457,4,0,1,13.9137,1774.85
456,4,0,1,13.9088,1745.81
458,4,0,1,13.8996,1684.9
459,4,0,1,13.8929,1639.55
1543,4,0,1,13.8844,1577.74
715,4,0,1,13.8793,1533.9
716,4,0,1,13.8661,1459.54
722,4,0,1,13.8655,1456.73
552,4,0,1,13.8044,1144.84
1800,4,0,1,13.7961,1102.1
362,4,0,2,14.0928,2765.87,0.0438333,191.188,0.02,3
363,4,0,2,14.0778,2683.42
367,4,0,2,14.0652,2614.55
368,4,0,2,14.0578,2579.99
451,4,0,2,14.0364,2462.69
1716,4,0,2,14.0339,2446.26
462,4,0,2,14.0267,2407.44
1990,4,0,2,14.0189,2354.4
452,4,0,2,14.015,2322.33
453,4,0,2,14.0042,2234.91
455,4,0,2,13.9929,2167.09
454,4,0,2,13.9897,2149.71
448,4,0,2,13.9833,2105.76
449,4,0,2,13.9684,2025.19
104,4,0,3,14.3421,4056.37,0.0708333,308.954,0.11,4
124,4,0,3,14.3277,3981.51
1715,4,0,3,14.2918,3800.2
136,4,0,3,14.2866,3772.52
139,4,0,3,14.2736,3702.9
140,4,0,3,14.2527,3589.25
360,4,0,3,14.214,3379.64
361,4,0,3,14.2015,3310.77
367,4,0,3,14.1677,3122.97
363,4,0,3,14.1524,3042.74
362,4,0,3,14.1367,2957.06
815,4,0,4,14.659,5768.53,0.0983333,428.9,0.22,5
816,4,0,4,14.6511,5729.39
2151,4,0,4,14.6392,5665.72
819,4,0,4,14.6244,5585.62
811,4,0,4,14.6038,5469.88
805,4,0,4,14.6,5449.05
358,4,0,4,14.5869,5378.85
349,4,0,4,14.5707,5293.25
344,4,0,4,14.5573,5211.22
1819,4,0,4,14.544,5117.76
335,4,0,4,14.5395,5089.47
2114,4,0,4,14.526,5016.87
329,4,0,4,14.5235,5001.84
1979,4,0,4,14.517,4969.49
1978,4,0,4,14.4758,4740.04
107,4,0,4,14.4677,4686.29
1967,4,0,4,14.4647,4657.59
105,4,0,4,14.439,4507.7
124,4,0,4,14.4261,4434.82
104,4,0,4,14.4129,4365.33
1280,4,0,5,14.9265,7139.59,0.0575,250.798,0.05,6
1845,4,0,5,14.9113,7063.03
1270,4,0,5,14.9077,7044.48
1269,4,0,5,14.8939,6975.04
1259,4,0,5,14.8755,6878.54
1773,4,0,5,14.8606,6798.81
862,4,0,5,14.8487,6734.85
850,4,0,5,14.8414,6688.34
849,4,0,5,14.8333,6638.15
1774,4,0,5,14.8301,6619.33
837,4,0,5,14.8194,6551.24
2010,4,0,5,14.8105,6501.79
836,4,0,5,14.8036,6454.03
827,4,0,5,14.7937,6397.3
826,4,0,5,14.7731,6284.92
815,4,0,5,14.7574,6197.43
2021,4,0,6,15.163,8346.56,0.076,331.489,0.27,7
951,4,0,6,15.1402,8233.1
949,4,0,6,15.1279,8170.85
2025,4,0,6,15.1244,8153.4
2024,4,0,6,15.1097,8074.06
1557,4,0,6,15.0951,7997.99
1299,4,0,6,15.076,7895.12
1300,4,0,6,15.0714,7871.58
1298,4,0,6,15.065,7837.88
2176,4,0,6,15.0585,7798.65
2066,4,0,6,15.0477,7730.83
1262,4,0,6,15.036,7668.45
1261,4,0,6,15.0265,7618.4
1846,4,0,6,15.0041,7496.97
1845,4,0,6,14.9971,7458.43
1280,4,0,6,14.984,7390.39
1414,4,0,7,15.4554,9825.62,0.0926667,404.184,0.21,8
1350,4,0,7,15.441,9752.49
1351,4,0,7,15.4331,9712.4
1352,4,0,7,15.417,9634.52
1358,4,0,7,15.4069,9582.32
1357,4,0,7,15.3957,9524.15
1356,4,0,7,15.3949,9520.43
2076,4,0,7,15.389,9488.11
1355,4,0,7,15.3877,9481.45
1364,4,0,7,15.3877,9481.25
1361,4,0,7,15.3815,9446.78
1354,4,0,7,15.3815,9446.59
2188,4,0,7,15.3737,9407.32
2075,4,0,7,15.3514,9293.53
1822,4,0,7,15.3506,9289.54
1353,4,0,7,15.3426,9247.9
2118,4,0,7,15.321,9131.23
2117,4,0,7,15.3184,9106.6
2164,4,0,7,15.3001,8992.19
1307,4,0,7,15.2862,8916.87
1303,4,0,7,15.2714,8843.24
2021,4,0,7,15.239,8678.05
1206,4,0,8,15.6436,10741.6,0.0928333,404.911,0.1,9
2081,4,0,8,15.6279,10654.1
2080,4,0,8,15.614,10579.1
2079,4,0,8,15.5993,10505
1554,4,0,8,15.5912,10464.9
1416,4,0,8,15.5896,10457
1415,4,0,8,15.5753,10384.1
2097,4,0,8,15.5636,10322.9
2120,4,0,8,15.5601,10291
1414,4,0,8,15.5481,10229.8
1317,4,0,9,16.0096,12583.9,0.104167,454.344,0.13,10
2071,4,0,9,15.9996,12520.8
1359,4,0,9,15.9772,12403.3
1370,4,0,9,15.9763,12398.8
1360,4,0,9,15.9432,12229.4
1361,4,0,9,15.9285,12148.5
1354,4,0,9,15.9285,12148.3
1355,4,0,9,15.9223,12115.1
2076,4,0,9,15.9205,12105.9
1356,4,0,9,15.9135,12069.1
1357,4,0,9,15.9127,12065.4
1358,4,0,9,15.901,12005.2
1352,4,0,9,15.892,11957.5
1351,4,0,9,15.8782,11889.3
1350,4,0,9,15.871,11851.8
1414,4,0,9,15.8546,11770.6
2120,4,0,9,15.8441,11716
2097,4,0,9,15.835,11668.9
1415,4,0,9,15.8222,11603.3
1416,4,0,9,15.8064,11524.3
1554,4,0,9,15.8049,11516.5
2079,4,0,9,15.7984,11482.7
2080,4,0,9,15.7834,11407.8
2081,4,0,9,15.769,11330.5
1207,4,0,9,15.7536,11243.9
2061,4,0,9,15.7463,11200.6
1206,4,0,9,15.7364,11146.5
999,4,0,10,16.3417,14232.7,0,0,0
1002,4,0,10,16.3363,14202.3
1031,4,0,10,16.3246,14142.1
2031,4,0,10,16.3173,14105.1
2032,4,0,10,16.3169,14103.3
1053,4,0,10,16.309,14064.1
1784,4,0,10,16.3058,14047.6
1066,4,0,10,16.2966,14000.4
2034,4,0,10,16.2796,13910.8
1850,4,0,10,16.2704,13863.8
2035,4,0,10,16.2622,13820.2
1106,4,0,10,16.2503,13755.9
2039,4,0,10,16.2378,13692.1
2106,4,0,10,16.2223,13607.5
2050,4,0,10,16.2131,13563.5
2051,4,0,10,16.2016,13503.3
1333,4,0,10,16.1778,13377.5
1315,4,0,10,16.1647,13310.1
2165,4,0,10,16.1472,13219.5
2071,4,0,10,16.1273,13112.1
1317,4,0,10,16.1138,13038.3
1800,5,0,0,13.8316,951.622,0.0345,150.479,0.15,1
552,5,0,0,13.8225,905.718
603,5,0,0,13.7889,740.761
604,5,0,0,13.7839,714.369
596,5,0,0,13.7837,713.397
580,5,0,0,13.7722,649.074
574,5,0,0,13.7516,541.537
573,5,0,0,13.7425,489.448
564,5,0,0,13.7352,450.205
557,5,0,0,13.7293,417.124
561,5,0,0,13.7226,370.589
628,5,0,0,13.7183,345.216
615,5,0,0,13.7135,317.236
617,5,0,0,13.71,299.689
616,5,0,0,13.7024,261.472
676,5,0,0,13.6962,230.409
674,5,0,0,13.6858,178.918
675,5,0,0,13.6792,145.841
962,5,0,0,13.6688,96.4787
961,5,0,0,13.6633,67.3447
999,5,0,0,13.65,0
449,5,0,1,13.9952,1836.91,0.0431667,188.28,0.11,2
457,5,0,1,13.9837,1774.85
456,5,0,1,13.9788,1745.81
458,5,0,1,13.9696,1684.9
459,5,0,1,13.9629,1639.55
1543,5,0,1,13.9544,1577.74
715,5,0,1,13.9493,1533.9
716,5,0,1,13.9361,1459.54
722,5,0,1,13.9355,1456.73
552,5,0,1,13.8744,1144.84
1800,5,0,1,13.8661,1102.1
362,5,0,2,14.1628,2767.92,0.0438333,191.188,0.02,3
363,5,0,2,14.1465,2679.71
440,5,0,2,14.1187,2538.94
451,5,0,2,14.1021,2452.74
1716,5,0,2,14.0997,2436.32
462,5,0,2,14.0906,2389.24
1990,5,0,2,14.0835,2336.55
452,5,0,2,14.0796,2304.49
453,5,0,2,14.0684,2217.26
455,5,0,2,14.0599,2151.77
454,5,0,2,14.0574,2137.13
448,5,0,2,14.0501,2092.21
449,5,0,2,14.0384,2025.19
104,5,0,3,14.4121,4058.41,0.0708333,308.954,0.11,4
124,5,0,3,14.3977,3983.55
1715,5,0,3,14.3618,3802.24
136,5,0,3,14.3565,3774.56
139,5,0,3,14.3435,3704.94
140,5,0,3,14.3227,3591.29
360,5,0,3,14.284,3381.68
361,5,0,3,14.2715,3312.82
367,5,0,3,14.2377,3125.01
363,5,0,3,14.2224,3044.78
362,5,0,3,14.2066,2959.1
1280,5,0,4,14.84,6328.97,0.0575,250.798,0.05,5
1845,5,0,4,14.825,6253.12
1270,5,0,4,14.8202,6229.6
1271,5,0,4,14.8084,6169.91
868,5,0,4,14.7937,6087.84
869,5,0,4,14.7744,5982.36
1856,5,0,4,14.7546,5886.87
855,5,0,4,14.7544,5886.16
843,5,0,4,14.7408,5807.1
832,5,0,4,14.7296,5743.42
831,5,0,4,14.7231,5708.41
2153,5,0,4,14.723,5708.33
821,5,0,4,14.7092,5639.47
2008,5,0,4,14.7007,5596.68
812,5,0,4,14.6829,5499.67
807,5,0,4,14.6828,5498.88
356,5,0,4,14.6701,5429.11
1981,5,0,4,14.6578,5345.6
345,5,0,4,14.6383,5244.75
341,5,0,4,14.6255,5180.33
2132,5,0,4,14.6253,5178.28
328,5,0,4,14.6085,5082.6
2115,5,0,4,14.5973,5024.18
329,5,0,4,14.5935,5003.88
1979,5,0,4,14.5869,4971.53
1978,5,0,4,14.5458,4742.09
107,5,0,4,14.5377,4688.33
1967,5,0,4,14.5347,4659.63
105,5,0,4,14.509,4509.75
124,5,0,4,14.496,4436.86
104,5,0,4,14.4829,4367.37
815,5,0,5,15.0705,7563.11,0.0461667,201.365,0.21,6
816,5,0,5,15.0625,7523.97
2151,5,0,5,15.0507,7460.3
819,5,0,5,15.0358,7380.2
2009,5,0,5,15.0289,7332.81
2010,5,0,5,15.0128,7231.56
837,5,0,5,15.005,7184.82
1774,5,0,5,14.9935,7115.49
849,5,0,5,14.9899,7095.59
850,5,0,5,14.9839,7046.47
862,5,0,5,14.979,6999.47
1773,5,0,5,14.9683,6940.8
1259,5,0,5,14.9548,6867.44
1269,5,0,5,14.9335,6758.68
1270,5,0,5,14.9164,6675.39
1845,5,0,5,14.9107,6647.8
1280,5,0,5,14.8975,6579.76
1414,5,0,6,15.4507,9714.37,0.0926667,404.184,0.21,7
1350,5,0,6,15.4355,9638.1
1351,5,0,6,15.4278,9598.49
1352,5,0,6,15.4152,9535.25
1358,5,0,6,15.4063,9488.16
1357,5,0,6,15.3957,9432.4
1356,5,0,6,15.3949,9428.68
2076,5,0,6,15.3884,9394.06
1355,5,0,6,15.3872,9387.72
1364,5,0,6,15.3872,9387.51
1361,5,0,6,15.3809,9352.4
1354,5,0,6,15.3809,9352.21
2188,5,0,6,15.3741,9317
2075,5,0,6,15.3521,9204.64
1822,5,0,6,15.3513,9200.64
1353,5,0,6,15.3433,9159
2118,5,0,6,15.3217,9042.34
2117,5,0,6,15.3191,9017.71
2164,5,0,6,15.3008,8903.3
1306,5,0,6,15.2759,8742.62
1599,5,0,6,15.2601,8653.61
1300,5,0,6,15.2555,8626.92
1298,5,0,6,15.2507,8600.17
2176,5,0,6,15.2442,8560.97
2066,5,0,6,15.2339,8493.77
869,5,0,6,15.2244,8418.85
865,5,0,6,15.2094,8328.24
852,5,0,6,15.2029,8286.73
850,5,0,6,15.1969,8243.72
849,5,0,6,15.1889,8193.75
1774,5,0,6,15.1857,8175.01
837,5,0,6,15.175,8106.82
2010,5,0,6,15.1677,8060.72
836,5,0,6,15.1606,8012.9
827,5,0,6,15.1513,7957.18
826,5,0,6,15.1315,7848.28
815,5,0,6,15.1167,7764.48
1206,5,0,7,15.6389,10630.4,0.0928333,404.911,0.1,8
2081,5,0,7,15.6232,10542.9
2080,5,0,7,15.6093,10467.8
2079,5,0,7,15.5946,10393.8
1554,5,0,7,15.5865,10353.6
1416,5,0,7,15.5849,10345.8
1415,5,0,7,15.5706,10272.9
2097,5,0,7,15.5589,10211.6
2120,5,0,7,15.5554,10179.8
1414,5,0,7,15.5434,10118.6
1317,5,0,8,16.0049,12472.7,0.104167,454.344,0.13,9
2071,5,0,8,15.9949,12409.6
1359,5,0,8,15.9726,12292
1370,5,0,8,15.9716,12287.6
1360,5,0,8,15.9385,12118.2
1361,5,0,8,15.9238,12037.3
1354,5,0,8,15.9238,12037.1
1355,5,0,8,15.9176,12003.8
2076,5,0,8,15.9158,11994.7
1356,5,0,8,15.9088,11957.8
1357,5,0,8,15.908,11954.1
1358,5,0,8,15.8963,11894
1352,5,0,8,15.8873,11846.2
1351,5,0,8,15.8735,11778.1
1350,5,0,8,15.8663,11740.5
1414,5,0,8,15.8499,11659.4
2120,5,0,8,15.8394,11604.7
2097,5,0,8,15.8303,11557.7
1415,5,0,8,15.8175,11492.1
1416,5,0,8,15.8018,11413
1554,5,0,8,15.8002,11405.2
2079,5,0,8,15.7937,11371.4
2080,5,0,8,15.7787,11296.5
2081,5,0,8,15.7643,11219.2
1207,5,0,8,15.7489,11132.7
2061,5,0,8,15.7416,11089.4
1206,5,0,8,15.7317,11035.3
2021,5,0,9,16.2331,13576.8,0.07,305.319,0.28,10
1303,5,0,9,16.2057,13433.2
1307,5,0,9,16.1972,13386.3
1308,5,0,9,16.183,13313.9
1309,5,0,9,16.166,13226
1314,5,0,9,16.1654,13223.1
2165,5,0,9,16.1425,13108.2
2071,5,0,9,16.1226,13000.8
1317,5,0,9,16.1091,12927
999,5,0,10,16.4995,14892.7,0,0,0
1002,5,0,10,16.494,14862.2
1024,5,0,10,16.4736,14758.1
1029,5,0,10,16.468,14730.8
1027,5,0,10,16.456,14670.6
1051,5,0,10,16.4428,14604
1052,5,0,10,16.435,14564.6
1804,5,0,10,16.4346,14562.5
2015,5,0,10,16.4234,14506.3
2014,5,0,10,16.4153,14465.7
2017,5,0,10,16.4141,14460.1
2170,5,0,10,16.4114,14445.9
1738,5,0,10,16.3968,14370.9
1737,5,0,10,16.3913,14342
936,5,0,10,16.3792,14276.3
933,5,0,10,16.3786,14273.4
934,5,0,10,16.3731,14235.7
943,5,0,10,16.3592,14166
942,5,0,10,16.3512,14124.8
941,5,0,10,16.3398,14067
1790,5,0,10,16.3248,13990.9
2022,5,0,10,16.3143,13940
2021,5,0,10,16.3031,13882.1
1800,6,0,0,13.6916,951.622,0.0345,150.479,0.15,1
552,6,0,0,13.6825,905.718
603,6,0,0,13.6489,740.761
604,6,0,0,13.6439,714.369
596,6,0,0,13.6437,713.397
580,6,0,0,13.6322,649.074
574,6,0,0,13.6116,541.537
573,6,0,0,13.6025,489.448
564,6,0,0,13.5952,450.205
557,6,0,0,13.5893,417.124
561,6,0,0,13.5826,370.589
628,6,0,0,13.5783,345.216
615,6,0,0,13.5735,317.236
617,6,0,0,13.57,299.689
616,6,0,0,13.5624,261.472
676,6,0,0,13.5562,230.409
674,6,0,0,13.5458,178.918
675,6,0,0,13.5392,145.841
962,6,0,0,13.5288,96.4787
961,6,0,0,13.5233,67.3447
999,6,0,0,13.51,0
449,6,0,1,13.8552,1836.91,0.0431667,188.28,0.11,2
457,6,0,1,13.8438,1774.85
456,6,0,1,13.8388,1745.81
458,6,0,1,13.8296,1684.9
459,6,0,1,13.8229,1639.55
1543,6,0,1,13.8144,1577.74
715,6,0,1,13.8093,1533.9
716,6,0,1,13.7961,1459.54
722,6,0,1,13.7955,1456.73
552,6,0,1,13.7344,1144.84
1800,6,0,1,13.7261,1102.1
362,6,0,2,14.0228,2765.87,0.0438333,191.188,0.02,3
363,6,0,2,14.0078,2683.42
367,6,0,2,13.9952,2614.55
368,6,0,2,13.9878,2579.99
451,6,0,2,13.9664,2462.69
1716,6,0,2,13.9639,2446.26
462,6,0,2,13.9567,2407.44
1990,6,0,2,13.9489,2354.4
452,6,0,2,13.945,2322.33
453,6,0,2,13.9342,2234.91
455,6,0,2,13.9229,2167.09
454,6,0,2,13.9197,2149.71
448,6,0,2,13.9133,2105.76
449,6,0,2,13.8984,2025.19
104,6,0,3,14.2721,4056.37,0.0708333,308.954,0.11,4
124,6,0,3,14.2577,3981.51
1715,6,0,3,14.2218,3800.2
136,6,0,3,14.2166,3772.52
139,6,0,3,14.2036,3702.9
140,6,0,3,14.1827,3589.25
360,6,0,3,14.144,3379.64
361,6,0,3,14.1315,3310.77
367,6,0,3,14.0977,3122.97
363,6,0,3,14.0824,3042.74
362,6,0,3,14.0667,2957.06
1280,6,0,4,14.7,6326.92,0.0575,250.798,0.05,5
1845,6,0,4,14.685,6251.08
1270,6,0,4,14.6803,6227.55
1271,6,0,4,14.6684,6167.87
868,6,0,4,14.6537,6085.79
869,6,0,4,14.6344,5980.32
1856,6,0,4,14.6146,5884.83
855,6,0,4,14.6145,5884.11
843,6,0,4,14.6009,5805.06
832,6,0,4,14.5896,5741.38
831,6,0,4,14.5831,5706.37
2153,6,0,4,14.5831,5706.29
821,6,0,4,14.5692,5637.42
2008,6,0,4,14.5607,5594.63
812,6,0,4,14.543,5497.62
807,6,0,4,14.5428,5496.83
356,6,0,4,14.5301,5427.07
1981,6,0,4,14.5179,5343.56
345,6,0,4,14.4984,5242.71
341,6,0,4,14.4856,5178.29
2132,6,0,4,14.4853,5176.23
328,6,0,4,14.4686,5080.55
2115,6,0,4,14.4573,5022.14
329,6,0,4,14.4535,5001.84
1979,6,0,4,14.447,4969.49
1978,6,0,4,14.4058,4740.04
107,6,0,4,14.3977,4686.29
1967,6,0,4,14.3947,4657.59
105,6,0,4,14.369,4507.7
124,6,0,4,14.3561,4434.82
104,6,0,4,14.3429,4365.33
2021,6,0,5,14.9366,7533.89,0.0923333,402.73,0.26,6
951,6,0,5,14.9138,7420.43
949,6,0,5,14.9015,7358.18
2025,6,0,5,14.898,7340.73
2024,6,0,5,14.8833,7261.39
1557,6,0,5,14.8687,7185.32
1299,6,0,5,14.8496,7082.45
1300,6,0,5,14.845,7058.91
1298,6,0,5,14.8386,7025.21
2176,6,0,5,14.8321,6985.98
2066,6,0,5,14.8212,6918.17
1262,6,0,5,14.8095,6855.78
1261,6,0,5,14.8001,6805.73
1846,6,0,5,14.7777,6684.3
1845,6,0,5,14.7707,6645.76
1280,6,0,5,14.7575,6577.72
815,6,0,6,15.2849,9357.36,0.0461667,201.365,0.21,7
816,6,0,6,15.2774,9320.25
2151,6,0,6,15.2656,9256.94
819,6,0,6,15.2505,9175.62
2009,6,0,6,15.2434,9128.12
2010,6,0,6,15.227,9026.44
837,6,0,6,15.2196,8980.25
1774,6,0,6,15.2066,8907.35
849,6,0,6,15.2032,8887.92
850,6,0,6,15.1967,8838.97
852,6,0,6,15.1886,8793.17
865,6,0,6,15.1818,8751.21
869,6,0,6,15.1667,8660.47
2066,6,0,6,15.1462,8553.51
1297,6,0,6,15.1224,8424.33
1299,6,0,6,15.116,8389.37
1557,6,0,6,15.0949,8277.86
2024,6,0,6,15.0805,8202.37
2025,6,0,6,15.0633,8112.51
949,6,0,6,15.0601,8095.84
951,6,0,6,15.0502,8044.16
2021,6,0,6,15.0289,7936.62
1206,6,0,7,15.7635,12027.6,0.0928333,404.911,0.1,8
2081,6,0,7,15.749,11944.8
2080,6,0,7,15.7357,11872.1
2079,6,0,7,15.7194,11791.7
1554,6,0,7,15.7094,11743.5
1416,6,0,7,15.7079,11735.7
1415,6,0,7,15.6933,11661.9
2097,6,0,7,15.6801,11594.3
2120,6,0,7,15.6755,11562.9
1414,6,0,7,15.6651,11508.6
1350,6,0,7,15.6499,11432.4
1351,6,0,7,15.6421,11392.7
1352,6,0,7,15.6296,11329.5
1358,6,0,7,15.6207,11282.4
1357,6,0,7,15.61,11226.6
1356,6,0,7,15.6093,11222.9
2076,6,0,7,15.6028,11188.3
1355,6,0,7,15.6016,11182
1364,6,0,7,15.6016,11181.8
1361,6,0,7,15.5953,11146.7
1354,6,0,7,15.5953,11146.5
2188,6,0,7,15.5885,11111.3
2075,6,0,7,15.5665,10998.9
1822,6,0,7,15.5657,10994.9
1353,6,0,7,15.5576,10953.3
2118,6,0,7,15.536,10836.6
2117,6,0,7,15.5335,10812
2164,6,0,7,15.5152,10697.5
1306,6,0,7,15.4903,10536.9
1599,6,0,7,15.4744,10447.9
1300,6,0,7,15.4699,10421.2
1298,6,0,7,15.4651,10394.4
2176,6,0,7,15.4586,10355.2
2066,6,0,7,15.4483,10288
869,6,0,7,15.4388,10213.1
865,6,0,7,15.4237,10122.5
852,6,0,7,15.4173,10081
850,6,0,7,15.4112,10038
849,6,0,7,15.4033,9988
1774,6,0,7,15.4001,9969.26
837,6,0,7,15.3893,9901.07
2010,6,0,7,15.382,9854.97
836,6,0,7,15.375,9807.15
827,6,0,7,15.3657,9751.43
826,6,0,7,15.3459,9642.53
815,6,0,7,15.331,9558.73
1414,6,0,8,15.9745,13056.6,0.0926667,404.184,0.21,9
2120,6,0,8,15.964,13001.9
2097,6,0,8,15.9549,12954.9
1415,6,0,8,15.9422,12889.3
1416,6,0,8,15.9264,12810.2
1554,6,0,8,15.9248,12802.4
2079,6,0,8,15.9183,12768.6
2080,6,0,8,15.9033,12693.7
2081,6,0,8,15.8889,12616.4
1207,6,0,8,15.8735,12529.9
2061,6,0,8,15.8663,12486.6
1206,6,0,8,15.8563,12432.5
1317,6,0,9,16.2077,14208.5,0.104167,454.344,0.13,10
2071,6,0,9,16.1955,14140.4
1359,6,0,9,16.174,14026.2
1370,6,0,9,16.173,14021.7
1360,6,0,9,16.1499,13894.9
1361,6,0,9,16.1352,13813.7
1354,6,0,9,16.1351,13813.5
1355,6,0,9,16.1291,13781
2076,6,0,9,16.1273,13771.8
1356,6,0,9,16.1197,13732.7
1357,6,0,9,16.1189,13728.9
1358,6,0,9,16.1058,13662.5
1352,6,0,9,16.0978,13619.3
1351,6,0,9,16.0875,13565.7
1350,6,0,9,16.08,13527.1
1414,6,0,9,16.0672,13460.8
999,6,0,10,16.5398,15857.2,0,0,0
1002,6,0,10,16.5344,15826.8
1031,6,0,10,16.5227,15766.6
2031,6,0,10,16.5154,15729.6
2032,6,0,10,16.515,15727.8
1053,6,0,10,16.5071,15688.6
1784,6,0,10,16.504,15672.1
1066,6,0,10,16.4948,15624.9
2034,6,0,10,16.4777,15535.3
1850,6,0,10,16.4685,15488.3
2035,6,0,10,16.4603,15444.7
1106,6,0,10,16.4484,15380.5
2039,6,0,10,16.436,15316.6
2106,6,0,10,16.4204,15232
2050,6,0,10,16.4112,15188
2051,6,0,10,16.3998,15127.8
1333,6,0,10,16.3759,15002.1
1315,6,0,10,16.3628,14934.6
2165,6,0,10,16.3453,14844
2071,6,0,10,16.3254,14736.6
1317,6,0,10,16.3119,14662.8
2021,7,0,0,13.4755,954.157,0.0418333,182.464,0.24,1
1791,7,0,0,13.4663,908.831
939,7,0,0,13.453,839.961
940,7,0,0,13.4484,808.109
930,7,0,0,13.4362,746.307
1555,7,0,0,13.4134,630.349
915,7,0,0,13.406,593.22
2016,7,0,0,13.3845,486.314
917,7,0,0,13.3837,482.499
916,7,0,0,13.3835,481.592
919,7,0,0,13.3778,442.508
2017,7,0,0,13.3777,442.335
2014,7,0,0,13.3767,437.314
2015,7,0,0,13.3686,396.599
910,7,0,0,13.3685,396.115
909,7,0,0,13.3602,353.969
1051,7,0,0,13.3503,303.813
1025,7,0,0,13.3381,242.513
1029,7,0,0,13.3242,173.157
1026,7,0,0,13.3137,121.112
998,7,0,0,13.3091,97.9808
999,7,0,0,13.29,0
1800,7,0,1,13.836,2880.35,0.0345,150.479,0.15,2
552,7,0,1,13.823,2818.02
603,7,0,1,13.7925,2666.11
604,7,0,1,13.7888,2645.77
596,7,0,1,13.7887,2644.8
580,7,0,1,13.7784,2584.17
574,7,0,1,13.7578,2476.61
573,7,0,1,13.7486,2424.52
564,7,0,1,13.7414,2385.28
557,7,0,1,13.7355,2352.2
561,7,0,1,13.7288,2305.66
628,7,0,1,13.7245,2280.29
609,7,0,1,13.7123,2204.49
423,7,0,1,13.7064,2148.17
419,7,0,1,13.7011,2113.33
420,7,0,1,13.6959,2078.38
421,7,0,1,13.6919,2051.6
417,7,0,1,13.6875,2027.12
1989,7,0,1,13.6709,1940.71
2011,7,0,1,13.6531,1847.52
2156,7,0,1,13.6479,1820.19
2013,7,0,1,13.6472,1817.04
886,7,0,1,13.6353,1758.86
888,7,0,1,13.6155,1652.75
903,7,0,1,13.6017,1582.87
904,7,0,1,13.5983,1564.49
925,7,0,1,13.5748,1436.59
2019,7,0,1,13.5694,1409.32
929,7,0,1,13.569,1407.34
938,7,0,1,13.557,1341.49
950,7,0,1,13.5435,1270.93
951,7,0,1,13.5365,1235.21
2021,7,0,1,13.5173,1136.62
449,7,0,2,13.9996,3765.64,0.0431667,188.28,0.11,3
457,7,0,2,13.9882,3703.58
456,7,0,2,13.9832,3674.54
458,7,0,2,13.974,3613.63
459,7,0,2,13.9673,3568.28
1543,7,0,2,13.9588,3506.47
715,7,0,2,13.9537,3462.63
716,7,0,2,13.9405,3388.27
722,7,0,2,13.9399,3385.45
552,7,0,2,13.8788,3073.57
1800,7,0,2,13.8705,3030.83
362,7,0,3,14.1672,4696.64,0.0438333,191.188,0.02,4
363,7,0,3,14.1509,4608.44
440,7,0,3,14.1231,4467.66
451,7,0,3,14.1065,4381.47
1716,7,0,3,14.1041,4365.04
462,7,0,3,14.095,4317.97
1990,7,0,3,14.0879,4265.28
452,7,0,3,14.084,4233.21
453,7,0,3,14.0728,4145.99
455,7,0,3,14.0643,4080.5
454,7,0,3,14.0618,4065.85
448,7,0,3,14.0545,4020.93
449,7,0,3,14.0428,3953.92
104,7,0,4,14.4165,5987.14,0.0708333,308.954,0.11,5
124,7,0,4,14.4021,5912.28
1715,7,0,4,14.3662,5730.97
136,7,0,4,14.3609,5703.29
139,7,0,4,14.3479,5633.67
140,7,0,4,14.3271,5520.02
360,7,0,4,14.2884,5310.41
361,7,0,4,14.2759,5241.54
367,7,0,4,14.2421,5053.74
363,7,0,4,14.2268,4973.51
362,7,0,4,14.211,4887.83
1280,7,0,5,14.8444,8257.69,0.0575,250.798,0.05,6
1845,7,0,5,14.8294,8181.85
1270,7,0,5,14.8246,8158.32
1271,7,0,5,14.8128,8098.64
868,7,0,5,14.7981,8016.56
869,7,0,5,14.7788,7911.09
1856,7,0,5,14.759,7815.6
855,7,0,5,14.7588,7814.88
843,7,0,5,14.7452,7735.83
832,7,0,5,14.734,7672.15
831,7,0,5,14.7275,7637.14
2153,7,0,5,14.7274,7637.06
821,7,0,5,14.7136,7568.19
2008,7,0,5,14.7051,7525.4
812,7,0,5,14.6873,7428.39
807,7,0,5,14.6872,7427.6
356,7,0,5,14.6745,7357.84
1981,7,0,5,14.6622,7274.33
345,7,0,5,14.6427,7173.48
341,7,0,5,14.6299,7109.06
2132,7,0,5,14.6297,7107
328,7,0,5,14.6129,7011.32
2115,7,0,5,14.6017,6952.91
329,7,0,5,14.5979,6932.61
1979,7,0,5,14.5913,6900.26
1978,7,0,5,14.5502,6670.81
107,7,0,5,14.5421,6617.06
1967,7,0,5,14.5391,6588.35
105,7,0,5,14.5134,6438.47
124,7,0,5,14.5004,6365.59
104,7,0,5,14.4873,6296.09
815,7,0,6,15.0749,9491.84,0.0461667,201.365,0.21,7
816,7,0,6,15.0669,9452.69
2151,7,0,6,15.0551,9389.03
819,7,0,6,15.0402,9308.93
2009,7,0,6,15.0333,9261.54
2010,7,0,6,15.0172,9160.29
837,7,0,6,15.0094,9113.55
1774,7,0,6,14.9979,9044.22
849,7,0,6,14.9943,9024.31
850,7,0,6,14.9883,8975.2
862,7,0,6,14.9834,8928.2
1773,7,0,6,14.9727,8869.53
1259,7,0,6,14.9592,8796.17
1269,7,0,6,14.9379,8687.4
1270,7,0,6,14.9208,8604.12
1845,7,0,6,14.9151,8576.53
1280,7,0,6,14.9019,8508.49
1414,7,0,7,15.4551,11643.1,0.0926667,404.184,0.21,8
1350,7,0,7,15.4399,11566.8
1351,7,0,7,15.4322,11527.2
1352,7,0,7,15.4196,11464
1358,7,0,7,15.4107,11416.9
1357,7,0,7,15.4001,11361.1
1356,7,0,7,15.3993,11357.4
2076,7,0,7,15.3928,11322.8
1355,7,0,7,15.3916,11316.4
1364,7,0,7,15.3916,11316.2
1361,7,0,7,15.3853,11281.1
1354,7,0,7,15.3853,11280.9
2188,7,0,7,15.3785,11245.7
2075,7,0,7,15.3565,11133.4
1822,7,0,7,15.3557,11129.4
1353,7,0,7,15.3477,11087.7
2118,7,0,7,15.3261,10971.1
2117,7,0,7,15.3235,10946.4
2164,7,0,7,15.3052,10832
1306,7,0,7,15.2803,10671.3
1599,7,0,7,15.2645,10582.3
1300,7,0,7,15.2599,10555.7
1298,7,0,7,15.2551,10528.9
2176,7,0,7,15.2486,10489.7
2066,7,0,7,15.2383,10422.5
869,7,0,7,15.2288,10347.6
865,7,0,7,15.2138,10257
852,7,0,7,15.2073,10215.5
850,7,0,7,15.2013,10172.4
849,7,0,7,15.1933,10122.5
1774,7,0,7,15.1901,10103.7
837,7,0,7,15.1794,10035.5
2010,7,0,7,15.1721,9989.45
836,7,0,7,15.165,9941.62
827,7,0,7,15.1557,9885.91
826,7,0,7,15.1359,9777
815,7,0,7,15.1211,9693.2
1206,7,0,8,15.6433,12559.1,0.0928333,404.911,0.1,9
2081,7,0,8,15.6276,12471.6
2080,7,0,8,15.6137,12396.5
2079,7,0,8,15.599,12322.5
1554,7,0,8,15.5909,12282.3
1416,7,0,8,15.5893,12274.5
1415,7,0,8,15.575,12201.6
2097,7,0,8,15.5633,12140.4
2120,7,0,8,15.5598,12108.5
1414,7,0,8,15.5478,12047.3
1317,7,0,9,16.0093,14401.4,0.104167,454.344,0.13,10
2071,7,0,9,15.9993,14338.3
1359,7,0,9,15.977,14220.8
1370,7,0,9,15.976,14216.3
1360,7,0,9,15.9429,14046.9
1361,7,0,9,15.9282,13966
1354,7,0,9,15.9282,13965.8
1355,7,0,9,15.922,13932.5
2076,7,0,9,15.9202,13923.4
1356,7,0,9,15.9132,13886.6
1357,7,0,9,15.9124,13882.9
1358,7,0,9,15.9007,13822.7
1352,7,0,9,15.8917,13775
1351,7,0,9,15.8779,13706.8
1350,7,0,9,15.8707,13669.3
1414,7,0,9,15.8543,13588.1
2120,7,0,9,15.8438,13533.4
2097,7,0,9,15.8347,13486.4
1415,7,0,9,15.8219,13420.8
1416,7,0,9,15.8062,13341.8
1554,7,0,9,15.8046,13333.9
2079,7,0,9,15.7981,13300.2
2080,7,0,9,15.7831,13225.2
2081,7,0,9,15.7687,13148
1207,7,0,9,15.7533,13061.4
2061,7,0,9,15.746,13018.1
1206,7,0,9,15.7361,12964
999,7,0,10,16.3414,16050.2,0,0,0
1002,7,0,10,16.336,16019.7
1031,7,0,10,16.3243,15959.6
2031,7,0,10,16.317,15922.6
2032,7,0,10,16.3166,15920.7
1053,7,0,10,16.3087,15881.6
1784,7,0,10,16.3056,15865
1066,7,0,10,16.2963,15817.9
2034,7,0,10,16.2793,15728.3
1850,7,0,10,16.2701,15681.3
2035,7,0,10,16.2619,15637.7
1106,7,0,10,16.25,15573.4
2039,7,0,10,16.2376,15509.6
2106,7,0,10,16.222,15425
2050,7,0,10,16.2128,15381
2051,7,0,10,16.2014,15320.7
1333,7,0,10,16.1775,15195
1315,7,0,10,16.1644,15127.6
2165,7,0,10,16.1469,15037
2071,7,0,10,16.127,14929.6
1317,7,0,10,16.1135,14855.8
1206,8,0,0,15.7082,1274.9,0.0928333,404.911,0.1,1
1653,8,0,0,15.705,1257.33
2096,8,0,0,15.6966,1210.5
1202,8,0,0,15.6681,1060.83
2059,8,0,0,15.6505,968.507
1552,8,0,0,15.6431,930.8
2060,8,0,0,15.6413,921.439
1551,8,0,0,15.6406,917.264
1550,8,0,0,15.6398,913.48
1196,8,0,0,15.6335,870.183
1194,8,0,0,15.6332,868.635
1190,8,0,0,15.6229,804.163
1186,8,0,0,15.6106,740.147
1183,8,0,0,15.5972,672.715
1103,8,0,0,15.5864,615.126
1084,8,0,0,15.5768,558.621
1062,8,0,0,15.5598,458.188
2159,8,0,0,15.5596,457.186
1045,8,0,0,15.5589,454.036
1043,8,0,0,15.5558,438.079
2158,8,0,0,15.5491,404.11
2030,8,0,0,15.5452,384.274
1011,8,0,0,15.5451,383.45
1009,8,0,0,15.5412,361.416
1041,8,0,0,15.5411,360.726
1039,8,0,0,15.5336,321.56
1037,8,0,0,15.5246,276.701
1034,8,0,0,15.5148,226.091
2032,8,0,0,15.4993,148.497
2031,8,0,0,15.499,146.673
1031,8,0,0,15.4907,105.841
1002,8,0,0,15.4769,36.794
999,8,0,0,15.47,0
1414,8,0,1,15.9193,2303.91,0.0926667,404.184,0.21,2
2120,8,0,1,15.9087,2249.25
2097,8,0,1,15.8996,2202.21
1415,8,0,1,15.8869,2136.64
1416,8,0,1,15.8711,2057.58
1554,8,0,1,15.8695,2049.75
2079,8,0,1,15.863,2015.99
2080,8,0,1,15.848,1941.05
2081,8,0,1,15.8337,1863.79
1207,8,0,1,15.8183,1777.24
2061,8,0,1,15.811,1733.94
1206,8,0,1,15.8011,1679.81
1317,8,0,2,16.1524,3455.81,0.104167,454.344,0.13,3
2071,8,0,2,16.1403,3387.71
1359,8,0,2,16.1187,3273.52
1370,8,0,2,16.1177,3269.07
1360,8,0,2,16.0946,3142.23
1361,8,0,2,16.0799,3061.01
1354,8,0,2,16.0798,3060.82
1355,8,0,2,16.0738,3028.3
2076,8,0,2,16.072,3019.18
1356,8,0,2,16.0644,2980.01
1357,8,0,2,16.0637,2976.29
1358,8,0,2,16.0505,2909.88
1352,8,0,2,16.0425,2866.6
1351,8,0,2,16.0323,2813.05
1350,8,0,2,16.0247,2774.41
1414,8,0,2,16.0119,2708.09
815,8,0,3,16.5827,5740.76,0.0345,150.479,0.2,4
816,8,0,3,16.5765,5709
2151,8,0,3,16.5651,5646.86
819,8,0,3,16.5506,5568.35
2009,8,0,3,16.5434,5520.84
2010,8,0,3,16.5275,5419.67
837,8,0,3,16.5205,5373.96
1774,8,0,3,16.5106,5306.64
849,8,0,3,16.5067,5285.3
850,8,0,3,16.5002,5236.35
852,8,0,3,16.4909,5185.73
865,8,0,3,16.4844,5144.1
869,8,0,3,16.47,5054.34
2066,8,0,3,16.4474,4938.32
1297,8,0,3,16.4205,4796.15
1299,8,0,3,16.4145,4762.78
1600,8,0,3,16.4131,4749.33
1306,8,0,3,16.3997,4663.84
1301,8,0,3,16.383,4577.92
1302,8,0,3,16.3584,4446.76
1307,8,0,3,16.3448,4369.39
1308,8,0,3,16.3305,4297.05
1309,8,0,3,16.3136,4209.1
1314,8,0,3,16.313,4206.22
2165,8,0,3,16.2901,4091.35
2071,8,0,3,16.2701,3983.94
1317,8,0,3,16.2566,3910.15
999,8,0,4,16.9398,7567.65,0,0,0
1002,8,0,4,16.9298,7517.75
1024,8,0,4,16.9116,7423.23
1029,8,0,4,16.9055,7393.73
1027,8,0,4,16.8946,7338.34
898,8,0,4,16.8857,7292.16
895,8,0,4,16.8684,7204.86
896,8,0,4,16.8647,7186.62
892,8,0,4,16.8611,7168.75
906,8,0,4,16.8478,7097.02
905,8,0,4,16.8333,7022.04
903,8,0,4,16.8128,6914.5
904,8,0,4,16.8095,6897.02
902,8,0,4,16.7964,6826.54
901,8,0,4,16.783,6755.12
900,8,0,4,16.7782,6729.45
899,8,0,4,16.7555,6613.46
833,8,0,4,16.7307,6480.86
834,8,0,4,16.7268,6461.61
825,8,0,4,16.7162,6404.54
831,8,0,4,16.7158,6402.51
2153,8,0,4,16.7157,6402.43
821,8,0,4,16.7052,6347.56
2008,8,0,4,16.6967,6304.77
2152,8,0,4,16.6897,6266.98
820,8,0,4,16.6687,6162.56
819,8,0,4,16.6513,6072.03
2151,8,0,4,16.6358,5989.14
816,8,0,4,16.6233,5922.57
815,8,0,4,16.6172,5891.24
2021,8,1,0,13.8755,954.157,0.0418333,182.464,0.24,1
1791,8,1,0,13.8663,908.831
939,8,1,0,13.853,839.961
940,8,1,0,13.8484,808.109
930,8,1,0,13.8362,746.307
1555,8,1,0,13.8134,630.349
915,8,1,0,13.806,593.22
2016,8,1,0,13.7845,486.314
917,8,1,0,13.7837,482.499
916,8,1,0,13.7835,481.592
919,8,1,0,13.7778,442.508
2017,8,1,0,13.7777,442.335
2014,8,1,0,13.7767,437.314
2015,8,1,0,13.7686,396.599
910,8,1,0,13.7685,396.115
909,8,1,0,13.7602,353.969
1051,8,1,0,13.7503,303.813
1025,8,1,0,13.7381,242.513
1029,8,1,0,13.7242,173.157
1026,8,1,0,13.7137,121.112
998,8,1,0,13.7091,97.9808
999,8,1,0,13.69,0
1280,8,1,1,14.1024,2119.73,0.0575,250.798,0.05,2
2069,8,1,1,14.0796,2002.59
2067,8,1,1,14.0502,1844.18
2068,8,1,1,14.0385,1782.97
1805,8,1,1,14.0258,1712.79
1553,8,1,1,14.0028,1593.09
1300,8,1,1,13.9957,1557.1
1299,8,1,1,13.9936,1542.53
1557,8,1,1,13.9772,1451.48
2024,8,1,1,13.9616,1370.91
2025,8,1,1,13.9498,1304.01
949,8,1,1,13.9462,1286.18
951,8,1,1,13.9365,1235.21
2021,8,1,1,13.9173,1136.62
999,8,1,2,14.4858,4084.84,0,0,0
1002,8,1,2,14.4795,4050.79
1024,8,1,2,14.4597,3949.16
1029,8,1,2,14.4546,3923.75
1027,8,1,2,14.4428,3864.45
898,8,1,2,14.4337,3817.41
895,8,1,2,14.4163,3730.06
896,8,1,2,14.4126,3711.82
892,8,1,2,14.4092,3694.58
906,8,1,2,14.3938,3613.66
905,8,1,2,14.3814,3547.57
903,8,1,2,14.3604,3438.4
904,8,1,2,14.3569,3419.71
902,8,1,2,14.3431,3346.48
914,8,1,2,14.3354,3305.02
913,8,1,2,14.3224,3236.26
912,8,1,2,14.3189,3217.28
911,8,1,2,14.3022,3125.45
835,8,1,2,14.2814,3012.36
848,8,1,2,14.2804,3007.88
843,8,1,2,14.2608,2900.27
855,8,1,2,14.2333,2763.79
1856,8,1,2,14.2332,2763.08
869,8,1,2,14.2194,2692.59
868,8,1,2,14.1983,2579.38
1271,8,1,2,14.1853,2502.67
1846,8,1,2,14.18,2477.1
1845,8,1,2,14.1731,2438.56
1280,8,1,2,14.1599,2370.52
1800,8,2,0,13.7016,951.622,0.0345,150.479,0.15,1
552,8,2,0,13.6925,905.718
603,8,2,0,13.6589,740.761
604,8,2,0,13.6539,714.369
596,8,2,0,13.6537,713.397
580,8,2,0,13.6422,649.074
574,8,2,0,13.6216,541.537
573,8,2,0,13.6125,489.448
564,8,2,0,13.6052,450.205
557,8,2,0,13.5993,417.124
561,8,2,0,13.5926,370.589
628,8,2,0,13.5883,345.216
615,8,2,0,13.5835,317.236
617,8,2,0,13.58,299.689
616,8,2,0,13.5724,261.472
676,8,2,0,13.5662,230.409
674,8,2,0,13.5558,178.918
675,8,2,0,13.5492,145.841
962,8,2,0,13.5388,96.4787
961,8,2,0,13.5333,67.3447
999,8,2,0,13.52,0
449,8,2,1,13.8652,1836.91,0.0431667,188.28,0.11,2
457,8,2,1,13.8538,1774.85
456,8,2,1,13.8488,1745.81
458,8,2,1,13.8396,1684.9
459,8,2,1,13.8329,1639.55
1543,8,2,1,13.8244,1577.74
715,8,2,1,13.8193,1533.9
716,8,2,1,13.8061,1459.54
722,8,2,1,13.8055,1456.73
552,8,2,1,13.7444,1144.84
1800,8,2,1,13.7361,1102.1
362,8,2,2,14.0328,2765.87,0.0438333,191.188,0.02,3
363,8,2,2,14.0178,2683.42
367,8,2,2,14.0052,2614.55
368,8,2,2,13.9978,2579.99
451,8,2,2,13.9764,2462.69
1716,8,2,2,13.9739,2446.26
462,8,2,2,13.9667,2407.44
1990,8,2,2,13.9589,2354.4
452,8,2,2,13.955,2322.33
453,8,2,2,13.9442,2234.91
455,8,2,2,13.9329,2167.09
454,8,2,2,13.9297,2149.71
448,8,2,2,13.9233,2105.76
449,8,2,2,13.9084,2025.19
104,8,2,3,14.2821,4056.37,0.0708333,308.954,0.11,4
124,8,2,3,14.2677,3981.51
1715,8,2,3,14.2318,3800.2
136,8,2,3,14.2266,3772.52
139,8,2,3,14.2136,3702.9
140,8,2,3,14.1927,3589.25
360,8,2,3,14.154,3379.64
361,8,2,3,14.1415,3310.77
367,8,2,3,14.1077,3122.97
363,8,2,3,14.0924,3042.74
362,8,2,3,14.0767,2957.06
999,8,2,4,14.6612,6005.59,0,0,0
961,8,2,4,14.6481,5939.04
962,8,2,4,14.6404,5900.35
675,8,2,4,14.6329,5863.11
674,8,2,4,14.6267,5831.47
676,8,2,4,14.6227,5804.14
616,8,2,4,14.6157,5769.68
617,8,2,4,14.6083,5732.77
615,8,2,4,14.6055,5717.8
608,8,2,4,14.594,5655.57
612,8,2,4,14.5897,5626.36
426,8,2,4,14.5823,5584.12
424,8,2,4,14.5803,5571.1
407,8,2,4,14.5618,5475.17
406,8,2,4,14.5576,5453.26
403,8,2,4,14.5467,5399.34
394,8,2,4,14.5377,5349.96
384,8,2,4,14.5315,5319.99
385,8,2,4,14.5277,5300.59
377,8,2,4,14.525,5285.15
2134,8,2,4,14.51,5199.74
360,8,2,4,14.4772,5025.99
140,8,2,4,14.4372,4810.77
139,8,2,4,14.4173,4700.89
136,8,2,4,14.4053,4635.9
1715,8,2,4,14.3993,4605.19
124,8,2,4,14.3661,4434.82
104,8,2,4,14.3529,4365.33
1206,9,0,0,15.6782,1274.9,0.0928333,404.911,0.1,1
1653,9,0,0,15.675,1257.33
2096,9,0,0,15.6666,1210.5
1202,9,0,0,15.6381,1060.83
2059,9,0,0,15.6205,968.507
1552,9,0,0,15.6131,930.8
2060,9,0,0,15.6113,921.439
1551,9,0,0,15.6106,917.264
1550,9,0,0,15.6098,913.48
1196,9,0,0,15.6035,870.183
1194,9,0,0,15.6032,868.635
1190,9,0,0,15.5929,804.163
1186,9,0,0,15.5806,740.147
1183,9,0,0,15.5672,672.715
1103,9,0,0,15.5564,615.126
1084,9,0,0,15.5468,558.621
1062,9,0,0,15.5298,458.188
2159,9,0,0,15.5296,457.186
1045,9,0,0,15.5289,454.036
1043,9,0,0,15.5258,438.079
2158,9,0,0,15.5191,404.11
2030,9,0,0,15.5152,384.274
1011,9,0,0,15.5151,383.45
1009,9,0,0,15.5112,361.416
1041,9,0,0,15.5111,360.726
1039,9,0,0,15.5036,321.56
1037,9,0,0,15.4946,276.701
1034,9,0,0,15.4848,226.091
2032,9,0,0,15.4693,148.497
2031,9,0,0,15.469,146.673
1031,9,0,0,15.4607,105.841
1002,9,0,0,15.4469,36.794
999,9,0,0,15.44,0
1317,9,0,1,16.0442,3117.24,0.104167,454.344,0.13,2
2071,9,0,1,16.0343,3054.13
1359,9,0,1,16.0119,2936.59
1370,9,0,1,16.011,2932.14
1360,9,0,1,15.9778,2762.74
1361,9,0,1,15.9632,2681.82
1354,9,0,1,15.9631,2681.63
1355,9,0,1,15.957,2648.35
2076,9,0,1,15.9551,2639.24
1356,9,0,1,15.9481,2602.39
1357,9,0,1,15.9473,2598.67
1358,9,0,1,15.9357,2538.51
1352,9,0,1,15.9266,2490.8
1351,9,0,1,15.9129,2422.61
1350,9,0,1,15.9056,2385.07
1414,9,0,1,15.8893,2303.91
2120,9,0,1,15.8787,2249.25
2097,9,0,1,15.8696,2202.21
1415,9,0,1,15.8569,2136.64
1416,9,0,1,15.8411,2057.58
1554,9,0,1,15.8395,2049.75
2079,9,0,1,15.833,2015.99
2080,9,0,1,15.818,1941.05
2081,9,0,1,15.8037,1863.79
1207,9,0,1,15.7883,1777.24
2061,9,0,1,15.781,1733.94
1206,9,0,1,15.7711,1679.81
815,9,0,2,16.4745,5402.2,0.0345,150.479,0.2,3
816,9,0,2,16.4683,5370.44
2151,9,0,2,16.4569,5308.29
819,9,0,2,16.4424,5229.79
2009,9,0,2,16.4352,5182.27
2010,9,0,2,16.4193,5081.1
837,9,0,2,16.4123,5035.4
1774,9,0,2,16.4024,4968.08
849,9,0,2,16.3985,4946.73
850,9,0,2,16.392,4897.79
852,9,0,2,16.3827,4847.17
865,9,0,2,16.3762,4805.53
869,9,0,2,16.3618,4715.78
2066,9,0,2,16.3392,4599.76
1297,9,0,2,16.3123,4457.59
1299,9,0,2,16.3063,4424.22
1600,9,0,2,16.3049,4410.77
1306,9,0,2,16.2915,4325.27
1301,9,0,2,16.2748,4239.36
1302,9,0,2,16.2502,4108.2
1307,9,0,2,16.2366,4030.82
1308,9,0,2,16.2223,3958.49
1309,9,0,2,16.2054,3870.53
1314,9,0,2,16.2048,3867.66
2165,9,0,2,16.1819,3752.79
2071,9,0,2,16.1619,3645.38
1317,9,0,2,16.1484,3571.59
999,9,0,3,16.8316,7229.09,0,0,0
1002,9,0,3,16.8216,7179.19
1024,9,0,3,16.8034,7084.67
1029,9,0,3,16.7973,7055.17
1027,9,0,3,16.7864,6999.78
898,9,0,3,16.7775,6953.6
895,9,0,3,16.7602,6866.3
896,9,0,3,16.7565,6848.06
892,9,0,3,16.7529,6830.19
906,9,0,3,16.7397,6758.45
905,9,0,3,16.7251,6683.48
903,9,0,3,16.7046,6575.94
904,9,0,3,16.7013,6558.45
902,9,0,3,16.6882,6487.97
901,9,0,3,16.6749,6416.55
900,9,0,3,16.67,6390.89
899,9,0,3,16.6473,6274.9
833,9,0,3,16.6225,6142.3
834,9,0,3,16.6186,6123.05
825,9,0,3,16.608,6065.98
831,9,0,3,16.6076,6063.95
2153,9,0,3,16.6075,6063.86
821,9,0,3,16.597,6009
2008,9,0,3,16.5885,5966.21
2152,9,0,3,16.5815,5928.42
820,9,0,3,16.5605,5824
819,9,0,3,16.5431,5733.47
2151,9,0,3,16.5276,5650.57
816,9,0,3,16.5151,5584
815,9,0,3,16.509,5552.68
2021,9,1,0,13.9555,954.157,0.0418333,182.464,0.24,1
1791,9,1,0,13.9463,908.831
939,9,1,0,13.933,839.961
940,9,1,0,13.9284,808.109
930,9,1,0,13.9162,746.307
1555,9,1,0,13.8934,630.349
915,9,1,0,13.886,593.22
2016,9,1,0,13.8645,486.314
917,9,1,0,13.8637,482.499
916,9,1,0,13.8635,481.592
919,9,1,0,13.8578,442.508
2017,9,1,0,13.8577,442.335
2014,9,1,0,13.8567,437.314
2015,9,1,0,13.8486,396.599
910,9,1,0,13.8485,396.115
909,9,1,0,13.8402,353.969
1051,9,1,0,13.8303,303.813
1025,9,1,0,13.8181,242.513
1029,9,1,0,13.8042,173.157
1026,9,1,0,13.7937,121.112
998,9,1,0,13.7891,97.9808
999,9,1,0,13.77,0
1280,9,1,1,14.1824,2119.73,0.0575,250.798,0.05,2
2069,9,1,1,14.1596,2002.59
2067,9,1,1,14.1302,1844.18
2068,9,1,1,14.1185,1782.97
1805,9,1,1,14.1058,1712.79
1553,9,1,1,14.0828,1593.09
1300,9,1,1,14.0757,1557.1
1299,9,1,1,14.0736,1542.53
1557,9,1,1,14.0572,1451.48
2024,9,1,1,14.0416,1370.91
2025,9,1,1,14.0298,1304.01
949,9,1,1,14.0262,1286.18
951,9,1,1,14.0165,1235.21
2021,9,1,1,13.9973,1136.62
1414,9,1,2,14.5275,3968.13,0.116333,507.411,0.2,3
1350,9,1,2,14.5159,3906.96
1351,9,1,2,14.5058,3857.87
1352,9,1,2,14.4927,3792.12
1358,9,1,2,14.4819,3737.13
1357,9,1,2,14.4697,3674.79
1356,9,1,2,14.4689,3671.07
2076,9,1,2,14.4594,3623.41
1355,9,1,2,14.4581,3616.75
1364,9,1,2,14.4581,3616.54
1361,9,1,2,14.4518,3581.34
1354,9,1,2,14.4517,3581.15
2188,9,1,2,14.4438,3541.07
2075,9,1,2,14.4205,3423.32
1822,9,1,2,14.4197,3419.32
1353,9,1,2,14.4113,3376.28
2118,9,1,2,14.3904,3262.72
2117,9,1,2,14.3879,3238.09
2164,9,1,2,14.3696,3123.65
1306,9,1,2,14.3467,2964.82
1599,9,1,2,14.3319,2878.34
1300,9,1,2,14.3274,2851.71
1298,9,1,2,14.321,2818.01
2176,9,1,2,14.3144,2778.78
2066,9,1,2,14.3036,2710.97
1262,9,1,2,14.2919,2648.58
1261,9,1,2,14.2825,2598.53
1846,9,1,2,14.26,2477.1
1845,9,1,2,14.2531,2438.56
1280,9,1,2,14.2399,2370.52
999,9,1,3,14.9233,5911.22,0,0,0
1002,9,1,3,14.917,5877.18
1031,9,1,3,14.9022,5804.03
2031,9,1,3,14.8949,5767.04
2032,9,1,3,14.8945,5765.22
1053,9,1,3,14.8869,5727.32
1784,9,1,3,14.8835,5709.58
1069,9,1,3,14.8625,5603.78
1848,9,1,3,14.8567,5569.52
1847,9,1,3,14.8512,5541.46
1086,9,1,3,14.8456,5513.38
1087,9,1,3,14.8318,5442.9
1088,9,1,3,14.8228,5398.81
1117,9,1,3,14.8137,5352.34
1119,9,1,3,14.8129,5348.35
1118,9,1,3,14.8067,5314.76
2044,9,1,3,14.7915,5235.2
2169,9,1,3,14.7835,5194.18
2171,9,1,3,14.7788,5170.02
1549,9,1,3,14.771,5129.87
1147,9,1,3,14.7636,5091.49
1796,9,1,3,14.7296,4909.38
1328,9,1,3,14.7276,4899.33
1340,9,1,3,14.7075,4799.06
1348,9,1,3,14.707,4796.52
1349,9,1,3,14.706,4791.47
1358,9,1,3,14.6876,4699.29
1352,9,1,3,14.6793,4654.51
1351,9,1,3,14.6674,4594.02
1350,9,1,3,14.6604,4557.64
1414,9,1,3,14.6438,4475.54
1800,9,2,0,13.7716,951.622,0.0345,150.479,0.15,1
552,9,2,0,13.7625,905.718
603,9,2,0,13.7289,740.761
604,9,2,0,13.7239,714.369
596,9,2,0,13.7237,713.397
580,9,2,0,13.7122,649.074
574,9,2,0,13.6916,541.537
573,9,2,0,13.6825,489.448
564,9,2,0,13.6752,450.205
557,9,2,0,13.6693,417.124
561,9,2,0,13.6626,370.589
628,9,2,0,13.6583,345.216
615,9,2,0,13.6535,317.236
617,9,2,0,13.65,299.689
616,9,2,0,13.6424,261.472
676,9,2,0,13.6362,230.409
674,9,2,0,13.6258,178.918
675,9,2,0,13.6192,145.841
962,9,2,0,13.6088,96.4787
961,9,2,0,13.6033,67.3447
999,9,2,0,13.59,0
449,9,2,1,13.9352,1836.91,0.0431667,188.28,0.11,2
457,9,2,1,13.9237,1774.85
456,9,2,1,13.9188,1745.81
458,9,2,1,13.9096,1684.9
459,9,2,1,13.9029,1639.55
1543,9,2,1,13.8944,1577.74
715,9,2,1,13.8893,1533.9
716,9,2,1,13.8761,1459.54
722,9,2,1,13.8755,1456.73
552,9,2,1,13.8144,1144.84
1800,9,2,1,13.8061,1102.1
362,9,2,2,14.1028,2765.87,0.0438333,191.188,0.02,3
363,9,2,2,14.0878,2683.42
367,9,2,2,14.0752,2614.55
368,9,2,2,14.0678,2579.99
451,9,2,2,14.0464,2462.69
1716,9,2,2,14.0439,2446.26
462,9,2,2,14.0367,2407.44
1990,9,2,2,14.0289,2354.4
452,9,2,2,14.025,2322.33
453,9,2,2,14.0142,2234.91
455,9,2,2,14.0029,2167.09
454,9,2,2,13.9997,2149.71
448,9,2,2,13.9933,2105.76
449,9,2,2,13.9784,2025.19
104,9,2,3,14.3521,4056.37,0.0708333,308.954,0.11,4
124,9,2,3,14.3377,3981.51
1715,9,2,3,14.3018,3800.2
136,9,2,3,14.2966,3772.52
139,9,2,3,14.2836,3702.9
140,9,2,3,14.2627,3589.25
360,9,2,3,14.224,3379.64
361,9,2,3,14.2115,3310.77
367,9,2,3,14.1777,3122.97
363,9,2,3,14.1624,3042.74
362,9,2,3,14.1467,2957.06
999,9,2,4,14.7312,6005.59,0,0,0
961,9,2,4,14.7181,5939.04
962,9,2,4,14.7104,5900.35
675,9,2,4,14.7029,5863.11
674,9,2,4,14.6967,5831.47
676,9,2,4,14.6927,5804.14
616,9,2,4,14.6857,5769.68
617,9,2,4,14.6783,5732.77
615,9,2,4,14.6755,5717.8
608,9,2,4,14.664,5655.57
612,9,2,4,14.6597,5626.36
426,9,2,4,14.6523,5584.12
424,9,2,4,14.6503,5571.1
407,9,2,4,14.6318,5475.17
406,9,2,4,14.6276,5453.26
403,9,2,4,14.6167,5399.34
394,9,2,4,14.6077,5349.96
384,9,2,4,14.6015,5319.99
385,9,2,4,14.5977,5300.59
377,9,2,4,14.595,5285.15
2134,9,2,4,14.58,5199.74
360,9,2,4,14.5472,5025.99
140,9,2,4,14.5072,4810.77
139,9,2,4,14.4873,4700.89
136,9,2,4,14.4753,4635.9
1715,9,2,4,14.4693,4605.19
124,9,2,4,14.4361,4434.82
104,9,2,4,14.4229,4365.33
