Node, Individual, Route,Segment, Travel time, Travel cost, Attention time, Attention cost, Failure rate, Demand
1800,0,0,0,13.7716,951.622,0.0345,150.479,0.15,1
552,0,0,0,13.7625,905.718
603,0,0,0,13.7289,740.761
604,0,0,0,13.7239,714.369
596,0,0,0,13.7237,713.397
580,0,0,0,13.7122,649.074
574,0,0,0,13.6916,541.537
573,0,0,0,13.6825,489.448
564,0,0,0,13.6752,450.205
557,0,0,0,13.6693,417.124
561,0,0,0,13.6626,370.589
628,0,0,0,13.6583,345.216
615,0,0,0,13.6535,317.236
617,0,0,0,13.65,299.689
616,0,0,0,13.6424,261.472
676,0,0,0,13.6362,230.409
674,0,0,0,13.6258,178.918
675,0,0,0,13.6192,145.841
962,0,0,0,13.6088,96.4787
961,0,0,0,13.6033,67.3447
999,0,0,0,13.59,0
449,0,0,1,13.9352,1836.91,0.0431667,188.28,0.11,2
457,0,0,1,13.9237,1774.85
456,0,0,1,13.9188,1745.81
458,0,0,1,13.9096,1684.9
459,0,0,1,13.9029,1639.55
1543,0,0,1,13.8944,1577.74
715,0,0,1,13.8893,1533.9
716,0,0,1,13.8761,1459.54
722,0,0,1,13.8755,1456.73
552,0,0,1,13.8144,1144.84
1800,0,0,1,13.8061,1102.1
362,0,0,2,14.1028,2765.87,0.0438333,191.188,0.02,3
363,0,0,2,14.0878,2683.42
367,0,0,2,14.0752,2614.55
368,0,0,2,14.0678,2579.99
451,0,0,2,14.0464,2462.69
1716,0,0,2,14.0439,2446.26
462,0,0,2,14.0367,2407.44
1990,0,0,2,14.0289,2354.4
452,0,0,2,14.025,2322.33
453,0,0,2,14.0142,2234.91
455,0,0,2,14.0029,2167.09
454,0,0,2,13.9997,2149.71
448,0,0,2,13.9933,2105.76
449,0,0,2,13.9784,2025.19
104,0,0,3,14.3521,4056.37,0.0708333,308.954,0.11,4
124,0,0,3,14.3377,3981.51
1715,0,0,3,14.3018,3800.2
136,0,0,3,14.2966,3772.52
139,0,0,3,14.2836,3702.9
140,0,0,3,14.2627,3589.25
360,0,0,3,14.224,3379.64
361,0,0,3,14.2115,3310.77
367,0,0,3,14.1777,3122.97
363,0,0,3,14.1624,3042.74
362,0,0,3,14.1467,2957.06
815,0,0,4,14.669,5768.53,0.0983333,428.9,0.22,5
816,0,0,4,14.6611,5729.39
2151,0,0,4,14.6492,5665.72
819,0,0,4,14.6344,5585.62
811,0,0,4,14.6138,5469.88
805,0,0,4,14.61,5449.05
358,0,0,4,14.5969,5378.85
349,0,0,4,14.5807,5293.25
344,0,0,4,14.5673,5211.22
1819,0,0,4,14.554,5117.76
335,0,0,4,14.5495,5089.47
2114,0,0,4,14.536,5016.87
329,0,0,4,14.5335,5001.84
1979,0,0,4,14.527,4969.49
1978,0,0,4,14.4858,4740.04
107,0,0,4,14.4777,4686.29
1967,0,0,4,14.4747,4657.59
105,0,0,4,14.449,4507.7
124,0,0,4,14.4361,4434.82
104,0,0,4,14.4229,4365.33
1280,0,0,5,14.9365,7139.59,0.0575,250.798,0.05,6
1845,0,0,5,14.9213,7063.03
1270,0,0,5,14.9177,7044.48
1269,0,0,5,14.9039,6975.04
1259,0,0,5,14.8855,6878.54
1773,0,0,5,14.8706,6798.81
862,0,0,5,14.8587,6734.85
850,0,0,5,14.8514,6688.34
849,0,0,5,14.8433,6638.15
1774,0,0,5,14.8401,6619.33
837,0,0,5,14.8294,6551.24
2010,0,0,5,14.8205,6501.79
836,0,0,5,14.8136,6454.03
827,0,0,5,14.8037,6397.3
826,0,0,5,14.7831,6284.92
815,0,0,5,14.7674,6197.43
2021,0,0,6,15.173,8346.56,0.076,331.489,0.27,7
951,0,0,6,15.1502,8233.1
949,0,0,6,15.1379,8170.85
2025,0,0,6,15.1344,8153.4
2024,0,0,6,15.1197,8074.06
1557,0,0,6,15.1051,7997.99
1299,0,0,6,15.086,7895.12
1300,0,0,6,15.0814,7871.58
1298,0,0,6,15.075,7837.88
2176,0,0,6,15.0685,7798.65
2066,0,0,6,15.0577,7730.83
1262,0,0,6,15.046,7668.45
1261,0,0,6,15.0365,7618.4
1846,0,0,6,15.0141,7496.97
1845,0,0,6,15.0071,7458.43
1280,0,0,6,14.994,7390.39
1317,0,0,7,15.3612,9275.63,0.0693333,302.411,0.21,8
2071,0,0,7,15.3485,9205.43
2165,0,0,7,15.3273,9092.61
1314,0,0,7,15.3092,8998.05
1309,0,0,7,15.3086,8995.18
1304,0,0,7,15.297,8930.54
952,0,0,7,15.2708,8789.96
2022,0,0,7,15.2592,8731.74
2021,0,0,7,15.249,8678.05
1414,0,0,8,15.5824,10375,0.0926667,404.184,0.21,9
1350,0,0,8,15.5679,10301.9
1351,0,0,8,15.5601,10261.8
1352,0,0,8,15.544,10183.9
1358,0,0,8,15.5338,10131.7
1357,0,0,8,15.5227,10073.5
1356,0,0,8,15.5219,10069.8
2076,0,0,8,15.5159,10037.5
1355,0,0,8,15.5147,10030.8
1364,0,0,8,15.5146,10030.6
1361,0,0,8,15.5085,9996.18
1360,0,0,8,15.4899,9898.13
1370,0,0,8,15.4607,9745.5
1359,0,0,8,15.4598,9741.04
2071,0,0,8,15.4426,9645.64
1317,0,0,8,15.4305,9578.04
1206,0,0,9,15.7706,11291,0.0928333,404.911,0.1,10
2081,0,0,9,15.7548,11203.5
2080,0,0,9,15.741,11128.5
2079,0,0,9,15.7262,11054.4
1554,0,0,9,15.7182,11014.3
1416,0,0,9,15.7166,11006.4
1415,0,0,9,15.7023,10933.5
2097,0,0,9,15.6906,10872.3
2120,0,0,9,15.6871,10840.4
1414,0,0,9,15.675,10779.2
999,0,0,10,16.1556,13236.7,0,0,0
1002,0,0,10,16.1515,13208.6
1031,0,0,10,16.1369,13136.4
2031,0,0,10,16.1296,13099.4
2032,0,0,10,16.1292,13097.6
1034,0,0,10,16.1145,13023.4
1037,0,0,10,16.1064,12980.2
1039,0,0,10,16.0983,12938.6
1041,0,0,10,16.0892,12892.7
2030,0,0,10,16.083,12861.8
2158,0,0,10,16.0802,12846.7
2029,0,0,10,16.069,12788.9
1043,0,0,10,16.0689,12788.5
1044,0,0,10,16.0638,12762.1
1046,0,0,10,16.0575,12727.6
1060,0,0,10,16.0406,12640.5
1061,0,0,10,16.0335,12605
1063,0,0,10,16.0305,12588.9
1083,0,0,10,16.0178,12517.8
1105,0,0,10,16.005,12449.6
1104,0,0,10,15.9872,12356.3
1183,0,0,10,15.9847,12339.8
1184,0,0,10,15.9793,12311.1
1663,0,0,10,15.9692,12259.7
1189,0,0,10,15.9628,12225.1
1194,0,0,10,15.949,12147.6
1196,0,0,10,15.9487,12146
1550,0,0,10,15.942,12107.6
1552,0,0,10,15.9378,12085.9
2059,0,0,10,15.9299,12046.3
1202,0,0,10,15.9126,11955
2096,0,0,10,15.8804,11789.6
1654,0,0,10,15.8687,11725.8
1653,0,0,10,15.8666,11713.5
1206,0,0,10,15.8634,11695.9
1800,1,0,0,13.3616,951.622,0.0345,150.479,0.15,1
552,1,0,0,13.3525,905.718
603,1,0,0,13.3189,740.761
604,1,0,0,13.3139,714.369
596,1,0,0,13.3137,713.397
580,1,0,0,13.3022,649.074
574,1,0,0,13.2816,541.537
573,1,0,0,13.2725,489.448
564,1,0,0,13.2652,450.205
557,1,0,0,13.2593,417.124
561,1,0,0,13.2526,370.589
628,1,0,0,13.2483,345.216
615,1,0,0,13.2435,317.236
617,1,0,0,13.24,299.689
616,1,0,0,13.2324,261.472
676,1,0,0,13.2262,230.409
674,1,0,0,13.2158,178.918
675,1,0,0,13.2092,145.841
962,1,0,0,13.1988,96.4787
961,1,0,0,13.1933,67.3447
999,1,0,0,13.18,0
449,1,0,1,13.5252,1836.91,0.0431667,188.28,0.11,2
457,1,0,1,13.5138,1774.85
456,1,0,1,13.5088,1745.81
458,1,0,1,13.4996,1684.9
459,1,0,1,13.4929,1639.55
1543,1,0,1,13.4844,1577.74
715,1,0,1,13.4793,1533.9
716,1,0,1,13.4661,1459.54
722,1,0,1,13.4655,1456.73
552,1,0,1,13.4044,1144.84
1800,1,0,1,13.3961,1102.1
362,1,0,2,13.6928,2765.87,0.0871667,380.195,0.02,3
363,1,0,2,13.6778,2683.42
367,1,0,2,13.6652,2614.55
368,1,0,2,13.6578,2579.99
451,1,0,2,13.6364,2462.69
1716,1,0,2,13.6339,2446.26
462,1,0,2,13.6267,2407.44
1990,1,0,2,13.6189,2354.4
452,1,0,2,13.615,2322.33
453,1,0,2,13.6042,2234.91
455,1,0,2,13.5929,2167.09
454,1,0,2,13.5897,2149.71
448,1,0,2,13.5833,2105.76
449,1,0,2,13.5684,2025.19
104,1,0,3,13.9879,4256.66,0.05,218.085,0.11,4
124,1,0,3,13.974,4184.1
1715,1,0,3,13.9448,4030.74
136,1,0,3,13.939,4000.98
139,1,0,3,13.9257,3929.79
140,1,0,3,13.9015,3801.85
360,1,0,3,13.8619,3588.7
361,1,0,3,13.8475,3511.32
367,1,0,3,13.8107,3310.48
363,1,0,3,13.7972,3238.05
362,1,0,3,13.78,3146.07
815,1,0,4,14.284,5877.95,0.0983333,428.9,0.22,5
816,1,0,4,14.276,5838.81
2151,1,0,4,14.2642,5775.14
819,1,0,4,14.2493,5695.04
811,1,0,4,14.2288,5579.3
805,1,0,4,14.225,5558.47
358,1,0,4,14.2119,5488.27
349,1,0,4,14.1956,5402.67
344,1,0,4,14.1822,5320.64
1819,1,0,4,14.1689,5227.18
335,1,0,4,14.1644,5198.89
2114,1,0,4,14.151,5126.29
329,1,0,4,14.1485,5111.26
1979,1,0,4,14.1419,5078.91
1978,1,0,4,14.1008,4849.46
107,1,0,4,14.0927,4795.71
1967,1,0,4,14.0897,4767.01
105,1,0,4,14.064,4617.12
124,1,0,4,14.051,4544.24
104,1,0,4,14.0379,4474.75
1280,1,0,5,14.5514,7249.01,0.0575,250.798,0.05,6
1845,1,0,5,14.5362,7172.45
1270,1,0,5,14.5327,7153.9
1269,1,0,5,14.5189,7084.46
1259,1,0,5,14.5005,6987.96
1773,1,0,5,14.4855,6908.23
862,1,0,5,14.4736,6844.27
850,1,0,5,14.4664,6797.76
849,1,0,5,14.4583,6747.58
1774,1,0,5,14.455,6728.75
837,1,0,5,14.4443,6660.66
2010,1,0,5,14.4355,6611.21
836,1,0,5,14.4285,6563.45
827,1,0,5,14.4186,6506.72
826,1,0,5,14.398,6394.34
815,1,0,5,14.3823,6306.85
2021,1,0,6,14.7879,8455.98,0.0923333,402.73,0.26,7
951,1,0,6,14.7652,8342.52
949,1,0,6,14.7528,8280.27
2025,1,0,6,14.7494,8262.82
2024,1,0,6,14.7346,8183.48
1557,1,0,6,14.7201,8107.41
1299,1,0,6,14.701,8004.54
1300,1,0,6,14.6964,7981
1298,1,0,6,14.69,7947.3
2176,1,0,6,14.6834,7908.07
2066,1,0,6,14.6726,7840.25
1262,1,0,6,14.6609,7777.87
1261,1,0,6,14.6515,7727.82
1846,1,0,6,14.629,7606.39
1845,1,0,6,14.6221,7567.85
1280,1,0,6,14.6089,7499.81
1317,1,0,7,15.0067,9516.53,0.0693333,302.411,0.21,8
2071,1,0,7,14.9941,9446.63
2165,1,0,7,14.9716,9328.52
1314,1,0,7,14.9526,9230
1309,1,0,7,14.952,9227.12
1304,1,0,7,14.9377,9150.99
952,1,0,7,14.9064,8988.36
2022,1,0,7,14.8948,8930.14
2021,1,0,7,14.8803,8858.71
1414,1,0,8,15.2279,10615.9,0.0926667,404.184,0.21,9
1350,1,0,8,15.2134,10542.8
1351,1,0,8,15.2056,10502.7
1352,1,0,8,15.1894,10424.8
1358,1,0,8,15.1793,10372.6
1357,1,0,8,15.1681,10314.4
1356,1,0,8,15.1674,10310.7
2076,1,0,8,15.1614,10278.4
1355,1,0,8,15.1602,10271.7
1364,1,0,8,15.1601,10271.5
1361,1,0,8,15.154,10237.1
1360,1,0,8,15.1354,10139
1370,1,0,8,15.1062,9986.4
1359,1,0,8,15.1053,9981.94
2071,1,0,8,15.0881,9886.54
1317,1,0,8,15.076,9818.94
1206,1,0,9,15.416,11531.9,0.0928333,404.911,0.1,10
2081,1,0,9,15.4003,11444.4
2080,1,0,9,15.3865,11369.4
2079,1,0,9,15.3717,11295.3
1554,1,0,9,15.3636,11255.2
1416,1,0,9,15.3621,11247.3
1415,1,0,9,15.3478,11174.4
2097,1,0,9,15.3361,11113.2
2120,1,0,9,15.3326,11081.3
1414,1,0,9,15.3205,11020.1
999,1,0,10,15.8011,13477.6,0,0,0
1002,1,0,10,15.797,13449.5
1031,1,0,10,15.7824,13377.3
2031,1,0,10,15.7751,13340.3
2032,1,0,10,15.7747,13338.5
1034,1,0,10,15.76,13264.3
1037,1,0,10,15.7519,13221.1
1039,1,0,10,15.7438,13179.5
1041,1,0,10,15.7347,13133.6
2030,1,0,10,15.7285,13102.7
2158,1,0,10,15.7257,13087.6
2029,1,0,10,15.7145,13029.8
1043,1,0,10,15.7144,13029.3
1044,1,0,10,15.7092,13003
1046,1,0,10,15.7029,12968.5
1060,1,0,10,15.6861,12881.4
1061,1,0,10,15.679,12845.9
1063,1,0,10,15.676,12829.8
1083,1,0,10,15.6633,12758.7
1105,1,0,10,15.6505,12690.5
1104,1,0,10,15.6327,12597.2
1183,1,0,10,15.6302,12580.7
1184,1,0,10,15.6247,12552
1663,1,0,10,15.6147,12500.6
1189,1,0,10,15.6083,12466
1194,1,0,10,15.5945,12388.5
1196,1,0,10,15.5942,12386.9
1550,1,0,10,15.5875,12348.5
1552,1,0,10,15.5833,12326.8
2059,1,0,10,15.5754,12287.2
1202,1,0,10,15.5581,12195.9
2096,1,0,10,15.5259,12030.5
1654,1,0,10,15.5142,11966.7
1653,1,0,10,15.5121,11954.4
1206,1,0,10,15.5089,11936.8
1800,2,0,0,14.3135,1007.05,0.0793333,346.028,0.17,1
552,2,0,0,14.2992,939.646
603,2,0,0,14.2676,783.092
604,2,0,0,14.2628,757.682
596,2,0,0,14.2627,756.71
580,2,0,0,14.2484,680.504
574,2,0,0,14.227,569.599
573,2,0,0,14.2173,515.193
564,2,0,0,14.2105,477.803
557,2,0,0,14.2045,444.257
561,2,0,0,14.1984,397.895
628,2,0,0,14.1948,373.421
615,2,0,0,14.1905,346.226
617,2,0,0,14.1871,328.679
616,2,0,0,14.1804,294.749
676,2,0,0,14.1743,263.686
674,2,0,0,14.1593,194.033
675,2,0,0,14.1528,160.956
962,2,0,0,14.1441,118.866
961,2,0,0,14.1368,81.8149
999,2,0,0,14.12,0
449,2,0,1,14.5266,2106.84,0.0403333,175.922,0.13,2
457,2,0,1,14.5124,2032.64
456,2,0,1,14.5069,2002.26
458,2,0,1,14.4947,1934.36
459,2,0,1,14.4891,1889.14
1543,2,0,1,14.4801,1827.13
715,2,0,1,14.4754,1782.65
716,2,0,1,14.4603,1700.04
722,2,0,1,14.4597,1697.23
552,2,0,1,14.4011,1395.81
1800,2,0,1,14.3928,1353.07
362,2,0,2,14.6914,3025.49,0.0438333,191.188,0.02,3
363,2,0,2,14.6751,2937.28
440,2,0,2,14.6473,2796.51
451,2,0,2,14.6308,2710.31
1716,2,0,2,14.6283,2693.89
462,2,0,2,14.6192,2646.81
1990,2,0,2,14.6121,2594.12
452,2,0,2,14.6082,2562.06
453,2,0,2,14.597,2474.83
455,2,0,2,14.5886,2409.34
454,2,0,2,14.586,2394.7
448,2,0,2,14.5787,2349.78
449,2,0,2,14.567,2282.76
104,2,0,3,14.9407,4315.99,0.0708333,308.954,0.11,4
124,2,0,3,14.9263,4241.12
1715,2,0,3,14.8904,4059.81
136,2,0,3,14.8852,4032.13
139,2,0,3,14.8721,3962.51
140,2,0,3,14.8513,3848.86
360,2,0,3,14.8126,3639.25
361,2,0,3,14.8001,3570.39
367,2,0,3,14.7663,3382.58
363,2,0,3,14.751,3302.35
362,2,0,3,14.7352,3216.67
815,2,0,4,15.2507,5990.4,0.0461667,201.365,0.21,5
816,2,0,4,15.2386,5934.55
817,2,0,4,15.2285,5880.18
803,2,0,4,15.2099,5773.61
354,2,0,4,15.2098,5773.24
357,2,0,4,15.2005,5720.98
358,2,0,4,15.187,5647.19
349,2,0,4,15.1701,5558.8
344,2,0,4,15.1573,5477.54
1819,2,0,4,15.1447,5384.31
335,2,0,4,15.1395,5354.95
2114,2,0,4,15.1257,5280.65
329,2,0,4,15.1231,5265.38
1979,2,0,4,15.1166,5233.33
1978,2,0,4,15.0774,5012.44
107,2,0,4,15.069,4958.37
1967,2,0,4,15.066,4929.66
105,2,0,4,15.0405,4780.24
124,2,0,4,15.0241,4692.01
104,2,0,4,15.0115,4624.94
1280,2,0,5,15.4599,7109.96,0.111167,484.876,0.06,6
1845,2,0,5,15.4466,7041.64
1270,2,0,5,15.4425,7020.42
1269,2,0,5,15.4305,6958.45
1259,2,0,5,15.4131,6866.32
1773,2,0,5,15.3965,6779.53
862,2,0,5,15.3854,6719.03
850,2,0,5,15.3771,6671.01
849,2,0,5,15.3692,6621.04
1774,2,0,5,15.366,6602.3
837,2,0,5,15.3552,6534.11
2010,2,0,5,15.3479,6488.01
836,2,0,5,15.3408,6440.19
827,2,0,5,15.3315,6384.47
826,2,0,5,15.3117,6275.57
815,2,0,5,15.2969,6191.77
1414,2,0,6,15.8596,9188,0.0926667,404.184,0.21,7
1350,2,0,6,15.8444,9111.74
1351,2,0,6,15.8367,9072.12
1352,2,0,6,15.8241,9008.89
1358,2,0,6,15.8144,8958.43
1357,2,0,6,15.8032,8900.26
1356,2,0,6,15.8025,8896.54
2076,2,0,6,15.7965,8864.23
1355,2,0,6,15.7953,8857.57
1364,2,0,6,15.7952,8857.36
1361,2,0,6,15.7891,8822.9
1354,2,0,6,15.789,8822.71
2188,2,0,6,15.7813,8783.43
2075,2,0,6,15.759,8669.64
1822,2,0,6,15.7582,8665.65
1353,2,0,6,15.7501,8624.01
2118,2,0,6,15.7285,8507.34
2117,2,0,6,15.726,8482.71
2164,2,0,6,15.7077,8368.3
1306,2,0,6,15.6828,8207.63
1599,2,0,6,15.6669,8118.62
1300,2,0,6,15.6624,8091.93
1298,2,0,6,15.6576,8065.18
2176,2,0,6,15.6511,8025.98
2066,2,0,6,15.6408,7958.78
1262,2,0,6,15.6294,7897.86
1261,2,0,6,15.6207,7850.75
1846,2,0,6,15.5887,7688.82
1281,2,0,6,15.5818,7651.97
1280,2,0,6,15.5711,7594.84
1206,2,0,7,16.0478,10104,0.0515,224.627,0.1,8
2081,2,0,7,16.0321,10016.5
2080,2,0,7,16.0182,9941.44
2079,2,0,7,16.0035,9867.42
1554,2,0,7,15.9954,9827.24
1416,2,0,7,15.9939,9819.42
1415,2,0,7,15.9795,9746.49
2097,2,0,7,15.9678,9685.28
2120,2,0,7,15.9643,9653.4
1414,2,0,7,15.9523,9592.18
1317,2,0,8,16.3669,11737,0.104167,454.344,0.13,9
2071,2,0,8,16.3541,11666.5
1359,2,0,8,16.3315,11547.9
1370,2,0,8,16.3306,11543.4
1360,2,0,8,16.3074,11416.6
1361,2,0,8,16.2927,11335.4
1354,2,0,8,16.2927,11335.2
1355,2,0,8,16.2867,11302.7
2076,2,0,8,16.2848,11293.5
1356,2,0,8,16.2773,11254.4
1357,2,0,8,16.2765,11250.7
1358,2,0,8,16.2634,11184.2
1352,2,0,8,16.2554,11141
1351,2,0,8,16.2451,11087.4
1350,2,0,8,16.2376,11048.8
1414,2,0,8,16.2248,10982.5
2120,2,0,8,16.214,10926.9
2097,2,0,8,16.2056,10882.6
1415,2,0,8,16.1925,10815.8
1416,2,0,8,16.1778,10740.9
1554,2,0,8,16.1762,10733.1
2079,2,0,8,16.1679,10692
2080,2,0,8,16.1526,10615.5
2081,2,0,8,16.1369,10532.7
1207,2,0,8,16.1178,10430.1
2061,2,0,8,16.1094,10383.3
1206,2,0,8,16.0993,10328.6
2021,2,0,9,16.595,12841.1,0.07,305.319,0.28,10
1303,2,0,9,16.5677,12697.4
1307,2,0,9,16.5592,12650.5
1308,2,0,9,16.545,12578.2
1309,2,0,9,16.528,12490.3
1314,2,0,9,16.5274,12487.4
2165,2,0,9,16.5045,12372.5
2071,2,0,9,16.4845,12265.1
1317,2,0,9,16.471,12191.3
999,2,0,10,16.8614,14156.9,0,0,0
1002,2,0,10,16.856,14126.5
1024,2,0,10,16.8355,14022.4
1029,2,0,10,16.83,13995.1
1027,2,0,10,16.8179,13934.9
1051,2,0,10,16.8048,13868.3
1052,2,0,10,16.797,13828.9
1804,2,0,10,16.7965,13826.8
2015,2,0,10,16.7853,13770.6
2014,2,0,10,16.7773,13730
2017,2,0,10,16.7761,13724.3
2170,2,0,10,16.7734,13710.2
1738,2,0,10,16.7588,13635.1
1737,2,0,10,16.7533,13606.2
936,2,0,10,16.7412,13540.6
933,2,0,10,16.7406,13537.7
934,2,0,10,16.7351,13500
943,2,0,10,16.7211,13430.3
942,2,0,10,16.7132,13389
941,2,0,10,16.7018,13331.3
1790,2,0,10,16.6868,13255.2
2022,2,0,10,16.6763,13204.3
2021,2,0,10,16.665,13146.4
1800,3,0,0,14.0816,951.622,0.0793333,346.028,0.17,1
552,3,0,0,14.0725,905.718
603,3,0,0,14.0389,740.761
604,3,0,0,14.0339,714.369
596,3,0,0,14.0337,713.397
580,3,0,0,14.0222,649.074
574,3,0,0,14.0016,541.537
573,3,0,0,13.9925,489.448
564,3,0,0,13.9852,450.205
557,3,0,0,13.9793,417.124
561,3,0,0,13.9726,370.589
628,3,0,0,13.9683,345.216
615,3,0,0,13.9635,317.236
617,3,0,0,13.96,299.689
616,3,0,0,13.9524,261.472
676,3,0,0,13.9462,230.409
674,3,0,0,13.9358,178.918
675,3,0,0,13.9292,145.841
962,3,0,0,13.9188,96.4787
961,3,0,0,13.9133,67.3447
999,3,0,0,13.9,0
449,3,0,1,14.2947,2051.42,0.0403333,175.922,0.13,2
457,3,0,1,14.2805,1977.21
456,3,0,1,14.275,1946.83
458,3,0,1,14.2628,1878.94
459,3,0,1,14.2572,1833.72
1543,3,0,1,14.2482,1771.71
715,3,0,1,14.2435,1727.23
716,3,0,1,14.2284,1644.62
722,3,0,1,14.2278,1641.8
552,3,0,1,14.1692,1340.39
1800,3,0,1,14.1609,1297.65
362,3,0,2,14.4595,2970.06,0.0438333,191.188,0.02,3
363,3,0,2,14.4432,2881.86
440,3,0,2,14.4154,2741.08
451,3,0,2,14.3989,2654.89
1716,3,0,2,14.3964,2638.46
462,3,0,2,14.3873,2591.39
1990,3,0,2,14.3802,2538.7
452,3,0,2,14.3763,2506.63
453,3,0,2,14.3651,2419.41
455,3,0,2,14.3567,2353.92
454,3,0,2,14.3541,2339.28
448,3,0,2,14.3468,2294.35
449,3,0,2,14.3351,2227.34
104,3,0,3,14.7088,4260.56,0.0708333,308.954,0.11,4
124,3,0,3,14.6944,4185.7
1715,3,0,3,14.6585,4004.39
136,3,0,3,14.6533,3976.71
139,3,0,3,14.6402,3907.09
140,3,0,3,14.6194,3793.44
360,3,0,3,14.5807,3583.83
361,3,0,3,14.5682,3514.96
367,3,0,3,14.5344,3327.16
363,3,0,3,14.5191,3246.93
362,3,0,3,14.5033,3161.25
815,3,0,4,15.0257,5972.72,0.0461667,201.365,0.21,5
816,3,0,4,15.0178,5933.57
2151,3,0,4,15.0059,5869.91
819,3,0,4,14.991,5789.81
811,3,0,4,14.9705,5674.07
805,3,0,4,14.9667,5653.24
358,3,0,4,14.9536,5583.04
349,3,0,4,14.9373,5497.44
344,3,0,4,14.9239,5415.41
1819,3,0,4,14.9107,5321.95
335,3,0,4,14.9061,5293.66
2114,3,0,4,14.8927,5221.06
329,3,0,4,14.8902,5206.03
1979,3,0,4,14.8837,5173.68
1978,3,0,4,14.8425,4944.23
107,3,0,4,14.8344,4890.48
1967,3,0,4,14.8314,4861.77
105,3,0,4,14.8057,4711.89
124,3,0,4,14.7928,4639.01
104,3,0,4,14.7796,4569.52
1280,3,0,5,15.2349,7092.28,0.111167,484.876,0.06,6
1845,3,0,5,15.2216,7023.95
1270,3,0,5,15.2175,7002.74
1269,3,0,5,15.2055,6940.76
1259,3,0,5,15.1881,6848.64
1773,3,0,5,15.1715,6761.85
862,3,0,5,15.1604,6701.35
850,3,0,5,15.1521,6653.33
849,3,0,5,15.1442,6603.36
1774,3,0,5,15.141,6584.62
837,3,0,5,15.1302,6516.43
2010,3,0,5,15.1229,6470.33
836,3,0,5,15.1158,6422.51
827,3,0,5,15.1065,6366.79
826,3,0,5,15.0867,6257.89
815,3,0,5,15.0719,6174.09
2021,3,0,6,15.5282,8546.62,0.076,331.489,0.27,7
951,3,0,6,15.5084,8445.21
949,3,0,6,15.4972,8388.09
2025,3,0,6,15.4938,8370.63
2024,3,0,6,15.4775,8284.65
1557,3,0,6,15.4622,8205.47
1299,3,0,6,15.442,8097.79
1300,3,0,6,15.4374,8074.25
1298,3,0,6,15.4326,8047.49
2176,3,0,6,15.4261,8008.29
2066,3,0,6,15.4158,7941.1
1262,3,0,6,15.4044,7880.18
1261,3,0,6,15.3957,7833.07
1846,3,0,6,15.3637,7671.14
1281,3,0,6,15.3568,7634.29
1280,3,0,6,15.3461,7577.15
1414,3,0,7,15.8206,10025.7,0.0926667,404.184,0.21,8
1350,3,0,7,15.8062,9952.55
1351,3,0,7,15.7984,9912.46
1352,3,0,7,15.7822,9834.58
1358,3,0,7,15.7721,9782.38
1357,3,0,7,15.7609,9724.21
1356,3,0,7,15.7602,9720.49
2076,3,0,7,15.7542,9688.17
1355,3,0,7,15.753,9681.51
1364,3,0,7,15.7529,9681.3
1361,3,0,7,15.7468,9646.84
1354,3,0,7,15.7468,9646.65
2188,3,0,7,15.739,9607.38
2075,3,0,7,15.7167,9493.59
1822,3,0,7,15.7159,9489.59
1353,3,0,7,15.7078,9447.96
2118,3,0,7,15.6862,9331.29
2117,3,0,7,15.6837,9306.66
2164,3,0,7,15.6654,9192.25
1307,3,0,7,15.6515,9116.93
1303,3,0,7,15.6367,9043.3
2021,3,0,7,15.6042,8878.1
1206,3,0,8,16.0088,10941.7,0.0515,224.627,0.1,9
2081,3,0,8,15.9931,10854.2
2080,3,0,8,15.9793,10779.1
2079,3,0,8,15.9645,10705.1
1554,3,0,8,15.9564,10664.9
1416,3,0,8,15.9549,10657.1
1415,3,0,8,15.9406,10584.2
2097,3,0,8,15.9288,10523
2120,3,0,8,15.9254,10491.1
1414,3,0,8,15.9133,10429.9
1317,3,0,9,16.3279,12574.6,0.104167,454.344,0.13,10
2071,3,0,9,16.3152,12504.1
1359,3,0,9,16.2926,12385.6
1370,3,0,9,16.2916,12381.1
1360,3,0,9,16.2685,12254.3
1361,3,0,9,16.2538,12173
1354,3,0,9,16.2537,12172.9
1355,3,0,9,16.2477,12140.3
2076,3,0,9,16.2459,12131.2
1356,3,0,9,16.2383,12092.1
1357,3,0,9,16.2375,12088.3
1358,3,0,9,16.2244,12021.9
1352,3,0,9,16.2164,11978.6
1351,3,0,9,16.2061,11925.1
1350,3,0,9,16.1986,11886.4
1414,3,0,9,16.1858,11820.1
2120,3,0,9,16.1751,11764.6
2097,3,0,9,16.1666,11720.3
1415,3,0,9,16.1536,11653.5
1416,3,0,9,16.1388,11578.6
1554,3,0,9,16.1372,11570.8
2079,3,0,9,16.1289,11529.6
2080,3,0,9,16.1136,11453.2
2081,3,0,9,16.0979,11370.4
1207,3,0,9,16.0788,11267.8
2061,3,0,9,16.0704,11221
1206,3,0,9,16.0603,11166.3
999,3,0,10,16.66,14223.4,0,0,0
1002,3,0,10,16.6546,14193
1031,3,0,10,16.6429,14132.8
2031,3,0,10,16.6356,14095.8
2032,3,0,10,16.6352,14094
1053,3,0,10,16.6273,14054.8
1784,3,0,10,16.6242,14038.3
1066,3,0,10,16.6149,13991.1
2034,3,0,10,16.5979,13901.5
1850,3,0,10,16.5887,13854.5
2035,3,0,10,16.5805,13810.9
1106,3,0,10,16.5686,13746.6
2039,3,0,10,16.5562,13682.8
2106,3,0,10,16.5406,13598.2
2050,3,0,10,16.5314,13554.2
2051,3,0,10,16.52,13494
1333,3,0,10,16.4961,13368.2
1315,3,0,10,16.483,13300.8
2165,3,0,10,16.4655,13210.2
2071,3,0,10,16.4456,13102.8
1317,3,0,10,16.4321,13029
1800,4,0,0,13.7716,951.622,0.0345,150.479,0.15,1
552,4,0,0,13.7625,905.718
603,4,0,0,13.7289,740.761
604,4,0,0,13.7239,714.369
596,4,0,0,13.7237,713.397
580,4,0,0,13.7122,649.074
574,4,0,0,13.6916,541.537
573,4,0,0,13.6825,489.448
564,4,0,0,13.6752,450.205
557,4,0,0,13.6693,417.124
561,4,0,0,13.6626,370.589
628,4,0,0,13.6583,345.216
615,4,0,0,13.6535,317.236
617,4,0,0,13.65,299.689
616,4,0,0,13.6424,261.472
676,4,0,0,13.6362,230.409
674,4,0,0,13.6258,178.918
675,4,0,0,13.6192,145.841
962,4,0,0,13.6088,96.4787
961,4,0,0,13.6033,67.3447
999,4,0,0,13.59,0
449,4,0,1,13.9352,1836.91,0.0431667,188.28,0.11,2
457,4,0,1,13.9237,1774.85
456,4,0,1,13.9188,1745.81
458,4,0,1,13.9096,1684.9
459,4,0,1,13.9029,1639.55
1543,4,0,1,13.8944,1577.74
715,4,0,1,13.8893,1533.9
716,4,0,1,13.8761,1459.54
722,4,0,1,13.8755,1456.73
552,4,0,1,13.8144,1144.84
1800,4,0,1,13.8061,1102.1
362,4,0,2,14.1028,2765.87,0.0438333,191.188,0.02,3
363,4,0,2,14.0878,2683.42
367,4,0,2,14.0752,2614.55
368,4,0,2,14.0678,2579.99
451,4,0,2,14.0464,2462.69
1716,4,0,2,14.0439,2446.26
462,4,0,2,14.0367,2407.44
1990,4,0,2,14.0289,2354.4
452,4,0,2,14.025,2322.33
453,4,0,2,14.0142,2234.91
455,4,0,2,14.0029,2167.09
454,4,0,2,13.9997,2149.71
448,4,0,2,13.9933,2105.76
449,4,0,2,13.9784,2025.19
104,4,0,3,14.3521,4056.37,0.0708333,308.954,0.11,4
124,4,0,3,14.3377,3981.51
1715,4,0,3,14.3018,3800.2
136,4,0,3,14.2966,3772.52
139,4,0,3,14.2836,3702.9
140,4,0,3,14.2627,3589.25
360,4,0,3,14.224,3379.64
361,4,0,3,14.2115,3310.77
367,4,0,3,14.1777,3122.97
363,4,0,3,14.1624,3042.74
362,4,0,3,14.1467,2957.06
815,4,0,4,14.669,5768.53,0.0983333,428.9,0.22,5
816,4,0,4,14.6611,5729.39
2151,4,0,4,14.6492,5665.72
819,4,0,4,14.6344,5585.62
811,4,0,4,14.6138,5469.88
805,4,0,4,14.61,5449.05
358,4,0,4,14.5969,5378.85
349,4,0,4,14.5807,5293.25
344,4,0,4,14.5673,5211.22
1819,4,0,4,14.554,5117.76
335,4,0,4,14.5495,5089.47
2114,4,0,4,14.536,5016.87
329,4,0,4,14.5335,5001.84
1979,4,0,4,14.527,4969.49
1978,4,0,4,14.4858,4740.04
107,4,0,4,14.4777,4686.29
1967,4,0,4,14.4747,4657.59
105,4,0,4,14.449,4507.7
124,4,0,4,14.4361,4434.82
104,4,0,4,14.4229,4365.33
1280,4,0,5,14.9365,7139.59,0.0575,250.798,0.05,6
1845,4,0,5,14.9213,7063.03
1270,4,0,5,14.9177,7044.48
1269,4,0,5,14.9039,6975.04
1259,4,0,5,14.8855,6878.54
1773,4,0,5,14.8706,6798.81
862,4,0,5,14.8587,6734.85
850,4,0,5,14.8514,6688.34
849,4,0,5,14.8433,6638.15
1774,4,0,5,14.8401,6619.33
837,4,0,5,14.8294,6551.24
2010,4,0,5,14.8205,6501.79
836,4,0,5,14.8136,6454.03
827,4,0,5,14.8037,6397.3
826,4,0,5,14.7831,6284.92
815,4,0,5,14.7674,6197.43
2021,4,0,6,15.173,8346.56,0.076,331.489,0.27,7
951,4,0,6,15.1502,8233.1
949,4,0,6,15.1379,8170.85
2025,4,0,6,15.1344,8153.4
2024,4,0,6,15.1197,8074.06
1557,4,0,6,15.1051,7997.99
1299,4,0,6,15.086,7895.12
1300,4,0,6,15.0814,7871.58
1298,4,0,6,15.075,7837.88
2176,4,0,6,15.0685,7798.65
2066,4,0,6,15.0577,7730.83
1262,4,0,6,15.046,7668.45
1261,4,0,6,15.0365,7618.4
1846,4,0,6,15.0141,7496.97
1845,4,0,6,15.0071,7458.43
1280,4,0,6,14.994,7390.39
1414,4,0,7,15.4654,9825.62,0.0926667,404.184,0.21,8
1350,4,0,7,15.451,9752.49
1351,4,0,7,15.4431,9712.4
1352,4,0,7,15.427,9634.52
1358,4,0,7,15.4169,9582.32
1357,4,0,7,15.4057,9524.15
1356,4,0,7,15.4049,9520.43
2076,4,0,7,15.399,9488.11
1355,4,0,7,15.3977,9481.45
1364,4,0,7,15.3977,9481.25
1361,4,0,7,15.3915,9446.78
1354,4,0,7,15.3915,9446.59
2188,4,0,7,15.3837,9407.32
2075,4,0,7,15.3614,9293.53
1822,4,0,7,15.3606,9289.54
1353,4,0,7,15.3526,9247.9
2118,4,0,7,15.331,9131.23
2117,4,0,7,15.3284,9106.6
2164,4,0,7,15.3101,8992.19
1307,4,0,7,15.2962,8916.87
1303,4,0,7,15.2814,8843.24
2021,4,0,7,15.249,8678.05
1206,4,0,8,15.6536,10741.6,0.0928333,404.911,0.1,9
2081,4,0,8,15.6379,10654.1
2080,4,0,8,15.624,10579.1
2079,4,0,8,15.6093,10505
1554,4,0,8,15.6012,10464.9
1416,4,0,8,15.5996,10457
1415,4,0,8,15.5853,10384.1
2097,4,0,8,15.5736,10322.9
2120,4,0,8,15.5701,10291
1414,4,0,8,15.5581,10229.8
1317,4,0,9,16.0196,12583.9,0.104167,454.344,0.13,10
2071,4,0,9,16.0096,12520.8
1359,4,0,9,15.9872,12403.3
1370,4,0,9,15.9863,12398.8
1360,4,0,9,15.9532,12229.4
1361,4,0,9,15.9385,12148.5
1354,4,0,9,15.9385,12148.3
1355,4,0,9,15.9323,12115.1
2076,4,0,9,15.9305,12105.9
1356,4,0,9,15.9235,12069.1
1357,4,0,9,15.9227,12065.4
1358,4,0,9,15.911,12005.2
1352,4,0,9,15.902,11957.5
1351,4,0,9,15.8882,11889.3
1350,4,0,9,15.881,11851.8
1414,4,0,9,15.8646,11770.6
2120,4,0,9,15.8541,11716
2097,4,0,9,15.845,11668.9
1415,4,0,9,15.8322,11603.3
1416,4,0,9,15.8164,11524.3
1554,4,0,9,15.8149,11516.5
2079,4,0,9,15.8084,11482.7
2080,4,0,9,15.7934,11407.8
2081,4,0,9,15.779,11330.5
1207,4,0,9,15.7636,11243.9
2061,4,0,9,15.7563,11200.6
1206,4,0,9,15.7464,11146.5
999,4,0,10,16.3517,14232.7,0,0,0
1002,4,0,10,16.3463,14202.3
1031,4,0,10,16.3346,14142.1
2031,4,0,10,16.3273,14105.1
2032,4,0,10,16.3269,14103.3
1053,4,0,10,16.319,14064.1
1784,4,0,10,16.3158,14047.6
1066,4,0,10,16.3066,14000.4
2034,4,0,10,16.2896,13910.8
1850,4,0,10,16.2804,13863.8
2035,4,0,10,16.2722,13820.2
1106,4,0,10,16.2603,13755.9
2039,4,0,10,16.2478,13692.1
2106,4,0,10,16.2323,13607.5
2050,4,0,10,16.2231,13563.5
2051,4,0,10,16.2116,13503.3
1333,4,0,10,16.1878,13377.5
1315,4,0,10,16.1747,13310.1
2165,4,0,10,16.1572,13219.5
2071,4,0,10,16.1373,13112.1
1317,4,0,10,16.1238,13038.3
1206,5,0,0,15.7682,1274.9,0.0928333,404.911,0.1,1
1653,5,0,0,15.765,1257.33
2096,5,0,0,15.7566,1210.5
1202,5,0,0,15.7281,1060.83
2059,5,0,0,15.7105,968.507
1552,5,0,0,15.7031,930.8
2060,5,0,0,15.7013,921.439
1551,5,0,0,15.7006,917.264
1550,5,0,0,15.6998,913.48
1196,5,0,0,15.6935,870.183
1194,5,0,0,15.6932,868.635
1190,5,0,0,15.6829,804.163
1186,5,0,0,15.6706,740.147
1183,5,0,0,15.6572,672.715
1103,5,0,0,15.6464,615.126
1084,5,0,0,15.6368,558.621
1062,5,0,0,15.6198,458.188
2159,5,0,0,15.6196,457.186
1045,5,0,0,15.6189,454.036
1043,5,0,0,15.6158,438.079
2158,5,0,0,15.6091,404.11
2030,5,0,0,15.6052,384.274
1011,5,0,0,15.6051,383.45
1009,5,0,0,15.6012,361.416
1041,5,0,0,15.6011,360.726
1039,5,0,0,15.5936,321.56
1037,5,0,0,15.5846,276.701
1034,5,0,0,15.5748,226.091
2032,5,0,0,15.5593,148.497
2031,5,0,0,15.559,146.673
1031,5,0,0,15.5507,105.841
1002,5,0,0,15.5369,36.794
999,5,0,0,15.53,0
1414,5,0,1,15.9793,2303.91,0.0926667,404.184,0.21,2
2120,5,0,1,15.9687,2249.25
2097,5,0,1,15.9596,2202.21
1415,5,0,1,15.9469,2136.64
1416,5,0,1,15.9311,2057.58
1554,5,0,1,15.9295,2049.75
2079,5,0,1,15.923,2015.99
2080,5,0,1,15.908,1941.05
2081,5,0,1,15.8937,1863.79
1207,5,0,1,15.8783,1777.24
2061,5,0,1,15.871,1733.94
1206,5,0,1,15.8611,1679.81
1317,5,0,2,16.2124,3455.81,0.104167,454.344,0.13,3
2071,5,0,2,16.2003,3387.71
1359,5,0,2,16.1787,3273.52
1370,5,0,2,16.1777,3269.07
1360,5,0,2,16.1546,3142.23
1361,5,0,2,16.1399,3061.01
1354,5,0,2,16.1398,3060.82
1355,5,0,2,16.1338,3028.3
2076,5,0,2,16.132,3019.18
1356,5,0,2,16.1244,2980.01
1357,5,0,2,16.1237,2976.29
1358,5,0,2,16.1105,2909.88
1352,5,0,2,16.1025,2866.6
1351,5,0,2,16.0923,2813.05
1350,5,0,2,16.0847,2774.41
1414,5,0,2,16.0719,2708.09
999,5,0,3,16.5446,5104.59,0,0,0
1002,5,0,3,16.5391,5074.13
1031,5,0,3,16.5274,5013.93
2031,5,0,3,16.5201,4976.94
2032,5,0,3,16.5197,4975.12
1053,5,0,3,16.5118,4935.99
1784,5,0,3,16.5087,4919.43
1066,5,0,3,16.4995,4872.27
2034,5,0,3,16.4824,4782.65
1850,5,0,3,16.4732,4735.66
2035,5,0,3,16.4651,4692.03
1106,5,0,3,16.4531,4627.8
2039,5,0,3,16.4407,4563.98
2106,5,0,3,16.4252,4479.34
2050,5,0,3,16.416,4435.37
2051,5,0,3,16.4045,4375.11
1333,5,0,3,16.3806,4249.4
1315,5,0,3,16.3676,4181.95
2165,5,0,3,16.35,4091.35
2071,5,0,3,16.3301,3983.94
1317,5,0,3,16.3166,3910.15
1800,5,1,0,13.7016,951.622,0.0345,150.479,0.15,1
552,5,1,0,13.6925,905.718
603,5,1,0,13.6589,740.761
604,5,1,0,13.6539,714.369
596,5,1,0,13.6537,713.397
580,5,1,0,13.6422,649.074
574,5,1,0,13.6216,541.537
573,5,1,0,13.6125,489.448
564,5,1,0,13.6052,450.205
557,5,1,0,13.5993,417.124
561,5,1,0,13.5926,370.589
628,5,1,0,13.5883,345.216
615,5,1,0,13.5835,317.236
617,5,1,0,13.58,299.689
616,5,1,0,13.5724,261.472
676,5,1,0,13.5662,230.409
674,5,1,0,13.5558,178.918
675,5,1,0,13.5492,145.841
962,5,1,0,13.5388,96.4787
961,5,1,0,13.5333,67.3447
999,5,1,0,13.52,0
449,5,1,1,13.8652,1836.91,0.0431667,188.28,0.11,2
457,5,1,1,13.8538,1774.85
456,5,1,1,13.8488,1745.81
458,5,1,1,13.8396,1684.9
459,5,1,1,13.8329,1639.55
1543,5,1,1,13.8244,1577.74
715,5,1,1,13.8193,1533.9
716,5,1,1,13.8061,1459.54
722,5,1,1,13.8055,1456.73
552,5,1,1,13.7444,1144.84
1800,5,1,1,13.7361,1102.1
362,5,1,2,14.0328,2765.87,0.0438333,191.188,0.02,3
363,5,1,2,14.0178,2683.42
367,5,1,2,14.0052,2614.55
368,5,1,2,13.9978,2579.99
451,5,1,2,13.9764,2462.69
1716,5,1,2,13.9739,2446.26
462,5,1,2,13.9667,2407.44
1990,5,1,2,13.9589,2354.4
452,5,1,2,13.955,2322.33
453,5,1,2,13.9442,2234.91
455,5,1,2,13.9329,2167.09
454,5,1,2,13.9297,2149.71
448,5,1,2,13.9233,2105.76
449,5,1,2,13.9084,2025.19
104,5,1,3,14.2821,4056.37,0.0708333,308.954,0.11,4
124,5,1,3,14.2677,3981.51
1715,5,1,3,14.2318,3800.2
136,5,1,3,14.2266,3772.52
139,5,1,3,14.2136,3702.9
140,5,1,3,14.1927,3589.25
360,5,1,3,14.154,3379.64
361,5,1,3,14.1415,3310.77
367,5,1,3,14.1077,3122.97
363,5,1,3,14.0924,3042.74
362,5,1,3,14.0767,2957.06
815,5,1,4,14.599,5768.53,0.0983333,428.9,0.22,5
816,5,1,4,14.5911,5729.39
2151,5,1,4,14.5792,5665.72
819,5,1,4,14.5644,5585.62
811,5,1,4,14.5438,5469.88
805,5,1,4,14.54,5449.05
358,5,1,4,14.5269,5378.85
349,5,1,4,14.5107,5293.25
344,5,1,4,14.4973,5211.22
1819,5,1,4,14.484,5117.76
335,5,1,4,14.4795,5089.47
2114,5,1,4,14.466,5016.87
329,5,1,4,14.4635,5001.84
1979,5,1,4,14.457,4969.49
1978,5,1,4,14.4158,4740.04
107,5,1,4,14.4077,4686.29
1967,5,1,4,14.4047,4657.59
105,5,1,4,14.379,4507.7
124,5,1,4,14.3661,4434.82
104,5,1,4,14.3529,4365.33
1280,5,1,5,14.8665,7139.59,0.0575,250.798,0.05,6
1845,5,1,5,14.8513,7063.03
1270,5,1,5,14.8477,7044.48
1269,5,1,5,14.8339,6975.04
1259,5,1,5,14.8155,6878.54
1773,5,1,5,14.8006,6798.81
862,5,1,5,14.7887,6734.85
850,5,1,5,14.7814,6688.34
849,5,1,5,14.7733,6638.15
1774,5,1,5,14.7701,6619.33
837,5,1,5,14.7594,6551.24
2010,5,1,5,14.7505,6501.79
836,5,1,5,14.7436,6454.03
827,5,1,5,14.7337,6397.3
826,5,1,5,14.7131,6284.92
815,5,1,5,14.6974,6197.43
2021,5,1,6,15.103,8346.56,0.076,331.489,0.27,7
951,5,1,6,15.0802,8233.1
949,5,1,6,15.0679,8170.85
2025,5,1,6,15.0644,8153.4
2024,5,1,6,15.0497,8074.06
1557,5,1,6,15.0351,7997.99
1299,5,1,6,15.016,7895.12
1300,5,1,6,15.0114,7871.58
1298,5,1,6,15.005,7837.88
2176,5,1,6,14.9985,7798.65
2066,5,1,6,14.9877,7730.83
1262,5,1,6,14.976,7668.45
1261,5,1,6,14.9665,7618.4
1846,5,1,6,14.9441,7496.97
1845,5,1,6,14.9371,7458.43
1280,5,1,6,14.924,7390.39
999,5,1,7,15.3714,9691.01,0,0,0
1002,5,1,7,15.3645,9654.18
1031,5,1,7,15.3502,9583.23
2031,5,1,7,15.3429,9546.23
2032,5,1,7,15.3425,9544.41
1053,5,1,7,15.3348,9505.95
2018,5,1,7,15.2963,9301.59
920,5,1,7,15.2929,9283
1085,5,1,7,15.2785,9201.62
937,5,1,7,15.2654,9128.88
936,5,1,7,15.2505,9053.12
933,5,1,7,15.25,9050.18
934,5,1,7,15.2444,9012.54
935,5,1,7,15.2439,9009.93
2020,5,1,7,15.2328,8952.95
943,5,1,7,15.232,8949.02
942,5,1,7,15.2241,8907.95
941,5,1,7,15.2126,8849.8
1790,5,1,7,15.1997,8782.63
2022,5,1,7,15.1892,8731.74
2021,5,1,7,15.179,8678.05
1206,6,0,0,15.7382,1274.9,0.0928333,404.911,0.1,1
1653,6,0,0,15.735,1257.33
2096,6,0,0,15.7266,1210.5
1202,6,0,0,15.6981,1060.83
2059,6,0,0,15.6805,968.507
1552,6,0,0,15.6731,930.8
2060,6,0,0,15.6713,921.439
1551,6,0,0,15.6706,917.264
1550,6,0,0,15.6698,913.48
1196,6,0,0,15.6635,870.183
1194,6,0,0,15.6632,868.635
1190,6,0,0,15.6529,804.163
1186,6,0,0,15.6406,740.147
1183,6,0,0,15.6272,672.715
1103,6,0,0,15.6164,615.126
1084,6,0,0,15.6068,558.621
1062,6,0,0,15.5898,458.188
2159,6,0,0,15.5896,457.186
1045,6,0,0,15.5889,454.036
1043,6,0,0,15.5858,438.079
2158,6,0,0,15.5791,404.11
2030,6,0,0,15.5752,384.274
1011,6,0,0,15.5751,383.45
1009,6,0,0,15.5712,361.416
1041,6,0,0,15.5711,360.726
1039,6,0,0,15.5636,321.56
1037,6,0,0,15.5546,276.701
1034,6,0,0,15.5448,226.091
2032,6,0,0,15.5293,148.497
2031,6,0,0,15.529,146.673
1031,6,0,0,15.5207,105.841
1002,6,0,0,15.5069,36.794
999,6,0,0,15.5,0
1414,6,0,1,15.9493,2303.91,0.0926667,404.184,0.21,2
2120,6,0,1,15.9387,2249.25
2097,6,0,1,15.9296,2202.21
1415,6,0,1,15.9169,2136.64
1416,6,0,1,15.9011,2057.58
1554,6,0,1,15.8995,2049.75
2079,6,0,1,15.893,2015.99
2080,6,0,1,15.878,1941.05
2081,6,0,1,15.8637,1863.79
1207,6,0,1,15.8483,1777.24
2061,6,0,1,15.841,1733.94
1206,6,0,1,15.8311,1679.81
1317,6,0,2,16.1824,3455.81,0.104167,454.344,0.13,3
2071,6,0,2,16.1703,3387.71
1359,6,0,2,16.1487,3273.52
1370,6,0,2,16.1477,3269.07
1360,6,0,2,16.1246,3142.23
1361,6,0,2,16.1099,3061.01
1354,6,0,2,16.1098,3060.82
1355,6,0,2,16.1038,3028.3
2076,6,0,2,16.102,3019.18
1356,6,0,2,16.0944,2980.01
1357,6,0,2,16.0937,2976.29
1358,6,0,2,16.0805,2909.88
1352,6,0,2,16.0725,2866.6
1351,6,0,2,16.0623,2813.05
1350,6,0,2,16.0547,2774.41
1414,6,0,2,16.0419,2708.09
999,6,0,3,16.5146,5104.59,0,0,0
1002,6,0,3,16.5091,5074.13
1031,6,0,3,16.4974,5013.93
2031,6,0,3,16.4901,4976.94
2032,6,0,3,16.4897,4975.12
1053,6,0,3,16.4818,4935.99
1784,6,0,3,16.4787,4919.43
1066,6,0,3,16.4695,4872.27
2034,6,0,3,16.4524,4782.65
1850,6,0,3,16.4432,4735.66
2035,6,0,3,16.4351,4692.03
1106,6,0,3,16.4231,4627.8
2039,6,0,3,16.4107,4563.98
2106,6,0,3,16.3952,4479.34
2050,6,0,3,16.386,4435.37
2051,6,0,3,16.3745,4375.11
1333,6,0,3,16.3506,4249.4
1315,6,0,3,16.3376,4181.95
2165,6,0,3,16.32,4091.35
2071,6,0,3,16.3001,3983.94
1317,6,0,3,16.2866,3910.15
1800,6,1,0,13.2216,951.622,0.0345,150.479,0.15,1
552,6,1,0,13.2125,905.718
603,6,1,0,13.1789,740.761
604,6,1,0,13.1739,714.369
596,6,1,0,13.1737,713.397
580,6,1,0,13.1622,649.074
574,6,1,0,13.1416,541.537
573,6,1,0,13.1325,489.448
564,6,1,0,13.1252,450.205
557,6,1,0,13.1193,417.124
561,6,1,0,13.1126,370.589
628,6,1,0,13.1083,345.216
615,6,1,0,13.1035,317.236
617,6,1,0,13.1,299.689
616,6,1,0,13.0924,261.472
676,6,1,0,13.0862,230.409
674,6,1,0,13.0758,178.918
675,6,1,0,13.0692,145.841
962,6,1,0,13.0588,96.4787
961,6,1,0,13.0533,67.3447
999,6,1,0,13.04,0
449,6,1,1,13.3852,1836.91,0.0431667,188.28,0.11,2
457,6,1,1,13.3737,1774.85
456,6,1,1,13.3688,1745.81
458,6,1,1,13.3596,1684.9
459,6,1,1,13.3529,1639.55
1543,6,1,1,13.3444,1577.74
715,6,1,1,13.3393,1533.9
716,6,1,1,13.3261,1459.54
722,6,1,1,13.3255,1456.73
552,6,1,1,13.2644,1144.84
1800,6,1,1,13.2561,1102.1
362,6,1,2,13.5528,2765.87,0.0871667,380.195,0.02,3
363,6,1,2,13.5378,2683.42
367,6,1,2,13.5252,2614.55
368,6,1,2,13.5178,2579.99
451,6,1,2,13.4964,2462.69
1716,6,1,2,13.4939,2446.26
462,6,1,2,13.4867,2407.44
1990,6,1,2,13.4789,2354.4
452,6,1,2,13.475,2322.33
453,6,1,2,13.4642,2234.91
455,6,1,2,13.4529,2167.09
454,6,1,2,13.4497,2149.71
448,6,1,2,13.4433,2105.76
449,6,1,2,13.4284,2025.19
104,6,1,3,13.8479,4256.66,0.05,218.085,0.11,4
124,6,1,3,13.834,4184.1
1715,6,1,3,13.8048,4030.74
136,6,1,3,13.799,4000.98
139,6,1,3,13.7857,3929.79
140,6,1,3,13.7615,3801.85
360,6,1,3,13.7219,3588.7
361,6,1,3,13.7075,3511.32
367,6,1,3,13.6707,3310.48
363,6,1,3,13.6572,3238.05
362,6,1,3,13.64,3146.07
815,6,1,4,14.1403,5858.59,0.0983333,428.9,0.22,5
816,6,1,4,14.1311,5814.17
817,6,1,4,14.1232,5768.89
803,6,1,4,14.1035,5658.74
354,6,1,4,14.1035,5658.37
357,6,1,4,14.095,5608.76
358,6,1,4,14.0763,5512.49
349,6,1,4,14.06,5427.05
344,6,1,4,14.0472,5345.73
1819,6,1,4,14.035,5252.5
335,6,1,4,14.03,5223.65
2114,6,1,4,14.0144,5141.58
329,6,1,4,14.0118,5126.41
1979,6,1,4,14.005,5092.94
1978,6,1,4,13.9653,4869.99
107,6,1,4,13.9571,4816.05
1967,6,1,4,13.954,4787.35
105,6,1,4,13.9288,4638.28
124,6,1,4,13.9109,4543.77
104,6,1,4,13.8979,4474.75
1280,6,1,5,14.4077,7229.65,0.0575,250.798,0.05,6
1845,6,1,5,14.3925,7153.09
1270,6,1,5,14.389,7134.54
1269,6,1,5,14.3752,7065.1
1259,6,1,5,14.3568,6968.6
1773,6,1,5,14.3418,6888.87
862,6,1,5,14.3299,6824.91
850,6,1,5,14.3227,6778.4
849,6,1,5,14.3146,6728.21
1774,6,1,5,14.3113,6709.39
837,6,1,5,14.3006,6641.3
2010,6,1,5,14.2918,6591.85
836,6,1,5,14.2849,6544.09
827,6,1,5,14.2749,6487.36
826,6,1,5,14.2543,6374.98
815,6,1,5,14.2386,6287.49
2021,6,1,6,14.6442,8436.61,0.0923333,402.73,0.26,7
951,6,1,6,14.6215,8323.16
949,6,1,6,14.6091,8260.91
2025,6,1,6,14.6057,8243.45
2024,6,1,6,14.591,8164.12
1557,6,1,6,14.5764,8088.04
1299,6,1,6,14.5573,7985.18
1300,6,1,6,14.5527,7961.64
1298,6,1,6,14.5463,7927.94
2176,6,1,6,14.5397,7888.7
2066,6,1,6,14.5289,7820.89
1262,6,1,6,14.5172,7758.51
1261,6,1,6,14.5078,7708.46
1846,6,1,6,14.4854,7587.03
1845,6,1,6,14.4784,7548.49
1280,6,1,6,14.4652,7480.45
999,6,1,7,14.9393,9879.66,0,0,0
1002,6,1,7,14.9352,9851.59
1024,6,1,7,14.9141,9745.04
1029,6,1,7,14.9081,9715.65
1027,6,1,7,14.8953,9652.27
1051,6,1,7,14.8828,9588.93
1052,6,1,7,14.8752,9550.1
1804,6,1,7,14.8748,9547.99
2015,6,1,7,14.8636,9491.78
2014,6,1,7,14.8557,9452.14
2017,6,1,7,14.8546,9446.44
2170,6,1,7,14.8518,9432.25
1738,6,1,7,14.8351,9348.26
1737,6,1,7,14.8292,9317.73
936,6,1,7,14.8158,9246.6
933,6,1,7,14.8153,9243.66
934,6,1,7,14.8097,9206.02
935,6,1,7,14.8092,9203.41
2020,6,1,7,14.7981,9146.43
943,6,1,7,14.7973,9142.5
942,6,1,7,14.7899,9103.37
941,6,1,7,14.778,9043.81
1790,6,1,7,14.7616,8961.67
2022,6,1,7,14.7511,8910.78
2021,6,1,7,14.7366,8839.34
2021,7,0,0,13.4755,954.157,0.0418333,182.464,0.24,1
1791,7,0,0,13.4663,908.831
939,7,0,0,13.453,839.961
940,7,0,0,13.4484,808.109
930,7,0,0,13.4362,746.307
1555,7,0,0,13.4134,630.349
915,7,0,0,13.406,593.22
2016,7,0,0,13.3845,486.314
917,7,0,0,13.3837,482.499
916,7,0,0,13.3835,481.592
919,7,0,0,13.3778,442.508
2017,7,0,0,13.3777,442.335
2014,7,0,0,13.3767,437.314
2015,7,0,0,13.3686,396.599
910,7,0,0,13.3685,396.115
909,7,0,0,13.3602,353.969
1051,7,0,0,13.3503,303.813
1025,7,0,0,13.3381,242.513
1029,7,0,0,13.3242,173.157
1026,7,0,0,13.3137,121.112
998,7,0,0,13.3091,97.9808
999,7,0,0,13.29,0
1800,7,0,1,13.836,2880.35,0.0345,150.479,0.15,2
552,7,0,1,13.823,2818.02
603,7,0,1,13.7925,2666.11
604,7,0,1,13.7888,2645.77
596,7,0,1,13.7887,2644.8
580,7,0,1,13.7784,2584.17
574,7,0,1,13.7578,2476.61
573,7,0,1,13.7486,2424.52
564,7,0,1,13.7414,2385.28
557,7,0,1,13.7355,2352.2
561,7,0,1,13.7288,2305.66
628,7,0,1,13.7245,2280.29
609,7,0,1,13.7123,2204.49
423,7,0,1,13.7064,2148.17
419,7,0,1,13.7011,2113.33
420,7,0,1,13.6959,2078.38
421,7,0,1,13.6919,2051.6
417,7,0,1,13.6875,2027.12
1989,7,0,1,13.6709,1940.71
2011,7,0,1,13.6531,1847.52
2156,7,0,1,13.6479,1820.19
2013,7,0,1,13.6472,1817.04
886,7,0,1,13.6353,1758.86
888,7,0,1,13.6155,1652.75
903,7,0,1,13.6017,1582.87
904,7,0,1,13.5983,1564.49
925,7,0,1,13.5748,1436.59
2019,7,0,1,13.5694,1409.32
929,7,0,1,13.569,1407.34
938,7,0,1,13.557,1341.49
950,7,0,1,13.5435,1270.93
951,7,0,1,13.5365,1235.21
2021,7,0,1,13.5173,1136.62
449,7,0,2,13.9996,3765.64,0.0431667,188.28,0.11,3
457,7,0,2,13.9882,3703.58
456,7,0,2,13.9832,3674.54
458,7,0,2,13.974,3613.63
459,7,0,2,13.9673,3568.28
1543,7,0,2,13.9588,3506.47
715,7,0,2,13.9537,3462.63
716,7,0,2,13.9405,3388.27
722,7,0,2,13.9399,3385.45
552,7,0,2,13.8788,3073.57
1800,7,0,2,13.8705,3030.83
362,7,0,3,14.1672,4696.64,0.0438333,191.188,0.02,4
363,7,0,3,14.1509,4608.44
440,7,0,3,14.1231,4467.66
451,7,0,3,14.1065,4381.47
1716,7,0,3,14.1041,4365.04
462,7,0,3,14.095,4317.97
1990,7,0,3,14.0879,4265.28
452,7,0,3,14.084,4233.21
453,7,0,3,14.0728,4145.99
455,7,0,3,14.0643,4080.5
454,7,0,3,14.0618,4065.85
448,7,0,3,14.0545,4020.93
449,7,0,3,14.0428,3953.92
104,7,0,4,14.4165,5987.14,0.0708333,308.954,0.11,5
124,7,0,4,14.4021,5912.28
1715,7,0,4,14.3662,5730.97
136,7,0,4,14.3609,5703.29
139,7,0,4,14.3479,5633.67
140,7,0,4,14.3271,5520.02
360,7,0,4,14.2884,5310.41
361,7,0,4,14.2759,5241.54
367,7,0,4,14.2421,5053.74
363,7,0,4,14.2268,4973.51
362,7,0,4,14.211,4887.83
1280,7,0,5,14.8444,8257.69,0.0575,250.798,0.05,6
1845,7,0,5,14.8294,8181.85
1270,7,0,5,14.8246,8158.32
1271,7,0,5,14.8128,8098.64
868,7,0,5,14.7981,8016.56
869,7,0,5,14.7788,7911.09
1856,7,0,5,14.759,7815.6
855,7,0,5,14.7588,7814.88
843,7,0,5,14.7452,7735.83
832,7,0,5,14.734,7672.15
831,7,0,5,14.7275,7637.14
2153,7,0,5,14.7274,7637.06
821,7,0,5,14.7136,7568.19
2008,7,0,5,14.7051,7525.4
812,7,0,5,14.6873,7428.39
807,7,0,5,14.6872,7427.6
356,7,0,5,14.6745,7357.84
1981,7,0,5,14.6622,7274.33
345,7,0,5,14.6427,7173.48
341,7,0,5,14.6299,7109.06
2132,7,0,5,14.6297,7107
328,7,0,5,14.6129,7011.32
2115,7,0,5,14.6017,6952.91
329,7,0,5,14.5979,6932.61
1979,7,0,5,14.5913,6900.26
1978,7,0,5,14.5502,6670.81
107,7,0,5,14.5421,6617.06
1967,7,0,5,14.5391,6588.35
105,7,0,5,14.5134,6438.47
124,7,0,5,14.5004,6365.59
104,7,0,5,14.4873,6296.09
815,7,0,6,15.0749,9491.84,0.0461667,201.365,0.21,7
816,7,0,6,15.0669,9452.69
2151,7,0,6,15.0551,9389.03
819,7,0,6,15.0402,9308.93
2009,7,0,6,15.0333,9261.54
2010,7,0,6,15.0172,9160.29
837,7,0,6,15.0094,9113.55
1774,7,0,6,14.9979,9044.22
849,7,0,6,14.9943,9024.31
850,7,0,6,14.9883,8975.2
862,7,0,6,14.9834,8928.2
1773,7,0,6,14.9727,8869.53
1259,7,0,6,14.9592,8796.17
1269,7,0,6,14.9379,8687.4
1270,7,0,6,14.9208,8604.12
1845,7,0,6,14.9151,8576.53
1280,7,0,6,14.9019,8508.49
1414,7,0,7,15.4551,11643.1,0.0926667,404.184,0.21,8
1350,7,0,7,15.4399,11566.8
1351,7,0,7,15.4322,11527.2
1352,7,0,7,15.4196,11464
1358,7,0,7,15.4107,11416.9
1357,7,0,7,15.4001,11361.1
1356,7,0,7,15.3993,11357.4
2076,7,0,7,15.3928,11322.8
1355,7,0,7,15.3916,11316.4
1364,7,0,7,15.3916,11316.2
1361,7,0,7,15.3853,11281.1
1354,7,0,7,15.3853,11280.9
2188,7,0,7,15.3785,11245.7
2075,7,0,7,15.3565,11133.4
1822,7,0,7,15.3557,11129.4
1353,7,0,7,15.3477,11087.7
2118,7,0,7,15.3261,10971.1
2117,7,0,7,15.3235,10946.4
2164,7,0,7,15.3052,10832
1306,7,0,7,15.2803,10671.3
1599,7,0,7,15.2645,10582.3
1300,7,0,7,15.2599,10555.7
1298,7,0,7,15.2551,10528.9
2176,7,0,7,15.2486,10489.7
2066,7,0,7,15.2383,10422.5
869,7,0,7,15.2288,10347.6
865,7,0,7,15.2138,10257
852,7,0,7,15.2073,10215.5
850,7,0,7,15.2013,10172.4
849,7,0,7,15.1933,10122.5
1774,7,0,7,15.1901,10103.7
837,7,0,7,15.1794,10035.5
2010,7,0,7,15.1721,9989.45
836,7,0,7,15.165,9941.62
827,7,0,7,15.1557,9885.91
826,7,0,7,15.1359,9777
815,7,0,7,15.1211,9693.2
1206,7,0,8,15.6433,12559.1,0.0928333,404.911,0.1,9
2081,7,0,8,15.6276,12471.6
2080,7,0,8,15.6137,12396.5
2079,7,0,8,15.599,12322.5
1554,7,0,8,15.5909,12282.3
1416,7,0,8,15.5893,12274.5
1415,7,0,8,15.575,12201.6
2097,7,0,8,15.5633,12140.4
2120,7,0,8,15.5598,12108.5
1414,7,0,8,15.5478,12047.3
1317,7,0,9,16.0093,14401.4,0.104167,454.344,0.13,10
2071,7,0,9,15.9993,14338.3
1359,7,0,9,15.977,14220.8
1370,7,0,9,15.976,14216.3
1360,7,0,9,15.9429,14046.9
1361,7,0,9,15.9282,13966
1354,7,0,9,15.9282,13965.8
1355,7,0,9,15.922,13932.5
2076,7,0,9,15.9202,13923.4
1356,7,0,9,15.9132,13886.6
1357,7,0,9,15.9124,13882.9
1358,7,0,9,15.9007,13822.7
1352,7,0,9,15.8917,13775
1351,7,0,9,15.8779,13706.8
1350,7,0,9,15.8707,13669.3
1414,7,0,9,15.8543,13588.1
2120,7,0,9,15.8438,13533.4
2097,7,0,9,15.8347,13486.4
1415,7,0,9,15.8219,13420.8
1416,7,0,9,15.8062,13341.8
1554,7,0,9,15.8046,13333.9
2079,7,0,9,15.7981,13300.2
2080,7,0,9,15.7831,13225.2
2081,7,0,9,15.7687,13148
1207,7,0,9,15.7533,13061.4
2061,7,0,9,15.746,13018.1
1206,7,0,9,15.7361,12964
999,7,0,10,16.3414,16050.2,0,0,0
1002,7,0,10,16.336,16019.7
1031,7,0,10,16.3243,15959.6
2031,7,0,10,16.317,15922.6
2032,7,0,10,16.3166,15920.7
1053,7,0,10,16.3087,15881.6
1784,7,0,10,16.3056,15865
1066,7,0,10,16.2963,15817.9
2034,7,0,10,16.2793,15728.3
1850,7,0,10,16.2701,15681.3
2035,7,0,10,16.2619,15637.7
1106,7,0,10,16.25,15573.4
2039,7,0,10,16.2376,15509.6
2106,7,0,10,16.222,15425
2050,7,0,10,16.2128,15381
2051,7,0,10,16.2014,15320.7
1333,7,0,10,16.1775,15195
1315,7,0,10,16.1644,15127.6
2165,7,0,10,16.1469,15037
2071,7,0,10,16.127,14929.6
1317,7,0,10,16.1135,14855.8
1206,8,0,0,15.7682,1274.9,0.0928333,404.911,0.1,1
1653,8,0,0,15.765,1257.33
2096,8,0,0,15.7566,1210.5
1202,8,0,0,15.7281,1060.83
2059,8,0,0,15.7105,968.507
1552,8,0,0,15.7031,930.8
2060,8,0,0,15.7013,921.439
1551,8,0,0,15.7006,917.264
1550,8,0,0,15.6998,913.48
1196,8,0,0,15.6935,870.183
1194,8,0,0,15.6932,868.635
1190,8,0,0,15.6829,804.163
1186,8,0,0,15.6706,740.147
1183,8,0,0,15.6572,672.715
1103,8,0,0,15.6464,615.126
1084,8,0,0,15.6368,558.621
1062,8,0,0,15.6198,458.188
2159,8,0,0,15.6196,457.186
1045,8,0,0,15.6189,454.036
1043,8,0,0,15.6158,438.079
2158,8,0,0,15.6091,404.11
2030,8,0,0,15.6052,384.274
1011,8,0,0,15.6051,383.45
1009,8,0,0,15.6012,361.416
1041,8,0,0,15.6011,360.726
1039,8,0,0,15.5936,321.56
1037,8,0,0,15.5846,276.701
1034,8,0,0,15.5748,226.091
2032,8,0,0,15.5593,148.497
2031,8,0,0,15.559,146.673
1031,8,0,0,15.5507,105.841
1002,8,0,0,15.5369,36.794
999,8,0,0,15.53,0
1414,8,0,1,15.9793,2303.91,0.0926667,404.184,0.21,2
2120,8,0,1,15.9687,2249.25
2097,8,0,1,15.9596,2202.21
1415,8,0,1,15.9469,2136.64
1416,8,0,1,15.9311,2057.58
1554,8,0,1,15.9295,2049.75
2079,8,0,1,15.923,2015.99
2080,8,0,1,15.908,1941.05
2081,8,0,1,15.8937,1863.79
1207,8,0,1,15.8783,1777.24
2061,8,0,1,15.871,1733.94
1206,8,0,1,15.8611,1679.81
1317,8,0,2,16.2124,3455.81,0.104167,454.344,0.13,3
2071,8,0,2,16.2003,3387.71
1359,8,0,2,16.1787,3273.52
1370,8,0,2,16.1777,3269.07
1360,8,0,2,16.1546,3142.23
1361,8,0,2,16.1399,3061.01
1354,8,0,2,16.1398,3060.82
1355,8,0,2,16.1338,3028.3
2076,8,0,2,16.132,3019.18
1356,8,0,2,16.1244,2980.01
1357,8,0,2,16.1237,2976.29
1358,8,0,2,16.1105,2909.88
1352,8,0,2,16.1025,2866.6
1351,8,0,2,16.0923,2813.05
1350,8,0,2,16.0847,2774.41
1414,8,0,2,16.0719,2708.09
999,8,0,3,16.5446,5104.59,0,0,0
1002,8,0,3,16.5391,5074.13
1031,8,0,3,16.5274,5013.93
2031,8,0,3,16.5201,4976.94
2032,8,0,3,16.5197,4975.12
1053,8,0,3,16.5118,4935.99
1784,8,0,3,16.5087,4919.43
1066,8,0,3,16.4995,4872.27
2034,8,0,3,16.4824,4782.65
1850,8,0,3,16.4732,4735.66
2035,8,0,3,16.4651,4692.03
1106,8,0,3,16.4531,4627.8
2039,8,0,3,16.4407,4563.98
2106,8,0,3,16.4252,4479.34
2050,8,0,3,16.416,4435.37
2051,8,0,3,16.4045,4375.11
1333,8,0,3,16.3806,4249.4
1315,8,0,3,16.3676,4181.95
2165,8,0,3,16.35,4091.35
2071,8,0,3,16.3301,3983.94
1317,8,0,3,16.3166,3910.15
1800,8,1,0,13.7616,951.622,0.0345,150.479,0.15,1
552,8,1,0,13.7525,905.718
603,8,1,0,13.7189,740.761
604,8,1,0,13.7139,714.369
596,8,1,0,13.7137,713.397
580,8,1,0,13.7022,649.074
574,8,1,0,13.6816,541.537
573,8,1,0,13.6725,489.448
564,8,1,0,13.6652,450.205
557,8,1,0,13.6593,417.124
561,8,1,0,13.6526,370.589
628,8,1,0,13.6483,345.216
615,8,1,0,13.6435,317.236
617,8,1,0,13.64,299.689
616,8,1,0,13.6324,261.472
676,8,1,0,13.6262,230.409
674,8,1,0,13.6158,178.918
675,8,1,0,13.6092,145.841
962,8,1,0,13.5988,96.4787
961,8,1,0,13.5933,67.3447
999,8,1,0,13.58,0
449,8,1,1,13.9252,1836.91,0.0431667,188.28,0.11,2
457,8,1,1,13.9137,1774.85
456,8,1,1,13.9088,1745.81
458,8,1,1,13.8996,1684.9
459,8,1,1,13.8929,1639.55
1543,8,1,1,13.8844,1577.74
715,8,1,1,13.8793,1533.9
716,8,1,1,13.8661,1459.54
722,8,1,1,13.8655,1456.73
552,8,1,1,13.8044,1144.84
1800,8,1,1,13.7961,1102.1
362,8,1,2,14.0928,2765.87,0.0438333,191.188,0.02,3
363,8,1,2,14.0778,2683.42
367,8,1,2,14.0652,2614.55
368,8,1,2,14.0578,2579.99
451,8,1,2,14.0364,2462.69
1716,8,1,2,14.0339,2446.26
462,8,1,2,14.0267,2407.44
1990,8,1,2,14.0189,2354.4
452,8,1,2,14.015,2322.33
453,8,1,2,14.0042,2234.91
455,8,1,2,13.9929,2167.09
454,8,1,2,13.9897,2149.71
448,8,1,2,13.9833,2105.76
449,8,1,2,13.9684,2025.19
104,8,1,3,14.3421,4056.37,0.0708333,308.954,0.11,4
124,8,1,3,14.3277,3981.51
1715,8,1,3,14.2918,3800.2
136,8,1,3,14.2866,3772.52
139,8,1,3,14.2736,3702.9
140,8,1,3,14.2527,3589.25
360,8,1,3,14.214,3379.64
361,8,1,3,14.2015,3310.77
367,8,1,3,14.1677,3122.97
363,8,1,3,14.1524,3042.74
362,8,1,3,14.1367,2957.06
1280,8,1,4,14.77,6326.92,0.0575,250.798,0.05,5
1845,8,1,4,14.755,6251.08
1270,8,1,4,14.7503,6227.55
1271,8,1,4,14.7384,6167.87
868,8,1,4,14.7237,6085.79
869,8,1,4,14.7044,5980.32
1856,8,1,4,14.6846,5884.83
855,8,1,4,14.6845,5884.11
843,8,1,4,14.6709,5805.06
832,8,1,4,14.6596,5741.38
831,8,1,4,14.6531,5706.37
2153,8,1,4,14.6531,5706.29
821,8,1,4,14.6392,5637.42
2008,8,1,4,14.6307,5594.63
812,8,1,4,14.613,5497.62
807,8,1,4,14.6128,5496.83
356,8,1,4,14.6001,5427.07
1981,8,1,4,14.5879,5343.56
345,8,1,4,14.5684,5242.71
341,8,1,4,14.5556,5178.29
2132,8,1,4,14.5553,5176.23
328,8,1,4,14.5386,5080.55
2115,8,1,4,14.5273,5022.14
329,8,1,4,14.5235,5001.84
1979,8,1,4,14.517,4969.49
1978,8,1,4,14.4758,4740.04
107,8,1,4,14.4677,4686.29
1967,8,1,4,14.4647,4657.59
105,8,1,4,14.439,4507.7
124,8,1,4,14.4261,4434.82
104,8,1,4,14.4129,4365.33
815,8,1,5,15.0005,7561.07,0.0461667,201.365,0.21,6
816,8,1,5,14.9926,7521.92
2151,8,1,5,14.9807,7458.26
819,8,1,5,14.9659,7378.16
2009,8,1,5,14.9589,7330.77
2010,8,1,5,14.9428,7229.52
837,8,1,5,14.9351,7182.78
1774,8,1,5,14.9235,7113.45
849,8,1,5,14.9199,7093.55
850,8,1,5,14.9139,7044.43
862,8,1,5,14.909,6997.43
1773,8,1,5,14.8984,6938.76
1259,8,1,5,14.8848,6865.4
1269,8,1,5,14.8636,6756.64
1270,8,1,5,14.8464,6673.35
1845,8,1,5,14.8407,6645.76
1280,8,1,5,14.8275,6577.72
999,8,1,6,15.3527,9371.66,0,0,0
1002,8,1,6,15.3485,9343.59
1024,8,1,6,15.3306,9250.26
1029,8,1,6,15.3259,9226.12
1027,8,1,6,15.3139,9166.48
898,8,1,6,15.3048,9119.15
895,8,1,6,15.2876,9032.74
896,8,1,6,15.2839,9014.5
892,8,1,6,15.2802,8995.76
906,8,1,6,15.267,8924.42
905,8,1,6,15.2536,8854.03
903,8,1,6,15.2349,8754.49
904,8,1,6,15.2308,8733.25
902,8,1,6,15.2192,8669.43
901,8,1,6,15.2068,8602.11
900,8,1,6,15.202,8576.6
899,8,1,6,15.1823,8473.58
833,8,1,6,15.1587,8346.02
834,8,1,6,15.156,8331.5
825,8,1,6,15.1449,8272.85
831,8,1,6,15.1445,8270.82
2153,8,1,6,15.1445,8270.74
821,8,1,6,15.1327,8210.15
2008,8,1,6,15.1242,8167.36
2152,8,1,6,15.1159,8124.32
820,8,1,6,15.0979,8032.37
819,8,1,6,15.0809,7943.58
2151,8,1,6,15.0663,7864.42
816,8,1,6,15.0544,7800.59
815,8,1,6,15.0467,7762.43
2021,8,2,0,13.9655,954.157,0.0418333,182.464,0.24,1
1791,8,2,0,13.9563,908.831
939,8,2,0,13.943,839.961
940,8,2,0,13.9384,808.109
930,8,2,0,13.9262,746.307
1555,8,2,0,13.9034,630.349
915,8,2,0,13.896,593.22
2016,8,2,0,13.8745,486.314
917,8,2,0,13.8737,482.499
916,8,2,0,13.8735,481.592
919,8,2,0,13.8678,442.508
2017,8,2,0,13.8677,442.335
2014,8,2,0,13.8667,437.314
2015,8,2,0,13.8586,396.599
910,8,2,0,13.8585,396.115
909,8,2,0,13.8502,353.969
1051,8,2,0,13.8403,303.813
1025,8,2,0,13.8281,242.513
1029,8,2,0,13.8142,173.157
1026,8,2,0,13.8037,121.112
998,8,2,0,13.7991,97.9808
999,8,2,0,13.78,0
999,8,2,1,14.2101,2176.93,0,0,0
1002,8,2,1,14.2059,2148.86
1024,8,2,1,14.1849,2042.32
1029,8,2,1,14.1789,2012.93
1027,8,2,1,14.166,1949.55
1051,8,2,1,14.1536,1886.21
1052,8,2,1,14.146,1847.38
1804,8,2,1,14.1455,1845.27
2015,8,2,1,14.1343,1789.05
2014,8,2,1,14.1265,1749.41
2017,8,2,1,14.1253,1743.72
2170,8,2,1,14.1225,1729.53
1738,8,2,1,14.1059,1645.54
1737,8,2,1,14.0999,1615.01
936,8,2,1,14.0866,1543.88
933,8,2,1,14.086,1540.94
934,8,2,1,14.0805,1503.29
935,8,2,1,14.0799,1500.68
2020,8,2,1,14.0689,1443.71
943,8,2,1,14.0681,1439.77
942,8,2,1,14.0606,1400.65
941,8,2,1,14.0487,1341.08
1790,8,2,1,14.0323,1258.95
2022,8,2,1,14.0219,1208.05
2021,8,2,1,14.0073,1136.62
1206,9,0,0,15.7382,1274.9,0.0928333,404.911,0.1,1
1653,9,0,0,15.735,1257.33
2096,9,0,0,15.7266,1210.5
1202,9,0,0,15.6981,1060.83
2059,9,0,0,15.6805,968.507
1552,9,0,0,15.6731,930.8
2060,9,0,0,15.6713,921.439
1551,9,0,0,15.6706,917.264
1550,9,0,0,15.6698,913.48
1196,9,0,0,15.6635,870.183
1194,9,0,0,15.6632,868.635
1190,9,0,0,15.6529,804.163
1186,9,0,0,15.6406,740.147
1183,9,0,0,15.6272,672.715
1103,9,0,0,15.6164,615.126
1084,9,0,0,15.6068,558.621
1062,9,0,0,15.5898,458.188
2159,9,0,0,15.5896,457.186
1045,9,0,0,15.5889,454.036
1043,9,0,0,15.5858,438.079
2158,9,0,0,15.5791,404.11
2030,9,0,0,15.5752,384.274
1011,9,0,0,15.5751,383.45
1009,9,0,0,15.5712,361.416
1041,9,0,0,15.5711,360.726
1039,9,0,0,15.5636,321.56
1037,9,0,0,15.5546,276.701
1034,9,0,0,15.5448,226.091
2032,9,0,0,15.5293,148.497
2031,9,0,0,15.529,146.673
1031,9,0,0,15.5207,105.841
1002,9,0,0,15.5069,36.794
999,9,0,0,15.5,0
1317,9,0,1,16.1042,3117.24,0.104167,454.344,0.13,2
2071,9,0,1,16.0943,3054.13
1359,9,0,1,16.0719,2936.59
1370,9,0,1,16.0709,2932.14
1360,9,0,1,16.0378,2762.74
1361,9,0,1,16.0232,2681.82
1354,9,0,1,16.0231,2681.63
1355,9,0,1,16.017,2648.35
2076,9,0,1,16.0151,2639.24
1356,9,0,1,16.0081,2602.39
1357,9,0,1,16.0073,2598.67
1358,9,0,1,15.9957,2538.51
1352,9,0,1,15.9866,2490.8
1351,9,0,1,15.9729,2422.61
1350,9,0,1,15.9656,2385.07
1414,9,0,1,15.9493,2303.91
2120,9,0,1,15.9387,2249.25
2097,9,0,1,15.9296,2202.21
1415,9,0,1,15.9169,2136.64
1416,9,0,1,15.9011,2057.58
1554,9,0,1,15.8995,2049.75
2079,9,0,1,15.893,2015.99
2080,9,0,1,15.878,1941.05
2081,9,0,1,15.8637,1863.79
1207,9,0,1,15.8483,1777.24
2061,9,0,1,15.841,1733.94
1206,9,0,1,15.8311,1679.81
815,9,0,2,16.5345,5402.2,0.0345,150.479,0.2,3
816,9,0,2,16.5283,5370.44
2151,9,0,2,16.5169,5308.29
819,9,0,2,16.5024,5229.79
2009,9,0,2,16.4952,5182.27
2010,9,0,2,16.4793,5081.1
837,9,0,2,16.4723,5035.4
1774,9,0,2,16.4624,4968.08
849,9,0,2,16.4585,4946.73
850,9,0,2,16.452,4897.79
852,9,0,2,16.4427,4847.17
865,9,0,2,16.4362,4805.53
869,9,0,2,16.4218,4715.78
2066,9,0,2,16.3992,4599.76
1297,9,0,2,16.3723,4457.59
1299,9,0,2,16.3663,4424.22
1600,9,0,2,16.3649,4410.77
1306,9,0,2,16.3515,4325.27
1301,9,0,2,16.3348,4239.36
1302,9,0,2,16.3102,4108.2
1307,9,0,2,16.2966,4030.82
1308,9,0,2,16.2823,3958.49
1309,9,0,2,16.2654,3870.53
1314,9,0,2,16.2648,3867.66
2165,9,0,2,16.2419,3752.79
2071,9,0,2,16.2219,3645.38
1317,9,0,2,16.2084,3571.59
999,9,0,3,16.8916,7229.09,0,0,0
1002,9,0,3,16.8816,7179.19
1024,9,0,3,16.8634,7084.67
1029,9,0,3,16.8573,7055.17
1027,9,0,3,16.8464,6999.78
898,9,0,3,16.8375,6953.6
895,9,0,3,16.8202,6866.3
896,9,0,3,16.8165,6848.06
892,9,0,3,16.8129,6830.19
906,9,0,3,16.7997,6758.45
905,9,0,3,16.7851,6683.48
903,9,0,3,16.7646,6575.94
904,9,0,3,16.7613,6558.45
902,9,0,3,16.7482,6487.97
901,9,0,3,16.7349,6416.55
900,9,0,3,16.73,6390.89
899,9,0,3,16.7073,6274.9
833,9,0,3,16.6825,6142.3
834,9,0,3,16.6786,6123.05
825,9,0,3,16.668,6065.98
831,9,0,3,16.6676,6063.95
2153,9,0,3,16.6675,6063.86
821,9,0,3,16.657,6009
2008,9,0,3,16.6485,5966.21
2152,9,0,3,16.6415,5928.42
820,9,0,3,16.6205,5824
819,9,0,3,16.6031,5733.47
2151,9,0,3,16.5876,5650.57
816,9,0,3,16.5751,5584
815,9,0,3,16.569,5552.68
2021,9,1,0,13.2255,954.157,0.0418333,182.464,0.24,1
1791,9,1,0,13.2163,908.831
939,9,1,0,13.203,839.961
940,9,1,0,13.1984,808.109
930,9,1,0,13.1862,746.307
1555,9,1,0,13.1634,630.349
915,9,1,0,13.156,593.22
2016,9,1,0,13.1345,486.314
917,9,1,0,13.1337,482.499
916,9,1,0,13.1335,481.592
919,9,1,0,13.1278,442.508
2017,9,1,0,13.1277,442.335
2014,9,1,0,13.1267,437.314
2015,9,1,0,13.1186,396.599
910,9,1,0,13.1185,396.115
909,9,1,0,13.1102,353.969
1051,9,1,0,13.1003,303.813
1025,9,1,0,13.0881,242.513
1029,9,1,0,13.0742,173.157
1026,9,1,0,13.0637,121.112
998,9,1,0,13.0591,97.9808
999,9,1,0,13.04,0
1800,9,1,1,13.586,2880.35,0.0345,150.479,0.15,2
552,9,1,1,13.573,2818.02
603,9,1,1,13.5425,2666.11
604,9,1,1,13.5388,2645.77
596,9,1,1,13.5387,2644.8
580,9,1,1,13.5284,2584.17
574,9,1,1,13.5078,2476.61
573,9,1,1,13.4986,2424.52
564,9,1,1,13.4914,2385.28
557,9,1,1,13.4855,2352.2
561,9,1,1,13.4788,2305.66
628,9,1,1,13.4745,2280.29
609,9,1,1,13.4623,2204.49
423,9,1,1,13.4564,2148.17
419,9,1,1,13.4511,2113.33
420,9,1,1,13.4459,2078.38
421,9,1,1,13.4419,2051.6
417,9,1,1,13.4375,2027.12
1989,9,1,1,13.4209,1940.71
2011,9,1,1,13.4031,1847.52
2156,9,1,1,13.3979,1820.19
2013,9,1,1,13.3972,1817.04
886,9,1,1,13.3853,1758.86
888,9,1,1,13.3655,1652.75
903,9,1,1,13.3517,1582.87
904,9,1,1,13.3483,1564.49
925,9,1,1,13.3248,1436.59
2019,9,1,1,13.3194,1409.32
929,9,1,1,13.319,1407.34
938,9,1,1,13.307,1341.49
950,9,1,1,13.2935,1270.93
951,9,1,1,13.2865,1235.21
2021,9,1,1,13.2673,1136.62
449,9,1,2,13.7496,3765.64,0.0431667,188.28,0.11,3
457,9,1,2,13.7382,3703.58
456,9,1,2,13.7332,3674.54
458,9,1,2,13.724,3613.63
459,9,1,2,13.7173,3568.28
1543,9,1,2,13.7088,3506.47
715,9,1,2,13.7037,3462.63
716,9,1,2,13.6905,3388.27
722,9,1,2,13.6899,3385.45
552,9,1,2,13.6288,3073.57
1800,9,1,2,13.6205,3030.83
362,9,1,3,13.9172,4694.6,0.0871667,380.195,0.02,4
363,9,1,3,13.9022,4612.15
367,9,1,3,13.8896,4543.27
368,9,1,3,13.8822,4508.71
451,9,1,3,13.8608,4391.41
1716,9,1,3,13.8583,4374.99
462,9,1,3,13.8511,4336.17
1990,9,1,3,13.8433,4283.13
452,9,1,3,13.8394,4251.06
453,9,1,3,13.8286,4163.64
455,9,1,3,13.8173,4095.82
454,9,1,3,13.8141,4078.44
448,9,1,3,13.8077,4034.49
449,9,1,3,13.7928,3953.92
104,9,1,4,14.2098,6174.11,0.0708333,308.954,0.11,5
124,9,1,4,14.1954,6099.24
1715,9,1,4,14.1596,5917.93
136,9,1,4,14.1543,5890.25
139,9,1,4,14.1413,5820.63
140,9,1,4,14.1205,5706.98
360,9,1,4,14.0817,5497.37
361,9,1,4,14.0693,5428.51
367,9,1,4,14.0354,5240.7
363,9,1,4,14.0201,5160.47
362,9,1,4,14.0044,5074.79
1280,9,1,5,14.6378,8444.66,0.0575,250.798,0.05,6
1845,9,1,5,14.6227,8368.81
1270,9,1,5,14.618,8345.29
1271,9,1,5,14.6062,8285.61
868,9,1,5,14.5914,8203.53
869,9,1,5,14.5722,8098.05
1856,9,1,5,14.5523,8002.56
855,9,1,5,14.5522,8001.85
843,9,1,5,14.5386,7922.79
832,9,1,5,14.5274,7859.11
831,9,1,5,14.5208,7824.1
2153,9,1,5,14.5208,7824.02
821,9,1,5,14.507,7755.16
2008,9,1,5,14.4985,7712.37
812,9,1,5,14.4807,7615.36
807,9,1,5,14.4805,7614.57
356,9,1,5,14.4679,7544.8
1981,9,1,5,14.4556,7461.3
345,9,1,5,14.4361,7360.44
341,9,1,5,14.4233,7296.02
2132,9,1,5,14.4231,7293.97
328,9,1,5,14.4063,7198.29
2115,9,1,5,14.3951,7139.87
329,9,1,5,14.3913,7119.58
1979,9,1,5,14.3847,7087.22
1978,9,1,5,14.3436,6857.78
107,9,1,5,14.3355,6804.02
1967,9,1,5,14.3325,6775.32
105,9,1,5,14.3067,6625.44
124,9,1,5,14.2938,6552.55
104,9,1,5,14.2807,6483.06
1414,9,1,6,14.9828,10293.1,0.116333,507.411,0.2,7
1350,9,1,6,14.9712,10231.9
1351,9,1,6,14.9612,10182.8
1352,9,1,6,14.948,10117
1358,9,1,6,14.9372,10062.1
1357,9,1,6,14.9251,9999.72
1356,9,1,6,14.9243,9996
2076,9,1,6,14.9147,9948.34
1355,9,1,6,14.9134,9941.68
1364,9,1,6,14.9134,9941.47
1361,9,1,6,14.9071,9906.27
1354,9,1,6,14.9071,9906.08
2188,9,1,6,14.8991,9866
2075,9,1,6,14.8759,9748.25
1822,9,1,6,14.875,9744.26
1353,9,1,6,14.8667,9701.21
2118,9,1,6,14.8458,9587.65
2117,9,1,6,14.8433,9563.02
2164,9,1,6,14.8249,9448.58
1306,9,1,6,14.8021,9289.75
1599,9,1,6,14.7872,9203.27
1300,9,1,6,14.7827,9176.64
1298,9,1,6,14.7763,9142.94
2176,9,1,6,14.7698,9103.71
2066,9,1,6,14.759,9035.9
1262,9,1,6,14.7473,8973.51
1261,9,1,6,14.7378,8923.46
1846,9,1,6,14.7154,8802.04
1845,9,1,6,14.7084,8763.49
1280,9,1,6,14.6953,8695.46
999,9,1,7,15.3695,12200,0,0,0
1002,9,1,7,15.3654,12171.9
1031,9,1,7,15.3508,12099.7
2031,9,1,7,15.3435,12062.7
2032,9,1,7,15.3431,12060.9
1053,9,1,7,15.3353,12022.4
1784,9,1,7,15.3322,12005.7
1069,9,1,7,15.3123,11904.8
1848,9,1,7,15.304,11860.8
1847,9,1,7,15.2995,11836.6
1086,9,1,7,15.2957,11815.8
1087,9,1,7,15.2809,11741.7
1088,9,1,7,15.2751,11710.8
1117,9,1,7,15.2669,11668.1
1119,9,1,7,15.2661,11664.1
1118,9,1,7,15.2598,11630
2044,9,1,7,15.2444,11549.9
2169,9,1,7,15.2362,11507.8
2171,9,1,7,15.2315,11483.8
1549,9,1,7,15.2252,11449.7
1147,9,1,7,15.2193,11418.1
1796,9,1,7,15.1851,11235.1
1328,9,1,7,15.1834,11226.2
1340,9,1,7,15.1662,11138.1
1348,9,1,7,15.1657,11135.6
1349,9,1,7,15.1646,11130.1
1358,9,1,7,15.1456,11035.1
1352,9,1,7,15.1365,10987.4
1351,9,1,7,15.1228,10919.2
1350,9,1,7,15.1155,10881.6
1414,9,1,7,15.0991,10800.5
