Node, Individual, Route,Segment, Travel time, Travel cost, Attention time, Attention cost, Failure rate, Demand
905,0,0,0,9.6969,851.671,0.112167,489.237,0.46,1
906,0,0,0,9.68491,787.386
892,0,0,0,9.66767,698.862
896,0,0,0,9.66342,677.99
895,0,0,0,9.65954,658.95
907,0,0,0,9.64531,587.819
908,0,0,0,9.63733,547.082
2014,0,0,0,9.63674,544.403
2015,0,0,0,9.62863,503.688
2018,0,0,0,9.61942,456.238
920,0,0,0,9.61495,433.088
1793,0,0,0,9.5943,326.783
2034,0,0,0,9.58664,287.76
1850,0,0,0,9.57669,237.441
1849,0,0,0,9.55462,129.909
1848,0,0,0,9.55047,107.905
1847,0,0,0,9.54648,86.1224
1086,0,0,0,9.54266,65.35
1087,0,0,0,9.53,0
822,0,0,1,9.94807,2074.5,0.0406667,177.376,0.33,2
2153,0,0,1,9.92709,1962.6
831,0,0,1,9.92707,1962.51
825,0,0,1,9.92666,1960.49
834,0,0,1,9.91865,1914.37
833,0,0,1,9.91597,1900.16
899,0,0,1,9.89103,1766.86
900,0,0,1,9.86758,1647.84
901,0,0,1,9.86152,1616.98
902,0,0,1,9.84923,1550.2
904,0,0,1,9.83494,1474.69
903,0,0,1,9.83117,1454.85
905,0,0,1,9.80907,1340.91
1275,0,0,2,10.1541,3139.53,0.057,248.617,0.01,3
1266,0,0,2,10.1431,3080.11
1267,0,0,2,10.1296,3007.89
1260,0,0,2,10.1147,2929.56
1259,0,0,2,10.1012,2858.58
868,0,0,2,10.0802,2746.62
869,0,0,2,10.0579,2628.49
1856,0,0,2,10.0371,2528.75
855,0,0,2,10.0369,2528.03
843,0,0,2,10.0246,2450.82
832,0,0,2,10.0137,2389.44
831,0,0,2,10.0072,2354.87
825,0,0,2,10.0068,2352.84
822,0,0,2,9.98874,2251.87
1601,0,0,3,10.3514,4173.78,0.0673333,293.688,0.2,4
1599,0,0,3,10.3444,4135.78
1300,0,0,3,10.34,4109.27
1298,0,0,3,10.3332,4074.04
2176,0,0,3,10.3269,4035.18
2066,0,0,3,10.3162,3967.52
869,0,0,3,10.3062,3892.66
868,0,0,3,10.2856,3781.27
1259,0,0,3,10.2675,3681.96
1260,0,0,3,10.2501,3594.74
1258,0,0,3,10.2369,3524.78
1265,0,0,3,10.223,3451.72
1275,0,0,3,10.2111,3388.15
953,0,0,4,10.5462,5138.5,0.0833333,363.475,0.46,5
952,0,0,4,10.5324,5071
2022,0,0,4,10.5208,5012.78
2021,0,0,4,10.51,4956.97
951,0,0,4,10.4909,4858.76
949,0,0,4,10.48,4802.48
2025,0,0,4,10.4765,4785.03
2024,0,0,4,10.462,4706.68
1557,0,0,4,10.4506,4643.91
1299,0,0,4,10.4263,4519.09
1600,0,0,4,10.4249,4505.64
1599,0,0,4,10.4244,4500.54
1601,0,0,4,10.4187,4467.47
1348,0,0,5,10.7895,6354.17,0.0748333,326.4,0.08,6
1349,0,0,5,10.7885,6349.18
1357,0,0,5,10.7764,6286.58
1356,0,0,5,10.7756,6282.86
2076,0,0,5,10.7692,6248.57
1355,0,0,5,10.7679,6241.53
1354,0,0,5,10.7616,6207.99
2188,0,0,5,10.7535,6167.29
2075,0,0,5,10.7326,6059.25
1822,0,0,5,10.7318,6055.26
1353,0,0,5,10.721,6002.31
2118,0,0,5,10.6975,5877.44
2117,0,0,5,10.695,5852.81
2165,0,0,5,10.6904,5826.98
1314,0,0,5,10.6748,5743.05
2163,0,0,5,10.659,5659.03
2023,0,0,5,10.6303,5506.07
953,0,0,5,10.6295,5501.97
1650,0,0,6,10.984,7302.87,0.0471667,205.727,0.37,7
2167,0,0,6,10.9806,7284.76
1657,0,0,6,10.9762,7261.1
1399,0,0,6,10.9545,7148.89
1381,0,0,6,10.9318,7029.21
1380,0,0,6,10.9267,7002.79
1378,0,0,6,10.9185,6961.22
1375,0,0,6,10.9035,6885.17
1367,0,0,6,10.8905,6815.84
1357,0,0,6,10.8772,6746.85
1349,0,0,6,10.8653,6685.55
1348,0,0,6,10.8644,6680.57
1621,0,0,7,11.1727,8239.37,0.0768333,335.124,0.15,8
2089,0,0,7,11.1531,8142.29
2124,0,0,7,11.141,8088.47
1826,0,0,7,11.1327,8044.26
1450,0,0,7,11.1307,8028.96
2087,0,0,7,11.1134,7939.81
1461,0,0,7,11.1067,7905.18
2085,0,0,7,11.0565,7644.85
1650,0,0,7,11.0312,7508.59
1429,0,0,8,11.3729,9289.09,0.0606667,264.61,0.27,9
2166,0,0,8,11.3558,9199.64
1427,0,0,8,11.3406,9122.27
1677,0,0,8,11.3323,9078.31
1836,0,0,8,11.3256,9046.08
1834,0,0,8,11.3078,8954.14
1830,0,0,8,11.2999,8877.93
1828,0,0,8,11.291,8792.52
1449,0,0,8,11.2802,8739.15
1825,0,0,8,11.2748,8711.95
2124,0,0,8,11.2561,8607.98
2089,0,0,8,11.2519,8586.38
2102,0,0,8,11.2515,8584.35
1497,0,0,8,11.2502,8577.19
1621,0,0,8,11.2496,8574.49
2057,0,0,9,11.5723,10279.2,0.0335,146.117,0.35,10
1640,0,0,9,11.5672,10252.8
1821,0,0,9,11.56,10215.2
1196,0,0,9,11.5539,10176.4
1550,0,0,9,11.5473,10138.2
1552,0,0,9,11.5428,10115.4
2059,0,0,9,11.5366,10082.9
2063,0,0,9,11.5126,9961.6
2064,0,0,9,11.5065,9931.08
2080,0,0,9,11.4867,9831.15
2082,0,0,9,11.4653,9728.14
1419,0,0,9,11.4507,9649.5
1429,0,0,9,11.4336,9553.7
1087,0,0,10,11.7728,11279.1,0,0,0
1090,0,0,10,11.7641,11233.9
1076,0,0,10,11.738,11106.9
1074,0,0,10,11.7338,11085.8
1077,0,0,10,11.7243,11035
1080,0,0,10,11.7108,10967.8
1079,0,0,10,11.7042,10933.4
1061,0,0,10,11.6999,10912.1
1063,0,0,10,11.6964,10893.9
1083,0,0,10,11.6813,10812.3
1105,0,0,10,11.6647,10728.3
1104,0,0,10,11.6416,10612.3
1187,0,0,10,11.6316,10558.2
1188,0,0,10,11.6251,10525.8
1192,0,0,10,11.6214,10506.7
1639,0,0,10,11.6173,10484.9
2122,0,0,10,11.6117,10456.3
2057,0,0,10,11.6058,10425.3
953,1,0,0,9.45454,699.176,0.0893333,389.645,0.46,1
2023,1,0,0,9.45373,695.075
2108,1,0,0,9.43888,616.787
1794,1,0,0,9.43252,584.054
2106,1,0,0,9.41747,505.482
2039,1,0,0,9.39835,405.505
2040,1,0,0,9.38754,346.066
2043,1,0,0,9.38316,323.811
1111,1,0,0,9.36833,249.804
1110,1,0,0,9.36112,214.316
1113,1,0,0,9.34875,148.867
1847,1,0,0,9.33648,86.1224
1086,1,0,0,9.33266,65.35
1087,1,0,0,9.32,0
905,1,0,1,9.67986,1806.72,0.112167,489.237,0.46,2
906,1,0,1,9.66786,1742.43
1555,1,0,1,9.63857,1583.22
930,1,0,1,9.61842,1478.24
931,1,0,1,9.6089,1431.07
932,1,0,1,9.59486,1355.51
933,1,0,1,9.58985,1329.94
934,1,0,1,9.58432,1292.29
935,1,0,1,9.58378,1289.68
2020,1,0,1,9.57272,1232.7
1787,1,0,1,9.55412,1139.74
2023,1,0,1,9.54469,1092.92
953,1,0,1,9.54388,1088.82
822,1,0,2,9.93103,3029.54,0.0406667,177.376,0.33,3
2153,1,0,2,9.91004,2917.64
831,1,0,2,9.91002,2917.56
825,1,0,2,9.90961,2915.53
834,1,0,2,9.9016,2869.42
833,1,0,2,9.89892,2855.21
899,1,0,2,9.87398,2721.9
900,1,0,2,9.85053,2602.88
901,1,0,2,9.84447,2572.03
902,1,0,2,9.83218,2505.24
904,1,0,2,9.81789,2429.74
903,1,0,2,9.81412,2409.89
905,1,0,2,9.79202,2295.95
1275,1,0,3,10.137,4094.58,0.057,248.617,0.01,4
1266,1,0,3,10.126,4035.16
1267,1,0,3,10.1126,3962.93
1260,1,0,3,10.0977,3884.6
1259,1,0,3,10.0841,3813.63
868,1,0,3,10.0631,3701.66
869,1,0,3,10.0409,3583.53
1856,1,0,3,10.02,3483.79
855,1,0,3,10.0199,3483.08
843,1,0,3,10.0075,3405.87
832,1,0,3,9.99662,3344.49
831,1,0,3,9.99019,3309.91
825,1,0,3,9.98978,3307.88
822,1,0,3,9.97169,3206.92
1601,1,0,4,10.3343,5128.82,0.0673333,293.688,0.2,5
1599,1,0,4,10.3274,5090.82
1300,1,0,4,10.3229,5064.31
1298,1,0,4,10.3162,5029.09
2176,1,0,4,10.3099,4990.22
2066,1,0,4,10.2992,4922.57
869,1,0,4,10.2892,4847.71
868,1,0,4,10.2685,4736.32
1259,1,0,4,10.2504,4637.01
1260,1,0,4,10.2331,4549.79
1258,1,0,4,10.2199,4479.82
1265,1,0,4,10.2059,4406.76
1275,1,0,4,10.194,4343.19
1348,1,0,5,10.5616,6327.67,0.0748333,326.4,0.08,6
1349,1,0,5,10.5606,6322.68
1357,1,0,5,10.5485,6260.08
1356,1,0,5,10.5477,6256.36
2076,1,0,5,10.5413,6222.07
1355,1,0,5,10.5399,6215.02
1354,1,0,5,10.5337,6181.48
2188,1,0,5,10.5256,6140.78
2075,1,0,5,10.5046,6032.75
1822,1,0,5,10.5038,6028.76
1353,1,0,5,10.4931,5975.81
2118,1,0,5,10.4696,5850.93
2117,1,0,5,10.467,5826.3
2164,1,0,5,10.4483,5711.32
1306,1,0,5,10.4249,5552.06
1599,1,0,5,10.4073,5455.58
1601,1,0,5,10.4017,5422.51
1650,1,0,6,10.7561,7276.36,0.0471667,205.727,0.37,7
2167,1,0,6,10.7527,7258.26
1657,1,0,6,10.7482,7234.6
1399,1,0,6,10.7266,7122.39
1381,1,0,6,10.7039,7002.71
1380,1,0,6,10.6987,6976.29
1378,1,0,6,10.6906,6934.72
1375,1,0,6,10.6756,6858.67
1367,1,0,6,10.6626,6789.34
1357,1,0,6,10.6492,6720.35
1349,1,0,6,10.6374,6659.05
1348,1,0,6,10.6364,6654.07
1621,1,0,7,10.9443,8224.6,0.101167,441.259,0.13,8
1645,1,0,7,10.9144,8068.86
1496,1,0,7,10.9107,8048.35
1495,1,0,7,10.8705,7839.13
1494,1,0,7,10.8628,7797.09
1460,1,0,7,10.8503,7729.18
1646,1,0,7,10.8443,7698.94
1454,1,0,7,10.8344,7647.96
2167,1,0,7,10.8064,7499
1650,1,0,7,10.8033,7482.09
1429,1,0,8,11.1688,9380.46,0.0606667,264.61,0.27,9
2166,1,0,8,11.1517,9291.01
1427,1,0,8,11.1365,9213.64
1677,1,0,8,11.1282,9169.68
1836,1,0,8,11.1214,9137.45
1834,1,0,8,11.1037,9045.51
1830,1,0,8,11.0958,8969.3
1828,1,0,8,11.0869,8883.89
1449,1,0,8,11.0761,8830.52
1825,1,0,8,11.0707,8803.32
2124,1,0,8,11.0519,8699.35
2089,1,0,8,11.0478,8677.75
2102,1,0,8,11.0474,8675.72
1497,1,0,8,11.046,8668.56
1621,1,0,8,11.0454,8665.86
2057,1,0,9,11.3682,10370.5,0.0335,146.117,0.35,10
1640,1,0,9,11.363,10344.1
1821,1,0,9,11.3559,10306.6
1196,1,0,9,11.3498,10267.8
1550,1,0,9,11.3432,10229.6
1552,1,0,9,11.3387,10206.8
2059,1,0,9,11.3325,10174.3
2063,1,0,9,11.3085,10053
2064,1,0,9,11.3023,10022.4
2080,1,0,9,11.2826,9922.52
2082,1,0,9,11.2612,9819.51
1419,1,0,9,11.2466,9740.87
1429,1,0,9,11.2294,9645.07
1087,1,0,10,11.5687,11370.5,0,0,0
1090,1,0,10,11.56,11325.3
1076,1,0,10,11.5338,11198.3
1074,1,0,10,11.5297,11177.2
1077,1,0,10,11.5201,11126.4
1080,1,0,10,11.5067,11059.2
1079,1,0,10,11.5,11024.7
1061,1,0,10,11.4958,11003.4
1063,1,0,10,11.4923,10985.3
1083,1,0,10,11.4771,10903.7
1105,1,0,10,11.4606,10819.6
1104,1,0,10,11.4375,10703.7
1187,1,0,10,11.4275,10649.6
1188,1,0,10,11.421,10617.2
1192,1,0,10,11.4172,10598.1
1639,1,0,10,11.4132,10576.2
2122,1,0,10,11.4075,10547.7
2057,1,0,10,11.4017,10516.7
905,2,0,0,8.76157,829.666,0.061,266.064,0.44,1
906,2,0,0,8.74774,757.574
892,2,0,0,8.72882,661.974
896,2,0,0,8.72641,648.832
895,2,0,0,8.72369,634.662
907,2,0,0,8.71255,576.488
908,2,0,0,8.70507,537.87
2014,2,0,0,8.70448,535.191
2015,2,0,0,8.69637,494.476
2018,2,0,0,8.68717,447.026
920,2,0,0,8.68325,426.243
1793,2,0,0,8.66171,316.201
2034,2,0,0,8.65348,274.763
1850,2,0,0,8.64367,225.044
1849,2,0,0,8.62592,135.401
1848,2,0,0,8.62086,109.545
1847,2,0,0,8.61677,87.3505
1086,2,0,0,8.61314,67.3611
1087,2,0,0,8.6,0
822,2,0,1,8.95211,1793.64,0.0658333,287.145,0.32,2
2153,2,0,1,8.93382,1693.36
831,2,0,1,8.93381,1693.28
825,2,0,1,8.9334,1691.25
834,2,0,1,8.92692,1647.16
833,2,0,1,8.9245,1634.05
899,2,0,1,8.89847,1496.1
900,2,0,1,8.88116,1403.09
901,2,0,1,8.87532,1373.14
902,2,0,1,8.85937,1290.74
904,2,0,1,8.84476,1213.92
903,2,0,1,8.84116,1194.75
905,2,0,1,8.82257,1095.73
1275,2,0,2,9.18329,2968.44,0.1075,468.883,0.03,3
1266,2,0,2,9.17226,2909.02
1267,2,0,2,9.15881,2836.79
1260,2,0,2,9.1439,2758.47
1259,2,0,2,9.13039,2687.49
868,2,0,2,9.10935,2575.53
869,2,0,2,9.08714,2457.4
1856,2,0,2,9.06627,2357.66
855,2,0,2,9.06612,2356.94
843,2,0,2,9.05375,2279.73
832,2,0,2,9.04288,2218.35
831,2,0,2,9.03644,2183.77
825,2,0,2,9.03603,2181.75
822,2,0,2,9.01794,2080.78
1601,2,0,3,9.43651,4222.51,0.0985,429.627,0.19,4
1599,2,0,3,9.43041,4188.27
1300,2,0,3,9.42492,4158.16
1298,2,0,3,9.41956,4128.82
2176,2,0,3,9.41286,4089.35
2066,2,0,3,9.40164,4020.98
1262,2,0,3,9.39269,3970.49
1261,2,0,3,9.38559,3930.61
1846,2,0,3,9.35816,3787.79
1271,2,0,3,9.35292,3762.22
1270,2,0,3,9.34527,3720.29
1269,2,0,3,9.33173,3651.92
1267,2,0,3,9.3188,3584.01
1266,2,0,3,9.3043,3507.34
1275,2,0,3,9.29079,3437.32
953,2,0,4,9.66178,5319.24,0.0893333,389.645,0.46,5
952,2,0,4,9.64803,5251.98
2022,2,0,4,9.63645,5193.76
2021,2,0,4,9.62363,5129.39
951,2,0,4,9.6033,5025.96
949,2,0,4,9.59268,4971.03
2025,2,0,4,9.58921,4953.57
2024,2,0,4,9.57558,4878.89
1557,2,0,4,9.56171,4805.78
1299,2,0,4,9.54405,4709.1
1600,2,0,4,9.54261,4695.65
1599,2,0,4,9.54207,4690.58
1601,2,0,4,9.53501,4652.13
2057,2,0,5,10.0079,7022.06,0.039,170.106,0.35,6
2122,2,0,5,10.0017,6989.9
1639,2,0,5,9.9964,6962.46
1190,2,0,5,9.99212,6940.06
1186,2,0,5,9.98087,6880.47
1187,2,0,5,9.97706,6860.16
1124,2,0,5,9.96486,6799.63
2038,2,0,5,9.95412,6744.99
1123,2,0,5,9.92776,6617.07
2037,2,0,5,9.91894,6570.28
1122,2,0,5,9.9121,6535.05
1129,2,0,5,9.89856,6467.23
2045,2,0,5,9.88868,6417.89
1128,2,0,5,9.86828,6313.35
2044,2,0,5,9.86044,6274.4
1127,2,0,5,9.85962,6270.47
1126,2,0,5,9.85303,6237.17
2042,2,0,5,9.83855,6163
1125,2,0,5,9.83331,6135.76
2043,2,0,5,9.82696,6103.28
2040,2,0,5,9.82301,6082.82
2039,2,0,5,9.80789,6004.98
2106,2,0,5,9.7909,5914.06
2050,2,0,5,9.78577,5887
2108,2,0,5,9.77072,5807.94
2023,2,0,5,9.75193,5712.98
953,2,0,5,9.75111,5708.88
1429,2,0,6,10.1579,7778.16,0.0726667,316.95,0.28,7
2166,2,0,6,10.1326,7654.6
1427,2,0,6,10.1184,7581.55
1677,2,0,6,10.1103,7538.45
2103,2,0,6,10.1064,7519.11
2177,2,0,6,10.1064,7518.75
1841,2,0,6,10.1062,7517.4
2060,2,0,6,10.0706,7320.51
1551,2,0,6,10.0696,7315.32
1201,2,0,6,10.0622,7278.62
1821,2,0,6,10.0579,7254.27
1640,2,0,6,10.0491,7209.71
2057,2,0,6,10.0469,7192.17
1621,2,0,7,10.36,8823.26,0.101167,441.259,0.13,8
2089,2,0,7,10.3445,8743.29
2124,2,0,7,10.3324,8689.9
1826,2,0,7,10.3229,8640.54
1450,2,0,7,10.3203,8624.74
1829,2,0,7,10.3162,8595.98
1832,2,0,7,10.3044,8511.5
1833,2,0,7,10.2948,8439.06
1837,2,0,7,10.2845,8369.11
2177,2,0,7,10.2808,8349.52
2103,2,0,7,10.2808,8349.16
1677,2,0,7,10.2782,8335.38
1427,2,0,7,10.2705,8293.71
2166,2,0,7,10.2532,8207.96
1429,2,0,7,10.2305,8095.11
1650,2,0,8,10.5948,9955.46,0.0471667,205.727,0.37,9
2085,2,0,8,10.5666,9807.06
1461,2,0,8,10.5098,9518.98
2087,2,0,8,10.5003,9472.97
2088,2,0,8,10.487,9405.08
1644,2,0,8,10.4817,9377.57
2089,2,0,8,10.4635,9276.38
2102,2,0,8,10.4631,9274.35
1497,2,0,8,10.4617,9267.22
1621,2,0,8,10.4611,9264.52
1348,2,0,9,10.7551,10748,0.0748333,326.4,0.08,10
1349,2,0,9,10.7541,10743.1
1357,2,0,9,10.7419,10680.5
1356,2,0,9,10.7412,10676.7
1365,2,0,9,10.7336,10637.7
1366,2,0,9,10.7197,10565
1374,2,0,9,10.7085,10503.9
1377,2,0,9,10.7077,10500.2
1397,2,0,9,10.6922,10420.3
1398,2,0,9,10.6807,10361.1
1399,2,0,9,10.6709,10312.9
1657,2,0,9,10.6485,10197.4
1650,2,0,9,10.6419,10161.2
1087,2,0,10,10.9665,11770.6,0,0,0
1088,2,0,10,10.9578,11727.6
1117,2,0,10,10.9476,11676.7
1119,2,0,10,10.9468,11672.7
1118,2,0,10,10.9356,11617.9
2044,2,0,10,10.9217,11544.3
2169,2,0,10,10.9135,11502.4
2171,2,0,10,10.909,11478.8
1549,2,0,10,10.9015,11439.6
1147,2,0,10,10.8954,11407.2
1796,2,0,10,10.8509,11180.5
1328,2,0,10,10.8491,11171
1340,2,0,10,10.8304,11077
1348,2,0,10,10.8299,11074.4
953,3,0,0,8.44022,727.708,0.0948333,413.634,0.45,1
1788,3,0,0,8.42926,674.518
943,3,0,0,8.4141,597.041
934,3,0,0,8.40552,550.017
933,3,0,0,8.39686,503.224
936,3,0,0,8.39627,500.284
937,3,0,0,8.38339,432.774
1085,3,0,0,8.36766,348.909
2035,3,0,0,8.35171,268.111
1850,3,0,0,8.34367,225.044
1849,3,0,0,8.32592,135.401
1848,3,0,0,8.32086,109.545
1847,3,0,0,8.31677,87.3505
1086,3,0,0,8.31314,67.3611
1087,3,0,0,8.3,0
905,3,0,1,8.66553,1831.06,0.061,266.064,0.44,2
906,3,0,1,8.6517,1758.97
1555,3,0,1,8.62578,1614.36
930,3,0,1,8.60535,1508.2
940,3,0,1,8.59383,1449.01
934,3,0,1,8.57394,1338.33
935,3,0,1,8.5734,1335.72
2020,3,0,1,8.56234,1278.75
1787,3,0,1,8.54529,1192.26
2023,3,0,1,8.53587,1145.44
953,3,0,1,8.53505,1141.34
822,3,0,2,8.85607,2795.03,0.0658333,287.145,0.32,3
2153,3,0,2,8.83778,2694.75
831,3,0,2,8.83776,2694.67
825,3,0,2,8.83735,2692.64
834,3,0,2,8.83088,2648.55
833,3,0,2,8.82846,2635.44
899,3,0,2,8.80243,2497.5
900,3,0,2,8.78512,2404.48
901,3,0,2,8.77928,2374.54
902,3,0,2,8.76332,2292.13
904,3,0,2,8.74872,2215.31
903,3,0,2,8.74511,2196.14
905,3,0,2,8.72653,2097.12
1275,3,0,3,9.07526,3923.73,0.1075,468.883,0.03,4
1265,3,0,3,9.06362,3861.15
1258,3,0,3,9.05134,3795.28
1260,3,0,3,9.04378,3743.05
1259,3,0,3,9.02954,3669
868,3,0,3,9.01026,3564.55
869,3,0,3,8.98929,3451.8
1856,3,0,3,8.98269,3406.81
855,3,0,3,8.98254,3406.1
843,3,0,3,8.95981,3289.35
832,3,0,3,8.94934,3228.68
831,3,0,3,8.94379,3197.94
2153,3,0,3,8.94377,3197.86
822,3,0,3,8.9219,3082.18
1601,3,0,4,9.32848,5177.79,0.0985,429.627,0.19,5
1599,3,0,4,9.32239,5143.56
1300,3,0,4,9.3169,5113.44
1298,3,0,4,9.31154,5084.1
2176,3,0,4,9.30484,5044.63
2066,3,0,4,9.29362,4976.26
1262,3,0,4,9.28467,4925.78
1261,3,0,4,9.27757,4885.9
1846,3,0,4,9.25013,4743.07
1271,3,0,4,9.2449,4717.51
1270,3,0,4,9.23725,4675.58
1269,3,0,4,9.22371,4607.21
1267,3,0,4,9.21077,4539.3
1266,3,0,4,9.19628,4462.62
1275,3,0,4,9.18277,4392.61
2057,3,0,5,9.71295,7128.43,0.0776667,338.759,0.34,6
2122,3,0,5,9.70679,7096.27
1820,3,0,5,9.69622,7045.53
1197,3,0,5,9.68283,6978.78
1198,3,0,5,9.67052,6918.21
1199,3,0,5,9.65437,6841.83
1164,3,0,5,9.64493,6794.11
1161,3,0,5,9.63736,6754.6
1330,3,0,5,9.62639,6700.08
1339,3,0,5,9.60415,6584.91
1340,3,0,5,9.59894,6557.83
1348,3,0,5,9.59844,6555.29
1349,3,0,5,9.59758,6550.87
1357,3,0,5,9.58102,6469.89
1356,3,0,5,9.58025,6466.17
2076,3,0,5,9.57247,6426.09
1355,3,0,5,9.57099,6418.44
1364,3,0,5,9.57095,6418.23
1361,3,0,5,9.56449,6382.34
1354,3,0,5,9.56445,6382.15
2188,3,0,5,9.5567,6342.9
2075,3,0,5,9.53597,6235.77
1822,3,0,5,9.53515,6231.77
1353,3,0,5,9.5274,6191.29
2118,3,0,5,9.49864,6044.29
2117,3,0,5,9.49611,6019.66
2164,3,0,5,9.47443,5898.05
1306,3,0,5,9.45073,5738.56
1599,3,0,5,9.43405,5645.86
1601,3,0,5,9.42698,5607.42
1429,3,0,6,9.90437,8062.49,0.0865,377.287,0.27,7
2166,3,0,6,9.88512,7964.03
1427,3,0,6,9.87059,7889.51
1677,3,0,6,9.86107,7840.36
2103,3,0,6,9.8572,7821.02
2177,3,0,6,9.85713,7820.66
1841,3,0,6,9.85699,7819.31
2060,3,0,6,9.8174,7605.4
1551,3,0,6,9.81668,7601.22
1201,3,0,6,9.81016,7568.23
1821,3,0,6,9.80591,7543.89
1640,3,0,6,9.79679,7498.01
2057,3,0,6,9.79062,7467.19
1621,3,0,7,10.1179,9152.31,0.101167,441.259,0.13,8
2089,3,0,7,10.1057,9086.5
2124,3,0,7,10.0974,9047.54
1826,3,0,7,10.0901,9007.93
1450,3,0,7,10.0881,8992.63
1829,3,0,7,10.0836,8963.57
1832,3,0,7,10.0711,8878.65
1833,3,0,7,10.0625,8805.59
1835,3,0,7,10.051,8742.27
2103,3,0,7,10.0456,8712.77
1677,3,0,7,10.0407,8689.34
1427,3,0,7,10.031,8639.47
2166,3,0,7,10.014,8554.38
1429,3,0,7,9.99087,8439.78
1650,3,0,8,10.3527,10284.5,0.0471667,205.727,0.37,9
2085,3,0,8,10.3245,10136.1
1461,3,0,8,10.2677,9848.03
2087,3,0,8,10.2583,9802.02
2088,3,0,8,10.2449,9734.13
1644,3,0,8,10.2396,9706.62
2089,3,0,8,10.2214,9605.43
2102,3,0,8,10.221,9603.4
1497,3,0,8,10.2197,9596.26
1621,3,0,8,10.2191,9593.56
1348,3,0,9,10.513,11077.1,0.0748333,326.4,0.08,10
1349,3,0,9,10.512,11072.1
1357,3,0,9,10.4999,11009.5
1356,3,0,9,10.4991,11005.8
1365,3,0,9,10.4915,10966.7
1366,3,0,9,10.4776,10894
1374,3,0,9,10.4664,10832.9
1377,3,0,9,10.4656,10829.2
1397,3,0,9,10.4502,10749.4
1398,3,0,9,10.4387,10690.2
1399,3,0,9,10.4288,10641.9
1657,3,0,9,10.4064,10526.4
1650,3,0,9,10.3999,10490.2
1087,3,0,10,10.7244,12099.6,0,0,0
1088,3,0,10,10.7157,12056.6
1117,3,0,10,10.7056,12005.7
1119,3,0,10,10.7048,12001.7
1118,3,0,10,10.6935,11946.9
2044,3,0,10,10.6797,11873.3
2169,3,0,10,10.6715,11831.5
2171,3,0,10,10.6669,11807.9
1549,3,0,10,10.6594,11768.7
1147,3,0,10,10.6533,11736.3
1796,3,0,10,10.6088,11509.5
1328,3,0,10,10.607,11500
1340,3,0,10,10.5883,11406
1348,3,0,10,10.5878,11403.5
953,4,0,0,8.26022,727.708,0.0948333,413.634,0.45,1
1788,4,0,0,8.24926,674.518
943,4,0,0,8.2341,597.041
934,4,0,0,8.22552,550.017
933,4,0,0,8.21686,503.224
936,4,0,0,8.21627,500.284
937,4,0,0,8.20339,432.774
1085,4,0,0,8.18766,348.909
2035,4,0,0,8.17171,268.111
1850,4,0,0,8.16367,225.044
1849,4,0,0,8.14592,135.401
1848,4,0,0,8.14086,109.545
1847,4,0,0,8.13677,87.3505
1086,4,0,0,8.13314,67.3611
1087,4,0,0,8.12,0
905,4,0,1,8.48553,1831.06,0.061,266.064,0.44,2
906,4,0,1,8.4717,1758.97
1555,4,0,1,8.44578,1614.36
930,4,0,1,8.42535,1508.2
940,4,0,1,8.41383,1449.01
934,4,0,1,8.39394,1338.33
935,4,0,1,8.3934,1335.72
2020,4,0,1,8.38234,1278.75
1787,4,0,1,8.36529,1192.26
2023,4,0,1,8.35587,1145.44
953,4,0,1,8.35505,1141.34
822,4,0,2,8.67607,2795.03,0.0658333,287.145,0.32,3
2153,4,0,2,8.65778,2694.75
831,4,0,2,8.65776,2694.67
825,4,0,2,8.65735,2692.64
834,4,0,2,8.65088,2648.55
833,4,0,2,8.64846,2635.44
899,4,0,2,8.62243,2497.5
900,4,0,2,8.60512,2404.48
901,4,0,2,8.59928,2374.54
902,4,0,2,8.58332,2292.13
904,4,0,2,8.56872,2215.31
903,4,0,2,8.56511,2196.14
905,4,0,2,8.54653,2097.12
1601,4,0,3,8.85903,3749.44,0.0903333,394.007,0.18,4
1599,4,0,3,8.85078,3705.95
1300,4,0,3,8.84459,3672.81
1298,4,0,3,8.83701,3634.02
2176,4,0,3,8.83073,3595.18
2066,4,0,3,8.81942,3526.67
869,4,0,3,8.80929,3451.8
1856,4,0,3,8.80268,3406.81
855,4,0,3,8.80254,3406.1
843,4,0,3,8.77981,3289.35
832,4,0,3,8.76933,3228.68
831,4,0,3,8.76379,3197.94
2153,4,0,3,8.76377,3197.86
822,4,0,3,8.7419,3082.18
1275,4,0,4,9.10001,4964.95,0.1075,468.883,0.03,5
1265,4,0,4,9.08837,4902.37
1258,4,0,4,9.07609,4836.5
1260,4,0,4,9.06853,4784.26
1259,4,0,4,9.05429,4710.22
868,4,0,4,9.03501,4605.77
869,4,0,4,9.01404,4493.02
2066,4,0,4,8.99437,4389.39
1297,4,0,4,8.96704,4245.06
1299,4,0,4,8.96082,4210.73
1600,4,0,4,8.95937,4197.29
1599,4,0,4,8.95884,4192.2
1601,4,0,4,8.94936,4143.45
2057,4,0,5,9.6221,7654.62,0.0776667,338.759,0.34,6
2122,4,0,5,9.61593,7622.46
1820,4,0,5,9.60536,7571.72
1197,4,0,5,9.59197,7504.97
1198,4,0,5,9.57839,7439.16
1152,4,0,5,9.57142,7403.73
1163,4,0,5,9.56052,7351.35
1164,4,0,5,9.55175,7306.73
1161,4,0,5,9.54365,7265
1330,4,0,5,9.5336,7214.29
1339,4,0,5,9.51225,7102.89
1340,4,0,5,9.50716,7076.31
1348,4,0,5,9.50665,7073.77
1349,4,0,5,9.50574,7069.09
1357,4,0,5,9.49359,7006.48
1356,4,0,5,9.49282,7002.76
2076,4,0,5,9.48303,6954.27
1355,4,0,5,9.48157,6946.71
1364,4,0,5,9.48153,6946.5
1361,4,0,5,9.47527,6911.46
1354,4,0,5,9.47523,6911.27
2188,4,0,5,9.46809,6874.6
2075,4,0,5,9.44906,6774.68
1822,4,0,5,9.44824,6770.69
1353,4,0,5,9.44049,6730.21
2118,4,0,5,9.41173,6583.21
2117,4,0,5,9.4092,6558.58
2164,4,0,5,9.38752,6436.96
1306,4,0,5,9.36382,6277.48
1599,4,0,5,9.34714,6184.78
1300,4,0,5,9.34165,6154.66
1298,4,0,5,9.33629,6125.32
2176,4,0,5,9.32959,6085.85
2066,4,0,5,9.31837,6017.48
1262,4,0,5,9.30942,5967
1261,4,0,5,9.30232,5927.11
1846,4,0,5,9.27488,5784.29
1271,4,0,5,9.26965,5758.73
1270,4,0,5,9.262,5716.8
1269,4,0,5,9.24846,5648.43
1267,4,0,5,9.23552,5580.52
1266,4,0,5,9.22103,5503.84
1275,4,0,5,9.20751,5433.83
1429,4,0,6,9.81351,8588.68,0.0865,377.287,0.27,7
2166,4,0,6,9.79426,8490.21
1427,4,0,6,9.77973,8415.7
1677,4,0,6,9.77021,8366.55
2103,4,0,6,9.76635,8347.21
2177,4,0,6,9.76627,8346.85
1841,4,0,6,9.76613,8345.5
2060,4,0,6,9.72654,8131.59
1551,4,0,6,9.72582,8127.41
1201,4,0,6,9.7193,8094.42
1821,4,0,6,9.71505,8070.08
1640,4,0,6,9.70593,8024.2
2057,4,0,6,9.69976,7993.38
1621,4,0,7,10.0271,9678.49,0.101167,441.259,0.13,8
2089,4,0,7,10.0149,9612.69
2124,4,0,7,10.0065,9573.73
1826,4,0,7,9.99929,9534.12
1450,4,0,7,9.99722,9518.82
1829,4,0,7,9.99273,9489.76
1832,4,0,7,9.9802,9404.84
1833,4,0,7,9.97167,9331.78
1835,4,0,7,9.96014,9268.45
2103,4,0,7,9.95474,9238.96
1677,4,0,7,9.94989,9215.53
1427,4,0,7,9.94019,9165.66
2166,4,0,7,9.92313,9080.57
1429,4,0,7,9.90001,8965.96
1650,4,0,8,10.2618,10810.7,0.0471667,205.727,0.37,9
2085,4,0,8,10.2337,10662.3
1461,4,0,8,10.1769,10374.2
2087,4,0,8,10.1674,10328.2
2088,4,0,8,10.1541,10260.3
1644,4,0,8,10.1488,10232.8
2089,4,0,8,10.1306,10131.6
2102,4,0,8,10.1302,10129.6
1497,4,0,8,10.1288,10122.5
1621,4,0,8,10.1282,10119.8
1348,4,0,9,10.4222,11603.3,0.0748333,326.4,0.08,10
1349,4,0,9,10.4212,11598.3
1357,4,0,9,10.409,11535.7
1356,4,0,9,10.4082,11532
1365,4,0,9,10.4006,11492.9
1366,4,0,9,10.3868,11420.2
1374,4,0,9,10.3755,11359.1
1377,4,0,9,10.3748,11355.4
1397,4,0,9,10.3593,11275.5
1398,4,0,9,10.3478,11216.4
1399,4,0,9,10.338,11168.1
1657,4,0,9,10.3156,11052.6
1650,4,0,9,10.309,11016.4
1087,4,0,10,10.6336,12625.8,0,0,0
1088,4,0,10,10.6249,12582.8
1117,4,0,10,10.6147,12531.9
1119,4,0,10,10.6139,12527.9
1118,4,0,10,10.6027,12473.1
2044,4,0,10,10.5888,12399.5
2169,4,0,10,10.5806,12357.7
2171,4,0,10,10.5761,12334.1
1549,4,0,10,10.5685,12294.9
1147,4,0,10,10.5625,12262.5
1796,4,0,10,10.518,12035.7
1328,4,0,10,10.5161,12026.2
1340,4,0,10,10.4975,11932.2
1348,4,0,10,10.497,11929.7
905,5,0,0,8.23157,829.666,0.061,266.064,0.44,1
906,5,0,0,8.21774,757.574
892,5,0,0,8.19882,661.974
896,5,0,0,8.19641,648.832
895,5,0,0,8.19369,634.662
907,5,0,0,8.18255,576.488
908,5,0,0,8.17507,537.87
2014,5,0,0,8.17448,535.191
2015,5,0,0,8.16637,494.476
2018,5,0,0,8.15717,447.026
920,5,0,0,8.15325,426.243
1793,5,0,0,8.13171,316.201
2034,5,0,0,8.12348,274.763
1850,5,0,0,8.11367,225.044
1849,5,0,0,8.09592,135.401
1848,5,0,0,8.09086,109.545
1847,5,0,0,8.08677,87.3505
1086,5,0,0,8.08314,67.3611
1087,5,0,0,8.07,0
953,5,0,1,8.39804,1647.52,0.0948333,413.634,0.45,2
1788,5,0,1,8.38709,1594.33
943,5,0,1,8.37193,1516.86
934,5,0,1,8.36335,1469.83
933,5,0,1,8.35469,1423.04
936,5,0,1,8.3541,1420.1
1737,5,0,1,8.34216,1355.01
917,5,0,1,8.32635,1275.8
916,5,0,1,8.32617,1274.89
906,5,0,1,8.30471,1160.62
905,5,0,1,8.29257,1095.73
1601,5,0,2,8.63701,2804.6,0.0903333,394.007,0.18,3
1599,5,0,2,8.62877,2761.1
1300,5,0,2,8.62258,2727.97
1299,5,0,2,8.62041,2713.37
1557,5,0,2,8.59378,2578.61
2024,5,0,2,8.57815,2498.03
2025,5,0,2,8.5571,2391.84
949,5,0,2,8.55366,2374.54
951,5,0,2,8.54473,2326.75
2021,5,0,2,8.52457,2224.09
2022,5,0,2,8.51357,2167.32
952,5,0,2,8.50418,2118.29
953,5,0,2,8.49288,2061.16
822,5,0,3,8.87193,3964.56,0.0658333,287.145,0.32,4
2153,5,0,3,8.85364,3864.28
831,5,0,3,8.85362,3864.2
832,5,0,3,8.84354,3814.26
843,5,0,3,8.82889,3736.55
855,5,0,3,8.80143,3600.07
1856,5,0,3,8.80129,3599.36
869,5,0,3,8.79203,3548.18
2066,5,0,3,8.77236,3444.55
1297,5,0,3,8.74502,3300.22
1299,5,0,3,8.7388,3265.89
1600,5,0,3,8.73736,3252.44
1599,5,0,3,8.73683,3247.36
1601,5,0,3,8.72734,3198.6
1275,5,0,4,9.09112,5093.26,0.1075,468.883,0.03,5
1265,5,0,4,9.07947,5030.68
1258,5,0,4,9.0672,4964.81
1260,5,0,4,9.05964,4912.58
1259,5,0,4,9.0454,4838.53
868,5,0,4,9.02612,4734.08
869,5,0,4,9.00515,4621.33
1856,5,0,4,8.99854,4576.34
855,5,0,4,8.9984,4575.63
843,5,0,4,8.97567,4458.88
832,5,0,4,8.96519,4398.21
831,5,0,4,8.95965,4367.47
2153,5,0,4,8.95963,4367.39
822,5,0,4,8.93776,4251.71
2057,5,0,5,9.61321,7782.94,0.0776667,338.759,0.34,6
2122,5,0,5,9.60704,7750.77
1820,5,0,5,9.59647,7700.03
1197,5,0,5,9.58308,7633.29
1198,5,0,5,9.5695,7567.47
1152,5,0,5,9.56253,7532.05
1163,5,0,5,9.55162,7479.67
1164,5,0,5,9.54286,7435.04
1161,5,0,5,9.53476,7393.31
1330,5,0,5,9.52471,7342.61
1339,5,0,5,9.50336,7231.2
1340,5,0,5,9.49827,7204.62
1348,5,0,5,9.49776,7202.08
1349,5,0,5,9.49685,7197.4
1357,5,0,5,9.4847,7134.79
1356,5,0,5,9.48393,7131.08
2076,5,0,5,9.47414,7082.58
1355,5,0,5,9.47268,7075.02
1364,5,0,5,9.47264,7074.81
1361,5,0,5,9.46638,7039.77
1354,5,0,5,9.46634,7039.58
2188,5,0,5,9.4592,7002.91
2075,5,0,5,9.44017,6902.99
1822,5,0,5,9.43935,6899
1353,5,0,5,9.4316,6858.52
2118,5,0,5,9.40284,6711.52
2117,5,0,5,9.40031,6686.89
2164,5,0,5,9.37863,6565.28
1306,5,0,5,9.35492,6405.79
1599,5,0,5,9.33825,6313.09
1300,5,0,5,9.33276,6282.97
1298,5,0,5,9.32739,6253.64
2176,5,0,5,9.3207,6214.17
2066,5,0,5,9.30948,6145.79
1262,5,0,5,9.30053,6095.31
1261,5,0,5,9.29343,6055.43
1846,5,0,5,9.26599,5912.6
1271,5,0,5,9.26075,5887.04
1270,5,0,5,9.25311,5845.11
1269,5,0,5,9.23957,5776.74
1267,5,0,5,9.22663,5708.83
1266,5,0,5,9.21214,5632.15
1275,5,0,5,9.19862,5562.14
1429,5,0,6,9.80462,8716.99,0.0865,377.287,0.27,7
2166,5,0,6,9.78537,8618.53
1427,5,0,6,9.77084,8544.01
1677,5,0,6,9.76132,8494.87
2103,5,0,6,9.75746,8475.52
2177,5,0,6,9.75738,8475.16
1841,5,0,6,9.75724,8473.82
2060,5,0,6,9.71765,8259.91
1551,5,0,6,9.71693,8255.72
1201,5,0,6,9.71041,8222.74
1821,5,0,6,9.70616,8198.39
1640,5,0,6,9.69704,8152.52
2057,5,0,6,9.69087,8121.7
1621,5,0,7,10.0182,9806.81,0.101167,441.259,0.13,8
2089,5,0,7,10.006,9741
2124,5,0,7,9.99761,9702.04
1826,5,0,7,9.9904,9662.43
1450,5,0,7,9.98833,9647.13
1829,5,0,7,9.98384,9618.07
1832,5,0,7,9.97131,9533.15
1833,5,0,7,9.96278,9460.09
1835,5,0,7,9.95125,9396.77
2103,5,0,7,9.94585,9367.27
1677,5,0,7,9.941,9343.85
1427,5,0,7,9.9313,9293.97
2166,5,0,7,9.91424,9208.89
1429,5,0,7,9.89112,9094.28
1650,5,0,8,10.253,10939,0.0471667,205.727,0.37,9
2085,5,0,8,10.2248,10790.6
1461,5,0,8,10.168,10502.5
2087,5,0,8,10.1585,10456.5
2088,5,0,8,10.1452,10388.6
1644,5,0,8,10.1399,10361.1
2089,5,0,8,10.1217,10259.9
2102,5,0,8,10.1213,10257.9
1497,5,0,8,10.1199,10250.8
1621,5,0,8,10.1193,10248.1
1348,5,0,9,10.4133,11731.6,0.0748333,326.4,0.08,10
1349,5,0,9,10.4123,11726.6
1357,5,0,9,10.4001,11664
1356,5,0,9,10.3994,11660.3
1365,5,0,9,10.3918,11621.2
1366,5,0,9,10.3779,11548.6
1374,5,0,9,10.3667,11487.4
1377,5,0,9,10.3659,11483.7
1397,5,0,9,10.3504,11403.9
1398,5,0,9,10.3389,11344.7
1399,5,0,9,10.3291,11296.4
1657,5,0,9,10.3067,11180.9
1650,5,0,9,10.3001,11144.7
1087,5,0,10,10.6247,12754.1,0,0,0
1088,5,0,10,10.616,12711.1
1117,5,0,10,10.6058,12660.2
1119,5,0,10,10.605,12656.2
1118,5,0,10,10.5938,12601.4
2044,5,0,10,10.5799,12527.8
2169,5,0,10,10.5717,12486
2171,5,0,10,10.5672,12462.4
1549,5,0,10,10.5597,12423.2
1147,5,0,10,10.5536,12390.8
1796,5,0,10,10.5091,12164
1328,5,0,10,10.5072,12154.5
1340,5,0,10,10.4886,12060.5
1348,5,0,10,10.4881,12058
2057,6,0,0,8.71738,790.795,0.0981667,428.173,0.33,1
2122,6,0,0,8.71061,756.084
1639,6,0,0,8.70528,728.728
1190,6,0,0,8.70185,709.948
1186,6,0,0,8.69193,656.065
1183,6,0,0,8.68169,601.675
1103,6,0,0,8.67103,544.89
1084,6,0,0,8.66116,487.929
1062,6,0,0,8.64467,388.255
1063,6,0,0,8.6439,381.112
1061,6,0,0,8.64047,363.372
1060,6,0,0,8.63397,330.074
1073,6,0,0,8.61255,218.101
1075,6,0,0,8.60724,191.567
1072,6,0,0,8.59669,137.848
1071,6,0,0,8.58891,97.4637
2160,6,0,0,8.58179,59.0712
1087,6,0,0,8.57,0
1429,6,0,1,8.92336,1788.84,0.0685,298.776,0.22,2
2166,6,0,1,8.9033,1686.97
1427,6,0,1,8.88996,1617.49
1677,6,0,1,8.87966,1565.05
2103,6,0,1,8.87579,1545.71
2177,6,0,1,8.87572,1545.35
1841,6,0,1,8.87558,1544
2060,6,0,1,8.83978,1346.48
1551,6,0,1,8.83905,1342.27
1201,6,0,1,8.83339,1312.91
1821,6,0,1,8.82914,1288.57
1640,6,0,1,8.82041,1244.34
2057,6,0,1,8.81555,1218.97
953,6,0,2,9.32883,3832.36,0.0893333,389.645,0.46,3
2023,6,0,2,9.32801,3828.26
2163,6,0,2,9.30044,3680.17
1314,6,0,2,9.28191,3584.22
2165,6,0,2,9.26206,3482.25
2118,6,0,2,9.26042,3474.04
1353,6,0,2,9.23582,3344.59
1822,6,0,2,9.22774,3302.72
2075,6,0,2,9.22692,3298.72
2188,6,0,2,9.20503,3186.75
1354,6,0,2,9.19536,3139.51
1355,6,0,2,9.18809,3101.66
2076,6,0,2,9.18626,3092.55
1356,6,0,2,9.17844,3052.25
1357,6,0,2,9.17766,3048.53
1358,6,0,2,9.16889,3000.65
1352,6,0,2,9.16085,2957.27
1351,6,0,2,9.14966,2899.79
1350,6,0,2,9.14314,2865.42
1414,6,0,2,9.12694,2784.91
2120,6,0,2,9.11636,2729.93
2097,6,0,2,9.11003,2694.78
1415,6,0,2,9.09778,2631.36
1416,6,0,2,9.08403,2560.75
1554,6,0,2,9.08247,2552.92
2079,6,0,2,9.07696,2523.55
1651,6,0,2,9.0441,2351.03
2094,6,0,2,9.03507,2303.19
1419,6,0,2,9.0254,2252.79
1429,6,0,2,8.99186,2087.61
905,6,0,3,9.55414,4939.9,0.112167,489.237,0.46,4
906,6,0,3,9.54214,4875.61
1555,6,0,3,9.51286,4716.4
930,6,0,3,9.4927,4611.43
931,6,0,3,9.48318,4564.25
932,6,0,3,9.46915,4488.69
933,6,0,3,9.46413,4463.12
934,6,0,3,9.4586,4425.47
935,6,0,3,9.45806,4422.86
2020,6,0,3,9.44701,4365.89
1787,6,0,3,9.4284,4272.92
2023,6,0,3,9.41898,4226.1
953,6,0,3,9.41816,4222
822,6,0,4,9.80531,6162.72,0.0406667,177.376,0.33,5
2153,6,0,4,9.78432,6050.82
831,6,0,4,9.78431,6050.74
825,6,0,4,9.7839,6048.71
834,6,0,4,9.77588,6002.6
833,6,0,4,9.77321,5988.39
899,6,0,4,9.74826,5855.09
900,6,0,4,9.72482,5736.06
901,6,0,4,9.71876,5705.21
902,6,0,4,9.70647,5638.42
904,6,0,4,9.69217,5562.92
903,6,0,4,9.68841,5543.07
905,6,0,4,9.66631,5429.13
1275,6,0,5,10.0113,7227.76,0.057,248.617,0.01,6
1266,6,0,5,10.0003,7168.34
1267,6,0,5,9.98684,7096.11
1260,6,0,5,9.97194,7017.78
1259,6,0,5,9.95843,6946.81
868,6,0,5,9.93739,6834.84
869,6,0,5,9.91517,6716.72
1856,6,0,5,9.8943,6616.97
855,6,0,5,9.89415,6616.26
843,6,0,5,9.88179,6539.05
832,6,0,5,9.87091,6477.67
831,6,0,5,9.86447,6443.09
825,6,0,5,9.86406,6441.06
822,6,0,5,9.84598,6340.1
1601,6,0,6,10.2086,8262.01,0.0673333,293.688,0.2,7
1599,6,0,6,10.2016,8224
1300,6,0,6,10.1972,8197.49
1298,6,0,6,10.1905,8162.27
2176,6,0,6,10.1842,8123.4
2066,6,0,6,10.1735,8055.75
869,6,0,6,10.1635,7980.89
868,6,0,6,10.1428,7869.5
1259,6,0,6,10.1247,7770.19
1260,6,0,6,10.1074,7682.97
1258,6,0,6,10.0942,7613
1265,6,0,6,10.0802,7539.94
1275,6,0,6,10.0683,7476.38
1621,6,0,7,10.6088,10425.6,0.101167,441.259,0.13,8
2089,6,0,7,10.5939,10348.1
2124,6,0,7,10.5861,10311.7
1826,6,0,7,10.5793,10273.5
1450,6,0,7,10.577,10258.1
1829,6,0,7,10.5724,10228.9
1832,6,0,7,10.5598,10143.9
1833,6,0,7,10.5515,10070.5
1837,6,0,7,10.5418,10000.9
2177,6,0,7,10.538,9980.52
1841,6,0,7,10.5378,9979.17
1554,6,0,7,10.5322,9948.75
1416,6,0,7,10.5307,9940.92
1415,6,0,7,10.5163,9867.6
2097,6,0,7,10.5041,9804.62
2119,6,0,7,10.4965,9769.93
2120,6,0,7,10.49,9736.92
1414,6,0,7,10.4782,9676.88
1350,6,0,7,10.4668,9616.47
1351,6,0,7,10.458,9572.54
1352,6,0,7,10.4439,9503.15
1358,6,0,7,10.4336,9449.97
1357,6,0,7,10.4227,9393.26
1356,6,0,7,10.422,9389.54
2076,6,0,7,10.4156,9355.25
1355,6,0,7,10.4142,9348.21
1354,6,0,7,10.408,9314.67
2188,6,0,7,10.3999,9273.97
2075,6,0,7,10.3789,9165.93
1822,6,0,7,10.3781,9161.94
1353,6,0,7,10.3674,9108.99
2118,6,0,7,10.3438,8984.12
2117,6,0,7,10.3413,8959.49
2164,6,0,7,10.3226,8844.5
1306,6,0,7,10.2991,8685.24
1599,6,0,7,10.2816,8588.76
1601,6,0,7,10.2759,8555.69
1650,6,0,8,10.8436,11557.8,0.0471667,205.727,0.37,9
2085,6,0,8,10.8154,11409.4
1461,6,0,8,10.7586,11121.4
2087,6,0,8,10.7492,11075.3
2088,6,0,8,10.7358,11007.5
1644,6,0,8,10.7305,10980
2089,6,0,8,10.7123,10878.8
2102,6,0,8,10.7119,10876.7
1497,6,0,8,10.7106,10869.6
1621,6,0,8,10.71,10866.9
1348,6,0,9,11.0039,12350.4,0.0711667,310.408,0.09,10
1349,6,0,9,11.0029,12345.4
1357,6,0,9,10.9908,12282.8
1356,6,0,9,10.99,12279.1
1365,6,0,9,10.9824,12240
1366,6,0,9,10.9685,12167.4
1374,6,0,9,10.9573,12106.3
1377,6,0,9,10.9565,12102.5
1397,6,0,9,10.9411,12022.7
1398,6,0,9,10.9296,11963.5
1399,6,0,9,10.9197,11915.2
1657,6,0,9,10.8973,11799.8
1650,6,0,9,10.8908,11763.6
1087,6,0,10,11.1885,13259,0,0,0
1088,6,0,10,11.1816,13223.7
1117,6,0,10,11.1721,13175.5
1119,6,0,10,11.1713,13171.5
1118,6,0,10,11.1649,13137
2044,6,0,10,11.1505,13061
2169,6,0,10,11.142,13017.9
2171,6,0,10,11.1374,12994.1
1549,6,0,10,11.1309,12959
1147,6,0,10,11.1244,12924.9
1796,6,0,10,11.0944,12760.1
1328,6,0,10,11.0925,12750
1340,6,0,10,11.0756,12663.4
1348,6,0,10,11.0751,12660.8
2057,7,0,0,8.70738,790.795,0.0981667,428.173,0.33,1
2122,7,0,0,8.70061,756.084
1639,7,0,0,8.69528,728.728
1190,7,0,0,8.69185,709.948
1186,7,0,0,8.68193,656.065
1183,7,0,0,8.67169,601.675
1103,7,0,0,8.66103,544.89
1084,7,0,0,8.65116,487.929
1062,7,0,0,8.63467,388.255
1063,7,0,0,8.6339,381.112
1061,7,0,0,8.63047,363.372
1060,7,0,0,8.62397,330.074
1073,7,0,0,8.60255,218.101
1075,7,0,0,8.59724,191.567
1072,7,0,0,8.58669,137.848
1071,7,0,0,8.57891,97.4637
2160,7,0,0,8.57179,59.0712
1087,7,0,0,8.56,0
1429,7,0,1,8.91336,1788.84,0.0685,298.776,0.22,2
2166,7,0,1,8.8933,1686.97
1427,7,0,1,8.87996,1617.49
1677,7,0,1,8.86966,1565.05
2103,7,0,1,8.8658,1545.71
2177,7,0,1,8.86572,1545.35
1841,7,0,1,8.86558,1544
2060,7,0,1,8.82978,1346.48
1551,7,0,1,8.82905,1342.27
1201,7,0,1,8.82339,1312.91
1821,7,0,1,8.81914,1288.57
1640,7,0,1,8.81042,1244.34
2057,7,0,1,8.80555,1218.97
953,7,0,2,9.31883,3832.36,0.0893333,389.645,0.46,3
2023,7,0,2,9.31801,3828.26
2163,7,0,2,9.29044,3680.17
1314,7,0,2,9.27191,3584.22
2165,7,0,2,9.25206,3482.25
2118,7,0,2,9.25042,3474.04
1353,7,0,2,9.22582,3344.59
1822,7,0,2,9.21774,3302.72
2075,7,0,2,9.21692,3298.72
2188,7,0,2,9.19503,3186.75
1354,7,0,2,9.18536,3139.51
1355,7,0,2,9.17809,3101.66
2076,7,0,2,9.17626,3092.55
1356,7,0,2,9.16844,3052.25
1357,7,0,2,9.16766,3048.53
1358,7,0,2,9.15889,3000.65
1352,7,0,2,9.15085,2957.27
1351,7,0,2,9.13966,2899.79
1350,7,0,2,9.13314,2865.42
1414,7,0,2,9.11694,2784.91
2120,7,0,2,9.10636,2729.93
2097,7,0,2,9.10003,2694.78
1415,7,0,2,9.08778,2631.36
1416,7,0,2,9.07403,2560.75
1554,7,0,2,9.07247,2552.92
2079,7,0,2,9.06696,2523.55
1651,7,0,2,9.0341,2351.03
2094,7,0,2,9.02507,2303.19
1419,7,0,2,9.0154,2252.79
1429,7,0,2,8.98186,2087.61
905,7,0,3,9.54414,4939.9,0.112167,489.237,0.46,4
906,7,0,3,9.53215,4875.61
1555,7,0,3,9.50286,4716.4
930,7,0,3,9.4827,4611.43
931,7,0,3,9.47318,4564.25
932,7,0,3,9.45915,4488.69
933,7,0,3,9.45413,4463.12
934,7,0,3,9.4486,4425.47
935,7,0,3,9.44806,4422.86
2020,7,0,3,9.43701,4365.89
1787,7,0,3,9.4184,4272.92
2023,7,0,3,9.40898,4226.1
953,7,0,3,9.40816,4222
822,7,0,4,9.79531,6162.72,0.0406667,177.376,0.33,5
2153,7,0,4,9.77432,6050.82
831,7,0,4,9.77431,6050.74
825,7,0,4,9.7739,6048.71
834,7,0,4,9.76588,6002.6
833,7,0,4,9.76321,5988.39
899,7,0,4,9.73826,5855.09
900,7,0,4,9.71482,5736.06
901,7,0,4,9.70876,5705.21
902,7,0,4,9.69647,5638.42
904,7,0,4,9.68217,5562.92
903,7,0,4,9.67841,5543.07
905,7,0,4,9.65631,5429.13
1275,7,0,5,10.0013,7227.76,0.057,248.617,0.01,6
1266,7,0,5,9.99029,7168.34
1267,7,0,5,9.97684,7096.11
1260,7,0,5,9.96194,7017.78
1259,7,0,5,9.94843,6946.81
868,7,0,5,9.92739,6834.84
869,7,0,5,9.90517,6716.72
1856,7,0,5,9.8843,6616.97
855,7,0,5,9.88416,6616.26
843,7,0,5,9.87179,6539.05
832,7,0,5,9.86091,6477.67
831,7,0,5,9.85447,6443.09
825,7,0,5,9.85406,6441.06
822,7,0,5,9.83598,6340.1
1601,7,0,6,10.1986,8262.01,0.0673333,293.688,0.2,7
1599,7,0,6,10.1916,8224
1300,7,0,6,10.1872,8197.49
1298,7,0,6,10.1805,8162.27
2176,7,0,6,10.1742,8123.4
2066,7,0,6,10.1635,8055.75
869,7,0,6,10.1535,7980.89
868,7,0,6,10.1328,7869.5
1259,7,0,6,10.1147,7770.19
1260,7,0,6,10.0974,7682.97
1258,7,0,6,10.0842,7613
1265,7,0,6,10.0702,7539.94
1275,7,0,6,10.0583,7476.38
1621,7,0,7,10.5988,10425.6,0.101167,441.259,0.13,8
2089,7,0,7,10.5839,10348.1
2124,7,0,7,10.5761,10311.7
1826,7,0,7,10.5693,10273.5
1450,7,0,7,10.567,10258.1
1829,7,0,7,10.5624,10228.9
1832,7,0,7,10.5498,10143.9
1833,7,0,7,10.5415,10070.5
1837,7,0,7,10.5318,10000.9
2177,7,0,7,10.528,9980.52
1841,7,0,7,10.5278,9979.17
1554,7,0,7,10.5222,9948.75
1416,7,0,7,10.5207,9940.92
1415,7,0,7,10.5063,9867.6
2097,7,0,7,10.4941,9804.62
2119,7,0,7,10.4865,9769.93
2120,7,0,7,10.48,9736.92
1414,7,0,7,10.4682,9676.88
1350,7,0,7,10.4568,9616.47
1351,7,0,7,10.448,9572.54
1352,7,0,7,10.4339,9503.15
1358,7,0,7,10.4236,9449.97
1357,7,0,7,10.4127,9393.26
1356,7,0,7,10.412,9389.54
2076,7,0,7,10.4056,9355.25
1355,7,0,7,10.4042,9348.21
1354,7,0,7,10.398,9314.67
2188,7,0,7,10.3899,9273.97
2075,7,0,7,10.3689,9165.93
1822,7,0,7,10.3681,9161.94
1353,7,0,7,10.3574,9108.99
2118,7,0,7,10.3338,8984.12
2117,7,0,7,10.3313,8959.49
2164,7,0,7,10.3126,8844.5
1306,7,0,7,10.2891,8685.24
1599,7,0,7,10.2716,8588.76
1601,7,0,7,10.2659,8555.69
1650,7,0,8,10.8336,11557.8,0.0471667,205.727,0.37,9
2085,7,0,8,10.8054,11409.4
1461,7,0,8,10.7486,11121.4
2087,7,0,8,10.7392,11075.3
2088,7,0,8,10.7258,11007.5
1644,7,0,8,10.7205,10980
2089,7,0,8,10.7023,10878.8
2102,7,0,8,10.7019,10876.7
1497,7,0,8,10.7006,10869.6
1621,7,0,8,10.7,10866.9
1348,7,0,9,10.9939,12350.4,0.0748333,326.4,0.08,10
1349,7,0,9,10.9929,12345.4
1357,7,0,9,10.9808,12282.8
1356,7,0,9,10.98,12279.1
1365,7,0,9,10.9724,12240
1366,7,0,9,10.9586,12167.4
1374,7,0,9,10.9473,12106.3
1377,7,0,9,10.9465,12102.5
1397,7,0,9,10.9311,12022.7
1398,7,0,9,10.9196,11963.5
1399,7,0,9,10.9097,11915.2
1657,7,0,9,10.8873,11799.8
1650,7,0,9,10.8808,11763.6
1087,7,0,10,11.1822,13275,0,0,0
1088,7,0,10,11.1753,13239.7
1117,7,0,10,11.1658,13191.5
1119,7,0,10,11.165,13187.5
1118,7,0,10,11.1586,13152.9
2044,7,0,10,11.1442,13077
2169,7,0,10,11.1357,13033.9
2171,7,0,10,11.1311,13010
1549,7,0,10,11.1245,12975
1147,7,0,10,11.1181,12940.9
1796,7,0,10,11.0881,12776.1
1328,7,0,10,11.0861,12766
1340,7,0,10,11.0693,12679.4
1348,7,0,10,11.0687,12676.8
2057,8,0,0,8.15738,790.795,0.0981667,428.173,0.33,1
2122,8,0,0,8.15061,756.084
1639,8,0,0,8.14528,728.728
1190,8,0,0,8.14185,709.948
1186,8,0,0,8.13193,656.065
1183,8,0,0,8.12169,601.675
1103,8,0,0,8.11103,544.89
1084,8,0,0,8.10116,487.929
1062,8,0,0,8.08467,388.255
1063,8,0,0,8.0839,381.112
1061,8,0,0,8.08047,363.372
1060,8,0,0,8.07397,330.074
1073,8,0,0,8.05255,218.101
1075,8,0,0,8.04724,191.567
1072,8,0,0,8.03669,137.848
1071,8,0,0,8.02891,97.4637
2160,8,0,0,8.02179,59.0712
1087,8,0,0,8.01,0
1429,8,0,1,8.36336,1788.84,0.0685,298.776,0.22,2
2166,8,0,1,8.3433,1686.97
1427,8,0,1,8.32996,1617.49
1677,8,0,1,8.31966,1565.05
2103,8,0,1,8.31579,1545.71
2177,8,0,1,8.31572,1545.35
1841,8,0,1,8.31558,1544
2060,8,0,1,8.27978,1346.48
1551,8,0,1,8.27905,1342.27
1201,8,0,1,8.27339,1312.91
1821,8,0,1,8.26914,1288.57
1640,8,0,1,8.26042,1244.34
2057,8,0,1,8.25555,1218.97
953,8,0,2,8.76883,3832.36,0.0948333,413.634,0.45,3
2023,8,0,2,8.76801,3828.26
2163,8,0,2,8.74044,3680.17
1314,8,0,2,8.72191,3584.22
2165,8,0,2,8.70206,3482.25
2118,8,0,2,8.70042,3474.04
1353,8,0,2,8.67582,3344.59
1822,8,0,2,8.66774,3302.72
2075,8,0,2,8.66692,3298.72
2188,8,0,2,8.64503,3186.75
1354,8,0,2,8.63536,3139.51
1355,8,0,2,8.62809,3101.66
2076,8,0,2,8.62626,3092.55
1356,8,0,2,8.61844,3052.25
1357,8,0,2,8.61766,3048.53
1358,8,0,2,8.60889,3000.65
1352,8,0,2,8.60085,2957.27
1351,8,0,2,8.58966,2899.79
1350,8,0,2,8.58314,2865.42
1414,8,0,2,8.56694,2784.91
2120,8,0,2,8.55636,2729.93
2097,8,0,2,8.55003,2694.78
1415,8,0,2,8.53778,2631.36
1416,8,0,2,8.52403,2560.75
1554,8,0,2,8.52247,2552.92
2079,8,0,2,8.51696,2523.55
1651,8,0,2,8.4841,2351.03
2094,8,0,2,8.47507,2303.19
1419,8,0,2,8.4654,2252.79
1429,8,0,2,8.43186,2087.61
905,8,0,3,8.99414,4935.71,0.061,266.064,0.44,4
906,8,0,3,8.98031,4863.62
1555,8,0,3,8.95439,4719.01
930,8,0,3,8.93396,4612.85
940,8,0,3,8.92244,4553.66
934,8,0,3,8.90255,4442.98
935,8,0,3,8.90201,4440.38
2020,8,0,3,8.89095,4383.4
1787,8,0,3,8.8739,4296.91
2023,8,0,3,8.86448,4250.09
953,8,0,3,8.86366,4245.99
822,8,0,4,9.19414,5935.36,0.0406667,177.376,0.33,5
2153,8,0,4,9.17315,5823.46
831,8,0,4,9.17314,5823.38
825,8,0,4,9.17273,5821.35
834,8,0,4,9.16472,5775.24
833,8,0,4,9.16204,5761.03
899,8,0,4,9.13709,5627.72
900,8,0,4,9.11365,5508.7
901,8,0,4,9.10759,5477.85
902,8,0,4,9.0953,5411.06
904,8,0,4,9.08101,5335.56
903,8,0,4,9.07724,5315.71
905,8,0,4,9.05514,5201.77
1275,8,0,5,9.40015,7000.4,0.1075,468.883,0.03,6
1266,8,0,5,9.38912,6940.98
1267,8,0,5,9.37567,6868.75
1260,8,0,5,9.36077,6790.42
1259,8,0,5,9.34726,6719.45
868,8,0,5,9.32622,6607.48
869,8,0,5,9.304,6489.35
1856,8,0,5,9.28313,6389.61
855,8,0,5,9.28299,6388.9
843,8,0,5,9.27062,6311.69
832,8,0,5,9.25974,6250.31
831,8,0,5,9.2533,6215.73
825,8,0,5,9.25289,6213.7
822,8,0,5,9.23481,6112.74
1601,8,0,6,9.65337,8254.46,0.0985,429.627,0.19,7
1599,8,0,6,9.64728,8220.23
1300,8,0,6,9.64179,8190.11
1298,8,0,6,9.63642,8160.78
2176,8,0,6,9.62972,8121.31
2066,8,0,6,9.61851,8052.93
1262,8,0,6,9.60956,8002.45
1261,8,0,6,9.60246,7962.57
1846,8,0,6,9.57502,7819.74
1271,8,0,6,9.56978,7794.18
1270,8,0,6,9.56213,7752.25
1269,8,0,6,9.5486,7683.88
1267,8,0,6,9.53566,7615.97
1266,8,0,6,9.52117,7539.29
1275,8,0,6,9.50765,7469.28
1621,8,0,7,10.0927,10597.4,0.101167,441.259,0.13,8
2089,8,0,7,10.0792,10525.6
2124,8,0,7,10.0738,10498.7
1826,8,0,7,10.0686,10464.6
1450,8,0,7,10.0662,10449.1
1829,8,0,7,10.0615,10419.8
1832,8,0,7,10.0512,10335.1
1833,8,0,7,10.0424,10262.3
1837,8,0,7,10.0328,10192.7
2177,8,0,7,10.0282,10169.1
1841,8,0,7,10.028,10167.7
1554,8,0,7,10.0202,10127.8
1416,8,0,7,10.0186,10120
1415,8,0,7,10.0049,10049.6
2097,8,0,7,9.991,9979.18
2098,8,0,7,9.98561,9952.28
2119,8,0,7,9.98322,9937.78
2120,8,0,7,9.97666,9904.78
1414,8,0,7,9.96602,9849.55
1350,8,0,7,9.95319,9783.15
1351,8,0,7,9.94044,9723.01
1352,8,0,7,9.9291,9664.92
1358,8,0,7,9.91736,9605.86
1357,8,0,7,9.90591,9546.56
1356,8,0,7,9.90513,9542.84
2076,8,0,7,9.89736,9502.76
1355,8,0,7,9.89588,9495.11
1364,8,0,7,9.89584,9494.9
1361,8,0,7,9.88938,9459.01
1354,8,0,7,9.88934,9458.82
2188,8,0,7,9.88159,9419.58
2075,8,0,7,9.86085,9312.44
1822,8,0,7,9.86003,9308.44
1353,8,0,7,9.85228,9267.97
2118,8,0,7,9.82353,9120.96
2117,8,0,7,9.821,9096.33
2164,8,0,7,9.79932,8974.72
1306,8,0,7,9.77561,8815.24
1599,8,0,7,9.75894,8722.53
1601,8,0,7,9.75187,8684.09
1650,8,0,8,10.3275,11729.6,0.0471667,205.727,0.37,9
2085,8,0,8,10.2993,11581.2
1461,8,0,8,10.2425,11293.1
2087,8,0,8,10.2331,11247.1
2088,8,0,8,10.2198,11179.2
1644,8,0,8,10.2144,11151.7
2089,8,0,8,10.1962,11050.5
2102,8,0,8,10.1958,11048.4
1497,8,0,8,10.1945,11041.3
1621,8,0,8,10.1939,11038.6
1348,8,0,9,10.4878,12522.1,0.0748333,326.4,0.08,10
1349,8,0,9,10.4868,12517.2
1357,8,0,9,10.4747,12454.5
1356,8,0,9,10.4739,12450.8
1365,8,0,9,10.4663,12411.8
1366,8,0,9,10.4525,12339.1
1374,8,0,9,10.4412,12278
1377,8,0,9,10.4404,12274.3
1397,8,0,9,10.425,12194.4
1398,8,0,9,10.4135,12135.2
1399,8,0,9,10.4037,12087
1657,8,0,9,10.3812,11971.5
1650,8,0,9,10.3747,11935.3
1087,8,0,10,10.6992,13544.7,0,0,0
1088,8,0,10,10.6905,13501.7
1117,8,0,10,10.6804,13450.8
1119,8,0,10,10.6796,13446.8
1118,8,0,10,10.6683,13392
2044,8,0,10,10.6545,13318.4
2169,8,0,10,10.6463,13276.5
2171,8,0,10,10.6418,13252.9
1549,8,0,10,10.6342,13213.7
1147,8,0,10,10.6282,13181.3
1796,8,0,10,10.5836,12954.6
1328,8,0,10,10.5818,12945.1
1340,8,0,10,10.5632,12851.1
1348,8,0,10,10.5627,12848.5
953,9,0,0,8.25022,727.708,0.0948333,413.634,0.45,1
1788,9,0,0,8.23926,674.518
943,9,0,0,8.2241,597.041
934,9,0,0,8.21552,550.017
933,9,0,0,8.20686,503.224
936,9,0,0,8.20627,500.284
937,9,0,0,8.19339,432.774
1085,9,0,0,8.17766,348.909
2035,9,0,0,8.16171,268.111
1850,9,0,0,8.15367,225.044
1849,9,0,0,8.13592,135.401
1848,9,0,0,8.13086,109.545
1847,9,0,0,8.12677,87.3505
1086,9,0,0,8.12314,67.3611
1087,9,0,0,8.11,0
905,9,0,1,8.47553,1831.06,0.061,266.064,0.44,2
906,9,0,1,8.4617,1758.97
1555,9,0,1,8.43578,1614.36
930,9,0,1,8.41535,1508.2
940,9,0,1,8.40383,1449.01
934,9,0,1,8.38394,1338.33
935,9,0,1,8.3834,1335.72
2020,9,0,1,8.37234,1278.75
1787,9,0,1,8.35529,1192.26
2023,9,0,1,8.34587,1145.44
953,9,0,1,8.34505,1141.34
2057,9,0,2,8.77651,3353.06,0.0981667,428.173,0.33,3
2122,9,0,2,8.76974,3318.35
1639,9,0,2,8.76441,3291
1190,9,0,2,8.76098,3272.22
1186,9,0,2,8.75106,3218.33
1183,9,0,2,8.74082,3163.94
1103,9,0,2,8.73016,3107.16
1084,9,0,2,8.72029,3050.2
1062,9,0,2,8.7038,2950.52
2159,9,0,2,8.70365,2949.76
1045,9,0,2,8.70296,2946.61
1043,9,0,2,8.69985,2930.68
2158,9,0,2,8.6921,2892.09
2030,9,0,2,8.68816,2872.25
1041,9,0,2,8.68297,2845.45
1039,9,0,2,8.67444,2801.87
1037,9,0,2,8.66496,2754.8
1034,9,0,2,8.65645,2709.84
2032,9,0,2,8.641,2632.24
1050,9,0,2,8.61346,2493.52
1804,9,0,2,8.60033,2427.5
2015,9,0,2,8.58913,2371.29
2014,9,0,2,8.58082,2329.73
2017,9,0,2,8.57966,2324.04
2170,9,0,2,8.57648,2308.18
917,9,0,2,8.57031,2277.19
916,9,0,2,8.57012,2276.28
906,9,0,2,8.54866,2162.01
905,9,0,2,8.53653,2097.12
1429,9,0,3,8.98249,4351.11,0.0685,298.776,0.22,4
2166,9,0,3,8.96243,4249.24
1427,9,0,3,8.94909,4179.76
1677,9,0,3,8.93879,4127.32
2103,9,0,3,8.93492,4107.98
2177,9,0,3,8.93485,4107.62
1841,9,0,3,8.93471,4106.27
2060,9,0,3,8.89891,3908.75
1551,9,0,3,8.89818,3904.54
1201,9,0,3,8.89252,3875.18
1821,9,0,3,8.88827,3850.83
1640,9,0,3,8.87954,3806.61
2057,9,0,3,8.87468,3781.24
822,9,0,4,9.58339,7422.23,0.0406667,177.376,0.33,5
2153,9,0,4,9.56128,7305.54
831,9,0,4,9.56126,7305.46
825,9,0,4,9.56085,7303.43
834,9,0,4,9.55173,7253.05
835,9,0,4,9.54495,7211.28
2154,9,0,4,9.51778,7068.63
857,9,0,4,9.50806,7018.65
926,9,0,4,9.50019,6976.82
927,9,0,4,9.47338,6834.12
946,9,0,4,9.46862,6801.67
947,9,0,4,9.46037,6756.38
948,9,0,4,9.44692,6687.3
1598,9,0,4,9.43509,6631.73
2025,9,0,4,9.43111,6610.13
949,9,0,4,9.42841,6595.95
1302,9,0,4,9.40372,6464.8
1307,9,0,4,9.38851,6380.78
1308,9,0,4,9.37765,6322.81
1309,9,0,4,9.35965,6230.5
1314,9,0,4,9.35907,6227.63
2165,9,0,4,9.33733,6117.71
2118,9,0,4,9.33569,6109.5
1353,9,0,4,9.31093,5979.39
1822,9,0,4,9.30208,5934.26
2075,9,0,4,9.30126,5930.27
2188,9,0,4,9.27835,5813.99
1354,9,0,4,9.27005,5772.44
1355,9,0,4,9.2623,5732.53
2076,9,0,4,9.26046,5723.42
1356,9,0,4,9.2532,5685.49
1357,9,0,4,9.25243,5681.77
1367,9,0,4,9.2397,5615.26
1375,9,0,4,9.22657,5545.55
1378,9,0,4,9.21711,5492.98
1380,9,0,4,9.20986,5455.3
1435,9,0,4,9.18163,5306.77
1434,9,0,4,9.17408,5268.05
2083,9,0,4,9.14607,5128.47
1430,9,0,4,9.13024,5048.69
1428,9,0,4,9.11861,4989.46
1426,9,0,4,9.11152,4953.17
2103,9,0,4,9.10572,4922.88
1677,9,0,4,9.10087,4899.45
1427,9,0,4,9.09117,4849.57
2166,9,0,4,9.07411,4764.49
1429,9,0,4,9.05099,4649.88
1601,9,0,5,9.74056,8254.58,0.0985,429.627,0.19,6
1599,9,0,5,9.73446,8220.35
1300,9,0,5,9.72897,8190.23
1298,9,0,5,9.72361,8160.9
2176,9,0,5,9.71691,8121.43
2066,9,0,5,9.70569,8053.05
869,9,0,5,9.69325,7976.22
1856,9,0,5,9.67238,7876.48
855,9,0,5,9.67223,7875.76
843,9,0,5,9.65987,7798.55
832,9,0,5,9.64899,7737.18
831,9,0,5,9.64255,7702.6
825,9,0,5,9.64214,7700.57
822,9,0,5,9.62406,7599.6
1275,9,0,6,10.0002,9545.9,0.057,248.617,0.01,7
1266,9,0,6,9.98914,9486.48
1267,9,0,6,9.97569,9414.25
1260,9,0,6,9.96079,9335.93
1259,9,0,6,9.94728,9264.95
868,9,0,6,9.92624,9152.99
869,9,0,6,9.90402,9034.86
2066,9,0,6,9.88292,8925.16
1297,9,0,6,9.854,8774.08
1299,9,0,6,9.8481,8741.17
1600,9,0,6,9.84666,8727.72
1599,9,0,6,9.84612,8722.65
1601,9,0,6,9.83906,8684.21
1621,9,0,7,10.5102,12347.9,0.101167,441.259,0.13,8
2089,9,0,7,10.4953,12270.4
2124,9,0,7,10.4875,12234
1826,9,0,7,10.4806,12195.8
1450,9,0,7,10.4784,12180.5
1829,9,0,7,10.4738,12151.2
1832,9,0,7,10.4612,12066.2
1833,9,0,7,10.4529,11992.8
1837,9,0,7,10.4432,11923.2
2177,9,0,7,10.4393,11902.8
1841,9,0,7,10.4392,11901.5
1554,9,0,7,10.4336,11871.1
1416,9,0,7,10.432,11863.2
1415,9,0,7,10.4178,11790.5
2097,9,0,7,10.4062,11729.9
2120,9,0,7,10.3973,11683.5
1414,9,0,7,10.3871,11630.3
1350,9,0,7,10.3755,11569.2
1351,9,0,7,10.367,11526.5
1352,9,0,7,10.3528,11456.6
1358,9,0,7,10.344,11409.8
1357,9,0,7,10.3313,11345.1
1356,9,0,7,10.3305,11341.4
2076,9,0,7,10.3239,11306.3
1355,9,0,7,10.3226,11299.3
1354,9,0,7,10.3162,11265.1
2188,9,0,7,10.3089,11228
2075,9,0,7,10.2878,11119.3
1822,9,0,7,10.287,11115.3
1353,9,0,7,10.2763,11062.4
2118,9,0,7,10.2527,10937.5
2117,9,0,7,10.2502,10912.9
2164,9,0,7,10.2315,10797.9
1306,9,0,7,10.208,10638.6
1599,9,0,7,10.1905,10542.1
1300,9,0,7,10.186,10515.6
1298,9,0,7,10.1793,10480.4
2176,9,0,7,10.173,10441.5
2066,9,0,7,10.1623,10373.9
869,9,0,7,10.1523,10299
868,9,0,7,10.1317,10187.6
1259,9,0,7,10.1136,10088.3
1260,9,0,7,10.0962,10001.1
1258,9,0,7,10.083,9931.15
1265,9,0,7,10.0691,9858.09
1275,9,0,7,10.0572,9794.52
1650,9,0,8,10.745,13480.1,0.0471667,205.727,0.37,9
2085,9,0,8,10.7168,13331.7
1461,9,0,8,10.66,13043.7
2087,9,0,8,10.6506,12997.7
2088,9,0,8,10.6372,12929.8
1644,9,0,8,10.6319,12902.3
2089,9,0,8,10.6137,12801.1
2102,9,0,8,10.6133,12799
1497,9,0,8,10.612,12791.9
1621,9,0,8,10.6114,12789.2
1348,9,0,9,10.9053,14272.7,0.0748333,326.4,0.08,10
1349,9,0,9,10.9043,14267.7
1357,9,0,9,10.8922,14205.1
1356,9,0,9,10.8914,14201.4
1365,9,0,9,10.8838,14162.3
1366,9,0,9,10.8699,14089.7
1374,9,0,9,10.8587,14028.6
1377,9,0,9,10.8579,14024.8
1397,9,0,9,10.8424,13945
1398,9,0,9,10.8309,13885.8
1399,9,0,9,10.8211,13837.5
1657,9,0,9,10.7987,13722.1
1650,9,0,9,10.7921,13685.9
1087,9,0,10,11.1167,15295.2,0,0,0
1088,9,0,10,11.108,15252.3
1117,9,0,10,11.0979,15201.4
1119,9,0,10,11.097,15197.4
1118,9,0,10,11.0858,15142.6
2044,9,0,10,11.072,15068.9
2169,9,0,10,11.0638,15027.1
2171,9,0,10,11.0592,15003.5
1549,9,0,10,11.0517,14964.3
1147,9,0,10,11.0456,14931.9
1796,9,0,10,11.0011,14705.2
1328,9,0,10,10.9993,14695.6
1340,9,0,10,10.9806,14601.7
1348,9,0,10,10.9801,14599.1
905,10,0,0,8.17157,829.666,0.061,266.064,0.44,1
906,10,0,0,8.15774,757.574
892,10,0,0,8.13882,661.974
896,10,0,0,8.13641,648.832
895,10,0,0,8.13369,634.662
907,10,0,0,8.12255,576.488
908,10,0,0,8.11507,537.87
2014,10,0,0,8.11448,535.191
2015,10,0,0,8.10637,494.476
2018,10,0,0,8.09717,447.026
920,10,0,0,8.09325,426.243
1793,10,0,0,8.07171,316.201
2034,10,0,0,8.06348,274.763
1850,10,0,0,8.05367,225.044
1849,10,0,0,8.03592,135.401
1848,10,0,0,8.03086,109.545
1847,10,0,0,8.02677,87.3505
1086,10,0,0,8.02314,67.3611
1087,10,0,0,8.01,0
1601,10,0,1,8.41833,2049.97,0.0903333,394.007,0.18,2
1599,10,0,1,8.41009,2006.48
1300,10,0,1,8.4039,1973.35
1299,10,0,1,8.40173,1958.75
1557,10,0,1,8.3751,1823.98
2024,10,0,1,8.35947,1743.41
2025,10,0,1,8.33842,1637.22
949,10,0,1,8.33498,1619.92
951,10,0,1,8.32605,1572.13
950,10,0,1,8.31687,1527.44
938,10,0,1,8.30578,1467.14
929,10,0,1,8.28891,1380.39
2019,10,0,1,8.2885,1378.41
2157,10,0,1,8.26913,1282.67
905,10,0,1,8.23257,1095.73
2057,10,0,2,8.78819,3939.18,0.0981667,428.173,0.33,3
2122,10,0,2,8.78226,3908.01
1820,10,0,2,8.77471,3869.75
1197,10,0,2,8.76266,3808.59
1198,10,0,2,8.74945,3744.3
1152,10,0,2,8.74363,3713.74
1163,10,0,2,8.73236,3659.84
1164,10,0,2,8.72479,3620.27
1161,10,0,2,8.71424,3568.31
1330,10,0,2,8.70429,3518.01
1339,10,0,2,8.68163,3401.06
1340,10,0,2,8.67715,3377.1
1348,10,0,2,8.67664,3374.56
1349,10,0,2,8.67582,3370.25
1357,10,0,2,8.66623,3318.53
1356,10,0,2,8.66546,3314.81
2076,10,0,2,8.65721,3272.75
1355,10,0,2,8.65543,3263.83
1354,10,0,2,8.64791,3224.91
2188,10,0,2,8.63742,3174.34
2075,10,0,2,8.61848,3074.79
1822,10,0,2,8.61766,3070.79
1353,10,0,2,8.6095,3028.61
2118,10,0,2,8.58605,2904.08
2117,10,0,2,8.58353,2879.45
2164,10,0,2,8.56232,2759.9
1306,10,0,2,8.53821,2600.06
1599,10,0,2,8.51815,2492.74
1601,10,0,2,8.50866,2443.98
1429,10,0,3,8.99417,4937.22,0.0685,298.776,0.22,4
2166,10,0,3,8.97411,4835.36
1427,10,0,3,8.96077,4765.87
1677,10,0,3,8.95047,4713.43
2103,10,0,3,8.9466,4694.09
2177,10,0,3,8.94653,4693.73
1841,10,0,3,8.94639,4692.38
2060,10,0,3,8.91059,4494.86
1551,10,0,3,8.90986,4490.65
1201,10,0,3,8.9042,4461.29
1821,10,0,3,8.89995,4436.95
1640,10,0,3,8.89122,4392.72
2057,10,0,3,8.88636,4367.35
822,10,0,4,9.59507,8008.34,0.0406667,177.376,0.33,5
2153,10,0,4,9.57296,7891.65
831,10,0,4,9.57294,7891.57
825,10,0,4,9.57253,7889.54
834,10,0,4,9.56341,7839.16
835,10,0,4,9.55663,7797.39
2154,10,0,4,9.52946,7654.74
857,10,0,4,9.51974,7604.76
926,10,0,4,9.51187,7562.93
927,10,0,4,9.48506,7420.24
946,10,0,4,9.4803,7387.78
947,10,0,4,9.47204,7342.49
948,10,0,4,9.4586,7273.41
1598,10,0,4,9.44677,7217.84
2025,10,0,4,9.44279,7196.25
949,10,0,4,9.44009,7182.06
1302,10,0,4,9.4154,7050.91
1307,10,0,4,9.40019,6966.89
1308,10,0,4,9.38933,6908.92
1309,10,0,4,9.37133,6816.62
1314,10,0,4,9.37075,6813.75
2165,10,0,4,9.34901,6703.82
2118,10,0,4,9.34737,6695.61
1353,10,0,4,9.32261,6565.51
1822,10,0,4,9.31376,6520.37
2075,10,0,4,9.31294,6516.38
2188,10,0,4,9.29003,6400.1
1354,10,0,4,9.28173,6358.55
1355,10,0,4,9.27398,6318.64
2076,10,0,4,9.27214,6309.53
1356,10,0,4,9.26488,6271.6
1357,10,0,4,9.26411,6267.88
1367,10,0,4,9.25138,6201.37
1375,10,0,4,9.23825,6131.67
1378,10,0,4,9.22879,6079.09
1380,10,0,4,9.22154,6041.41
1435,10,0,4,9.19331,5892.88
1434,10,0,4,9.18576,5854.17
2083,10,0,4,9.15775,5714.59
1430,10,0,4,9.14192,5634.81
1428,10,0,4,9.13029,5575.58
1426,10,0,4,9.1232,5539.29
2103,10,0,4,9.1174,5508.99
1677,10,0,4,9.11255,5485.56
1427,10,0,4,9.10285,5435.69
2166,10,0,4,9.08579,5350.6
1429,10,0,4,9.06267,5236
1621,10,0,5,10.0745,10661.5,0.101167,441.259,0.13,6
2089,10,0,5,10.0609,10589.8
2124,10,0,5,10.0555,10562.9
1826,10,0,5,10.0503,10528.8
1450,10,0,5,10.048,10513.3
1829,10,0,5,10.0433,10483.9
1832,10,0,5,10.0329,10399.3
1833,10,0,5,10.0242,10326.5
1837,10,0,5,10.0146,10256.9
2177,10,0,5,10.0099,10233.2
1841,10,0,5,10.0098,10231.9
1554,10,0,5,10.0019,10192
1416,10,0,5,10.0004,10184.1
1415,10,0,5,9.98668,10113.8
2097,10,0,5,9.9725,10042.3
2120,10,0,5,9.96903,10010.4
1414,10,0,5,9.956,9945.13
1350,10,0,5,9.94316,9878.65
1351,10,0,5,9.93406,9833.45
1352,10,0,5,9.91782,9755.07
1358,10,0,5,9.90513,9692.08
1357,10,0,5,9.89482,9637.64
1356,10,0,5,9.89405,9633.92
2076,10,0,5,9.88456,9586.69
1355,10,0,5,9.88308,9579.04
1364,10,0,5,9.88304,9578.83
1361,10,0,5,9.87659,9542.94
1354,10,0,5,9.87654,9542.75
2188,10,0,5,9.8688,9503.5
2075,10,0,5,9.84806,9396.37
1822,10,0,5,9.84724,9392.37
1353,10,0,5,9.83949,9351.9
2118,10,0,5,9.81073,9204.89
2117,10,0,5,9.80821,9180.26
2164,10,0,5,9.78652,9058.65
1306,10,0,5,9.76282,8899.17
1599,10,0,5,9.74614,8806.46
1300,10,0,5,9.74065,8776.34
1298,10,0,5,9.73529,8747.01
2176,10,0,5,9.72859,8707.54
2066,10,0,5,9.71737,8639.17
869,10,0,5,9.70493,8562.33
1856,10,0,5,9.68406,8462.59
855,10,0,5,9.68391,8461.88
843,10,0,5,9.67155,8384.67
832,10,0,5,9.66067,8323.29
831,10,0,5,9.65423,8288.71
825,10,0,5,9.65382,8286.68
822,10,0,5,9.63574,8185.72
1650,10,0,6,10.3093,11793.7,0.0471667,205.727,0.37,7
2085,10,0,6,10.2811,11645.3
1461,10,0,6,10.2243,11357.2
2087,10,0,6,10.2149,11311.2
2088,10,0,6,10.2015,11243.3
1644,10,0,6,10.1962,11215.8
2089,10,0,6,10.178,11114.6
2102,10,0,6,10.1776,11112.6
1497,10,0,6,10.1763,11105.5
1621,10,0,6,10.1757,11102.8
1348,10,0,7,10.4696,12586.3,0.0748333,326.4,0.08,8
1349,10,0,7,10.4686,12581.3
1357,10,0,7,10.4565,12518.7
1356,10,0,7,10.4557,12515
1365,10,0,7,10.4481,12475.9
1366,10,0,7,10.4342,12403.3
1374,10,0,7,10.423,12342.2
1377,10,0,7,10.4222,12338.4
1397,10,0,7,10.4067,12258.6
1398,10,0,7,10.3952,12199.4
1399,10,0,7,10.3854,12151.1
1657,10,0,7,10.363,12035.7
1650,10,0,7,10.3565,11999.5
1275,10,0,8,10.914,14852.5,0.057,248.617,0.01,9
1266,10,0,8,10.8989,14775.9
1267,10,0,8,10.8833,14694.5
1260,10,0,8,10.8691,14619.2
1259,10,0,8,10.8556,14548.2
868,10,0,8,10.8344,14435.5
869,10,0,8,10.8144,14326.9
2066,10,0,8,10.7929,14215.4
1297,10,0,8,10.7666,14075.7
1299,10,0,8,10.7609,14043.7
1557,10,0,8,10.7429,13945.3
1301,10,0,8,10.7299,13879.3
1302,10,0,8,10.7059,13750.6
1307,10,0,8,10.6906,13666.3
1308,10,0,8,10.6793,13606.3
1309,10,0,8,10.662,13517.2
1314,10,0,8,10.6614,13514.3
2165,10,0,8,10.6451,13427.1
2118,10,0,8,10.6434,13418.9
1353,10,0,8,10.6194,13292
1822,10,0,8,10.6095,13242.3
2075,10,0,8,10.6087,13238.3
2188,10,0,8,10.5845,13116.8
1354,10,0,8,10.5756,13073
1355,10,0,8,10.5677,13032.1
2076,10,0,8,10.5658,13023
1356,10,0,8,10.558,12982.7
1357,10,0,8,10.5572,12979
1349,10,0,8,10.5454,12917.7
1348,10,0,8,10.5444,12912.7
953,10,0,9,11.224,16463.9,0.102333,446.347,0.44,10
952,10,0,9,11.2105,16397.7
2022,10,0,9,11.199,16339.5
2021,10,0,9,11.1882,16283.7
951,10,0,9,11.1691,16185.4
949,10,0,9,11.1582,16129.2
2025,10,0,9,11.1547,16111.7
2024,10,0,9,11.1402,16033.4
1557,10,0,9,11.1288,15970.6
1299,10,0,9,11.1045,15845.8
1300,10,0,9,11.0999,15822.2
1298,10,0,9,11.0931,15787
2176,10,0,9,11.0868,15748.1
2066,10,0,9,11.0761,15680.5
869,10,0,9,11.0661,15605.6
868,10,0,9,11.0455,15494.2
1259,10,0,9,11.0274,15394.9
1260,10,0,9,11.01,15307.7
1258,10,0,9,10.9968,15237.7
1265,10,0,9,10.9829,15164.7
1275,10,0,9,10.971,15101.1
1087,10,0,10,11.4793,17695,0,0,0
1088,10,0,10,11.4725,17659.7
1117,10,0,10,11.4629,17611.4
1119,10,0,10,11.4621,17607.4
1118,10,0,10,11.4557,17572.9
1116,10,0,10,11.4549,17568.9
1115,10,0,10,11.4426,17508.5
2041,10,0,10,11.4283,17438.5
1110,10,0,10,11.4212,17403.5
1111,10,0,10,11.4112,17356.5
1107,10,0,10,11.4067,17333.4
1106,10,0,10,11.3934,17263.4
2039,10,0,10,11.3869,17221.9
2106,10,0,10,11.3707,17134.4
2050,10,0,10,11.3621,17093
2108,10,0,10,11.343,16996.9
2023,10,0,10,11.3272,16914.3
953,10,0,10,11.3264,16910.2
1429,11,0,0,8.28636,1277.2,0.0685,298.776,0.22,1
2166,11,0,0,8.2663,1175.33
1427,11,0,0,8.25296,1105.85
1677,11,0,0,8.24266,1053.41
2103,11,0,0,8.2388,1034.07
2177,11,0,0,8.23872,1033.71
1841,11,0,0,8.23858,1032.36
2060,11,0,0,8.20278,834.837
1551,11,0,0,8.20205,830.633
1550,11,0,0,8.20128,826.849
1196,11,0,0,8.19514,783.667
1194,11,0,0,8.19491,782.144
1190,11,0,0,8.18185,709.948
1186,11,0,0,8.17193,656.065
1183,11,0,0,8.16169,601.675
1103,11,0,0,8.15103,544.89
1084,11,0,0,8.14116,487.929
1062,11,0,0,8.12467,388.255
1063,11,0,0,8.1239,381.112
1061,11,0,0,8.12047,363.372
1060,11,0,0,8.11397,330.074
1073,11,0,0,8.09255,218.101
1075,11,0,0,8.08724,191.567
1072,11,0,0,8.07669,137.848
1071,11,0,0,8.06891,97.4637
2160,11,0,0,8.06179,59.0712
1087,11,0,0,8.05,0
905,11,0,1,8.78006,3781.09,0.061,266.064,0.44,2
906,11,0,1,8.76914,3721.44
892,11,0,1,8.75069,3627.84
896,11,0,1,8.74663,3607.75
895,11,0,1,8.74426,3595.06
907,11,0,1,8.73238,3533.76
908,11,0,1,8.72674,3502.97
2014,11,0,1,8.72615,3500.29
2015,11,0,1,8.71804,3459.58
1804,11,0,1,8.70752,3406.19
1050,11,0,1,8.6959,3346.49
2032,11,0,1,8.67003,3214.76
1034,11,0,1,8.65837,3153.13
1037,11,0,1,8.64989,3108.3
1039,11,0,1,8.64071,3062.45
1041,11,0,1,8.63152,3016.1
2030,11,0,1,8.62534,2985.17
2158,11,0,1,8.62212,2968.38
2029,11,0,1,8.60821,2899.22
1043,11,0,1,8.60813,2898.8
1044,11,0,1,8.60337,2874.27
1046,11,0,1,8.59695,2839.13
1060,11,0,1,8.5822,2761.14
1061,11,0,1,8.57594,2728.88
1063,11,0,1,8.57291,2712.8
1083,11,0,1,8.55796,2632
1105,11,0,1,8.54596,2567.21
1104,11,0,1,8.52834,2474.41
1183,11,0,1,8.52592,2458.13
1184,11,0,1,8.52113,2432.04
1663,11,0,1,8.51112,2380.99
1189,11,0,1,8.50315,2339.7
1194,11,0,1,8.49113,2265.81
1196,11,0,1,8.49085,2264.21
1550,11,0,1,8.48442,2226.18
1552,11,0,1,8.48069,2206.61
2059,11,0,1,8.47484,2175.54
2063,11,0,1,8.45822,2085.64
2064,11,0,1,8.45467,2066.08
2080,11,0,1,8.43829,1980.25
2082,11,0,1,8.41124,1854.43
1419,11,0,1,8.3884,1741.15
1429,11,0,1,8.35486,1575.97
822,11,0,2,8.97059,4745.06,0.0658333,287.145,0.32,3
2153,11,0,2,8.95231,4644.78
831,11,0,2,8.95229,4644.7
825,11,0,2,8.95188,4642.67
834,11,0,2,8.94541,4598.58
833,11,0,2,8.94299,4585.47
899,11,0,2,8.91696,4447.53
900,11,0,2,8.89965,4354.51
901,11,0,2,8.89381,4324.57
902,11,0,2,8.87785,4242.16
904,11,0,2,8.86325,4165.34
903,11,0,2,8.85964,4146.17
905,11,0,2,8.84105,4047.16
1601,11,0,3,9.15293,5687.19,0.0985,429.627,0.19,4
1599,11,0,3,9.14683,5652.95
1300,11,0,3,9.14134,5622.84
1298,11,0,3,9.13598,5593.5
2176,11,0,3,9.12928,5554.03
2066,11,0,3,9.11806,5485.66
869,11,0,3,9.10562,5408.82
1856,11,0,3,9.08475,5309.08
855,11,0,3,9.08461,5308.37
843,11,0,3,9.07224,5231.16
832,11,0,3,9.06136,5169.78
831,11,0,3,9.05492,5135.2
825,11,0,3,9.05451,5133.17
822,11,0,3,9.03643,5032.21
1650,11,0,4,9.50092,7467.69,0.1055,460.159,0.37,5
1657,11,0,4,9.49121,7418.05
1399,11,0,4,9.47115,7312.55
1398,11,0,4,9.46491,7279.28
1397,11,0,4,9.4519,7213.83
1377,11,0,4,9.44022,7150.05
1374,11,0,4,9.43943,7146.32
1373,11,0,4,9.42821,7088.26
1372,11,0,4,9.41548,7025.39
1371,11,0,4,9.40658,6981.42
1362,11,0,4,9.39526,6924.13
1361,11,0,4,9.38894,6891.74
1354,11,0,4,9.3889,6891.55
2188,11,0,4,9.38115,6852.3
2075,11,0,4,9.36041,6745.16
1822,11,0,4,9.35959,6741.17
1353,11,0,4,9.35184,6700.69
2118,11,0,4,9.32309,6553.69
2117,11,0,4,9.32056,6529.06
2164,11,0,4,9.29887,6407.44
1306,11,0,4,9.27517,6247.96
1599,11,0,4,9.25849,6155.26
1601,11,0,4,9.25143,6116.81
1275,11,0,5,10.0609,10310.1,0.057,248.617,0.01,6
1265,11,0,5,10.0493,10247.5
1258,11,0,5,10.0374,10183.4
1260,11,0,5,10.0297,10131.1
1259,11,0,5,10.0175,10065.3
868,11,0,5,9.99899,9964.44
869,11,0,5,9.9765,9845.16
2066,11,0,5,9.96025,9756.21
1297,11,0,5,9.9318,9607.11
1299,11,0,5,9.92555,9572.68
1557,11,0,5,9.90382,9458.5
1301,11,0,5,9.89087,9392.63
1302,11,0,5,9.86774,9267.78
1307,11,0,5,9.85269,9184.49
1308,11,0,5,9.84153,9125.21
1309,11,0,5,9.82391,9034.5
1314,11,0,5,9.82333,9031.62
2165,11,0,5,9.80033,8916.46
2118,11,0,5,9.79869,8908.26
1353,11,0,5,9.77268,8772.82
1822,11,0,5,9.76329,8725.47
2075,11,0,5,9.76248,8721.47
2188,11,0,5,9.7395,8604.94
1354,11,0,5,9.7312,8563.39
1355,11,0,5,9.72345,8523.48
1364,11,0,5,9.72341,8523.27
1363,11,0,5,9.71291,8469.39
1373,11,0,5,9.68915,8349.36
1374,11,0,5,9.67787,8291.07
1377,11,0,5,9.67708,8287.35
1397,11,0,5,9.66235,8210.53
1398,11,0,5,9.64754,8137.59
1399,11,0,5,9.63682,8085.62
1657,11,0,5,9.6136,7966.75
1650,11,0,5,9.60642,7927.85
1621,11,0,6,10.571,13112.1,0.101167,441.259,0.13,7
2089,11,0,6,10.556,13034.6
2124,11,0,6,10.5483,12998.2
1826,11,0,6,10.5414,12960
1450,11,0,6,10.5392,12944.6
1829,11,0,6,10.5346,12915.4
1832,11,0,6,10.5219,12830.4
1833,11,0,6,10.5137,12757
1837,11,0,6,10.504,12687.4
2177,11,0,6,10.5001,12667
1841,11,0,6,10.5,12665.7
1554,11,0,6,10.4944,12635.2
1416,11,0,6,10.4928,12627.4
1415,11,0,6,10.4785,12554.7
2097,11,0,6,10.467,12494.1
2120,11,0,6,10.458,12447.7
1414,11,0,6,10.4478,12394.4
1350,11,0,6,10.4363,12333.4
1351,11,0,6,10.4278,12290.7
1352,11,0,6,10.4136,12220.8
1358,11,0,6,10.4048,12174
1357,11,0,6,10.392,12109.3
1356,11,0,6,10.3913,12105.6
2076,11,0,6,10.3847,12070.5
1355,11,0,6,10.3833,12063.5
1354,11,0,6,10.3769,12029.3
2188,11,0,6,10.3697,11992.2
2075,11,0,6,10.3486,11883.5
1822,11,0,6,10.3478,11879.5
1353,11,0,6,10.337,11826.6
2118,11,0,6,10.3135,11701.7
2117,11,0,6,10.311,11677.1
2164,11,0,6,10.2922,11562.1
1306,11,0,6,10.2688,11402.8
1599,11,0,6,10.2513,11306.3
1300,11,0,6,10.2468,11279.8
1298,11,0,6,10.2401,11244.6
2176,11,0,6,10.2338,11205.7
2066,11,0,6,10.2231,11138.1
869,11,0,6,10.2131,11063.2
868,11,0,6,10.1924,10951.8
1259,11,0,6,10.1743,10852.5
1260,11,0,6,10.157,10765.3
1258,11,0,6,10.1438,10695.3
1265,11,0,6,10.1298,10622.3
1275,11,0,6,10.1179,10558.7
953,11,0,7,11.0429,15487.9,0.102333,446.347,0.44,8
2023,11,0,7,11.0421,15483.8
2163,11,0,7,11.0145,15335.5
1314,11,0,7,11.0015,15263.2
2165,11,0,7,10.9821,15163.3
2118,11,0,7,10.9805,15155.1
1353,11,0,7,10.9552,15022.8
1822,11,0,7,10.9463,14977.6
2075,11,0,7,10.9455,14973.6
2188,11,0,7,10.9206,14849.1
1354,11,0,7,10.9118,14805.2
1355,11,0,7,10.9038,14764.4
2076,11,0,7,10.902,14755.2
1356,11,0,7,10.8941,14715
1357,11,0,7,10.8934,14711.3
1367,11,0,7,10.8817,14649.2
1375,11,0,7,10.8705,14587.8
1378,11,0,7,10.8544,14507.1
1380,11,0,7,10.8477,14471.6
1435,11,0,7,10.8144,14301.6
1441,11,0,7,10.8018,14235.8
1656,11,0,7,10.7945,14198.5
1442,11,0,7,10.7884,14166.3
2084,11,0,7,10.7632,14038.4
1445,11,0,7,10.7331,13876.2
2087,11,0,7,10.7113,13761.8
2088,11,0,7,10.698,13694
1644,11,0,7,10.6927,13666.4
2089,11,0,7,10.6745,13565.3
2102,11,0,7,10.6741,13563.2
1497,11,0,7,10.6727,13556.1
1621,11,0,7,10.6721,13553.4
1087,11,0,8,11.2982,16719,0,0,0
1088,11,0,8,11.2913,16683.7
1117,11,0,8,11.2818,16635.4
1119,11,0,8,11.281,16631.4
1118,11,0,8,11.2746,16596.9
1116,11,0,8,11.2738,16592.9
1115,11,0,8,11.2615,16532.5
2041,11,0,8,11.2472,16462.5
1110,11,0,8,11.2401,16427.5
1111,11,0,8,11.2301,16380.5
1107,11,0,8,11.2256,16357.4
1106,11,0,8,11.2123,16287.4
2039,11,0,8,11.2058,16245.9
2106,11,0,8,11.1896,16158.4
2050,11,0,8,11.181,16116.9
2108,11,0,8,11.1619,16020.9
2023,11,0,8,11.1461,15938.3
953,11,0,8,11.1452,15934.2
1348,11,1,0,10.9913,925.387,0.0748333,326.4,0.08,1
1340,11,1,0,10.9908,922.844
1328,11,1,0,10.9716,826.579
2047,11,1,0,10.9349,635.788
1149,11,1,0,10.9305,612.738
1150,11,1,0,10.9248,583.774
2045,11,1,0,10.9132,524.628
1120,11,1,0,10.8977,440.513
1094,11,1,0,10.8909,406.856
1091,11,1,0,10.8774,342.104
1092,11,1,0,10.8732,319.962
1074,11,1,0,10.8673,289.517
1073,11,1,0,10.8565,234.827
1075,11,1,0,10.8507,205.904
1072,11,1,0,10.8393,148.853
1071,11,1,0,10.8309,105.854
2160,11,1,0,10.8229,63.7234
1087,11,1,0,10.81,0
1087,11,1,1,11.1795,1849.98,0,0,0
1088,11,1,1,11.1727,1814.67
1117,11,1,1,11.1631,1766.43
1119,11,1,1,11.1623,1762.43
1118,11,1,1,11.1559,1727.9
2044,11,1,1,11.1416,1651.99
2169,11,1,1,11.1331,1608.88
2171,11,1,1,11.1284,1585
1549,11,1,1,11.1219,1549.99
1147,11,1,1,11.1154,1515.84
1796,11,1,1,11.0855,1351.09
1328,11,1,1,11.0835,1340.98
1340,11,1,1,11.0666,1254.33
1348,11,1,1,11.0661,1251.79
2057,11,2,0,8.68738,790.795,0.0981667,428.173,0.33,1
2122,11,2,0,8.68061,756.084
1639,11,2,0,8.67528,728.728
1190,11,2,0,8.67185,709.948
1186,11,2,0,8.66193,656.065
1183,11,2,0,8.65169,601.675
1103,11,2,0,8.64103,544.89
1084,11,2,0,8.63116,487.929
1062,11,2,0,8.61467,388.255
1063,11,2,0,8.6139,381.112
1061,11,2,0,8.61047,363.372
1060,11,2,0,8.60397,330.074
1073,11,2,0,8.58255,218.101
1075,11,2,0,8.57724,191.567
1072,11,2,0,8.56669,137.848
1071,11,2,0,8.55891,97.4637
2160,11,2,0,8.55179,59.0712
1087,11,2,0,8.54,0
1087,11,2,1,8.93714,2007.85,0,0,0
1090,11,2,1,8.92855,1963.13
1076,11,2,1,8.90808,1859.75
1074,11,2,1,8.90378,1837.86
1077,11,2,1,8.89439,1787.91
1080,11,2,1,8.88051,1718.86
1079,11,2,1,8.87354,1683.02
1061,11,2,1,8.86929,1661.74
1063,11,2,1,8.86625,1645.67
1083,11,2,1,8.8513,1564.86
1105,11,2,1,8.83931,1500.08
1104,11,2,1,8.82168,1407.27
1187,11,2,1,8.81251,1356.59
1188,11,2,1,8.80762,1330.94
1192,11,2,1,8.8029,1307.82
1639,11,2,1,8.7985,1284.56
2122,11,2,1,8.79373,1259.61
2057,11,2,1,8.78555,1218.97
