Node, Individual, Route,Segment, Travel time, Travel cost, Attention time, Attention cost, Failure rate, Demand
220,0,0,0,13.0702,511.167,0.072,314.042,0.12,1
2130,0,0,0,13.0524,417.757
215,0,0,0,13.0469,383.417
205,0,0,0,13.0189,223.068
196,0,0,0,13.005,137.521
195,0,0,0,13.0019,117.624
64,0,0,0,12.98,0
710,0,0,1,13.209,1171.13,0.0466667,203.546,0.45,2
223,0,0,1,13.1899,1071.11
224,0,0,1,13.1666,958.91
222,0,0,1,13.1509,874.132
220,0,0,1,13.1422,825.209
455,0,0,2,13.3163,1763.6,0.0423333,184.645,0.11,3
454,0,0,2,13.3131,1746.22
457,0,0,2,13.3065,1692.15
456,0,0,2,13.3016,1663.11
458,0,0,2,13.2923,1602.2
459,0,0,2,13.2857,1556.85
1543,0,0,2,13.2771,1495.04
710,0,0,2,13.2556,1374.67
1108,0,0,3,13.6222,3410.34,0.0723333,315.496,0.16,4
1109,0,0,3,13.6182,3388.96
1113,0,0,3,13.6118,3356.71
1847,0,0,3,13.6,3296.07
1086,0,0,3,13.5963,3275.89
1087,0,0,3,13.5829,3207.33
1090,0,0,3,13.5743,3162.57
1076,0,0,3,13.5562,3069.24
1074,0,0,3,13.5522,3048.58
1077,0,0,3,13.5388,2981.61
1080,0,0,3,13.5239,2908.26
1079,0,0,3,13.5167,2871.78
1061,0,0,3,13.5125,2850.49
1063,0,0,3,13.5093,2833.65
1062,0,0,3,13.5083,2826.61
2159,0,0,3,13.5081,2825.63
1045,0,0,3,13.5074,2822.48
1012,0,0,3,13.5002,2781.49
2028,0,0,3,13.4921,2736.03
989,0,0,3,13.4887,2720.29
990,0,0,3,13.4786,2670.03
991,0,0,3,13.476,2657.68
706,0,0,3,13.469,2618.21
704,0,0,3,13.4664,2605.44
2179,0,0,3,13.4662,2604.58
662,0,0,3,13.46,2574.93
602,0,0,3,13.4487,2506.79
599,0,0,3,13.4442,2482.09
605,0,0,3,13.4391,2453.97
529,0,0,3,13.4225,2355.08
726,0,0,3,13.4064,2253.54
714,0,0,3,13.4062,2251.66
1543,0,0,3,13.4004,2219.22
459,0,0,3,13.3903,2156.04
458,0,0,3,13.3836,2110.63
456,0,0,3,13.375,2050.23
457,0,0,3,13.369,2017.18
454,0,0,3,13.3613,1963.2
455,0,0,3,13.3586,1948.24
1304,0,0,4,13.8232,4404.31,0.0735,320.585,0.21,5
952,0,0,4,13.7991,4272.99
953,0,0,4,13.7869,4211.94
2023,0,0,4,13.7861,4207.84
2108,0,0,4,13.7719,4132.18
1794,0,0,4,13.7656,4099.83
2106,0,0,4,13.7517,4026.08
2039,0,0,4,13.7331,3928.56
1106,0,0,4,13.7229,3874.16
2035,0,0,4,13.7109,3809.57
1108,0,0,4,13.6946,3725.83
1302,0,0,5,13.9438,4963.89,0.035,152.659,0.22,6
1303,0,0,5,13.9234,4860.2
1305,0,0,5,13.9082,4784.18
1304,0,0,5,13.8967,4724.9
895,0,0,6,14.1277,5894.32,0.081,353.298,0.02,7
896,0,0,6,14.124,5876.08
892,0,0,6,14.1203,5857.33
906,0,0,6,14.1077,5788.47
1555,0,0,6,14.0794,5633.87
2157,0,0,6,14.0685,5580.12
2019,0,0,6,14.0417,5453.86
929,0,0,6,14.0413,5451.88
938,0,0,6,14.0293,5386.03
950,0,0,6,14.0158,5315.47
951,0,0,6,14.0088,5279.75
949,0,0,6,13.9978,5223.27
1302,0,0,6,13.9788,5116.55
978,0,0,7,14.3747,7086.98,0.0373333,162.837,0.05,8
1010,0,0,7,14.3599,7010.21
1011,0,0,7,14.3456,6937.58
1009,0,0,7,14.34,6908.14
1038,0,0,7,14.3318,6867.54
1039,0,0,7,14.3313,6864.87
1037,0,0,7,14.3214,6816.31
1034,0,0,7,14.3132,6772.47
2032,0,0,7,14.2977,6694.87
1050,0,0,7,14.2714,6561.09
1049,0,0,7,14.2713,6561
1025,0,0,7,14.264,6523.3
1029,0,0,7,14.2509,6457.51
1027,0,0,7,14.2381,6394.14
898,0,0,7,14.2277,6341.65
895,0,0,7,14.2087,6247.62
636,0,0,8,14.4917,7640.24,0.0391667,170.833,0.15,9
631,0,0,8,14.485,7607.45
630,0,0,8,14.4792,7578.93
637,0,0,8,14.4687,7526.85
1996,0,0,8,14.4562,7463.56
1997,0,0,8,14.4523,7443.66
2027,0,0,8,14.4251,7313.44
2026,0,0,8,14.4193,7284.96
978,0,0,8,14.412,7249.82
603,0,0,9,14.6152,8246.8,0.0658333,287.145,0.35,10
604,0,0,9,14.6104,8221.39
596,0,0,9,14.6102,8220.42
580,0,0,9,14.596,8144.21
583,0,0,9,14.5897,8114.4
587,0,0,9,14.5875,8099.97
578,0,0,9,14.5844,8083.16
575,0,0,9,14.5789,8052.05
571,0,0,9,14.576,8035.93
570,0,0,9,14.5712,8012.65
1994,0,0,9,14.5584,7948.3
562,0,0,9,14.5451,7883.24
639,0,0,9,14.5416,7865.8
638,0,0,9,14.5349,7831.77
636,0,0,9,14.5309,7811.07
64,0,0,10,14.8429,9558.76,0,0,0
195,0,0,10,14.8214,9442.51
196,0,0,10,14.8186,9422.93
205,0,0,10,14.8044,9336.85
215,0,0,10,14.78,9181.87
225,0,0,10,14.7551,8978.04
715,0,0,10,14.7201,8787.49
714,0,0,10,14.7164,8763.65
726,0,0,10,14.7162,8761.79
529,0,0,10,14.7022,8662.18
605,0,0,10,14.6868,8564.93
603,0,0,10,14.681,8533.95
220,1,0,0,13.0702,511.167,0.072,314.042,0.12,1
2130,1,0,0,13.0524,417.757
215,1,0,0,13.0469,383.417
205,1,0,0,13.0189,223.068
196,1,0,0,13.005,137.521
195,1,0,0,13.0019,117.624
64,1,0,0,12.98,0
455,1,0,1,13.236,1375.28,0.0423333,184.645,0.11,2
454,1,0,1,13.2327,1357.9
457,1,0,1,13.2262,1303.83
456,1,0,1,13.2212,1274.8
458,1,0,1,13.212,1213.88
459,1,0,1,13.2054,1168.53
450,1,0,1,13.1902,1084.61
229,1,0,1,13.1791,1024.74
222,1,0,1,13.1509,874.132
220,1,0,1,13.1422,825.209
710,1,0,2,13.3434,1959.13,0.0466667,203.546,0.45,3
1543,1,0,2,13.3201,1830.91
459,1,0,2,13.3099,1767.72
458,1,0,2,13.3032,1722.32
456,1,0,2,13.2946,1661.92
457,1,0,2,13.2886,1628.87
454,1,0,2,13.281,1574.89
455,1,0,2,13.2783,1559.93
1108,1,0,3,13.6334,3474.52,0.0723333,315.496,0.16,4
1109,1,0,3,13.6284,3449.09
1113,1,0,3,13.6228,3419.86
1847,1,0,3,13.6111,3359.89
1086,1,0,3,13.6075,3339.71
1087,1,0,3,13.594,3271.15
1090,1,0,3,13.5854,3226.39
1076,1,0,3,13.5674,3133.06
1074,1,0,3,13.5634,3112.4
1077,1,0,3,13.5499,3045.43
1080,1,0,3,13.535,2972.08
1079,1,0,3,13.5279,2935.6
1061,1,0,3,13.5236,2914.31
1063,1,0,3,13.5204,2897.47
1062,1,0,3,13.5194,2890.43
2159,1,0,3,13.5192,2889.45
1045,1,0,3,13.5185,2886.3
1012,1,0,3,13.5113,2845.31
2028,1,0,3,13.5032,2799.85
989,1,0,3,13.4998,2784.11
990,1,0,3,13.4898,2733.85
991,1,0,3,13.4872,2721.5
706,1,0,3,13.4802,2682.03
704,1,0,3,13.4775,2669.26
2179,1,0,3,13.4773,2668.4
662,1,0,3,13.4711,2638.75
602,1,0,3,13.4599,2570.61
599,1,0,3,13.4554,2545.91
605,1,0,3,13.4502,2517.79
529,1,0,3,13.4337,2418.9
726,1,0,3,13.4175,2317.36
714,1,0,3,13.4173,2315.48
1543,1,0,3,13.4115,2283.04
710,1,0,3,13.39,2162.68
1304,1,0,4,13.8344,4468.49,0.0735,320.585,0.21,5
952,1,0,4,13.8104,4337.17
953,1,0,4,13.7981,4276.12
2023,1,0,4,13.7973,4272.02
2108,1,0,4,13.7831,4196.36
1794,1,0,4,13.7768,4164.01
2106,1,0,4,13.7629,4090.26
2039,1,0,4,13.7443,3992.74
1106,1,0,4,13.7341,3938.34
2035,1,0,4,13.7221,3873.75
1108,1,0,4,13.7058,3790.02
1302,1,0,5,13.955,5028.07,0.035,152.659,0.22,6
1303,1,0,5,13.9346,4924.38
1305,1,0,5,13.9194,4848.36
1304,1,0,5,13.9079,4789.08
895,1,0,6,14.1389,5958.5,0.081,353.298,0.02,7
896,1,0,6,14.1352,5940.26
892,1,0,6,14.1315,5921.51
906,1,0,6,14.1189,5852.65
1555,1,0,6,14.0907,5698.05
2157,1,0,6,14.0797,5644.3
2019,1,0,6,14.0529,5518.04
929,1,0,6,14.0525,5516.06
938,1,0,6,14.0405,5450.21
950,1,0,6,14.027,5379.65
951,1,0,6,14.02,5343.93
949,1,0,6,14.009,5287.45
1302,1,0,6,13.99,5180.73
978,1,0,7,14.3859,7151.16,0.0373333,162.837,0.05,8
1010,1,0,7,14.3711,7074.39
1011,1,0,7,14.3568,7001.75
1009,1,0,7,14.3512,6972.32
1038,1,0,7,14.3431,6931.72
1039,1,0,7,14.3425,6929.05
1037,1,0,7,14.3326,6880.49
1034,1,0,7,14.3244,6836.65
2032,1,0,7,14.3089,6759.05
1050,1,0,7,14.2826,6625.27
1049,1,0,7,14.2825,6625.18
1025,1,0,7,14.2752,6587.48
1029,1,0,7,14.2622,6521.69
1027,1,0,7,14.2493,6458.32
898,1,0,7,14.2389,6405.83
895,1,0,7,14.2199,6311.8
636,1,0,8,14.5029,7704.42,0.0391667,170.833,0.15,9
631,1,0,8,14.4962,7671.63
630,1,0,8,14.4905,7643.11
637,1,0,8,14.4799,7591.03
1996,1,0,8,14.4674,7527.74
1997,1,0,8,14.4636,7507.84
2027,1,0,8,14.4363,7377.62
2026,1,0,8,14.4305,7349.14
978,1,0,8,14.4232,7314
603,1,0,9,14.6264,8310.98,0.0658333,287.145,0.35,10
604,1,0,9,14.6216,8285.57
596,1,0,9,14.6214,8284.6
580,1,0,9,14.6072,8208.39
583,1,0,9,14.6009,8178.58
587,1,0,9,14.5987,8164.15
578,1,0,9,14.5957,8147.34
575,1,0,9,14.5901,8116.23
571,1,0,9,14.5872,8100.11
570,1,0,9,14.5824,8076.83
1994,1,0,9,14.5697,8012.48
562,1,0,9,14.5563,7947.42
639,1,0,9,14.5528,7929.98
638,1,0,9,14.5461,7895.95
636,1,0,9,14.5421,7875.25
64,1,0,10,14.8542,9622.94,0,0,0
195,1,0,10,14.8326,9506.69
196,1,0,10,14.8299,9487.11
205,1,0,10,14.8156,9401.03
215,1,0,10,14.7912,9246.05
225,1,0,10,14.7663,9042.22
715,1,0,10,14.7314,8851.67
714,1,0,10,14.7276,8827.83
726,1,0,10,14.7274,8825.97
529,1,0,10,14.7134,8726.36
605,1,0,10,14.698,8629.11
603,1,0,10,14.6922,8598.13
220,2,0,0,12.8502,511.167,0.0923333,402.73,0.08,1
2130,2,0,0,12.8324,417.757
215,2,0,0,12.8269,383.417
205,2,0,0,12.7989,223.068
196,2,0,0,12.785,137.521
195,2,0,0,12.7819,117.624
64,2,0,0,12.76,0
710,2,0,1,13.007,1250.5,0.0466667,203.546,0.45,2
223,2,0,1,12.9904,1161.15
224,2,0,1,12.9685,1054.49
222,2,0,1,12.9526,968.676
220,2,0,1,12.9426,913.897
455,2,0,2,13.1144,1842.97,0.0423333,184.645,0.11,3
454,2,0,2,13.1111,1825.59
457,2,0,2,13.1046,1771.53
456,2,0,2,13.0996,1742.49
458,2,0,2,13.0904,1681.58
459,2,0,2,13.0838,1636.23
1543,2,0,2,13.0752,1574.42
710,2,0,2,13.0537,1454.05
1108,2,0,3,13.4203,3489.72,0.0723333,315.496,0.16,4
1109,2,0,3,13.4162,3468.33
1113,2,0,3,13.4098,3436.08
1847,2,0,3,13.3981,3375.45
1086,2,0,3,13.3944,3355.26
1087,2,0,3,13.381,3286.71
1090,2,0,3,13.3724,3241.94
1076,2,0,3,13.3543,3148.62
1074,2,0,3,13.3503,3127.95
1077,2,0,3,13.3368,3060.98
1080,2,0,3,13.3219,2987.63
1079,2,0,3,13.3148,2951.15
1061,2,0,3,13.3105,2929.87
1063,2,0,3,13.3073,2913.03
1062,2,0,3,13.3063,2905.99
2159,2,0,3,13.3061,2905
1045,2,0,3,13.3054,2901.85
1012,2,0,3,13.2982,2860.87
2028,2,0,3,13.2901,2815.4
989,2,0,3,13.2867,2799.67
990,2,0,3,13.2767,2749.41
991,2,0,3,13.2741,2737.05
706,2,0,3,13.2671,2697.59
704,2,0,3,13.2644,2684.82
2179,2,0,3,13.2642,2683.96
662,2,0,3,13.258,2654.31
602,2,0,3,13.2468,2586.17
599,2,0,3,13.2423,2561.47
605,2,0,3,13.2371,2533.35
529,2,0,3,13.2206,2434.45
726,2,0,3,13.2044,2332.92
714,2,0,3,13.2042,2331.04
1543,2,0,3,13.1985,2298.6
459,2,0,3,13.1883,2235.42
458,2,0,3,13.1816,2190.01
456,2,0,3,13.173,2129.61
457,2,0,3,13.167,2096.56
454,2,0,3,13.1594,2042.58
455,2,0,3,13.1567,2027.62
1304,2,0,4,13.6212,4483.69,0.0735,320.585,0.21,5
952,2,0,4,13.5972,4352.37
953,2,0,4,13.5849,4291.32
2023,2,0,4,13.5841,4287.22
2108,2,0,4,13.5699,4211.55
1794,2,0,4,13.5636,4179.21
2106,2,0,4,13.5497,4105.45
2039,2,0,4,13.5312,4007.94
1106,2,0,4,13.5209,3953.53
2035,2,0,4,13.5089,3888.95
1108,2,0,4,13.4926,3805.21
1302,2,0,5,13.7418,5043.27,0.035,152.659,0.22,6
1303,2,0,5,13.7215,4939.58
1305,2,0,5,13.7062,4863.56
1304,2,0,5,13.6947,4804.28
895,2,0,6,13.9258,5973.7,0.0823333,359.113,0.02,7
896,2,0,6,13.9221,5955.46
892,2,0,6,13.9183,5936.71
906,2,0,6,13.9057,5867.85
1555,2,0,6,13.8775,5713.25
2157,2,0,6,13.8666,5659.5
2019,2,0,6,13.8397,5533.24
929,2,0,6,13.8393,5531.26
938,2,0,6,13.8273,5465.41
950,2,0,6,13.8138,5394.84
951,2,0,6,13.8068,5359.13
949,2,0,6,13.7959,5302.65
1302,2,0,6,13.7768,5195.93
978,2,0,7,14.1741,7172.17,0.0373333,162.837,0.05,8
1010,2,0,7,14.1592,7095.41
1011,2,0,7,14.145,7022.77
1009,2,0,7,14.1394,6993.33
1038,2,0,7,14.1312,6952.74
1039,2,0,7,14.1306,6950.06
1037,2,0,7,14.1208,6901.5
1034,2,0,7,14.1126,6857.66
2032,2,0,7,14.0971,6780.07
1050,2,0,7,14.0707,6646.28
1049,2,0,7,14.0707,6646.19
1025,2,0,7,14.0633,6608.49
1029,2,0,7,14.0503,6542.71
1027,2,0,7,14.0375,6479.33
898,2,0,7,14.0271,6426.85
895,2,0,7,14.0081,6332.81
636,2,0,8,14.2911,7725.43,0.0391667,170.833,0.15,9
631,2,0,8,14.2844,7692.64
630,2,0,8,14.2786,7664.12
637,2,0,8,14.268,7612.04
1996,2,0,8,14.2556,7548.76
1997,2,0,8,14.2517,7528.85
2027,2,0,8,14.2245,7398.64
2026,2,0,8,14.2187,7370.15
978,2,0,8,14.2114,7335.01
603,2,0,9,14.4145,8331.99,0.0658333,287.145,0.35,10
604,2,0,9,14.4097,8306.58
596,2,0,9,14.4096,8305.61
580,2,0,9,14.3953,8229.41
583,2,0,9,14.3891,8199.59
587,2,0,9,14.3869,8185.16
578,2,0,9,14.3838,8168.35
575,2,0,9,14.3783,8137.24
571,2,0,9,14.3754,8121.12
570,2,0,9,14.3706,8097.85
1994,2,0,9,14.3578,8033.49
562,2,0,9,14.3444,7968.44
639,2,0,9,14.341,7950.99
638,2,0,9,14.3343,7916.96
636,2,0,9,14.3303,7896.26
64,2,0,10,14.6423,9643.96,0,0,0
195,2,0,10,14.6207,9527.7
196,2,0,10,14.618,9508.12
205,2,0,10,14.6038,9422.04
215,2,0,10,14.5793,9267.06
225,2,0,10,14.5545,9063.23
715,2,0,10,14.5195,8872.69
714,2,0,10,14.5158,8848.84
726,2,0,10,14.5156,8846.99
529,2,0,10,14.5015,8747.38
605,2,0,10,14.4862,8650.12
603,2,0,10,14.4804,8619.14
220,3,0,0,12.9602,511.167,0.0923333,402.73,0.08,1
2130,3,0,0,12.9424,417.757
215,3,0,0,12.9369,383.417
205,3,0,0,12.9089,223.068
196,3,0,0,12.895,137.521
195,3,0,0,12.8919,117.624
64,3,0,0,12.87,0
455,3,0,1,13.1463,1463.97,0.0423333,184.645,0.11,2
454,3,0,1,13.1431,1446.59
457,3,0,1,13.1365,1392.52
456,3,0,1,13.1316,1363.49
458,3,0,1,13.1223,1302.57
459,3,0,1,13.1157,1257.22
450,3,0,1,13.1005,1173.3
229,3,0,1,13.0894,1113.43
222,3,0,1,13.0612,962.82
220,3,0,1,13.0526,913.897
1108,3,0,2,13.4522,3110.71,0.0723333,315.496,0.16,3
1109,3,0,2,13.4482,3089.33
1113,3,0,2,13.4418,3057.08
1847,3,0,2,13.43,2996.45
1086,3,0,2,13.4263,2976.26
1087,3,0,2,13.4129,2907.7
1090,3,0,2,13.4043,2862.94
1076,3,0,2,13.3862,2769.61
1074,3,0,2,13.3822,2748.95
1077,3,0,2,13.3688,2681.98
1080,3,0,2,13.3539,2608.63
1079,3,0,2,13.3467,2572.15
1061,3,0,2,13.3425,2550.86
1063,3,0,2,13.3393,2534.02
1062,3,0,2,13.3383,2526.98
2159,3,0,2,13.338,2526
1045,3,0,2,13.3374,2522.85
1012,3,0,2,13.3301,2481.86
2028,3,0,2,13.3221,2436.4
989,3,0,2,13.3187,2420.66
990,3,0,2,13.3086,2370.4
991,3,0,2,13.306,2358.05
706,3,0,2,13.299,2318.58
704,3,0,2,13.2964,2305.81
2179,3,0,2,13.2962,2304.95
662,3,0,2,13.29,2275.3
602,3,0,2,13.2787,2207.17
599,3,0,2,13.2742,2182.47
605,3,0,2,13.2691,2154.34
529,3,0,2,13.2525,2055.45
726,3,0,2,13.2364,1953.91
714,3,0,2,13.2362,1952.03
1543,3,0,2,13.2304,1919.6
459,3,0,2,13.2203,1856.41
458,3,0,2,13.2136,1811.01
456,3,0,2,13.205,1750.6
457,3,0,2,13.1989,1717.56
454,3,0,2,13.1913,1663.57
455,3,0,2,13.1886,1648.61
1304,3,0,3,13.6531,4104.69,0.0735,320.585,0.21,4
952,3,0,3,13.6291,3973.36
953,3,0,3,13.6169,3912.31
2023,3,0,3,13.6161,3908.21
2108,3,0,3,13.6018,3832.55
1794,3,0,3,13.5956,3800.2
2106,3,0,3,13.5817,3726.45
2039,3,0,3,13.5631,3628.93
1106,3,0,3,13.5529,3574.53
2035,3,0,3,13.5409,3509.94
1108,3,0,3,13.5246,3426.21
1302,3,0,4,13.7738,4664.26,0.035,152.659,0.22,5
1303,3,0,4,13.7534,4560.57
1305,3,0,4,13.7382,4484.55
1304,3,0,4,13.7266,4425.27
895,3,0,5,13.9577,5594.69,0.0823333,359.113,0.02,6
896,3,0,5,13.954,5576.45
892,3,0,5,13.9503,5557.7
906,3,0,5,13.9377,5488.84
1555,3,0,5,13.9094,5334.24
2157,3,0,5,13.8985,5280.49
2019,3,0,5,13.8717,5154.23
929,3,0,5,13.8712,5152.25
938,3,0,5,13.8593,5086.4
950,3,0,5,13.8458,5015.84
951,3,0,5,13.8388,4980.12
949,3,0,5,13.8278,4923.64
1302,3,0,5,13.8088,4816.92
978,3,0,6,14.206,6793.17,0.0373333,162.837,0.05,7
1010,3,0,6,14.1912,6716.4
1011,3,0,6,14.177,6643.76
1009,3,0,6,14.1713,6614.33
1038,3,0,6,14.1632,6573.73
1039,3,0,6,14.1626,6571.06
1037,3,0,6,14.1527,6522.49
1034,3,0,6,14.1445,6478.66
2032,3,0,6,14.129,6401.06
1050,3,0,6,14.1027,6267.28
1049,3,0,6,14.1027,6267.19
1025,3,0,6,14.0953,6229.49
1029,3,0,6,14.0823,6163.7
1027,3,0,6,14.0694,6100.32
898,3,0,6,14.059,6047.84
895,3,0,6,14.04,5953.81
636,3,0,7,14.3231,7346.43,0.0391667,170.833,0.15,8
631,3,0,7,14.3164,7313.63
630,3,0,7,14.3106,7285.12
637,3,0,7,14.3,7233.04
1996,3,0,7,14.2876,7169.75
1997,3,0,7,14.2837,7149.85
2027,3,0,7,14.2564,7019.63
2026,3,0,7,14.2506,6991.15
978,3,0,7,14.2433,6956
603,3,0,8,14.4465,7952.99,0.0658333,287.145,0.35,9
604,3,0,8,14.4417,7927.58
596,3,0,8,14.4416,7926.61
580,3,0,8,14.4273,7850.4
583,3,0,8,14.4211,7820.59
587,3,0,8,14.4188,7806.16
578,3,0,8,14.4158,7789.34
575,3,0,8,14.4102,7758.24
571,3,0,8,14.4073,7742.11
570,3,0,8,14.4025,7718.84
1994,3,0,8,14.3898,7654.49
562,3,0,8,14.3764,7589.43
639,3,0,8,14.3729,7571.99
638,3,0,8,14.3662,7537.96
636,3,0,8,14.3622,7517.26
710,3,0,9,14.5761,8653.53,0.0876667,382.376,0.44,10
1543,3,0,9,14.5562,8538.16
715,3,0,9,14.5515,8493.68
714,3,0,9,14.5477,8469.84
726,3,0,9,14.5475,8467.98
529,3,0,9,14.5335,8368.37
605,3,0,9,14.5181,8271.11
603,3,0,9,14.5123,8240.13
64,3,0,10,14.7725,9734.74,0,0,0
195,3,0,10,14.7509,9618.49
196,3,0,10,14.7482,9598.91
205,3,0,10,14.7339,9512.83
215,3,0,10,14.7095,9357.85
225,3,0,10,14.6846,9154.01
1680,3,0,10,14.6818,9135.17
710,3,0,10,14.6638,9035.9
603,4,0,0,12.3599,1036.37,0.0631667,275.514,0.35,1
604,4,0,0,12.3559,1014.51
596,4,0,0,12.3558,1013.54
595,4,0,0,12.3497,980.797
605,4,0,0,12.3486,972.784
529,4,0,0,12.3313,872.775
726,4,0,0,12.3166,772.69
714,4,0,0,12.3164,770.827
715,4,0,0,12.3128,747.175
225,4,0,0,12.2949,586.655
215,4,0,0,12.2669,383.417
205,4,0,0,12.2389,223.068
196,4,0,0,12.225,137.521
195,4,0,0,12.2219,117.624
64,4,0,0,12.2,0
978,4,0,1,12.5347,1890,0.107833,470.336,0.07,2
1010,4,0,1,12.5191,1809.85
1016,4,0,1,12.4966,1707.34
1548,4,0,1,12.4896,1671.31
1012,4,0,1,12.4854,1648.89
1014,4,0,1,12.485,1646.68
989,4,0,1,12.4745,1590.82
990,4,0,1,12.4644,1540.56
704,4,0,1,12.4531,1482.82
2179,4,0,1,12.4529,1481.96
662,4,0,1,12.4467,1452.31
602,4,0,1,12.4358,1384.62
604,4,0,1,12.4333,1367.94
596,4,0,1,12.4332,1366.97
595,4,0,1,12.4272,1334.23
603,4,0,1,12.423,1311.88
1108,4,0,2,12.7823,3062.26,0.0588333,256.613,0.13,3
1109,4,0,2,12.7782,3040.72
1848,4,0,2,12.758,2946.21
1069,4,0,2,12.7503,2904.46
1784,4,0,2,12.7341,2818.91
1053,4,0,2,12.7306,2801.06
2033,4,0,2,12.7111,2709.47
1054,4,0,2,12.7035,2668.56
1037,4,0,2,12.6987,2642.84
1039,4,0,2,12.6912,2604.23
1041,4,0,2,12.6817,2556.4
2030,4,0,2,12.6755,2525.47
1011,4,0,2,12.6753,2524.62
1547,4,0,2,12.661,2454.5
1546,4,0,2,12.656,2428.81
975,4,0,2,12.6528,2411.66
981,4,0,2,12.6487,2390.87
980,4,0,2,12.6462,2378.83
978,4,0,2,12.6426,2360.34
1304,4,0,3,12.974,4013.52,0.0815,355.478,0.17,4
2163,4,0,3,12.953,3903.78
2051,4,0,3,12.9194,3725.69
2050,4,0,3,12.9082,3666.68
2106,4,0,3,12.9013,3631.94
2039,4,0,3,12.8836,3537.97
1106,4,0,3,12.8737,3485.03
2035,4,0,3,12.8611,3418.2
1108,4,0,3,12.8411,3318.87
1302,4,0,4,13.1026,4607.99,0.035,152.659,0.22,5
1303,4,0,4,13.0823,4504.3
1305,4,0,4,13.0671,4428.28
1304,4,0,4,13.0555,4368.99
895,4,0,5,13.2866,5538.42,0.0823333,359.113,0.02,6
896,4,0,5,13.2829,5520.18
892,4,0,5,13.2792,5501.43
906,4,0,5,13.2665,5432.57
1555,4,0,5,13.2383,5277.97
2157,4,0,5,13.2274,5224.22
2019,4,0,5,13.2005,5097.96
929,4,0,5,13.2001,5095.97
938,4,0,5,13.1881,5030.12
950,4,0,5,13.1747,4959.56
951,4,0,5,13.1677,4923.85
949,4,0,5,13.1567,4867.37
1302,4,0,5,13.1376,4760.65
636,4,0,6,13.5105,6709.58,0.0665,290.053,0.15,7
633,4,0,6,13.5048,6680.05
563,4,0,6,13.4995,6655.05
564,4,0,6,13.4937,6624.21
557,4,0,6,13.4878,6591.12
561,4,0,6,13.4811,6544.59
628,4,0,6,13.4768,6519.22
609,4,0,6,13.4646,6443.42
423,4,0,6,13.4587,6387.1
419,4,0,6,13.4534,6352.25
420,4,0,6,13.4483,6317.31
421,4,0,6,13.4443,6290.53
417,4,0,6,13.4398,6266.05
1989,4,0,6,13.4232,6179.63
2011,4,0,6,13.4054,6086.44
891,4,0,6,13.3855,5980.55
892,4,0,6,13.375,5928.91
896,4,0,6,13.3724,5914.85
895,4,0,6,13.3689,5897.53
455,4,0,7,13.7396,7868.74,0.0423333,184.645,0.11,8
453,4,0,7,13.7309,7803.28
452,4,0,7,13.7187,7715.96
1678,4,0,7,13.703,7631.57
474,4,0,7,13.683,7532.06
2140,4,0,7,13.6748,7494.22
475,4,0,7,13.6681,7462.95
499,4,0,7,13.6603,7423.36
500,4,0,7,13.6557,7399.96
518,4,0,7,13.6502,7371.77
1754,4,0,7,13.637,7309.91
540,4,0,7,13.6284,7266.01
541,4,0,7,13.6177,7210.86
572,4,0,7,13.609,7165.11
1994,4,0,7,13.5993,7114.83
562,4,0,7,13.5897,7065.78
639,4,0,7,13.5863,7048.34
638,4,0,7,13.581,7020.55
636,4,0,7,13.577,6999.63
710,4,0,8,13.847,8452.59,0.0466667,203.546,0.45,9
1543,4,0,8,13.8237,8324.37
459,4,0,8,13.8136,8261.18
458,4,0,8,13.8069,8215.78
456,4,0,8,13.7983,8155.37
457,4,0,8,13.7922,8122.33
454,4,0,8,13.7846,8068.35
455,4,0,8,13.7819,8053.38
220,4,0,9,13.957,8990.13,0.072,314.042,0.12,10
222,4,0,9,13.949,8942.4
224,4,0,9,13.9328,8855.4
223,4,0,9,13.9167,8772.72
710,4,0,9,13.8937,8656.13
64,4,0,10,14.1126,9802.85,0,0,0
195,4,0,10,14.0911,9686.59
196,4,0,10,14.0883,9667.01
205,4,0,10,14.0741,9580.93
215,4,0,10,14.0496,9425.96
2130,4,0,10,14.0456,9392.3
220,4,0,10,14.029,9304.17
220,5,0,0,12.8002,511.167,0.0923333,402.73,0.08,1
2130,5,0,0,12.7824,417.757
215,5,0,0,12.7769,383.417
205,5,0,0,12.7489,223.068
196,5,0,0,12.735,137.521
195,5,0,0,12.7319,117.624
64,5,0,0,12.71,0
710,5,0,1,12.957,1250.5,0.0983333,428.9,0.42,2
223,5,0,1,12.9404,1161.15
224,5,0,1,12.9185,1054.49
222,5,0,1,12.9026,968.676
220,5,0,1,12.8926,913.897
455,5,0,2,13.116,2068.33,0.0423333,184.645,0.11,3
454,5,0,2,13.1128,2050.95
457,5,0,2,13.1062,1996.88
456,5,0,2,13.1013,1967.85
458,5,0,2,13.0921,1906.93
459,5,0,2,13.0854,1861.58
1543,5,0,2,13.0769,1799.77
710,5,0,2,13.0554,1679.4
1108,5,0,3,13.422,3715.07,0.0723333,315.496,0.16,4
1109,5,0,3,13.4179,3693.69
1113,5,0,3,13.4115,3661.44
1847,5,0,3,13.3997,3600.81
1086,5,0,3,13.3961,3580.62
1087,5,0,3,13.3826,3512.06
1090,5,0,3,13.374,3467.3
1076,5,0,3,13.356,3373.97
1074,5,0,3,13.3519,3353.31
1077,5,0,3,13.3385,3286.34
1080,5,0,3,13.3236,3212.99
1079,5,0,3,13.3165,3176.51
1061,5,0,3,13.3122,3155.22
1063,5,0,3,13.309,3138.38
1062,5,0,3,13.308,3131.34
2159,5,0,3,13.3078,3130.36
1045,5,0,3,13.3071,3127.21
1012,5,0,3,13.2999,3086.22
2028,5,0,3,13.2918,3040.76
989,5,0,3,13.2884,3025.02
990,5,0,3,13.2783,2974.76
991,5,0,3,13.2757,2962.41
706,5,0,3,13.2687,2922.94
704,5,0,3,13.2661,2910.17
2179,5,0,3,13.2659,2909.31
662,5,0,3,13.2597,2879.66
602,5,0,3,13.2485,2811.52
599,5,0,3,13.244,2786.83
605,5,0,3,13.2388,2758.7
529,5,0,3,13.2222,2659.81
726,5,0,3,13.2061,2558.27
714,5,0,3,13.2059,2556.39
1543,5,0,3,13.2001,2523.95
459,5,0,3,13.19,2460.77
458,5,0,3,13.1833,2415.36
456,5,0,3,13.1747,2354.96
457,5,0,3,13.1687,2321.91
454,5,0,3,13.161,2267.93
455,5,0,3,13.1584,2252.97
1304,5,0,4,13.6229,4709.04,0.0735,320.585,0.21,5
952,5,0,4,13.5989,4577.72
953,5,0,4,13.5866,4516.67
2023,5,0,4,13.5858,4512.57
2108,5,0,4,13.5716,4436.91
1794,5,0,4,13.5653,4404.56
2106,5,0,4,13.5514,4330.81
2039,5,0,4,13.5328,4233.29
1106,5,0,4,13.5226,4178.89
2035,5,0,4,13.5106,4114.3
1108,5,0,4,13.4943,4030.57
1302,5,0,5,13.7435,5268.62,0.035,152.659,0.22,6
1303,5,0,5,13.7231,5164.93
1305,5,0,5,13.7079,5088.91
1304,5,0,5,13.6964,5029.63
895,5,0,6,13.9274,6199.05,0.0823333,359.113,0.02,7
896,5,0,6,13.9237,6180.81
892,5,0,6,13.92,6162.06
906,5,0,6,13.9074,6093.2
1555,5,0,6,13.8792,5938.6
2157,5,0,6,13.8682,5884.85
2019,5,0,6,13.8414,5758.59
929,5,0,6,13.841,5756.61
938,5,0,6,13.829,5690.76
950,5,0,6,13.8155,5620.2
951,5,0,6,13.8085,5584.48
949,5,0,6,13.7975,5528
1302,5,0,6,13.7785,5421.28
978,5,0,7,14.1757,7397.53,0.0373333,162.837,0.05,8
1010,5,0,7,14.1609,7320.76
1011,5,0,7,14.1467,7248.12
1009,5,0,7,14.1411,7218.69
1038,5,0,7,14.1329,7178.09
1039,5,0,7,14.1323,7175.42
1037,5,0,7,14.1225,7126.85
1034,5,0,7,14.1142,7083.01
2032,5,0,7,14.0988,7005.42
1050,5,0,7,14.0724,6871.64
1049,5,0,7,14.0724,6871.55
1025,5,0,7,14.065,6833.85
1029,5,0,7,14.052,6768.06
1027,5,0,7,14.0391,6704.68
898,5,0,7,14.0287,6652.2
895,5,0,7,14.0098,6558.17
636,5,0,8,14.2928,7950.79,0.0391667,170.833,0.15,9
631,5,0,8,14.2861,7917.99
630,5,0,8,14.2803,7889.48
637,5,0,8,14.2697,7837.4
1996,5,0,8,14.2573,7774.11
1997,5,0,8,14.2534,7754.21
2027,5,0,8,14.2262,7623.99
2026,5,0,8,14.2204,7595.51
978,5,0,8,14.2131,7560.36
603,5,0,9,14.4162,8557.35,0.0658333,287.145,0.35,10
604,5,0,9,14.4114,8531.94
596,5,0,9,14.4113,8530.97
580,5,0,9,14.397,8454.76
583,5,0,9,14.3908,8424.95
587,5,0,9,14.3886,8410.52
578,5,0,9,14.3855,8393.7
575,5,0,9,14.38,8362.6
571,5,0,9,14.3771,8346.47
570,5,0,9,14.3722,8323.2
1994,5,0,9,14.3595,8258.84
562,5,0,9,14.3461,8193.79
639,5,0,9,14.3426,8176.35
638,5,0,9,14.3359,8142.32
636,5,0,9,14.3319,8121.62
64,5,0,10,14.644,9869.31,0,0,0
195,5,0,10,14.6224,9753.06
196,5,0,10,14.6197,9733.48
205,5,0,10,14.6054,9647.4
215,5,0,10,14.581,9492.42
225,5,0,10,14.5561,9288.58
715,5,0,10,14.5212,9098.04
714,5,0,10,14.5174,9074.2
726,5,0,10,14.5173,9072.34
529,5,0,10,14.5032,8972.73
605,5,0,10,14.4878,8875.47
603,5,0,10,14.482,8844.49
220,6,0,0,12.2602,511.167,0.0923333,402.73,0.08,1
2130,6,0,0,12.2424,417.757
215,6,0,0,12.2369,383.417
205,6,0,0,12.2089,223.068
196,6,0,0,12.195,137.521
195,6,0,0,12.1919,117.624
64,6,0,0,12.17,0
603,6,0,1,12.4734,1615.67,0.0631667,275.514,0.35,2
604,6,0,1,12.4695,1593.8
596,6,0,1,12.4693,1592.83
595,6,0,1,12.4633,1560.09
605,6,0,1,12.4621,1552.08
529,6,0,1,12.4449,1452.07
726,6,0,1,12.4301,1351.99
714,6,0,1,12.4299,1350.12
1543,6,0,1,12.4257,1320.16
459,6,0,1,12.4156,1257.06
450,6,0,1,12.3993,1168.32
229,6,0,1,12.3873,1104.61
222,6,0,1,12.3626,968.676
220,6,0,1,12.3526,913.897
1108,6,0,2,12.725,2873.75,0.0588333,256.613,0.13,3
1109,6,0,2,12.7209,2852.21
1113,6,0,2,12.7137,2816.27
1847,6,0,2,12.7006,2750.43
1086,6,0,2,12.697,2730.19
1087,6,0,2,12.6832,2660.4
1090,6,0,2,12.674,2613.15
1076,6,0,2,12.651,2498.97
1074,6,0,2,12.647,2478.57
1077,6,0,2,12.6367,2424.52
1080,6,0,2,12.6234,2358.07
1079,6,0,2,12.6158,2319.39
1061,6,0,2,12.6115,2298.1
1063,6,0,2,12.6081,2280.29
1062,6,0,2,12.607,2273.22
2159,6,0,2,12.6068,2272.32
1045,6,0,2,12.6062,2269.17
1012,6,0,2,12.5989,2228.18
1014,6,0,2,12.5985,2225.98
989,6,0,2,12.588,2170.12
990,6,0,2,12.578,2119.86
704,6,0,2,12.5667,2062.12
2179,6,0,2,12.5665,2061.26
662,6,0,2,12.5603,2031.61
602,6,0,2,12.5493,1963.92
604,6,0,2,12.5469,1947.23
596,6,0,2,12.5468,1946.26
595,6,0,2,12.5407,1913.53
603,6,0,2,12.5366,1891.18
1304,6,0,3,12.9168,3825,0.0815,355.478,0.17,4
2163,6,0,3,12.8958,3715.26
2051,6,0,3,12.8622,3537.17
2050,6,0,3,12.851,3478.16
2106,6,0,3,12.8441,3443.43
2039,6,0,3,12.8263,3349.46
1106,6,0,3,12.8165,3296.52
2035,6,0,3,12.8039,3229.69
1108,6,0,3,12.7839,3130.36
1302,6,0,4,13.0442,4414.49,0.035,152.659,0.22,5
1303,6,0,4,13.0239,4310.95
1305,6,0,4,13.0104,4242.04
1304,6,0,4,12.9983,4180.48
895,6,0,5,13.2282,5344.92,0.0823333,359.113,0.02,6
896,6,0,5,13.2245,5326.68
892,6,0,5,13.2207,5307.93
906,6,0,5,13.2081,5239.07
1555,6,0,5,13.1799,5084.47
2157,6,0,5,13.169,5030.72
2019,6,0,5,13.1421,4904.46
929,6,0,5,13.1417,4902.47
938,6,0,5,13.1297,4836.62
950,6,0,5,13.1162,4766.06
951,6,0,5,13.1092,4730.35
949,6,0,5,13.0982,4673.87
1302,6,0,5,13.0792,4567.15
978,6,0,6,13.4828,6568.41,0.0648333,282.783,0.06,7
1010,6,0,6,13.4691,6496.29
1011,6,0,6,13.4543,6421.57
1009,6,0,6,13.448,6389.14
1038,6,0,6,13.44,6349.25
1039,6,0,6,13.4394,6346.57
1037,6,0,6,13.4265,6285.62
1034,6,0,6,13.4168,6235.41
2032,6,0,6,13.4013,6157.81
2031,6,0,6,13.401,6155.99
1031,6,0,6,13.3911,6108.59
1002,6,0,6,13.3769,6037.86
1024,6,0,6,13.3564,5933.74
1029,6,0,6,13.3512,5907.58
1027,6,0,6,13.3391,5847.48
898,6,0,6,13.329,5796.22
895,6,0,6,13.3105,5704.03
636,6,0,7,13.6249,7232.63,0.0665,290.053,0.15,8
633,6,0,7,13.6193,7203.09
639,6,0,7,13.6158,7184.95
1993,6,0,7,13.6042,7126.67
1995,6,0,7,13.5973,7092.3
1996,6,0,7,13.5912,7062.36
1997,6,0,7,13.5873,7042.46
2027,6,0,7,13.5624,6921.68
2026,6,0,7,13.5566,6893.2
978,6,0,7,13.5476,6851.2
455,6,0,8,13.854,8391.78,0.0423333,184.645,0.11,9
453,6,0,8,13.8454,8326.32
452,6,0,8,13.8332,8239
1678,6,0,8,13.8174,8154.62
474,6,0,8,13.7974,8055.1
2140,6,0,8,13.7893,8017.27
475,6,0,8,13.7826,7986
499,6,0,8,13.7748,7946.41
500,6,0,8,13.7702,7923
518,6,0,8,13.7646,7894.82
1754,6,0,8,13.7514,7832.96
540,6,0,8,13.7429,7789.06
541,6,0,8,13.7321,7733.91
572,6,0,8,13.7235,7688.15
1994,6,0,8,13.7137,7637.87
562,6,0,8,13.7042,7588.83
639,6,0,8,13.7007,7571.38
638,6,0,8,13.6955,7543.59
636,6,0,8,13.6914,7522.68
710,6,0,9,13.9614,8975.63,0.0466667,203.546,0.45,10
1543,6,0,9,13.9381,8847.41
459,6,0,9,13.928,8784.22
458,6,0,9,13.9213,8738.82
456,6,0,9,13.9127,8678.42
457,6,0,9,13.9067,8645.37
454,6,0,9,13.899,8591.39
455,6,0,9,13.8964,8576.43
64,6,0,10,14.1168,9878.01,0,0,0
195,6,0,10,14.0953,9761.76
196,6,0,10,14.0925,9742.18
205,6,0,10,14.0783,9656.1
215,6,0,10,14.0538,9501.12
225,6,0,10,14.029,9297.29
1680,6,0,10,14.0262,9278.45
710,6,0,10,14.0081,9179.18
710,7,0,0,11.913,739.387,0.0443333,193.369,0.36,1
223,7,0,0,11.8955,646.157
1680,7,0,0,11.886,581.03
225,7,0,0,11.8832,562.11
215,7,0,0,11.8575,358.782
205,7,0,0,11.8336,204.484
196,7,0,0,11.8205,119.897
195,7,0,0,11.8179,100.335
64,7,0,0,11.8,0
603,7,0,1,12.0262,1343.94,0.0631667,275.514,0.35,2
604,7,0,1,12.0219,1320.8
596,7,0,1,12.0218,1319.83
595,7,0,1,12.0163,1289.42
605,7,0,1,12.0152,1281.43
529,7,0,1,11.9979,1181.4
726,7,0,1,11.982,1080.21
714,7,0,1,11.9819,1078.32
1543,7,0,1,11.977,1047.8
710,7,0,1,11.9573,932.755
1108,7,0,2,12.2778,2602.02,0.0588333,256.613,0.13,3
1109,7,0,2,12.2737,2580.49
1113,7,0,2,12.2664,2544.55
1847,7,0,2,12.2534,2478.7
1086,7,0,2,12.2497,2458.47
1087,7,0,2,12.236,2388.68
1090,7,0,2,12.2268,2341.42
1076,7,0,2,12.2037,2227.24
1074,7,0,2,12.1998,2206.85
1077,7,0,2,12.1894,2152.79
1080,7,0,2,12.1762,2086.35
1079,7,0,2,12.1685,2047.66
1061,7,0,2,12.1643,2026.38
1063,7,0,2,12.1608,2008.57
1062,7,0,2,12.1598,2001.5
2159,7,0,2,12.1596,2000.59
1045,7,0,2,12.1589,1997.44
1012,7,0,2,12.1517,1956.46
1014,7,0,2,12.1513,1954.26
989,7,0,2,12.1408,1898.4
990,7,0,2,12.1307,1848.13
704,7,0,2,12.1194,1790.4
2179,7,0,2,12.1192,1789.53
662,7,0,2,12.113,1759.89
602,7,0,2,12.1021,1692.19
604,7,0,2,12.0996,1675.51
596,7,0,2,12.0995,1674.54
595,7,0,2,12.0935,1641.8
603,7,0,2,12.0893,1619.46
1304,7,0,3,12.4695,3553.28,0.0815,355.478,0.17,4
2163,7,0,3,12.4485,3443.54
2051,7,0,3,12.4149,3265.45
2050,7,0,3,12.4037,3206.44
2106,7,0,3,12.3968,3171.71
2039,7,0,3,12.3791,3077.74
1106,7,0,3,12.3692,3024.79
2035,7,0,3,12.3567,2957.97
1108,7,0,3,12.3366,2858.64
1302,7,0,4,12.597,4142.76,0.106833,465.975,0.24,5
1303,7,0,4,12.5766,4039.23
1305,7,0,4,12.5631,3970.31
1304,7,0,4,12.551,3908.76
895,7,0,5,12.8696,5457.47,0.0435,189.734,0.02,6
896,7,0,5,12.8659,5439.23
892,7,0,5,12.8624,5421.45
906,7,0,5,12.8441,5328.65
1555,7,0,5,12.8187,5185.9
2157,7,0,5,12.806,5125.26
2019,7,0,5,12.777,4990.09
929,7,0,5,12.7766,4988.1
938,7,0,5,12.7645,4921.97
950,7,0,5,12.7486,4840.95
951,7,0,5,12.7421,4807.69
949,7,0,5,12.7305,4748.41
1302,7,0,5,12.7038,4608.74
978,7,0,6,13.0811,6496.16,0.0648333,282.783,0.06,7
1010,7,0,6,13.0654,6416.01
1011,7,0,6,13.052,6346.6
1009,7,0,6,13.0468,6318.98
1041,7,0,6,13.0466,6318.29
1039,7,0,6,13.0389,6277.81
1037,7,0,6,13.0293,6230.33
1034,7,0,6,13.0206,6184.64
2032,7,0,6,13.0052,6107.05
1050,7,0,6,12.9739,5952.95
1049,7,0,6,12.9739,5952.86
1025,7,0,6,12.9651,5909.2
1029,7,0,6,12.9518,5842.37
1027,7,0,6,12.94,5783.41
898,7,0,6,12.9317,5739.88
895,7,0,6,12.9131,5647.21
636,7,0,7,13.2232,7160.37,0.0665,290.053,0.15,8
633,7,0,7,13.2175,7130.84
639,7,0,7,13.214,7112.7
1993,7,0,7,13.2025,7054.41
1995,7,0,7,13.1956,7020.05
1996,7,0,7,13.1895,6990.1
1997,7,0,7,13.1856,6970.2
2027,7,0,7,13.1607,6849.43
2026,7,0,7,13.1549,6820.94
978,7,0,7,13.1459,6778.94
455,7,0,8,13.4523,8319.53,0.0423333,184.645,0.11,9
453,7,0,8,13.4437,8254.07
452,7,0,8,13.4314,8166.75
1678,7,0,8,13.4157,8082.36
474,7,0,8,13.3957,7982.85
2140,7,0,8,13.3875,7945.01
475,7,0,8,13.3808,7913.74
499,7,0,8,13.3731,7874.15
500,7,0,8,13.3685,7850.75
518,7,0,8,13.3629,7822.56
1754,7,0,8,13.3497,7760.7
540,7,0,8,13.3412,7716.8
541,7,0,8,13.3304,7661.65
572,7,0,8,13.3217,7615.9
1994,7,0,8,13.312,7565.62
562,7,0,8,13.3025,7516.57
639,7,0,8,13.299,7499.13
638,7,0,8,13.2938,7471.34
636,7,0,8,13.2897,7450.42
220,7,0,9,13.5861,9042.6,0.072,314.042,0.12,10
222,7,0,9,13.5781,8994.87
229,7,0,9,13.5527,8856.22
450,7,0,9,13.5423,8799.33
459,7,0,9,13.5263,8711.97
458,7,0,9,13.5196,8666.56
456,7,0,9,13.511,8606.16
457,7,0,9,13.505,8573.11
454,7,0,9,13.4973,8519.13
455,7,0,9,13.4947,8504.17
64,7,0,10,13.7537,9893.44,0,0,0
195,7,0,10,13.7294,9765.78
196,7,0,10,13.7267,9746.18
205,7,0,10,13.7117,9659.06
215,7,0,10,13.6802,9484.75
2130,7,0,10,13.6761,9451.1
220,7,0,10,13.6581,9356.64
220,8,0,0,11.7872,472.978,0.0955,416.542,0.04,1
2130,8,0,0,11.7724,392.48
215,8,0,0,11.7675,358.782
205,8,0,0,11.7436,204.484
196,8,0,0,11.7305,119.897
195,8,0,0,11.7279,100.335
64,8,0,0,11.71,0
710,8,0,1,11.9404,1198.14,0.0443333,193.369,0.36,2
223,8,0,1,11.9229,1104.91
224,8,0,1,11.9088,1031.05
222,8,0,1,11.893,945.57
220,8,0,1,11.8827,889.52
603,8,0,2,12.0536,1802.69,0.0631667,275.514,0.35,3
604,8,0,2,12.0493,1779.55
596,8,0,2,12.0492,1778.58
595,8,0,2,12.0437,1748.17
605,8,0,2,12.0426,1740.18
529,8,0,2,12.0253,1640.15
726,8,0,2,12.0095,1538.96
714,8,0,2,12.0093,1537.07
1543,8,0,2,12.0044,1506.55
710,8,0,2,11.9847,1391.51
1108,8,0,3,12.3052,3060.77,0.0588333,256.613,0.13,4
1109,8,0,3,12.3011,3039.24
1113,8,0,3,12.2938,3003.3
1847,8,0,3,12.2808,2937.45
1086,8,0,3,12.2771,2917.22
1087,8,0,3,12.2634,2847.43
1090,8,0,3,12.2542,2800.18
1076,8,0,3,12.2311,2685.99
1074,8,0,3,12.2272,2665.6
1077,8,0,3,12.2168,2611.54
1080,8,0,3,12.2036,2545.1
1079,8,0,3,12.1959,2506.41
1061,8,0,3,12.1917,2485.13
1063,8,0,3,12.1882,2467.32
1062,8,0,3,12.1872,2460.25
2159,8,0,3,12.187,2459.35
1045,8,0,3,12.1863,2456.2
1012,8,0,3,12.1791,2415.21
1014,8,0,3,12.1787,2413.01
989,8,0,3,12.1682,2357.15
990,8,0,3,12.1581,2306.89
704,8,0,3,12.1468,2249.15
2179,8,0,3,12.1466,2248.28
662,8,0,3,12.1404,2218.64
602,8,0,3,12.1295,2150.94
604,8,0,3,12.127,2134.26
596,8,0,3,12.1269,2133.29
595,8,0,3,12.1209,2100.55
603,8,0,3,12.1167,2078.21
1304,8,0,4,12.4969,4012.03,0.0815,355.478,0.17,5
2163,8,0,4,12.4759,3902.29
2051,8,0,4,12.4423,3724.2
2050,8,0,4,12.4312,3665.19
2106,8,0,4,12.4242,3630.46
2039,8,0,4,12.4065,3536.49
1106,8,0,4,12.3966,3483.54
2035,8,0,4,12.3841,3416.72
1108,8,0,4,12.364,3317.39
1302,8,0,5,12.6244,4601.51,0.106833,465.975,0.24,6
1303,8,0,5,12.604,4497.98
1305,8,0,5,12.5905,4429.06
1304,8,0,5,12.5784,4367.51
895,8,0,6,12.897,5916.22,0.0435,189.734,0.02,7
896,8,0,6,12.8933,5897.98
892,8,0,6,12.8898,5880.2
906,8,0,6,12.8716,5787.4
1555,8,0,6,12.8461,5644.65
2157,8,0,6,12.8335,5584.01
2019,8,0,6,12.8044,5448.84
929,8,0,6,12.804,5446.85
938,8,0,6,12.7919,5380.72
950,8,0,6,12.776,5299.7
951,8,0,6,12.7695,5266.44
949,8,0,6,12.7579,5207.16
1302,8,0,6,12.7312,5067.49
978,8,0,7,13.1085,6954.91,0.0648333,282.783,0.06,8
1010,8,0,7,13.0928,6874.76
1011,8,0,7,13.0794,6805.35
1009,8,0,7,13.0742,6777.73
1041,8,0,7,13.0741,6777.04
1039,8,0,7,13.0663,6736.56
1037,8,0,7,13.0567,6689.08
1034,8,0,7,13.048,6643.39
2032,8,0,7,13.0326,6565.8
1050,8,0,7,13.0013,6411.7
1049,8,0,7,13.0013,6411.61
1025,8,0,7,12.9925,6367.95
1029,8,0,7,12.9792,6301.12
1027,8,0,7,12.9674,6242.16
898,8,0,7,12.9592,6198.63
895,8,0,7,12.9405,6105.96
636,8,0,8,13.2506,7619.12,0.0665,290.053,0.15,9
633,8,0,8,13.2449,7589.59
639,8,0,8,13.2415,7571.45
1993,8,0,8,13.2299,7513.16
1995,8,0,8,13.223,7478.8
1996,8,0,8,13.2169,7448.85
1997,8,0,8,13.213,7428.95
2027,8,0,8,13.1881,7308.18
2026,8,0,8,13.1823,7279.69
978,8,0,8,13.1733,7237.69
455,8,0,9,13.4797,8778.28,0.0423333,184.645,0.11,10
453,8,0,9,13.4711,8712.82
452,8,0,9,13.4588,8625.5
1678,8,0,9,13.4431,8541.11
474,8,0,9,13.4231,8441.6
2140,8,0,9,13.4149,8403.76
475,8,0,9,13.4082,8372.49
499,8,0,9,13.4005,8332.9
500,8,0,9,13.3959,8309.5
518,8,0,9,13.3903,8281.31
1754,8,0,9,13.3771,8219.45
540,8,0,9,13.3686,8175.55
541,8,0,9,13.3578,8120.4
572,8,0,9,13.3491,8074.65
1994,8,0,9,13.3394,8024.37
562,8,0,9,13.3299,7975.32
639,8,0,9,13.3264,7957.88
638,8,0,9,13.3212,7930.09
636,8,0,9,13.3171,7909.17
64,8,0,10,13.7005,9954.86,0,0,0
63,8,0,10,13.695,9924.51
199,8,0,10,13.6566,9728.31
202,8,0,10,13.6351,9612.27
208,8,0,10,13.6233,9540.49
170,8,0,10,13.5997,9416.25
176,8,0,10,13.5996,9415.93
183,8,0,10,13.5823,9319.66
192,8,0,10,13.5777,9288.55
458,8,0,10,13.547,9125.31
456,8,0,10,13.5384,9064.91
457,8,0,10,13.5324,9031.86
454,8,0,10,13.5247,8977.88
455,8,0,10,13.5221,8962.92
220,9,0,0,11.6272,472.978,0.0955,416.542,0.04,1
2130,9,0,0,11.6124,392.48
215,9,0,0,11.6075,358.782
205,9,0,0,11.5836,204.484
196,9,0,0,11.5705,119.897
195,9,0,0,11.5679,100.335
64,9,0,0,11.55,0
710,9,0,1,11.7804,1198.14,0.0443333,193.369,0.36,2
223,9,0,1,11.7629,1104.91
224,9,0,1,11.7488,1031.05
222,9,0,1,11.733,945.57
220,9,0,1,11.7227,889.52
455,9,0,2,11.8838,1774.06,0.0408333,178.103,0.03,3
454,9,0,2,11.881,1758.44
457,9,0,2,11.8743,1704.48
456,9,0,2,11.8691,1675.03
458,9,0,2,11.8596,1613.89
459,9,0,2,11.8537,1568.78
1543,9,0,2,11.8444,1506.55
710,9,0,2,11.8247,1391.51
603,9,0,3,12.015,2516.24,0.0631667,275.514,0.35,4
604,9,0,3,12.0108,2493.1
596,9,0,3,12.0106,2492.13
595,9,0,3,12.0052,2461.72
605,9,0,3,12.004,2453.73
529,9,0,3,11.9868,2353.71
726,9,0,3,11.9709,2252.51
714,9,0,3,11.9707,2250.62
1543,9,0,3,11.9659,2220.1
459,9,0,3,11.9556,2156.7
458,9,0,3,11.9491,2111.44
456,9,0,3,11.94,2050.65
457,9,0,3,11.9346,2020.43
454,9,0,3,11.927,1966.47
455,9,0,3,11.9246,1952.16
1108,9,0,4,12.2666,3774.32,0.0588333,256.613,0.13,5
1109,9,0,4,12.2626,3752.79
1113,9,0,4,12.2553,3716.85
1847,9,0,4,12.2423,3651
1086,9,0,4,12.2386,3630.77
1087,9,0,4,12.2249,3560.98
1090,9,0,4,12.2157,3513.73
1076,9,0,4,12.1926,3399.54
1074,9,0,4,12.1886,3379.15
1077,9,0,4,12.1783,3325.1
1080,9,0,4,12.165,3258.65
1079,9,0,4,12.1574,3219.96
1061,9,0,4,12.1531,3198.68
1063,9,0,4,12.1497,3180.87
1062,9,0,4,12.1486,3173.8
2159,9,0,4,12.1485,3172.9
1045,9,0,4,12.1478,3169.75
1012,9,0,4,12.1405,3128.76
1014,9,0,4,12.1401,3126.56
989,9,0,4,12.1296,3070.7
990,9,0,4,12.1196,3020.44
704,9,0,4,12.1083,2962.7
2179,9,0,4,12.1081,2961.83
662,9,0,4,12.1019,2932.19
602,9,0,4,12.0909,2864.49
604,9,0,4,12.0885,2847.81
596,9,0,4,12.0884,2846.84
595,9,0,4,12.0824,2814.1
603,9,0,4,12.0782,2791.76
1304,9,0,5,12.4584,4725.58,0.0815,355.478,0.17,6
2163,9,0,5,12.4374,4615.84
2051,9,0,5,12.4038,4437.75
2050,9,0,5,12.3926,4378.74
2106,9,0,5,12.3857,4344.01
2039,9,0,5,12.368,4250.04
1106,9,0,5,12.3581,4197.09
2035,9,0,5,12.3455,4130.27
1108,9,0,5,12.3255,4030.94
1302,9,0,6,12.5858,5315.06,0.106833,465.975,0.24,7
1303,9,0,6,12.5655,5211.53
1305,9,0,6,12.552,5142.62
1304,9,0,6,12.5399,5081.06
895,9,0,7,12.8585,6629.77,0.0435,189.734,0.02,8
896,9,0,7,12.8548,6611.53
892,9,0,7,12.8513,6593.75
906,9,0,7,12.833,6500.95
1555,9,0,7,12.8075,6358.2
2157,9,0,7,12.7949,6297.56
2019,9,0,7,12.7658,6162.39
929,9,0,7,12.7654,6160.4
938,9,0,7,12.7534,6094.27
950,9,0,7,12.7374,6013.25
951,9,0,7,12.731,5979.99
949,9,0,7,12.7193,5920.71
1302,9,0,7,12.6927,5781.04
978,9,0,8,13.0699,7668.46,0.0648333,282.783,0.06,9
1010,9,0,8,13.0543,7588.31
1011,9,0,8,13.0408,7518.91
1009,9,0,8,13.0357,7491.28
1041,9,0,8,13.0355,7490.59
1039,9,0,8,13.0277,7450.11
1037,9,0,8,13.0182,7402.63
1034,9,0,8,13.0095,7356.94
2032,9,0,8,12.994,7279.35
1050,9,0,8,12.9628,7125.25
1049,9,0,8,12.9628,7125.16
1025,9,0,8,12.9539,7081.5
1029,9,0,8,12.9407,7014.67
1027,9,0,8,12.9289,6955.71
898,9,0,8,12.9206,6912.18
895,9,0,8,12.902,6819.51
636,9,0,9,13.2121,8332.67,0.0665,290.053,0.15,10
633,9,0,9,13.2064,8303.14
639,9,0,9,13.2029,8285
1993,9,0,9,13.1913,8226.71
1995,9,0,9,13.1845,8192.35
1996,9,0,9,13.1784,8162.4
1997,9,0,9,13.1745,8142.5
2027,9,0,9,13.1496,8021.73
2026,9,0,9,13.1438,7993.25
978,9,0,9,13.1348,7951.24
64,9,0,10,13.526,10076.7,0,0,0
195,9,0,10,13.5017,9949.05
196,9,0,10,13.499,9929.46
205,9,0,10,13.484,9842.34
215,9,0,10,13.4525,9668.03
225,9,0,10,13.4265,9464.79
715,9,0,10,13.3985,9299.91
714,9,0,10,13.3947,9276
726,9,0,10,13.3945,9274.15
529,9,0,10,13.3806,9174.62
605,9,0,10,13.366,9078.13
603,9,0,10,13.3574,9035.49
604,9,0,10,13.3524,9009.09
596,9,0,10,13.3522,9008.12
580,9,0,10,13.3407,8943.8
583,9,0,10,13.3345,8913.98
587,9,0,10,13.3323,8899.6
578,9,0,10,13.3294,8883.5
575,9,0,10,13.3236,8851.06
571,9,0,10,13.321,8835.95
570,9,0,10,13.3171,8816.9
1994,9,0,10,13.3009,8737.92
562,9,0,10,13.2913,8688.87
639,9,0,10,13.2879,8671.43
638,9,0,10,13.2826,8643.64
636,9,0,10,13.2786,8622.72
220,10,0,0,11.1072,472.978,0.0955,416.542,0.04,1
2130,10,0,0,11.0924,392.48
215,10,0,0,11.0875,358.782
205,10,0,0,11.0636,204.484
196,10,0,0,11.0505,119.897
195,10,0,0,11.0479,100.335
64,10,0,0,11.03,0
710,10,0,1,11.2604,1198.14,0.0443333,193.369,0.36,2
223,10,0,1,11.2429,1104.91
224,10,0,1,11.2288,1031.05
222,10,0,1,11.213,945.57
220,10,0,1,11.2027,889.52
455,10,0,2,11.3638,1774.06,0.0408333,178.103,0.03,3
454,10,0,2,11.361,1758.44
457,10,0,2,11.3543,1704.48
456,10,0,2,11.3491,1675.03
458,10,0,2,11.3396,1613.89
459,10,0,2,11.3337,1568.78
1543,10,0,2,11.3244,1506.55
710,10,0,2,11.3047,1391.51
1108,10,0,3,11.6719,3428.96,0.0935,407.819,0.09,4
1109,10,0,3,11.6667,3402.77
1113,10,0,3,11.6606,3371.72
1847,10,0,3,11.6477,3306.52
1086,10,0,3,11.6441,3286.49
1087,10,0,3,11.6295,3213.3
1090,10,0,3,11.6208,3168.13
1076,10,0,3,11.5947,3041.16
1074,10,0,3,11.5905,3020.04
1077,10,0,3,11.581,2969.22
1080,10,0,3,11.5675,2902.01
1079,10,0,3,11.5609,2867.56
1061,10,0,3,11.5566,2846.28
1063,10,0,3,11.5531,2828.11
1062,10,0,3,11.552,2821.03
2159,10,0,3,11.5518,2819.92
1045,10,0,3,11.5511,2816.77
1012,10,0,3,11.5439,2775.78
1014,10,0,3,11.5433,2772.91
989,10,0,3,11.5323,2714.61
990,10,0,3,11.5222,2664.35
991,10,0,3,11.5196,2652
706,10,0,3,11.5126,2612.53
704,10,0,3,11.51,2599.76
2179,10,0,3,11.5098,2598.9
662,10,0,3,11.5036,2569.25
602,10,0,3,11.4922,2500.98
599,10,0,3,11.4881,2477.72
605,10,0,3,11.484,2453.73
529,10,0,3,11.4668,2353.71
726,10,0,3,11.4509,2252.51
714,10,0,3,11.4507,2250.62
1543,10,0,3,11.4459,2220.1
459,10,0,3,11.4356,2156.7
458,10,0,3,11.4291,2111.44
456,10,0,3,11.42,2050.65
457,10,0,3,11.4146,2020.43
454,10,0,3,11.407,1966.47
455,10,0,3,11.4046,1952.16
1304,10,0,4,11.8949,4519.4,0.0428333,186.826,0.12,5
952,10,0,4,11.8705,4386.42
953,10,0,4,11.8598,4331.64
2023,10,0,4,11.859,4327.54
2108,10,0,4,11.8425,4242.33
1794,10,0,4,11.8354,4206.57
2106,10,0,4,11.8202,4127.2
2039,10,0,4,11.8025,4033.67
1106,10,0,4,11.7929,3981.72
2035,10,0,4,11.7787,3907.67
1108,10,0,4,11.7654,3836.78
1302,10,0,5,11.9879,4957.93,0.068,296.595,0.26,6
1303,10,0,5,11.9673,4853.42
1305,10,0,5,11.9527,4779.54
1304,10,0,5,11.9377,4706.23
895,10,0,6,12.2217,6103.27,0.0435,189.734,0.02,7
896,10,0,6,12.218,6085.03
892,10,0,6,12.2145,6067.24
906,10,0,6,12.1963,5974.44
1555,10,0,6,12.1708,5831.69
2157,10,0,6,12.1582,5771.05
2019,10,0,6,12.1291,5635.88
929,10,0,6,12.1287,5633.9
938,10,0,6,12.1166,5567.77
950,10,0,6,12.1007,5486.74
951,10,0,6,12.0942,5453.48
949,10,0,6,12.0826,5394.2
1302,10,0,6,12.0559,5254.53
978,10,0,7,12.4332,7141.95,0.107833,470.336,0.07,8
1010,10,0,7,12.4176,7061.8
1011,10,0,7,12.4041,6992.4
1009,10,0,7,12.3989,6964.77
1041,10,0,7,12.3988,6964.08
1039,10,0,7,12.391,6923.61
1037,10,0,7,12.3814,6876.12
1034,10,0,7,12.3727,6830.43
2032,10,0,7,12.3573,6752.84
1050,10,0,7,12.326,6598.74
1049,10,0,7,12.326,6598.65
1025,10,0,7,12.3172,6554.99
1029,10,0,7,12.3039,6488.16
1027,10,0,7,12.2921,6429.2
898,10,0,7,12.2839,6385.67
895,10,0,7,12.2652,6293
636,10,0,8,12.6266,8026.78,0.091,396.915,0.15,9
633,10,0,8,12.6199,7993.17
639,10,0,8,12.6165,7975.63
1993,10,0,8,12.6068,7925.01
1995,10,0,8,12.5972,7879.72
1996,10,0,8,12.5857,7827.98
1997,10,0,8,12.5818,7808.08
2027,10,0,8,12.5536,7673.74
2026,10,0,8,12.5478,7645.43
978,10,0,8,12.541,7612.29
603,10,0,9,12.7973,8837.52,0.0631667,275.514,0.35,10
604,10,0,9,12.7933,8815.66
596,10,0,9,12.7932,8814.69
580,10,0,9,12.7816,8750.16
583,10,0,9,12.7754,8720.35
587,10,0,9,12.7734,8706.08
578,10,0,9,12.7705,8690.02
579,10,0,9,12.7631,8651.22
570,10,0,9,12.7561,8618.06
1994,10,0,9,12.7432,8552.98
562,10,0,9,12.7302,8489.6
639,10,0,9,12.7268,8472.16
638,10,0,9,12.7214,8443.92
636,10,0,9,12.7176,8423.69
64,10,0,10,13.0277,10143.5,0,0,0
195,10,0,10,13.001,10005.3
196,10,0,10,12.9979,9985.38
205,10,0,10,12.9826,9897.63
215,10,0,10,12.9569,9741.07
225,10,0,10,12.93,9538
715,10,0,10,12.8999,9368.44
714,10,0,10,12.8959,9344.28
726,10,0,10,12.8957,9342.43
529,10,0,10,12.8816,9242.78
605,10,0,10,12.8667,9146.11
603,10,0,10,12.8604,9113.03
220,11,0,0,11.2072,472.978,0.0955,416.542,0.04,1
2130,11,0,0,11.1924,392.48
215,11,0,0,11.1875,358.782
205,11,0,0,11.1636,204.484
196,11,0,0,11.1505,119.897
195,11,0,0,11.1479,100.335
64,11,0,0,11.13,0
710,11,0,1,11.3604,1198.14,0.0443333,193.369,0.36,2
223,11,0,1,11.3429,1104.91
224,11,0,1,11.3288,1031.05
222,11,0,1,11.313,945.57
220,11,0,1,11.3027,889.52
455,11,0,2,11.4638,1774.06,0.0408333,178.103,0.03,3
454,11,0,2,11.461,1758.44
457,11,0,2,11.4543,1704.48
456,11,0,2,11.4491,1675.03
458,11,0,2,11.4396,1613.89
459,11,0,2,11.4337,1568.78
1543,11,0,2,11.4244,1506.55
710,11,0,2,11.4047,1391.51
1108,11,0,3,11.7719,3428.96,0.0935,407.819,0.09,4
1109,11,0,3,11.7667,3402.77
1113,11,0,3,11.7606,3371.72
1847,11,0,3,11.7477,3306.52
1086,11,0,3,11.7441,3286.49
1087,11,0,3,11.7295,3213.3
1090,11,0,3,11.7208,3168.13
1076,11,0,3,11.6947,3041.16
1074,11,0,3,11.6905,3020.04
1077,11,0,3,11.681,2969.22
1080,11,0,3,11.6675,2902.01
1079,11,0,3,11.6609,2867.56
1061,11,0,3,11.6566,2846.28
1063,11,0,3,11.6531,2828.11
1062,11,0,3,11.652,2821.03
2159,11,0,3,11.6518,2819.92
1045,11,0,3,11.6511,2816.77
1012,11,0,3,11.6439,2775.78
1014,11,0,3,11.6433,2772.91
989,11,0,3,11.6323,2714.61
990,11,0,3,11.6222,2664.35
991,11,0,3,11.6196,2652
706,11,0,3,11.6126,2612.53
704,11,0,3,11.61,2599.76
2179,11,0,3,11.6098,2598.9
662,11,0,3,11.6036,2569.25
602,11,0,3,11.5922,2500.98
599,11,0,3,11.5881,2477.72
605,11,0,3,11.584,2453.73
529,11,0,3,11.5668,2353.71
726,11,0,3,11.5509,2252.51
714,11,0,3,11.5507,2250.62
1543,11,0,3,11.5459,2220.1
459,11,0,3,11.5356,2156.7
458,11,0,3,11.5291,2111.44
456,11,0,3,11.52,2050.65
457,11,0,3,11.5146,2020.43
454,11,0,3,11.507,1966.47
455,11,0,3,11.5046,1952.16
1304,11,0,4,11.9949,4519.4,0.0428333,186.826,0.12,5
952,11,0,4,11.9705,4386.42
953,11,0,4,11.9598,4331.64
2023,11,0,4,11.959,4327.54
2108,11,0,4,11.9425,4242.33
1794,11,0,4,11.9354,4206.57
2106,11,0,4,11.9202,4127.2
2039,11,0,4,11.9025,4033.67
1106,11,0,4,11.8929,3981.72
2035,11,0,4,11.8787,3907.67
1108,11,0,4,11.8654,3836.78
1302,11,0,5,12.0837,4940.23,0.106833,465.975,0.24,6
1303,11,0,5,12.0633,4836.7
1305,11,0,5,12.0498,4767.79
1304,11,0,5,12.0377,4706.23
895,11,0,6,12.3563,6254.95,0.0435,189.734,0.02,7
896,11,0,6,12.3526,6236.71
892,11,0,6,12.3491,6218.92
906,11,0,6,12.3309,6126.12
1555,11,0,6,12.3054,5983.37
2157,11,0,6,12.2928,5922.73
2019,11,0,6,12.2637,5787.56
929,11,0,6,12.2633,5785.58
938,11,0,6,12.2512,5719.45
950,11,0,6,12.2353,5638.42
951,11,0,6,12.2288,5605.16
949,11,0,6,12.2172,5545.88
1302,11,0,6,12.1905,5406.21
978,11,0,7,12.5678,7293.63,0.107833,470.336,0.07,8
1010,11,0,7,12.5521,7213.48
1011,11,0,7,12.5387,7144.08
1009,11,0,7,12.5335,7116.45
1041,11,0,7,12.5334,7115.76
1039,11,0,7,12.5256,7075.29
1037,11,0,7,12.516,7027.8
1034,11,0,7,12.5073,6982.11
2032,11,0,7,12.4919,6904.52
1050,11,0,7,12.4606,6750.42
1049,11,0,7,12.4606,6750.33
1025,11,0,7,12.4518,6706.67
1029,11,0,7,12.4385,6639.84
1027,11,0,7,12.4267,6580.88
898,11,0,7,12.4184,6537.35
895,11,0,7,12.3998,6444.68
636,11,0,8,12.7611,8178.46,0.091,396.915,0.15,9
633,11,0,8,12.7545,8144.85
639,11,0,8,12.7511,8127.31
1993,11,0,8,12.7414,8076.69
1995,11,0,8,12.7318,8031.4
1996,11,0,8,12.7203,7979.66
1997,11,0,8,12.7164,7959.76
2027,11,0,8,12.6882,7825.42
2026,11,0,8,12.6824,7797.11
978,11,0,8,12.6756,7763.97
603,11,0,9,12.9319,8989.2,0.0631667,275.514,0.35,10
604,11,0,9,12.9279,8967.34
596,11,0,9,12.9277,8966.37
580,11,0,9,12.9162,8901.84
583,11,0,9,12.91,8872.03
587,11,0,9,12.9079,8857.76
578,11,0,9,12.905,8841.7
579,11,0,9,12.8977,8802.9
570,11,0,9,12.8907,8769.74
1994,11,0,9,12.8778,8704.66
562,11,0,9,12.8648,8641.29
639,11,0,9,12.8614,8623.84
638,11,0,9,12.856,8595.6
636,11,0,9,12.8521,8575.37
64,11,0,10,13.1623,10295.2,0,0,0
195,11,0,10,13.1356,10157
196,11,0,10,13.1324,10137.1
205,11,0,10,13.1171,10049.3
215,11,0,10,13.0915,9892.75
225,11,0,10,13.0646,9689.68
715,11,0,10,13.0345,9520.12
714,11,0,10,13.0305,9495.96
726,11,0,10,13.0303,9494.11
529,11,0,10,13.0162,9394.46
605,11,0,10,13.0013,9297.79
603,11,0,10,12.995,9264.71
220,12,0,0,11.0872,472.978,0.0955,416.542,0.04,1
2130,12,0,0,11.0724,392.48
215,12,0,0,11.0675,358.782
205,12,0,0,11.0436,204.484
196,12,0,0,11.0305,119.897
195,12,0,0,11.0279,100.335
64,12,0,0,11.01,0
710,12,0,1,11.2404,1198.14,0.0443333,193.369,0.36,2
223,12,0,1,11.2229,1104.91
224,12,0,1,11.2088,1031.05
222,12,0,1,11.193,945.57
220,12,0,1,11.1827,889.52
455,12,0,2,11.3438,1774.06,0.0408333,178.103,0.03,3
454,12,0,2,11.341,1758.44
457,12,0,2,11.3343,1704.48
456,12,0,2,11.3291,1675.03
458,12,0,2,11.3196,1613.89
459,12,0,2,11.3137,1568.78
1543,12,0,2,11.3044,1506.55
710,12,0,2,11.2847,1391.51
603,12,0,3,11.475,2516.24,0.109,475.425,0.32,4
604,12,0,3,11.4708,2493.1
596,12,0,3,11.4706,2492.13
595,12,0,3,11.4652,2461.72
605,12,0,3,11.464,2453.73
529,12,0,3,11.4468,2353.71
726,12,0,3,11.4309,2252.51
714,12,0,3,11.4307,2250.62
1543,12,0,3,11.4259,2220.1
459,12,0,3,11.4156,2156.7
458,12,0,3,11.4091,2111.44
456,12,0,3,11.4,2050.65
457,12,0,3,11.3946,2020.43
454,12,0,3,11.387,1966.47
455,12,0,3,11.3846,1952.16
1108,12,0,4,11.7762,3990.79,0.0935,407.819,0.09,5
1109,12,0,4,11.7718,3968.11
1113,12,0,4,11.765,3933.96
1847,12,0,4,11.7515,3866.44
1086,12,0,4,11.7479,3846.41
1087,12,0,4,11.7334,3773.22
1090,12,0,4,11.7247,3728.06
1076,12,0,4,11.6985,3601.08
1074,12,0,4,11.6944,3579.96
1077,12,0,4,11.6848,3529.14
1080,12,0,4,11.6713,3461.94
1079,12,0,4,11.6647,3427.48
1061,12,0,4,11.6605,3406.2
1063,12,0,4,11.6569,3388.03
1062,12,0,4,11.6559,3380.95
2159,12,0,4,11.6556,3379.84
1045,12,0,4,11.6549,3376.69
1012,12,0,4,11.6477,3335.7
1014,12,0,4,11.6472,3332.84
989,12,0,4,11.6361,3274.53
990,12,0,4,11.6261,3224.27
991,12,0,4,11.6235,3211.92
706,12,0,4,11.6165,3172.46
704,12,0,4,11.6138,3159.68
2179,12,0,4,11.6136,3158.82
662,12,0,4,11.6074,3129.17
602,12,0,4,11.5961,3060.9
604,12,0,4,11.5935,3044.1
596,12,0,4,11.5934,3043.13
595,12,0,4,11.5879,3012.72
603,12,0,4,11.584,2991.67
1304,12,0,5,11.9992,5081.23,0.0428333,186.826,0.12,6
952,12,0,5,11.9748,4948.24
953,12,0,5,11.9641,4893.46
2023,12,0,5,11.9632,4889.36
2108,12,0,5,11.9468,4804.15
1794,12,0,5,11.9397,4768.39
2106,12,0,5,11.9245,4689.02
2039,12,0,5,11.9068,4595.49
1106,12,0,5,11.8972,4543.54
2035,12,0,5,11.883,4469.49
1108,12,0,5,11.8697,4398.6
1302,12,0,6,12.088,5502.06,0.106833,465.975,0.24,7
1303,12,0,6,12.0676,5398.52
1305,12,0,6,12.0541,5329.61
1304,12,0,6,12.042,5268.05
895,12,0,7,12.3606,6816.77,0.0435,189.734,0.02,8
896,12,0,7,12.3569,6798.53
892,12,0,7,12.3534,6780.74
906,12,0,7,12.3351,6687.94
1555,12,0,7,12.3097,6545.19
2157,12,0,7,12.2971,6484.56
2019,12,0,7,12.268,6349.38
929,12,0,7,12.2676,6347.4
938,12,0,7,12.2555,6281.27
950,12,0,7,12.2396,6200.24
951,12,0,7,12.2331,6166.99
949,12,0,7,12.2215,6107.7
1302,12,0,7,12.1948,5968.03
978,12,0,8,12.5721,7855.45,0.107833,470.336,0.07,9
1010,12,0,8,12.5564,7775.3
1011,12,0,8,12.543,7705.9
1009,12,0,8,12.5378,7678.27
1041,12,0,8,12.5376,7677.58
1039,12,0,8,12.5299,7637.11
1037,12,0,8,12.5203,7589.62
1034,12,0,8,12.5116,7543.93
2032,12,0,8,12.4962,7466.34
1050,12,0,8,12.4649,7312.25
1049,12,0,8,12.4649,7312.15
1025,12,0,8,12.4561,7268.49
1029,12,0,8,12.4428,7201.66
1027,12,0,8,12.431,7142.71
898,12,0,8,12.4227,7099.17
895,12,0,8,12.4041,7006.5
636,12,0,9,12.7654,8740.28,0.091,396.915,0.15,10
633,12,0,9,12.7588,8706.67
639,12,0,9,12.7554,8689.13
1993,12,0,9,12.7457,8638.52
1995,12,0,9,12.7361,8593.22
1996,12,0,9,12.7246,8541.49
1997,12,0,9,12.7207,8521.58
2027,12,0,9,12.6925,8387.24
2026,12,0,9,12.6867,8358.94
978,12,0,9,12.6799,8325.79
64,12,0,10,13.1035,10581.5,0,0,0
195,12,0,10,13.0767,10443.3
196,12,0,10,13.0736,10423.4
205,12,0,10,13.0583,10335.6
215,12,0,10,13.0327,10179.1
225,12,0,10,13.0057,9975.99
715,12,0,10,12.9756,9806.43
714,12,0,10,12.9716,9782.27
726,12,0,10,12.9714,9780.42
529,12,0,10,12.9573,9680.77
605,12,0,10,12.9424,9584.1
603,12,0,10,12.9361,9551.02
604,12,0,10,12.9322,9529.16
596,12,0,10,12.932,9528.19
580,12,0,10,12.9205,9463.67
583,12,0,10,12.9143,9433.85
587,12,0,10,12.9122,9419.58
578,12,0,10,12.9093,9403.52
579,12,0,10,12.902,9364.72
570,12,0,10,12.895,9331.56
1994,12,0,10,12.8821,9266.48
562,12,0,10,12.8691,9203.11
639,12,0,10,12.8656,9185.67
638,12,0,10,12.8603,9157.42
636,12,0,10,12.8564,9137.2
220,13,0,0,11.0872,472.978,0.0955,416.542,0.04,1
2130,13,0,0,11.0724,392.48
215,13,0,0,11.0675,358.782
205,13,0,0,11.0436,204.484
196,13,0,0,11.0305,119.897
195,13,0,0,11.0279,100.335
64,13,0,0,11.01,0
710,13,0,1,11.2404,1198.14,0.0443333,193.369,0.36,2
223,13,0,1,11.2229,1104.91
224,13,0,1,11.2088,1031.05
222,13,0,1,11.193,945.57
220,13,0,1,11.1827,889.52
455,13,0,2,11.3438,1774.06,0.0408333,178.103,0.03,3
454,13,0,2,11.341,1758.44
457,13,0,2,11.3343,1704.48
456,13,0,2,11.3291,1675.03
458,13,0,2,11.3196,1613.89
459,13,0,2,11.3137,1568.78
1543,13,0,2,11.3044,1506.55
710,13,0,2,11.2847,1391.51
603,13,0,3,11.475,2516.24,0.109,475.425,0.32,4
604,13,0,3,11.4708,2493.1
596,13,0,3,11.4706,2492.13
595,13,0,3,11.4652,2461.72
605,13,0,3,11.464,2453.73
529,13,0,3,11.4468,2353.71
726,13,0,3,11.4309,2252.51
714,13,0,3,11.4307,2250.62
1543,13,0,3,11.4259,2220.1
459,13,0,3,11.4156,2156.7
458,13,0,3,11.4091,2111.44
456,13,0,3,11.4,2050.65
457,13,0,3,11.3946,2020.43
454,13,0,3,11.387,1966.47
455,13,0,3,11.3846,1952.16
1108,13,0,4,11.7762,3990.79,0.0935,407.819,0.09,5
1109,13,0,4,11.7718,3968.11
1113,13,0,4,11.765,3933.96
1847,13,0,4,11.7515,3866.44
1086,13,0,4,11.7479,3846.41
1087,13,0,4,11.7334,3773.22
1090,13,0,4,11.7247,3728.06
1076,13,0,4,11.6985,3601.08
1074,13,0,4,11.6944,3579.96
1077,13,0,4,11.6848,3529.14
1080,13,0,4,11.6713,3461.94
1079,13,0,4,11.6647,3427.48
1061,13,0,4,11.6605,3406.2
1063,13,0,4,11.6569,3388.03
1062,13,0,4,11.6559,3380.95
2159,13,0,4,11.6556,3379.84
1045,13,0,4,11.6549,3376.69
1012,13,0,4,11.6477,3335.7
1014,13,0,4,11.6472,3332.84
989,13,0,4,11.6361,3274.53
990,13,0,4,11.6261,3224.27
991,13,0,4,11.6235,3211.92
706,13,0,4,11.6165,3172.46
704,13,0,4,11.6138,3159.68
2179,13,0,4,11.6136,3158.82
662,13,0,4,11.6074,3129.17
602,13,0,4,11.5961,3060.9
604,13,0,4,11.5935,3044.1
596,13,0,4,11.5934,3043.13
595,13,0,4,11.5879,3012.72
603,13,0,4,11.584,2991.67
1304,13,0,5,11.9992,5081.23,0.0428333,186.826,0.12,6
952,13,0,5,11.9748,4948.24
953,13,0,5,11.9641,4893.46
2023,13,0,5,11.9632,4889.36
2108,13,0,5,11.9468,4804.15
1794,13,0,5,11.9397,4768.39
2106,13,0,5,11.9245,4689.02
2039,13,0,5,11.9068,4595.49
1106,13,0,5,11.8972,4543.54
2035,13,0,5,11.883,4469.49
1108,13,0,5,11.8697,4398.6
895,13,0,6,12.1981,6068.38,0.0435,189.734,0.02,7
907,13,0,6,12.1824,5991.05
908,13,0,6,12.1733,5945.57
2014,13,0,6,12.1727,5942.89
2017,13,0,6,12.1716,5937.2
2170,13,0,6,12.1688,5923.01
1738,13,0,6,12.1514,5836.08
1737,13,0,6,12.1447,5802.3
936,13,0,6,12.1295,5723.39
933,13,0,6,12.1289,5720.45
934,13,0,6,12.1234,5682.8
935,13,0,6,12.1229,5680.19
2020,13,0,6,12.1118,5623.21
1787,13,0,6,12.0922,5526.06
1788,13,0,6,12.0914,5522.36
1789,13,0,6,12.08,5465.37
952,13,0,6,12.0711,5420.92
1304,13,0,6,12.042,5268.05
978,13,0,7,12.4096,7107.07,0.107833,470.336,0.07,8
1010,13,0,7,12.394,7026.92
1011,13,0,7,12.3805,6957.51
1009,13,0,7,12.3753,6929.89
1041,13,0,7,12.3752,6929.2
1039,13,0,7,12.3674,6888.72
1037,13,0,7,12.3578,6841.24
1034,13,0,7,12.3491,6795.55
2032,13,0,7,12.3337,6717.95
1050,13,0,7,12.3024,6563.86
1049,13,0,7,12.3024,6563.77
1025,13,0,7,12.2936,6520.11
1029,13,0,7,12.2803,6453.27
1027,13,0,7,12.2686,6394.32
898,13,0,7,12.2603,6350.79
895,13,0,7,12.2416,6258.12
636,13,0,8,12.603,7991.89,0.091,396.915,0.15,9
633,13,0,8,12.5963,7958.29
639,13,0,8,12.593,7940.75
1993,13,0,8,12.5832,7890.13
1995,13,0,8,12.5737,7844.84
1996,13,0,8,12.5621,7793.1
1997,13,0,8,12.5582,7773.2
2027,13,0,8,12.53,7638.85
2026,13,0,8,12.5243,7610.55
978,13,0,8,12.5174,7577.4
1302,13,0,9,13.0074,10052.1,0.035,152.659,0.22,10
949,13,0,9,12.9855,9932.67
951,13,0,9,12.9741,9874.71
950,13,0,9,12.9667,9837.04
938,13,0,9,12.9548,9773.43
929,13,0,9,12.941,9699.86
2019,13,0,9,12.9406,9697.88
2157,13,0,9,12.9134,9570.15
905,13,0,9,12.8734,9368.7
889,13,0,9,12.8629,9315.26
890,13,0,9,12.8501,9253.96
2013,13,0,9,12.8247,9125.56
1988,13,0,9,12.8034,9016.12
417,13,0,9,12.7809,8902.98
418,13,0,9,12.7768,8882
419,13,0,9,12.7599,8789.83
424,13,0,9,12.7564,8769.89
613,13,0,9,12.7533,8744.91
611,13,0,9,12.7478,8712.02
609,13,0,9,12.7459,8694.23
628,13,0,9,12.7359,8620.21
561,13,0,9,12.7321,8595.49
557,13,0,9,12.724,8547.36
554,13,0,9,12.7217,8535.56
565,13,0,9,12.7136,8490.54
562,13,0,9,12.7067,8454.72
639,13,0,9,12.7032,8437.28
638,13,0,9,12.6979,8409.04
636,13,0,9,12.694,8388.81
64,13,0,10,13.4972,12847.9,0,0,0
195,13,0,10,13.4641,12683
196,13,0,10,13.4613,12663.3
205,13,0,10,13.4461,12575.8
215,13,0,10,13.4219,12421
225,13,0,10,13.3951,12218
715,13,0,10,13.3668,12052.6
714,13,0,10,13.363,12028.7
726,13,0,10,13.3628,12026.8
529,13,0,10,13.3489,11927.3
605,13,0,10,13.3345,11831
603,13,0,10,13.3285,11799.2
604,13,0,10,13.3249,11778.9
596,13,0,10,13.3247,11777.9
580,13,0,10,13.3144,11717.3
574,13,0,10,13.2938,11609.7
573,13,0,10,13.2845,11557.3
564,13,0,10,13.2773,11518
557,13,0,10,13.2714,11484.9
561,13,0,10,13.2647,11438.4
628,13,0,10,13.2604,11413
609,13,0,10,13.2482,11337.2
423,13,0,10,13.2423,11280.9
419,13,0,10,13.237,11246.1
420,13,0,10,13.2319,11211.1
421,13,0,10,13.2279,11184.4
417,13,0,10,13.2234,11159.9
1989,13,0,10,13.2068,11073.5
2011,13,0,10,13.189,10980.3
2156,13,0,10,13.1838,10952.9
2013,13,0,10,13.1831,10949.8
886,13,0,10,13.1712,10891.6
888,13,0,10,13.1514,10785.5
903,13,0,10,13.1376,10715.6
904,13,0,10,13.1342,10697.2
925,13,0,10,13.1108,10569.3
2019,13,0,10,13.1053,10542.1
929,13,0,10,13.1049,10540.1
938,13,0,10,13.093,10474.2
950,13,0,10,13.0795,10403.7
951,13,0,10,13.0725,10368
949,13,0,10,13.0615,10311.5
1302,13,0,10,13.0424,10204.8
220,14,0,0,11.0772,472.978,0.0955,416.542,0.04,1
2130,14,0,0,11.0624,392.48
215,14,0,0,11.0575,358.782
205,14,0,0,11.0336,204.484
196,14,0,0,11.0205,119.897
195,14,0,0,11.0179,100.335
64,14,0,0,11,0
710,14,0,1,11.2304,1198.14,0.0443333,193.369,0.36,2
223,14,0,1,11.2129,1104.91
224,14,0,1,11.1988,1031.05
222,14,0,1,11.183,945.57
220,14,0,1,11.1727,889.52
455,14,0,2,11.3338,1774.06,0.0408333,178.103,0.03,3
454,14,0,2,11.331,1758.44
457,14,0,2,11.3243,1704.48
456,14,0,2,11.3191,1675.03
458,14,0,2,11.3096,1613.89
459,14,0,2,11.3037,1568.78
1543,14,0,2,11.2944,1506.55
710,14,0,2,11.2747,1391.51
603,14,0,3,11.465,2516.24,0.109,475.425,0.32,4
604,14,0,3,11.4608,2493.1
596,14,0,3,11.4606,2492.13
595,14,0,3,11.4552,2461.72
605,14,0,3,11.454,2453.73
529,14,0,3,11.4368,2353.71
726,14,0,3,11.4209,2252.51
714,14,0,3,11.4207,2250.62
1543,14,0,3,11.4159,2220.1
459,14,0,3,11.4056,2156.7
458,14,0,3,11.3991,2111.44
456,14,0,3,11.39,2050.65
457,14,0,3,11.3846,2020.43
454,14,0,3,11.377,1966.47
455,14,0,3,11.3746,1952.16
1108,14,0,4,11.7662,3990.79,0.0935,407.819,0.09,5
1109,14,0,4,11.7618,3968.11
1113,14,0,4,11.755,3933.96
1847,14,0,4,11.7415,3866.44
1086,14,0,4,11.7379,3846.41
1087,14,0,4,11.7234,3773.22
1090,14,0,4,11.7147,3728.06
1076,14,0,4,11.6885,3601.08
1074,14,0,4,11.6844,3579.96
1077,14,0,4,11.6748,3529.14
1080,14,0,4,11.6613,3461.94
1079,14,0,4,11.6547,3427.48
1061,14,0,4,11.6505,3406.2
1063,14,0,4,11.6469,3388.03
1062,14,0,4,11.6459,3380.95
2159,14,0,4,11.6456,3379.84
1045,14,0,4,11.6449,3376.69
1012,14,0,4,11.6377,3335.7
1014,14,0,4,11.6372,3332.84
989,14,0,4,11.6261,3274.53
990,14,0,4,11.6161,3224.27
991,14,0,4,11.6135,3211.92
706,14,0,4,11.6065,3172.46
704,14,0,4,11.6038,3159.68
2179,14,0,4,11.6036,3158.82
662,14,0,4,11.5974,3129.17
602,14,0,4,11.5861,3060.9
604,14,0,4,11.5835,3044.1
596,14,0,4,11.5834,3043.13
595,14,0,4,11.5779,3012.72
603,14,0,4,11.574,2991.67
1304,14,0,5,11.9892,5081.23,0.0428333,186.826,0.12,6
952,14,0,5,11.9648,4948.24
953,14,0,5,11.9541,4893.46
2023,14,0,5,11.9532,4889.36
2108,14,0,5,11.9368,4804.15
1794,14,0,5,11.9297,4768.39
2106,14,0,5,11.9145,4689.02
2039,14,0,5,11.8968,4595.49
1106,14,0,5,11.8872,4543.54
2035,14,0,5,11.873,4469.49
1108,14,0,5,11.8597,4398.6
1302,14,0,6,12.078,5502.06,0.106833,465.975,0.24,7
1303,14,0,6,12.0576,5398.52
1305,14,0,6,12.0441,5329.61
1304,14,0,6,12.032,5268.05
895,14,0,7,12.3506,6816.77,0.0435,189.734,0.02,8
896,14,0,7,12.3469,6798.53
892,14,0,7,12.3434,6780.74
906,14,0,7,12.3251,6687.94
1555,14,0,7,12.2997,6545.19
2157,14,0,7,12.2871,6484.56
2019,14,0,7,12.258,6349.38
929,14,0,7,12.2576,6347.4
938,14,0,7,12.2455,6281.27
950,14,0,7,12.2296,6200.24
951,14,0,7,12.2231,6166.99
949,14,0,7,12.2115,6107.7
1302,14,0,7,12.1848,5968.03
64,14,0,8,12.7549,9124.82,0,0,0
195,14,0,8,12.7257,8976.45
196,14,0,8,12.723,8956.85
205,14,0,8,12.7085,8870.4
215,14,0,8,12.683,8714.02
225,14,0,8,12.6569,8510.81
715,14,0,8,12.6254,8335.14
714,14,0,8,12.6214,8310.99
726,14,0,8,12.6212,8309.13
529,14,0,8,12.6071,8209.48
605,14,0,8,12.5923,8112.82
603,14,0,8,12.586,8079.74
604,14,0,8,12.582,8057.88
596,14,0,8,12.5819,8056.91
580,14,0,8,12.5703,7992.38
574,14,0,8,12.5489,7881.26
573,14,0,8,12.5393,7827.46
564,14,0,8,12.5318,7787.2
557,14,0,8,12.5269,7756.14
561,14,0,8,12.5204,7709.7
628,14,0,8,12.5163,7684.55
609,14,0,8,12.5045,7609.26
423,14,0,8,12.4986,7552.94
419,14,0,8,12.4919,7515.36
420,14,0,8,12.4858,7479.33
421,14,0,8,12.4813,7451.84
417,14,0,8,12.4763,7425.13
1989,14,0,8,12.4578,7330.91
2011,14,0,8,12.4385,7231.2
891,14,0,8,12.4166,7116.75
893,14,0,8,12.4105,7085.88
894,14,0,8,12.4053,7061.13
895,14,0,8,12.3941,7006.5
978,14,1,0,14.5046,1541.01,0.0373333,162.837,0.05,1
1010,14,1,0,14.4901,1465.78
1016,14,1,0,14.4704,1374.31
1548,14,1,0,14.4634,1338.05
1012,14,1,0,14.4584,1312.65
2028,14,1,0,14.4503,1267.19
989,14,1,0,14.4469,1251.45
990,14,1,0,14.4369,1201.19
991,14,1,0,14.4343,1188.84
706,14,1,0,14.4273,1149.38
704,14,1,0,14.4246,1136.6
2179,14,1,0,14.4244,1135.74
662,14,1,0,14.4182,1106.09
602,14,1,0,14.407,1038.03
599,14,1,0,14.403,1015.4
605,14,1,0,14.3993,991.921
529,14,1,0,14.3822,892.037
726,14,1,0,14.3676,792.08
714,14,1,0,14.3674,790.213
715,14,1,0,14.3638,766.53
225,14,1,0,14.3463,605.342
215,14,1,0,14.3204,402.069
205,14,1,0,14.2937,243.798
196,14,1,0,14.2795,157.808
195,14,1,0,14.2768,138.229
64,14,1,0,14.25,0
636,14,1,1,14.6216,2094.27,0.0391667,170.833,0.15,2
631,14,1,1,14.6149,2061.48
630,14,1,1,14.6092,2032.96
637,14,1,1,14.5986,1980.88
1996,14,1,1,14.5861,1917.59
1997,14,1,1,14.5823,1897.69
2027,14,1,1,14.555,1767.47
2026,14,1,1,14.5492,1738.99
978,14,1,1,14.5419,1703.84
64,14,1,2,14.907,3725.65,0,0,0
195,14,1,2,14.8854,3609.39
196,14,1,2,14.8827,3589.81
205,14,1,2,14.8685,3503.73
215,14,1,2,14.844,3348.75
225,14,1,2,14.8192,3144.92
715,14,1,2,14.7842,2954.38
714,14,1,2,14.7805,2930.54
726,14,1,2,14.7803,2928.68
529,14,1,2,14.7662,2829.07
605,14,1,2,14.7509,2731.81
603,14,1,2,14.7451,2700.83
604,14,1,2,14.7403,2675.42
596,14,1,2,14.7401,2674.45
580,14,1,2,14.7259,2598.24
583,14,1,2,14.7196,2568.43
587,14,1,2,14.7174,2554
578,14,1,2,14.7144,2537.18
575,14,1,2,14.7088,2506.08
571,14,1,2,14.7059,2489.96
570,14,1,2,14.7011,2466.68
1994,14,1,2,14.6884,2402.33
562,14,1,2,14.675,2337.27
639,14,1,2,14.6715,2319.83
638,14,1,2,14.6648,2285.8
636,14,1,2,14.6608,2265.1
220,15,0,0,11.0872,472.978,0.0955,416.542,0.04,1
2130,15,0,0,11.0724,392.48
215,15,0,0,11.0675,358.782
205,15,0,0,11.0436,204.484
196,15,0,0,11.0305,119.897
195,15,0,0,11.0279,100.335
64,15,0,0,11.01,0
710,15,0,1,11.2404,1198.14,0.0443333,193.369,0.36,2
223,15,0,1,11.2229,1104.91
224,15,0,1,11.2088,1031.05
222,15,0,1,11.193,945.57
220,15,0,1,11.1827,889.52
455,15,0,2,11.3438,1774.06,0.0408333,178.103,0.03,3
454,15,0,2,11.341,1758.44
457,15,0,2,11.3343,1704.48
456,15,0,2,11.3291,1675.03
458,15,0,2,11.3196,1613.89
459,15,0,2,11.3137,1568.78
1543,15,0,2,11.3044,1506.55
710,15,0,2,11.2847,1391.51
603,15,0,3,11.475,2516.24,0.109,475.425,0.32,4
604,15,0,3,11.4708,2493.1
596,15,0,3,11.4706,2492.13
595,15,0,3,11.4652,2461.72
605,15,0,3,11.464,2453.73
529,15,0,3,11.4468,2353.71
726,15,0,3,11.4309,2252.51
714,15,0,3,11.4307,2250.62
1543,15,0,3,11.4259,2220.1
459,15,0,3,11.4156,2156.7
458,15,0,3,11.4091,2111.44
456,15,0,3,11.4,2050.65
457,15,0,3,11.3946,2020.43
454,15,0,3,11.387,1966.47
455,15,0,3,11.3846,1952.16
1108,15,0,4,11.7762,3990.79,0.0935,407.819,0.09,5
1109,15,0,4,11.7718,3968.11
1113,15,0,4,11.765,3933.96
1847,15,0,4,11.7515,3866.44
1086,15,0,4,11.7479,3846.41
1087,15,0,4,11.7334,3773.22
1090,15,0,4,11.7247,3728.06
1076,15,0,4,11.6985,3601.08
1074,15,0,4,11.6944,3579.96
1077,15,0,4,11.6848,3529.14
1080,15,0,4,11.6713,3461.94
1079,15,0,4,11.6647,3427.48
1061,15,0,4,11.6605,3406.2
1063,15,0,4,11.6569,3388.03
1062,15,0,4,11.6559,3380.95
2159,15,0,4,11.6556,3379.84
1045,15,0,4,11.6549,3376.69
1012,15,0,4,11.6477,3335.7
1014,15,0,4,11.6472,3332.84
989,15,0,4,11.6361,3274.53
990,15,0,4,11.6261,3224.27
991,15,0,4,11.6235,3211.92
706,15,0,4,11.6165,3172.46
704,15,0,4,11.6138,3159.68
2179,15,0,4,11.6136,3158.82
662,15,0,4,11.6074,3129.17
602,15,0,4,11.5961,3060.9
604,15,0,4,11.5935,3044.1
596,15,0,4,11.5934,3043.13
595,15,0,4,11.5879,3012.72
603,15,0,4,11.584,2991.67
1304,15,0,5,11.9992,5081.23,0.0428333,186.826,0.12,6
952,15,0,5,11.9748,4948.24
953,15,0,5,11.9641,4893.46
2023,15,0,5,11.9632,4889.36
2108,15,0,5,11.9468,4804.15
1794,15,0,5,11.9397,4768.39
2106,15,0,5,11.9245,4689.02
2039,15,0,5,11.9068,4595.49
1106,15,0,5,11.8972,4543.54
2035,15,0,5,11.883,4469.49
1108,15,0,5,11.8697,4398.6
895,15,0,6,12.1981,6068.38,0.0435,189.734,0.02,7
907,15,0,6,12.1824,5991.05
908,15,0,6,12.1733,5945.57
2014,15,0,6,12.1727,5942.89
2017,15,0,6,12.1716,5937.2
2170,15,0,6,12.1688,5923.01
1738,15,0,6,12.1514,5836.08
1737,15,0,6,12.1447,5802.3
936,15,0,6,12.1295,5723.39
933,15,0,6,12.1289,5720.45
934,15,0,6,12.1234,5682.8
935,15,0,6,12.1229,5680.19
2020,15,0,6,12.1118,5623.21
1787,15,0,6,12.0922,5526.06
1788,15,0,6,12.0914,5522.36
1789,15,0,6,12.08,5465.37
952,15,0,6,12.0711,5420.92
1304,15,0,6,12.042,5268.05
64,15,0,7,12.6024,8376.44,0,0,0
195,15,0,7,12.5733,8228.06
196,15,0,7,12.5705,8208.47
205,15,0,7,12.556,8122.02
215,15,0,7,12.5305,7965.64
225,15,0,7,12.5045,7762.43
715,15,0,7,12.473,7586.76
714,15,0,7,12.469,7562.6
726,15,0,7,12.4688,7560.75
529,15,0,7,12.4547,7461.1
605,15,0,7,12.4398,7364.43
603,15,0,7,12.4335,7331.35
604,15,0,7,12.4296,7309.49
596,15,0,7,12.4294,7308.52
580,15,0,7,12.4178,7244
574,15,0,7,12.3964,7132.88
573,15,0,7,12.3868,7079.08
564,15,0,7,12.3793,7038.82
557,15,0,7,12.3745,7007.75
561,15,0,7,12.368,6961.31
628,15,0,7,12.3638,6936.17
609,15,0,7,12.3521,6860.87
423,15,0,7,12.3462,6804.55
419,15,0,7,12.3394,6766.98
420,15,0,7,12.3334,6730.95
421,15,0,7,12.3288,6703.46
417,15,0,7,12.3238,6676.74
1989,15,0,7,12.3054,6582.53
2011,15,0,7,12.2861,6482.82
891,15,0,7,12.2641,6368.36
893,15,0,7,12.2581,6337.49
894,15,0,7,12.2528,6312.75
895,15,0,7,12.2416,6258.12
978,15,1,0,13.527,1574.75,0.0648333,282.783,0.06,1
1010,15,1,0,13.512,1497.65
1016,15,1,0,13.492,1404.7
1548,15,1,0,13.485,1368.79
1012,15,1,0,13.4804,1344.83
2028,15,1,0,13.4723,1299.37
989,15,1,0,13.4689,1283.63
990,15,1,0,13.4588,1233.37
991,15,1,0,13.4562,1221.01
706,15,1,0,13.4492,1181.55
704,15,1,0,13.4466,1168.78
2179,15,1,0,13.4464,1167.92
662,15,1,0,13.4402,1138.27
602,15,1,0,13.429,1070.13
599,15,1,0,13.4245,1045.43
605,15,1,0,13.4193,1017.31
529,15,1,0,13.4027,918.413
726,15,1,0,13.3866,816.876
714,15,1,0,13.3864,814.998
715,15,1,0,13.3829,791.373
225,15,1,0,13.3651,630.742
215,15,1,0,13.3379,427.668
205,15,1,0,13.3069,255.297
196,15,1,0,13.2918,168.03
195,15,1,0,13.2892,148.465
64,15,1,0,13.26,0
1302,15,1,1,13.8722,3301.76,0.035,152.659,0.22,2
949,15,1,1,13.8492,3177.7
951,15,1,1,13.8386,3123.16
950,15,1,1,13.8302,3081.64
938,15,1,1,13.8185,3018.52
929,15,1,1,13.8059,2949.83
2019,15,1,1,13.8055,2947.85
2157,15,1,1,13.7863,2853.04
1555,15,1,1,13.7759,2801.24
915,15,1,1,13.7684,2764.11
2016,15,1,1,13.7469,2657.2
917,15,1,1,13.7461,2653.39
916,15,1,1,13.7459,2652.48
919,15,1,1,13.7402,2613.4
2017,15,1,1,13.7401,2613.22
1786,15,1,1,13.7355,2589.68
2018,15,1,1,13.722,2517.89
1053,15,1,1,13.6826,2309.6
2033,15,1,1,13.6631,2218.02
1054,15,1,1,13.6542,2171.81
1037,15,1,1,13.6492,2145.09
1039,15,1,1,13.6422,2108.71
1041,15,1,1,13.6334,2063.93
2030,15,1,1,13.6273,2033
1011,15,1,1,13.6269,2031.55
1547,15,1,1,13.6096,1948.9
1546,15,1,1,13.6041,1921.53
975,15,1,1,13.6007,1903.56
981,15,1,1,13.5974,1885.83
980,15,1,1,13.5949,1874.06
978,15,1,1,13.5918,1857.53
636,15,1,2,14.1589,4853.33,0.0391667,170.833,0.15,3
633,15,1,2,14.1532,4823.53
563,15,1,2,14.1478,4798.53
564,15,1,2,14.1421,4767.69
557,15,1,2,14.1362,4734.61
561,15,1,2,14.1295,4688.07
628,15,1,2,14.1252,4662.7
609,15,1,2,14.113,4586.9
423,15,1,2,14.1071,4530.58
419,15,1,2,14.1018,4495.73
420,15,1,2,14.0966,4460.79
421,15,1,2,14.0926,4434.01
417,15,1,2,14.0881,4409.53
1989,15,1,2,14.0716,4323.12
2011,15,1,2,14.0538,4229.93
2156,15,1,2,14.0485,4202.6
2013,15,1,2,14.0479,4199.45
886,15,1,2,14.036,4141.27
888,15,1,2,14.0162,4035.16
903,15,1,2,14.0024,3965.27
904,15,1,2,13.999,3946.9
925,15,1,2,13.9755,3819
2019,15,1,2,13.9701,3791.73
929,15,1,2,13.9697,3789.75
938,15,1,2,13.9577,3723.9
950,15,1,2,13.9442,3653.34
951,15,1,2,13.9372,3617.62
949,15,1,2,13.9262,3561.14
1302,15,1,2,13.9072,3454.42
64,15,1,3,14.4443,6484.71,0,0,0
195,15,1,3,14.4227,6368.46
196,15,1,3,14.42,6348.88
205,15,1,3,14.4057,6262.8
215,15,1,3,14.3813,6107.82
225,15,1,3,14.3564,5903.98
715,15,1,3,14.3215,5713.44
714,15,1,3,14.3177,5689.6
726,15,1,3,14.3176,5687.74
529,15,1,3,14.3035,5588.13
605,15,1,3,14.2881,5490.87
603,15,1,3,14.2823,5459.89
604,15,1,3,14.2775,5434.48
596,15,1,3,14.2774,5433.51
580,15,1,3,14.2631,5357.31
583,15,1,3,14.2569,5327.49
587,15,1,3,14.2547,5313.06
578,15,1,3,14.2516,5296.25
575,15,1,3,14.2461,5265.14
571,15,1,3,14.2432,5249.02
570,15,1,3,14.2384,5225.74
1994,15,1,3,14.2256,5161.39
562,15,1,3,14.2122,5096.33
639,15,1,3,14.2088,5078.89
638,15,1,3,14.2021,5044.86
636,15,1,3,14.1981,5024.16
220,16,0,0,11.0872,472.978,0.0955,416.542,0.04,1
2130,16,0,0,11.0724,392.48
215,16,0,0,11.0675,358.782
205,16,0,0,11.0436,204.484
196,16,0,0,11.0305,119.897
195,16,0,0,11.0279,100.335
64,16,0,0,11.01,0
710,16,0,1,11.2404,1198.14,0.0443333,193.369,0.36,2
223,16,0,1,11.2229,1104.91
224,16,0,1,11.2088,1031.05
222,16,0,1,11.193,945.57
220,16,0,1,11.1827,889.52
455,16,0,2,11.3438,1774.06,0.0408333,178.103,0.03,3
454,16,0,2,11.341,1758.44
457,16,0,2,11.3343,1704.48
456,16,0,2,11.3291,1675.03
458,16,0,2,11.3196,1613.89
459,16,0,2,11.3137,1568.78
1543,16,0,2,11.3044,1506.55
710,16,0,2,11.2847,1391.51
603,16,0,3,11.475,2516.24,0.109,475.425,0.32,4
604,16,0,3,11.4708,2493.1
596,16,0,3,11.4706,2492.13
595,16,0,3,11.4652,2461.72
605,16,0,3,11.464,2453.73
529,16,0,3,11.4468,2353.71
726,16,0,3,11.4309,2252.51
714,16,0,3,11.4307,2250.62
1543,16,0,3,11.4259,2220.1
459,16,0,3,11.4156,2156.7
458,16,0,3,11.4091,2111.44
456,16,0,3,11.4,2050.65
457,16,0,3,11.3946,2020.43
454,16,0,3,11.387,1966.47
455,16,0,3,11.3846,1952.16
1108,16,0,4,11.7762,3990.79,0.0935,407.819,0.09,5
1109,16,0,4,11.7718,3968.11
1113,16,0,4,11.765,3933.96
1847,16,0,4,11.7515,3866.44
1086,16,0,4,11.7479,3846.41
1087,16,0,4,11.7334,3773.22
1090,16,0,4,11.7247,3728.06
1076,16,0,4,11.6985,3601.08
1074,16,0,4,11.6944,3579.96
1077,16,0,4,11.6848,3529.14
1080,16,0,4,11.6713,3461.94
1079,16,0,4,11.6647,3427.48
1061,16,0,4,11.6605,3406.2
1063,16,0,4,11.6569,3388.03
1062,16,0,4,11.6559,3380.95
2159,16,0,4,11.6556,3379.84
1045,16,0,4,11.6549,3376.69
1012,16,0,4,11.6477,3335.7
1014,16,0,4,11.6472,3332.84
989,16,0,4,11.6361,3274.53
990,16,0,4,11.6261,3224.27
991,16,0,4,11.6235,3211.92
706,16,0,4,11.6165,3172.46
704,16,0,4,11.6138,3159.68
2179,16,0,4,11.6136,3158.82
662,16,0,4,11.6074,3129.17
602,16,0,4,11.5961,3060.9
604,16,0,4,11.5935,3044.1
596,16,0,4,11.5934,3043.13
595,16,0,4,11.5879,3012.72
603,16,0,4,11.584,2991.67
1304,16,0,5,11.9992,5081.23,0.0428333,186.826,0.12,6
952,16,0,5,11.9748,4948.24
953,16,0,5,11.9641,4893.46
2023,16,0,5,11.9632,4889.36
2108,16,0,5,11.9468,4804.15
1794,16,0,5,11.9397,4768.39
2106,16,0,5,11.9245,4689.02
2039,16,0,5,11.9068,4595.49
1106,16,0,5,11.8972,4543.54
2035,16,0,5,11.883,4469.49
1108,16,0,5,11.8697,4398.6
895,16,0,6,12.1981,6068.38,0.0435,189.734,0.02,7
907,16,0,6,12.1824,5991.05
908,16,0,6,12.1733,5945.57
2014,16,0,6,12.1727,5942.89
2017,16,0,6,12.1716,5937.2
2170,16,0,6,12.1688,5923.01
1738,16,0,6,12.1514,5836.08
1737,16,0,6,12.1447,5802.3
936,16,0,6,12.1295,5723.39
933,16,0,6,12.1289,5720.45
934,16,0,6,12.1234,5682.8
935,16,0,6,12.1229,5680.19
2020,16,0,6,12.1118,5623.21
1787,16,0,6,12.0922,5526.06
1788,16,0,6,12.0914,5522.36
1789,16,0,6,12.08,5465.37
952,16,0,6,12.0711,5420.92
1304,16,0,6,12.042,5268.05
64,16,0,7,12.6024,8376.44,0,0,0
195,16,0,7,12.5733,8228.06
196,16,0,7,12.5705,8208.47
205,16,0,7,12.556,8122.02
215,16,0,7,12.5305,7965.64
225,16,0,7,12.5045,7762.43
715,16,0,7,12.473,7586.76
714,16,0,7,12.469,7562.6
726,16,0,7,12.4688,7560.75
529,16,0,7,12.4547,7461.1
605,16,0,7,12.4398,7364.43
603,16,0,7,12.4335,7331.35
604,16,0,7,12.4296,7309.49
596,16,0,7,12.4294,7308.52
580,16,0,7,12.4178,7244
574,16,0,7,12.3964,7132.88
573,16,0,7,12.3868,7079.08
564,16,0,7,12.3793,7038.82
557,16,0,7,12.3745,7007.75
561,16,0,7,12.368,6961.31
628,16,0,7,12.3638,6936.17
609,16,0,7,12.3521,6860.87
423,16,0,7,12.3462,6804.55
419,16,0,7,12.3394,6766.98
420,16,0,7,12.3334,6730.95
421,16,0,7,12.3288,6703.46
417,16,0,7,12.3238,6676.74
1989,16,0,7,12.3054,6582.53
2011,16,0,7,12.2861,6482.82
891,16,0,7,12.2641,6368.36
893,16,0,7,12.2581,6337.49
894,16,0,7,12.2528,6312.75
895,16,0,7,12.2416,6258.12
1302,16,1,0,13.7342,2766.91,0.035,152.659,0.22,1
949,16,1,0,13.7112,2642.85
2025,16,1,0,13.7077,2625.39
1598,16,1,0,13.7044,2606.63
948,16,1,0,13.6995,2579.61
928,16,1,0,13.6891,2522.31
929,16,1,0,13.6689,2416.19
2019,16,1,0,13.6685,2414.21
2157,16,1,0,13.6424,2290.85
905,16,1,0,13.6055,2102.44
889,16,1,0,13.5962,2054.31
890,16,1,0,13.5896,2018.4
2013,16,1,0,13.5701,1915.19
1988,16,1,0,13.5525,1821.32
417,16,1,0,13.532,1716.71
418,16,1,0,13.528,1695.77
419,16,1,0,13.5125,1609.96
423,16,1,0,13.5063,1573.67
609,16,1,0,13.5004,1517.35
628,16,1,0,13.4906,1443.34
561,16,1,0,13.4867,1418.58
557,16,1,0,13.4793,1371.34
554,16,1,0,13.4771,1360.2
565,16,1,0,13.467,1306.55
573,16,1,0,13.4617,1279.96
574,16,1,0,13.4544,1230.49
580,16,1,0,13.4316,1113.57
596,16,1,0,13.4255,1053.72
595,16,1,0,13.4205,1025.37
605,16,1,0,13.4193,1017.31
529,16,1,0,13.4027,918.413
726,16,1,0,13.3866,816.876
714,16,1,0,13.3864,814.998
715,16,1,0,13.3829,791.373
225,16,1,0,13.3651,630.742
215,16,1,0,13.3379,427.668
205,16,1,0,13.3069,255.297
196,16,1,0,13.2918,168.03
195,16,1,0,13.2892,148.465
64,16,1,0,13.26,0
978,16,1,1,14.0531,4355.78,0.0373333,162.837,0.05,2
1010,16,1,1,14.0382,4278.67
1011,16,1,1,14.0241,4206.68
1009,16,1,1,14.0174,4172.76
1038,16,1,1,14.0094,4132.87
1039,16,1,1,14.0088,4130.2
1037,16,1,1,13.996,4069.25
1034,16,1,1,13.9862,4019.03
2032,16,1,1,13.9708,3941.44
1050,16,1,1,13.9418,3796.99
1804,16,1,1,13.9287,3730.98
2015,16,1,1,13.9175,3674.76
2014,16,1,1,13.9093,3633.76
2017,16,1,1,13.9082,3628.07
2170,16,1,1,13.9053,3613.42
917,16,1,1,13.8991,3582.43
2016,16,1,1,13.8983,3578.62
915,16,1,1,13.8773,3473.67
1555,16,1,1,13.8699,3436.9
2157,16,1,1,13.859,3383.15
2019,16,1,1,13.8321,3256.89
929,16,1,1,13.8317,3254.9
938,16,1,1,13.8198,3189.05
950,16,1,1,13.8063,3118.49
951,16,1,1,13.7993,3082.77
949,16,1,1,13.7883,3026.3
1302,16,1,1,13.7692,2919.57
636,16,1,2,14.1701,4909.04,0.0391667,170.833,0.15,3
631,16,1,2,14.1634,4876.25
630,16,1,2,14.1576,4847.73
637,16,1,2,14.1471,4795.65
1996,16,1,2,14.1346,4732.36
1997,16,1,2,14.1307,4712.46
2027,16,1,2,14.1035,4582.24
2026,16,1,2,14.0977,4553.76
978,16,1,2,14.0904,4518.61
64,16,1,3,14.4555,6540.42,0,0,0
195,16,1,3,14.4339,6424.16
196,16,1,3,14.4312,6404.58
205,16,1,3,14.4169,6318.5
215,16,1,3,14.3925,6163.52
225,16,1,3,14.3676,5959.69
715,16,1,3,14.3327,5769.15
714,16,1,3,14.329,5745.31
726,16,1,3,14.3288,5743.45
529,16,1,3,14.3147,5643.84
605,16,1,3,14.2994,5546.58
603,16,1,3,14.2936,5515.6
604,16,1,3,14.2888,5490.19
596,16,1,3,14.2886,5489.22
580,16,1,3,14.2743,5413.01
583,16,1,3,14.2681,5383.2
587,16,1,3,14.2659,5368.77
578,16,1,3,14.2628,5351.95
575,16,1,3,14.2573,5320.85
571,16,1,3,14.2544,5304.73
570,16,1,3,14.2496,5281.45
1994,16,1,3,14.2368,5217.1
562,16,1,3,14.2235,5152.04
639,16,1,3,14.22,5134.6
638,16,1,3,14.2133,5100.57
636,16,1,3,14.2093,5079.87
603,17,0,0,11.1684,1012.31,0.109,475.425,0.32,1
604,17,0,0,11.1641,989.164
596,17,0,0,11.164,988.193
595,17,0,0,11.1585,957.784
605,17,0,0,11.1574,949.793
529,17,0,0,11.1402,849.768
726,17,0,0,11.1243,748.573
714,17,0,0,11.1241,746.688
715,17,0,0,11.1207,723.201
225,17,0,0,11.1032,562.11
215,17,0,0,11.0775,358.782
205,17,0,0,11.0536,204.484
196,17,0,0,11.0405,119.897
195,17,0,0,11.0379,100.335
64,17,0,0,11.02,0
1108,17,0,1,11.4695,2486.85,0.0935,407.819,0.09,2
1109,17,0,1,11.4652,2464.18
1113,17,0,1,11.4583,2430.03
1847,17,0,1,11.4449,2362.5
1086,17,0,1,11.4413,2342.47
1087,17,0,1,11.4267,2269.28
1090,17,0,1,11.418,2224.12
1076,17,0,1,11.3919,2097.14
1074,17,0,1,11.3878,2076.03
1077,17,0,1,11.3782,2025.21
1080,17,0,1,11.3647,1958
1079,17,0,1,11.3581,1923.55
1061,17,0,1,11.3538,1902.26
1063,17,0,1,11.3503,1884.1
1062,17,0,1,11.3492,1877.02
2159,17,0,1,11.349,1875.9
1045,17,0,1,11.3483,1872.75
1012,17,0,1,11.3411,1831.77
1014,17,0,1,11.3405,1828.9
989,17,0,1,11.3295,1770.6
990,17,0,1,11.3194,1720.33
991,17,0,1,11.3168,1707.98
706,17,0,1,11.3098,1668.52
704,17,0,1,11.3072,1655.75
2179,17,0,1,11.307,1654.88
662,17,0,1,11.3008,1625.24
602,17,0,1,11.2894,1556.96
604,17,0,1,11.2869,1540.16
596,17,0,1,11.2867,1539.19
595,17,0,1,11.2813,1508.78
603,17,0,1,11.2774,1487.73
1304,17,0,2,11.6926,3577.29,0.0428333,186.826,0.12,3
952,17,0,2,11.6682,3444.3
953,17,0,2,11.6574,3389.53
2023,17,0,2,11.6566,3385.43
2108,17,0,2,11.6401,3300.22
1794,17,0,2,11.6331,3264.46
2106,17,0,2,11.6178,3185.09
2039,17,0,2,11.6002,3091.56
1106,17,0,2,11.5906,3039.61
2035,17,0,2,11.5763,2965.56
1108,17,0,2,11.563,2894.67
895,17,0,3,11.8942,4576.55,0.103333,450.709,0.01,4
907,17,0,3,11.8786,4499.65
908,17,0,3,11.8693,4453.6
2014,17,0,3,11.8687,4450.92
2017,17,0,3,11.8676,4445.23
2170,17,0,3,11.8646,4430.37
1738,17,0,3,11.8501,4355.29
1737,17,0,3,11.8447,4327.23
936,17,0,3,11.8296,4248.61
933,17,0,3,11.829,4245.67
934,17,0,3,11.8235,4208.03
943,17,0,3,11.8069,4127.49
2020,17,0,3,11.8061,4123.55
1787,17,0,3,11.7887,4035.69
1788,17,0,3,11.788,4031.98
1789,17,0,3,11.7779,3980.67
952,17,0,3,11.7699,3940.16
1304,17,0,3,11.7354,3764.11
64,17,0,4,12.3342,7034.23,0,0,0
195,17,0,4,12.3121,6916
196,17,0,4,12.3092,6896.27
205,17,0,4,12.2953,6810.71
215,17,0,4,12.2697,6654.27
225,17,0,4,12.2444,6450.75
715,17,0,4,12.2163,6285.72
714,17,0,4,12.2124,6261.72
726,17,0,4,12.2122,6259.84
529,17,0,4,12.1985,6160.34
605,17,0,4,12.1837,6063.73
603,17,0,4,12.1786,6035.75
604,17,0,4,12.1743,6012.61
596,17,0,4,12.1742,6011.64
580,17,0,4,12.1658,5953.37
574,17,0,4,12.1485,5860.12
573,17,0,4,12.1384,5804.22
564,17,0,4,12.1308,5763.07
557,17,0,4,12.1247,5729.08
561,17,0,4,12.118,5682.56
628,17,0,4,12.1135,5656.91
609,17,0,4,12.1007,5580.26
423,17,0,4,12.0948,5523.94
419,17,0,4,12.0902,5489.49
420,17,0,4,12.0842,5453.55
431,17,0,4,12.0644,5356.51
434,17,0,4,12.0579,5325.9
873,17,0,4,12.0536,5302.89
874,17,0,4,12.0405,5239.64
870,17,0,4,12.0346,5209.76
894,17,0,4,12.0076,5077.24
895,17,0,4,11.9975,5027.26
220,17,1,0,11.3872,472.978,0.0955,416.542,0.04,1
2130,17,1,0,11.3724,392.48
215,17,1,0,11.3675,358.782
205,17,1,0,11.3436,204.484
196,17,1,0,11.3305,119.897
195,17,1,0,11.3279,100.335
64,17,1,0,11.31,0
455,17,1,1,11.5721,1421.69,0.0408333,178.103,0.03,2
454,17,1,1,11.5693,1406.07
457,17,1,1,11.5625,1352.11
456,17,1,1,11.5574,1322.67
458,17,1,1,11.5479,1261.52
459,17,1,1,11.542,1216.42
450,17,1,1,11.5268,1132.53
229,17,1,1,11.5173,1079.68
222,17,1,1,11.493,945.57
220,17,1,1,11.4827,889.52
710,17,1,2,11.6756,1988,0.0443333,193.369,0.36,3
1543,17,1,2,11.6542,1867.73
459,17,1,2,11.6439,1804.33
458,17,1,2,11.6374,1759.07
456,17,1,2,11.6283,1698.29
457,17,1,2,11.6229,1668.07
454,17,1,2,11.6153,1614.11
455,17,1,2,11.6129,1599.79
64,17,1,3,11.8205,2864.25,0,0,0
195,17,1,3,11.7993,2749.57
196,17,1,3,11.7965,2729.96
205,17,1,3,11.784,2646.06
215,17,1,3,11.7641,2493.96
225,17,1,3,11.7389,2290.4
1680,17,1,3,11.7359,2271.38
710,17,1,3,11.72,2181.37
1302,17,2,0,13.7842,2766.91,0.035,152.659,0.22,1
949,17,2,0,13.7612,2642.85
2025,17,2,0,13.7577,2625.39
1598,17,2,0,13.7544,2606.63
948,17,2,0,13.7495,2579.61
928,17,2,0,13.7391,2522.31
929,17,2,0,13.7189,2416.19
2019,17,2,0,13.7185,2414.21
2157,17,2,0,13.6924,2290.85
905,17,2,0,13.6555,2102.44
889,17,2,0,13.6462,2054.31
890,17,2,0,13.6396,2018.4
2013,17,2,0,13.6201,1915.19
1988,17,2,0,13.6025,1821.32
417,17,2,0,13.582,1716.71
418,17,2,0,13.578,1695.77
419,17,2,0,13.5625,1609.96
423,17,2,0,13.5563,1573.67
609,17,2,0,13.5504,1517.35
628,17,2,0,13.5406,1443.34
561,17,2,0,13.5367,1418.58
557,17,2,0,13.5293,1371.34
554,17,2,0,13.5271,1360.2
565,17,2,0,13.517,1306.55
573,17,2,0,13.5117,1279.96
574,17,2,0,13.5044,1230.49
580,17,2,0,13.4816,1113.57
596,17,2,0,13.4755,1053.72
595,17,2,0,13.4705,1025.37
605,17,2,0,13.4693,1017.31
529,17,2,0,13.4527,918.413
726,17,2,0,13.4366,816.876
714,17,2,0,13.4364,814.998
715,17,2,0,13.4329,791.373
225,17,2,0,13.4151,630.742
215,17,2,0,13.3879,427.668
205,17,2,0,13.3569,255.297
196,17,2,0,13.3418,168.03
195,17,2,0,13.3392,148.465
64,17,2,0,13.31,0
978,17,2,1,14.1031,4355.78,0.0373333,162.837,0.05,2
1010,17,2,1,14.0882,4278.67
1011,17,2,1,14.0741,4206.68
1009,17,2,1,14.0674,4172.76
1038,17,2,1,14.0594,4132.87
1039,17,2,1,14.0588,4130.2
1037,17,2,1,14.046,4069.25
1034,17,2,1,14.0362,4019.03
2032,17,2,1,14.0208,3941.44
1050,17,2,1,13.9918,3796.99
1804,17,2,1,13.9787,3730.98
2015,17,2,1,13.9675,3674.76
2014,17,2,1,13.9593,3633.76
2017,17,2,1,13.9582,3628.07
2170,17,2,1,13.9553,3613.42
917,17,2,1,13.9491,3582.43
2016,17,2,1,13.9483,3578.62
915,17,2,1,13.9273,3473.67
1555,17,2,1,13.9199,3436.9
2157,17,2,1,13.909,3383.15
2019,17,2,1,13.8821,3256.89
929,17,2,1,13.8817,3254.9
938,17,2,1,13.8698,3189.05
950,17,2,1,13.8563,3118.49
951,17,2,1,13.8493,3082.77
949,17,2,1,13.8383,3026.3
1302,17,2,1,13.8192,2919.57
636,17,2,2,14.2201,4909.04,0.0391667,170.833,0.15,3
631,17,2,2,14.2134,4876.25
630,17,2,2,14.2076,4847.73
637,17,2,2,14.1971,4795.65
1996,17,2,2,14.1846,4732.36
1997,17,2,2,14.1807,4712.46
2027,17,2,2,14.1535,4582.24
2026,17,2,2,14.1477,4553.76
978,17,2,2,14.1404,4518.61
64,17,2,3,14.5055,6540.42,0,0,0
195,17,2,3,14.4839,6424.16
196,17,2,3,14.4812,6404.58
205,17,2,3,14.4669,6318.5
215,17,2,3,14.4425,6163.52
225,17,2,3,14.4176,5959.69
715,17,2,3,14.3827,5769.15
714,17,2,3,14.379,5745.31
726,17,2,3,14.3788,5743.45
529,17,2,3,14.3647,5643.84
605,17,2,3,14.3494,5546.58
603,17,2,3,14.3436,5515.6
604,17,2,3,14.3388,5490.19
596,17,2,3,14.3386,5489.22
580,17,2,3,14.3243,5413.01
583,17,2,3,14.3181,5383.2
587,17,2,3,14.3159,5368.77
578,17,2,3,14.3128,5351.95
575,17,2,3,14.3073,5320.85
571,17,2,3,14.3044,5304.73
570,17,2,3,14.2996,5281.45
1994,17,2,3,14.2868,5217.1
562,17,2,3,14.2735,5152.04
639,17,2,3,14.27,5134.6
638,17,2,3,14.2633,5100.57
636,17,2,3,14.2593,5079.87
