Node, Individual, Route,Segment, Travel time, Travel cost, Attention time, Attention cost, Failure rate, Demand
220,0,0,0,13.0302,511.167,0.072,314.042,0.12,1
2130,0,0,0,13.0124,417.757
215,0,0,0,13.0069,383.417
205,0,0,0,12.9789,223.068
196,0,0,0,12.965,137.521
195,0,0,0,12.9619,117.624
64,0,0,0,12.94,0
710,0,0,1,13.169,1171.13,0.0466667,203.546,0.45,2
223,0,0,1,13.1499,1071.11
224,0,0,1,13.1266,958.91
222,0,0,1,13.1109,874.132
220,0,0,1,13.1022,825.209
455,0,0,2,13.2763,1763.6,0.0423333,184.645,0.11,3
454,0,0,2,13.2731,1746.22
457,0,0,2,13.2665,1692.15
456,0,0,2,13.2616,1663.11
458,0,0,2,13.2523,1602.2
459,0,0,2,13.2457,1556.85
1543,0,0,2,13.2371,1495.04
710,0,0,2,13.2156,1374.67
1108,0,0,3,13.5822,3410.34,0.0723333,315.496,0.16,4
1109,0,0,3,13.5782,3388.96
1113,0,0,3,13.5718,3356.71
1847,0,0,3,13.56,3296.07
1086,0,0,3,13.5563,3275.89
1087,0,0,3,13.5429,3207.33
1090,0,0,3,13.5343,3162.57
1076,0,0,3,13.5162,3069.24
1074,0,0,3,13.5122,3048.58
1077,0,0,3,13.4988,2981.61
1080,0,0,3,13.4839,2908.26
1079,0,0,3,13.4767,2871.78
1061,0,0,3,13.4725,2850.49
1063,0,0,3,13.4693,2833.65
1062,0,0,3,13.4683,2826.61
2159,0,0,3,13.4681,2825.63
1045,0,0,3,13.4674,2822.48
1012,0,0,3,13.4602,2781.49
2028,0,0,3,13.4521,2736.03
989,0,0,3,13.4487,2720.29
990,0,0,3,13.4386,2670.03
991,0,0,3,13.436,2657.68
706,0,0,3,13.429,2618.21
704,0,0,3,13.4264,2605.44
2179,0,0,3,13.4262,2604.58
662,0,0,3,13.42,2574.93
602,0,0,3,13.4087,2506.79
599,0,0,3,13.4042,2482.09
605,0,0,3,13.3991,2453.97
529,0,0,3,13.3825,2355.08
726,0,0,3,13.3664,2253.54
714,0,0,3,13.3662,2251.66
1543,0,0,3,13.3604,2219.22
459,0,0,3,13.3503,2156.04
458,0,0,3,13.3436,2110.63
456,0,0,3,13.335,2050.23
457,0,0,3,13.329,2017.18
454,0,0,3,13.3213,1963.2
455,0,0,3,13.3186,1948.24
1304,0,0,4,13.7832,4404.31,0.0735,320.585,0.21,5
952,0,0,4,13.7591,4272.99
953,0,0,4,13.7469,4211.94
2023,0,0,4,13.7461,4207.84
2108,0,0,4,13.7319,4132.18
1794,0,0,4,13.7256,4099.83
2106,0,0,4,13.7117,4026.08
2039,0,0,4,13.6931,3928.56
1106,0,0,4,13.6829,3874.16
2035,0,0,4,13.6709,3809.57
1108,0,0,4,13.6546,3725.83
1302,0,0,5,13.9038,4963.89,0.035,152.659,0.22,6
1303,0,0,5,13.8834,4860.2
1305,0,0,5,13.8682,4784.18
1304,0,0,5,13.8567,4724.9
895,0,0,6,14.0877,5894.32,0.081,353.298,0.02,7
896,0,0,6,14.084,5876.08
892,0,0,6,14.0803,5857.33
906,0,0,6,14.0677,5788.47
1555,0,0,6,14.0394,5633.87
2157,0,0,6,14.0285,5580.12
2019,0,0,6,14.0017,5453.86
929,0,0,6,14.0013,5451.88
938,0,0,6,13.9893,5386.03
950,0,0,6,13.9758,5315.47
951,0,0,6,13.9688,5279.75
949,0,0,6,13.9578,5223.27
1302,0,0,6,13.9388,5116.55
978,0,0,7,14.3347,7086.98,0.0373333,162.837,0.05,8
1010,0,0,7,14.3199,7010.21
1011,0,0,7,14.3056,6937.58
1009,0,0,7,14.3,6908.14
1038,0,0,7,14.2918,6867.54
1039,0,0,7,14.2913,6864.87
1037,0,0,7,14.2814,6816.31
1034,0,0,7,14.2732,6772.47
2032,0,0,7,14.2577,6694.87
1050,0,0,7,14.2314,6561.09
1049,0,0,7,14.2313,6561
1025,0,0,7,14.224,6523.3
1029,0,0,7,14.2109,6457.51
1027,0,0,7,14.1981,6394.14
898,0,0,7,14.1877,6341.65
895,0,0,7,14.1687,6247.62
636,0,0,8,14.4517,7640.24,0.0391667,170.833,0.15,9
631,0,0,8,14.445,7607.45
630,0,0,8,14.4392,7578.93
637,0,0,8,14.4287,7526.85
1996,0,0,8,14.4162,7463.56
1997,0,0,8,14.4123,7443.66
2027,0,0,8,14.3851,7313.44
2026,0,0,8,14.3793,7284.96
978,0,0,8,14.372,7249.82
603,0,0,9,14.5752,8246.8,0.0658333,287.145,0.35,10
604,0,0,9,14.5704,8221.39
596,0,0,9,14.5702,8220.42
580,0,0,9,14.556,8144.21
583,0,0,9,14.5497,8114.4
587,0,0,9,14.5475,8099.97
578,0,0,9,14.5444,8083.16
575,0,0,9,14.5389,8052.05
571,0,0,9,14.536,8035.93
570,0,0,9,14.5312,8012.65
1994,0,0,9,14.5184,7948.3
562,0,0,9,14.5051,7883.24
639,0,0,9,14.5016,7865.8
638,0,0,9,14.4949,7831.77
636,0,0,9,14.4909,7811.07
64,0,0,10,14.8029,9558.76,0,0,0
195,0,0,10,14.7814,9442.51
196,0,0,10,14.7786,9422.93
205,0,0,10,14.7644,9336.85
215,0,0,10,14.74,9181.87
225,0,0,10,14.7151,8978.04
715,0,0,10,14.6801,8787.49
714,0,0,10,14.6764,8763.65
726,0,0,10,14.6762,8761.79
529,0,0,10,14.6622,8662.18
605,0,0,10,14.6468,8564.93
603,0,0,10,14.641,8533.95
220,1,0,0,12.8602,511.167,0.0923333,402.73,0.08,1
2130,1,0,0,12.8424,417.757
215,1,0,0,12.8369,383.417
205,1,0,0,12.8089,223.068
196,1,0,0,12.795,137.521
195,1,0,0,12.7919,117.624
64,1,0,0,12.77,0
710,1,0,1,13.017,1250.5,0.0466667,203.546,0.45,2
223,1,0,1,13.0004,1161.15
224,1,0,1,12.9785,1054.49
222,1,0,1,12.9626,968.676
220,1,0,1,12.9526,913.897
455,1,0,2,13.1244,1842.97,0.0423333,184.645,0.11,3
454,1,0,2,13.1211,1825.59
457,1,0,2,13.1146,1771.53
456,1,0,2,13.1096,1742.49
458,1,0,2,13.1004,1681.58
459,1,0,2,13.0938,1636.23
1543,1,0,2,13.0852,1574.42
710,1,0,2,13.0637,1454.05
1108,1,0,3,13.4303,3489.72,0.0723333,315.496,0.16,4
1109,1,0,3,13.4262,3468.33
1113,1,0,3,13.4198,3436.08
1847,1,0,3,13.4081,3375.45
1086,1,0,3,13.4044,3355.26
1087,1,0,3,13.391,3286.71
1090,1,0,3,13.3824,3241.94
1076,1,0,3,13.3643,3148.62
1074,1,0,3,13.3603,3127.95
1077,1,0,3,13.3468,3060.98
1080,1,0,3,13.3319,2987.63
1079,1,0,3,13.3248,2951.15
1061,1,0,3,13.3205,2929.87
1063,1,0,3,13.3173,2913.03
1062,1,0,3,13.3163,2905.99
2159,1,0,3,13.3161,2905
1045,1,0,3,13.3154,2901.85
1012,1,0,3,13.3082,2860.87
2028,1,0,3,13.3001,2815.4
989,1,0,3,13.2967,2799.67
990,1,0,3,13.2867,2749.41
991,1,0,3,13.2841,2737.05
706,1,0,3,13.2771,2697.59
704,1,0,3,13.2744,2684.82
2179,1,0,3,13.2742,2683.96
662,1,0,3,13.268,2654.31
602,1,0,3,13.2568,2586.17
599,1,0,3,13.2523,2561.47
605,1,0,3,13.2471,2533.35
529,1,0,3,13.2306,2434.45
726,1,0,3,13.2144,2332.92
714,1,0,3,13.2142,2331.04
1543,1,0,3,13.2085,2298.6
459,1,0,3,13.1983,2235.42
458,1,0,3,13.1916,2190.01
456,1,0,3,13.183,2129.61
457,1,0,3,13.177,2096.56
454,1,0,3,13.1694,2042.58
455,1,0,3,13.1667,2027.62
1304,1,0,4,13.6312,4483.69,0.0735,320.585,0.21,5
952,1,0,4,13.6072,4352.37
953,1,0,4,13.5949,4291.32
2023,1,0,4,13.5941,4287.22
2108,1,0,4,13.5799,4211.55
1794,1,0,4,13.5736,4179.21
2106,1,0,4,13.5597,4105.45
2039,1,0,4,13.5412,4007.94
1106,1,0,4,13.5309,3953.53
2035,1,0,4,13.5189,3888.95
1108,1,0,4,13.5026,3805.21
1302,1,0,5,13.7518,5043.27,0.035,152.659,0.22,6
1303,1,0,5,13.7315,4939.58
1305,1,0,5,13.7162,4863.56
1304,1,0,5,13.7047,4804.28
895,1,0,6,13.9358,5973.7,0.0823333,359.113,0.02,7
896,1,0,6,13.9321,5955.46
892,1,0,6,13.9283,5936.71
906,1,0,6,13.9157,5867.85
1555,1,0,6,13.8875,5713.25
2157,1,0,6,13.8766,5659.5
2019,1,0,6,13.8497,5533.24
929,1,0,6,13.8493,5531.26
938,1,0,6,13.8373,5465.41
950,1,0,6,13.8238,5394.84
951,1,0,6,13.8168,5359.13
949,1,0,6,13.8059,5302.65
1302,1,0,6,13.7868,5195.93
978,1,0,7,14.1841,7172.17,0.0373333,162.837,0.05,8
1010,1,0,7,14.1692,7095.41
1011,1,0,7,14.155,7022.77
1009,1,0,7,14.1494,6993.33
1038,1,0,7,14.1412,6952.74
1039,1,0,7,14.1406,6950.06
1037,1,0,7,14.1308,6901.5
1034,1,0,7,14.1226,6857.66
2032,1,0,7,14.1071,6780.07
1050,1,0,7,14.0807,6646.28
1049,1,0,7,14.0807,6646.19
1025,1,0,7,14.0733,6608.49
1029,1,0,7,14.0603,6542.71
1027,1,0,7,14.0475,6479.33
898,1,0,7,14.0371,6426.85
895,1,0,7,14.0181,6332.81
636,1,0,8,14.3011,7725.43,0.0391667,170.833,0.15,9
631,1,0,8,14.2944,7692.64
630,1,0,8,14.2886,7664.12
637,1,0,8,14.278,7612.04
1996,1,0,8,14.2656,7548.76
1997,1,0,8,14.2617,7528.85
2027,1,0,8,14.2345,7398.64
2026,1,0,8,14.2287,7370.15
978,1,0,8,14.2214,7335.01
603,1,0,9,14.4245,8331.99,0.0658333,287.145,0.35,10
604,1,0,9,14.4198,8306.58
596,1,0,9,14.4196,8305.61
580,1,0,9,14.4053,8229.41
583,1,0,9,14.3991,8199.59
587,1,0,9,14.3969,8185.16
578,1,0,9,14.3938,8168.35
575,1,0,9,14.3883,8137.24
571,1,0,9,14.3854,8121.12
570,1,0,9,14.3806,8097.85
1994,1,0,9,14.3678,8033.49
562,1,0,9,14.3544,7968.44
639,1,0,9,14.351,7950.99
638,1,0,9,14.3443,7916.96
636,1,0,9,14.3403,7896.26
64,1,0,10,14.6523,9643.96,0,0,0
195,1,0,10,14.6307,9527.7
196,1,0,10,14.628,9508.12
205,1,0,10,14.6138,9422.04
215,1,0,10,14.5893,9267.06
225,1,0,10,14.5645,9063.23
715,1,0,10,14.5295,8872.69
714,1,0,10,14.5258,8848.84
726,1,0,10,14.5256,8846.99
529,1,0,10,14.5115,8747.38
605,1,0,10,14.4962,8650.12
603,1,0,10,14.4904,8619.14
603,2,0,0,12.3499,1036.37,0.0631667,275.514,0.35,1
604,2,0,0,12.3459,1014.51
596,2,0,0,12.3458,1013.54
595,2,0,0,12.3397,980.797
605,2,0,0,12.3386,972.784
529,2,0,0,12.3213,872.775
726,2,0,0,12.3066,772.69
714,2,0,0,12.3064,770.827
715,2,0,0,12.3028,747.175
225,2,0,0,12.2849,586.655
215,2,0,0,12.2569,383.417
205,2,0,0,12.2289,223.068
196,2,0,0,12.215,137.521
195,2,0,0,12.2119,117.624
64,2,0,0,12.19,0
978,2,0,1,12.5247,1890,0.107833,470.336,0.07,2
1010,2,0,1,12.5091,1809.85
1016,2,0,1,12.4866,1707.34
1548,2,0,1,12.4796,1671.31
1012,2,0,1,12.4754,1648.89
1014,2,0,1,12.475,1646.68
989,2,0,1,12.4645,1590.82
990,2,0,1,12.4544,1540.56
704,2,0,1,12.4431,1482.82
2179,2,0,1,12.4429,1481.96
662,2,0,1,12.4367,1452.31
602,2,0,1,12.4258,1384.62
604,2,0,1,12.4233,1367.94
596,2,0,1,12.4232,1366.97
595,2,0,1,12.4172,1334.23
603,2,0,1,12.413,1311.88
1108,2,0,2,12.7723,3062.26,0.0588333,256.613,0.13,3
1109,2,0,2,12.7682,3040.72
1848,2,0,2,12.748,2946.21
1069,2,0,2,12.7403,2904.46
1784,2,0,2,12.7241,2818.91
1053,2,0,2,12.7206,2801.06
2033,2,0,2,12.7011,2709.47
1054,2,0,2,12.6935,2668.56
1037,2,0,2,12.6887,2642.84
1039,2,0,2,12.6812,2604.23
1041,2,0,2,12.6717,2556.4
2030,2,0,2,12.6655,2525.47
1011,2,0,2,12.6653,2524.62
1547,2,0,2,12.651,2454.5
1546,2,0,2,12.646,2428.81
975,2,0,2,12.6428,2411.66
981,2,0,2,12.6387,2390.87
980,2,0,2,12.6362,2378.83
978,2,0,2,12.6326,2360.34
1304,2,0,3,12.964,4013.52,0.0815,355.478,0.17,4
2163,2,0,3,12.943,3903.78
2051,2,0,3,12.9094,3725.69
2050,2,0,3,12.8982,3666.68
2106,2,0,3,12.8913,3631.94
2039,2,0,3,12.8736,3537.97
1106,2,0,3,12.8637,3485.03
2035,2,0,3,12.8511,3418.2
1108,2,0,3,12.8311,3318.87
1302,2,0,4,13.0926,4607.99,0.035,152.659,0.22,5
1303,2,0,4,13.0723,4504.3
1305,2,0,4,13.0571,4428.28
1304,2,0,4,13.0455,4368.99
895,2,0,5,13.2766,5538.42,0.0823333,359.113,0.02,6
896,2,0,5,13.2729,5520.18
892,2,0,5,13.2692,5501.43
906,2,0,5,13.2565,5432.57
1555,2,0,5,13.2283,5277.97
2157,2,0,5,13.2174,5224.22
2019,2,0,5,13.1905,5097.96
929,2,0,5,13.1901,5095.97
938,2,0,5,13.1781,5030.12
950,2,0,5,13.1647,4959.56
951,2,0,5,13.1576,4923.85
949,2,0,5,13.1467,4867.37
1302,2,0,5,13.1276,4760.65
636,2,0,6,13.5005,6709.58,0.0665,290.053,0.15,7
633,2,0,6,13.4948,6680.05
563,2,0,6,13.4895,6655.05
564,2,0,6,13.4837,6624.21
557,2,0,6,13.4778,6591.12
561,2,0,6,13.4711,6544.59
628,2,0,6,13.4668,6519.22
609,2,0,6,13.4546,6443.42
423,2,0,6,13.4487,6387.1
419,2,0,6,13.4434,6352.25
420,2,0,6,13.4383,6317.31
421,2,0,6,13.4343,6290.53
417,2,0,6,13.4298,6266.05
1989,2,0,6,13.4132,6179.63
2011,2,0,6,13.3954,6086.44
891,2,0,6,13.3755,5980.55
892,2,0,6,13.365,5928.91
896,2,0,6,13.3624,5914.85
895,2,0,6,13.3589,5897.53
455,2,0,7,13.7296,7868.74,0.0423333,184.645,0.11,8
453,2,0,7,13.7209,7803.28
452,2,0,7,13.7087,7715.96
1678,2,0,7,13.693,7631.57
474,2,0,7,13.6729,7532.06
2140,2,0,7,13.6648,7494.22
475,2,0,7,13.6581,7462.95
499,2,0,7,13.6503,7423.36
500,2,0,7,13.6457,7399.96
518,2,0,7,13.6402,7371.77
1754,2,0,7,13.627,7309.91
540,2,0,7,13.6184,7266.01
541,2,0,7,13.6077,7210.86
572,2,0,7,13.599,7165.11
1994,2,0,7,13.5893,7114.83
562,2,0,7,13.5797,7065.78
639,2,0,7,13.5763,7048.34
638,2,0,7,13.571,7020.55
636,2,0,7,13.567,6999.63
710,2,0,8,13.837,8452.59,0.0466667,203.546,0.45,9
1543,2,0,8,13.8137,8324.37
459,2,0,8,13.8036,8261.18
458,2,0,8,13.7969,8215.78
456,2,0,8,13.7883,8155.37
457,2,0,8,13.7822,8122.33
454,2,0,8,13.7746,8068.35
455,2,0,8,13.7719,8053.38
220,2,0,9,13.947,8990.13,0.072,314.042,0.12,10
222,2,0,9,13.939,8942.4
224,2,0,9,13.9228,8855.4
223,2,0,9,13.9067,8772.72
710,2,0,9,13.8837,8656.13
64,2,0,10,14.1026,9802.85,0,0,0
195,2,0,10,14.0811,9686.59
196,2,0,10,14.0783,9667.01
205,2,0,10,14.0641,9580.93
215,2,0,10,14.0396,9425.96
2130,2,0,10,14.0356,9392.3
220,2,0,10,14.019,9304.17
220,3,0,0,12.8102,511.167,0.0923333,402.73,0.08,1
2130,3,0,0,12.7924,417.757
215,3,0,0,12.7869,383.417
205,3,0,0,12.7589,223.068
196,3,0,0,12.745,137.521
195,3,0,0,12.7419,117.624
64,3,0,0,12.72,0
710,3,0,1,12.967,1250.5,0.0983333,428.9,0.42,2
223,3,0,1,12.9504,1161.15
224,3,0,1,12.9285,1054.49
222,3,0,1,12.9126,968.676
220,3,0,1,12.9026,913.897
455,3,0,2,13.126,2068.33,0.0423333,184.645,0.11,3
454,3,0,2,13.1228,2050.95
457,3,0,2,13.1162,1996.88
456,3,0,2,13.1113,1967.85
458,3,0,2,13.1021,1906.93
459,3,0,2,13.0954,1861.58
1543,3,0,2,13.0869,1799.77
710,3,0,2,13.0654,1679.4
1108,3,0,3,13.432,3715.07,0.0723333,315.496,0.16,4
1109,3,0,3,13.4279,3693.69
1113,3,0,3,13.4215,3661.44
1847,3,0,3,13.4097,3600.81
1086,3,0,3,13.4061,3580.62
1087,3,0,3,13.3926,3512.06
1090,3,0,3,13.384,3467.3
1076,3,0,3,13.366,3373.97
1074,3,0,3,13.3619,3353.31
1077,3,0,3,13.3485,3286.34
1080,3,0,3,13.3336,3212.99
1079,3,0,3,13.3265,3176.51
1061,3,0,3,13.3222,3155.22
1063,3,0,3,13.319,3138.38
1062,3,0,3,13.318,3131.34
2159,3,0,3,13.3178,3130.36
1045,3,0,3,13.3171,3127.21
1012,3,0,3,13.3099,3086.22
2028,3,0,3,13.3018,3040.76
989,3,0,3,13.2984,3025.02
990,3,0,3,13.2883,2974.76
991,3,0,3,13.2857,2962.41
706,3,0,3,13.2787,2922.94
704,3,0,3,13.2761,2910.17
2179,3,0,3,13.2759,2909.31
662,3,0,3,13.2697,2879.66
602,3,0,3,13.2585,2811.52
599,3,0,3,13.254,2786.83
605,3,0,3,13.2488,2758.7
529,3,0,3,13.2322,2659.81
726,3,0,3,13.2161,2558.27
714,3,0,3,13.2159,2556.39
1543,3,0,3,13.2101,2523.95
459,3,0,3,13.2,2460.77
458,3,0,3,13.1933,2415.36
456,3,0,3,13.1847,2354.96
457,3,0,3,13.1787,2321.91
454,3,0,3,13.171,2267.93
455,3,0,3,13.1684,2252.97
1304,3,0,4,13.6329,4709.04,0.0735,320.585,0.21,5
952,3,0,4,13.6089,4577.72
953,3,0,4,13.5966,4516.67
2023,3,0,4,13.5958,4512.57
2108,3,0,4,13.5816,4436.91
1794,3,0,4,13.5753,4404.56
2106,3,0,4,13.5614,4330.81
2039,3,0,4,13.5428,4233.29
1106,3,0,4,13.5326,4178.89
2035,3,0,4,13.5206,4114.3
1108,3,0,4,13.5043,4030.57
1302,3,0,5,13.7535,5268.62,0.035,152.659,0.22,6
1303,3,0,5,13.7331,5164.93
1305,3,0,5,13.7179,5088.91
1304,3,0,5,13.7064,5029.63
895,3,0,6,13.9374,6199.05,0.0823333,359.113,0.02,7
896,3,0,6,13.9337,6180.81
892,3,0,6,13.93,6162.06
906,3,0,6,13.9174,6093.2
1555,3,0,6,13.8892,5938.6
2157,3,0,6,13.8782,5884.85
2019,3,0,6,13.8514,5758.59
929,3,0,6,13.851,5756.61
938,3,0,6,13.839,5690.76
950,3,0,6,13.8255,5620.2
951,3,0,6,13.8185,5584.48
949,3,0,6,13.8075,5528
1302,3,0,6,13.7885,5421.28
978,3,0,7,14.1857,7397.53,0.0373333,162.837,0.05,8
1010,3,0,7,14.1709,7320.76
1011,3,0,7,14.1567,7248.12
1009,3,0,7,14.1511,7218.69
1038,3,0,7,14.1429,7178.09
1039,3,0,7,14.1423,7175.42
1037,3,0,7,14.1325,7126.85
1034,3,0,7,14.1242,7083.01
2032,3,0,7,14.1088,7005.42
1050,3,0,7,14.0824,6871.64
1049,3,0,7,14.0824,6871.55
1025,3,0,7,14.075,6833.85
1029,3,0,7,14.062,6768.06
1027,3,0,7,14.0491,6704.68
898,3,0,7,14.0387,6652.2
895,3,0,7,14.0198,6558.17
636,3,0,8,14.3028,7950.79,0.0391667,170.833,0.15,9
631,3,0,8,14.2961,7917.99
630,3,0,8,14.2903,7889.48
637,3,0,8,14.2797,7837.4
1996,3,0,8,14.2673,7774.11
1997,3,0,8,14.2634,7754.21
2027,3,0,8,14.2362,7623.99
2026,3,0,8,14.2304,7595.51
978,3,0,8,14.2231,7560.36
603,3,0,9,14.4262,8557.35,0.0658333,287.145,0.35,10
604,3,0,9,14.4214,8531.94
596,3,0,9,14.4213,8530.97
580,3,0,9,14.407,8454.76
583,3,0,9,14.4008,8424.95
587,3,0,9,14.3986,8410.52
578,3,0,9,14.3955,8393.7
575,3,0,9,14.39,8362.6
571,3,0,9,14.3871,8346.47
570,3,0,9,14.3822,8323.2
1994,3,0,9,14.3695,8258.84
562,3,0,9,14.3561,8193.79
639,3,0,9,14.3526,8176.35
638,3,0,9,14.3459,8142.32
636,3,0,9,14.3419,8121.62
64,3,0,10,14.654,9869.31,0,0,0
195,3,0,10,14.6324,9753.06
196,3,0,10,14.6297,9733.48
205,3,0,10,14.6154,9647.4
215,3,0,10,14.591,9492.42
225,3,0,10,14.5661,9288.58
715,3,0,10,14.5312,9098.04
714,3,0,10,14.5274,9074.2
726,3,0,10,14.5273,9072.34
529,3,0,10,14.5132,8972.73
605,3,0,10,14.4978,8875.47
603,3,0,10,14.492,8844.49
220,4,0,0,12.2602,511.167,0.0923333,402.73,0.08,1
2130,4,0,0,12.2424,417.757
215,4,0,0,12.2369,383.417
205,4,0,0,12.2089,223.068
196,4,0,0,12.195,137.521
195,4,0,0,12.1919,117.624
64,4,0,0,12.17,0
603,4,0,1,12.4734,1615.67,0.0631667,275.514,0.35,2
604,4,0,1,12.4695,1593.8
596,4,0,1,12.4693,1592.83
595,4,0,1,12.4633,1560.09
605,4,0,1,12.4621,1552.08
529,4,0,1,12.4449,1452.07
726,4,0,1,12.4301,1351.99
714,4,0,1,12.4299,1350.12
1543,4,0,1,12.4257,1320.16
459,4,0,1,12.4156,1257.06
450,4,0,1,12.3993,1168.32
229,4,0,1,12.3873,1104.61
222,4,0,1,12.3626,968.676
220,4,0,1,12.3526,913.897
1108,4,0,2,12.725,2873.75,0.0588333,256.613,0.13,3
1109,4,0,2,12.7209,2852.21
1113,4,0,2,12.7137,2816.27
1847,4,0,2,12.7006,2750.43
1086,4,0,2,12.697,2730.19
1087,4,0,2,12.6832,2660.4
1090,4,0,2,12.674,2613.15
1076,4,0,2,12.651,2498.97
1074,4,0,2,12.647,2478.57
1077,4,0,2,12.6367,2424.52
1080,4,0,2,12.6234,2358.07
1079,4,0,2,12.6158,2319.39
1061,4,0,2,12.6115,2298.1
1063,4,0,2,12.6081,2280.29
1062,4,0,2,12.607,2273.22
2159,4,0,2,12.6068,2272.32
1045,4,0,2,12.6062,2269.17
1012,4,0,2,12.5989,2228.18
1014,4,0,2,12.5985,2225.98
989,4,0,2,12.588,2170.12
990,4,0,2,12.578,2119.86
704,4,0,2,12.5667,2062.12
2179,4,0,2,12.5665,2061.26
662,4,0,2,12.5603,2031.61
602,4,0,2,12.5493,1963.92
604,4,0,2,12.5469,1947.23
596,4,0,2,12.5468,1946.26
595,4,0,2,12.5407,1913.53
603,4,0,2,12.5366,1891.18
1304,4,0,3,12.9168,3825,0.0815,355.478,0.17,4
2163,4,0,3,12.8958,3715.26
2051,4,0,3,12.8622,3537.17
2050,4,0,3,12.851,3478.16
2106,4,0,3,12.8441,3443.43
2039,4,0,3,12.8263,3349.46
1106,4,0,3,12.8165,3296.52
2035,4,0,3,12.8039,3229.69
1108,4,0,3,12.7839,3130.36
1302,4,0,4,13.0442,4414.49,0.035,152.659,0.22,5
1303,4,0,4,13.0239,4310.95
1305,4,0,4,13.0104,4242.04
1304,4,0,4,12.9983,4180.48
895,4,0,5,13.2282,5344.92,0.0823333,359.113,0.02,6
896,4,0,5,13.2245,5326.68
892,4,0,5,13.2207,5307.93
906,4,0,5,13.2081,5239.07
1555,4,0,5,13.1799,5084.47
2157,4,0,5,13.169,5030.72
2019,4,0,5,13.1421,4904.46
929,4,0,5,13.1417,4902.47
938,4,0,5,13.1297,4836.62
950,4,0,5,13.1162,4766.06
951,4,0,5,13.1092,4730.35
949,4,0,5,13.0982,4673.87
1302,4,0,5,13.0792,4567.15
978,4,0,6,13.4828,6568.41,0.0648333,282.783,0.06,7
1010,4,0,6,13.4691,6496.29
1011,4,0,6,13.4543,6421.57
1009,4,0,6,13.448,6389.14
1038,4,0,6,13.44,6349.25
1039,4,0,6,13.4394,6346.57
1037,4,0,6,13.4265,6285.62
1034,4,0,6,13.4168,6235.41
2032,4,0,6,13.4013,6157.81
2031,4,0,6,13.401,6155.99
1031,4,0,6,13.3911,6108.59
1002,4,0,6,13.3769,6037.86
1024,4,0,6,13.3564,5933.74
1029,4,0,6,13.3512,5907.58
1027,4,0,6,13.3391,5847.48
898,4,0,6,13.329,5796.22
895,4,0,6,13.3105,5704.03
636,4,0,7,13.6249,7232.63,0.0665,290.053,0.15,8
633,4,0,7,13.6193,7203.09
639,4,0,7,13.6158,7184.95
1993,4,0,7,13.6042,7126.67
1995,4,0,7,13.5973,7092.3
1996,4,0,7,13.5912,7062.36
1997,4,0,7,13.5873,7042.46
2027,4,0,7,13.5624,6921.68
2026,4,0,7,13.5566,6893.2
978,4,0,7,13.5476,6851.2
455,4,0,8,13.854,8391.78,0.0423333,184.645,0.11,9
453,4,0,8,13.8454,8326.32
452,4,0,8,13.8332,8239
1678,4,0,8,13.8174,8154.62
474,4,0,8,13.7974,8055.1
2140,4,0,8,13.7893,8017.27
475,4,0,8,13.7826,7986
499,4,0,8,13.7748,7946.41
500,4,0,8,13.7702,7923
518,4,0,8,13.7646,7894.82
1754,4,0,8,13.7514,7832.96
540,4,0,8,13.7429,7789.06
541,4,0,8,13.7321,7733.91
572,4,0,8,13.7235,7688.15
1994,4,0,8,13.7137,7637.87
562,4,0,8,13.7042,7588.83
639,4,0,8,13.7007,7571.38
638,4,0,8,13.6955,7543.59
636,4,0,8,13.6914,7522.68
710,4,0,9,13.9614,8975.63,0.0466667,203.546,0.45,10
1543,4,0,9,13.9381,8847.41
459,4,0,9,13.928,8784.22
458,4,0,9,13.9213,8738.82
456,4,0,9,13.9127,8678.42
457,4,0,9,13.9067,8645.37
454,4,0,9,13.899,8591.39
455,4,0,9,13.8964,8576.43
64,4,0,10,14.1168,9878.01,0,0,0
195,4,0,10,14.0953,9761.76
196,4,0,10,14.0925,9742.18
205,4,0,10,14.0783,9656.1
215,4,0,10,14.0538,9501.12
225,4,0,10,14.029,9297.29
1680,4,0,10,14.0262,9278.45
710,4,0,10,14.0081,9179.18
710,5,0,0,11.943,739.387,0.0443333,193.369,0.36,1
223,5,0,0,11.9255,646.157
1680,5,0,0,11.916,581.03
225,5,0,0,11.9132,562.11
215,5,0,0,11.8875,358.782
205,5,0,0,11.8636,204.484
196,5,0,0,11.8505,119.897
195,5,0,0,11.8479,100.335
64,5,0,0,11.83,0
603,5,0,1,12.0562,1343.94,0.0631667,275.514,0.35,2
604,5,0,1,12.0519,1320.8
596,5,0,1,12.0518,1319.83
595,5,0,1,12.0463,1289.42
605,5,0,1,12.0452,1281.43
529,5,0,1,12.0279,1181.4
726,5,0,1,12.012,1080.21
714,5,0,1,12.0119,1078.32
1543,5,0,1,12.007,1047.8
710,5,0,1,11.9873,932.755
1108,5,0,2,12.3078,2602.02,0.0588333,256.613,0.13,3
1109,5,0,2,12.3037,2580.49
1113,5,0,2,12.2964,2544.55
1847,5,0,2,12.2834,2478.7
1086,5,0,2,12.2797,2458.47
1087,5,0,2,12.266,2388.68
1090,5,0,2,12.2568,2341.42
1076,5,0,2,12.2337,2227.24
1074,5,0,2,12.2298,2206.85
1077,5,0,2,12.2194,2152.79
1080,5,0,2,12.2062,2086.35
1079,5,0,2,12.1985,2047.66
1061,5,0,2,12.1943,2026.38
1063,5,0,2,12.1908,2008.57
1062,5,0,2,12.1898,2001.5
2159,5,0,2,12.1896,2000.59
1045,5,0,2,12.1889,1997.44
1012,5,0,2,12.1817,1956.46
1014,5,0,2,12.1813,1954.26
989,5,0,2,12.1708,1898.4
990,5,0,2,12.1607,1848.13
704,5,0,2,12.1494,1790.4
2179,5,0,2,12.1492,1789.53
662,5,0,2,12.143,1759.89
602,5,0,2,12.1321,1692.19
604,5,0,2,12.1296,1675.51
596,5,0,2,12.1295,1674.54
595,5,0,2,12.1235,1641.8
603,5,0,2,12.1193,1619.46
1304,5,0,3,12.4995,3553.28,0.0815,355.478,0.17,4
2163,5,0,3,12.4785,3443.54
2051,5,0,3,12.4449,3265.45
2050,5,0,3,12.4337,3206.44
2106,5,0,3,12.4268,3171.71
2039,5,0,3,12.4091,3077.74
1106,5,0,3,12.3992,3024.79
2035,5,0,3,12.3867,2957.97
1108,5,0,3,12.3666,2858.64
1302,5,0,4,12.627,4142.76,0.106833,465.975,0.24,5
1303,5,0,4,12.6066,4039.23
1305,5,0,4,12.5931,3970.31
1304,5,0,4,12.581,3908.76
895,5,0,5,12.8996,5457.47,0.0435,189.734,0.02,6
896,5,0,5,12.8959,5439.23
892,5,0,5,12.8924,5421.45
906,5,0,5,12.8741,5328.65
1555,5,0,5,12.8487,5185.9
2157,5,0,5,12.836,5125.26
2019,5,0,5,12.807,4990.09
929,5,0,5,12.8066,4988.1
938,5,0,5,12.7945,4921.97
950,5,0,5,12.7786,4840.95
951,5,0,5,12.7721,4807.69
949,5,0,5,12.7605,4748.41
1302,5,0,5,12.7338,4608.74
978,5,0,6,13.1111,6496.16,0.0648333,282.783,0.06,7
1010,5,0,6,13.0954,6416.01
1011,5,0,6,13.082,6346.6
1009,5,0,6,13.0768,6318.98
1041,5,0,6,13.0766,6318.29
1039,5,0,6,13.0689,6277.81
1037,5,0,6,13.0593,6230.33
1034,5,0,6,13.0506,6184.64
2032,5,0,6,13.0352,6107.05
1050,5,0,6,13.0039,5952.95
1049,5,0,6,13.0039,5952.86
1025,5,0,6,12.9951,5909.2
1029,5,0,6,12.9818,5842.37
1027,5,0,6,12.97,5783.41
898,5,0,6,12.9617,5739.88
895,5,0,6,12.9431,5647.21
636,5,0,7,13.2532,7160.37,0.0665,290.053,0.15,8
633,5,0,7,13.2475,7130.84
639,5,0,7,13.244,7112.7
1993,5,0,7,13.2325,7054.41
1995,5,0,7,13.2256,7020.05
1996,5,0,7,13.2195,6990.1
1997,5,0,7,13.2156,6970.2
2027,5,0,7,13.1907,6849.43
2026,5,0,7,13.1849,6820.94
978,5,0,7,13.1759,6778.94
455,5,0,8,13.4823,8319.53,0.0423333,184.645,0.11,9
453,5,0,8,13.4737,8254.07
452,5,0,8,13.4614,8166.75
1678,5,0,8,13.4457,8082.36
474,5,0,8,13.4257,7982.85
2140,5,0,8,13.4175,7945.01
475,5,0,8,13.4108,7913.74
499,5,0,8,13.4031,7874.15
500,5,0,8,13.3985,7850.75
518,5,0,8,13.3929,7822.56
1754,5,0,8,13.3797,7760.7
540,5,0,8,13.3712,7716.8
541,5,0,8,13.3604,7661.65
572,5,0,8,13.3517,7615.9
1994,5,0,8,13.342,7565.62
562,5,0,8,13.3325,7516.57
639,5,0,8,13.329,7499.13
638,5,0,8,13.3238,7471.34
636,5,0,8,13.3197,7450.42
220,5,0,9,13.6161,9042.6,0.072,314.042,0.12,10
222,5,0,9,13.6081,8994.87
229,5,0,9,13.5827,8856.22
450,5,0,9,13.5723,8799.33
459,5,0,9,13.5563,8711.97
458,5,0,9,13.5496,8666.56
456,5,0,9,13.541,8606.16
457,5,0,9,13.535,8573.11
454,5,0,9,13.5273,8519.13
455,5,0,9,13.5247,8504.17
64,5,0,10,13.7837,9893.44,0,0,0
195,5,0,10,13.7594,9765.78
196,5,0,10,13.7567,9746.18
205,5,0,10,13.7417,9659.06
215,5,0,10,13.7102,9484.75
2130,5,0,10,13.7061,9451.1
220,5,0,10,13.6881,9356.64
220,6,0,0,11.7372,472.978,0.0955,416.542,0.04,1
2130,6,0,0,11.7224,392.48
215,6,0,0,11.7175,358.782
205,6,0,0,11.6936,204.484
196,6,0,0,11.6805,119.897
195,6,0,0,11.6779,100.335
64,6,0,0,11.66,0
710,6,0,1,11.8904,1198.14,0.0443333,193.369,0.36,2
223,6,0,1,11.8729,1104.91
224,6,0,1,11.8588,1031.05
222,6,0,1,11.843,945.57
220,6,0,1,11.8327,889.52
603,6,0,2,12.0036,1802.69,0.0631667,275.514,0.35,3
604,6,0,2,11.9993,1779.55
596,6,0,2,11.9992,1778.58
595,6,0,2,11.9937,1748.17
605,6,0,2,11.9926,1740.18
529,6,0,2,11.9753,1640.15
726,6,0,2,11.9595,1538.96
714,6,0,2,11.9593,1537.07
1543,6,0,2,11.9544,1506.55
710,6,0,2,11.9347,1391.51
1108,6,0,3,12.2552,3060.77,0.0588333,256.613,0.13,4
1109,6,0,3,12.2511,3039.24
1113,6,0,3,12.2438,3003.3
1847,6,0,3,12.2308,2937.45
1086,6,0,3,12.2271,2917.22
1087,6,0,3,12.2134,2847.43
1090,6,0,3,12.2042,2800.18
1076,6,0,3,12.1811,2685.99
1074,6,0,3,12.1772,2665.6
1077,6,0,3,12.1668,2611.54
1080,6,0,3,12.1536,2545.1
1079,6,0,3,12.1459,2506.41
1061,6,0,3,12.1417,2485.13
1063,6,0,3,12.1382,2467.32
1062,6,0,3,12.1372,2460.25
2159,6,0,3,12.137,2459.35
1045,6,0,3,12.1363,2456.2
1012,6,0,3,12.1291,2415.21
1014,6,0,3,12.1287,2413.01
989,6,0,3,12.1182,2357.15
990,6,0,3,12.1081,2306.89
704,6,0,3,12.0968,2249.15
2179,6,0,3,12.0966,2248.28
662,6,0,3,12.0904,2218.64
602,6,0,3,12.0795,2150.94
604,6,0,3,12.077,2134.26
596,6,0,3,12.0769,2133.29
595,6,0,3,12.0709,2100.55
603,6,0,3,12.0667,2078.21
1304,6,0,4,12.4469,4012.03,0.0815,355.478,0.17,5
2163,6,0,4,12.4259,3902.29
2051,6,0,4,12.3923,3724.2
2050,6,0,4,12.3812,3665.19
2106,6,0,4,12.3742,3630.46
2039,6,0,4,12.3565,3536.49
1106,6,0,4,12.3466,3483.54
2035,6,0,4,12.3341,3416.72
1108,6,0,4,12.314,3317.39
1302,6,0,5,12.5744,4601.51,0.106833,465.975,0.24,6
1303,6,0,5,12.554,4497.98
1305,6,0,5,12.5405,4429.06
1304,6,0,5,12.5284,4367.51
895,6,0,6,12.847,5916.22,0.0435,189.734,0.02,7
896,6,0,6,12.8433,5897.98
892,6,0,6,12.8398,5880.2
906,6,0,6,12.8216,5787.4
1555,6,0,6,12.7961,5644.65
2157,6,0,6,12.7835,5584.01
2019,6,0,6,12.7544,5448.84
929,6,0,6,12.754,5446.85
938,6,0,6,12.7419,5380.72
950,6,0,6,12.726,5299.7
951,6,0,6,12.7195,5266.44
949,6,0,6,12.7079,5207.16
1302,6,0,6,12.6812,5067.49
978,6,0,7,13.0585,6954.91,0.0648333,282.783,0.06,8
1010,6,0,7,13.0428,6874.76
1011,6,0,7,13.0294,6805.35
1009,6,0,7,13.0242,6777.73
1041,6,0,7,13.0241,6777.04
1039,6,0,7,13.0163,6736.56
1037,6,0,7,13.0067,6689.08
1034,6,0,7,12.998,6643.39
2032,6,0,7,12.9826,6565.8
1050,6,0,7,12.9513,6411.7
1049,6,0,7,12.9513,6411.61
1025,6,0,7,12.9425,6367.95
1029,6,0,7,12.9292,6301.12
1027,6,0,7,12.9174,6242.16
898,6,0,7,12.9092,6198.63
895,6,0,7,12.8905,6105.96
636,6,0,8,13.2006,7619.12,0.0665,290.053,0.15,9
633,6,0,8,13.1949,7589.59
639,6,0,8,13.1915,7571.45
1993,6,0,8,13.1799,7513.16
1995,6,0,8,13.173,7478.8
1996,6,0,8,13.1669,7448.85
1997,6,0,8,13.163,7428.95
2027,6,0,8,13.1381,7308.18
2026,6,0,8,13.1323,7279.69
978,6,0,8,13.1233,7237.69
455,6,0,9,13.4297,8778.28,0.0423333,184.645,0.11,10
453,6,0,9,13.4211,8712.82
452,6,0,9,13.4088,8625.5
1678,6,0,9,13.3931,8541.11
474,6,0,9,13.3731,8441.6
2140,6,0,9,13.3649,8403.76
475,6,0,9,13.3582,8372.49
499,6,0,9,13.3505,8332.9
500,6,0,9,13.3459,8309.5
518,6,0,9,13.3403,8281.31
1754,6,0,9,13.3271,8219.45
540,6,0,9,13.3186,8175.55
541,6,0,9,13.3078,8120.4
572,6,0,9,13.2991,8074.65
1994,6,0,9,13.2894,8024.37
562,6,0,9,13.2799,7975.32
639,6,0,9,13.2764,7957.88
638,6,0,9,13.2712,7930.09
636,6,0,9,13.2671,7909.17
64,6,0,10,13.6505,9954.86,0,0,0
63,6,0,10,13.645,9924.51
199,6,0,10,13.6066,9728.31
202,6,0,10,13.5851,9612.27
208,6,0,10,13.5733,9540.49
170,6,0,10,13.5497,9416.25
176,6,0,10,13.5496,9415.93
183,6,0,10,13.5323,9319.66
192,6,0,10,13.5277,9288.55
458,6,0,10,13.497,9125.31
456,6,0,10,13.4884,9064.91
457,6,0,10,13.4824,9031.86
454,6,0,10,13.4747,8977.88
455,6,0,10,13.4721,8962.92
220,7,0,0,11.6372,472.978,0.0955,416.542,0.04,1
2130,7,0,0,11.6224,392.48
215,7,0,0,11.6175,358.782
205,7,0,0,11.5936,204.484
196,7,0,0,11.5805,119.897
195,7,0,0,11.5779,100.335
64,7,0,0,11.56,0
710,7,0,1,11.7904,1198.14,0.0443333,193.369,0.36,2
223,7,0,1,11.7729,1104.91
224,7,0,1,11.7588,1031.05
222,7,0,1,11.743,945.57
220,7,0,1,11.7327,889.52
455,7,0,2,11.8938,1774.06,0.0408333,178.103,0.03,3
454,7,0,2,11.891,1758.44
457,7,0,2,11.8843,1704.48
456,7,0,2,11.8791,1675.03
458,7,0,2,11.8696,1613.89
459,7,0,2,11.8637,1568.78
1543,7,0,2,11.8544,1506.55
710,7,0,2,11.8347,1391.51
603,7,0,3,12.025,2516.24,0.0631667,275.514,0.35,4
604,7,0,3,12.0208,2493.1
596,7,0,3,12.0206,2492.13
595,7,0,3,12.0152,2461.72
605,7,0,3,12.014,2453.73
529,7,0,3,11.9968,2353.71
726,7,0,3,11.9809,2252.51
714,7,0,3,11.9807,2250.62
1543,7,0,3,11.9759,2220.1
459,7,0,3,11.9656,2156.7
458,7,0,3,11.9591,2111.44
456,7,0,3,11.95,2050.65
457,7,0,3,11.9446,2020.43
454,7,0,3,11.937,1966.47
455,7,0,3,11.9346,1952.16
1108,7,0,4,12.2766,3774.32,0.0588333,256.613,0.13,5
1109,7,0,4,12.2726,3752.79
1113,7,0,4,12.2653,3716.85
1847,7,0,4,12.2523,3651
1086,7,0,4,12.2486,3630.77
1087,7,0,4,12.2349,3560.98
1090,7,0,4,12.2257,3513.73
1076,7,0,4,12.2026,3399.54
1074,7,0,4,12.1986,3379.15
1077,7,0,4,12.1883,3325.1
1080,7,0,4,12.175,3258.65
1079,7,0,4,12.1674,3219.96
1061,7,0,4,12.1631,3198.68
1063,7,0,4,12.1597,3180.87
1062,7,0,4,12.1586,3173.8
2159,7,0,4,12.1585,3172.9
1045,7,0,4,12.1578,3169.75
1012,7,0,4,12.1505,3128.76
1014,7,0,4,12.1501,3126.56
989,7,0,4,12.1396,3070.7
990,7,0,4,12.1296,3020.44
704,7,0,4,12.1183,2962.7
2179,7,0,4,12.1181,2961.83
662,7,0,4,12.1119,2932.19
602,7,0,4,12.1009,2864.49
604,7,0,4,12.0985,2847.81
596,7,0,4,12.0984,2846.84
595,7,0,4,12.0924,2814.1
603,7,0,4,12.0882,2791.76
1304,7,0,5,12.4684,4725.58,0.0815,355.478,0.17,6
2163,7,0,5,12.4474,4615.84
2051,7,0,5,12.4138,4437.75
2050,7,0,5,12.4026,4378.74
2106,7,0,5,12.3957,4344.01
2039,7,0,5,12.378,4250.04
1106,7,0,5,12.3681,4197.09
2035,7,0,5,12.3555,4130.27
1108,7,0,5,12.3355,4030.94
1302,7,0,6,12.5958,5315.06,0.106833,465.975,0.24,7
1303,7,0,6,12.5755,5211.53
1305,7,0,6,12.562,5142.62
1304,7,0,6,12.5499,5081.06
895,7,0,7,12.8685,6629.77,0.0435,189.734,0.02,8
896,7,0,7,12.8648,6611.53
892,7,0,7,12.8613,6593.75
906,7,0,7,12.843,6500.95
1555,7,0,7,12.8175,6358.2
2157,7,0,7,12.8049,6297.56
2019,7,0,7,12.7758,6162.39
929,7,0,7,12.7754,6160.4
938,7,0,7,12.7634,6094.27
950,7,0,7,12.7474,6013.25
951,7,0,7,12.741,5979.99
949,7,0,7,12.7293,5920.71
1302,7,0,7,12.7027,5781.04
978,7,0,8,13.0799,7668.46,0.0648333,282.783,0.06,9
1010,7,0,8,13.0643,7588.31
1011,7,0,8,13.0508,7518.91
1009,7,0,8,13.0457,7491.28
1041,7,0,8,13.0455,7490.59
1039,7,0,8,13.0377,7450.11
1037,7,0,8,13.0282,7402.63
1034,7,0,8,13.0195,7356.94
2032,7,0,8,13.004,7279.35
1050,7,0,8,12.9728,7125.25
1049,7,0,8,12.9728,7125.16
1025,7,0,8,12.9639,7081.5
1029,7,0,8,12.9507,7014.67
1027,7,0,8,12.9389,6955.71
898,7,0,8,12.9306,6912.18
895,7,0,8,12.912,6819.51
636,7,0,9,13.2221,8332.67,0.0665,290.053,0.15,10
633,7,0,9,13.2164,8303.14
639,7,0,9,13.2129,8285
1993,7,0,9,13.2013,8226.71
1995,7,0,9,13.1945,8192.35
1996,7,0,9,13.1884,8162.4
1997,7,0,9,13.1845,8142.5
2027,7,0,9,13.1596,8021.73
2026,7,0,9,13.1538,7993.25
978,7,0,9,13.1448,7951.24
64,7,0,10,13.536,10076.7,0,0,0
195,7,0,10,13.5117,9949.05
196,7,0,10,13.509,9929.46
205,7,0,10,13.494,9842.34
215,7,0,10,13.4625,9668.03
225,7,0,10,13.4365,9464.79
715,7,0,10,13.4085,9299.91
714,7,0,10,13.4047,9276
726,7,0,10,13.4045,9274.15
529,7,0,10,13.3906,9174.62
605,7,0,10,13.376,9078.13
603,7,0,10,13.3674,9035.49
604,7,0,10,13.3624,9009.09
596,7,0,10,13.3622,9008.12
580,7,0,10,13.3507,8943.8
583,7,0,10,13.3445,8913.98
587,7,0,10,13.3423,8899.6
578,7,0,10,13.3394,8883.5
575,7,0,10,13.3336,8851.06
571,7,0,10,13.331,8835.95
570,7,0,10,13.3271,8816.9
1994,7,0,10,13.3109,8737.92
562,7,0,10,13.3013,8688.87
639,7,0,10,13.2979,8671.43
638,7,0,10,13.2926,8643.64
636,7,0,10,13.2886,8622.72
220,8,0,0,11.0972,472.978,0.0955,416.542,0.04,1
2130,8,0,0,11.0824,392.48
215,8,0,0,11.0775,358.782
205,8,0,0,11.0536,204.484
196,8,0,0,11.0405,119.897
195,8,0,0,11.0379,100.335
64,8,0,0,11.02,0
710,8,0,1,11.2504,1198.14,0.0443333,193.369,0.36,2
223,8,0,1,11.2329,1104.91
224,8,0,1,11.2188,1031.05
222,8,0,1,11.203,945.57
220,8,0,1,11.1927,889.52
455,8,0,2,11.3538,1774.06,0.0408333,178.103,0.03,3
454,8,0,2,11.351,1758.44
457,8,0,2,11.3443,1704.48
456,8,0,2,11.3391,1675.03
458,8,0,2,11.3296,1613.89
459,8,0,2,11.3237,1568.78
1543,8,0,2,11.3144,1506.55
710,8,0,2,11.2947,1391.51
1108,8,0,3,11.6619,3428.96,0.0935,407.819,0.09,4
1109,8,0,3,11.6567,3402.77
1113,8,0,3,11.6506,3371.72
1847,8,0,3,11.6377,3306.52
1086,8,0,3,11.6341,3286.49
1087,8,0,3,11.6195,3213.3
1090,8,0,3,11.6108,3168.13
1076,8,0,3,11.5847,3041.16
1074,8,0,3,11.5805,3020.04
1077,8,0,3,11.571,2969.22
1080,8,0,3,11.5575,2902.01
1079,8,0,3,11.5509,2867.56
1061,8,0,3,11.5466,2846.28
1063,8,0,3,11.5431,2828.11
1062,8,0,3,11.542,2821.03
2159,8,0,3,11.5418,2819.92
1045,8,0,3,11.5411,2816.77
1012,8,0,3,11.5339,2775.78
1014,8,0,3,11.5333,2772.91
989,8,0,3,11.5223,2714.61
990,8,0,3,11.5122,2664.35
991,8,0,3,11.5096,2652
706,8,0,3,11.5026,2612.53
704,8,0,3,11.5,2599.76
2179,8,0,3,11.4998,2598.9
662,8,0,3,11.4936,2569.25
602,8,0,3,11.4822,2500.98
599,8,0,3,11.4781,2477.72
605,8,0,3,11.474,2453.73
529,8,0,3,11.4568,2353.71
726,8,0,3,11.4409,2252.51
714,8,0,3,11.4407,2250.62
1543,8,0,3,11.4359,2220.1
459,8,0,3,11.4256,2156.7
458,8,0,3,11.4191,2111.44
456,8,0,3,11.41,2050.65
457,8,0,3,11.4046,2020.43
454,8,0,3,11.397,1966.47
455,8,0,3,11.3946,1952.16
1304,8,0,4,11.8849,4519.4,0.0428333,186.826,0.12,5
952,8,0,4,11.8605,4386.42
953,8,0,4,11.8498,4331.64
2023,8,0,4,11.849,4327.54
2108,8,0,4,11.8325,4242.33
1794,8,0,4,11.8254,4206.57
2106,8,0,4,11.8102,4127.2
2039,8,0,4,11.7925,4033.67
1106,8,0,4,11.7829,3981.72
2035,8,0,4,11.7687,3907.67
1108,8,0,4,11.7554,3836.78
1302,8,0,5,11.9779,4957.93,0.068,296.595,0.26,6
1303,8,0,5,11.9573,4853.42
1305,8,0,5,11.9427,4779.54
1304,8,0,5,11.9277,4706.23
895,8,0,6,12.2117,6103.27,0.0435,189.734,0.02,7
896,8,0,6,12.208,6085.03
892,8,0,6,12.2045,6067.24
906,8,0,6,12.1863,5974.44
1555,8,0,6,12.1608,5831.69
2157,8,0,6,12.1482,5771.05
2019,8,0,6,12.1191,5635.88
929,8,0,6,12.1187,5633.9
938,8,0,6,12.1066,5567.77
950,8,0,6,12.0907,5486.74
951,8,0,6,12.0842,5453.48
949,8,0,6,12.0726,5394.2
1302,8,0,6,12.0459,5254.53
978,8,0,7,12.4232,7141.95,0.107833,470.336,0.07,8
1010,8,0,7,12.4076,7061.8
1011,8,0,7,12.3941,6992.4
1009,8,0,7,12.3889,6964.77
1041,8,0,7,12.3888,6964.08
1039,8,0,7,12.381,6923.61
1037,8,0,7,12.3714,6876.12
1034,8,0,7,12.3627,6830.43
2032,8,0,7,12.3473,6752.84
1050,8,0,7,12.316,6598.74
1049,8,0,7,12.316,6598.65
1025,8,0,7,12.3072,6554.99
1029,8,0,7,12.2939,6488.16
1027,8,0,7,12.2821,6429.2
898,8,0,7,12.2739,6385.67
895,8,0,7,12.2552,6293
636,8,0,8,12.6166,8026.78,0.091,396.915,0.15,9
633,8,0,8,12.6099,7993.17
639,8,0,8,12.6065,7975.63
1993,8,0,8,12.5968,7925.01
1995,8,0,8,12.5872,7879.72
1996,8,0,8,12.5757,7827.98
1997,8,0,8,12.5718,7808.08
2027,8,0,8,12.5436,7673.74
2026,8,0,8,12.5378,7645.43
978,8,0,8,12.531,7612.29
603,8,0,9,12.7873,8837.52,0.0631667,275.514,0.35,10
604,8,0,9,12.7833,8815.66
596,8,0,9,12.7832,8814.69
580,8,0,9,12.7716,8750.16
583,8,0,9,12.7654,8720.35
587,8,0,9,12.7634,8706.08
578,8,0,9,12.7605,8690.02
579,8,0,9,12.7531,8651.22
570,8,0,9,12.7461,8618.06
1994,8,0,9,12.7332,8552.98
562,8,0,9,12.7202,8489.6
639,8,0,9,12.7168,8472.16
638,8,0,9,12.7114,8443.92
636,8,0,9,12.7076,8423.69
64,8,0,10,13.0177,10143.5,0,0,0
195,8,0,10,12.991,10005.3
196,8,0,10,12.9879,9985.38
205,8,0,10,12.9726,9897.63
215,8,0,10,12.9469,9741.07
225,8,0,10,12.92,9538
715,8,0,10,12.8899,9368.44
714,8,0,10,12.8859,9344.28
726,8,0,10,12.8857,9342.43
529,8,0,10,12.8716,9242.78
605,8,0,10,12.8567,9146.11
603,8,0,10,12.8504,9113.03
220,9,0,0,11.1972,472.978,0.0955,416.542,0.04,1
2130,9,0,0,11.1824,392.48
215,9,0,0,11.1775,358.782
205,9,0,0,11.1536,204.484
196,9,0,0,11.1405,119.897
195,9,0,0,11.1379,100.335
64,9,0,0,11.12,0
710,9,0,1,11.3504,1198.14,0.0443333,193.369,0.36,2
223,9,0,1,11.3329,1104.91
224,9,0,1,11.3188,1031.05
222,9,0,1,11.303,945.57
220,9,0,1,11.2927,889.52
455,9,0,2,11.4538,1774.06,0.0408333,178.103,0.03,3
454,9,0,2,11.451,1758.44
457,9,0,2,11.4443,1704.48
456,9,0,2,11.4391,1675.03
458,9,0,2,11.4296,1613.89
459,9,0,2,11.4237,1568.78
1543,9,0,2,11.4144,1506.55
710,9,0,2,11.3947,1391.51
1108,9,0,3,11.7619,3428.96,0.0935,407.819,0.09,4
1109,9,0,3,11.7567,3402.77
1113,9,0,3,11.7506,3371.72
1847,9,0,3,11.7377,3306.52
1086,9,0,3,11.7341,3286.49
1087,9,0,3,11.7195,3213.3
1090,9,0,3,11.7108,3168.13
1076,9,0,3,11.6847,3041.16
1074,9,0,3,11.6805,3020.04
1077,9,0,3,11.671,2969.22
1080,9,0,3,11.6575,2902.01
1079,9,0,3,11.6509,2867.56
1061,9,0,3,11.6466,2846.28
1063,9,0,3,11.6431,2828.11
1062,9,0,3,11.642,2821.03
2159,9,0,3,11.6418,2819.92
1045,9,0,3,11.6411,2816.77
1012,9,0,3,11.6339,2775.78
1014,9,0,3,11.6333,2772.91
989,9,0,3,11.6223,2714.61
990,9,0,3,11.6122,2664.35
991,9,0,3,11.6096,2652
706,9,0,3,11.6026,2612.53
704,9,0,3,11.6,2599.76
2179,9,0,3,11.5998,2598.9
662,9,0,3,11.5936,2569.25
602,9,0,3,11.5822,2500.98
599,9,0,3,11.5781,2477.72
605,9,0,3,11.574,2453.73
529,9,0,3,11.5568,2353.71
726,9,0,3,11.5409,2252.51
714,9,0,3,11.5407,2250.62
1543,9,0,3,11.5359,2220.1
459,9,0,3,11.5256,2156.7
458,9,0,3,11.5191,2111.44
456,9,0,3,11.51,2050.65
457,9,0,3,11.5046,2020.43
454,9,0,3,11.497,1966.47
455,9,0,3,11.4946,1952.16
1304,9,0,4,11.9849,4519.4,0.0428333,186.826,0.12,5
952,9,0,4,11.9605,4386.42
953,9,0,4,11.9498,4331.64
2023,9,0,4,11.949,4327.54
2108,9,0,4,11.9325,4242.33
1794,9,0,4,11.9254,4206.57
2106,9,0,4,11.9102,4127.2
2039,9,0,4,11.8925,4033.67
1106,9,0,4,11.8829,3981.72
2035,9,0,4,11.8687,3907.67
1108,9,0,4,11.8554,3836.78
1302,9,0,5,12.0737,4940.23,0.106833,465.975,0.24,6
1303,9,0,5,12.0533,4836.7
1305,9,0,5,12.0398,4767.79
1304,9,0,5,12.0277,4706.23
895,9,0,6,12.3463,6254.95,0.0435,189.734,0.02,7
896,9,0,6,12.3426,6236.71
892,9,0,6,12.3391,6218.92
906,9,0,6,12.3209,6126.12
1555,9,0,6,12.2954,5983.37
2157,9,0,6,12.2828,5922.73
2019,9,0,6,12.2537,5787.56
929,9,0,6,12.2533,5785.58
938,9,0,6,12.2412,5719.45
950,9,0,6,12.2253,5638.42
951,9,0,6,12.2188,5605.16
949,9,0,6,12.2072,5545.88
1302,9,0,6,12.1805,5406.21
978,9,0,7,12.5578,7293.63,0.107833,470.336,0.07,8
1010,9,0,7,12.5421,7213.48
1011,9,0,7,12.5287,7144.08
1009,9,0,7,12.5235,7116.45
1041,9,0,7,12.5234,7115.76
1039,9,0,7,12.5156,7075.29
1037,9,0,7,12.506,7027.8
1034,9,0,7,12.4973,6982.11
2032,9,0,7,12.4819,6904.52
1050,9,0,7,12.4506,6750.42
1049,9,0,7,12.4506,6750.33
1025,9,0,7,12.4418,6706.67
1029,9,0,7,12.4285,6639.84
1027,9,0,7,12.4167,6580.88
898,9,0,7,12.4084,6537.35
895,9,0,7,12.3898,6444.68
636,9,0,8,12.7511,8178.46,0.091,396.915,0.15,9
633,9,0,8,12.7445,8144.85
639,9,0,8,12.7411,8127.31
1993,9,0,8,12.7314,8076.69
1995,9,0,8,12.7218,8031.4
1996,9,0,8,12.7103,7979.66
1997,9,0,8,12.7064,7959.76
2027,9,0,8,12.6782,7825.42
2026,9,0,8,12.6724,7797.11
978,9,0,8,12.6656,7763.97
603,9,0,9,12.9219,8989.2,0.0631667,275.514,0.35,10
604,9,0,9,12.9179,8967.34
596,9,0,9,12.9177,8966.37
580,9,0,9,12.9062,8901.84
583,9,0,9,12.9,8872.03
587,9,0,9,12.8979,8857.76
578,9,0,9,12.895,8841.7
579,9,0,9,12.8877,8802.9
570,9,0,9,12.8807,8769.74
1994,9,0,9,12.8678,8704.66
562,9,0,9,12.8548,8641.29
639,9,0,9,12.8514,8623.84
638,9,0,9,12.846,8595.6
636,9,0,9,12.8421,8575.37
64,9,0,10,13.1523,10295.2,0,0,0
195,9,0,10,13.1256,10157
196,9,0,10,13.1224,10137.1
205,9,0,10,13.1071,10049.3
215,9,0,10,13.0815,9892.75
225,9,0,10,13.0546,9689.68
715,9,0,10,13.0245,9520.12
714,9,0,10,13.0205,9495.96
726,9,0,10,13.0203,9494.11
529,9,0,10,13.0062,9394.46
605,9,0,10,12.9913,9297.79
603,9,0,10,12.985,9264.71
220,10,0,0,11.0872,472.978,0.0955,416.542,0.04,1
2130,10,0,0,11.0724,392.48
215,10,0,0,11.0675,358.782
205,10,0,0,11.0436,204.484
196,10,0,0,11.0305,119.897
195,10,0,0,11.0279,100.335
64,10,0,0,11.01,0
710,10,0,1,11.2404,1198.14,0.0443333,193.369,0.36,2
223,10,0,1,11.2229,1104.91
224,10,0,1,11.2088,1031.05
222,10,0,1,11.193,945.57
220,10,0,1,11.1827,889.52
455,10,0,2,11.3438,1774.06,0.0408333,178.103,0.03,3
454,10,0,2,11.341,1758.44
457,10,0,2,11.3343,1704.48
456,10,0,2,11.3291,1675.03
458,10,0,2,11.3196,1613.89
459,10,0,2,11.3137,1568.78
1543,10,0,2,11.3044,1506.55
710,10,0,2,11.2847,1391.51
603,10,0,3,11.475,2516.24,0.109,475.425,0.32,4
604,10,0,3,11.4708,2493.1
596,10,0,3,11.4706,2492.13
595,10,0,3,11.4652,2461.72
605,10,0,3,11.464,2453.73
529,10,0,3,11.4468,2353.71
726,10,0,3,11.4309,2252.51
714,10,0,3,11.4307,2250.62
1543,10,0,3,11.4259,2220.1
459,10,0,3,11.4156,2156.7
458,10,0,3,11.4091,2111.44
456,10,0,3,11.4,2050.65
457,10,0,3,11.3946,2020.43
454,10,0,3,11.387,1966.47
455,10,0,3,11.3846,1952.16
1108,10,0,4,11.7762,3990.79,0.0935,407.819,0.09,5
1109,10,0,4,11.7718,3968.11
1113,10,0,4,11.765,3933.96
1847,10,0,4,11.7515,3866.44
1086,10,0,4,11.7479,3846.41
1087,10,0,4,11.7334,3773.22
1090,10,0,4,11.7247,3728.06
1076,10,0,4,11.6985,3601.08
1074,10,0,4,11.6944,3579.96
1077,10,0,4,11.6848,3529.14
1080,10,0,4,11.6713,3461.94
1079,10,0,4,11.6647,3427.48
1061,10,0,4,11.6605,3406.2
1063,10,0,4,11.6569,3388.03
1062,10,0,4,11.6559,3380.95
2159,10,0,4,11.6556,3379.84
1045,10,0,4,11.6549,3376.69
1012,10,0,4,11.6477,3335.7
1014,10,0,4,11.6472,3332.84
989,10,0,4,11.6361,3274.53
990,10,0,4,11.6261,3224.27
991,10,0,4,11.6235,3211.92
706,10,0,4,11.6165,3172.46
704,10,0,4,11.6138,3159.68
2179,10,0,4,11.6136,3158.82
662,10,0,4,11.6074,3129.17
602,10,0,4,11.5961,3060.9
604,10,0,4,11.5935,3044.1
596,10,0,4,11.5934,3043.13
595,10,0,4,11.5879,3012.72
603,10,0,4,11.584,2991.67
1304,10,0,5,11.9992,5081.23,0.0428333,186.826,0.12,6
952,10,0,5,11.9748,4948.24
953,10,0,5,11.9641,4893.46
2023,10,0,5,11.9632,4889.36
2108,10,0,5,11.9468,4804.15
1794,10,0,5,11.9397,4768.39
2106,10,0,5,11.9245,4689.02
2039,10,0,5,11.9068,4595.49
1106,10,0,5,11.8972,4543.54
2035,10,0,5,11.883,4469.49
1108,10,0,5,11.8697,4398.6
1302,10,0,6,12.088,5502.06,0.106833,465.975,0.24,7
1303,10,0,6,12.0676,5398.52
1305,10,0,6,12.0541,5329.61
1304,10,0,6,12.042,5268.05
895,10,0,7,12.3606,6816.77,0.0435,189.734,0.02,8
896,10,0,7,12.3569,6798.53
892,10,0,7,12.3534,6780.74
906,10,0,7,12.3351,6687.94
1555,10,0,7,12.3097,6545.19
2157,10,0,7,12.2971,6484.56
2019,10,0,7,12.268,6349.38
929,10,0,7,12.2676,6347.4
938,10,0,7,12.2555,6281.27
950,10,0,7,12.2396,6200.24
951,10,0,7,12.2331,6166.99
949,10,0,7,12.2215,6107.7
1302,10,0,7,12.1948,5968.03
978,10,0,8,12.5721,7855.45,0.107833,470.336,0.07,9
1010,10,0,8,12.5564,7775.3
1011,10,0,8,12.543,7705.9
1009,10,0,8,12.5378,7678.27
1041,10,0,8,12.5376,7677.58
1039,10,0,8,12.5299,7637.11
1037,10,0,8,12.5203,7589.62
1034,10,0,8,12.5116,7543.93
2032,10,0,8,12.4962,7466.34
1050,10,0,8,12.4649,7312.25
1049,10,0,8,12.4649,7312.15
1025,10,0,8,12.4561,7268.49
1029,10,0,8,12.4428,7201.66
1027,10,0,8,12.431,7142.71
898,10,0,8,12.4227,7099.17
895,10,0,8,12.4041,7006.5
636,10,0,9,12.7654,8740.28,0.091,396.915,0.15,10
633,10,0,9,12.7588,8706.67
639,10,0,9,12.7554,8689.13
1993,10,0,9,12.7457,8638.52
1995,10,0,9,12.7361,8593.22
1996,10,0,9,12.7246,8541.49
1997,10,0,9,12.7207,8521.58
2027,10,0,9,12.6925,8387.24
2026,10,0,9,12.6867,8358.94
978,10,0,9,12.6799,8325.79
64,10,0,10,13.1035,10581.5,0,0,0
195,10,0,10,13.0767,10443.3
196,10,0,10,13.0736,10423.4
205,10,0,10,13.0583,10335.6
215,10,0,10,13.0327,10179.1
225,10,0,10,13.0057,9975.99
715,10,0,10,12.9756,9806.43
714,10,0,10,12.9716,9782.27
726,10,0,10,12.9714,9780.42
529,10,0,10,12.9573,9680.77
605,10,0,10,12.9424,9584.1
603,10,0,10,12.9361,9551.02
604,10,0,10,12.9322,9529.16
596,10,0,10,12.932,9528.19
580,10,0,10,12.9205,9463.67
583,10,0,10,12.9143,9433.85
587,10,0,10,12.9122,9419.58
578,10,0,10,12.9093,9403.52
579,10,0,10,12.902,9364.72
570,10,0,10,12.895,9331.56
1994,10,0,10,12.8821,9266.48
562,10,0,10,12.8691,9203.11
639,10,0,10,12.8656,9185.67
638,10,0,10,12.8603,9157.42
636,10,0,10,12.8564,9137.2
220,11,0,0,11.1372,472.978,0.0955,416.542,0.04,1
2130,11,0,0,11.1224,392.48
215,11,0,0,11.1175,358.782
205,11,0,0,11.0936,204.484
196,11,0,0,11.0805,119.897
195,11,0,0,11.0779,100.335
64,11,0,0,11.06,0
455,11,0,1,11.3221,1421.69,0.0408333,178.103,0.03,2
454,11,0,1,11.3193,1406.07
457,11,0,1,11.3125,1352.11
456,11,0,1,11.3074,1322.67
458,11,0,1,11.2979,1261.52
459,11,0,1,11.292,1216.42
450,11,0,1,11.2768,1132.53
229,11,0,1,11.2673,1079.68
222,11,0,1,11.243,945.57
220,11,0,1,11.2327,889.52
603,11,0,2,11.4533,2163.88,0.109,475.425,0.32,3
604,11,0,2,11.4491,2140.74
596,11,0,2,11.4489,2139.76
595,11,0,2,11.4434,2109.36
605,11,0,2,11.4423,2101.36
529,11,0,2,11.4251,2001.34
726,11,0,2,11.4092,1900.14
714,11,0,2,11.409,1898.26
1543,11,0,2,11.4042,1867.73
459,11,0,2,11.3939,1804.33
458,11,0,2,11.3874,1759.07
456,11,0,2,11.3783,1698.29
457,11,0,2,11.3729,1668.07
454,11,0,2,11.3653,1614.11
455,11,0,2,11.3629,1599.79
1108,11,0,3,11.7545,3638.42,0.0935,407.819,0.09,4
1109,11,0,3,11.7501,3615.75
1113,11,0,3,11.7432,3581.6
1847,11,0,3,11.7298,3514.08
1086,11,0,3,11.7262,3494.04
1087,11,0,3,11.7117,3420.85
1090,11,0,3,11.703,3375.69
1076,11,0,3,11.6768,3248.71
1074,11,0,3,11.6727,3227.6
1077,11,0,3,11.6631,3176.78
1080,11,0,3,11.6496,3109.57
1079,11,0,3,11.643,3075.12
1061,11,0,3,11.6387,3053.83
1063,11,0,3,11.6352,3035.67
1062,11,0,3,11.6341,3028.59
2159,11,0,3,11.6339,3027.47
1045,11,0,3,11.6332,3024.32
1012,11,0,3,11.626,2983.34
1014,11,0,3,11.6254,2980.47
989,11,0,3,11.6144,2922.17
990,11,0,3,11.6043,2871.91
991,11,0,3,11.6017,2859.55
706,11,0,3,11.5947,2820.09
704,11,0,3,11.5921,2807.32
2179,11,0,3,11.5919,2806.46
662,11,0,3,11.5857,2776.81
602,11,0,3,11.5744,2708.53
604,11,0,3,11.5718,2691.73
596,11,0,3,11.5717,2690.76
595,11,0,3,11.5662,2660.35
603,11,0,3,11.5623,2639.3
1304,11,0,4,11.9775,4728.86,0.0428333,186.826,0.12,5
952,11,0,4,11.9531,4595.87
953,11,0,4,11.9423,4541.1
2023,11,0,4,11.9415,4537
2108,11,0,4,11.9251,4451.79
1794,11,0,4,11.918,4416.03
2106,11,0,4,11.9027,4336.66
2039,11,0,4,11.8851,4243.13
1106,11,0,4,11.8755,4191.18
2035,11,0,4,11.8612,4117.13
1108,11,0,4,11.848,4046.24
1302,11,0,5,12.0662,5149.69,0.106833,465.975,0.24,6
1303,11,0,5,12.0459,5046.15
1305,11,0,5,12.0324,4977.24
1304,11,0,5,12.0203,4915.69
895,11,0,6,12.3389,6464.4,0.0435,189.734,0.02,7
896,11,0,6,12.3352,6446.16
892,11,0,6,12.3317,6428.37
906,11,0,6,12.3134,6335.58
1555,11,0,6,12.2879,6192.83
2157,11,0,6,12.2753,6132.19
2019,11,0,6,12.2463,5997.02
929,11,0,6,12.2458,5995.03
938,11,0,6,12.2338,5928.9
950,11,0,6,12.2178,5847.88
951,11,0,6,12.2114,5814.62
949,11,0,6,12.1998,5755.33
1302,11,0,6,12.1731,5615.67
978,11,0,7,12.5503,7503.09,0.107833,470.336,0.07,8
1010,11,0,7,12.5347,7422.94
1011,11,0,7,12.5213,7353.53
1009,11,0,7,12.5161,7325.91
1041,11,0,7,12.5159,7325.22
1039,11,0,7,12.5081,7284.74
1037,11,0,7,12.4986,7237.26
1034,11,0,7,12.4899,7191.57
2032,11,0,7,12.4744,7113.97
1050,11,0,7,12.4432,6959.88
1049,11,0,7,12.4432,6959.79
1025,11,0,7,12.4344,6916.13
1029,11,0,7,12.4211,6849.29
1027,11,0,7,12.4093,6790.34
898,11,0,7,12.401,6746.81
895,11,0,7,12.3824,6654.14
636,11,0,8,12.7437,8387.91,0.091,396.915,0.15,9
633,11,0,8,12.7371,8354.31
639,11,0,8,12.7337,8336.77
1993,11,0,8,12.7239,8286.15
1995,11,0,8,12.7144,8240.86
1996,11,0,8,12.7029,8189.12
1997,11,0,8,12.699,8169.22
2027,11,0,8,12.6707,8034.87
2026,11,0,8,12.665,8006.57
978,11,0,8,12.6582,7973.42
64,11,0,9,13.0817,10229.2,0,0,0
195,11,0,9,13.055,10090.9
196,11,0,9,13.0519,10071
205,11,0,9,13.0366,9983.26
215,11,0,9,13.0109,9826.7
225,11,0,9,12.984,9623.62
715,11,0,9,12.9539,9454.06
714,11,0,9,12.9499,9429.91
726,11,0,9,12.9497,9428.05
529,11,0,9,12.9356,9328.4
605,11,0,9,12.9207,9231.73
603,11,0,9,12.9144,9198.66
604,11,0,9,12.9105,9176.79
596,11,0,9,12.9103,9175.82
580,11,0,9,12.8988,9111.3
583,11,0,9,12.8925,9081.48
587,11,0,9,12.8905,9067.21
578,11,0,9,12.8876,9051.15
579,11,0,9,12.8803,9012.35
570,11,0,9,12.8733,8979.19
1994,11,0,9,12.8604,8914.12
562,11,0,9,12.8474,8850.74
639,11,0,9,12.8439,8833.3
638,11,0,9,12.8386,8805.06
636,11,0,9,12.8347,8784.83
710,11,1,0,11.433,739.387,0.0443333,193.369,0.36,1
223,11,1,0,11.4155,646.157
1680,11,1,0,11.406,581.03
225,11,1,0,11.4032,562.11
215,11,1,0,11.3775,358.782
205,11,1,0,11.3536,204.484
196,11,1,0,11.3405,119.897
195,11,1,0,11.3379,100.335
64,11,1,0,11.32,0
64,11,1,1,11.5778,1615.64,0,0,0
195,11,1,1,11.5566,1500.96
196,11,1,1,11.5538,1481.35
205,11,1,1,11.5414,1397.44
215,11,1,1,11.5215,1245.35
225,11,1,1,11.4962,1041.78
1680,11,1,1,11.4933,1022.76
710,11,1,1,11.4773,932.755
603,12,0,0,11.2384,1012.31,0.109,475.425,0.32,1
604,12,0,0,11.2341,989.164
596,12,0,0,11.234,988.193
595,12,0,0,11.2285,957.784
605,12,0,0,11.2274,949.793
529,12,0,0,11.2102,849.768
726,12,0,0,11.1943,748.573
714,12,0,0,11.1941,746.688
715,12,0,0,11.1907,723.201
225,12,0,0,11.1732,562.11
215,12,0,0,11.1475,358.782
205,12,0,0,11.1236,204.484
196,12,0,0,11.1105,119.897
195,12,0,0,11.1079,100.335
64,12,0,0,11.09,0
1108,12,0,1,11.5395,2486.85,0.0935,407.819,0.09,2
1109,12,0,1,11.5352,2464.18
1113,12,0,1,11.5283,2430.03
1847,12,0,1,11.5149,2362.5
1086,12,0,1,11.5113,2342.47
1087,12,0,1,11.4967,2269.28
1090,12,0,1,11.488,2224.12
1076,12,0,1,11.4619,2097.14
1074,12,0,1,11.4578,2076.03
1077,12,0,1,11.4482,2025.21
1080,12,0,1,11.4347,1958
1079,12,0,1,11.4281,1923.55
1061,12,0,1,11.4238,1902.26
1063,12,0,1,11.4203,1884.1
1062,12,0,1,11.4192,1877.02
2159,12,0,1,11.419,1875.9
1045,12,0,1,11.4183,1872.75
1012,12,0,1,11.4111,1831.77
1014,12,0,1,11.4105,1828.9
989,12,0,1,11.3995,1770.6
990,12,0,1,11.3894,1720.33
991,12,0,1,11.3868,1707.98
706,12,0,1,11.3798,1668.52
704,12,0,1,11.3772,1655.75
2179,12,0,1,11.377,1654.88
662,12,0,1,11.3708,1625.24
602,12,0,1,11.3594,1556.96
604,12,0,1,11.3569,1540.16
596,12,0,1,11.3567,1539.19
595,12,0,1,11.3513,1508.78
603,12,0,1,11.3474,1487.73
895,12,0,2,11.7241,3370.05,0.103333,450.709,0.01,3
907,12,0,2,11.7085,3293.15
908,12,0,2,11.6992,3247.1
2014,12,0,2,11.6986,3244.42
2017,12,0,2,11.6975,3238.73
1786,12,0,2,11.6926,3214.29
918,12,0,2,11.6889,3195.18
920,12,0,2,11.6759,3124.53
1085,12,0,2,11.6602,3037.78
2035,12,0,2,11.6463,2965.56
1108,12,0,2,11.633,2894.67
1304,12,0,3,11.9908,4665.9,0.0428333,186.826,0.12,4
952,12,0,3,11.9664,4532.91
953,12,0,3,11.9557,4478.14
2023,12,0,3,11.9549,4474.04
1787,12,0,3,11.947,4433.48
2020,12,0,3,11.9313,4352.97
935,12,0,3,11.9211,4299.65
934,12,0,3,11.9206,4297.05
933,12,0,3,11.9119,4249.96
936,12,0,3,11.9113,4247.02
1737,12,0,3,11.8978,4175.12
917,12,0,3,11.8817,4094.8
916,12,0,3,11.8815,4093.89
906,12,0,3,11.8558,3961.48
892,12,0,3,11.8356,3860.82
896,12,0,3,11.8324,3844.24
895,12,0,3,11.8274,3820.76
1302,12,0,4,12.0796,5086.73,0.106833,465.975,0.24,5
1303,12,0,4,12.0593,4983.19
1305,12,0,4,12.0458,4914.28
1304,12,0,4,12.0337,4852.73
978,12,0,5,12.4752,7050.65,0.107833,470.336,0.07,6
1010,12,0,5,12.461,6976.92
1011,12,0,5,12.4461,6901.18
1009,12,0,5,12.437,6857.24
1041,12,0,5,12.4368,6856.55
1039,12,0,5,12.429,6815.72
1037,12,0,5,12.4194,6768.23
1034,12,0,5,12.4107,6722.54
2033,12,0,5,12.4052,6693.48
1053,12,0,5,12.3927,6630.46
1784,12,0,5,12.3894,6613.39
1066,12,0,5,12.3801,6565.76
2034,12,0,5,12.3559,6446.1
1850,12,0,5,12.3476,6402.98
2035,12,0,5,12.3386,6355.75
1106,12,0,5,12.3258,6287.9
2039,12,0,5,12.3192,6246.24
2106,12,0,5,12.3022,6155.59
2050,12,0,5,12.2927,6110.34
2051,12,0,5,12.2835,6059.82
2163,12,0,5,12.2492,5878.51
1304,12,0,5,12.231,5781.11
1305,12,0,5,12.2185,5717.8
1303,12,0,5,12.2034,5641.88
1302,12,0,5,12.1864,5552.71
636,12,0,6,12.6685,7935.48,0.091,396.915,0.15,7
633,12,0,6,12.6619,7901.87
639,12,0,6,12.6585,7884.33
1993,12,0,6,12.6488,7833.72
1995,12,0,6,12.6392,7788.42
1996,12,0,6,12.6277,7736.69
1997,12,0,6,12.6238,7716.78
2027,12,0,6,12.5955,7582.44
2026,12,0,6,12.5898,7554.14
978,12,0,6,12.583,7520.99
64,12,0,7,13.0066,9776.72,0,0,0
195,12,0,7,12.9798,9638.51
196,12,0,7,12.9767,9618.57
205,12,0,7,12.9614,9530.82
215,12,0,7,12.9358,9374.26
225,12,0,7,12.9088,9171.19
715,12,0,7,12.8787,9001.63
714,12,0,7,12.8747,8977.47
726,12,0,7,12.8745,8975.62
529,12,0,7,12.8604,8875.97
605,12,0,7,12.8455,8779.3
603,12,0,7,12.8392,8746.22
604,12,0,7,12.8353,8724.36
596,12,0,7,12.8351,8723.39
580,12,0,7,12.8236,8658.86
583,12,0,7,12.8173,8629.05
587,12,0,7,12.8153,8614.78
578,12,0,7,12.8124,8598.72
579,12,0,7,12.8051,8559.92
570,12,0,7,12.7981,8526.76
1994,12,0,7,12.7852,8461.68
562,12,0,7,12.7722,8398.31
639,12,0,7,12.7687,8380.87
638,12,0,7,12.7634,8352.62
636,12,0,7,12.7595,8332.39
220,12,1,0,11.6572,472.978,0.0955,416.542,0.04,1
2130,12,1,0,11.6424,392.48
215,12,1,0,11.6375,358.782
205,12,1,0,11.6136,204.484
196,12,1,0,11.6005,119.897
195,12,1,0,11.5979,100.335
64,12,1,0,11.58,0
455,12,1,1,11.8421,1421.69,0.0408333,178.103,0.03,2
454,12,1,1,11.8393,1406.07
457,12,1,1,11.8325,1352.11
456,12,1,1,11.8274,1322.67
458,12,1,1,11.8179,1261.52
459,12,1,1,11.812,1216.42
450,12,1,1,11.7968,1132.53
229,12,1,1,11.7873,1079.68
222,12,1,1,11.763,945.57
220,12,1,1,11.7527,889.52
710,12,1,2,11.9456,1988,0.0443333,193.369,0.36,3
1543,12,1,2,11.9242,1867.73
459,12,1,2,11.9139,1804.33
458,12,1,2,11.9074,1759.07
456,12,1,2,11.8983,1698.29
457,12,1,2,11.8929,1668.07
454,12,1,2,11.8853,1614.11
455,12,1,2,11.8829,1599.79
64,12,1,3,12.0905,2864.25,0,0,0
195,12,1,3,12.0693,2749.57
196,12,1,3,12.0665,2729.96
205,12,1,3,12.054,2646.06
215,12,1,3,12.0341,2493.96
225,12,1,3,12.0089,2290.4
1680,12,1,3,12.0059,2271.38
710,12,1,3,11.99,2181.37
220,13,0,0,11.0772,472.978,0.0955,416.542,0.04,1
2130,13,0,0,11.0624,392.48
215,13,0,0,11.0575,358.782
205,13,0,0,11.0336,204.484
196,13,0,0,11.0205,119.897
195,13,0,0,11.0179,100.335
64,13,0,0,11,0
710,13,0,1,11.2304,1198.14,0.0443333,193.369,0.36,2
223,13,0,1,11.2129,1104.91
224,13,0,1,11.1988,1031.05
222,13,0,1,11.183,945.57
220,13,0,1,11.1727,889.52
455,13,0,2,11.3338,1774.06,0.0408333,178.103,0.03,3
454,13,0,2,11.331,1758.44
457,13,0,2,11.3243,1704.48
456,13,0,2,11.3191,1675.03
458,13,0,2,11.3096,1613.89
459,13,0,2,11.3037,1568.78
1543,13,0,2,11.2944,1506.55
710,13,0,2,11.2747,1391.51
603,13,0,3,11.465,2516.24,0.109,475.425,0.32,4
604,13,0,3,11.4608,2493.1
596,13,0,3,11.4606,2492.13
595,13,0,3,11.4552,2461.72
605,13,0,3,11.454,2453.73
529,13,0,3,11.4368,2353.71
726,13,0,3,11.4209,2252.51
714,13,0,3,11.4207,2250.62
1543,13,0,3,11.4159,2220.1
459,13,0,3,11.4056,2156.7
458,13,0,3,11.3991,2111.44
456,13,0,3,11.39,2050.65
457,13,0,3,11.3846,2020.43
454,13,0,3,11.377,1966.47
455,13,0,3,11.3746,1952.16
1108,13,0,4,11.7662,3990.79,0.0935,407.819,0.09,5
1109,13,0,4,11.7618,3968.11
1113,13,0,4,11.755,3933.96
1847,13,0,4,11.7415,3866.44
1086,13,0,4,11.7379,3846.41
1087,13,0,4,11.7234,3773.22
1090,13,0,4,11.7147,3728.06
1076,13,0,4,11.6885,3601.08
1074,13,0,4,11.6844,3579.96
1077,13,0,4,11.6748,3529.14
1080,13,0,4,11.6613,3461.94
1079,13,0,4,11.6547,3427.48
1061,13,0,4,11.6505,3406.2
1063,13,0,4,11.6469,3388.03
1062,13,0,4,11.6459,3380.95
2159,13,0,4,11.6456,3379.84
1045,13,0,4,11.6449,3376.69
1012,13,0,4,11.6377,3335.7
1014,13,0,4,11.6372,3332.84
989,13,0,4,11.6261,3274.53
990,13,0,4,11.6161,3224.27
991,13,0,4,11.6135,3211.92
706,13,0,4,11.6065,3172.46
704,13,0,4,11.6038,3159.68
2179,13,0,4,11.6036,3158.82
662,13,0,4,11.5974,3129.17
602,13,0,4,11.5861,3060.9
604,13,0,4,11.5835,3044.1
596,13,0,4,11.5834,3043.13
595,13,0,4,11.5779,3012.72
603,13,0,4,11.574,2991.67
1304,13,0,5,11.9892,5081.23,0.0428333,186.826,0.12,6
952,13,0,5,11.9648,4948.24
953,13,0,5,11.9541,4893.46
2023,13,0,5,11.9532,4889.36
2108,13,0,5,11.9368,4804.15
1794,13,0,5,11.9297,4768.39
2106,13,0,5,11.9145,4689.02
2039,13,0,5,11.8968,4595.49
1106,13,0,5,11.8872,4543.54
2035,13,0,5,11.873,4469.49
1108,13,0,5,11.8597,4398.6
1302,13,0,6,12.078,5502.06,0.106833,465.975,0.24,7
1303,13,0,6,12.0576,5398.52
1305,13,0,6,12.0441,5329.61
1304,13,0,6,12.032,5268.05
895,13,0,7,12.3506,6816.77,0.0435,189.734,0.02,8
896,13,0,7,12.3469,6798.53
892,13,0,7,12.3434,6780.74
906,13,0,7,12.3251,6687.94
1555,13,0,7,12.2997,6545.19
2157,13,0,7,12.2871,6484.56
2019,13,0,7,12.258,6349.38
929,13,0,7,12.2576,6347.4
938,13,0,7,12.2455,6281.27
950,13,0,7,12.2296,6200.24
951,13,0,7,12.2231,6166.99
949,13,0,7,12.2115,6107.7
1302,13,0,7,12.1848,5968.03
636,13,0,8,12.5492,7875.02,0.091,396.915,0.15,9
633,13,0,8,12.5425,7841.41
563,13,0,8,12.5372,7816.41
564,13,0,8,12.5318,7787.2
557,13,0,8,12.5269,7756.14
561,13,0,8,12.5204,7709.7
628,13,0,8,12.5163,7684.55
609,13,0,8,12.5045,7609.26
423,13,0,8,12.4986,7552.94
419,13,0,8,12.4919,7515.36
420,13,0,8,12.4858,7479.33
421,13,0,8,12.4813,7451.84
417,13,0,8,12.4763,7425.13
1989,13,0,8,12.4578,7330.91
2011,13,0,8,12.4385,7231.2
891,13,0,8,12.4166,7116.75
893,13,0,8,12.4105,7085.88
894,13,0,8,12.4053,7061.13
895,13,0,8,12.3941,7006.5
64,13,0,9,12.8872,9716.25,0,0,0
195,13,0,9,12.8605,9578.05
196,13,0,9,12.8573,9558.1
205,13,0,9,12.842,9470.36
215,13,0,9,12.8164,9313.8
225,13,0,9,12.7895,9110.73
715,13,0,9,12.7593,8941.16
714,13,0,9,12.7554,8917.01
726,13,0,9,12.7552,8915.15
529,13,0,9,12.741,8815.5
605,13,0,9,12.7262,8718.84
603,13,0,9,12.7199,8685.76
604,13,0,9,12.7159,8663.89
596,13,0,9,12.7158,8662.92
580,13,0,9,12.7042,8598.4
583,13,0,9,12.698,8568.58
587,13,0,9,12.696,8554.32
578,13,0,9,12.6931,8538.25
579,13,0,9,12.6858,8499.46
570,13,0,9,12.6788,8466.29
1994,13,0,9,12.6658,8401.22
562,13,0,9,12.6529,8337.84
639,13,0,9,12.6494,8320.4
638,13,0,9,12.6441,8292.16
636,13,0,9,12.6402,8271.93
978,13,1,0,14.6446,1541.01,0.0373333,162.837,0.05,1
1010,13,1,0,14.6301,1465.78
1016,13,1,0,14.6104,1374.31
1548,13,1,0,14.6034,1338.05
1012,13,1,0,14.5984,1312.65
2028,13,1,0,14.5903,1267.19
989,13,1,0,14.5869,1251.45
990,13,1,0,14.5769,1201.19
991,13,1,0,14.5743,1188.84
706,13,1,0,14.5673,1149.38
704,13,1,0,14.5646,1136.6
2179,13,1,0,14.5644,1135.74
662,13,1,0,14.5582,1106.09
602,13,1,0,14.547,1038.03
599,13,1,0,14.543,1015.4
605,13,1,0,14.5393,991.921
529,13,1,0,14.5222,892.037
726,13,1,0,14.5076,792.08
714,13,1,0,14.5074,790.213
715,13,1,0,14.5038,766.53
225,13,1,0,14.4863,605.342
215,13,1,0,14.4604,402.069
205,13,1,0,14.4337,243.798
196,13,1,0,14.4195,157.808
195,13,1,0,14.4168,138.229
64,13,1,0,14.39,0
64,13,1,1,14.9443,3241.41,0,0,0
195,13,1,1,14.923,3126.4
196,13,1,1,14.9203,3106.82
205,13,1,1,14.9061,3020.74
215,13,1,1,14.8816,2865.76
225,13,1,1,14.8568,2661.93
715,13,1,1,14.8218,2471.38
714,13,1,1,14.8181,2447.54
726,13,1,1,14.8179,2445.68
529,13,1,1,14.8038,2346.07
605,13,1,1,14.7885,2248.82
603,13,1,1,14.7827,2217.84
2202,13,1,1,14.7794,2197.3
602,13,1,1,14.7756,2172.71
1851,13,1,1,14.7653,2102.67
1852,13,1,1,14.7575,2066.84
706,13,1,1,14.7446,2003.69
703,13,1,1,14.7384,1973.27
1542,13,1,1,14.7287,1926.61
698,13,1,1,14.7213,1892.09
700,13,1,1,14.7145,1859.46
690,13,1,1,14.6995,1788.46
979,13,1,1,14.6913,1750.44
980,13,1,1,14.6855,1722.03
978,13,1,1,14.6819,1703.84
220,14,0,0,11.0872,472.978,0.0955,416.542,0.04,1
2130,14,0,0,11.0724,392.48
215,14,0,0,11.0675,358.782
205,14,0,0,11.0436,204.484
196,14,0,0,11.0305,119.897
195,14,0,0,11.0279,100.335
64,14,0,0,11.01,0
710,14,0,1,11.2404,1198.14,0.0443333,193.369,0.36,2
223,14,0,1,11.2229,1104.91
224,14,0,1,11.2088,1031.05
222,14,0,1,11.193,945.57
220,14,0,1,11.1827,889.52
455,14,0,2,11.3438,1774.06,0.0408333,178.103,0.03,3
454,14,0,2,11.341,1758.44
457,14,0,2,11.3343,1704.48
456,14,0,2,11.3291,1675.03
458,14,0,2,11.3196,1613.89
459,14,0,2,11.3137,1568.78
1543,14,0,2,11.3044,1506.55
710,14,0,2,11.2847,1391.51
603,14,0,3,11.475,2516.24,0.109,475.425,0.32,4
604,14,0,3,11.4708,2493.1
596,14,0,3,11.4706,2492.13
595,14,0,3,11.4652,2461.72
605,14,0,3,11.464,2453.73
529,14,0,3,11.4468,2353.71
726,14,0,3,11.4309,2252.51
714,14,0,3,11.4307,2250.62
1543,14,0,3,11.4259,2220.1
459,14,0,3,11.4156,2156.7
458,14,0,3,11.4091,2111.44
456,14,0,3,11.4,2050.65
457,14,0,3,11.3946,2020.43
454,14,0,3,11.387,1966.47
455,14,0,3,11.3846,1952.16
1108,14,0,4,11.7762,3990.79,0.0935,407.819,0.09,5
1109,14,0,4,11.7718,3968.11
1113,14,0,4,11.765,3933.96
1847,14,0,4,11.7515,3866.44
1086,14,0,4,11.7479,3846.41
1087,14,0,4,11.7334,3773.22
1090,14,0,4,11.7247,3728.06
1076,14,0,4,11.6985,3601.08
1074,14,0,4,11.6944,3579.96
1077,14,0,4,11.6848,3529.14
1080,14,0,4,11.6713,3461.94
1079,14,0,4,11.6647,3427.48
1061,14,0,4,11.6605,3406.2
1063,14,0,4,11.6569,3388.03
1062,14,0,4,11.6559,3380.95
2159,14,0,4,11.6556,3379.84
1045,14,0,4,11.6549,3376.69
1012,14,0,4,11.6477,3335.7
1014,14,0,4,11.6472,3332.84
989,14,0,4,11.6361,3274.53
990,14,0,4,11.6261,3224.27
991,14,0,4,11.6235,3211.92
706,14,0,4,11.6165,3172.46
704,14,0,4,11.6138,3159.68
2179,14,0,4,11.6136,3158.82
662,14,0,4,11.6074,3129.17
602,14,0,4,11.5961,3060.9
604,14,0,4,11.5935,3044.1
596,14,0,4,11.5934,3043.13
595,14,0,4,11.5879,3012.72
603,14,0,4,11.584,2991.67
1304,14,0,5,11.9992,5081.23,0.0428333,186.826,0.12,6
952,14,0,5,11.9748,4948.24
953,14,0,5,11.9641,4893.46
2023,14,0,5,11.9632,4889.36
2108,14,0,5,11.9468,4804.15
1794,14,0,5,11.9397,4768.39
2106,14,0,5,11.9245,4689.02
2039,14,0,5,11.9068,4595.49
1106,14,0,5,11.8972,4543.54
2035,14,0,5,11.883,4469.49
1108,14,0,5,11.8697,4398.6
895,14,0,6,12.1981,6068.38,0.0435,189.734,0.02,7
907,14,0,6,12.1824,5991.05
908,14,0,6,12.1733,5945.57
2014,14,0,6,12.1727,5942.89
2017,14,0,6,12.1716,5937.2
2170,14,0,6,12.1688,5923.01
1738,14,0,6,12.1514,5836.08
1737,14,0,6,12.1447,5802.3
936,14,0,6,12.1295,5723.39
933,14,0,6,12.1289,5720.45
934,14,0,6,12.1234,5682.8
935,14,0,6,12.1229,5680.19
2020,14,0,6,12.1118,5623.21
1787,14,0,6,12.0922,5526.06
1788,14,0,6,12.0914,5522.36
1789,14,0,6,12.08,5465.37
952,14,0,6,12.0711,5420.92
1304,14,0,6,12.042,5268.05
64,14,0,7,12.6024,8376.44,0,0,0
195,14,0,7,12.5733,8228.06
196,14,0,7,12.5705,8208.47
205,14,0,7,12.556,8122.02
215,14,0,7,12.5305,7965.64
225,14,0,7,12.5045,7762.43
715,14,0,7,12.473,7586.76
714,14,0,7,12.469,7562.6
726,14,0,7,12.4688,7560.75
529,14,0,7,12.4547,7461.1
605,14,0,7,12.4398,7364.43
603,14,0,7,12.4335,7331.35
604,14,0,7,12.4296,7309.49
596,14,0,7,12.4294,7308.52
580,14,0,7,12.4178,7244
574,14,0,7,12.3964,7132.88
573,14,0,7,12.3868,7079.08
564,14,0,7,12.3793,7038.82
557,14,0,7,12.3745,7007.75
561,14,0,7,12.368,6961.31
628,14,0,7,12.3638,6936.17
609,14,0,7,12.3521,6860.87
423,14,0,7,12.3462,6804.55
419,14,0,7,12.3394,6766.98
420,14,0,7,12.3334,6730.95
421,14,0,7,12.3288,6703.46
417,14,0,7,12.3238,6676.74
1989,14,0,7,12.3054,6582.53
2011,14,0,7,12.2861,6482.82
891,14,0,7,12.2641,6368.36
893,14,0,7,12.2581,6337.49
894,14,0,7,12.2528,6312.75
895,14,0,7,12.2416,6258.12
978,14,1,0,13.497,1574.75,0.0648333,282.783,0.06,1
1010,14,1,0,13.482,1497.65
1016,14,1,0,13.462,1404.7
1548,14,1,0,13.455,1368.79
1012,14,1,0,13.4504,1344.83
2028,14,1,0,13.4423,1299.37
989,14,1,0,13.4389,1283.63
990,14,1,0,13.4288,1233.37
991,14,1,0,13.4262,1221.01
706,14,1,0,13.4192,1181.55
704,14,1,0,13.4166,1168.78
2179,14,1,0,13.4164,1167.92
662,14,1,0,13.4102,1138.27
602,14,1,0,13.399,1070.13
599,14,1,0,13.3945,1045.43
605,14,1,0,13.3893,1017.31
529,14,1,0,13.3727,918.413
726,14,1,0,13.3566,816.876
714,14,1,0,13.3564,814.998
715,14,1,0,13.3529,791.373
225,14,1,0,13.3351,630.742
215,14,1,0,13.3079,427.668
205,14,1,0,13.2769,255.297
196,14,1,0,13.2618,168.03
195,14,1,0,13.2592,148.465
64,14,1,0,13.23,0
1302,14,1,1,13.8422,3301.76,0.035,152.659,0.22,2
949,14,1,1,13.8192,3177.7
951,14,1,1,13.8086,3123.16
950,14,1,1,13.8002,3081.64
938,14,1,1,13.7885,3018.52
929,14,1,1,13.7759,2949.83
2019,14,1,1,13.7755,2947.85
2157,14,1,1,13.7563,2853.04
1555,14,1,1,13.7459,2801.24
915,14,1,1,13.7384,2764.11
2016,14,1,1,13.7169,2657.2
917,14,1,1,13.7161,2653.39
916,14,1,1,13.7159,2652.48
919,14,1,1,13.7102,2613.4
2017,14,1,1,13.7101,2613.22
1786,14,1,1,13.7055,2589.68
2018,14,1,1,13.692,2517.89
1053,14,1,1,13.6526,2309.6
2033,14,1,1,13.6331,2218.02
1054,14,1,1,13.6242,2171.81
1037,14,1,1,13.6192,2145.09
1039,14,1,1,13.6122,2108.71
1041,14,1,1,13.6034,2063.93
2030,14,1,1,13.5973,2033
1011,14,1,1,13.5969,2031.55
1547,14,1,1,13.5796,1948.9
1546,14,1,1,13.5741,1921.53
975,14,1,1,13.5707,1903.56
981,14,1,1,13.5674,1885.83
980,14,1,1,13.5649,1874.06
978,14,1,1,13.5618,1857.53
636,14,1,2,14.1289,4853.33,0.0391667,170.833,0.15,3
633,14,1,2,14.1232,4823.53
563,14,1,2,14.1178,4798.53
564,14,1,2,14.1121,4767.69
557,14,1,2,14.1062,4734.61
561,14,1,2,14.0995,4688.07
628,14,1,2,14.0952,4662.7
609,14,1,2,14.083,4586.9
423,14,1,2,14.0771,4530.58
419,14,1,2,14.0718,4495.73
420,14,1,2,14.0666,4460.79
421,14,1,2,14.0626,4434.01
417,14,1,2,14.0581,4409.53
1989,14,1,2,14.0416,4323.12
2011,14,1,2,14.0238,4229.93
2156,14,1,2,14.0185,4202.6
2013,14,1,2,14.0179,4199.45
886,14,1,2,14.006,4141.27
888,14,1,2,13.9862,4035.16
903,14,1,2,13.9724,3965.27
904,14,1,2,13.969,3946.9
925,14,1,2,13.9455,3819
2019,14,1,2,13.9401,3791.73
929,14,1,2,13.9397,3789.75
938,14,1,2,13.9277,3723.9
950,14,1,2,13.9142,3653.34
951,14,1,2,13.9072,3617.62
949,14,1,2,13.8962,3561.14
1302,14,1,2,13.8772,3454.42
64,14,1,3,14.4143,6484.71,0,0,0
195,14,1,3,14.3927,6368.46
196,14,1,3,14.39,6348.88
205,14,1,3,14.3757,6262.8
215,14,1,3,14.3513,6107.82
225,14,1,3,14.3264,5903.98
715,14,1,3,14.2915,5713.44
714,14,1,3,14.2877,5689.6
726,14,1,3,14.2876,5687.74
529,14,1,3,14.2735,5588.13
605,14,1,3,14.2581,5490.87
603,14,1,3,14.2523,5459.89
604,14,1,3,14.2475,5434.48
596,14,1,3,14.2474,5433.51
580,14,1,3,14.2331,5357.31
583,14,1,3,14.2269,5327.49
587,14,1,3,14.2247,5313.06
578,14,1,3,14.2216,5296.25
575,14,1,3,14.2161,5265.14
571,14,1,3,14.2132,5249.02
570,14,1,3,14.2084,5225.74
1994,14,1,3,14.1956,5161.39
562,14,1,3,14.1822,5096.33
639,14,1,3,14.1788,5078.89
638,14,1,3,14.1721,5044.86
636,14,1,3,14.1681,5024.16
220,15,0,0,11.0872,472.978,0.0955,416.542,0.04,1
2130,15,0,0,11.0724,392.48
215,15,0,0,11.0675,358.782
205,15,0,0,11.0436,204.484
196,15,0,0,11.0305,119.897
195,15,0,0,11.0279,100.335
64,15,0,0,11.01,0
710,15,0,1,11.2404,1198.14,0.0443333,193.369,0.36,2
223,15,0,1,11.2229,1104.91
224,15,0,1,11.2088,1031.05
222,15,0,1,11.193,945.57
220,15,0,1,11.1827,889.52
455,15,0,2,11.3438,1774.06,0.0408333,178.103,0.03,3
454,15,0,2,11.341,1758.44
457,15,0,2,11.3343,1704.48
456,15,0,2,11.3291,1675.03
458,15,0,2,11.3196,1613.89
459,15,0,2,11.3137,1568.78
1543,15,0,2,11.3044,1506.55
710,15,0,2,11.2847,1391.51
603,15,0,3,11.475,2516.24,0.109,475.425,0.32,4
604,15,0,3,11.4708,2493.1
596,15,0,3,11.4706,2492.13
595,15,0,3,11.4652,2461.72
605,15,0,3,11.464,2453.73
529,15,0,3,11.4468,2353.71
726,15,0,3,11.4309,2252.51
714,15,0,3,11.4307,2250.62
1543,15,0,3,11.4259,2220.1
459,15,0,3,11.4156,2156.7
458,15,0,3,11.4091,2111.44
456,15,0,3,11.4,2050.65
457,15,0,3,11.3946,2020.43
454,15,0,3,11.387,1966.47
455,15,0,3,11.3846,1952.16
1108,15,0,4,11.7762,3990.79,0.0935,407.819,0.09,5
1109,15,0,4,11.7718,3968.11
1113,15,0,4,11.765,3933.96
1847,15,0,4,11.7515,3866.44
1086,15,0,4,11.7479,3846.41
1087,15,0,4,11.7334,3773.22
1090,15,0,4,11.7247,3728.06
1076,15,0,4,11.6985,3601.08
1074,15,0,4,11.6944,3579.96
1077,15,0,4,11.6848,3529.14
1080,15,0,4,11.6713,3461.94
1079,15,0,4,11.6647,3427.48
1061,15,0,4,11.6605,3406.2
1063,15,0,4,11.6569,3388.03
1062,15,0,4,11.6559,3380.95
2159,15,0,4,11.6556,3379.84
1045,15,0,4,11.6549,3376.69
1012,15,0,4,11.6477,3335.7
1014,15,0,4,11.6472,3332.84
989,15,0,4,11.6361,3274.53
990,15,0,4,11.6261,3224.27
991,15,0,4,11.6235,3211.92
706,15,0,4,11.6165,3172.46
704,15,0,4,11.6138,3159.68
2179,15,0,4,11.6136,3158.82
662,15,0,4,11.6074,3129.17
602,15,0,4,11.5961,3060.9
604,15,0,4,11.5935,3044.1
596,15,0,4,11.5934,3043.13
595,15,0,4,11.5879,3012.72
603,15,0,4,11.584,2991.67
1304,15,0,5,11.9992,5081.23,0.0428333,186.826,0.12,6
952,15,0,5,11.9748,4948.24
953,15,0,5,11.9641,4893.46
2023,15,0,5,11.9632,4889.36
2108,15,0,5,11.9468,4804.15
1794,15,0,5,11.9397,4768.39
2106,15,0,5,11.9245,4689.02
2039,15,0,5,11.9068,4595.49
1106,15,0,5,11.8972,4543.54
2035,15,0,5,11.883,4469.49
1108,15,0,5,11.8697,4398.6
895,15,0,6,12.1981,6068.38,0.0435,189.734,0.02,7
907,15,0,6,12.1824,5991.05
908,15,0,6,12.1733,5945.57
2014,15,0,6,12.1727,5942.89
2017,15,0,6,12.1716,5937.2
2170,15,0,6,12.1688,5923.01
1738,15,0,6,12.1514,5836.08
1737,15,0,6,12.1447,5802.3
936,15,0,6,12.1295,5723.39
933,15,0,6,12.1289,5720.45
934,15,0,6,12.1234,5682.8
935,15,0,6,12.1229,5680.19
2020,15,0,6,12.1118,5623.21
1787,15,0,6,12.0922,5526.06
1788,15,0,6,12.0914,5522.36
1789,15,0,6,12.08,5465.37
952,15,0,6,12.0711,5420.92
1304,15,0,6,12.042,5268.05
64,15,0,7,12.6024,8376.44,0,0,0
195,15,0,7,12.5733,8228.06
196,15,0,7,12.5705,8208.47
205,15,0,7,12.556,8122.02
215,15,0,7,12.5305,7965.64
225,15,0,7,12.5045,7762.43
715,15,0,7,12.473,7586.76
714,15,0,7,12.469,7562.6
726,15,0,7,12.4688,7560.75
529,15,0,7,12.4547,7461.1
605,15,0,7,12.4398,7364.43
603,15,0,7,12.4335,7331.35
604,15,0,7,12.4296,7309.49
596,15,0,7,12.4294,7308.52
580,15,0,7,12.4178,7244
574,15,0,7,12.3964,7132.88
573,15,0,7,12.3868,7079.08
564,15,0,7,12.3793,7038.82
557,15,0,7,12.3745,7007.75
561,15,0,7,12.368,6961.31
628,15,0,7,12.3638,6936.17
609,15,0,7,12.3521,6860.87
423,15,0,7,12.3462,6804.55
419,15,0,7,12.3394,6766.98
420,15,0,7,12.3334,6730.95
421,15,0,7,12.3288,6703.46
417,15,0,7,12.3238,6676.74
1989,15,0,7,12.3054,6582.53
2011,15,0,7,12.2861,6482.82
891,15,0,7,12.2641,6368.36
893,15,0,7,12.2581,6337.49
894,15,0,7,12.2528,6312.75
895,15,0,7,12.2416,6258.12
1302,15,1,0,13.7042,2766.91,0.035,152.659,0.22,1
949,15,1,0,13.6812,2642.85
2025,15,1,0,13.6777,2625.39
1598,15,1,0,13.6744,2606.63
948,15,1,0,13.6695,2579.61
928,15,1,0,13.6591,2522.31
929,15,1,0,13.6389,2416.19
2019,15,1,0,13.6385,2414.21
2157,15,1,0,13.6124,2290.85
905,15,1,0,13.5755,2102.44
889,15,1,0,13.5662,2054.31
890,15,1,0,13.5596,2018.4
2013,15,1,0,13.5401,1915.19
1988,15,1,0,13.5225,1821.32
417,15,1,0,13.502,1716.71
418,15,1,0,13.498,1695.77
419,15,1,0,13.4825,1609.96
423,15,1,0,13.4763,1573.67
609,15,1,0,13.4704,1517.35
628,15,1,0,13.4606,1443.34
561,15,1,0,13.4567,1418.58
557,15,1,0,13.4493,1371.34
554,15,1,0,13.4471,1360.2
565,15,1,0,13.437,1306.55
573,15,1,0,13.4317,1279.96
574,15,1,0,13.4244,1230.49
580,15,1,0,13.4016,1113.57
596,15,1,0,13.3955,1053.72
595,15,1,0,13.3905,1025.37
605,15,1,0,13.3893,1017.31
529,15,1,0,13.3727,918.413
726,15,1,0,13.3566,816.876
714,15,1,0,13.3564,814.998
715,15,1,0,13.3529,791.373
225,15,1,0,13.3351,630.742
215,15,1,0,13.3079,427.668
205,15,1,0,13.2769,255.297
196,15,1,0,13.2618,168.03
195,15,1,0,13.2592,148.465
64,15,1,0,13.23,0
978,15,1,1,14.0231,4355.78,0.0373333,162.837,0.05,2
1010,15,1,1,14.0082,4278.67
1011,15,1,1,13.9941,4206.68
1009,15,1,1,13.9874,4172.76
1038,15,1,1,13.9794,4132.87
1039,15,1,1,13.9788,4130.2
1037,15,1,1,13.966,4069.25
1034,15,1,1,13.9562,4019.03
2032,15,1,1,13.9408,3941.44
1050,15,1,1,13.9118,3796.99
1804,15,1,1,13.8987,3730.98
2015,15,1,1,13.8875,3674.76
2014,15,1,1,13.8793,3633.76
2017,15,1,1,13.8782,3628.07
2170,15,1,1,13.8753,3613.42
917,15,1,1,13.8691,3582.43
2016,15,1,1,13.8683,3578.62
915,15,1,1,13.8473,3473.67
1555,15,1,1,13.8399,3436.9
2157,15,1,1,13.829,3383.15
2019,15,1,1,13.8021,3256.89
929,15,1,1,13.8017,3254.9
938,15,1,1,13.7898,3189.05
950,15,1,1,13.7763,3118.49
951,15,1,1,13.7693,3082.77
949,15,1,1,13.7583,3026.3
1302,15,1,1,13.7392,2919.57
636,15,1,2,14.1401,4909.04,0.0391667,170.833,0.15,3
631,15,1,2,14.1334,4876.25
630,15,1,2,14.1276,4847.73
637,15,1,2,14.1171,4795.65
1996,15,1,2,14.1046,4732.36
1997,15,1,2,14.1007,4712.46
2027,15,1,2,14.0735,4582.24
2026,15,1,2,14.0677,4553.76
978,15,1,2,14.0604,4518.61
64,15,1,3,14.4255,6540.42,0,0,0
195,15,1,3,14.4039,6424.16
196,15,1,3,14.4012,6404.58
205,15,1,3,14.3869,6318.5
215,15,1,3,14.3625,6163.52
225,15,1,3,14.3376,5959.69
715,15,1,3,14.3027,5769.15
714,15,1,3,14.299,5745.31
726,15,1,3,14.2988,5743.45
529,15,1,3,14.2847,5643.84
605,15,1,3,14.2694,5546.58
603,15,1,3,14.2636,5515.6
604,15,1,3,14.2588,5490.19
596,15,1,3,14.2586,5489.22
580,15,1,3,14.2443,5413.01
583,15,1,3,14.2381,5383.2
587,15,1,3,14.2359,5368.77
578,15,1,3,14.2328,5351.95
575,15,1,3,14.2273,5320.85
571,15,1,3,14.2244,5304.73
570,15,1,3,14.2196,5281.45
1994,15,1,3,14.2068,5217.1
562,15,1,3,14.1935,5152.04
639,15,1,3,14.19,5134.6
638,15,1,3,14.1833,5100.57
636,15,1,3,14.1793,5079.87
603,16,0,0,11.1684,1012.31,0.109,475.425,0.32,1
604,16,0,0,11.1641,989.164
596,16,0,0,11.164,988.193
595,16,0,0,11.1585,957.784
605,16,0,0,11.1574,949.793
529,16,0,0,11.1402,849.768
726,16,0,0,11.1243,748.573
714,16,0,0,11.1241,746.688
715,16,0,0,11.1207,723.201
225,16,0,0,11.1032,562.11
215,16,0,0,11.0775,358.782
205,16,0,0,11.0536,204.484
196,16,0,0,11.0405,119.897
195,16,0,0,11.0379,100.335
64,16,0,0,11.02,0
1108,16,0,1,11.4695,2486.85,0.0935,407.819,0.09,2
1109,16,0,1,11.4652,2464.18
1113,16,0,1,11.4583,2430.03
1847,16,0,1,11.4449,2362.5
1086,16,0,1,11.4413,2342.47
1087,16,0,1,11.4267,2269.28
1090,16,0,1,11.418,2224.12
1076,16,0,1,11.3919,2097.14
1074,16,0,1,11.3878,2076.03
1077,16,0,1,11.3782,2025.21
1080,16,0,1,11.3647,1958
1079,16,0,1,11.3581,1923.55
1061,16,0,1,11.3538,1902.26
1063,16,0,1,11.3503,1884.1
1062,16,0,1,11.3492,1877.02
2159,16,0,1,11.349,1875.9
1045,16,0,1,11.3483,1872.75
1012,16,0,1,11.3411,1831.77
1014,16,0,1,11.3405,1828.9
989,16,0,1,11.3295,1770.6
990,16,0,1,11.3194,1720.33
991,16,0,1,11.3168,1707.98
706,16,0,1,11.3098,1668.52
704,16,0,1,11.3072,1655.75
2179,16,0,1,11.307,1654.88
662,16,0,1,11.3008,1625.24
602,16,0,1,11.2894,1556.96
604,16,0,1,11.2869,1540.16
596,16,0,1,11.2867,1539.19
595,16,0,1,11.2813,1508.78
603,16,0,1,11.2774,1487.73
1304,16,0,2,11.6926,3577.29,0.0428333,186.826,0.12,3
952,16,0,2,11.6682,3444.3
953,16,0,2,11.6574,3389.53
2023,16,0,2,11.6566,3385.43
2108,16,0,2,11.6401,3300.22
1794,16,0,2,11.6331,3264.46
2106,16,0,2,11.6178,3185.09
2039,16,0,2,11.6002,3091.56
1106,16,0,2,11.5906,3039.61
2035,16,0,2,11.5763,2965.56
1108,16,0,2,11.563,2894.67
895,16,0,3,11.8942,4576.55,0.103333,450.709,0.01,4
907,16,0,3,11.8786,4499.65
908,16,0,3,11.8693,4453.6
2014,16,0,3,11.8687,4450.92
2017,16,0,3,11.8676,4445.23
2170,16,0,3,11.8646,4430.37
1738,16,0,3,11.8501,4355.29
1737,16,0,3,11.8447,4327.23
936,16,0,3,11.8296,4248.61
933,16,0,3,11.829,4245.67
934,16,0,3,11.8235,4208.03
943,16,0,3,11.8069,4127.49
2020,16,0,3,11.8061,4123.55
1787,16,0,3,11.7887,4035.69
1788,16,0,3,11.788,4031.98
1789,16,0,3,11.7779,3980.67
952,16,0,3,11.7699,3940.16
1304,16,0,3,11.7354,3764.11
64,16,0,4,12.3342,7034.23,0,0,0
195,16,0,4,12.3121,6916
196,16,0,4,12.3092,6896.27
205,16,0,4,12.2953,6810.71
215,16,0,4,12.2697,6654.27
225,16,0,4,12.2444,6450.75
715,16,0,4,12.2163,6285.72
714,16,0,4,12.2124,6261.72
726,16,0,4,12.2122,6259.84
529,16,0,4,12.1985,6160.34
605,16,0,4,12.1837,6063.73
603,16,0,4,12.1786,6035.75
604,16,0,4,12.1743,6012.61
596,16,0,4,12.1742,6011.64
580,16,0,4,12.1658,5953.37
574,16,0,4,12.1485,5860.12
573,16,0,4,12.1384,5804.22
564,16,0,4,12.1308,5763.07
557,16,0,4,12.1247,5729.08
561,16,0,4,12.118,5682.56
628,16,0,4,12.1135,5656.91
609,16,0,4,12.1007,5580.26
423,16,0,4,12.0948,5523.94
419,16,0,4,12.0902,5489.49
420,16,0,4,12.0842,5453.55
431,16,0,4,12.0644,5356.51
434,16,0,4,12.0579,5325.9
873,16,0,4,12.0536,5302.89
874,16,0,4,12.0405,5239.64
870,16,0,4,12.0346,5209.76
894,16,0,4,12.0076,5077.24
895,16,0,4,11.9975,5027.26
1302,16,1,0,13.6842,2766.91,0.035,152.659,0.22,1
949,16,1,0,13.6612,2642.85
2025,16,1,0,13.6577,2625.39
1598,16,1,0,13.6544,2606.63
948,16,1,0,13.6495,2579.61
928,16,1,0,13.6391,2522.31
929,16,1,0,13.6189,2416.19
2019,16,1,0,13.6185,2414.21
2157,16,1,0,13.5924,2290.85
905,16,1,0,13.5555,2102.44
889,16,1,0,13.5462,2054.31
890,16,1,0,13.5396,2018.4
2013,16,1,0,13.5201,1915.19
1988,16,1,0,13.5025,1821.32
417,16,1,0,13.482,1716.71
418,16,1,0,13.478,1695.77
419,16,1,0,13.4625,1609.96
423,16,1,0,13.4563,1573.67
609,16,1,0,13.4504,1517.35
628,16,1,0,13.4406,1443.34
561,16,1,0,13.4367,1418.58
557,16,1,0,13.4293,1371.34
554,16,1,0,13.4271,1360.2
565,16,1,0,13.417,1306.55
573,16,1,0,13.4117,1279.96
574,16,1,0,13.4044,1230.49
580,16,1,0,13.3816,1113.57
596,16,1,0,13.3755,1053.72
595,16,1,0,13.3705,1025.37
605,16,1,0,13.3693,1017.31
529,16,1,0,13.3527,918.413
726,16,1,0,13.3366,816.876
714,16,1,0,13.3364,814.998
715,16,1,0,13.3329,791.373
225,16,1,0,13.3151,630.742
215,16,1,0,13.2879,427.668
205,16,1,0,13.2569,255.297
196,16,1,0,13.2418,168.03
195,16,1,0,13.2392,148.465
64,16,1,0,13.21,0
978,16,1,1,14.0031,4355.78,0.0373333,162.837,0.05,2
1010,16,1,1,13.9882,4278.67
1011,16,1,1,13.9741,4206.68
1009,16,1,1,13.9674,4172.76
1038,16,1,1,13.9594,4132.87
1039,16,1,1,13.9588,4130.2
1037,16,1,1,13.946,4069.25
1034,16,1,1,13.9362,4019.03
2032,16,1,1,13.9208,3941.44
1050,16,1,1,13.8918,3796.99
1804,16,1,1,13.8787,3730.98
2015,16,1,1,13.8675,3674.76
2014,16,1,1,13.8593,3633.76
2017,16,1,1,13.8582,3628.07
2170,16,1,1,13.8553,3613.42
917,16,1,1,13.8491,3582.43
2016,16,1,1,13.8483,3578.62
915,16,1,1,13.8273,3473.67
1555,16,1,1,13.8199,3436.9
2157,16,1,1,13.809,3383.15
2019,16,1,1,13.7821,3256.89
929,16,1,1,13.7817,3254.9
938,16,1,1,13.7698,3189.05
950,16,1,1,13.7563,3118.49
951,16,1,1,13.7493,3082.77
949,16,1,1,13.7383,3026.3
1302,16,1,1,13.7192,2919.57
636,16,1,2,14.1201,4909.04,0.0391667,170.833,0.15,3
631,16,1,2,14.1134,4876.25
630,16,1,2,14.1076,4847.73
637,16,1,2,14.0971,4795.65
1996,16,1,2,14.0846,4732.36
1997,16,1,2,14.0807,4712.46
2027,16,1,2,14.0535,4582.24
2026,16,1,2,14.0477,4553.76
978,16,1,2,14.0404,4518.61
64,16,1,3,14.4055,6540.42,0,0,0
195,16,1,3,14.3839,6424.16
196,16,1,3,14.3812,6404.58
205,16,1,3,14.3669,6318.5
215,16,1,3,14.3425,6163.52
225,16,1,3,14.3176,5959.69
715,16,1,3,14.2827,5769.15
714,16,1,3,14.279,5745.31
726,16,1,3,14.2788,5743.45
529,16,1,3,14.2647,5643.84
605,16,1,3,14.2494,5546.58
603,16,1,3,14.2436,5515.6
604,16,1,3,14.2388,5490.19
596,16,1,3,14.2386,5489.22
580,16,1,3,14.2243,5413.01
583,16,1,3,14.2181,5383.2
587,16,1,3,14.2159,5368.77
578,16,1,3,14.2128,5351.95
575,16,1,3,14.2073,5320.85
571,16,1,3,14.2044,5304.73
570,16,1,3,14.1996,5281.45
1994,16,1,3,14.1868,5217.1
562,16,1,3,14.1735,5152.04
639,16,1,3,14.17,5134.6
638,16,1,3,14.1633,5100.57
636,16,1,3,14.1593,5079.87
220,16,2,0,11.4072,472.978,0.0955,416.542,0.04,1
2130,16,2,0,11.3924,392.48
215,16,2,0,11.3875,358.782
205,16,2,0,11.3636,204.484
196,16,2,0,11.3505,119.897
195,16,2,0,11.3479,100.335
64,16,2,0,11.33,0
455,16,2,1,11.5921,1421.69,0.0408333,178.103,0.03,2
454,16,2,1,11.5893,1406.07
457,16,2,1,11.5825,1352.11
456,16,2,1,11.5774,1322.67
458,16,2,1,11.5679,1261.52
459,16,2,1,11.562,1216.42
450,16,2,1,11.5468,1132.53
229,16,2,1,11.5373,1079.68
222,16,2,1,11.513,945.57
220,16,2,1,11.5027,889.52
710,16,2,2,11.6956,1988,0.0443333,193.369,0.36,3
1543,16,2,2,11.6742,1867.73
459,16,2,2,11.6639,1804.33
458,16,2,2,11.6574,1759.07
456,16,2,2,11.6483,1698.29
457,16,2,2,11.6429,1668.07
454,16,2,2,11.6353,1614.11
455,16,2,2,11.6329,1599.79
64,16,2,3,11.8405,2864.25,0,0,0
195,16,2,3,11.8193,2749.57
196,16,2,3,11.8165,2729.96
205,16,2,3,11.804,2646.06
215,16,2,3,11.7841,2493.96
225,16,2,3,11.7589,2290.4
1680,16,2,3,11.7559,2271.38
710,16,2,3,11.74,2181.37
