Node, Individual, Route,Segment, Travel time, Travel cost, Attention time, Attention cost, Failure rate, Demand
220,0,0,0,13.0702,511.167,0.072,314.042,0.12,1
2130,0,0,0,13.0524,417.757
215,0,0,0,13.0469,383.417
205,0,0,0,13.0189,223.068
196,0,0,0,13.005,137.521
195,0,0,0,13.0019,117.624
64,0,0,0,12.98,0
710,0,0,1,13.209,1171.13,0.0466667,203.546,0.45,2
223,0,0,1,13.1899,1071.11
224,0,0,1,13.1666,958.91
222,0,0,1,13.1509,874.132
220,0,0,1,13.1422,825.209
455,0,0,2,13.3163,1763.6,0.0423333,184.645,0.11,3
454,0,0,2,13.3131,1746.22
457,0,0,2,13.3065,1692.15
456,0,0,2,13.3016,1663.11
458,0,0,2,13.2923,1602.2
459,0,0,2,13.2857,1556.85
1543,0,0,2,13.2771,1495.04
710,0,0,2,13.2556,1374.67
895,0,0,3,13.6123,3391.51,0.0823333,359.113,0.02,4
896,0,0,3,13.6086,3373.27
893,0,0,3,13.5979,3320.67
876,0,0,3,13.5699,3183.3
875,0,0,3,13.5652,3158.5
2011,0,0,3,13.5578,3120.25
2156,0,0,3,13.5525,3092.93
2013,0,0,3,13.5519,3089.77
1988,0,0,3,13.5329,2989.99
417,0,0,3,13.5092,2871.91
418,0,0,3,13.5059,2854.13
1741,0,0,3,13.4994,2818.92
1740,0,0,3,13.4952,2796.68
1739,0,0,3,13.49,2768.08
401,0,0,3,13.4792,2709.7
393,0,0,3,13.466,2638.23
2136,0,0,3,13.4432,2513.31
2134,0,0,3,13.4319,2450.97
371,0,0,3,13.4266,2410.19
372,0,0,3,13.4117,2306.19
460,0,0,3,13.4059,2271.55
461,0,0,3,13.3941,2202.97
462,0,0,3,13.3925,2188.59
1990,0,0,3,13.3847,2135.55
452,0,0,3,13.3807,2103.48
453,0,0,3,13.37,2016.06
455,0,0,3,13.3586,1948.24
1302,0,0,4,13.8473,4548.94,0.035,152.659,0.22,5
949,0,0,4,13.8262,4433.17
951,0,0,4,13.8166,4382.2
950,0,0,4,13.8081,4340.68
938,0,0,4,13.7964,4277.56
929,0,0,4,13.7838,4208.87
2019,0,0,4,13.7834,4206.89
2157,0,0,4,13.7642,4112.08
905,0,0,4,13.7298,3934.13
906,0,0,4,13.7165,3864.08
892,0,0,4,13.7007,3782.01
896,0,0,4,13.6981,3767.94
895,0,0,4,13.6946,3750.63
1304,0,0,5,13.9359,4967.23,0.0735,320.585,0.21,6
1305,0,0,5,13.92,4889.9
1303,0,0,5,13.9034,4808.09
1302,0,0,5,13.8823,4701.6
1108,0,0,6,14.1462,5999.49,0.0538333,234.805,0.19,7
1107,0,0,6,14.1336,5933.25
1106,0,0,6,14.1211,5866.47
2039,0,0,6,14.1146,5824.95
2106,0,0,6,14.0967,5730.37
2050,0,0,6,14.0886,5690.75
2051,0,0,6,14.0691,5597.27
2163,0,0,6,14.0287,5390.23
1304,0,0,6,14.0094,5287.81
978,0,0,7,14.327,6886.77,0.0373333,162.837,0.05,8
1010,0,0,7,14.3122,6810.01
1011,0,0,7,14.298,6737.37
1009,0,0,7,14.2923,6707.94
1038,0,0,7,14.2842,6667.34
1039,0,0,7,14.2836,6664.67
1037,0,0,7,14.2737,6616.1
1034,0,0,7,14.2655,6572.26
2033,0,0,7,14.2592,6539.97
1803,0,0,7,14.2533,6509.83
1785,0,0,7,14.2376,6428.32
1067,0,0,7,14.2312,6396.58
1068,0,0,7,14.2292,6386.09
1069,0,0,7,14.2241,6359.91
1070,0,0,7,14.2192,6334.47
1849,0,0,7,14.2101,6286.78
1108,0,0,7,14.2,6234.3
636,0,0,8,14.4441,7440.03,0.0391667,170.833,0.15,9
631,0,0,8,14.4374,7407.24
630,0,0,8,14.4316,7378.72
637,0,0,8,14.421,7326.65
1996,0,0,8,14.4086,7263.36
1997,0,0,8,14.4047,7243.46
2027,0,0,8,14.3774,7113.24
2026,0,0,8,14.3716,7084.76
978,0,0,8,14.3643,7049.61
603,0,0,9,14.5675,8046.6,0.0658333,287.145,0.35,10
604,0,0,9,14.5627,8021.19
596,0,0,9,14.5626,8020.21
580,0,0,9,14.5483,7944.01
583,0,0,9,14.5421,7914.19
587,0,0,9,14.5398,7899.77
578,0,0,9,14.5368,7882.95
575,0,0,9,14.5312,7851.84
571,0,0,9,14.5283,7835.72
570,0,0,9,14.5235,7812.45
1994,0,0,9,14.5108,7748.09
562,0,0,9,14.4974,7683.04
639,0,0,9,14.4939,7665.6
638,0,0,9,14.4872,7631.56
636,0,0,9,14.4832,7610.87
64,0,0,10,14.7953,9358.56,0,0,0
195,0,0,10,14.7737,9242.31
196,0,0,10,14.771,9222.72
205,0,0,10,14.7567,9136.64
215,0,0,10,14.7323,8981.67
225,0,0,10,14.7074,8777.83
715,0,0,10,14.6725,8587.29
714,0,0,10,14.6687,8563.45
726,0,0,10,14.6685,8561.59
529,0,0,10,14.6545,8461.98
605,0,0,10,14.6391,8364.72
603,0,0,10,14.6333,8333.74
220,1,0,0,13.0702,511.167,0.072,314.042,0.12,1
2130,1,0,0,13.0524,417.757
215,1,0,0,13.0469,383.417
205,1,0,0,13.0189,223.068
196,1,0,0,13.005,137.521
195,1,0,0,13.0019,117.624
64,1,0,0,12.98,0
455,1,0,1,13.236,1375.28,0.0423333,184.645,0.11,2
454,1,0,1,13.2327,1357.9
457,1,0,1,13.2262,1303.83
456,1,0,1,13.2212,1274.8
458,1,0,1,13.212,1213.88
459,1,0,1,13.2054,1168.53
450,1,0,1,13.1902,1084.61
229,1,0,1,13.1791,1024.74
222,1,0,1,13.1509,874.132
220,1,0,1,13.1422,825.209
895,1,0,2,13.532,3003.2,0.0823333,359.113,0.02,3
896,1,0,2,13.5283,2984.96
893,1,0,2,13.5176,2932.35
876,1,0,2,13.4895,2794.98
875,1,0,2,13.4848,2770.19
2011,1,0,2,13.4774,2731.94
2156,1,0,2,13.4722,2704.61
2013,1,0,2,13.4715,2701.46
1988,1,0,2,13.4525,2601.68
417,1,0,2,13.4288,2483.59
418,1,0,2,13.4255,2465.81
1741,1,0,2,13.419,2430.6
1740,1,0,2,13.4149,2408.37
1739,1,0,2,13.4097,2379.77
401,1,0,2,13.3988,2321.38
393,1,0,2,13.3856,2249.91
2136,1,0,2,13.3628,2124.99
2134,1,0,2,13.3515,2062.66
371,1,0,2,13.3462,2021.87
372,1,0,2,13.3314,1917.88
460,1,0,2,13.3256,1883.23
461,1,0,2,13.3137,1814.65
462,1,0,2,13.3122,1800.28
1990,1,0,2,13.3043,1747.24
452,1,0,2,13.3004,1715.16
453,1,0,2,13.2896,1627.74
455,1,0,2,13.2783,1559.93
1302,1,0,3,13.767,4160.62,0.035,152.659,0.22,4
949,1,0,3,13.7459,4044.85
951,1,0,3,13.7362,3993.89
950,1,0,3,13.7278,3952.36
938,1,0,3,13.7161,3889.25
929,1,0,3,13.7034,3820.56
2019,1,0,3,13.703,3818.57
2157,1,0,3,13.6839,3723.76
905,1,0,3,13.6495,3545.82
906,1,0,3,13.6361,3475.77
892,1,0,3,13.6204,3393.69
896,1,0,3,13.6178,3379.63
895,1,0,3,13.6143,3362.31
1304,1,0,4,13.8555,4578.91,0.0735,320.585,0.21,5
1305,1,0,4,13.8396,4501.58
1303,1,0,4,13.823,4419.77
1302,1,0,4,13.802,4313.28
1108,1,0,5,14.0693,5624.69,0.0538333,234.805,0.19,6
1107,1,0,5,14.0565,5557.33
1106,1,0,5,14.0345,5450.91
2039,1,0,5,14.0278,5409.25
2106,1,0,5,14.0124,5324.88
2050,1,0,5,13.9997,5267.11
2051,1,0,5,13.9882,5206.76
2163,1,0,5,13.9491,5005.28
1304,1,0,5,13.929,4899.49
978,1,0,6,14.2502,6511.97,0.0373333,162.837,0.05,7
1010,1,0,6,14.2353,6435.21
1011,1,0,6,14.2211,6362.57
1009,1,0,6,14.2155,6333.13
1038,1,0,6,14.2073,6292.54
1039,1,0,6,14.2067,6289.86
1037,1,0,6,14.1969,6241.3
1034,1,0,6,14.1886,6197.46
2033,1,0,6,14.1824,6165.17
1803,1,0,6,14.1765,6135.02
1785,1,0,6,14.1607,6053.52
1067,1,0,6,14.1544,6021.78
1068,1,0,6,14.1524,6011.29
1069,1,0,6,14.1473,5985.11
1070,1,0,6,14.1424,5959.66
1849,1,0,6,14.1332,5911.98
1108,1,0,6,14.1232,5859.49
636,1,0,7,14.3672,7065.23,0.0391667,170.833,0.15,8
631,1,0,7,14.3605,7032.44
630,1,0,7,14.3547,7003.92
637,1,0,7,14.3441,6951.84
1996,1,0,7,14.3317,6888.56
1997,1,0,7,14.3278,6868.65
2027,1,0,7,14.3006,6738.43
2026,1,0,7,14.2948,6709.95
978,1,0,7,14.2875,6674.81
603,1,0,8,14.4906,7671.79,0.0658333,287.145,0.35,9
604,1,0,8,14.4858,7646.38
596,1,0,8,14.4857,7645.41
580,1,0,8,14.4714,7569.21
583,1,0,8,14.4652,7539.39
587,1,0,8,14.463,7524.96
578,1,0,8,14.4599,7508.15
575,1,0,8,14.4544,7477.04
571,1,0,8,14.4515,7460.92
570,1,0,8,14.4467,7437.64
1994,1,0,8,14.4339,7373.29
562,1,0,8,14.4205,7308.23
639,1,0,8,14.4171,7290.79
638,1,0,8,14.4104,7256.76
636,1,0,8,14.4064,7236.06
710,1,0,9,14.6202,8372.33,0.0876667,382.376,0.44,10
1543,1,0,9,14.6003,8256.97
715,1,0,9,14.5956,8212.48
714,1,0,9,14.5919,8188.64
726,1,0,9,14.5917,8186.78
529,1,0,9,14.5776,8087.17
605,1,0,9,14.5623,7989.92
603,1,0,9,14.5565,7958.94
64,1,0,10,14.8166,9453.54,0,0,0
195,1,0,10,14.7951,9337.29
196,1,0,10,14.7923,9317.71
205,1,0,10,14.7781,9231.63
215,1,0,10,14.7536,9076.65
225,1,0,10,14.7288,8872.82
1680,1,0,10,14.726,8853.97
710,1,0,10,14.7079,8754.71
220,2,0,0,12.9102,511.167,0.0923333,402.73,0.08,1
2130,2,0,0,12.8924,417.757
215,2,0,0,12.8869,383.417
205,2,0,0,12.8589,223.068
196,2,0,0,12.845,137.521
195,2,0,0,12.8419,117.624
64,2,0,0,12.82,0
710,2,0,1,13.0693,1259.82,0.0466667,203.546,0.45,2
223,2,0,1,13.0502,1159.8
224,2,0,1,13.0269,1047.6
222,2,0,1,13.0112,962.82
220,2,0,1,13.0026,913.897
455,2,0,2,13.1766,1852.28,0.0423333,184.645,0.11,3
454,2,0,2,13.1734,1834.91
457,2,0,2,13.1669,1780.84
456,2,0,2,13.1619,1751.8
458,2,0,2,13.1527,1690.89
459,2,0,2,13.1461,1645.54
1543,2,0,2,13.1375,1583.73
710,2,0,2,13.116,1463.36
895,2,0,3,13.4726,3480.2,0.0823333,359.113,0.02,4
896,2,0,3,13.469,3461.96
893,2,0,3,13.4583,3409.36
876,2,0,3,13.4302,3271.99
875,2,0,3,13.4255,3247.19
2011,2,0,3,13.4181,3208.94
2156,2,0,3,13.4129,3181.61
2013,2,0,3,13.4122,3178.46
1988,2,0,3,13.3932,3078.68
417,2,0,3,13.3695,2960.59
418,2,0,3,13.3662,2942.82
1741,2,0,3,13.3597,2907.61
1740,2,0,3,13.3556,2885.37
1739,2,0,3,13.3504,2856.77
401,2,0,3,13.3395,2798.38
393,2,0,3,13.3263,2726.91
2136,2,0,3,13.3035,2602
2134,2,0,3,13.2922,2539.66
371,2,0,3,13.2869,2498.88
372,2,0,3,13.2721,2394.88
460,2,0,3,13.2662,2360.23
461,2,0,3,13.2544,2291.66
462,2,0,3,13.2528,2277.28
1990,2,0,3,13.245,2224.24
452,2,0,3,13.2411,2192.17
453,2,0,3,13.2303,2104.75
455,2,0,3,13.219,2036.93
1302,2,0,4,13.7077,4637.63,0.035,152.659,0.22,5
949,2,0,4,13.6866,4521.86
951,2,0,4,13.6769,4470.89
950,2,0,4,13.6685,4429.37
938,2,0,4,13.6567,4366.25
929,2,0,4,13.6441,4297.56
2019,2,0,4,13.6437,4295.58
2157,2,0,4,13.6246,4200.77
905,2,0,4,13.5901,4022.82
906,2,0,4,13.5768,3952.77
892,2,0,4,13.5611,3870.69
896,2,0,4,13.5584,3856.63
895,2,0,4,13.555,3839.31
1304,2,0,5,13.7962,5055.91,0.0735,320.585,0.21,6
1305,2,0,5,13.7803,4978.59
1303,2,0,5,13.7637,4896.78
1302,2,0,5,13.7427,4790.29
1108,2,0,6,14.01,6101.69,0.0538333,234.805,0.19,7
1107,2,0,6,13.9972,6034.33
1106,2,0,6,13.9752,5927.91
2039,2,0,6,13.9685,5886.26
2106,2,0,6,13.953,5801.89
2050,2,0,6,13.9404,5744.11
2051,2,0,6,13.9289,5683.76
2163,2,0,6,13.8898,5482.29
1304,2,0,6,13.8697,5376.5
978,2,0,7,14.1908,6988.97,0.0373333,162.837,0.05,8
1010,2,0,7,14.176,6912.21
1011,2,0,7,14.1618,6839.57
1009,2,0,7,14.1562,6810.14
1038,2,0,7,14.148,6769.54
1039,2,0,7,14.1474,6766.87
1037,2,0,7,14.1376,6718.3
1034,2,0,7,14.1293,6674.46
2033,2,0,7,14.1231,6642.17
1803,2,0,7,14.1172,6612.02
1785,2,0,7,14.1014,6530.52
1067,2,0,7,14.095,6498.78
1068,2,0,7,14.0931,6488.29
1069,2,0,7,14.088,6462.11
1070,2,0,7,14.0831,6436.67
1849,2,0,7,14.0739,6388.98
1108,2,0,7,14.0638,6336.5
636,2,0,8,14.3079,7542.23,0.0391667,170.833,0.15,9
631,2,0,8,14.3012,7509.44
630,2,0,8,14.2954,7480.92
637,2,0,8,14.2848,7428.85
1996,2,0,8,14.2724,7365.56
1997,2,0,8,14.2685,7345.66
2027,2,0,8,14.2413,7215.44
2026,2,0,8,14.2355,7186.96
978,2,0,8,14.2282,7151.81
603,2,0,9,14.4313,8148.8,0.0658333,287.145,0.35,10
604,2,0,9,14.4265,8123.39
596,2,0,9,14.4264,8122.41
580,2,0,9,14.4121,8046.21
583,2,0,9,14.4059,8016.39
587,2,0,9,14.4037,8001.97
578,2,0,9,14.4006,7985.15
575,2,0,9,14.3951,7954.04
571,2,0,9,14.3922,7937.92
570,2,0,9,14.3873,7914.65
1994,2,0,9,14.3746,7850.29
562,2,0,9,14.3612,7785.24
639,2,0,9,14.3577,7767.8
638,2,0,9,14.351,7733.76
636,2,0,9,14.347,7713.07
64,2,0,10,14.6591,9460.76,0,0,0
195,2,0,10,14.6375,9344.5
196,2,0,10,14.6348,9324.92
205,2,0,10,14.6205,9238.84
215,2,0,10,14.5961,9083.87
225,2,0,10,14.5712,8880.03
715,2,0,10,14.5363,8689.49
714,2,0,10,14.5325,8665.65
726,2,0,10,14.5324,8663.79
529,2,0,10,14.5183,8564.18
605,2,0,10,14.5029,8466.92
603,2,0,10,14.4971,8435.94
220,3,0,0,12.9002,511.167,0.0923333,402.73,0.08,1
2130,3,0,0,12.8824,417.757
215,3,0,0,12.8769,383.417
205,3,0,0,12.8489,223.068
196,3,0,0,12.835,137.521
195,3,0,0,12.8319,117.624
64,3,0,0,12.81,0
710,3,0,1,13.057,1250.5,0.0466667,203.546,0.45,2
223,3,0,1,13.0404,1161.15
224,3,0,1,13.0185,1054.49
222,3,0,1,13.0026,968.676
220,3,0,1,12.9926,913.897
455,3,0,2,13.1644,1842.97,0.0423333,184.645,0.11,3
454,3,0,2,13.1611,1825.59
457,3,0,2,13.1546,1771.53
456,3,0,2,13.1496,1742.49
458,3,0,2,13.1404,1681.58
459,3,0,2,13.1338,1636.23
1543,3,0,2,13.1252,1574.42
710,3,0,2,13.1037,1454.05
895,3,0,3,13.4604,3470.89,0.0823333,359.113,0.02,4
896,3,0,3,13.4567,3452.65
893,3,0,3,13.446,3400.04
876,3,0,3,13.4179,3262.68
875,3,0,3,13.4132,3237.88
2011,3,0,3,13.4058,3199.63
2156,3,0,3,13.4006,3172.3
2013,3,0,3,13.3999,3169.15
1988,3,0,3,13.3809,3069.37
417,3,0,3,13.3572,2951.28
418,3,0,3,13.3539,2933.51
1741,3,0,3,13.3474,2898.29
1740,3,0,3,13.3433,2876.06
1739,3,0,3,13.3381,2847.46
401,3,0,3,13.3272,2789.07
393,3,0,3,13.314,2717.6
2136,3,0,3,13.2912,2592.69
2134,3,0,3,13.2799,2530.35
371,3,0,3,13.2746,2489.57
372,3,0,3,13.2598,2385.57
460,3,0,3,13.254,2350.92
461,3,0,3,13.2421,2282.35
462,3,0,3,13.2405,2267.97
1990,3,0,3,13.2327,2214.93
452,3,0,3,13.2288,2182.85
453,3,0,3,13.218,2095.44
455,3,0,3,13.2067,2027.62
1302,3,0,4,13.6954,4628.31,0.035,152.659,0.22,5
949,3,0,4,13.6743,4512.55
951,3,0,4,13.6646,4461.58
950,3,0,4,13.6562,4420.05
938,3,0,4,13.6445,4356.94
929,3,0,4,13.6318,4288.25
2019,3,0,4,13.6314,4286.27
2157,3,0,4,13.6123,4191.46
905,3,0,4,13.5778,4013.51
906,3,0,4,13.5645,3943.46
892,3,0,4,13.5488,3861.38
896,3,0,4,13.5462,3847.32
895,3,0,4,13.5427,3830
1304,3,0,5,13.7839,5046.6,0.0735,320.585,0.21,6
1305,3,0,5,13.768,4969.28
1303,3,0,5,13.7514,4887.47
1302,3,0,5,13.7304,4780.97
1108,3,0,6,13.9977,6092.38,0.0723333,315.496,0.16,7
1107,3,0,6,13.9849,6025.02
1106,3,0,6,13.9629,5918.6
2039,3,0,6,13.9562,5876.95
2106,3,0,6,13.9408,5792.58
2050,3,0,6,13.9281,5734.8
2051,3,0,6,13.9166,5674.45
2163,3,0,6,13.8775,5472.98
1304,3,0,6,13.8574,5367.19
978,3,0,7,14.1971,7060.35,0.0373333,162.837,0.05,8
1010,3,0,7,14.1822,6983.59
1011,3,0,7,14.168,6910.95
1009,3,0,7,14.1624,6881.52
1038,3,0,7,14.1542,6840.92
1039,3,0,7,14.1536,6838.25
1037,3,0,7,14.1438,6789.68
1034,3,0,7,14.1355,6745.84
2033,3,0,7,14.1293,6713.55
1803,3,0,7,14.1234,6683.4
1785,3,0,7,14.1076,6601.9
1067,3,0,7,14.1013,6570.16
1068,3,0,7,14.0993,6559.67
1069,3,0,7,14.0942,6533.49
1070,3,0,7,14.0893,6508.05
1849,3,0,7,14.0801,6460.36
1108,3,0,7,14.0701,6407.88
636,3,0,8,14.3141,7613.61,0.0391667,170.833,0.15,9
631,3,0,8,14.3074,7580.82
630,3,0,8,14.3016,7552.3
637,3,0,8,14.291,7500.23
1996,3,0,8,14.2786,7436.94
1997,3,0,8,14.2747,7417.04
2027,3,0,8,14.2475,7286.82
2026,3,0,8,14.2417,7258.34
978,3,0,8,14.2344,7223.19
603,3,0,9,14.4375,8220.18,0.0658333,287.145,0.35,10
604,3,0,9,14.4327,8194.77
596,3,0,9,14.4326,8193.79
580,3,0,9,14.4183,8117.59
583,3,0,9,14.4121,8087.77
587,3,0,9,14.4099,8073.35
578,3,0,9,14.4068,8056.53
575,3,0,9,14.4013,8025.42
571,3,0,9,14.3984,8009.3
570,3,0,9,14.3936,7986.03
1994,3,0,9,14.3808,7921.67
562,3,0,9,14.3674,7856.62
639,3,0,9,14.364,7839.18
638,3,0,9,14.3572,7805.14
636,3,0,9,14.3533,7784.45
64,3,0,10,14.6653,9532.14,0,0,0
195,3,0,10,14.6437,9415.88
196,3,0,10,14.641,9396.3
205,3,0,10,14.6267,9310.22
215,3,0,10,14.6023,9155.25
225,3,0,10,14.5775,8951.41
715,3,0,10,14.5425,8760.87
714,3,0,10,14.5388,8737.03
726,3,0,10,14.5386,8735.17
529,3,0,10,14.5245,8635.56
605,3,0,10,14.5092,8538.3
603,3,0,10,14.5034,8507.32
220,4,0,0,12.9802,511.167,0.0923333,402.73,0.08,1
2130,4,0,0,12.9624,417.757
215,4,0,0,12.9569,383.417
205,4,0,0,12.9289,223.068
196,4,0,0,12.915,137.521
195,4,0,0,12.9119,117.624
64,4,0,0,12.89,0
455,4,0,1,13.1663,1463.97,0.0423333,184.645,0.11,2
454,4,0,1,13.1631,1446.59
457,4,0,1,13.1565,1392.52
456,4,0,1,13.1516,1363.49
458,4,0,1,13.1423,1302.57
459,4,0,1,13.1357,1257.22
450,4,0,1,13.1205,1173.3
229,4,0,1,13.1094,1113.43
222,4,0,1,13.0812,962.82
220,4,0,1,13.0726,913.897
895,4,0,2,13.4623,3091.89,0.0823333,359.113,0.02,3
896,4,0,2,13.4586,3073.65
893,4,0,2,13.4479,3021.04
876,4,0,2,13.4199,2883.67
875,4,0,2,13.4152,2858.88
2011,4,0,2,13.4078,2820.62
2156,4,0,2,13.4025,2793.3
2013,4,0,2,13.4019,2790.14
1988,4,0,2,13.3829,2690.37
417,4,0,2,13.3591,2572.28
418,4,0,2,13.3559,2554.5
1741,4,0,2,13.3494,2519.29
1740,4,0,2,13.3452,2497.05
1739,4,0,2,13.34,2468.45
401,4,0,2,13.3292,2410.07
393,4,0,2,13.316,2338.6
2136,4,0,2,13.2932,2213.68
2134,4,0,2,13.2819,2151.35
371,4,0,2,13.2766,2110.56
372,4,0,2,13.2617,2006.57
460,4,0,2,13.2559,1971.92
461,4,0,2,13.2441,1903.34
462,4,0,2,13.2425,1888.96
1990,4,0,2,13.2347,1835.93
452,4,0,2,13.2307,1803.85
453,4,0,2,13.2199,1716.43
455,4,0,2,13.2086,1648.61
1302,4,0,3,13.6973,4249.31,0.035,152.659,0.22,4
949,4,0,3,13.6762,4133.54
951,4,0,3,13.6665,4082.58
950,4,0,3,13.6581,4041.05
938,4,0,3,13.6464,3977.93
929,4,0,3,13.6338,3909.24
2019,4,0,3,13.6334,3907.26
2157,4,0,3,13.6142,3812.45
905,4,0,3,13.5798,3634.5
906,4,0,3,13.5664,3564.45
892,4,0,3,13.5507,3482.38
896,4,0,3,13.5481,3468.32
895,4,0,3,13.5446,3451
1304,4,0,4,13.7859,4667.6,0.0735,320.585,0.21,5
1305,4,0,4,13.77,4590.27
1303,4,0,4,13.7534,4508.46
1302,4,0,4,13.7323,4401.97
1108,4,0,5,13.9997,5713.38,0.0723333,315.496,0.16,6
1107,4,0,5,13.9869,5646.02
1106,4,0,5,13.9648,5539.59
2039,4,0,5,13.9582,5497.94
2106,4,0,5,13.9427,5413.57
2050,4,0,5,13.9301,5355.8
2051,4,0,5,13.9186,5295.45
2163,4,0,5,13.8794,5093.97
1304,4,0,5,13.8594,4988.18
978,4,0,6,14.199,6681.35,0.0373333,162.837,0.05,7
1010,4,0,6,14.1842,6604.58
1011,4,0,6,14.1699,6531.95
1009,4,0,6,14.1643,6502.51
1038,4,0,6,14.1562,6461.92
1039,4,0,6,14.1556,6459.24
1037,4,0,6,14.1457,6410.68
1034,4,0,6,14.1375,6366.84
2033,4,0,6,14.1312,6334.55
1803,4,0,6,14.1253,6304.4
1785,4,0,6,14.1096,6222.9
1067,4,0,6,14.1032,6191.16
1068,4,0,6,14.1012,6180.67
1069,4,0,6,14.0961,6154.49
1070,4,0,6,14.0912,6129.04
1849,4,0,6,14.0821,6081.36
1108,4,0,6,14.072,6028.87
636,4,0,7,14.316,7234.61,0.0391667,170.833,0.15,8
631,4,0,7,14.3093,7201.82
630,4,0,7,14.3036,7173.3
637,4,0,7,14.293,7121.22
1996,4,0,7,14.2805,7057.93
1997,4,0,7,14.2767,7038.03
2027,4,0,7,14.2494,6907.81
2026,4,0,7,14.2436,6879.33
978,4,0,7,14.2363,6844.19
603,4,0,8,14.4395,7841.17,0.0658333,287.145,0.35,9
604,4,0,8,14.4347,7815.76
596,4,0,8,14.4345,7814.79
580,4,0,8,14.4203,7738.58
583,4,0,8,14.414,7708.77
587,4,0,8,14.4118,7694.34
578,4,0,8,14.4088,7677.53
575,4,0,8,14.4032,7646.42
571,4,0,8,14.4003,7630.3
570,4,0,8,14.3955,7607.02
1994,4,0,8,14.3828,7542.67
562,4,0,8,14.3694,7477.61
639,4,0,8,14.3659,7460.17
638,4,0,8,14.3592,7426.14
636,4,0,8,14.3552,7405.44
710,4,0,9,14.5691,8541.71,0.0876667,382.376,0.44,10
1543,4,0,9,14.5492,8426.35
715,4,0,9,14.5445,8381.86
714,4,0,9,14.5407,8358.02
726,4,0,9,14.5405,8356.16
529,4,0,9,14.5265,8256.55
605,4,0,9,14.5111,8159.3
603,4,0,9,14.5053,8128.32
64,4,0,10,14.7655,9622.92,0,0,0
195,4,0,10,14.7439,9506.67
196,4,0,10,14.7412,9487.09
205,4,0,10,14.7269,9401.01
215,4,0,10,14.7025,9246.03
225,4,0,10,14.6776,9042.2
1680,4,0,10,14.6748,9023.35
710,4,0,10,14.6567,8924.08
220,5,0,0,12.8102,511.167,0.0923333,402.73,0.08,1
2130,5,0,0,12.7924,417.757
215,5,0,0,12.7869,383.417
205,5,0,0,12.7589,223.068
196,5,0,0,12.745,137.521
195,5,0,0,12.7419,117.624
64,5,0,0,12.72,0
710,5,0,1,12.967,1250.5,0.0983333,428.9,0.42,2
223,5,0,1,12.9504,1161.15
224,5,0,1,12.9285,1054.49
222,5,0,1,12.9126,968.676
220,5,0,1,12.9026,913.897
455,5,0,2,13.126,2068.33,0.0423333,184.645,0.11,3
454,5,0,2,13.1228,2050.95
457,5,0,2,13.1162,1996.88
456,5,0,2,13.1113,1967.85
458,5,0,2,13.1021,1906.93
459,5,0,2,13.0954,1861.58
1543,5,0,2,13.0869,1799.77
710,5,0,2,13.0654,1679.4
895,5,0,3,13.422,3696.24,0.0823333,359.113,0.02,4
896,5,0,3,13.4183,3678
893,5,0,3,13.4076,3625.4
876,5,0,3,13.3796,3488.03
875,5,0,3,13.3749,3463.23
2011,5,0,3,13.3675,3424.98
2156,5,0,3,13.3622,3397.66
2013,5,0,3,13.3616,3394.5
1988,5,0,3,13.3426,3294.72
417,5,0,3,13.3189,3176.64
418,5,0,3,13.3156,3158.86
1741,5,0,3,13.3091,3123.65
1740,5,0,3,13.3049,3101.41
1739,5,0,3,13.2998,3072.81
401,5,0,3,13.2889,3014.43
393,5,0,3,13.2757,2942.96
2136,5,0,3,13.2529,2818.04
2134,5,0,3,13.2416,2755.71
371,5,0,3,13.2363,2714.92
372,5,0,3,13.2215,2610.93
460,5,0,3,13.2156,2576.28
461,5,0,3,13.2038,2507.7
462,5,0,3,13.2022,2493.32
1990,5,0,3,13.1944,2440.28
452,5,0,3,13.1905,2408.21
453,5,0,3,13.1797,2320.79
455,5,0,3,13.1684,2252.97
1302,5,0,4,13.6571,4853.67,0.035,152.659,0.22,5
949,5,0,4,13.636,4737.9
951,5,0,4,13.6263,4686.94
950,5,0,4,13.6179,4645.41
938,5,0,4,13.6061,4582.29
929,5,0,4,13.5935,4513.6
2019,5,0,4,13.5931,4511.62
2157,5,0,4,13.5739,4416.81
905,5,0,4,13.5395,4238.86
906,5,0,4,13.5262,4168.81
892,5,0,4,13.5105,4086.74
896,5,0,4,13.5078,4072.67
895,5,0,4,13.5044,4055.36
1304,5,0,5,13.7456,5271.96,0.0735,320.585,0.21,6
1305,5,0,5,13.7297,5194.63
1303,5,0,5,13.7131,5112.82
1302,5,0,5,13.6921,5006.33
1108,5,0,6,13.9594,6317.74,0.0723333,315.496,0.16,7
1107,5,0,6,13.9466,6250.38
1106,5,0,6,13.9245,6143.95
2039,5,0,6,13.9179,6102.3
2106,5,0,6,13.9024,6017.93
2050,5,0,6,13.8898,5960.16
2051,5,0,6,13.8783,5899.81
2163,5,0,6,13.8392,5698.33
1304,5,0,6,13.8191,5592.54
978,5,0,7,14.1587,7285.71,0.0373333,162.837,0.05,8
1010,5,0,7,14.1439,7208.94
1011,5,0,7,14.1297,7136.3
1009,5,0,7,14.1241,7106.87
1038,5,0,7,14.1159,7066.27
1039,5,0,7,14.1153,7063.6
1037,5,0,7,14.1055,7015.04
1034,5,0,7,14.0972,6971.2
2033,5,0,7,14.091,6938.91
1803,5,0,7,14.0851,6908.76
1785,5,0,7,14.0693,6827.26
1067,5,0,7,14.0629,6795.52
1068,5,0,7,14.0609,6785.03
1069,5,0,7,14.0559,6758.85
1070,5,0,7,14.0509,6733.4
1849,5,0,7,14.0418,6685.72
1108,5,0,7,14.0317,6633.23
636,5,0,8,14.2758,7838.97,0.0391667,170.833,0.15,9
631,5,0,8,14.2691,7806.18
630,5,0,8,14.2633,7777.66
637,5,0,8,14.2527,7725.58
1996,5,0,8,14.2403,7662.29
1997,5,0,8,14.2364,7642.39
2027,5,0,8,14.2091,7512.17
2026,5,0,8,14.2034,7483.69
978,5,0,8,14.1961,7448.55
603,5,0,9,14.3992,8445.53,0.0658333,287.145,0.35,10
604,5,0,9,14.3944,8420.12
596,5,0,9,14.3943,8419.15
580,5,0,9,14.38,8342.94
583,5,0,9,14.3738,8313.13
587,5,0,9,14.3716,8298.7
578,5,0,9,14.3685,8281.89
575,5,0,9,14.363,8250.78
571,5,0,9,14.3601,8234.66
570,5,0,9,14.3552,8211.38
1994,5,0,9,14.3425,8147.03
562,5,0,9,14.3291,8081.97
639,5,0,9,14.3256,8064.53
638,5,0,9,14.3189,8030.5
636,5,0,9,14.3149,8009.8
64,5,0,10,14.627,9757.49,0,0,0
195,5,0,10,14.6054,9641.24
196,5,0,10,14.6027,9621.66
205,5,0,10,14.5884,9535.58
215,5,0,10,14.564,9380.6
225,5,0,10,14.5391,9176.77
715,5,0,10,14.5042,8986.22
714,5,0,10,14.5004,8962.38
726,5,0,10,14.5002,8960.52
529,5,0,10,14.4862,8860.91
605,5,0,10,14.4708,8763.66
603,5,0,10,14.465,8732.68
220,6,0,0,12.7402,511.167,0.0923333,402.73,0.08,1
2130,6,0,0,12.7224,417.757
215,6,0,0,12.7169,383.417
205,6,0,0,12.6889,223.068
196,6,0,0,12.675,137.521
195,6,0,0,12.6719,117.624
64,6,0,0,12.65,0
455,6,0,1,12.9272,1465.09,0.0851667,371.471,0.08,2
454,6,0,1,12.9248,1450.75
457,6,0,1,12.9181,1396.73
456,6,0,1,12.9122,1364.17
458,6,0,1,12.9023,1302.41
459,6,0,1,12.8956,1257.06
450,6,0,1,12.8793,1168.32
229,6,0,1,12.8673,1104.61
222,6,0,1,12.8426,968.676
220,6,0,1,12.8326,913.897
895,6,0,2,13.266,3279.83,0.0823333,359.113,0.02,3
896,6,0,2,13.2623,3261.59
893,6,0,2,13.2516,3208.99
876,6,0,2,13.2236,3071.62
875,6,0,2,13.2189,3046.82
2011,6,0,2,13.2115,3008.57
2156,6,0,2,13.2062,2981.24
2013,6,0,2,13.2056,2978.09
1988,6,0,2,13.1865,2878.31
417,6,0,2,13.1628,2760.23
418,6,0,2,13.1596,2742.45
1741,6,0,2,13.1531,2707.24
1740,6,0,2,13.1489,2685
1739,6,0,2,13.1437,2656.4
401,6,0,2,13.1329,2598.02
393,6,0,2,13.1197,2526.54
2136,6,0,2,13.0969,2401.63
2134,6,0,2,13.0856,2339.29
371,6,0,2,13.0802,2298.51
372,6,0,2,13.0654,2194.51
460,6,0,2,13.0596,2159.87
461,6,0,2,13.0477,2091.29
462,6,0,2,13.0462,2076.91
1990,6,0,2,13.0384,2023.87
452,6,0,2,13.0344,1991.8
453,6,0,2,13.0236,1904.38
455,6,0,2,13.0123,1836.56
1302,6,0,3,13.501,4437.26,0.035,152.659,0.22,4
949,6,0,3,13.4799,4321.49
951,6,0,3,13.4702,4270.52
950,6,0,3,13.4618,4229
938,6,0,3,13.4501,4165.88
929,6,0,3,13.4375,4097.19
2019,6,0,3,13.4371,4095.21
2157,6,0,3,13.4179,4000.4
905,6,0,3,13.3835,3822.45
906,6,0,3,13.3701,3752.4
892,6,0,3,13.3544,3670.32
896,6,0,3,13.3518,3656.26
895,6,0,3,13.3483,3638.95
1304,6,0,4,13.5896,4855.54,0.0735,320.585,0.21,5
1305,6,0,4,13.5737,4778.22
1303,6,0,4,13.5571,4696.41
1302,6,0,4,13.536,4589.92
1108,6,0,5,13.8034,5901.32,0.0723333,315.496,0.16,6
1107,6,0,5,13.7906,5833.97
1106,6,0,5,13.7685,5727.54
2039,6,0,5,13.7619,5685.89
2106,6,0,5,13.7464,5601.52
2050,6,0,5,13.7338,5543.75
2051,6,0,5,13.7223,5483.4
2163,6,0,5,13.6831,5281.92
1304,6,0,5,13.6631,5176.13
978,6,0,6,14.0143,6917.83,0.0373333,162.837,0.05,7
1010,6,0,6,14.0006,6845.72
1011,6,0,6,13.9858,6770.99
1009,6,0,6,13.9795,6738.56
1038,6,0,6,13.9715,6698.67
1039,6,0,6,13.9709,6695.99
1040,6,0,6,13.9621,6653.72
1056,6,0,6,13.9542,6614.8
1055,6,0,6,13.9444,6565.51
1803,6,0,6,13.9371,6526.25
1785,6,0,6,13.9211,6443.73
1067,6,0,6,13.9152,6414.06
1068,6,0,6,13.913,6402.48
1069,6,0,6,13.9066,6370.86
1070,6,0,6,13.9011,6342.73
1849,6,0,6,13.8884,6280.58
1108,6,0,6,13.8757,6216.82
636,6,0,7,14.1313,7471.09,0.0391667,170.833,0.15,8
631,6,0,7,14.1246,7438.3
630,6,0,7,14.1188,7409.78
637,6,0,7,14.1083,7357.71
1996,6,0,7,14.0958,7294.42
1997,6,0,7,14.0919,7274.52
2027,6,0,7,14.0647,7144.3
2026,6,0,7,14.0589,7115.82
978,6,0,7,14.0516,7080.67
603,6,0,8,14.2548,8077.66,0.0658333,287.145,0.35,9
604,6,0,8,14.25,8052.25
596,6,0,8,14.2498,8051.27
580,6,0,8,14.2356,7975.07
583,6,0,8,14.2293,7945.25
587,6,0,8,14.2271,7930.83
578,6,0,8,14.224,7914.01
575,6,0,8,14.2185,7882.9
571,6,0,8,14.2156,7866.78
570,6,0,8,14.2108,7843.51
1994,6,0,8,14.198,7779.15
562,6,0,8,14.1847,7714.1
639,6,0,8,14.1812,7696.66
638,6,0,8,14.1745,7662.62
636,6,0,8,14.1705,7641.93
710,6,0,9,14.3844,8778.19,0.0876667,382.376,0.44,10
1543,6,0,9,14.3645,8662.83
715,6,0,9,14.3598,8618.35
714,6,0,9,14.356,8594.51
726,6,0,9,14.3558,8592.65
529,6,0,9,14.3418,8493.04
605,6,0,9,14.3264,8395.78
603,6,0,9,14.3206,8364.8
64,6,0,10,14.5808,9859.41,0,0,0
195,6,0,10,14.5592,9743.16
196,6,0,10,14.5565,9723.57
205,6,0,10,14.5422,9637.49
215,6,0,10,14.5178,9482.52
225,6,0,10,14.4929,9278.68
1680,6,0,10,14.4901,9259.84
710,6,0,10,14.472,9160.57
220,7,0,0,12.2602,511.167,0.0923333,402.73,0.08,1
2130,7,0,0,12.2424,417.757
215,7,0,0,12.2369,383.417
205,7,0,0,12.2089,223.068
196,7,0,0,12.195,137.521
195,7,0,0,12.1919,117.624
64,7,0,0,12.17,0
603,7,0,1,12.4734,1615.67,0.0631667,275.514,0.35,2
604,7,0,1,12.4695,1593.8
596,7,0,1,12.4693,1592.83
595,7,0,1,12.4633,1560.09
605,7,0,1,12.4621,1552.08
529,7,0,1,12.4449,1452.07
726,7,0,1,12.4301,1351.99
714,7,0,1,12.4299,1350.12
1543,7,0,1,12.4257,1320.16
459,7,0,1,12.4156,1257.06
450,7,0,1,12.3993,1168.32
229,7,0,1,12.3873,1104.61
222,7,0,1,12.3626,968.676
220,7,0,1,12.3526,913.897
1108,7,0,2,12.725,2873.75,0.0588333,256.613,0.13,3
1109,7,0,2,12.7209,2852.21
1113,7,0,2,12.7137,2816.27
1847,7,0,2,12.7006,2750.43
1086,7,0,2,12.697,2730.19
1087,7,0,2,12.6832,2660.4
1090,7,0,2,12.674,2613.15
1076,7,0,2,12.651,2498.97
1074,7,0,2,12.647,2478.57
1077,7,0,2,12.6367,2424.52
1080,7,0,2,12.6234,2358.07
1079,7,0,2,12.6158,2319.39
1061,7,0,2,12.6115,2298.1
1063,7,0,2,12.6081,2280.29
1062,7,0,2,12.607,2273.22
2159,7,0,2,12.6068,2272.32
1045,7,0,2,12.6062,2269.17
1012,7,0,2,12.5989,2228.18
1014,7,0,2,12.5985,2225.98
989,7,0,2,12.588,2170.12
990,7,0,2,12.578,2119.86
704,7,0,2,12.5667,2062.12
2179,7,0,2,12.5665,2061.26
662,7,0,2,12.5603,2031.61
602,7,0,2,12.5493,1963.92
604,7,0,2,12.5469,1947.23
596,7,0,2,12.5468,1946.26
595,7,0,2,12.5407,1913.53
603,7,0,2,12.5366,1891.18
1304,7,0,3,12.9168,3825,0.0815,355.478,0.17,4
2163,7,0,3,12.8958,3715.26
2051,7,0,3,12.8622,3537.17
2050,7,0,3,12.851,3478.16
2106,7,0,3,12.8441,3443.43
2039,7,0,3,12.8263,3349.46
1106,7,0,3,12.8165,3296.52
2035,7,0,3,12.8039,3229.69
1108,7,0,3,12.7839,3130.36
1302,7,0,4,13.0442,4414.49,0.035,152.659,0.22,5
1303,7,0,4,13.0239,4310.95
1305,7,0,4,13.0104,4242.04
1304,7,0,4,12.9983,4180.48
895,7,0,5,13.2282,5344.92,0.0823333,359.113,0.02,6
896,7,0,5,13.2245,5326.68
892,7,0,5,13.2207,5307.93
906,7,0,5,13.2081,5239.07
1555,7,0,5,13.1799,5084.47
2157,7,0,5,13.169,5030.72
2019,7,0,5,13.1421,4904.46
929,7,0,5,13.1417,4902.47
938,7,0,5,13.1297,4836.62
950,7,0,5,13.1162,4766.06
951,7,0,5,13.1092,4730.35
949,7,0,5,13.0982,4673.87
1302,7,0,5,13.0792,4567.15
978,7,0,6,13.4828,6568.41,0.0648333,282.783,0.06,7
1010,7,0,6,13.4691,6496.29
1011,7,0,6,13.4543,6421.57
1009,7,0,6,13.448,6389.14
1038,7,0,6,13.44,6349.25
1039,7,0,6,13.4394,6346.57
1037,7,0,6,13.4265,6285.62
1034,7,0,6,13.4168,6235.41
2032,7,0,6,13.4013,6157.81
2031,7,0,6,13.401,6155.99
1031,7,0,6,13.3911,6108.59
1002,7,0,6,13.3769,6037.86
1024,7,0,6,13.3564,5933.74
1029,7,0,6,13.3512,5907.58
1027,7,0,6,13.3391,5847.48
898,7,0,6,13.329,5796.22
895,7,0,6,13.3105,5704.03
636,7,0,7,13.6249,7232.63,0.0665,290.053,0.15,8
633,7,0,7,13.6193,7203.09
639,7,0,7,13.6158,7184.95
1993,7,0,7,13.6042,7126.67
1995,7,0,7,13.5973,7092.3
1996,7,0,7,13.5912,7062.36
1997,7,0,7,13.5873,7042.46
2027,7,0,7,13.5624,6921.68
2026,7,0,7,13.5566,6893.2
978,7,0,7,13.5476,6851.2
455,7,0,8,13.854,8391.78,0.0423333,184.645,0.11,9
453,7,0,8,13.8454,8326.32
452,7,0,8,13.8332,8239
1678,7,0,8,13.8174,8154.62
474,7,0,8,13.7974,8055.1
2140,7,0,8,13.7893,8017.27
475,7,0,8,13.7826,7986
499,7,0,8,13.7748,7946.41
500,7,0,8,13.7702,7923
518,7,0,8,13.7646,7894.82
1754,7,0,8,13.7514,7832.96
540,7,0,8,13.7429,7789.06
541,7,0,8,13.7321,7733.91
572,7,0,8,13.7235,7688.15
1994,7,0,8,13.7137,7637.87
562,7,0,8,13.7042,7588.83
639,7,0,8,13.7007,7571.38
638,7,0,8,13.6955,7543.59
636,7,0,8,13.6914,7522.68
710,7,0,9,13.9614,8975.63,0.0466667,203.546,0.45,10
1543,7,0,9,13.9381,8847.41
459,7,0,9,13.928,8784.22
458,7,0,9,13.9213,8738.82
456,7,0,9,13.9127,8678.42
457,7,0,9,13.9067,8645.37
454,7,0,9,13.899,8591.39
455,7,0,9,13.8964,8576.43
64,7,0,10,14.1168,9878.01,0,0,0
195,7,0,10,14.0953,9761.76
196,7,0,10,14.0925,9742.18
205,7,0,10,14.0783,9656.1
215,7,0,10,14.0538,9501.12
225,7,0,10,14.029,9297.29
1680,7,0,10,14.0262,9278.45
710,7,0,10,14.0081,9179.18
710,8,0,0,11.913,739.387,0.0443333,193.369,0.36,1
223,8,0,0,11.8955,646.157
1680,8,0,0,11.886,581.03
225,8,0,0,11.8832,562.11
215,8,0,0,11.8575,358.782
205,8,0,0,11.8336,204.484
196,8,0,0,11.8205,119.897
195,8,0,0,11.8179,100.335
64,8,0,0,11.8,0
603,8,0,1,12.0262,1343.94,0.0631667,275.514,0.35,2
604,8,0,1,12.0219,1320.8
596,8,0,1,12.0218,1319.83
595,8,0,1,12.0163,1289.42
605,8,0,1,12.0152,1281.43
529,8,0,1,11.9979,1181.4
726,8,0,1,11.982,1080.21
714,8,0,1,11.9819,1078.32
1543,8,0,1,11.977,1047.8
710,8,0,1,11.9573,932.755
1108,8,0,2,12.2778,2602.02,0.0588333,256.613,0.13,3
1109,8,0,2,12.2737,2580.49
1113,8,0,2,12.2664,2544.55
1847,8,0,2,12.2534,2478.7
1086,8,0,2,12.2497,2458.47
1087,8,0,2,12.236,2388.68
1090,8,0,2,12.2268,2341.42
1076,8,0,2,12.2037,2227.24
1074,8,0,2,12.1998,2206.85
1077,8,0,2,12.1894,2152.79
1080,8,0,2,12.1762,2086.35
1079,8,0,2,12.1685,2047.66
1061,8,0,2,12.1643,2026.38
1063,8,0,2,12.1608,2008.57
1062,8,0,2,12.1598,2001.5
2159,8,0,2,12.1596,2000.59
1045,8,0,2,12.1589,1997.44
1012,8,0,2,12.1517,1956.46
1014,8,0,2,12.1513,1954.26
989,8,0,2,12.1408,1898.4
990,8,0,2,12.1307,1848.13
704,8,0,2,12.1194,1790.4
2179,8,0,2,12.1192,1789.53
662,8,0,2,12.113,1759.89
602,8,0,2,12.1021,1692.19
604,8,0,2,12.0996,1675.51
596,8,0,2,12.0995,1674.54
595,8,0,2,12.0935,1641.8
603,8,0,2,12.0893,1619.46
1304,8,0,3,12.4695,3553.28,0.0815,355.478,0.17,4
2163,8,0,3,12.4485,3443.54
2051,8,0,3,12.4149,3265.45
2050,8,0,3,12.4037,3206.44
2106,8,0,3,12.3968,3171.71
2039,8,0,3,12.3791,3077.74
1106,8,0,3,12.3692,3024.79
2035,8,0,3,12.3567,2957.97
1108,8,0,3,12.3366,2858.64
1302,8,0,4,12.597,4142.76,0.106833,465.975,0.24,5
1303,8,0,4,12.5766,4039.23
1305,8,0,4,12.5631,3970.31
1304,8,0,4,12.551,3908.76
895,8,0,5,12.8696,5457.47,0.0435,189.734,0.02,6
896,8,0,5,12.8659,5439.23
892,8,0,5,12.8624,5421.45
906,8,0,5,12.8441,5328.65
1555,8,0,5,12.8187,5185.9
2157,8,0,5,12.806,5125.26
2019,8,0,5,12.777,4990.09
929,8,0,5,12.7766,4988.1
938,8,0,5,12.7645,4921.97
950,8,0,5,12.7486,4840.95
951,8,0,5,12.7421,4807.69
949,8,0,5,12.7305,4748.41
1302,8,0,5,12.7038,4608.74
978,8,0,6,13.0811,6496.16,0.0648333,282.783,0.06,7
1010,8,0,6,13.0654,6416.01
1011,8,0,6,13.052,6346.6
1009,8,0,6,13.0468,6318.98
1041,8,0,6,13.0466,6318.29
1039,8,0,6,13.0389,6277.81
1037,8,0,6,13.0293,6230.33
1034,8,0,6,13.0206,6184.64
2032,8,0,6,13.0052,6107.05
1050,8,0,6,12.9739,5952.95
1049,8,0,6,12.9739,5952.86
1025,8,0,6,12.9651,5909.2
1029,8,0,6,12.9518,5842.37
1027,8,0,6,12.94,5783.41
898,8,0,6,12.9317,5739.88
895,8,0,6,12.9131,5647.21
636,8,0,7,13.2232,7160.37,0.0665,290.053,0.15,8
633,8,0,7,13.2175,7130.84
639,8,0,7,13.214,7112.7
1993,8,0,7,13.2025,7054.41
1995,8,0,7,13.1956,7020.05
1996,8,0,7,13.1895,6990.1
1997,8,0,7,13.1856,6970.2
2027,8,0,7,13.1607,6849.43
2026,8,0,7,13.1549,6820.94
978,8,0,7,13.1459,6778.94
455,8,0,8,13.4523,8319.53,0.0423333,184.645,0.11,9
453,8,0,8,13.4437,8254.07
452,8,0,8,13.4314,8166.75
1678,8,0,8,13.4157,8082.36
474,8,0,8,13.3957,7982.85
2140,8,0,8,13.3875,7945.01
475,8,0,8,13.3808,7913.74
499,8,0,8,13.3731,7874.15
500,8,0,8,13.3685,7850.75
518,8,0,8,13.3629,7822.56
1754,8,0,8,13.3497,7760.7
540,8,0,8,13.3412,7716.8
541,8,0,8,13.3304,7661.65
572,8,0,8,13.3217,7615.9
1994,8,0,8,13.312,7565.62
562,8,0,8,13.3025,7516.57
639,8,0,8,13.299,7499.13
638,8,0,8,13.2938,7471.34
636,8,0,8,13.2897,7450.42
220,8,0,9,13.5861,9042.6,0.072,314.042,0.12,10
222,8,0,9,13.5781,8994.87
229,8,0,9,13.5527,8856.22
450,8,0,9,13.5423,8799.33
459,8,0,9,13.5263,8711.97
458,8,0,9,13.5196,8666.56
456,8,0,9,13.511,8606.16
457,8,0,9,13.505,8573.11
454,8,0,9,13.4973,8519.13
455,8,0,9,13.4947,8504.17
64,8,0,10,13.7537,9893.44,0,0,0
195,8,0,10,13.7294,9765.78
196,8,0,10,13.7267,9746.18
205,8,0,10,13.7117,9659.06
215,8,0,10,13.6802,9484.75
2130,8,0,10,13.6761,9451.1
220,8,0,10,13.6581,9356.64
220,9,0,0,11.7472,472.978,0.0955,416.542,0.04,1
2130,9,0,0,11.7324,392.48
215,9,0,0,11.7275,358.782
205,9,0,0,11.7036,204.484
196,9,0,0,11.6905,119.897
195,9,0,0,11.6879,100.335
64,9,0,0,11.67,0
710,9,0,1,11.9004,1198.14,0.0443333,193.369,0.36,2
223,9,0,1,11.8829,1104.91
224,9,0,1,11.8688,1031.05
222,9,0,1,11.853,945.57
220,9,0,1,11.8427,889.52
603,9,0,2,12.0136,1802.69,0.0631667,275.514,0.35,3
604,9,0,2,12.0093,1779.55
596,9,0,2,12.0092,1778.58
595,9,0,2,12.0037,1748.17
605,9,0,2,12.0026,1740.18
529,9,0,2,11.9853,1640.15
726,9,0,2,11.9695,1538.96
714,9,0,2,11.9693,1537.07
1543,9,0,2,11.9644,1506.55
710,9,0,2,11.9447,1391.51
1108,9,0,3,12.2652,3060.77,0.0588333,256.613,0.13,4
1109,9,0,3,12.2611,3039.24
1113,9,0,3,12.2538,3003.3
1847,9,0,3,12.2408,2937.45
1086,9,0,3,12.2371,2917.22
1087,9,0,3,12.2234,2847.43
1090,9,0,3,12.2142,2800.18
1076,9,0,3,12.1911,2685.99
1074,9,0,3,12.1872,2665.6
1077,9,0,3,12.1768,2611.54
1080,9,0,3,12.1636,2545.1
1079,9,0,3,12.1559,2506.41
1061,9,0,3,12.1517,2485.13
1063,9,0,3,12.1482,2467.32
1062,9,0,3,12.1472,2460.25
2159,9,0,3,12.147,2459.35
1045,9,0,3,12.1463,2456.2
1012,9,0,3,12.1391,2415.21
1014,9,0,3,12.1387,2413.01
989,9,0,3,12.1282,2357.15
990,9,0,3,12.1181,2306.89
704,9,0,3,12.1068,2249.15
2179,9,0,3,12.1066,2248.28
662,9,0,3,12.1004,2218.64
602,9,0,3,12.0895,2150.94
604,9,0,3,12.087,2134.26
596,9,0,3,12.0869,2133.29
595,9,0,3,12.0809,2100.55
603,9,0,3,12.0767,2078.21
1304,9,0,4,12.4569,4012.03,0.0815,355.478,0.17,5
2163,9,0,4,12.4359,3902.29
2051,9,0,4,12.4023,3724.2
2050,9,0,4,12.3912,3665.19
2106,9,0,4,12.3842,3630.46
2039,9,0,4,12.3665,3536.49
1106,9,0,4,12.3566,3483.54
2035,9,0,4,12.3441,3416.72
1108,9,0,4,12.324,3317.39
1302,9,0,5,12.5844,4601.51,0.106833,465.975,0.24,6
1303,9,0,5,12.564,4497.98
1305,9,0,5,12.5505,4429.06
1304,9,0,5,12.5384,4367.51
895,9,0,6,12.857,5916.22,0.0435,189.734,0.02,7
896,9,0,6,12.8533,5897.98
892,9,0,6,12.8498,5880.2
906,9,0,6,12.8316,5787.4
1555,9,0,6,12.8061,5644.65
2157,9,0,6,12.7935,5584.01
2019,9,0,6,12.7644,5448.84
929,9,0,6,12.764,5446.85
938,9,0,6,12.7519,5380.72
950,9,0,6,12.736,5299.7
951,9,0,6,12.7295,5266.44
949,9,0,6,12.7179,5207.16
1302,9,0,6,12.6912,5067.49
978,9,0,7,13.0685,6954.91,0.0648333,282.783,0.06,8
1010,9,0,7,13.0528,6874.76
1011,9,0,7,13.0394,6805.35
1009,9,0,7,13.0342,6777.73
1041,9,0,7,13.0341,6777.04
1039,9,0,7,13.0263,6736.56
1037,9,0,7,13.0167,6689.08
1034,9,0,7,13.008,6643.39
2032,9,0,7,12.9926,6565.8
1050,9,0,7,12.9613,6411.7
1049,9,0,7,12.9613,6411.61
1025,9,0,7,12.9525,6367.95
1029,9,0,7,12.9392,6301.12
1027,9,0,7,12.9274,6242.16
898,9,0,7,12.9192,6198.63
895,9,0,7,12.9005,6105.96
636,9,0,8,13.2106,7619.12,0.0665,290.053,0.15,9
633,9,0,8,13.2049,7589.59
639,9,0,8,13.2015,7571.45
1993,9,0,8,13.1899,7513.16
1995,9,0,8,13.183,7478.8
1996,9,0,8,13.1769,7448.85
1997,9,0,8,13.173,7428.95
2027,9,0,8,13.1481,7308.18
2026,9,0,8,13.1423,7279.69
978,9,0,8,13.1333,7237.69
455,9,0,9,13.4397,8778.28,0.0423333,184.645,0.11,10
453,9,0,9,13.4311,8712.82
452,9,0,9,13.4188,8625.5
1678,9,0,9,13.4031,8541.11
474,9,0,9,13.3831,8441.6
2140,9,0,9,13.3749,8403.76
475,9,0,9,13.3682,8372.49
499,9,0,9,13.3605,8332.9
500,9,0,9,13.3559,8309.5
518,9,0,9,13.3503,8281.31
1754,9,0,9,13.3371,8219.45
540,9,0,9,13.3286,8175.55
541,9,0,9,13.3178,8120.4
572,9,0,9,13.3091,8074.65
1994,9,0,9,13.2994,8024.37
562,9,0,9,13.2899,7975.32
639,9,0,9,13.2864,7957.88
638,9,0,9,13.2812,7930.09
636,9,0,9,13.2771,7909.17
64,9,0,10,13.6605,9954.86,0,0,0
63,9,0,10,13.655,9924.51
199,9,0,10,13.6166,9728.31
202,9,0,10,13.5951,9612.27
208,9,0,10,13.5833,9540.49
170,9,0,10,13.5597,9416.25
176,9,0,10,13.5596,9415.93
183,9,0,10,13.5423,9319.66
192,9,0,10,13.5377,9288.55
458,9,0,10,13.507,9125.31
456,9,0,10,13.4984,9064.91
457,9,0,10,13.4924,9031.86
454,9,0,10,13.4847,8977.88
455,9,0,10,13.4821,8962.92
220,10,0,0,11.6972,472.978,0.0955,416.542,0.04,1
2130,10,0,0,11.6824,392.48
215,10,0,0,11.6775,358.782
205,10,0,0,11.6536,204.484
196,10,0,0,11.6405,119.897
195,10,0,0,11.6379,100.335
64,10,0,0,11.62,0
710,10,0,1,11.8504,1198.14,0.0443333,193.369,0.36,2
223,10,0,1,11.8329,1104.91
224,10,0,1,11.8188,1031.05
222,10,0,1,11.803,945.57
220,10,0,1,11.7927,889.52
455,10,0,2,11.9538,1774.06,0.0408333,178.103,0.03,3
454,10,0,2,11.951,1758.44
457,10,0,2,11.9443,1704.48
456,10,0,2,11.9391,1675.03
458,10,0,2,11.9296,1613.89
459,10,0,2,11.9237,1568.78
1543,10,0,2,11.9144,1506.55
710,10,0,2,11.8947,1391.51
895,10,0,3,12.2449,3359.07,0.0435,189.734,0.02,4
896,10,0,3,12.2412,3340.83
893,10,0,3,12.2311,3290.64
894,10,0,3,12.2258,3265.57
897,10,0,3,12.2085,3178.98
877,10,0,3,12.1854,3065.48
878,10,0,3,12.1793,3034.74
879,10,0,3,12.1647,2965.15
437,10,0,3,12.1603,2941.77
439,10,0,3,12.1566,2921.75
436,10,0,3,12.1478,2878.89
425,10,0,3,12.1396,2836.89
426,10,0,3,12.1353,2814.81
424,10,0,3,12.133,2801.41
407,10,0,3,12.1156,2710.16
406,10,0,3,12.1109,2685.56
403,10,0,3,12.1072,2657.01
394,10,0,3,12.0965,2600.27
384,10,0,3,12.0923,2578.97
385,10,0,3,12.0886,2559.74
377,10,0,3,12.0853,2541.72
2134,10,0,3,12.0704,2456.38
371,10,0,3,12.0653,2415.49
372,10,0,3,12.0487,2309.86
460,10,0,3,12.0429,2275.31
461,10,0,3,12.0328,2209.12
462,10,0,3,12.0312,2194.74
1990,10,0,3,12.0234,2141.71
452,10,0,3,12.0184,2109.27
453,10,0,3,12.007,2022.09
455,10,0,3,11.9946,1952.16
1302,10,0,4,12.4701,4468.24,0.106833,465.975,0.24,5
949,10,0,4,12.4473,4345.44
951,10,0,4,12.4362,4288.47
950,10,0,4,12.4295,4253.84
938,10,0,4,12.4155,4181.34
929,10,0,4,12.3972,4088.44
2019,10,0,4,12.3968,4086.46
2157,10,0,4,12.3696,3958.73
905,10,0,4,12.3295,3757.28
906,10,0,4,12.3167,3689.36
892,10,0,4,12.2978,3594.05
896,10,0,4,12.2933,3571.99
895,10,0,4,12.2884,3548.81
1304,10,0,5,12.6215,5162.61,0.0815,355.478,0.17,6
1305,10,0,5,12.609,5099.31
1303,10,0,5,12.5938,5023.38
1302,10,0,5,12.5769,4934.21
1108,10,0,6,12.8285,6181.79,0.0588333,256.613,0.13,7
1107,10,0,6,12.814,6107.18
1106,10,0,6,12.7978,6024.89
2039,10,0,6,12.7911,5983.23
2106,10,0,6,12.7742,5892.57
2050,10,0,6,12.7647,5847.33
2051,10,0,6,12.7555,5796.8
2163,10,0,6,12.7211,5615.49
1304,10,0,6,12.703,5518.09
978,10,0,7,13.0152,7092.7,0.0648333,282.783,0.06,8
1010,10,0,7,12.9995,7012.55
1011,10,0,7,12.9861,6943.15
1009,10,0,7,12.9809,6915.52
1041,10,0,7,12.9807,6914.83
1039,10,0,7,12.9729,6874.35
1037,10,0,7,12.9634,6826.87
1034,10,0,7,12.9547,6781.18
2033,10,0,7,12.9492,6752.12
1053,10,0,7,12.9367,6689.1
1784,10,0,7,12.9334,6672.03
1066,10,0,7,12.9241,6624.4
1070,10,0,7,12.9123,6562.7
1849,10,0,7,12.8998,6501.17
1108,10,0,7,12.8873,6438.41
636,10,0,8,13.1573,7756.91,0.0665,290.053,0.15,9
633,10,0,8,13.1516,7727.38
639,10,0,8,13.1481,7709.24
1993,10,0,8,13.1365,7650.95
1995,10,0,8,13.1297,7616.59
1996,10,0,8,13.1236,7586.64
1997,10,0,8,13.1197,7566.74
2027,10,0,8,13.0948,7445.97
2026,10,0,8,13.089,7417.49
978,10,0,8,13.08,7375.48
603,10,0,9,13.3026,8459.73,0.111167,484.876,0.36,10
604,10,0,9,13.2976,8433.33
596,10,0,9,13.2975,8432.36
580,10,0,9,13.2859,8368.04
583,10,0,9,13.2797,8338.22
587,10,0,9,13.2775,8323.84
578,10,0,9,13.2746,8307.74
575,10,0,9,13.2688,8275.3
571,10,0,9,13.2662,8260.19
570,10,0,9,13.2624,8241.14
1994,10,0,9,13.2461,8162.16
562,10,0,9,13.2366,8113.11
639,10,0,9,13.2331,8095.67
638,10,0,9,13.2279,8067.88
636,10,0,9,13.2238,8046.96
64,10,0,10,13.5824,9985.83,0,0,0
195,10,0,10,13.5581,9858.17
196,10,0,10,13.5553,9838.57
205,10,0,10,13.5404,9751.45
215,10,0,10,13.5089,9577.14
225,10,0,10,13.4829,9373.9
715,10,0,10,13.4549,9209.03
714,10,0,10,13.4511,9185.12
726,10,0,10,13.4509,9183.26
529,10,0,10,13.437,9083.74
605,10,0,10,13.4224,8987.24
603,10,0,10,13.4138,8944.6
220,11,0,0,11.6372,472.978,0.0955,416.542,0.04,1
2130,11,0,0,11.6224,392.48
215,11,0,0,11.6175,358.782
205,11,0,0,11.5936,204.484
196,11,0,0,11.5805,119.897
195,11,0,0,11.5779,100.335
64,11,0,0,11.56,0
710,11,0,1,11.7904,1198.14,0.0443333,193.369,0.36,2
223,11,0,1,11.7729,1104.91
224,11,0,1,11.7588,1031.05
222,11,0,1,11.743,945.57
220,11,0,1,11.7327,889.52
455,11,0,2,11.8938,1774.06,0.0408333,178.103,0.03,3
454,11,0,2,11.891,1758.44
457,11,0,2,11.8843,1704.48
456,11,0,2,11.8791,1675.03
458,11,0,2,11.8696,1613.89
459,11,0,2,11.8637,1568.78
1543,11,0,2,11.8544,1506.55
710,11,0,2,11.8347,1391.51
603,11,0,3,12.025,2516.24,0.0631667,275.514,0.35,4
604,11,0,3,12.0208,2493.1
596,11,0,3,12.0206,2492.13
595,11,0,3,12.0152,2461.72
605,11,0,3,12.014,2453.73
529,11,0,3,11.9968,2353.71
726,11,0,3,11.9809,2252.51
714,11,0,3,11.9807,2250.62
1543,11,0,3,11.9759,2220.1
459,11,0,3,11.9656,2156.7
458,11,0,3,11.9591,2111.44
456,11,0,3,11.95,2050.65
457,11,0,3,11.9446,2020.43
454,11,0,3,11.937,1966.47
455,11,0,3,11.9346,1952.16
1108,11,0,4,12.2766,3774.32,0.0588333,256.613,0.13,5
1109,11,0,4,12.2726,3752.79
1113,11,0,4,12.2653,3716.85
1847,11,0,4,12.2523,3651
1086,11,0,4,12.2486,3630.77
1087,11,0,4,12.2349,3560.98
1090,11,0,4,12.2257,3513.73
1076,11,0,4,12.2026,3399.54
1074,11,0,4,12.1986,3379.15
1077,11,0,4,12.1883,3325.1
1080,11,0,4,12.175,3258.65
1079,11,0,4,12.1674,3219.96
1061,11,0,4,12.1631,3198.68
1063,11,0,4,12.1597,3180.87
1062,11,0,4,12.1586,3173.8
2159,11,0,4,12.1585,3172.9
1045,11,0,4,12.1578,3169.75
1012,11,0,4,12.1505,3128.76
1014,11,0,4,12.1501,3126.56
989,11,0,4,12.1396,3070.7
990,11,0,4,12.1296,3020.44
704,11,0,4,12.1183,2962.7
2179,11,0,4,12.1181,2961.83
662,11,0,4,12.1119,2932.19
602,11,0,4,12.1009,2864.49
604,11,0,4,12.0985,2847.81
596,11,0,4,12.0984,2846.84
595,11,0,4,12.0924,2814.1
603,11,0,4,12.0882,2791.76
1304,11,0,5,12.4684,4725.58,0.0815,355.478,0.17,6
2163,11,0,5,12.4474,4615.84
2051,11,0,5,12.4138,4437.75
2050,11,0,5,12.4026,4378.74
2106,11,0,5,12.3957,4344.01
2039,11,0,5,12.378,4250.04
1106,11,0,5,12.3681,4197.09
2035,11,0,5,12.3555,4130.27
1108,11,0,5,12.3355,4030.94
1302,11,0,6,12.5958,5315.06,0.106833,465.975,0.24,7
1303,11,0,6,12.5755,5211.53
1305,11,0,6,12.562,5142.62
1304,11,0,6,12.5499,5081.06
895,11,0,7,12.8685,6629.77,0.0435,189.734,0.02,8
896,11,0,7,12.8648,6611.53
892,11,0,7,12.8613,6593.75
906,11,0,7,12.843,6500.95
1555,11,0,7,12.8175,6358.2
2157,11,0,7,12.8049,6297.56
2019,11,0,7,12.7758,6162.39
929,11,0,7,12.7754,6160.4
938,11,0,7,12.7634,6094.27
950,11,0,7,12.7474,6013.25
951,11,0,7,12.741,5979.99
949,11,0,7,12.7293,5920.71
1302,11,0,7,12.7027,5781.04
978,11,0,8,13.0799,7668.46,0.0648333,282.783,0.06,9
1010,11,0,8,13.0643,7588.31
1011,11,0,8,13.0508,7518.91
1009,11,0,8,13.0457,7491.28
1041,11,0,8,13.0455,7490.59
1039,11,0,8,13.0377,7450.11
1037,11,0,8,13.0282,7402.63
1034,11,0,8,13.0195,7356.94
2032,11,0,8,13.004,7279.35
1050,11,0,8,12.9728,7125.25
1049,11,0,8,12.9728,7125.16
1025,11,0,8,12.9639,7081.5
1029,11,0,8,12.9507,7014.67
1027,11,0,8,12.9389,6955.71
898,11,0,8,12.9306,6912.18
895,11,0,8,12.912,6819.51
636,11,0,9,13.2221,8332.67,0.0665,290.053,0.15,10
633,11,0,9,13.2164,8303.14
639,11,0,9,13.2129,8285
1993,11,0,9,13.2013,8226.71
1995,11,0,9,13.1945,8192.35
1996,11,0,9,13.1884,8162.4
1997,11,0,9,13.1845,8142.5
2027,11,0,9,13.1596,8021.73
2026,11,0,9,13.1538,7993.25
978,11,0,9,13.1448,7951.24
64,11,0,10,13.536,10076.7,0,0,0
195,11,0,10,13.5117,9949.05
196,11,0,10,13.509,9929.46
205,11,0,10,13.494,9842.34
215,11,0,10,13.4625,9668.03
225,11,0,10,13.4365,9464.79
715,11,0,10,13.4085,9299.91
714,11,0,10,13.4047,9276
726,11,0,10,13.4045,9274.15
529,11,0,10,13.3906,9174.62
605,11,0,10,13.376,9078.13
603,11,0,10,13.3674,9035.49
604,11,0,10,13.3624,9009.09
596,11,0,10,13.3622,9008.12
580,11,0,10,13.3507,8943.8
583,11,0,10,13.3445,8913.98
587,11,0,10,13.3423,8899.6
578,11,0,10,13.3394,8883.5
575,11,0,10,13.3336,8851.06
571,11,0,10,13.331,8835.95
570,11,0,10,13.3271,8816.9
1994,11,0,10,13.3109,8737.92
562,11,0,10,13.3013,8688.87
639,11,0,10,13.2979,8671.43
638,11,0,10,13.2926,8643.64
636,11,0,10,13.2886,8622.72
220,12,0,0,11.0872,472.978,0.0955,416.542,0.04,1
2130,12,0,0,11.0724,392.48
215,12,0,0,11.0675,358.782
205,12,0,0,11.0436,204.484
196,12,0,0,11.0305,119.897
195,12,0,0,11.0279,100.335
64,12,0,0,11.01,0
710,12,0,1,11.2404,1198.14,0.0443333,193.369,0.36,2
223,12,0,1,11.2229,1104.91
224,12,0,1,11.2088,1031.05
222,12,0,1,11.193,945.57
220,12,0,1,11.1827,889.52
455,12,0,2,11.3438,1774.06,0.0408333,178.103,0.03,3
454,12,0,2,11.341,1758.44
457,12,0,2,11.3343,1704.48
456,12,0,2,11.3291,1675.03
458,12,0,2,11.3196,1613.89
459,12,0,2,11.3137,1568.78
1543,12,0,2,11.3044,1506.55
710,12,0,2,11.2847,1391.51
1108,12,0,3,11.6519,3428.96,0.0935,407.819,0.09,4
1109,12,0,3,11.6467,3402.77
1113,12,0,3,11.6406,3371.72
1847,12,0,3,11.6277,3306.52
1086,12,0,3,11.6241,3286.49
1087,12,0,3,11.6095,3213.3
1090,12,0,3,11.6008,3168.13
1076,12,0,3,11.5747,3041.16
1074,12,0,3,11.5705,3020.04
1077,12,0,3,11.561,2969.22
1080,12,0,3,11.5475,2902.01
1079,12,0,3,11.5409,2867.56
1061,12,0,3,11.5366,2846.28
1063,12,0,3,11.5331,2828.11
1062,12,0,3,11.532,2821.03
2159,12,0,3,11.5318,2819.92
1045,12,0,3,11.5311,2816.77
1012,12,0,3,11.5239,2775.78
1014,12,0,3,11.5233,2772.91
989,12,0,3,11.5123,2714.61
990,12,0,3,11.5022,2664.35
991,12,0,3,11.4996,2652
706,12,0,3,11.4926,2612.53
704,12,0,3,11.49,2599.76
2179,12,0,3,11.4898,2598.9
662,12,0,3,11.4836,2569.25
602,12,0,3,11.4722,2500.98
599,12,0,3,11.4681,2477.72
605,12,0,3,11.464,2453.73
529,12,0,3,11.4468,2353.71
726,12,0,3,11.4309,2252.51
714,12,0,3,11.4307,2250.62
1543,12,0,3,11.4259,2220.1
459,12,0,3,11.4156,2156.7
458,12,0,3,11.4091,2111.44
456,12,0,3,11.4,2050.65
457,12,0,3,11.3946,2020.43
454,12,0,3,11.387,1966.47
455,12,0,3,11.3846,1952.16
1304,12,0,4,11.8749,4519.4,0.0428333,186.826,0.12,5
952,12,0,4,11.8505,4386.42
953,12,0,4,11.8398,4331.64
2023,12,0,4,11.839,4327.54
2108,12,0,4,11.8225,4242.33
1794,12,0,4,11.8154,4206.57
2106,12,0,4,11.8002,4127.2
2039,12,0,4,11.7825,4033.67
1106,12,0,4,11.7729,3981.72
2035,12,0,4,11.7587,3907.67
1108,12,0,4,11.7454,3836.78
1302,12,0,5,11.9679,4957.93,0.068,296.595,0.26,6
1303,12,0,5,11.9473,4853.42
1305,12,0,5,11.9327,4779.54
1304,12,0,5,11.9177,4706.23
895,12,0,6,12.2017,6103.27,0.0435,189.734,0.02,7
896,12,0,6,12.198,6085.03
892,12,0,6,12.1945,6067.24
906,12,0,6,12.1763,5974.44
1555,12,0,6,12.1508,5831.69
2157,12,0,6,12.1382,5771.05
2019,12,0,6,12.1091,5635.88
929,12,0,6,12.1087,5633.9
938,12,0,6,12.0966,5567.77
950,12,0,6,12.0807,5486.74
951,12,0,6,12.0742,5453.48
949,12,0,6,12.0626,5394.2
1302,12,0,6,12.0359,5254.53
978,12,0,7,12.4132,7141.95,0.107833,470.336,0.07,8
1010,12,0,7,12.3976,7061.8
1011,12,0,7,12.3841,6992.4
1009,12,0,7,12.3789,6964.77
1041,12,0,7,12.3788,6964.08
1039,12,0,7,12.371,6923.61
1037,12,0,7,12.3614,6876.12
1034,12,0,7,12.3527,6830.43
2032,12,0,7,12.3373,6752.84
1050,12,0,7,12.306,6598.74
1049,12,0,7,12.306,6598.65
1025,12,0,7,12.2972,6554.99
1029,12,0,7,12.2839,6488.16
1027,12,0,7,12.2721,6429.2
898,12,0,7,12.2639,6385.67
895,12,0,7,12.2452,6293
636,12,0,8,12.6066,8026.78,0.091,396.915,0.15,9
633,12,0,8,12.5999,7993.17
639,12,0,8,12.5965,7975.63
1993,12,0,8,12.5868,7925.01
1995,12,0,8,12.5772,7879.72
1996,12,0,8,12.5657,7827.98
1997,12,0,8,12.5618,7808.08
2027,12,0,8,12.5336,7673.74
2026,12,0,8,12.5278,7645.43
978,12,0,8,12.521,7612.29
603,12,0,9,12.7773,8837.52,0.0631667,275.514,0.35,10
604,12,0,9,12.7733,8815.66
596,12,0,9,12.7732,8814.69
580,12,0,9,12.7616,8750.16
583,12,0,9,12.7554,8720.35
587,12,0,9,12.7534,8706.08
578,12,0,9,12.7505,8690.02
579,12,0,9,12.7431,8651.22
570,12,0,9,12.7361,8618.06
1994,12,0,9,12.7232,8552.98
562,12,0,9,12.7102,8489.6
639,12,0,9,12.7068,8472.16
638,12,0,9,12.7014,8443.92
636,12,0,9,12.6976,8423.69
64,12,0,10,13.0077,10143.5,0,0,0
195,12,0,10,12.981,10005.3
196,12,0,10,12.9779,9985.38
205,12,0,10,12.9626,9897.63
215,12,0,10,12.9369,9741.07
225,12,0,10,12.91,9538
715,12,0,10,12.8799,9368.44
714,12,0,10,12.8759,9344.28
726,12,0,10,12.8757,9342.43
529,12,0,10,12.8616,9242.78
605,12,0,10,12.8467,9146.11
603,12,0,10,12.8404,9113.03
220,13,0,0,11.1972,472.978,0.0955,416.542,0.04,1
2130,13,0,0,11.1824,392.48
215,13,0,0,11.1775,358.782
205,13,0,0,11.1536,204.484
196,13,0,0,11.1405,119.897
195,13,0,0,11.1379,100.335
64,13,0,0,11.12,0
710,13,0,1,11.3504,1198.14,0.0443333,193.369,0.36,2
223,13,0,1,11.3329,1104.91
224,13,0,1,11.3188,1031.05
222,13,0,1,11.303,945.57
220,13,0,1,11.2927,889.52
455,13,0,2,11.4538,1774.06,0.0408333,178.103,0.03,3
454,13,0,2,11.451,1758.44
457,13,0,2,11.4443,1704.48
456,13,0,2,11.4391,1675.03
458,13,0,2,11.4296,1613.89
459,13,0,2,11.4237,1568.78
1543,13,0,2,11.4144,1506.55
710,13,0,2,11.3947,1391.51
1108,13,0,3,11.7619,3428.96,0.0935,407.819,0.09,4
1109,13,0,3,11.7567,3402.77
1113,13,0,3,11.7506,3371.72
1847,13,0,3,11.7377,3306.52
1086,13,0,3,11.7341,3286.49
1087,13,0,3,11.7195,3213.3
1090,13,0,3,11.7108,3168.13
1076,13,0,3,11.6847,3041.16
1074,13,0,3,11.6805,3020.04
1077,13,0,3,11.671,2969.22
1080,13,0,3,11.6575,2902.01
1079,13,0,3,11.6509,2867.56
1061,13,0,3,11.6466,2846.28
1063,13,0,3,11.6431,2828.11
1062,13,0,3,11.642,2821.03
2159,13,0,3,11.6418,2819.92
1045,13,0,3,11.6411,2816.77
1012,13,0,3,11.6339,2775.78
1014,13,0,3,11.6333,2772.91
989,13,0,3,11.6223,2714.61
990,13,0,3,11.6122,2664.35
991,13,0,3,11.6096,2652
706,13,0,3,11.6026,2612.53
704,13,0,3,11.6,2599.76
2179,13,0,3,11.5998,2598.9
662,13,0,3,11.5936,2569.25
602,13,0,3,11.5822,2500.98
599,13,0,3,11.5781,2477.72
605,13,0,3,11.574,2453.73
529,13,0,3,11.5568,2353.71
726,13,0,3,11.5409,2252.51
714,13,0,3,11.5407,2250.62
1543,13,0,3,11.5359,2220.1
459,13,0,3,11.5256,2156.7
458,13,0,3,11.5191,2111.44
456,13,0,3,11.51,2050.65
457,13,0,3,11.5046,2020.43
454,13,0,3,11.497,1966.47
455,13,0,3,11.4946,1952.16
1304,13,0,4,11.9849,4519.4,0.0428333,186.826,0.12,5
952,13,0,4,11.9605,4386.42
953,13,0,4,11.9498,4331.64
2023,13,0,4,11.949,4327.54
2108,13,0,4,11.9325,4242.33
1794,13,0,4,11.9254,4206.57
2106,13,0,4,11.9102,4127.2
2039,13,0,4,11.8925,4033.67
1106,13,0,4,11.8829,3981.72
2035,13,0,4,11.8687,3907.67
1108,13,0,4,11.8554,3836.78
1302,13,0,5,12.0737,4940.23,0.106833,465.975,0.24,6
1303,13,0,5,12.0533,4836.7
1305,13,0,5,12.0398,4767.79
1304,13,0,5,12.0277,4706.23
895,13,0,6,12.3463,6254.95,0.0435,189.734,0.02,7
896,13,0,6,12.3426,6236.71
892,13,0,6,12.3391,6218.92
906,13,0,6,12.3209,6126.12
1555,13,0,6,12.2954,5983.37
2157,13,0,6,12.2828,5922.73
2019,13,0,6,12.2537,5787.56
929,13,0,6,12.2533,5785.58
938,13,0,6,12.2412,5719.45
950,13,0,6,12.2253,5638.42
951,13,0,6,12.2188,5605.16
949,13,0,6,12.2072,5545.88
1302,13,0,6,12.1805,5406.21
978,13,0,7,12.5578,7293.63,0.107833,470.336,0.07,8
1010,13,0,7,12.5421,7213.48
1011,13,0,7,12.5287,7144.08
1009,13,0,7,12.5235,7116.45
1041,13,0,7,12.5234,7115.76
1039,13,0,7,12.5156,7075.29
1037,13,0,7,12.506,7027.8
1034,13,0,7,12.4973,6982.11
2032,13,0,7,12.4819,6904.52
1050,13,0,7,12.4506,6750.42
1049,13,0,7,12.4506,6750.33
1025,13,0,7,12.4418,6706.67
1029,13,0,7,12.4285,6639.84
1027,13,0,7,12.4167,6580.88
898,13,0,7,12.4084,6537.35
895,13,0,7,12.3898,6444.68
636,13,0,8,12.7511,8178.46,0.091,396.915,0.15,9
633,13,0,8,12.7445,8144.85
639,13,0,8,12.7411,8127.31
1993,13,0,8,12.7314,8076.69
1995,13,0,8,12.7218,8031.4
1996,13,0,8,12.7103,7979.66
1997,13,0,8,12.7064,7959.76
2027,13,0,8,12.6782,7825.42
2026,13,0,8,12.6724,7797.11
978,13,0,8,12.6656,7763.97
603,13,0,9,12.9219,8989.2,0.0631667,275.514,0.35,10
604,13,0,9,12.9179,8967.34
596,13,0,9,12.9177,8966.37
580,13,0,9,12.9062,8901.84
583,13,0,9,12.9,8872.03
587,13,0,9,12.8979,8857.76
578,13,0,9,12.895,8841.7
579,13,0,9,12.8877,8802.9
570,13,0,9,12.8807,8769.74
1994,13,0,9,12.8678,8704.66
562,13,0,9,12.8548,8641.29
639,13,0,9,12.8514,8623.84
638,13,0,9,12.846,8595.6
636,13,0,9,12.8421,8575.37
64,13,0,10,13.1523,10295.2,0,0,0
195,13,0,10,13.1256,10157
196,13,0,10,13.1224,10137.1
205,13,0,10,13.1071,10049.3
215,13,0,10,13.0815,9892.75
225,13,0,10,13.0546,9689.68
715,13,0,10,13.0245,9520.12
714,13,0,10,13.0205,9495.96
726,13,0,10,13.0203,9494.11
529,13,0,10,13.0062,9394.46
605,13,0,10,12.9913,9297.79
603,13,0,10,12.985,9264.71
220,14,0,0,11.0772,472.978,0.0955,416.542,0.04,1
2130,14,0,0,11.0624,392.48
215,14,0,0,11.0575,358.782
205,14,0,0,11.0336,204.484
196,14,0,0,11.0205,119.897
195,14,0,0,11.0179,100.335
64,14,0,0,11,0
710,14,0,1,11.2304,1198.14,0.0443333,193.369,0.36,2
223,14,0,1,11.2129,1104.91
224,14,0,1,11.1988,1031.05
222,14,0,1,11.183,945.57
220,14,0,1,11.1727,889.52
455,14,0,2,11.3338,1774.06,0.0408333,178.103,0.03,3
454,14,0,2,11.331,1758.44
457,14,0,2,11.3243,1704.48
456,14,0,2,11.3191,1675.03
458,14,0,2,11.3096,1613.89
459,14,0,2,11.3037,1568.78
1543,14,0,2,11.2944,1506.55
710,14,0,2,11.2747,1391.51
603,14,0,3,11.465,2516.24,0.109,475.425,0.32,4
604,14,0,3,11.4608,2493.1
596,14,0,3,11.4606,2492.13
595,14,0,3,11.4552,2461.72
605,14,0,3,11.454,2453.73
529,14,0,3,11.4368,2353.71
726,14,0,3,11.4209,2252.51
714,14,0,3,11.4207,2250.62
1543,14,0,3,11.4159,2220.1
459,14,0,3,11.4056,2156.7
458,14,0,3,11.3991,2111.44
456,14,0,3,11.39,2050.65
457,14,0,3,11.3846,2020.43
454,14,0,3,11.377,1966.47
455,14,0,3,11.3746,1952.16
1108,14,0,4,11.7662,3990.79,0.0935,407.819,0.09,5
1109,14,0,4,11.7618,3968.11
1113,14,0,4,11.755,3933.96
1847,14,0,4,11.7415,3866.44
1086,14,0,4,11.7379,3846.41
1087,14,0,4,11.7234,3773.22
1090,14,0,4,11.7147,3728.06
1076,14,0,4,11.6885,3601.08
1074,14,0,4,11.6844,3579.96
1077,14,0,4,11.6748,3529.14
1080,14,0,4,11.6613,3461.94
1079,14,0,4,11.6547,3427.48
1061,14,0,4,11.6505,3406.2
1063,14,0,4,11.6469,3388.03
1062,14,0,4,11.6459,3380.95
2159,14,0,4,11.6456,3379.84
1045,14,0,4,11.6449,3376.69
1012,14,0,4,11.6377,3335.7
1014,14,0,4,11.6372,3332.84
989,14,0,4,11.6261,3274.53
990,14,0,4,11.6161,3224.27
991,14,0,4,11.6135,3211.92
706,14,0,4,11.6065,3172.46
704,14,0,4,11.6038,3159.68
2179,14,0,4,11.6036,3158.82
662,14,0,4,11.5974,3129.17
602,14,0,4,11.5861,3060.9
604,14,0,4,11.5835,3044.1
596,14,0,4,11.5834,3043.13
595,14,0,4,11.5779,3012.72
603,14,0,4,11.574,2991.67
1304,14,0,5,11.9892,5081.23,0.0428333,186.826,0.12,6
952,14,0,5,11.9648,4948.24
953,14,0,5,11.9541,4893.46
2023,14,0,5,11.9532,4889.36
2108,14,0,5,11.9368,4804.15
1794,14,0,5,11.9297,4768.39
2106,14,0,5,11.9145,4689.02
2039,14,0,5,11.8968,4595.49
1106,14,0,5,11.8872,4543.54
2035,14,0,5,11.873,4469.49
1108,14,0,5,11.8597,4398.6
1302,14,0,6,12.078,5502.06,0.106833,465.975,0.24,7
1303,14,0,6,12.0576,5398.52
1305,14,0,6,12.0441,5329.61
1304,14,0,6,12.032,5268.05
895,14,0,7,12.3506,6816.77,0.0435,189.734,0.02,8
896,14,0,7,12.3469,6798.53
892,14,0,7,12.3434,6780.74
906,14,0,7,12.3251,6687.94
1555,14,0,7,12.2997,6545.19
2157,14,0,7,12.2871,6484.56
2019,14,0,7,12.258,6349.38
929,14,0,7,12.2576,6347.4
938,14,0,7,12.2455,6281.27
950,14,0,7,12.2296,6200.24
951,14,0,7,12.2231,6166.99
949,14,0,7,12.2115,6107.7
1302,14,0,7,12.1848,5968.03
978,14,0,8,12.5621,7855.45,0.107833,470.336,0.07,9
1010,14,0,8,12.5464,7775.3
1011,14,0,8,12.533,7705.9
1009,14,0,8,12.5278,7678.27
1041,14,0,8,12.5276,7677.58
1039,14,0,8,12.5199,7637.11
1037,14,0,8,12.5103,7589.62
1034,14,0,8,12.5016,7543.93
2032,14,0,8,12.4862,7466.34
1050,14,0,8,12.4549,7312.25
1049,14,0,8,12.4549,7312.15
1025,14,0,8,12.4461,7268.49
1029,14,0,8,12.4328,7201.66
1027,14,0,8,12.421,7142.71
898,14,0,8,12.4127,7099.17
895,14,0,8,12.3941,7006.5
636,14,0,9,12.7554,8740.28,0.091,396.915,0.15,10
633,14,0,9,12.7488,8706.67
639,14,0,9,12.7454,8689.13
1993,14,0,9,12.7357,8638.52
1995,14,0,9,12.7261,8593.22
1996,14,0,9,12.7146,8541.49
1997,14,0,9,12.7107,8521.58
2027,14,0,9,12.6825,8387.24
2026,14,0,9,12.6767,8358.94
978,14,0,9,12.6699,8325.79
64,14,0,10,13.0935,10581.5,0,0,0
195,14,0,10,13.0667,10443.3
196,14,0,10,13.0636,10423.4
205,14,0,10,13.0483,10335.6
215,14,0,10,13.0227,10179.1
225,14,0,10,12.9957,9975.99
715,14,0,10,12.9656,9806.43
714,14,0,10,12.9616,9782.27
726,14,0,10,12.9614,9780.42
529,14,0,10,12.9473,9680.77
605,14,0,10,12.9324,9584.1
603,14,0,10,12.9261,9551.02
604,14,0,10,12.9222,9529.16
596,14,0,10,12.922,9528.19
580,14,0,10,12.9105,9463.67
583,14,0,10,12.9043,9433.85
587,14,0,10,12.9022,9419.58
578,14,0,10,12.8993,9403.52
579,14,0,10,12.892,9364.72
570,14,0,10,12.885,9331.56
1994,14,0,10,12.8721,9266.48
562,14,0,10,12.8591,9203.11
639,14,0,10,12.8556,9185.67
638,14,0,10,12.8503,9157.42
636,14,0,10,12.8464,9137.2
220,15,0,0,11.1372,472.978,0.0955,416.542,0.04,1
2130,15,0,0,11.1224,392.48
215,15,0,0,11.1175,358.782
205,15,0,0,11.0936,204.484
196,15,0,0,11.0805,119.897
195,15,0,0,11.0779,100.335
64,15,0,0,11.06,0
455,15,0,1,11.3221,1421.69,0.0408333,178.103,0.03,2
454,15,0,1,11.3193,1406.07
457,15,0,1,11.3125,1352.11
456,15,0,1,11.3074,1322.67
458,15,0,1,11.2979,1261.52
459,15,0,1,11.292,1216.42
450,15,0,1,11.2768,1132.53
229,15,0,1,11.2673,1079.68
222,15,0,1,11.243,945.57
220,15,0,1,11.2327,889.52
603,15,0,2,11.4533,2163.88,0.109,475.425,0.32,3
604,15,0,2,11.4491,2140.74
596,15,0,2,11.4489,2139.76
595,15,0,2,11.4434,2109.36
605,15,0,2,11.4423,2101.36
529,15,0,2,11.4251,2001.34
726,15,0,2,11.4092,1900.14
714,15,0,2,11.409,1898.26
1543,15,0,2,11.4042,1867.73
459,15,0,2,11.3939,1804.33
458,15,0,2,11.3874,1759.07
456,15,0,2,11.3783,1698.29
457,15,0,2,11.3729,1668.07
454,15,0,2,11.3653,1614.11
455,15,0,2,11.3629,1599.79
1108,15,0,3,11.7545,3638.42,0.0935,407.819,0.09,4
1109,15,0,3,11.7501,3615.75
1113,15,0,3,11.7432,3581.6
1847,15,0,3,11.7298,3514.08
1086,15,0,3,11.7262,3494.04
1087,15,0,3,11.7117,3420.85
1090,15,0,3,11.703,3375.69
1076,15,0,3,11.6768,3248.71
1074,15,0,3,11.6727,3227.6
1077,15,0,3,11.6631,3176.78
1080,15,0,3,11.6496,3109.57
1079,15,0,3,11.643,3075.12
1061,15,0,3,11.6387,3053.83
1063,15,0,3,11.6352,3035.67
1062,15,0,3,11.6341,3028.59
2159,15,0,3,11.6339,3027.47
1045,15,0,3,11.6332,3024.32
1012,15,0,3,11.626,2983.34
1014,15,0,3,11.6254,2980.47
989,15,0,3,11.6144,2922.17
990,15,0,3,11.6043,2871.91
991,15,0,3,11.6017,2859.55
706,15,0,3,11.5947,2820.09
704,15,0,3,11.5921,2807.32
2179,15,0,3,11.5919,2806.46
662,15,0,3,11.5857,2776.81
602,15,0,3,11.5744,2708.53
604,15,0,3,11.5718,2691.73
596,15,0,3,11.5717,2690.76
595,15,0,3,11.5662,2660.35
603,15,0,3,11.5623,2639.3
1304,15,0,4,11.9775,4728.86,0.0428333,186.826,0.12,5
952,15,0,4,11.9531,4595.87
953,15,0,4,11.9423,4541.1
2023,15,0,4,11.9415,4537
2108,15,0,4,11.9251,4451.79
1794,15,0,4,11.918,4416.03
2106,15,0,4,11.9027,4336.66
2039,15,0,4,11.8851,4243.13
1106,15,0,4,11.8755,4191.18
2035,15,0,4,11.8612,4117.13
1108,15,0,4,11.848,4046.24
1302,15,0,5,12.0662,5149.69,0.106833,465.975,0.24,6
1303,15,0,5,12.0459,5046.15
1305,15,0,5,12.0324,4977.24
1304,15,0,5,12.0203,4915.69
895,15,0,6,12.3389,6464.4,0.0435,189.734,0.02,7
896,15,0,6,12.3352,6446.16
892,15,0,6,12.3317,6428.37
906,15,0,6,12.3134,6335.58
1555,15,0,6,12.2879,6192.83
2157,15,0,6,12.2753,6132.19
2019,15,0,6,12.2463,5997.02
929,15,0,6,12.2458,5995.03
938,15,0,6,12.2338,5928.9
950,15,0,6,12.2178,5847.88
951,15,0,6,12.2114,5814.62
949,15,0,6,12.1998,5755.33
1302,15,0,6,12.1731,5615.67
978,15,0,7,12.5503,7503.09,0.107833,470.336,0.07,8
1010,15,0,7,12.5347,7422.94
1011,15,0,7,12.5213,7353.53
1009,15,0,7,12.5161,7325.91
1041,15,0,7,12.5159,7325.22
1039,15,0,7,12.5081,7284.74
1037,15,0,7,12.4986,7237.26
1034,15,0,7,12.4899,7191.57
2032,15,0,7,12.4744,7113.97
1050,15,0,7,12.4432,6959.88
1049,15,0,7,12.4432,6959.79
1025,15,0,7,12.4344,6916.13
1029,15,0,7,12.4211,6849.29
1027,15,0,7,12.4093,6790.34
898,15,0,7,12.401,6746.81
895,15,0,7,12.3824,6654.14
636,15,0,8,12.7437,8387.91,0.091,396.915,0.15,9
633,15,0,8,12.7371,8354.31
639,15,0,8,12.7337,8336.77
1993,15,0,8,12.7239,8286.15
1995,15,0,8,12.7144,8240.86
1996,15,0,8,12.7029,8189.12
1997,15,0,8,12.699,8169.22
2027,15,0,8,12.6707,8034.87
2026,15,0,8,12.665,8006.57
978,15,0,8,12.6582,7973.42
64,15,0,9,13.0817,10229.2,0,0,0
195,15,0,9,13.055,10090.9
196,15,0,9,13.0519,10071
205,15,0,9,13.0366,9983.26
215,15,0,9,13.0109,9826.7
225,15,0,9,12.984,9623.62
715,15,0,9,12.9539,9454.06
714,15,0,9,12.9499,9429.91
726,15,0,9,12.9497,9428.05
529,15,0,9,12.9356,9328.4
605,15,0,9,12.9207,9231.73
603,15,0,9,12.9144,9198.66
604,15,0,9,12.9105,9176.79
596,15,0,9,12.9103,9175.82
580,15,0,9,12.8988,9111.3
583,15,0,9,12.8925,9081.48
587,15,0,9,12.8905,9067.21
578,15,0,9,12.8876,9051.15
579,15,0,9,12.8803,9012.35
570,15,0,9,12.8733,8979.19
1994,15,0,9,12.8604,8914.12
562,15,0,9,12.8474,8850.74
639,15,0,9,12.8439,8833.3
638,15,0,9,12.8386,8805.06
636,15,0,9,12.8347,8784.83
710,15,1,0,11.223,739.387,0.0443333,193.369,0.36,1
223,15,1,0,11.2055,646.157
1680,15,1,0,11.196,581.03
225,15,1,0,11.1932,562.11
215,15,1,0,11.1675,358.782
205,15,1,0,11.1436,204.484
196,15,1,0,11.1305,119.897
195,15,1,0,11.1279,100.335
64,15,1,0,11.11,0
64,15,1,1,11.3678,1615.64,0,0,0
195,15,1,1,11.3466,1500.96
196,15,1,1,11.3438,1481.35
205,15,1,1,11.3314,1397.44
215,15,1,1,11.3115,1245.35
225,15,1,1,11.2862,1041.78
1680,15,1,1,11.2833,1022.76
710,15,1,1,11.2673,932.755
603,16,0,0,11.2384,1012.31,0.109,475.425,0.32,1
604,16,0,0,11.2341,989.164
596,16,0,0,11.234,988.193
595,16,0,0,11.2285,957.784
605,16,0,0,11.2274,949.793
529,16,0,0,11.2102,849.768
726,16,0,0,11.1943,748.573
714,16,0,0,11.1941,746.688
715,16,0,0,11.1907,723.201
225,16,0,0,11.1732,562.11
215,16,0,0,11.1475,358.782
205,16,0,0,11.1236,204.484
196,16,0,0,11.1105,119.897
195,16,0,0,11.1079,100.335
64,16,0,0,11.09,0
1108,16,0,1,11.5395,2486.85,0.0935,407.819,0.09,2
1109,16,0,1,11.5352,2464.18
1113,16,0,1,11.5283,2430.03
1847,16,0,1,11.5149,2362.5
1086,16,0,1,11.5113,2342.47
1087,16,0,1,11.4967,2269.28
1090,16,0,1,11.488,2224.12
1076,16,0,1,11.4619,2097.14
1074,16,0,1,11.4578,2076.03
1077,16,0,1,11.4482,2025.21
1080,16,0,1,11.4347,1958
1079,16,0,1,11.4281,1923.55
1061,16,0,1,11.4238,1902.26
1063,16,0,1,11.4203,1884.1
1062,16,0,1,11.4192,1877.02
2159,16,0,1,11.419,1875.9
1045,16,0,1,11.4183,1872.75
1012,16,0,1,11.4111,1831.77
1014,16,0,1,11.4105,1828.9
989,16,0,1,11.3995,1770.6
990,16,0,1,11.3894,1720.33
991,16,0,1,11.3868,1707.98
706,16,0,1,11.3798,1668.52
704,16,0,1,11.3772,1655.75
2179,16,0,1,11.377,1654.88
662,16,0,1,11.3708,1625.24
602,16,0,1,11.3594,1556.96
604,16,0,1,11.3569,1540.16
596,16,0,1,11.3567,1539.19
595,16,0,1,11.3513,1508.78
603,16,0,1,11.3474,1487.73
895,16,0,2,11.7241,3370.05,0.103333,450.709,0.01,3
907,16,0,2,11.7085,3293.15
908,16,0,2,11.6992,3247.1
2014,16,0,2,11.6986,3244.42
2017,16,0,2,11.6975,3238.73
1786,16,0,2,11.6926,3214.29
918,16,0,2,11.6889,3195.18
920,16,0,2,11.6759,3124.53
1085,16,0,2,11.6602,3037.78
2035,16,0,2,11.6463,2965.56
1108,16,0,2,11.633,2894.67
1304,16,0,3,11.9908,4665.9,0.0428333,186.826,0.12,4
952,16,0,3,11.9664,4532.91
953,16,0,3,11.9557,4478.14
2023,16,0,3,11.9549,4474.04
1787,16,0,3,11.947,4433.48
2020,16,0,3,11.9313,4352.97
935,16,0,3,11.9211,4299.65
934,16,0,3,11.9206,4297.05
933,16,0,3,11.9119,4249.96
936,16,0,3,11.9113,4247.02
1737,16,0,3,11.8978,4175.12
917,16,0,3,11.8817,4094.8
916,16,0,3,11.8815,4093.89
906,16,0,3,11.8558,3961.48
892,16,0,3,11.8356,3860.82
896,16,0,3,11.8324,3844.24
895,16,0,3,11.8274,3820.76
1302,16,0,4,12.0796,5086.73,0.106833,465.975,0.24,5
1303,16,0,4,12.0593,4983.19
1305,16,0,4,12.0458,4914.28
1304,16,0,4,12.0337,4852.73
978,16,0,5,12.4752,7050.65,0.107833,470.336,0.07,6
1010,16,0,5,12.461,6976.92
1011,16,0,5,12.4461,6901.18
1009,16,0,5,12.437,6857.24
1041,16,0,5,12.4368,6856.55
1039,16,0,5,12.429,6815.72
1037,16,0,5,12.4194,6768.23
1034,16,0,5,12.4107,6722.54
2033,16,0,5,12.4052,6693.48
1053,16,0,5,12.3927,6630.46
1784,16,0,5,12.3894,6613.39
1066,16,0,5,12.3801,6565.76
2034,16,0,5,12.3559,6446.1
1850,16,0,5,12.3476,6402.98
2035,16,0,5,12.3386,6355.75
1106,16,0,5,12.3258,6287.9
2039,16,0,5,12.3192,6246.24
2106,16,0,5,12.3022,6155.59
2050,16,0,5,12.2927,6110.34
2051,16,0,5,12.2835,6059.82
2163,16,0,5,12.2492,5878.51
1304,16,0,5,12.231,5781.11
1305,16,0,5,12.2185,5717.8
1303,16,0,5,12.2034,5641.88
1302,16,0,5,12.1864,5552.71
636,16,0,6,12.6685,7935.48,0.091,396.915,0.15,7
633,16,0,6,12.6619,7901.87
639,16,0,6,12.6585,7884.33
1993,16,0,6,12.6488,7833.72
1995,16,0,6,12.6392,7788.42
1996,16,0,6,12.6277,7736.69
1997,16,0,6,12.6238,7716.78
2027,16,0,6,12.5955,7582.44
2026,16,0,6,12.5898,7554.14
978,16,0,6,12.583,7520.99
64,16,0,7,13.0066,9776.72,0,0,0
195,16,0,7,12.9798,9638.51
196,16,0,7,12.9767,9618.57
205,16,0,7,12.9614,9530.82
215,16,0,7,12.9358,9374.26
225,16,0,7,12.9088,9171.19
715,16,0,7,12.8787,9001.63
714,16,0,7,12.8747,8977.47
726,16,0,7,12.8745,8975.62
529,16,0,7,12.8604,8875.97
605,16,0,7,12.8455,8779.3
603,16,0,7,12.8392,8746.22
604,16,0,7,12.8353,8724.36
596,16,0,7,12.8351,8723.39
580,16,0,7,12.8236,8658.86
583,16,0,7,12.8173,8629.05
587,16,0,7,12.8153,8614.78
578,16,0,7,12.8124,8598.72
579,16,0,7,12.8051,8559.92
570,16,0,7,12.7981,8526.76
1994,16,0,7,12.7852,8461.68
562,16,0,7,12.7722,8398.31
639,16,0,7,12.7687,8380.87
638,16,0,7,12.7634,8352.62
636,16,0,7,12.7595,8332.39
220,16,1,0,11.0772,472.978,0.0955,416.542,0.04,1
2130,16,1,0,11.0624,392.48
215,16,1,0,11.0575,358.782
205,16,1,0,11.0336,204.484
196,16,1,0,11.0205,119.897
195,16,1,0,11.0179,100.335
64,16,1,0,11,0
455,16,1,1,11.2621,1421.69,0.0408333,178.103,0.03,2
454,16,1,1,11.2593,1406.07
457,16,1,1,11.2525,1352.11
456,16,1,1,11.2474,1322.67
458,16,1,1,11.2379,1261.52
459,16,1,1,11.232,1216.42
450,16,1,1,11.2168,1132.53
229,16,1,1,11.2073,1079.68
222,16,1,1,11.183,945.57
220,16,1,1,11.1727,889.52
710,16,1,2,11.3656,1988,0.0443333,193.369,0.36,3
1543,16,1,2,11.3442,1867.73
459,16,1,2,11.3339,1804.33
458,16,1,2,11.3274,1759.07
456,16,1,2,11.3183,1698.29
457,16,1,2,11.3129,1668.07
454,16,1,2,11.3053,1614.11
455,16,1,2,11.3029,1599.79
64,16,1,3,11.5105,2864.25,0,0,0
195,16,1,3,11.4893,2749.57
196,16,1,3,11.4865,2729.96
205,16,1,3,11.474,2646.06
215,16,1,3,11.4541,2493.96
225,16,1,3,11.4289,2290.4
1680,16,1,3,11.4259,2271.38
710,16,1,3,11.41,2181.37
220,17,0,0,11.0772,472.978,0.0955,416.542,0.04,1
2130,17,0,0,11.0624,392.48
215,17,0,0,11.0575,358.782
205,17,0,0,11.0336,204.484
196,17,0,0,11.0205,119.897
195,17,0,0,11.0179,100.335
64,17,0,0,11,0
710,17,0,1,11.2304,1198.14,0.0443333,193.369,0.36,2
223,17,0,1,11.2129,1104.91
224,17,0,1,11.1988,1031.05
222,17,0,1,11.183,945.57
220,17,0,1,11.1727,889.52
455,17,0,2,11.3338,1774.06,0.0408333,178.103,0.03,3
454,17,0,2,11.331,1758.44
457,17,0,2,11.3243,1704.48
456,17,0,2,11.3191,1675.03
458,17,0,2,11.3096,1613.89
459,17,0,2,11.3037,1568.78
1543,17,0,2,11.2944,1506.55
710,17,0,2,11.2747,1391.51
603,17,0,3,11.465,2516.24,0.109,475.425,0.32,4
604,17,0,3,11.4608,2493.1
596,17,0,3,11.4606,2492.13
595,17,0,3,11.4552,2461.72
605,17,0,3,11.454,2453.73
529,17,0,3,11.4368,2353.71
726,17,0,3,11.4209,2252.51
714,17,0,3,11.4207,2250.62
1543,17,0,3,11.4159,2220.1
459,17,0,3,11.4056,2156.7
458,17,0,3,11.3991,2111.44
456,17,0,3,11.39,2050.65
457,17,0,3,11.3846,2020.43
454,17,0,3,11.377,1966.47
455,17,0,3,11.3746,1952.16
1108,17,0,4,11.7662,3990.79,0.0935,407.819,0.09,5
1109,17,0,4,11.7618,3968.11
1113,17,0,4,11.755,3933.96
1847,17,0,4,11.7415,3866.44
1086,17,0,4,11.7379,3846.41
1087,17,0,4,11.7234,3773.22
1090,17,0,4,11.7147,3728.06
1076,17,0,4,11.6885,3601.08
1074,17,0,4,11.6844,3579.96
1077,17,0,4,11.6748,3529.14
1080,17,0,4,11.6613,3461.94
1079,17,0,4,11.6547,3427.48
1061,17,0,4,11.6505,3406.2
1063,17,0,4,11.6469,3388.03
1062,17,0,4,11.6459,3380.95
2159,17,0,4,11.6456,3379.84
1045,17,0,4,11.6449,3376.69
1012,17,0,4,11.6377,3335.7
1014,17,0,4,11.6372,3332.84
989,17,0,4,11.6261,3274.53
990,17,0,4,11.6161,3224.27
991,17,0,4,11.6135,3211.92
706,17,0,4,11.6065,3172.46
704,17,0,4,11.6038,3159.68
2179,17,0,4,11.6036,3158.82
662,17,0,4,11.5974,3129.17
602,17,0,4,11.5861,3060.9
604,17,0,4,11.5835,3044.1
596,17,0,4,11.5834,3043.13
595,17,0,4,11.5779,3012.72
603,17,0,4,11.574,2991.67
1304,17,0,5,11.9892,5081.23,0.0428333,186.826,0.12,6
952,17,0,5,11.9648,4948.24
953,17,0,5,11.9541,4893.46
2023,17,0,5,11.9532,4889.36
2108,17,0,5,11.9368,4804.15
1794,17,0,5,11.9297,4768.39
2106,17,0,5,11.9145,4689.02
2039,17,0,5,11.8968,4595.49
1106,17,0,5,11.8872,4543.54
2035,17,0,5,11.873,4469.49
1108,17,0,5,11.8597,4398.6
1302,17,0,6,12.078,5502.06,0.106833,465.975,0.24,7
1303,17,0,6,12.0576,5398.52
1305,17,0,6,12.0441,5329.61
1304,17,0,6,12.032,5268.05
895,17,0,7,12.3506,6816.77,0.0435,189.734,0.02,8
896,17,0,7,12.3469,6798.53
892,17,0,7,12.3434,6780.74
906,17,0,7,12.3251,6687.94
1555,17,0,7,12.2997,6545.19
2157,17,0,7,12.2871,6484.56
2019,17,0,7,12.258,6349.38
929,17,0,7,12.2576,6347.4
938,17,0,7,12.2455,6281.27
950,17,0,7,12.2296,6200.24
951,17,0,7,12.2231,6166.99
949,17,0,7,12.2115,6107.7
1302,17,0,7,12.1848,5968.03
636,17,0,8,12.5492,7875.02,0.091,396.915,0.15,9
633,17,0,8,12.5425,7841.41
563,17,0,8,12.5372,7816.41
564,17,0,8,12.5318,7787.2
557,17,0,8,12.5269,7756.14
561,17,0,8,12.5204,7709.7
628,17,0,8,12.5163,7684.55
609,17,0,8,12.5045,7609.26
423,17,0,8,12.4986,7552.94
419,17,0,8,12.4919,7515.36
420,17,0,8,12.4858,7479.33
421,17,0,8,12.4813,7451.84
417,17,0,8,12.4763,7425.13
1989,17,0,8,12.4578,7330.91
2011,17,0,8,12.4385,7231.2
891,17,0,8,12.4166,7116.75
893,17,0,8,12.4105,7085.88
894,17,0,8,12.4053,7061.13
895,17,0,8,12.3941,7006.5
64,17,0,9,12.8872,9716.25,0,0,0
195,17,0,9,12.8605,9578.05
196,17,0,9,12.8573,9558.1
205,17,0,9,12.842,9470.36
215,17,0,9,12.8164,9313.8
225,17,0,9,12.7895,9110.73
715,17,0,9,12.7593,8941.16
714,17,0,9,12.7554,8917.01
726,17,0,9,12.7552,8915.15
529,17,0,9,12.741,8815.5
605,17,0,9,12.7262,8718.84
603,17,0,9,12.7199,8685.76
604,17,0,9,12.7159,8663.89
596,17,0,9,12.7158,8662.92
580,17,0,9,12.7042,8598.4
583,17,0,9,12.698,8568.58
587,17,0,9,12.696,8554.32
578,17,0,9,12.6931,8538.25
579,17,0,9,12.6858,8499.46
570,17,0,9,12.6788,8466.29
1994,17,0,9,12.6658,8401.22
562,17,0,9,12.6529,8337.84
639,17,0,9,12.6494,8320.4
638,17,0,9,12.6441,8292.16
636,17,0,9,12.6402,8271.93
978,17,1,0,14.6546,1541.01,0.0373333,162.837,0.05,1
1010,17,1,0,14.6401,1465.78
1016,17,1,0,14.6204,1374.31
1548,17,1,0,14.6134,1338.05
1012,17,1,0,14.6084,1312.65
2028,17,1,0,14.6003,1267.19
989,17,1,0,14.5969,1251.45
990,17,1,0,14.5869,1201.19
991,17,1,0,14.5843,1188.84
706,17,1,0,14.5773,1149.38
704,17,1,0,14.5746,1136.6
2179,17,1,0,14.5744,1135.74
662,17,1,0,14.5682,1106.09
602,17,1,0,14.557,1038.03
599,17,1,0,14.553,1015.4
605,17,1,0,14.5493,991.921
529,17,1,0,14.5322,892.037
726,17,1,0,14.5176,792.08
714,17,1,0,14.5174,790.213
715,17,1,0,14.5138,766.53
225,17,1,0,14.4963,605.342
215,17,1,0,14.4704,402.069
205,17,1,0,14.4437,243.798
196,17,1,0,14.4295,157.808
195,17,1,0,14.4268,138.229
64,17,1,0,14.4,0
64,17,1,1,14.9543,3241.41,0,0,0
195,17,1,1,14.933,3126.4
196,17,1,1,14.9303,3106.82
205,17,1,1,14.9161,3020.74
215,17,1,1,14.8916,2865.76
225,17,1,1,14.8668,2661.93
715,17,1,1,14.8318,2471.38
714,17,1,1,14.8281,2447.54
726,17,1,1,14.8279,2445.68
529,17,1,1,14.8138,2346.07
605,17,1,1,14.7985,2248.82
603,17,1,1,14.7927,2217.84
2202,17,1,1,14.7894,2197.3
602,17,1,1,14.7856,2172.71
1851,17,1,1,14.7753,2102.67
1852,17,1,1,14.7675,2066.84
706,17,1,1,14.7546,2003.69
703,17,1,1,14.7484,1973.27
1542,17,1,1,14.7387,1926.61
698,17,1,1,14.7313,1892.09
700,17,1,1,14.7245,1859.46
690,17,1,1,14.7095,1788.46
979,17,1,1,14.7013,1750.44
980,17,1,1,14.6955,1722.03
978,17,1,1,14.6919,1703.84
603,18,0,0,11.2084,1012.31,0.109,475.425,0.32,1
604,18,0,0,11.2041,989.164
596,18,0,0,11.204,988.193
595,18,0,0,11.1985,957.784
605,18,0,0,11.1974,949.793
529,18,0,0,11.1802,849.768
726,18,0,0,11.1643,748.573
714,18,0,0,11.1641,746.688
715,18,0,0,11.1607,723.201
225,18,0,0,11.1432,562.11
215,18,0,0,11.1175,358.782
205,18,0,0,11.0936,204.484
196,18,0,0,11.0805,119.897
195,18,0,0,11.0779,100.335
64,18,0,0,11.06,0
1108,18,0,1,11.5095,2486.85,0.0935,407.819,0.09,2
1109,18,0,1,11.5052,2464.18
1113,18,0,1,11.4983,2430.03
1847,18,0,1,11.4849,2362.5
1086,18,0,1,11.4813,2342.47
1087,18,0,1,11.4667,2269.28
1090,18,0,1,11.458,2224.12
1076,18,0,1,11.4319,2097.14
1074,18,0,1,11.4278,2076.03
1077,18,0,1,11.4182,2025.21
1080,18,0,1,11.4047,1958
1079,18,0,1,11.3981,1923.55
1061,18,0,1,11.3938,1902.26
1063,18,0,1,11.3903,1884.1
1062,18,0,1,11.3892,1877.02
2159,18,0,1,11.389,1875.9
1045,18,0,1,11.3883,1872.75
1012,18,0,1,11.3811,1831.77
1014,18,0,1,11.3805,1828.9
989,18,0,1,11.3695,1770.6
990,18,0,1,11.3594,1720.33
991,18,0,1,11.3568,1707.98
706,18,0,1,11.3498,1668.52
704,18,0,1,11.3472,1655.75
2179,18,0,1,11.347,1654.88
662,18,0,1,11.3408,1625.24
602,18,0,1,11.3294,1556.96
604,18,0,1,11.3269,1540.16
596,18,0,1,11.3267,1539.19
595,18,0,1,11.3213,1508.78
603,18,0,1,11.3174,1487.73
895,18,0,2,11.6941,3370.05,0.103333,450.709,0.01,3
907,18,0,2,11.6785,3293.15
908,18,0,2,11.6692,3247.1
2014,18,0,2,11.6686,3244.42
2017,18,0,2,11.6675,3238.73
1786,18,0,2,11.6626,3214.29
918,18,0,2,11.6589,3195.18
920,18,0,2,11.6459,3124.53
1085,18,0,2,11.6302,3037.78
2035,18,0,2,11.6163,2965.56
1108,18,0,2,11.603,2894.67
1304,18,0,3,11.9608,4665.9,0.0428333,186.826,0.12,4
952,18,0,3,11.9364,4532.91
953,18,0,3,11.9257,4478.14
2023,18,0,3,11.9249,4474.04
1787,18,0,3,11.917,4433.48
2020,18,0,3,11.9013,4352.97
935,18,0,3,11.8911,4299.65
934,18,0,3,11.8906,4297.05
933,18,0,3,11.8819,4249.96
936,18,0,3,11.8813,4247.02
1737,18,0,3,11.8678,4175.12
917,18,0,3,11.8517,4094.8
916,18,0,3,11.8515,4093.89
906,18,0,3,11.8258,3961.48
892,18,0,3,11.8056,3860.82
896,18,0,3,11.8024,3844.24
895,18,0,3,11.7974,3820.76
1302,18,0,4,12.0496,5086.73,0.106833,465.975,0.24,5
1303,18,0,4,12.0293,4983.19
1305,18,0,4,12.0158,4914.28
1304,18,0,4,12.0037,4852.73
64,18,0,5,12.6225,8238.3,0,0,0
195,18,0,5,12.5933,8089.92
196,18,0,5,12.5906,8070.32
205,18,0,5,12.5761,7983.87
215,18,0,5,12.5506,7827.49
225,18,0,5,12.5245,7624.28
715,18,0,5,12.4907,7438.64
714,18,0,5,12.487,7414.77
726,18,0,5,12.4868,7412.88
529,18,0,5,12.4727,7313.28
605,18,0,5,12.4583,7216.98
603,18,0,5,12.4517,7182.89
604,18,0,5,12.447,7157.83
596,18,0,5,12.4469,7156.86
580,18,0,5,12.4354,7092.45
574,18,0,5,12.4155,6988.11
573,18,0,5,12.4051,6930.68
564,18,0,5,12.3976,6890.42
557,18,0,5,12.3928,6859.36
561,18,0,5,12.3862,6812.92
628,18,0,5,12.3821,6787.77
609,18,0,5,12.3703,6712.48
423,18,0,5,12.3644,6656.16
419,18,0,5,12.3577,6618.58
420,18,0,5,12.3517,6582.55
421,18,0,5,12.3471,6555.06
417,18,0,5,12.3421,6528.35
1989,18,0,5,12.3237,6434.13
2011,18,0,5,12.3044,6334.42
2156,18,0,5,12.2989,6306.38
2013,18,0,5,12.2983,6303.23
886,18,0,5,12.2901,6260.62
888,18,0,5,12.2717,6160.55
903,18,0,5,12.2619,6107.58
904,18,0,5,12.2586,6089.86
925,18,0,5,12.235,5961.38
2019,18,0,5,12.2296,5934.06
929,18,0,5,12.2292,5932.07
938,18,0,5,12.2172,5865.94
950,18,0,5,12.2012,5784.92
951,18,0,5,12.1948,5751.66
949,18,0,5,12.1831,5692.37
1302,18,0,5,12.1564,5552.71
220,18,1,0,11.4272,472.978,0.0955,416.542,0.04,1
2130,18,1,0,11.4124,392.48
215,18,1,0,11.4075,358.782
205,18,1,0,11.3836,204.484
196,18,1,0,11.3705,119.897
195,18,1,0,11.3679,100.335
64,18,1,0,11.35,0
455,18,1,1,11.6121,1421.69,0.0408333,178.103,0.03,2
454,18,1,1,11.6093,1406.07
457,18,1,1,11.6025,1352.11
456,18,1,1,11.5974,1322.67
458,18,1,1,11.5879,1261.52
459,18,1,1,11.582,1216.42
450,18,1,1,11.5668,1132.53
229,18,1,1,11.5573,1079.68
222,18,1,1,11.533,945.57
220,18,1,1,11.5227,889.52
710,18,1,2,11.7156,1988,0.0443333,193.369,0.36,3
1543,18,1,2,11.6942,1867.73
459,18,1,2,11.6839,1804.33
458,18,1,2,11.6774,1759.07
456,18,1,2,11.6683,1698.29
457,18,1,2,11.6629,1668.07
454,18,1,2,11.6553,1614.11
455,18,1,2,11.6529,1599.79
64,18,1,3,11.8605,2864.25,0,0,0
195,18,1,3,11.8393,2749.57
196,18,1,3,11.8365,2729.96
205,18,1,3,11.824,2646.06
215,18,1,3,11.8041,2493.96
225,18,1,3,11.7789,2290.4
1680,18,1,3,11.7759,2271.38
710,18,1,3,11.76,2181.37
978,18,2,0,14.5746,1541.01,0.0373333,162.837,0.05,1
1010,18,2,0,14.5601,1465.78
1016,18,2,0,14.5404,1374.31
1548,18,2,0,14.5334,1338.05
1012,18,2,0,14.5284,1312.65
2028,18,2,0,14.5203,1267.19
989,18,2,0,14.5169,1251.45
990,18,2,0,14.5069,1201.19
991,18,2,0,14.5043,1188.84
706,18,2,0,14.4973,1149.38
704,18,2,0,14.4946,1136.6
2179,18,2,0,14.4944,1135.74
662,18,2,0,14.4882,1106.09
602,18,2,0,14.477,1038.03
599,18,2,0,14.473,1015.4
605,18,2,0,14.4693,991.921
529,18,2,0,14.4522,892.037
726,18,2,0,14.4376,792.08
714,18,2,0,14.4374,790.213
715,18,2,0,14.4338,766.53
225,18,2,0,14.4163,605.342
215,18,2,0,14.3904,402.069
205,18,2,0,14.3637,243.798
196,18,2,0,14.3495,157.808
195,18,2,0,14.3468,138.229
64,18,2,0,14.32,0
636,18,2,1,14.6916,2094.27,0.0391667,170.833,0.15,2
631,18,2,1,14.6849,2061.48
630,18,2,1,14.6792,2032.96
637,18,2,1,14.6686,1980.88
1996,18,2,1,14.6561,1917.59
1997,18,2,1,14.6523,1897.69
2027,18,2,1,14.625,1767.47
2026,18,2,1,14.6192,1738.99
978,18,2,1,14.6119,1703.84
64,18,2,2,14.977,3725.65,0,0,0
195,18,2,2,14.9554,3609.39
196,18,2,2,14.9527,3589.81
205,18,2,2,14.9385,3503.73
215,18,2,2,14.914,3348.75
225,18,2,2,14.8892,3144.92
715,18,2,2,14.8542,2954.38
714,18,2,2,14.8505,2930.54
726,18,2,2,14.8503,2928.68
529,18,2,2,14.8362,2829.07
605,18,2,2,14.8209,2731.81
603,18,2,2,14.8151,2700.83
604,18,2,2,14.8103,2675.42
596,18,2,2,14.8101,2674.45
580,18,2,2,14.7959,2598.24
583,18,2,2,14.7896,2568.43
587,18,2,2,14.7874,2554
578,18,2,2,14.7844,2537.18
575,18,2,2,14.7788,2506.08
571,18,2,2,14.7759,2489.96
570,18,2,2,14.7711,2466.68
1994,18,2,2,14.7584,2402.33
562,18,2,2,14.745,2337.27
639,18,2,2,14.7415,2319.83
638,18,2,2,14.7348,2285.8
636,18,2,2,14.7308,2265.1
220,19,0,0,11.0872,472.978,0.0955,416.542,0.04,1
2130,19,0,0,11.0724,392.48
215,19,0,0,11.0675,358.782
205,19,0,0,11.0436,204.484
196,19,0,0,11.0305,119.897
195,19,0,0,11.0279,100.335
64,19,0,0,11.01,0
710,19,0,1,11.2404,1198.14,0.0443333,193.369,0.36,2
223,19,0,1,11.2229,1104.91
224,19,0,1,11.2088,1031.05
222,19,0,1,11.193,945.57
220,19,0,1,11.1827,889.52
455,19,0,2,11.3438,1774.06,0.0408333,178.103,0.03,3
454,19,0,2,11.341,1758.44
457,19,0,2,11.3343,1704.48
456,19,0,2,11.3291,1675.03
458,19,0,2,11.3196,1613.89
459,19,0,2,11.3137,1568.78
1543,19,0,2,11.3044,1506.55
710,19,0,2,11.2847,1391.51
603,19,0,3,11.475,2516.24,0.109,475.425,0.32,4
604,19,0,3,11.4708,2493.1
596,19,0,3,11.4706,2492.13
595,19,0,3,11.4652,2461.72
605,19,0,3,11.464,2453.73
529,19,0,3,11.4468,2353.71
726,19,0,3,11.4309,2252.51
714,19,0,3,11.4307,2250.62
1543,19,0,3,11.4259,2220.1
459,19,0,3,11.4156,2156.7
458,19,0,3,11.4091,2111.44
456,19,0,3,11.4,2050.65
457,19,0,3,11.3946,2020.43
454,19,0,3,11.387,1966.47
455,19,0,3,11.3846,1952.16
1108,19,0,4,11.7762,3990.79,0.0935,407.819,0.09,5
1109,19,0,4,11.7718,3968.11
1113,19,0,4,11.765,3933.96
1847,19,0,4,11.7515,3866.44
1086,19,0,4,11.7479,3846.41
1087,19,0,4,11.7334,3773.22
1090,19,0,4,11.7247,3728.06
1076,19,0,4,11.6985,3601.08
1074,19,0,4,11.6944,3579.96
1077,19,0,4,11.6848,3529.14
1080,19,0,4,11.6713,3461.94
1079,19,0,4,11.6647,3427.48
1061,19,0,4,11.6605,3406.2
1063,19,0,4,11.6569,3388.03
1062,19,0,4,11.6559,3380.95
2159,19,0,4,11.6556,3379.84
1045,19,0,4,11.6549,3376.69
1012,19,0,4,11.6477,3335.7
1014,19,0,4,11.6472,3332.84
989,19,0,4,11.6361,3274.53
990,19,0,4,11.6261,3224.27
991,19,0,4,11.6235,3211.92
706,19,0,4,11.6165,3172.46
704,19,0,4,11.6138,3159.68
2179,19,0,4,11.6136,3158.82
662,19,0,4,11.6074,3129.17
602,19,0,4,11.5961,3060.9
604,19,0,4,11.5935,3044.1
596,19,0,4,11.5934,3043.13
595,19,0,4,11.5879,3012.72
603,19,0,4,11.584,2991.67
1304,19,0,5,11.9992,5081.23,0.0428333,186.826,0.12,6
952,19,0,5,11.9748,4948.24
953,19,0,5,11.9641,4893.46
2023,19,0,5,11.9632,4889.36
2108,19,0,5,11.9468,4804.15
1794,19,0,5,11.9397,4768.39
2106,19,0,5,11.9245,4689.02
2039,19,0,5,11.9068,4595.49
1106,19,0,5,11.8972,4543.54
2035,19,0,5,11.883,4469.49
1108,19,0,5,11.8697,4398.6
895,19,0,6,12.1981,6068.38,0.0435,189.734,0.02,7
907,19,0,6,12.1824,5991.05
908,19,0,6,12.1733,5945.57
2014,19,0,6,12.1727,5942.89
2017,19,0,6,12.1716,5937.2
2170,19,0,6,12.1688,5923.01
1738,19,0,6,12.1514,5836.08
1737,19,0,6,12.1447,5802.3
936,19,0,6,12.1295,5723.39
933,19,0,6,12.1289,5720.45
934,19,0,6,12.1234,5682.8
935,19,0,6,12.1229,5680.19
2020,19,0,6,12.1118,5623.21
1787,19,0,6,12.0922,5526.06
1788,19,0,6,12.0914,5522.36
1789,19,0,6,12.08,5465.37
952,19,0,6,12.0711,5420.92
1304,19,0,6,12.042,5268.05
64,19,0,7,12.6024,8376.44,0,0,0
195,19,0,7,12.5733,8228.06
196,19,0,7,12.5705,8208.47
205,19,0,7,12.556,8122.02
215,19,0,7,12.5305,7965.64
225,19,0,7,12.5045,7762.43
715,19,0,7,12.473,7586.76
714,19,0,7,12.469,7562.6
726,19,0,7,12.4688,7560.75
529,19,0,7,12.4547,7461.1
605,19,0,7,12.4398,7364.43
603,19,0,7,12.4335,7331.35
604,19,0,7,12.4296,7309.49
596,19,0,7,12.4294,7308.52
580,19,0,7,12.4178,7244
574,19,0,7,12.3964,7132.88
573,19,0,7,12.3868,7079.08
564,19,0,7,12.3793,7038.82
557,19,0,7,12.3745,7007.75
561,19,0,7,12.368,6961.31
628,19,0,7,12.3638,6936.17
609,19,0,7,12.3521,6860.87
423,19,0,7,12.3462,6804.55
419,19,0,7,12.3394,6766.98
420,19,0,7,12.3334,6730.95
421,19,0,7,12.3288,6703.46
417,19,0,7,12.3238,6676.74
1989,19,0,7,12.3054,6582.53
2011,19,0,7,12.2861,6482.82
891,19,0,7,12.2641,6368.36
893,19,0,7,12.2581,6337.49
894,19,0,7,12.2528,6312.75
895,19,0,7,12.2416,6258.12
1302,19,1,0,13.8742,2766.91,0.035,152.659,0.22,1
949,19,1,0,13.8512,2642.85
2025,19,1,0,13.8477,2625.39
1598,19,1,0,13.8444,2606.63
948,19,1,0,13.8395,2579.61
928,19,1,0,13.8291,2522.31
929,19,1,0,13.8089,2416.19
2019,19,1,0,13.8085,2414.21
2157,19,1,0,13.7824,2290.85
905,19,1,0,13.7455,2102.44
889,19,1,0,13.7362,2054.31
890,19,1,0,13.7296,2018.4
2013,19,1,0,13.7101,1915.19
1988,19,1,0,13.6925,1821.32
417,19,1,0,13.672,1716.71
418,19,1,0,13.668,1695.77
419,19,1,0,13.6525,1609.96
423,19,1,0,13.6463,1573.67
609,19,1,0,13.6404,1517.35
628,19,1,0,13.6306,1443.34
561,19,1,0,13.6267,1418.58
557,19,1,0,13.6193,1371.34
554,19,1,0,13.6171,1360.2
565,19,1,0,13.607,1306.55
573,19,1,0,13.6017,1279.96
574,19,1,0,13.5944,1230.49
580,19,1,0,13.5716,1113.57
596,19,1,0,13.5655,1053.72
595,19,1,0,13.5605,1025.37
605,19,1,0,13.5593,1017.31
529,19,1,0,13.5427,918.413
726,19,1,0,13.5266,816.876
714,19,1,0,13.5264,814.998
715,19,1,0,13.5229,791.373
225,19,1,0,13.5051,630.742
215,19,1,0,13.4779,427.668
205,19,1,0,13.4469,255.297
196,19,1,0,13.4318,168.03
195,19,1,0,13.4292,148.465
64,19,1,0,13.4,0
978,19,1,1,14.1931,4355.78,0.0373333,162.837,0.05,2
1010,19,1,1,14.1782,4278.67
1011,19,1,1,14.1641,4206.68
1009,19,1,1,14.1574,4172.76
1038,19,1,1,14.1494,4132.87
1039,19,1,1,14.1488,4130.2
1037,19,1,1,14.136,4069.25
1034,19,1,1,14.1262,4019.03
2032,19,1,1,14.1108,3941.44
1050,19,1,1,14.0818,3796.99
1804,19,1,1,14.0687,3730.98
2015,19,1,1,14.0575,3674.76
2014,19,1,1,14.0493,3633.76
2017,19,1,1,14.0482,3628.07
2170,19,1,1,14.0453,3613.42
917,19,1,1,14.0391,3582.43
2016,19,1,1,14.0383,3578.62
915,19,1,1,14.0173,3473.67
1555,19,1,1,14.0099,3436.9
2157,19,1,1,13.999,3383.15
2019,19,1,1,13.9721,3256.89
929,19,1,1,13.9717,3254.9
938,19,1,1,13.9598,3189.05
950,19,1,1,13.9463,3118.49
951,19,1,1,13.9393,3082.77
949,19,1,1,13.9283,3026.3
1302,19,1,1,13.9092,2919.57
636,19,1,2,14.3101,4909.04,0.0391667,170.833,0.15,3
631,19,1,2,14.3034,4876.25
630,19,1,2,14.2976,4847.73
637,19,1,2,14.2871,4795.65
1996,19,1,2,14.2746,4732.36
1997,19,1,2,14.2707,4712.46
2027,19,1,2,14.2435,4582.24
2026,19,1,2,14.2377,4553.76
978,19,1,2,14.2304,4518.61
64,19,1,3,14.5955,6540.42,0,0,0
195,19,1,3,14.5739,6424.16
196,19,1,3,14.5712,6404.58
205,19,1,3,14.5569,6318.5
215,19,1,3,14.5325,6163.52
225,19,1,3,14.5076,5959.69
715,19,1,3,14.4727,5769.15
714,19,1,3,14.469,5745.31
726,19,1,3,14.4688,5743.45
529,19,1,3,14.4547,5643.84
605,19,1,3,14.4394,5546.58
603,19,1,3,14.4336,5515.6
604,19,1,3,14.4288,5490.19
596,19,1,3,14.4286,5489.22
580,19,1,3,14.4143,5413.01
583,19,1,3,14.4081,5383.2
587,19,1,3,14.4059,5368.77
578,19,1,3,14.4028,5351.95
575,19,1,3,14.3973,5320.85
571,19,1,3,14.3944,5304.73
570,19,1,3,14.3896,5281.45
1994,19,1,3,14.3768,5217.1
562,19,1,3,14.3635,5152.04
639,19,1,3,14.36,5134.6
638,19,1,3,14.3533,5100.57
636,19,1,3,14.3493,5079.87
603,20,0,0,11.1684,1012.31,0.109,475.425,0.32,1
604,20,0,0,11.1641,989.164
596,20,0,0,11.164,988.193
595,20,0,0,11.1585,957.784
605,20,0,0,11.1574,949.793
529,20,0,0,11.1402,849.768
726,20,0,0,11.1243,748.573
714,20,0,0,11.1241,746.688
715,20,0,0,11.1207,723.201
225,20,0,0,11.1032,562.11
215,20,0,0,11.0775,358.782
205,20,0,0,11.0536,204.484
196,20,0,0,11.0405,119.897
195,20,0,0,11.0379,100.335
64,20,0,0,11.02,0
1108,20,0,1,11.4695,2486.85,0.0935,407.819,0.09,2
1109,20,0,1,11.4652,2464.18
1113,20,0,1,11.4583,2430.03
1847,20,0,1,11.4449,2362.5
1086,20,0,1,11.4413,2342.47
1087,20,0,1,11.4267,2269.28
1090,20,0,1,11.418,2224.12
1076,20,0,1,11.3919,2097.14
1074,20,0,1,11.3878,2076.03
1077,20,0,1,11.3782,2025.21
1080,20,0,1,11.3647,1958
1079,20,0,1,11.3581,1923.55
1061,20,0,1,11.3538,1902.26
1063,20,0,1,11.3503,1884.1
1062,20,0,1,11.3492,1877.02
2159,20,0,1,11.349,1875.9
1045,20,0,1,11.3483,1872.75
1012,20,0,1,11.3411,1831.77
1014,20,0,1,11.3405,1828.9
989,20,0,1,11.3295,1770.6
990,20,0,1,11.3194,1720.33
991,20,0,1,11.3168,1707.98
706,20,0,1,11.3098,1668.52
704,20,0,1,11.3072,1655.75
2179,20,0,1,11.307,1654.88
662,20,0,1,11.3008,1625.24
602,20,0,1,11.2894,1556.96
604,20,0,1,11.2869,1540.16
596,20,0,1,11.2867,1539.19
595,20,0,1,11.2813,1508.78
603,20,0,1,11.2774,1487.73
1304,20,0,2,11.6926,3577.29,0.0428333,186.826,0.12,3
952,20,0,2,11.6682,3444.3
953,20,0,2,11.6574,3389.53
2023,20,0,2,11.6566,3385.43
2108,20,0,2,11.6401,3300.22
1794,20,0,2,11.6331,3264.46
2106,20,0,2,11.6178,3185.09
2039,20,0,2,11.6002,3091.56
1106,20,0,2,11.5906,3039.61
2035,20,0,2,11.5763,2965.56
1108,20,0,2,11.563,2894.67
895,20,0,3,11.8942,4576.55,0.103333,450.709,0.01,4
907,20,0,3,11.8786,4499.65
908,20,0,3,11.8693,4453.6
2014,20,0,3,11.8687,4450.92
2017,20,0,3,11.8676,4445.23
2170,20,0,3,11.8646,4430.37
1738,20,0,3,11.8501,4355.29
1737,20,0,3,11.8447,4327.23
936,20,0,3,11.8296,4248.61
933,20,0,3,11.829,4245.67
934,20,0,3,11.8235,4208.03
943,20,0,3,11.8069,4127.49
2020,20,0,3,11.8061,4123.55
1787,20,0,3,11.7887,4035.69
1788,20,0,3,11.788,4031.98
1789,20,0,3,11.7779,3980.67
952,20,0,3,11.7699,3940.16
1304,20,0,3,11.7354,3764.11
64,20,0,4,12.3342,7034.23,0,0,0
195,20,0,4,12.3121,6916
196,20,0,4,12.3092,6896.27
205,20,0,4,12.2953,6810.71
215,20,0,4,12.2697,6654.27
225,20,0,4,12.2444,6450.75
715,20,0,4,12.2163,6285.72
714,20,0,4,12.2124,6261.72
726,20,0,4,12.2122,6259.84
529,20,0,4,12.1985,6160.34
605,20,0,4,12.1837,6063.73
603,20,0,4,12.1786,6035.75
604,20,0,4,12.1743,6012.61
596,20,0,4,12.1742,6011.64
580,20,0,4,12.1658,5953.37
574,20,0,4,12.1485,5860.12
573,20,0,4,12.1384,5804.22
564,20,0,4,12.1308,5763.07
557,20,0,4,12.1247,5729.08
561,20,0,4,12.118,5682.56
628,20,0,4,12.1135,5656.91
609,20,0,4,12.1007,5580.26
423,20,0,4,12.0948,5523.94
419,20,0,4,12.0902,5489.49
420,20,0,4,12.0842,5453.55
431,20,0,4,12.0644,5356.51
434,20,0,4,12.0579,5325.9
873,20,0,4,12.0536,5302.89
874,20,0,4,12.0405,5239.64
870,20,0,4,12.0346,5209.76
894,20,0,4,12.0076,5077.24
895,20,0,4,11.9975,5027.26
1302,20,1,0,13.8442,2766.91,0.035,152.659,0.22,1
949,20,1,0,13.8212,2642.85
2025,20,1,0,13.8177,2625.39
1598,20,1,0,13.8144,2606.63
948,20,1,0,13.8095,2579.61
928,20,1,0,13.7991,2522.31
929,20,1,0,13.7789,2416.19
2019,20,1,0,13.7785,2414.21
2157,20,1,0,13.7524,2290.85
905,20,1,0,13.7155,2102.44
889,20,1,0,13.7062,2054.31
890,20,1,0,13.6996,2018.4
2013,20,1,0,13.6801,1915.19
1988,20,1,0,13.6625,1821.32
417,20,1,0,13.642,1716.71
418,20,1,0,13.638,1695.77
419,20,1,0,13.6225,1609.96
423,20,1,0,13.6163,1573.67
609,20,1,0,13.6104,1517.35
628,20,1,0,13.6006,1443.34
561,20,1,0,13.5967,1418.58
557,20,1,0,13.5893,1371.34
554,20,1,0,13.5871,1360.2
565,20,1,0,13.577,1306.55
573,20,1,0,13.5717,1279.96
574,20,1,0,13.5644,1230.49
580,20,1,0,13.5416,1113.57
596,20,1,0,13.5355,1053.72
595,20,1,0,13.5305,1025.37
605,20,1,0,13.5293,1017.31
529,20,1,0,13.5127,918.413
726,20,1,0,13.4966,816.876
714,20,1,0,13.4964,814.998
715,20,1,0,13.4929,791.373
225,20,1,0,13.4751,630.742
215,20,1,0,13.4479,427.668
205,20,1,0,13.4169,255.297
196,20,1,0,13.4018,168.03
195,20,1,0,13.3992,148.465
64,20,1,0,13.37,0
978,20,1,1,14.1631,4355.78,0.0373333,162.837,0.05,2
1010,20,1,1,14.1482,4278.67
1011,20,1,1,14.1341,4206.68
1009,20,1,1,14.1274,4172.76
1038,20,1,1,14.1194,4132.87
1039,20,1,1,14.1188,4130.2
1037,20,1,1,14.106,4069.25
1034,20,1,1,14.0962,4019.03
2032,20,1,1,14.0808,3941.44
1050,20,1,1,14.0518,3796.99
1804,20,1,1,14.0387,3730.98
2015,20,1,1,14.0275,3674.76
2014,20,1,1,14.0193,3633.76
2017,20,1,1,14.0182,3628.07
2170,20,1,1,14.0153,3613.42
917,20,1,1,14.0091,3582.43
2016,20,1,1,14.0083,3578.62
915,20,1,1,13.9873,3473.67
1555,20,1,1,13.9799,3436.9
2157,20,1,1,13.969,3383.15
2019,20,1,1,13.9421,3256.89
929,20,1,1,13.9417,3254.9
938,20,1,1,13.9298,3189.05
950,20,1,1,13.9163,3118.49
951,20,1,1,13.9093,3082.77
949,20,1,1,13.8983,3026.3
1302,20,1,1,13.8792,2919.57
636,20,1,2,14.2801,4909.04,0.0391667,170.833,0.15,3
631,20,1,2,14.2734,4876.25
630,20,1,2,14.2676,4847.73
637,20,1,2,14.2571,4795.65
1996,20,1,2,14.2446,4732.36
1997,20,1,2,14.2407,4712.46
2027,20,1,2,14.2135,4582.24
2026,20,1,2,14.2077,4553.76
978,20,1,2,14.2004,4518.61
64,20,1,3,14.5655,6540.42,0,0,0
195,20,1,3,14.5439,6424.16
196,20,1,3,14.5412,6404.58
205,20,1,3,14.5269,6318.5
215,20,1,3,14.5025,6163.52
225,20,1,3,14.4776,5959.69
715,20,1,3,14.4427,5769.15
714,20,1,3,14.439,5745.31
726,20,1,3,14.4388,5743.45
529,20,1,3,14.4247,5643.84
605,20,1,3,14.4094,5546.58
603,20,1,3,14.4036,5515.6
604,20,1,3,14.3988,5490.19
596,20,1,3,14.3986,5489.22
580,20,1,3,14.3843,5413.01
583,20,1,3,14.3781,5383.2
587,20,1,3,14.3759,5368.77
578,20,1,3,14.3728,5351.95
575,20,1,3,14.3673,5320.85
571,20,1,3,14.3644,5304.73
570,20,1,3,14.3596,5281.45
1994,20,1,3,14.3468,5217.1
562,20,1,3,14.3335,5152.04
639,20,1,3,14.33,5134.6
638,20,1,3,14.3233,5100.57
636,20,1,3,14.3193,5079.87
220,20,2,0,11.2472,472.978,0.0955,416.542,0.04,1
2130,20,2,0,11.2324,392.48
215,20,2,0,11.2275,358.782
205,20,2,0,11.2036,204.484
196,20,2,0,11.1905,119.897
195,20,2,0,11.1879,100.335
64,20,2,0,11.17,0
455,20,2,1,11.4321,1421.69,0.0408333,178.103,0.03,2
454,20,2,1,11.4293,1406.07
457,20,2,1,11.4225,1352.11
456,20,2,1,11.4174,1322.67
458,20,2,1,11.4079,1261.52
459,20,2,1,11.402,1216.42
450,20,2,1,11.3868,1132.53
229,20,2,1,11.3773,1079.68
222,20,2,1,11.353,945.57
220,20,2,1,11.3427,889.52
710,20,2,2,11.5356,1988,0.0443333,193.369,0.36,3
1543,20,2,2,11.5142,1867.73
459,20,2,2,11.5039,1804.33
458,20,2,2,11.4974,1759.07
456,20,2,2,11.4883,1698.29
457,20,2,2,11.4829,1668.07
454,20,2,2,11.4753,1614.11
455,20,2,2,11.4729,1599.79
64,20,2,3,11.6805,2864.25,0,0,0
195,20,2,3,11.6593,2749.57
196,20,2,3,11.6565,2729.96
205,20,2,3,11.644,2646.06
215,20,2,3,11.6241,2493.96
225,20,2,3,11.5989,2290.4
1680,20,2,3,11.5959,2271.38
710,20,2,3,11.58,2181.37
