Node, Individual, Route,Segment, Travel time, Travel cost, Attention time, Attention cost, Failure rate, Demand
398,0,0,0,9.49952,333.558,0.0908333,396.188,0.21,1
410,0,0,0,9.49926,332.349
1986,0,0,0,9.45979,150.606
427,0,0,0,9.43579,29.0576
1987,0,0,0,9.43,0
330,0,0,1,9.7163,1415.19,0.0556667,242.801,0.26,2
336,0,0,1,9.69467,1303.38
388,0,0,1,9.66654,1152
397,0,0,1,9.63686,988.829
399,0,0,1,9.62185,905.688
411,0,0,1,9.60686,823.956
412,0,0,1,9.60394,804.733
398,0,0,1,9.59035,729.745
295,0,0,2,9.90827,2401.36,0.037,161.383,0.36,3
338,0,0,2,9.89271,2317.16
339,0,0,2,9.88727,2280.16
342,0,0,2,9.86116,2149.94
343,0,0,2,9.84511,2071.87
344,0,0,2,9.82733,1976.53
1819,0,0,2,9.81218,1881.29
335,0,0,2,9.80727,1852.45
2114,0,0,2,9.79361,1778.79
329,0,0,2,9.791,1763.62
2115,0,0,2,9.78673,1741.26
330,0,0,2,9.77196,1657.99
819,0,0,3,10.0337,3059.98,0.0483333,210.815,0.55,4
818,0,0,3,10.021,2989.25
804,0,0,3,10.003,2888.48
803,0,0,3,9.99566,2845.47
354,0,0,3,9.99559,2845.1
353,0,0,3,9.99322,2834
314,0,0,3,9.98452,2785.2
312,0,0,3,9.98039,2762.27
313,0,0,3,9.97471,2727.13
306,0,0,3,9.96161,2656.06
297,0,0,3,9.95554,2621.85
295,0,0,3,9.94527,2562.74
824,0,0,4,10.1866,3813.26,0.043,187.553,0.1,5
823,0,0,4,10.1718,3737.42
822,0,0,4,10.1671,3711.55
2153,0,0,4,10.146,3599.34
821,0,0,4,10.1345,3540.13
2008,0,0,4,10.126,3497.34
2152,0,0,4,10.1192,3460.57
820,0,0,4,10.0977,3353.87
819,0,0,4,10.082,3270.8
1987,0,0,5,10.3381,4560.91,0,0,0
428,0,0,5,10.3331,4535.54
885,0,0,5,10.2949,4339.24
2012,0,0,5,10.2892,4311.64
2155,0,0,5,10.2678,4201.71
882,0,0,5,10.2644,4184.52
880,0,0,5,10.2481,4099.77
824,0,0,5,10.2296,4000.82
398,1,0,0,9.77952,333.558,0.0908333,396.188,0.21,1
410,1,0,0,9.77926,332.349
1986,1,0,0,9.73979,150.606
427,1,0,0,9.71579,29.0576
1987,1,0,0,9.71,0
330,1,0,1,9.9963,1415.19,0.0556667,242.801,0.26,2
336,1,0,1,9.97467,1303.38
388,1,0,1,9.94654,1152
397,1,0,1,9.91685,988.829
399,1,0,1,9.90185,905.688
411,1,0,1,9.88686,823.956
412,1,0,1,9.88394,804.733
398,1,0,1,9.87035,729.745
295,1,0,2,10.1834,2386.72,0.0906667,395.461,0.35,3
338,1,0,2,10.1698,2311.01
339,1,0,2,10.1643,2274.01
342,1,0,2,10.1477,2183.82
343,1,0,2,10.1342,2116.01
344,1,0,2,10.1101,1993.98
1819,1,0,2,10.0964,1900.26
335,1,0,2,10.092,1872.09
2114,1,0,2,10.077,1792.99
329,1,0,2,10.0744,1777.8
2115,1,0,2,10.067,1742.27
330,1,0,2,10.052,1657.99
819,1,0,3,10.3657,3293.97,0.0483333,210.815,0.55,4
818,1,0,3,10.3534,3224.92
804,1,0,3,10.3349,3121.93
803,1,0,3,10.327,3077.58
354,1,0,3,10.3269,3077.21
353,1,0,3,10.3245,3066.11
314,1,0,3,10.315,3013.82
307,1,0,3,10.3042,2949.87
306,1,0,3,10.2913,2878.92
297,1,0,3,10.2845,2841.63
295,1,0,3,10.2741,2782.18
824,1,0,4,10.5186,4047.25,0.043,187.553,0.1,5
823,1,0,4,10.5039,3971.41
822,1,0,4,10.4991,3945.54
2153,1,0,4,10.4781,3833.33
821,1,0,4,10.4665,3774.12
2008,1,0,4,10.458,3731.33
2152,1,0,4,10.4512,3694.56
820,1,0,4,10.4297,3587.86
819,1,0,4,10.4141,3504.79
1987,1,0,5,10.6701,4794.9,0,0,0
428,1,0,5,10.6651,4769.53
885,1,0,5,10.6269,4573.23
2012,1,0,5,10.6212,4545.63
2155,1,0,5,10.5998,4435.7
882,1,0,5,10.5964,4418.51
880,1,0,5,10.5801,4333.76
824,1,0,5,10.5616,4234.81
398,2,0,0,11.6635,268.603,0.102667,447.801,0.21,1
410,2,0,0,11.6633,267.395
1986,2,0,0,11.6395,149.487
427,2,0,0,11.6158,29.0576
1987,2,0,0,11.61,0
330,2,0,1,11.8941,1412.15,0.0513333,223.901,0.34,2
336,2,0,1,11.8733,1303.95
388,2,0,1,11.8481,1165.05
397,2,0,1,11.8132,979.274
399,2,0,1,11.7966,889.282
411,2,0,1,11.7821,809.744
412,2,0,1,11.7796,790.732
398,2,0,1,11.7662,716.404
295,2,0,2,12.0733,2349.72,0.113833,496.507,0.26,3
338,2,0,2,12.0596,2273.88
339,2,0,2,12.0542,2236.88
342,2,0,2,12.0387,2151.64
343,2,0,2,12.0282,2096.8
344,2,0,2,12.0012,1962.41
1819,2,0,2,11.9878,1868.88
335,2,0,2,11.9828,1839.93
2114,2,0,2,11.9675,1759.14
329,2,0,2,11.965,1744.08
2115,2,0,2,11.96,1718.57
330,2,0,2,11.9455,1636.05
819,2,0,3,12.2825,3376.68,0.0838333,365.656,0.48,4
818,2,0,3,12.2703,3308.37
817,2,0,3,12.2609,3256.23
780,2,0,3,12.2455,3167.56
778,2,0,3,12.2269,3063.4
2148,2,0,3,12.2263,3060.54
312,2,0,3,12.2262,3060.15
313,2,0,3,12.2192,3021.39
306,2,0,3,12.205,2945.62
297,2,0,3,12.1983,2908.61
295,2,0,3,12.1871,2846.22
824,2,0,4,12.4679,4272.71,0.0978333,426.719,0.15,5
823,2,0,4,12.4528,4195.41
822,2,0,4,12.4473,4166.12
2153,2,0,4,12.4248,4048.12
821,2,0,4,12.4145,3994.07
2008,2,0,4,12.406,3951.28
2152,2,0,4,12.3992,3914.33
820,2,0,4,12.3832,3830.86
819,2,0,4,12.3663,3742.34
1987,2,0,5,12.6725,5255.34,0,0,0
427,2,0,5,12.6671,5227.74
1986,2,0,5,12.6425,5103.53
883,2,0,5,12.6107,4939.47
882,2,0,5,12.5975,4869.97
880,2,0,5,12.5818,4788.01
824,2,0,5,12.5658,4699.43
330,3,0,0,11.9073,792.98,0.0513333,223.901,0.34,1
336,3,0,0,11.8865,684.779
388,3,0,0,11.8613,545.88
397,3,0,0,11.8264,360.101
399,3,0,0,11.8098,270.11
411,3,0,0,11.7953,190.571
412,3,0,0,11.7928,171.559
414,3,0,0,11.7809,109.52
427,3,0,0,11.7658,29.0576
1987,3,0,0,11.76,0
295,3,0,1,12.0864,1730.54,0.113833,496.507,0.26,2
338,3,0,1,12.0728,1654.7
339,3,0,1,12.0674,1617.71
342,3,0,1,12.0519,1532.47
343,3,0,1,12.0414,1477.63
344,3,0,1,12.0144,1343.23
1819,3,0,1,12.001,1249.71
335,3,0,1,11.996,1220.76
2114,3,0,1,11.9807,1139.97
329,3,0,1,11.9782,1124.91
2115,3,0,1,11.9731,1099.4
330,3,0,1,11.9586,1016.88
819,3,0,2,12.2956,2757.51,0.0838333,365.656,0.48,3
818,3,0,2,12.2835,2689.2
817,3,0,2,12.2741,2637.06
780,3,0,2,12.2587,2548.39
778,3,0,2,12.24,2444.23
2148,3,0,2,12.2394,2441.36
312,3,0,2,12.2394,2440.98
313,3,0,2,12.2324,2402.22
306,3,0,2,12.2182,2326.44
297,3,0,2,12.2115,2289.44
295,3,0,2,12.2003,2227.05
824,3,0,3,12.4811,3653.54,0.0978333,426.719,0.15,4
823,3,0,3,12.466,3576.24
822,3,0,3,12.4604,3546.95
2153,3,0,3,12.438,3428.94
821,3,0,3,12.4277,3374.9
2008,3,0,3,12.4192,3332.11
2152,3,0,3,12.4124,3295.16
820,3,0,3,12.3964,3211.69
819,3,0,3,12.3795,3123.17
398,3,0,4,12.6708,4569.48,0.1055,460.159,0.2,5
410,3,0,4,12.6705,4568.27
409,3,0,4,12.6544,4484.54
1985,3,0,4,12.6399,4407.2
881,3,0,4,12.6101,4250.86
880,3,0,4,12.595,4168.83
824,3,0,4,12.5789,4080.26
1987,3,0,5,12.8235,5268.71,0,0,0
413,3,0,5,12.8041,5171.01
414,3,0,5,12.7988,5143.37
410,3,0,5,12.7765,5030.85
398,3,0,5,12.7763,5029.64
330,4,0,0,11.9873,792.98,0.0513333,223.901,0.34,1
336,4,0,0,11.9665,684.779
388,4,0,0,11.9413,545.88
397,4,0,0,11.9064,360.101
399,4,0,0,11.8898,270.11
411,4,0,0,11.8753,190.571
412,4,0,0,11.8728,171.559
414,4,0,0,11.8609,109.52
427,4,0,0,11.8458,29.0576
1987,4,0,0,11.84,0
819,4,0,1,12.1589,1712.56,0.0838333,365.656,0.48,2
811,4,0,1,12.1398,1599.72
805,4,0,1,12.1365,1580.89
358,4,0,1,12.1241,1513.62
349,4,0,1,12.1069,1424.39
344,4,0,1,12.0943,1343.39
1819,4,0,1,12.0805,1249.54
335,4,0,1,12.0764,1221.7
2114,4,0,1,12.0604,1138.04
329,4,0,1,12.0577,1122.86
2115,4,0,1,12.0538,1101.8
330,4,0,1,12.0386,1016.88
295,4,0,2,12.34,2617.98,0.113833,496.507,0.26,3
297,4,0,2,12.3302,2559.53
306,4,0,2,12.3232,2521.6
313,4,0,2,12.3108,2453.24
312,4,0,2,12.3044,2417.02
2148,4,0,2,12.3043,2416.64
778,4,0,2,12.3037,2413.77
780,4,0,2,12.2829,2300.08
817,4,0,2,12.2661,2206.37
818,4,0,2,12.2572,2156.61
819,4,0,2,12.2427,2078.22
824,4,0,3,12.6508,4175.32,0.0978333,426.719,0.15,4
823,4,0,3,12.6357,4098.01
822,4,0,3,12.6302,4068.73
2153,4,0,3,12.6078,3950.72
821,4,0,3,12.5975,3896.67
2008,4,0,3,12.589,3853.88
2152,4,0,3,12.5821,3816.93
820,4,0,3,12.5662,3733.47
819,4,0,3,12.5492,3644.94
818,4,0,3,12.5371,3576.63
817,4,0,3,12.5277,3524.49
780,4,0,3,12.5122,3435.82
778,4,0,3,12.4936,3331.66
2148,4,0,3,12.493,3328.79
312,4,0,3,12.4929,3328.41
313,4,0,3,12.486,3289.65
306,4,0,3,12.4718,3213.87
297,4,0,3,12.465,3176.87
295,4,0,3,12.4539,3114.48
398,4,0,4,12.8405,5091.26,0.1055,460.159,0.2,5
410,4,0,4,12.8403,5090.05
409,4,0,4,12.8241,5006.32
1985,4,0,4,12.8096,4928.97
881,4,0,4,12.7799,4772.63
880,4,0,4,12.7648,4690.61
824,4,0,4,12.7487,4602.04
1987,4,0,5,12.9932,5790.48,0,0,0
413,4,0,5,12.9739,5692.79
414,4,0,5,12.9686,5665.14
410,4,0,5,12.9463,5552.63
398,4,0,5,12.946,5551.42
824,5,0,0,11.6091,513.573,0.0925,403.457,0.11,1
880,5,0,0,11.5928,423.957
882,5,0,0,11.5731,324.778
2155,5,0,0,11.5697,307.732
2012,5,0,0,11.5522,214.129
884,5,0,0,11.5477,191.09
1987,5,0,0,11.51,0
330,5,0,1,11.8748,1820.87,0.0513333,223.901,0.34,2
336,5,0,1,11.8541,1712.67
388,5,0,1,11.8288,1573.77
352,5,0,1,11.8096,1472.47
1983,5,0,1,11.7846,1347.05
1984,5,0,1,11.756,1203.43
814,5,0,1,11.7195,1015.99
824,5,0,1,11.7016,917.03
295,5,0,2,12.054,2758.43,0.113833,496.507,0.26,3
338,5,0,2,12.0403,2682.59
339,5,0,2,12.0349,2645.59
342,5,0,2,12.0194,2560.36
343,5,0,2,12.0089,2505.52
344,5,0,2,11.9819,2371.12
1819,5,0,2,11.9685,2277.6
335,5,0,2,11.9635,2248.65
2114,5,0,2,11.9482,2167.85
329,5,0,2,11.9457,2152.8
2115,5,0,2,11.9407,2127.29
330,5,0,2,11.9262,2044.77
819,5,0,3,12.2632,3785.4,0.0838333,365.656,0.48,4
818,5,0,3,12.251,3717.09
817,5,0,3,12.2416,3664.95
780,5,0,3,12.2262,3576.28
778,5,0,3,12.2076,3472.12
2148,5,0,3,12.207,3469.25
312,5,0,3,12.2069,3468.87
313,5,0,3,12.1999,3430.11
306,5,0,3,12.1857,3354.33
297,5,0,3,12.179,3317.33
295,5,0,3,12.1678,3254.94
398,5,0,4,12.5405,5170.65,0.1055,460.159,0.2,5
410,5,0,4,12.5402,5169.44
409,5,0,4,12.5241,5085.71
1985,5,0,4,12.5096,5008.36
881,5,0,4,12.4798,4852.03
880,5,0,4,12.4647,4770
824,5,0,4,12.4486,4681.43
823,5,0,4,12.4335,4604.12
822,5,0,4,12.428,4574.84
2153,5,0,4,12.4056,4456.83
821,5,0,4,12.3952,4402.79
2008,5,0,4,12.3867,4360
2152,5,0,4,12.3799,4323.05
820,5,0,4,12.3639,4239.58
819,5,0,4,12.347,4151.05
1987,5,0,5,12.6931,5869.88,0,0,0
413,5,0,5,12.6738,5772.18
414,5,0,5,12.6685,5744.53
410,5,0,5,12.6462,5632.02
398,5,0,5,12.646,5630.81
330,6,0,0,11.9073,792.98,0.0513333,223.901,0.34,1
336,6,0,0,11.8865,684.779
388,6,0,0,11.8613,545.88
397,6,0,0,11.8264,360.101
399,6,0,0,11.8098,270.11
411,6,0,0,11.7953,190.571
412,6,0,0,11.7928,171.559
414,6,0,0,11.7809,109.52
427,6,0,0,11.7658,29.0576
1987,6,0,0,11.76,0
295,6,0,1,12.0864,1730.54,0.113833,496.507,0.26,2
338,6,0,1,12.0728,1654.7
339,6,0,1,12.0674,1617.71
342,6,0,1,12.0519,1532.47
343,6,0,1,12.0414,1477.63
344,6,0,1,12.0144,1343.23
1819,6,0,1,12.001,1249.71
335,6,0,1,11.996,1220.76
2114,6,0,1,11.9807,1139.97
329,6,0,1,11.9782,1124.91
2115,6,0,1,11.9731,1099.4
330,6,0,1,11.9586,1016.88
819,6,0,2,12.2956,2757.51,0.0838333,365.656,0.48,3
818,6,0,2,12.2835,2689.2
817,6,0,2,12.2741,2637.06
780,6,0,2,12.2587,2548.39
778,6,0,2,12.24,2444.23
2148,6,0,2,12.2394,2441.36
312,6,0,2,12.2394,2440.98
313,6,0,2,12.2324,2402.22
306,6,0,2,12.2182,2326.44
297,6,0,2,12.2115,2289.44
295,6,0,2,12.2003,2227.05
398,6,0,3,12.573,4142.76,0.1055,460.159,0.2,4
410,6,0,3,12.5727,4141.55
409,6,0,3,12.5566,4057.82
1985,6,0,3,12.5421,3980.48
881,6,0,3,12.5123,3824.14
880,6,0,3,12.4972,3742.11
824,6,0,3,12.4811,3653.54
823,6,0,3,12.466,3576.24
822,6,0,3,12.4604,3546.95
2153,6,0,3,12.438,3428.94
821,6,0,3,12.4277,3374.9
2008,6,0,3,12.4192,3332.11
2152,6,0,3,12.4124,3295.16
820,6,0,3,12.3964,3211.69
819,6,0,3,12.3795,3123.17
1987,6,0,4,12.7256,4841.99,0,0,0
413,6,0,4,12.7063,4744.29
414,6,0,4,12.701,4716.65
410,6,0,4,12.6787,4604.13
398,6,0,4,12.6785,4602.92
824,6,1,0,10.9971,524.077,0.043,187.553,0.1,1
880,6,1,0,10.9788,426.117
881,6,1,0,10.9634,343.023
1985,6,1,0,10.938,205.039
1986,6,1,0,10.9303,152.657
427,6,1,0,10.9058,29.0576
1987,6,1,0,10.9,0
1987,6,1,1,11.1397,1237.34,0,0,0
427,6,1,1,11.1341,1208.82
1986,6,1,1,11.1139,1103.65
883,6,1,1,11.086,955.769
882,6,1,1,11.0742,892.319
880,6,1,1,11.0573,804.973
824,6,1,1,11.0401,711.63
330,7,0,0,11.9873,792.98,0.0513333,223.901,0.34,1
336,7,0,0,11.9665,684.779
388,7,0,0,11.9413,545.88
397,7,0,0,11.9064,360.101
399,7,0,0,11.8898,270.11
411,7,0,0,11.8753,190.571
412,7,0,0,11.8728,171.559
414,7,0,0,11.8609,109.52
427,7,0,0,11.8458,29.0576
1987,7,0,0,11.84,0
819,7,0,1,12.1589,1712.56,0.0838333,365.656,0.48,2
811,7,0,1,12.1398,1599.72
805,7,0,1,12.1365,1580.89
358,7,0,1,12.1241,1513.62
349,7,0,1,12.1069,1424.39
344,7,0,1,12.0943,1343.39
1819,7,0,1,12.0805,1249.54
335,7,0,1,12.0764,1221.7
2114,7,0,1,12.0604,1138.04
329,7,0,1,12.0577,1122.86
2115,7,0,1,12.0538,1101.8
330,7,0,1,12.0386,1016.88
295,7,0,2,12.34,2617.98,0.113833,496.507,0.26,3
297,7,0,2,12.3302,2559.53
306,7,0,2,12.3232,2521.6
313,7,0,2,12.3108,2453.24
312,7,0,2,12.3044,2417.02
2148,7,0,2,12.3043,2416.64
778,7,0,2,12.3037,2413.77
780,7,0,2,12.2829,2300.08
817,7,0,2,12.2661,2206.37
818,7,0,2,12.2572,2156.61
819,7,0,2,12.2427,2078.22
398,7,0,3,12.6775,4306.65,0.1055,460.159,0.2,4
397,7,0,3,12.6647,4237.24
389,7,0,3,12.653,4174.6
388,7,0,3,12.6281,4044.45
2132,7,0,3,12.6013,3893.4
341,7,0,3,12.6005,3889.4
345,7,0,3,12.5949,3851.22
1981,7,0,3,12.5793,3766.96
350,7,0,3,12.5516,3626.53
344,7,0,3,12.5345,3539.07
343,7,0,3,12.5165,3442.85
1980,7,0,3,12.5083,3398.48
342,7,0,3,12.5016,3365
339,7,0,3,12.4824,3263.58
338,7,0,3,12.4717,3208.49
295,7,0,3,12.4539,3114.48
1987,7,0,4,12.8301,5005.87,0,0,0
413,7,0,4,12.8108,4908.18
414,7,0,4,12.8055,4880.53
410,7,0,4,12.7832,4768.02
398,7,0,4,12.783,4766.81
824,7,1,0,10.9671,524.077,0.043,187.553,0.1,1
880,7,1,0,10.9488,426.117
881,7,1,0,10.9334,343.023
1985,7,1,0,10.908,205.039
1986,7,1,0,10.9003,152.657
427,7,1,0,10.8758,29.0576
1987,7,1,0,10.87,0
1987,7,1,1,11.1097,1237.34,0,0,0
427,7,1,1,11.1041,1208.82
1986,7,1,1,11.0839,1103.65
883,7,1,1,11.056,955.769
882,7,1,1,11.0442,892.319
880,7,1,1,11.0273,804.973
824,7,1,1,11.0101,711.63
295,8,0,0,12.0888,1302.3,0.113833,496.507,0.26,1
338,8,0,0,12.0752,1226.46
339,8,0,0,12.0698,1189.46
342,8,0,0,12.0543,1104.22
343,8,0,0,12.0438,1049.39
344,8,0,0,12.0167,914.99
350,8,0,0,12.0007,832.236
1981,8,0,0,11.9732,692.173
351,8,0,0,11.9596,624.148
1982,8,0,0,11.954,586.192
1983,8,0,0,11.9282,456.299
1984,8,0,0,11.8995,312.681
1985,8,0,0,11.8772,201.869
1986,8,0,0,11.8695,149.487
427,8,0,0,11.8458,29.0576
1987,8,0,0,11.84,0
819,8,0,1,12.298,2329.27,0.0838333,365.656,0.48,2
818,8,0,1,12.2859,2260.96
817,8,0,1,12.2765,2208.82
780,8,0,1,12.2611,2120.15
778,8,0,1,12.2424,2015.99
2148,8,0,1,12.2418,2013.12
312,8,0,1,12.2417,2012.74
313,8,0,1,12.2348,1973.98
306,8,0,1,12.2206,1898.2
297,8,0,1,12.2138,1861.2
295,8,0,1,12.2027,1798.81
824,8,0,2,12.4835,3225.3,0.0978333,426.719,0.15,3
823,8,0,2,12.4684,3147.99
822,8,0,2,12.4628,3118.71
2153,8,0,2,12.4404,3000.7
821,8,0,2,12.4301,2946.66
2008,8,0,2,12.4216,2903.87
2152,8,0,2,12.4148,2866.92
820,8,0,2,12.3988,2783.45
819,8,0,2,12.3819,2694.92
1987,8,0,3,12.6881,4207.92,0,0,0
427,8,0,3,12.6827,4180.33
1986,8,0,3,12.658,4056.12
883,8,0,3,12.6262,3892.06
882,8,0,3,12.6131,3822.55
880,8,0,3,12.5974,3740.59
824,8,0,3,12.5813,3652.02
330,8,1,0,9.37343,816.882,0.0556667,242.801,0.26,1
336,8,1,0,9.3518,705.066
388,8,1,0,9.32368,553.686
397,8,1,0,9.29399,390.517
399,8,1,0,9.27898,307.377
411,8,1,0,9.26399,225.644
412,8,1,0,9.26107,206.421
414,8,1,0,9.2463,132.251
427,8,1,0,9.22579,29.0576
1987,8,1,0,9.22,0
398,8,1,1,9.54558,1704.78,0.0908333,396.188,0.21,2
397,8,1,1,9.53153,1629.84
389,8,1,1,9.51996,1567.55
388,8,1,1,9.49547,1439.34
2132,8,1,1,9.46963,1290.24
328,8,1,1,9.45393,1196.3
2115,8,1,1,9.44386,1142.95
330,8,1,1,9.4291,1059.68
1987,8,1,2,9.67533,2305.26,0,0,0
413,8,1,2,9.65895,2219.87
414,8,1,2,9.65315,2190.14
410,8,1,2,9.63667,2102.17
398,8,1,2,9.63641,2100.96
824,9,0,0,11.8991,513.573,0.0925,403.457,0.11,1
880,9,0,0,11.8828,423.957
882,9,0,0,11.8631,324.778
2155,9,0,0,11.8597,307.732
2012,9,0,0,11.8422,214.129
884,9,0,0,11.8377,191.09
1987,9,0,0,11.8,0
819,9,0,1,12.0907,1437.57,0.0838333,365.656,0.48,2
820,9,0,1,12.0685,1326.91
2152,9,0,1,12.0544,1251.6
2008,9,0,1,12.0409,1186.68
821,9,0,1,12.036,1159.17
2153,9,0,1,12.0262,1107.51
831,9,0,1,12.0262,1107.43
825,9,0,1,12.0258,1105.4
822,9,0,1,12.0088,1008.71
823,9,0,1,12.0038,981.901
824,9,0,1,11.9916,917.03
295,9,0,2,12.2718,2342.98,0.113833,496.507,0.26,3
297,9,0,2,12.262,2284.54
306,9,0,2,12.255,2246.61
313,9,0,2,12.2426,2178.24
312,9,0,2,12.2362,2142.03
2148,9,0,2,12.2361,2141.65
778,9,0,2,12.2355,2138.78
780,9,0,2,12.2147,2025.09
817,9,0,2,12.1979,1931.37
818,9,0,2,12.189,1881.62
819,9,0,2,12.1746,1803.23
1987,9,0,3,12.657,4228.3,0,0,0
427,9,0,3,12.6515,4200.46
1986,9,0,3,12.6275,4079.17
1985,9,0,3,12.6084,3984.13
1984,9,0,3,12.5892,3886.17
1983,9,0,3,12.5599,3740.12
1982,9,0,3,12.5361,3618.53
351,9,0,3,12.523,3552.94
1981,9,0,3,12.5111,3491.97
350,9,0,3,12.4834,3351.54
344,9,0,3,12.4663,3264.08
343,9,0,3,12.4483,3167.86
1980,9,0,3,12.4401,3123.48
342,9,0,3,12.4334,3090
339,9,0,3,12.4142,2988.58
338,9,0,3,12.4035,2933.5
295,9,0,3,12.3857,2839.49
330,9,1,0,9.17343,816.882,0.0556667,242.801,0.26,1
336,9,1,0,9.1518,705.066
388,9,1,0,9.12368,553.686
397,9,1,0,9.09399,390.517
399,9,1,0,9.07898,307.377
411,9,1,0,9.06399,225.644
412,9,1,0,9.06107,206.421
414,9,1,0,9.0463,132.251
427,9,1,0,9.02579,29.0576
1987,9,1,0,9.02,0
398,9,1,1,9.34558,1704.78,0.0908333,396.188,0.21,2
397,9,1,1,9.33153,1629.84
389,9,1,1,9.31996,1567.55
388,9,1,1,9.29548,1439.34
2132,9,1,1,9.26963,1290.24
328,9,1,1,9.25393,1196.3
2115,9,1,1,9.24386,1142.95
330,9,1,1,9.2291,1059.68
1987,9,1,2,9.47533,2305.26,0,0,0
413,9,1,2,9.45895,2219.87
414,9,1,2,9.45315,2190.14
410,9,1,2,9.43667,2102.17
398,9,1,2,9.43641,2100.96
824,10,0,0,11.8591,513.573,0.0925,403.457,0.11,1
880,10,0,0,11.8428,423.957
882,10,0,0,11.8231,324.778
2155,10,0,0,11.8197,307.732
2012,10,0,0,11.8022,214.129
884,10,0,0,11.7977,191.09
1987,10,0,0,11.76,0
819,10,0,1,12.0507,1437.57,0.0838333,365.656,0.48,2
820,10,0,1,12.0285,1326.91
2152,10,0,1,12.0144,1251.6
2008,10,0,1,12.0009,1186.68
821,10,0,1,11.996,1159.17
2153,10,0,1,11.9862,1107.51
831,10,0,1,11.9862,1107.43
825,10,0,1,11.9858,1105.4
822,10,0,1,11.9688,1008.71
823,10,0,1,11.9638,981.901
824,10,0,1,11.9516,917.03
295,10,0,2,12.2318,2342.98,0.113833,496.507,0.26,3
297,10,0,2,12.222,2284.54
306,10,0,2,12.215,2246.61
313,10,0,2,12.2026,2178.24
312,10,0,2,12.1962,2142.03
2148,10,0,2,12.1961,2141.65
778,10,0,2,12.1955,2138.78
780,10,0,2,12.1747,2025.09
817,10,0,2,12.1579,1931.37
818,10,0,2,12.149,1881.62
819,10,0,2,12.1346,1803.23
398,10,0,3,12.5693,4031.66,0.1055,460.159,0.2,4
397,10,0,3,12.5565,3962.25
389,10,0,3,12.5448,3899.61
388,10,0,3,12.5199,3769.45
2132,10,0,3,12.4931,3618.41
341,10,0,3,12.4923,3614.4
345,10,0,3,12.4867,3576.22
1981,10,0,3,12.4711,3491.97
350,10,0,3,12.4434,3351.54
344,10,0,3,12.4263,3264.08
343,10,0,3,12.4083,3167.86
1980,10,0,3,12.4001,3123.48
342,10,0,3,12.3934,3090
339,10,0,3,12.3742,2988.58
338,10,0,3,12.3635,2933.5
295,10,0,3,12.3457,2839.49
1987,10,0,4,12.7219,4730.88,0,0,0
413,10,0,4,12.7026,4633.19
414,10,0,4,12.6973,4605.54
410,10,0,4,12.675,4493.02
398,10,0,4,12.6748,4491.82
330,10,1,0,9.30343,816.882,0.0556667,242.801,0.26,1
336,10,1,0,9.2818,705.066
388,10,1,0,9.25367,553.686
397,10,1,0,9.22399,390.517
399,10,1,0,9.20898,307.377
411,10,1,0,9.19399,225.644
412,10,1,0,9.19107,206.421
414,10,1,0,9.1763,132.251
427,10,1,0,9.15579,29.0576
1987,10,1,0,9.15,0
1987,10,1,1,9.5145,1909.08,0,0,0
413,10,1,1,9.49811,1823.69
414,10,1,1,9.49231,1793.95
410,10,1,1,9.47583,1705.98
398,10,1,1,9.47558,1704.78
397,10,1,1,9.46153,1629.84
389,10,1,1,9.44996,1567.55
388,10,1,1,9.42547,1439.34
2132,10,1,1,9.39963,1290.24
328,10,1,1,9.38393,1196.3
2115,10,1,1,9.37386,1142.95
330,10,1,1,9.35909,1059.68
819,11,0,0,12.1682,1034.11,0.0838333,365.656,0.48,1
820,11,0,0,12.146,923.453
2152,11,0,0,12.1319,848.144
2008,11,0,0,12.1184,783.22
821,11,0,0,12.1135,755.708
2153,11,0,0,12.1037,704.051
831,11,0,0,12.1037,703.97
825,11,0,0,12.1033,701.94
822,11,0,0,12.0863,605.252
823,11,0,0,12.0813,578.444
824,11,0,0,12.0691,513.573
880,11,0,0,12.0528,423.957
882,11,0,0,12.0331,324.778
2155,11,0,0,12.0297,307.732
2012,11,0,0,12.0122,214.129
884,11,0,0,12.0077,191.09
1987,11,0,0,11.97,0
295,11,0,1,12.3493,1939.53,0.113833,496.507,0.26,2
297,11,0,1,12.3395,1881.08
306,11,0,1,12.3325,1843.15
313,11,0,1,12.3201,1774.79
312,11,0,1,12.3137,1738.57
2148,11,0,1,12.3136,1738.19
778,11,0,1,12.313,1735.32
780,11,0,1,12.2922,1621.63
817,11,0,1,12.2754,1527.92
818,11,0,1,12.2665,1478.16
819,11,0,1,12.2521,1399.77
398,11,0,2,12.6868,3628.2,0.1055,460.159,0.2,3
397,11,0,2,12.674,3558.79
389,11,0,2,12.6623,3496.15
388,11,0,2,12.6374,3366
2132,11,0,2,12.6106,3214.95
341,11,0,2,12.6098,3210.94
345,11,0,2,12.6042,3172.76
1981,11,0,2,12.5886,3088.51
350,11,0,2,12.5609,2948.08
344,11,0,2,12.5438,2860.62
343,11,0,2,12.5258,2764.4
1980,11,0,2,12.5176,2720.03
342,11,0,2,12.5109,2686.55
339,11,0,2,12.4917,2585.13
338,11,0,2,12.481,2530.04
295,11,0,2,12.4632,2436.03
1987,11,0,3,12.8394,4327.42,0,0,0
413,11,0,3,12.8201,4229.73
414,11,0,3,12.8148,4202.08
410,11,0,3,12.7925,4089.57
398,11,0,3,12.7923,4088.36
330,11,1,0,9.91343,816.882,0.0556667,242.801,0.26,1
336,11,1,0,9.8918,705.066
388,11,1,0,9.86368,553.686
397,11,1,0,9.83399,390.517
399,11,1,0,9.81898,307.377
411,11,1,0,9.80399,225.644
412,11,1,0,9.80107,206.421
414,11,1,0,9.7863,132.251
427,11,1,0,9.76579,29.0576
1987,11,1,0,9.76,0
824,11,1,1,10.1502,2044.17,0.043,187.553,0.1,2
823,11,1,1,10.1374,1976.76
822,11,1,1,10.1314,1945.48
2153,11,1,1,10.1104,1833.58
821,11,1,1,10.0985,1772.63
2008,11,1,1,10.09,1729.84
812,11,1,1,10.0684,1616.81
807,11,1,1,10.0683,1616.02
356,11,1,1,10.0538,1538.36
1981,11,1,1,10.0415,1454.85
345,11,1,1,10.0221,1354.39
341,11,1,1,10.0099,1292.27
2132,11,1,1,10.0096,1290.24
328,11,1,1,9.99393,1196.3
2115,11,1,1,9.98386,1142.95
330,11,1,1,9.9691,1059.68
1987,11,1,2,10.3016,2791.82,0,0,0
428,11,1,2,10.2966,2766.45
885,11,1,2,10.2585,2570.15
2012,11,1,2,10.2527,2542.55
2155,11,1,2,10.2314,2432.62
882,11,1,2,10.228,2415.43
880,11,1,2,10.2117,2330.68
824,11,1,2,10.1932,2231.72
398,12,0,0,12.0035,268.603,0.1055,460.159,0.2,1
410,12,0,0,12.0033,267.395
1986,12,0,0,11.9795,149.487
427,12,0,0,11.9558,29.0576
1987,12,0,0,11.95,0
295,12,0,1,12.3657,2052.68,0.113833,496.507,0.26,2
338,12,0,1,12.3518,1976
339,12,0,1,12.3464,1939
342,12,0,1,12.325,1828.4
343,12,0,1,12.3116,1761.19
344,12,0,1,12.2907,1652.78
350,12,0,1,12.2737,1565.74
1981,12,0,1,12.247,1429.18
351,12,0,1,12.2335,1361.86
1982,12,0,1,12.2244,1313.1
1983,12,0,1,12.2002,1190.04
1984,12,0,1,12.1691,1036.04
1985,12,0,1,12.1469,925.759
1986,12,0,1,12.1392,873.377
410,12,0,1,12.1093,729.971
398,12,0,1,12.109,728.762
819,12,0,2,12.5748,3079.65,0.0838333,365.656,0.48,3
818,12,0,2,12.5627,3011.34
817,12,0,2,12.5533,2959.2
780,12,0,2,12.5379,2870.53
778,12,0,2,12.5192,2766.37
2148,12,0,2,12.5187,2763.5
312,12,0,2,12.5186,2763.12
313,12,0,2,12.5116,2724.36
306,12,0,2,12.4974,2648.58
297,12,0,2,12.4907,2611.58
295,12,0,2,12.4795,2549.19
1987,12,0,3,12.8671,4531.58,0,0,0
427,12,0,3,12.8616,4503.99
1986,12,0,3,12.837,4379.78
883,12,0,3,12.8052,4215.72
882,12,0,3,12.7921,4146.21
880,12,0,3,12.7764,4064.25
824,12,0,3,12.7603,3975.68
823,12,0,3,12.7452,3898.37
822,12,0,3,12.7396,3869.09
2153,12,0,3,12.7172,3751.08
821,12,0,3,12.7069,3697.04
2008,12,0,3,12.6984,3654.25
2152,12,0,3,12.6916,3617.3
820,12,0,3,12.6756,3533.83
819,12,0,3,12.6587,3445.3
330,12,1,0,9.91343,816.882,0.0556667,242.801,0.26,1
336,12,1,0,9.8918,705.066
388,12,1,0,9.86368,553.686
397,12,1,0,9.83399,390.517
399,12,1,0,9.81898,307.377
411,12,1,0,9.80399,225.644
412,12,1,0,9.80107,206.421
414,12,1,0,9.7863,132.251
427,12,1,0,9.76579,29.0576
1987,12,1,0,9.76,0
824,12,1,1,10.1502,2044.17,0.043,187.553,0.1,2
823,12,1,1,10.1374,1976.76
822,12,1,1,10.1314,1945.48
2153,12,1,1,10.1104,1833.58
821,12,1,1,10.0985,1772.63
2008,12,1,1,10.09,1729.84
812,12,1,1,10.0684,1616.81
807,12,1,1,10.0683,1616.02
356,12,1,1,10.0538,1538.36
1981,12,1,1,10.0415,1454.85
345,12,1,1,10.0221,1354.39
341,12,1,1,10.0099,1292.27
2132,12,1,1,10.0096,1290.24
328,12,1,1,9.99393,1196.3
2115,12,1,1,9.98386,1142.95
330,12,1,1,9.9691,1059.68
1987,12,1,2,10.3016,2791.82,0,0,0
428,12,1,2,10.2966,2766.45
885,12,1,2,10.2585,2570.15
2012,12,1,2,10.2527,2542.55
2155,12,1,2,10.2314,2432.62
882,12,1,2,10.228,2415.43
880,12,1,2,10.2117,2330.68
824,12,1,2,10.1932,2231.72
