Node, Individual, Route,Segment, Travel time, Travel cost, Attention time, Attention cost, Failure rate, Demand
1974,0,0,0,13.768,756.423,0.0581667,253.705,0.32,1
1973,0,0,0,13.7429,628.512
1972,0,0,0,13.7188,499.436
152,0,0,0,13.698,399.95
1971,0,0,0,13.6647,233.815
57,0,0,0,13.6335,71.2703
54,0,0,0,13.62,0
503,0,0,1,13.9679,1744.18,0.0483333,210.815,0,2
504,0,0,1,13.9575,1694.71
477,0,0,1,13.9535,1674.22
453,0,0,1,13.9229,1509.92
446,0,0,1,13.9145,1462.49
445,0,0,1,13.9104,1441.26
444,0,0,1,13.9001,1388.9
187,0,0,1,13.8916,1346.2
2129,0,0,1,13.8721,1250.81
1974,0,0,1,13.8262,1010.13
552,0,0,2,14.1507,2634.17,0.0406667,177.376,0.01,3
603,0,0,2,14.1191,2477.62
604,0,0,2,14.1143,2452.21
596,0,0,2,14.1142,2451.23
580,0,0,2,14.0999,2375.03
583,0,0,2,14.0937,2345.21
587,0,0,2,14.0914,2330.78
578,0,0,2,14.0884,2313.97
575,0,0,2,14.0828,2282.86
542,0,0,2,14.0624,2182.26
520,0,0,2,14.0492,2118.31
505,0,0,2,14.0203,1974.98
503,0,0,2,14.0162,1955
456,0,0,3,14.2972,3417.99,0.0536667,234.078,0.12,4
458,0,0,3,14.285,3350.09
459,0,0,3,14.2794,3304.87
1543,0,0,3,14.2704,3242.87
715,0,0,3,14.2657,3198.39
716,0,0,3,14.2506,3115.78
722,0,0,3,14.25,3112.96
552,0,0,3,14.1914,2811.54
145,0,0,4,14.5303,4628.91,0.0706667,308.227,0.29,5
153,0,0,4,14.5162,4557.57
155,0,0,4,14.4975,4461.31
156,0,0,4,14.4825,4392.3
159,0,0,4,14.473,4335.21
160,0,0,4,14.4561,4243.37
169,0,0,4,14.4227,4062.25
170,0,0,4,14.4107,3997.91
176,0,0,4,14.4106,3997.59
183,0,0,4,14.3959,3909.05
192,0,0,4,14.3913,3877.94
458,0,0,4,14.3603,3713.15
456,0,0,4,14.3508,3652.07
54,0,0,5,14.6789,5367.85,0,0,0
57,0,0,5,14.6704,5315.18
58,0,0,5,14.6494,5200.17
143,0,0,5,14.6282,5077.69
144,0,0,5,14.614,5002.38
145,0,0,5,14.601,4937.14
1974,1,0,0,13.478,756.423,0.0581667,253.705,0.32,1
1973,1,0,0,13.4529,628.512
1972,1,0,0,13.4288,499.436
152,1,0,0,13.408,399.95
1971,1,0,0,13.3747,233.815
57,1,0,0,13.3435,71.2703
54,1,0,0,13.33,0
503,1,0,1,13.6779,1744.18,0.0483333,210.815,0,2
504,1,0,1,13.6675,1694.71
477,1,0,1,13.6635,1674.22
453,1,0,1,13.6329,1509.92
446,1,0,1,13.6245,1462.49
445,1,0,1,13.6204,1441.26
444,1,0,1,13.6101,1388.9
187,1,0,1,13.6016,1346.2
2129,1,0,1,13.5821,1250.81
1974,1,0,1,13.5362,1010.13
552,1,0,2,13.865,2651.67,0.0611667,266.791,0,3
603,1,0,2,13.8314,2486.71
604,1,0,2,13.8263,2460.32
596,1,0,2,13.8262,2459.35
580,1,0,2,13.8147,2395.02
583,1,0,2,13.8085,2365.21
587,1,0,2,13.8063,2350.82
578,1,0,2,13.8034,2334.72
575,1,0,2,13.7976,2302.29
542,1,0,2,13.7764,2198.66
520,1,0,2,13.7624,2131.66
505,1,0,2,13.7305,1975.98
503,1,0,2,13.7262,1955
456,1,0,3,14.0306,3519.43,0.0536667,234.078,0.12,4
458,1,0,3,14.0214,3458.52
459,1,0,3,14.0147,3413.17
1543,1,0,3,14.0062,3351.36
715,1,0,3,14.0011,3307.52
716,1,0,3,13.9879,3233.16
722,1,0,3,13.9873,3230.35
552,1,0,3,13.9262,2918.46
145,1,0,4,14.2638,4730.36,0.0706667,308.227,0.29,5
153,1,0,4,14.2496,4659.01
155,1,0,4,14.2309,4562.75
156,1,0,4,14.2159,4493.75
159,1,0,4,14.2064,4436.65
160,1,0,4,14.1895,4344.81
169,1,0,4,14.1562,4163.69
170,1,0,4,14.1441,4099.35
176,1,0,4,14.144,4099.03
183,1,0,4,14.1294,4010.49
192,1,0,4,14.1248,3979.38
458,1,0,4,14.0937,3814.6
456,1,0,4,14.0843,3753.51
54,1,0,5,14.4123,5469.3,0,0,0
57,1,0,5,14.4038,5416.62
58,1,0,5,14.3829,5301.61
143,1,0,5,14.3616,5179.13
144,1,0,5,14.3475,5103.82
145,1,0,5,14.3345,5038.58
145,2,0,0,13.692,453.357,0.0741667,323.493,0.29,1
144,2,0,0,13.6822,401.519
143,2,0,0,13.6688,329.425
1971,2,0,0,13.6547,233.815
57,2,0,0,13.6235,71.2703
54,2,0,0,13.61,0
503,2,0,1,13.9978,2029.45,0.0483333,210.815,0,2
504,2,0,1,13.9875,1979.98
477,2,0,1,13.9834,1959.49
453,2,0,1,13.9528,1795.19
455,2,0,1,13.9415,1727.38
454,2,0,1,13.9383,1710
448,2,0,1,13.9319,1666.05
447,2,0,1,13.9204,1606.05
1976,2,0,1,13.9153,1577.06
188,2,0,1,13.9079,1536.33
180,2,0,1,13.8983,1486.01
2128,2,0,1,13.8597,1279.86
163,2,0,1,13.8389,1166.11
164,2,0,1,13.821,1066.39
159,2,0,1,13.8138,1028.46
156,2,0,1,13.8002,956.015
155,2,0,1,13.7939,922.799
153,2,0,1,13.7765,831.974
145,2,0,1,13.7662,776.85
552,2,0,2,14.1806,2919.44,0.0406667,177.376,0.01,3
603,2,0,2,14.149,2762.89
604,2,0,2,14.1442,2737.48
596,2,0,2,14.1441,2736.5
580,2,0,2,14.1298,2660.3
583,2,0,2,14.1236,2630.48
587,2,0,2,14.1214,2616.06
578,2,0,2,14.1183,2599.24
575,2,0,2,14.1128,2568.13
542,2,0,2,14.0924,2467.54
520,2,0,2,14.0791,2403.58
505,2,0,2,14.0502,2260.25
503,2,0,2,14.0462,2240.27
456,2,0,3,14.3271,3703.26,0.0536667,234.078,0.12,4
458,2,0,3,14.3149,3635.36
459,2,0,3,14.3093,3590.15
1543,2,0,3,14.3003,3528.14
715,2,0,3,14.2956,3483.66
716,2,0,3,14.2805,3401.05
722,2,0,3,14.2799,3398.23
552,2,0,3,14.2213,3096.82
1974,2,0,4,14.4882,4520.52,0.0756667,330.035,0.29,5
1975,2,0,4,14.441,4273.88
1976,2,0,4,14.4204,4172.1
447,2,0,4,14.4146,4140.56
448,2,0,4,14.405,4088.55
455,2,0,4,14.3957,4036.24
454,2,0,4,14.3931,4021.6
457,2,0,4,14.3862,3967.72
456,2,0,4,14.3808,3937.34
54,2,0,5,14.6851,5496.63,0,0,0
57,2,0,5,14.6766,5443.95
1971,2,0,5,14.6512,5306.15
152,2,0,5,14.6258,5173.27
1972,2,0,5,14.6125,5104.63
1973,2,0,5,14.591,4986.47
1974,2,0,5,14.5639,4850.55
145,3,0,0,13.362,453.357,0.0741667,323.493,0.29,1
144,3,0,0,13.3522,401.519
143,3,0,0,13.3388,329.425
1971,3,0,0,13.3247,233.815
57,3,0,0,13.2935,71.2703
54,3,0,0,13.28,0
503,3,0,1,13.6678,2029.45,0.0483333,210.815,0,2
504,3,0,1,13.6575,1979.98
477,3,0,1,13.6534,1959.49
453,3,0,1,13.6228,1795.19
455,3,0,1,13.6115,1727.38
454,3,0,1,13.6083,1710
448,3,0,1,13.6019,1666.05
447,3,0,1,13.5904,1606.05
1976,3,0,1,13.5853,1577.06
188,3,0,1,13.5779,1536.33
180,3,0,1,13.5683,1486.01
2128,3,0,1,13.5297,1279.86
163,3,0,1,13.5089,1166.11
164,3,0,1,13.491,1066.39
159,3,0,1,13.4838,1028.46
156,3,0,1,13.4702,956.015
155,3,0,1,13.4639,922.799
153,3,0,1,13.4465,831.974
145,3,0,1,13.4362,776.85
552,3,0,2,13.855,2936.94,0.0611667,266.791,0,3
603,3,0,2,13.8213,2771.98
604,3,0,2,13.8163,2745.59
596,3,0,2,13.8162,2744.62
580,3,0,2,13.8046,2680.29
583,3,0,2,13.7984,2650.48
587,3,0,2,13.7962,2636.09
578,3,0,2,13.7933,2619.99
575,3,0,2,13.7875,2587.56
542,3,0,2,13.7663,2483.93
520,3,0,2,13.7523,2416.93
505,3,0,2,13.7205,2261.25
503,3,0,2,13.7162,2240.27
456,3,0,3,14.0206,3804.7,0.0536667,234.078,0.12,4
458,3,0,3,14.0113,3743.79
459,3,0,3,14.0047,3698.44
1543,3,0,3,13.9961,3636.63
715,3,0,3,13.991,3592.79
716,3,0,3,13.9778,3518.43
722,3,0,3,13.9772,3515.62
552,3,0,3,13.9161,3203.73
1974,3,0,4,14.1817,4621.96,0.0756667,330.035,0.29,5
1975,3,0,4,14.1345,4375.32
1976,3,0,4,14.1138,4273.54
447,3,0,4,14.1081,4242
448,3,0,4,14.0984,4190
455,3,0,4,14.0891,4137.68
454,3,0,4,14.0866,4123.04
457,3,0,4,14.0796,4069.16
456,3,0,4,14.0742,4038.78
54,3,0,5,14.3786,5598.07,0,0,0
57,3,0,5,14.37,5545.39
1971,3,0,5,14.3446,5407.6
152,3,0,5,14.3193,5274.71
1972,3,0,5,14.3059,5206.08
1973,3,0,5,14.2844,5087.91
1974,3,0,5,14.2573,4951.99
1974,4,0,0,13.798,756.423,0.0581667,253.705,0.32,1
1973,4,0,0,13.7729,628.512
1972,4,0,0,13.7488,499.436
152,4,0,0,13.728,399.95
1971,4,0,0,13.6947,233.815
57,4,0,0,13.6635,71.2703
54,4,0,0,13.65,0
503,4,0,1,13.9979,1744.18,0.0483333,210.815,0,2
504,4,0,1,13.9875,1694.71
477,4,0,1,13.9834,1674.22
453,4,0,1,13.9529,1509.92
446,4,0,1,13.9445,1462.49
445,4,0,1,13.9404,1441.26
444,4,0,1,13.9301,1388.9
187,4,0,1,13.9216,1346.2
2129,4,0,1,13.9021,1250.81
1974,4,0,1,13.8562,1010.13
552,4,0,2,14.1807,2634.17,0.0406667,177.376,0.01,3
603,4,0,2,14.1491,2477.62
604,4,0,2,14.1443,2452.21
596,4,0,2,14.1442,2451.23
580,4,0,2,14.1299,2375.03
583,4,0,2,14.1237,2345.21
587,4,0,2,14.1214,2330.78
578,4,0,2,14.1184,2313.97
575,4,0,2,14.1128,2282.86
542,4,0,2,14.0924,2182.26
520,4,0,2,14.0792,2118.31
505,4,0,2,14.0503,1974.98
503,4,0,2,14.0462,1955
456,4,0,3,14.3272,3417.99,0.0536667,234.078,0.12,4
458,4,0,3,14.315,3350.09
459,4,0,3,14.3094,3304.87
1543,4,0,3,14.3004,3242.87
715,4,0,3,14.2957,3198.39
716,4,0,3,14.2806,3115.78
722,4,0,3,14.28,3112.96
552,4,0,3,14.2214,2811.54
54,4,0,4,14.6095,4881.32,0,0,0
57,4,0,4,14.601,4828.64
1971,4,0,4,14.5756,4690.85
152,4,0,4,14.5502,4557.96
1972,4,0,4,14.5369,4489.33
1973,4,0,4,14.5154,4371.17
1974,4,0,4,14.4883,4235.25
1975,4,0,4,14.4411,3988.61
1976,4,0,4,14.4204,3886.83
447,4,0,4,14.4147,3855.28
448,4,0,4,14.405,3803.28
455,4,0,4,14.3958,3750.97
454,4,0,4,14.3932,3736.33
457,4,0,4,14.3863,3682.45
456,4,0,4,14.3808,3652.07
145,4,1,0,11.2726,448.675,0.0513333,223.901,0.23,1
144,4,1,0,11.2645,404.304
59,4,1,0,11.2414,273.815
56,4,1,0,11.2353,238.947
55,4,1,0,11.2223,171.26
54,4,1,0,11.19,0
54,4,1,1,11.3957,1083.49,0,0,0
57,4,1,1,11.3881,1031.82
58,4,1,1,11.3673,917.466
143,4,1,1,11.3474,797.052
144,4,1,1,11.3355,731.854
145,4,1,1,11.324,672.576
503,5,0,0,13.9939,1465.5,0.0483333,210.815,0,1
504,5,0,0,13.9847,1420.88
477,5,0,0,13.9809,1401.63
453,5,0,0,13.9547,1256.22
446,5,0,0,13.9463,1208.78
445,5,0,0,13.9423,1187.55
444,5,0,0,13.9319,1135.2
187,5,0,0,13.9234,1092.49
2129,5,0,0,13.9039,997.109
1974,5,0,0,13.858,756.423
1973,5,0,0,13.8329,628.512
1972,5,0,0,13.8088,499.436
152,5,0,0,13.788,399.95
1971,5,0,0,13.7547,233.815
57,5,0,0,13.7235,71.2703
54,5,0,0,13.71,0
552,5,0,1,14.1767,2355.48,0.0406667,177.376,0.01,2
603,5,0,1,14.1451,2198.93
604,5,0,1,14.1403,2173.52
596,5,0,1,14.1401,2172.55
580,5,0,1,14.1259,2096.34
583,5,0,1,14.1196,2066.53
587,5,0,1,14.1174,2052.1
578,5,0,1,14.1143,2035.28
575,5,0,1,14.1088,2004.18
542,5,0,1,14.0884,1903.58
520,5,0,1,14.0752,1839.62
505,5,0,1,14.0463,1696.3
503,5,0,1,14.0422,1676.31
456,5,0,2,14.3232,3139.31,0.0536667,234.078,0.12,3
458,5,0,2,14.3109,3071.41
459,5,0,2,14.3053,3026.19
1543,5,0,2,14.2964,2964.18
715,5,0,2,14.2917,2919.7
716,5,0,2,14.2765,2837.09
722,5,0,2,14.276,2834.28
552,5,0,2,14.2173,2532.86
1974,5,0,3,14.4843,3956.56,0.0756667,330.035,0.29,4
1975,5,0,3,14.4371,3709.92
1976,5,0,3,14.4164,3608.14
447,5,0,3,14.4107,3576.6
448,5,0,3,14.401,3524.6
455,5,0,3,14.3917,3472.29
454,5,0,3,14.3892,3457.64
457,5,0,3,14.3823,3403.76
456,5,0,3,14.3768,3373.38
54,5,0,4,14.6812,4932.67,0,0,0
57,5,0,4,14.6726,4879.99
1971,5,0,4,14.6472,4742.2
152,5,0,4,14.6219,4609.31
1972,5,0,4,14.6085,4540.68
1973,5,0,4,14.587,4422.51
1974,5,0,4,14.5599,4286.59
145,5,1,0,11.4726,448.675,0.0513333,223.901,0.23,1
144,5,1,0,11.4645,404.304
59,5,1,0,11.4414,273.815
56,5,1,0,11.4353,238.947
55,5,1,0,11.4223,171.26
54,5,1,0,11.39,0
54,5,1,1,11.5957,1083.49,0,0,0
57,5,1,1,11.5881,1031.82
58,5,1,1,11.5673,917.466
143,5,1,1,11.5474,797.052
144,5,1,1,11.5355,731.854
145,5,1,1,11.524,672.576
503,6,0,0,13.7239,1465.5,0.0483333,210.815,0,1
504,6,0,0,13.7147,1420.88
477,6,0,0,13.7109,1401.63
453,6,0,0,13.6847,1256.22
446,6,0,0,13.6763,1208.78
445,6,0,0,13.6723,1187.55
444,6,0,0,13.6619,1135.2
187,6,0,0,13.6534,1092.49
2129,6,0,0,13.6339,997.109
1974,6,0,0,13.588,756.423
1973,6,0,0,13.5629,628.512
1972,6,0,0,13.5388,499.436
152,6,0,0,13.518,399.95
1971,6,0,0,13.4847,233.815
57,6,0,0,13.4535,71.2703
54,6,0,0,13.44,0
552,6,0,1,13.911,2372.98,0.0611667,266.791,0,2
603,6,0,1,13.8774,2208.02
604,6,0,1,13.8723,2181.63
596,6,0,1,13.8722,2180.66
580,6,0,1,13.8607,2116.34
583,6,0,1,13.8545,2086.52
587,6,0,1,13.8523,2072.14
578,6,0,1,13.8494,2056.04
575,6,0,1,13.8435,2023.6
542,6,0,1,13.8224,1919.97
520,6,0,1,13.8084,1852.97
505,6,0,1,13.7765,1697.29
503,6,0,1,13.7722,1676.31
456,6,0,2,14.0766,3240.75,0.0536667,234.078,0.12,3
458,6,0,2,14.0674,3179.83
459,6,0,2,14.0607,3134.48
1543,6,0,2,14.0522,3072.68
715,6,0,2,14.0471,3028.84
716,6,0,2,14.0339,2954.47
722,6,0,2,14.0333,2951.66
552,6,0,2,13.9722,2639.77
1974,6,0,3,14.2377,4058,0.0756667,330.035,0.29,4
1975,6,0,3,14.1905,3811.36
1976,6,0,3,14.1698,3709.58
447,6,0,3,14.1641,3678.04
448,6,0,3,14.1545,3626.04
455,6,0,3,14.1452,3573.73
454,6,0,3,14.1426,3559.08
457,6,0,3,14.1357,3505.2
456,6,0,3,14.1303,3474.83
54,6,0,4,14.4346,5034.11,0,0,0
57,6,0,4,14.4261,4981.44
1971,6,0,4,14.4007,4843.64
152,6,0,4,14.3753,4710.75
1972,6,0,4,14.362,4642.12
1973,6,0,4,14.3405,4523.96
1974,6,0,4,14.3134,4388.04
145,6,1,0,11.8326,448.675,0.0513333,223.901,0.23,1
144,6,1,0,11.8245,404.304
59,6,1,0,11.8014,273.815
56,6,1,0,11.7953,238.947
55,6,1,0,11.7823,171.26
54,6,1,0,11.75,0
54,6,1,1,11.9557,1083.49,0,0,0
57,6,1,1,11.9481,1031.82
58,6,1,1,11.9273,917.466
143,6,1,1,11.9074,797.052
144,6,1,1,11.8955,731.854
145,6,1,1,11.884,672.576
