Node, Individual, Route,Segment, Travel time, Travel cost, Attention time, Attention cost, Failure rate, Demand
1974,0,0,0,13.798,756.423,0.0581667,253.705,0.32,1
1973,0,0,0,13.7729,628.512
1972,0,0,0,13.7488,499.436
152,0,0,0,13.728,399.95
1971,0,0,0,13.6947,233.815
57,0,0,0,13.6635,71.2703
54,0,0,0,13.65,0
503,0,0,1,13.9979,1744.18,0.0483333,210.815,0,2
504,0,0,1,13.9875,1694.71
477,0,0,1,13.9834,1674.22
453,0,0,1,13.9529,1509.92
446,0,0,1,13.9445,1462.49
445,0,0,1,13.9404,1441.26
444,0,0,1,13.9301,1388.9
187,0,0,1,13.9216,1346.2
2129,0,0,1,13.9021,1250.81
1974,0,0,1,13.8562,1010.13
552,0,0,2,14.1807,2634.17,0.0406667,177.376,0.01,3
603,0,0,2,14.1491,2477.62
604,0,0,2,14.1443,2452.21
596,0,0,2,14.1442,2451.23
580,0,0,2,14.1299,2375.03
583,0,0,2,14.1237,2345.21
587,0,0,2,14.1214,2330.78
578,0,0,2,14.1184,2313.97
575,0,0,2,14.1128,2282.86
542,0,0,2,14.0924,2182.26
520,0,0,2,14.0792,2118.31
505,0,0,2,14.0503,1974.98
503,0,0,2,14.0462,1955
456,0,0,3,14.3272,3417.99,0.0536667,234.078,0.12,4
458,0,0,3,14.315,3350.09
459,0,0,3,14.3094,3304.87
1543,0,0,3,14.3004,3242.87
715,0,0,3,14.2957,3198.39
716,0,0,3,14.2806,3115.78
722,0,0,3,14.28,3112.96
552,0,0,3,14.2214,2811.54
145,0,0,4,14.5603,4628.91,0.0706667,308.227,0.29,5
153,0,0,4,14.5462,4557.57
155,0,0,4,14.5275,4461.31
156,0,0,4,14.5125,4392.3
159,0,0,4,14.503,4335.21
160,0,0,4,14.4861,4243.37
169,0,0,4,14.4527,4062.25
170,0,0,4,14.4407,3997.91
176,0,0,4,14.4406,3997.59
183,0,0,4,14.4259,3909.05
192,0,0,4,14.4213,3877.94
458,0,0,4,14.3903,3713.15
456,0,0,4,14.3808,3652.07
54,0,0,5,14.7089,5367.85,0,0,0
57,0,0,5,14.7004,5315.18
58,0,0,5,14.6794,5200.17
143,0,0,5,14.6582,5077.69
144,0,0,5,14.644,5002.38
145,0,0,5,14.631,4937.14
1974,1,0,0,13.0548,659.058,0.0581667,253.705,0.32,1
1973,1,0,0,13.0311,537.329
1972,1,0,0,13.0054,400.964
152,1,0,0,12.9942,341.597
1971,1,0,0,12.9708,217.03
57,1,0,0,12.9418,64.0092
54,1,0,0,12.93,0
456,1,0,1,13.2112,1454.41,0.0818333,356.932,0.12,2
457,1,0,1,13.2051,1421.37
454,1,0,1,13.1975,1367.39
448,1,0,1,13.1911,1323.44
447,1,0,1,13.1796,1263.44
1976,1,0,1,13.1744,1234.45
1975,1,0,1,13.1591,1154.75
1974,1,0,1,13.113,912.763
503,1,0,2,13.3674,2194.89,0.0483333,210.815,0,3
504,1,0,2,13.3571,2145.41
477,1,0,2,13.353,2124.92
478,1,0,2,13.3446,2081.82
480,1,0,2,13.3408,2061.25
2143,1,0,2,13.3404,2059.35
2142,1,0,2,13.34,2057.59
482,1,0,2,13.3331,2022.76
486,1,0,2,13.3242,1978.19
2144,1,0,2,13.323,1972.06
1679,1,0,2,13.3172,1941.63
456,1,0,2,13.293,1811.35
552,1,0,3,13.5546,3102.37,0.0611667,266.791,0,4
603,1,0,3,13.5209,2937.41
604,1,0,3,13.5159,2911.02
596,1,0,3,13.5158,2910.05
580,1,0,3,13.5043,2845.73
583,1,0,3,13.498,2815.91
587,1,0,3,13.4959,2801.53
578,1,0,3,13.4929,2785.43
575,1,0,3,13.4871,2752.99
542,1,0,3,13.466,2649.36
520,1,0,3,13.452,2582.36
505,1,0,3,13.4201,2426.68
503,1,0,3,13.4158,2405.7
145,1,0,4,13.8547,4715.53,0.0741667,323.493,0.29,5
1682,1,0,4,13.8434,4659.19
146,1,0,4,13.8318,4595.45
63,1,0,4,13.8155,4506.66
64,1,0,4,13.8114,4478.92
195,1,0,4,13.7871,4351.25
196,1,0,4,13.7844,4331.66
205,1,0,4,13.7694,4244.54
215,1,0,4,13.7379,4070.23
225,1,0,4,13.712,3866.99
231,1,0,4,13.7059,3836.78
716,1,0,4,13.6774,3683.86
722,1,0,4,13.6769,3681.05
552,1,0,4,13.6157,3369.16
54,1,0,5,14.0061,5468.83,0,0,0
57,1,0,5,13.9986,5417.16
58,1,0,5,13.9775,5301.47
143,1,0,5,13.9543,5172.13
144,1,0,5,13.9394,5093.65
145,1,0,5,13.9289,5039.02
145,2,0,0,13.682,453.357,0.0741667,323.493,0.29,1
144,2,0,0,13.6722,401.519
143,2,0,0,13.6588,329.425
1971,2,0,0,13.6447,233.815
57,2,0,0,13.6135,71.2703
54,2,0,0,13.6,0
503,2,0,1,13.9878,2029.45,0.0483333,210.815,0,2
504,2,0,1,13.9775,1979.98
477,2,0,1,13.9734,1959.49
453,2,0,1,13.9428,1795.19
455,2,0,1,13.9315,1727.38
454,2,0,1,13.9283,1710
448,2,0,1,13.9219,1666.05
447,2,0,1,13.9104,1606.05
1976,2,0,1,13.9053,1577.06
188,2,0,1,13.8979,1536.33
180,2,0,1,13.8883,1486.01
2128,2,0,1,13.8497,1279.86
163,2,0,1,13.8289,1166.11
164,2,0,1,13.811,1066.39
159,2,0,1,13.8038,1028.46
156,2,0,1,13.7902,956.015
155,2,0,1,13.7839,922.799
153,2,0,1,13.7665,831.974
145,2,0,1,13.7562,776.85
552,2,0,2,14.1706,2919.44,0.0406667,177.376,0.01,3
603,2,0,2,14.139,2762.89
604,2,0,2,14.1342,2737.48
596,2,0,2,14.1341,2736.5
580,2,0,2,14.1198,2660.3
583,2,0,2,14.1136,2630.48
587,2,0,2,14.1114,2616.06
578,2,0,2,14.1083,2599.24
575,2,0,2,14.1028,2568.13
542,2,0,2,14.0824,2467.54
520,2,0,2,14.0691,2403.58
505,2,0,2,14.0402,2260.25
503,2,0,2,14.0362,2240.27
456,2,0,3,14.3171,3703.26,0.0536667,234.078,0.12,4
458,2,0,3,14.3049,3635.36
459,2,0,3,14.2993,3590.15
1543,2,0,3,14.2903,3528.14
715,2,0,3,14.2856,3483.66
716,2,0,3,14.2705,3401.05
722,2,0,3,14.2699,3398.23
552,2,0,3,14.2113,3096.82
1974,2,0,4,14.4782,4520.52,0.0756667,330.035,0.29,5
1975,2,0,4,14.431,4273.88
1976,2,0,4,14.4104,4172.1
447,2,0,4,14.4046,4140.56
448,2,0,4,14.395,4088.55
455,2,0,4,14.3857,4036.24
454,2,0,4,14.3831,4021.6
457,2,0,4,14.3762,3967.72
456,2,0,4,14.3708,3937.34
54,2,0,5,14.6751,5496.63,0,0,0
57,2,0,5,14.6666,5443.95
1971,2,0,5,14.6412,5306.15
152,2,0,5,14.6158,5173.27
1972,2,0,5,14.6025,5104.63
1973,2,0,5,14.581,4986.47
1974,2,0,5,14.5539,4850.55
145,3,0,0,13.402,453.357,0.0741667,323.493,0.29,1
144,3,0,0,13.3922,401.519
143,3,0,0,13.3788,329.425
1971,3,0,0,13.3647,233.815
57,3,0,0,13.3335,71.2703
54,3,0,0,13.32,0
503,3,0,1,13.7078,2029.45,0.0483333,210.815,0,2
504,3,0,1,13.6975,1979.98
477,3,0,1,13.6934,1959.49
453,3,0,1,13.6628,1795.19
455,3,0,1,13.6515,1727.38
454,3,0,1,13.6483,1710
448,3,0,1,13.6419,1666.05
447,3,0,1,13.6304,1606.05
1976,3,0,1,13.6253,1577.06
188,3,0,1,13.6179,1536.33
180,3,0,1,13.6083,1486.01
2128,3,0,1,13.5697,1279.86
163,3,0,1,13.5489,1166.11
164,3,0,1,13.531,1066.39
159,3,0,1,13.5238,1028.46
156,3,0,1,13.5102,956.015
155,3,0,1,13.5039,922.799
153,3,0,1,13.4865,831.974
145,3,0,1,13.4762,776.85
552,3,0,2,13.895,2936.94,0.0611667,266.791,0,3
603,3,0,2,13.8613,2771.98
604,3,0,2,13.8563,2745.59
596,3,0,2,13.8562,2744.62
580,3,0,2,13.8446,2680.29
583,3,0,2,13.8384,2650.48
587,3,0,2,13.8362,2636.09
578,3,0,2,13.8333,2619.99
575,3,0,2,13.8275,2587.56
542,3,0,2,13.8063,2483.93
520,3,0,2,13.7923,2416.93
505,3,0,2,13.7605,2261.25
503,3,0,2,13.7562,2240.27
456,3,0,3,14.0606,3804.7,0.0536667,234.078,0.12,4
458,3,0,3,14.0513,3743.79
459,3,0,3,14.0447,3698.44
1543,3,0,3,14.0361,3636.63
715,3,0,3,14.031,3592.79
716,3,0,3,14.0178,3518.43
722,3,0,3,14.0172,3515.62
552,3,0,3,13.9561,3203.73
1974,3,0,4,14.2217,4621.96,0.0756667,330.035,0.29,5
1975,3,0,4,14.1745,4375.32
1976,3,0,4,14.1538,4273.54
447,3,0,4,14.1481,4242
448,3,0,4,14.1384,4190
455,3,0,4,14.1291,4137.68
454,3,0,4,14.1266,4123.04
457,3,0,4,14.1196,4069.16
456,3,0,4,14.1142,4038.78
54,3,0,5,14.4186,5598.07,0,0,0
57,3,0,5,14.41,5545.39
1971,3,0,5,14.3846,5407.6
152,3,0,5,14.3593,5274.71
1972,3,0,5,14.3459,5206.08
1973,3,0,5,14.3244,5087.91
1974,3,0,5,14.2973,4951.99
1974,4,0,0,13.798,756.423,0.0581667,253.705,0.32,1
1973,4,0,0,13.7729,628.512
1972,4,0,0,13.7488,499.436
152,4,0,0,13.728,399.95
1971,4,0,0,13.6947,233.815
57,4,0,0,13.6635,71.2703
54,4,0,0,13.65,0
503,4,0,1,13.9979,1744.18,0.0483333,210.815,0,2
504,4,0,1,13.9875,1694.71
477,4,0,1,13.9834,1674.22
453,4,0,1,13.9529,1509.92
446,4,0,1,13.9445,1462.49
445,4,0,1,13.9404,1441.26
444,4,0,1,13.9301,1388.9
187,4,0,1,13.9216,1346.2
2129,4,0,1,13.9021,1250.81
1974,4,0,1,13.8562,1010.13
552,4,0,2,14.1807,2634.17,0.0406667,177.376,0.01,3
603,4,0,2,14.1491,2477.62
604,4,0,2,14.1443,2452.21
596,4,0,2,14.1442,2451.23
580,4,0,2,14.1299,2375.03
583,4,0,2,14.1237,2345.21
587,4,0,2,14.1214,2330.78
578,4,0,2,14.1184,2313.97
575,4,0,2,14.1128,2282.86
542,4,0,2,14.0924,2182.26
520,4,0,2,14.0792,2118.31
505,4,0,2,14.0503,1974.98
503,4,0,2,14.0462,1955
456,4,0,3,14.3272,3417.99,0.0536667,234.078,0.12,4
458,4,0,3,14.315,3350.09
459,4,0,3,14.3094,3304.87
1543,4,0,3,14.3004,3242.87
715,4,0,3,14.2957,3198.39
716,4,0,3,14.2806,3115.78
722,4,0,3,14.28,3112.96
552,4,0,3,14.2214,2811.54
54,4,0,4,14.6095,4881.32,0,0,0
57,4,0,4,14.601,4828.64
1971,4,0,4,14.5756,4690.85
152,4,0,4,14.5502,4557.96
1972,4,0,4,14.5369,4489.33
1973,4,0,4,14.5154,4371.17
1974,4,0,4,14.4883,4235.25
1975,4,0,4,14.4411,3988.61
1976,4,0,4,14.4204,3886.83
447,4,0,4,14.4147,3855.28
448,4,0,4,14.405,3803.28
455,4,0,4,14.3958,3750.97
454,4,0,4,14.3932,3736.33
457,4,0,4,14.3863,3682.45
456,4,0,4,14.3808,3652.07
145,4,1,0,11.4126,448.675,0.0513333,223.901,0.23,1
144,4,1,0,11.4045,404.304
59,4,1,0,11.3814,273.815
56,4,1,0,11.3753,238.947
55,4,1,0,11.3623,171.26
54,4,1,0,11.33,0
54,4,1,1,11.5357,1083.49,0,0,0
57,4,1,1,11.5281,1031.82
58,4,1,1,11.5073,917.466
143,4,1,1,11.4874,797.052
144,4,1,1,11.4755,731.854
145,4,1,1,11.464,672.576
503,5,0,0,13.9639,1465.5,0.0483333,210.815,0,1
504,5,0,0,13.9547,1420.88
477,5,0,0,13.9509,1401.63
453,5,0,0,13.9247,1256.22
446,5,0,0,13.9163,1208.78
445,5,0,0,13.9123,1187.55
444,5,0,0,13.9019,1135.2
187,5,0,0,13.8934,1092.49
2129,5,0,0,13.8739,997.109
1974,5,0,0,13.828,756.423
1973,5,0,0,13.8029,628.512
1972,5,0,0,13.7788,499.436
152,5,0,0,13.758,399.95
1971,5,0,0,13.7247,233.815
57,5,0,0,13.6935,71.2703
54,5,0,0,13.68,0
552,5,0,1,14.1467,2355.48,0.0406667,177.376,0.01,2
603,5,0,1,14.1151,2198.93
604,5,0,1,14.1103,2173.52
596,5,0,1,14.1101,2172.55
580,5,0,1,14.0959,2096.34
583,5,0,1,14.0896,2066.53
587,5,0,1,14.0874,2052.1
578,5,0,1,14.0843,2035.28
575,5,0,1,14.0788,2004.18
542,5,0,1,14.0584,1903.58
520,5,0,1,14.0452,1839.62
505,5,0,1,14.0163,1696.3
503,5,0,1,14.0122,1676.31
456,5,0,2,14.2932,3139.31,0.0536667,234.078,0.12,3
458,5,0,2,14.2809,3071.41
459,5,0,2,14.2753,3026.19
1543,5,0,2,14.2664,2964.18
715,5,0,2,14.2617,2919.7
716,5,0,2,14.2465,2837.09
722,5,0,2,14.246,2834.28
552,5,0,2,14.1873,2532.86
1974,5,0,3,14.4543,3956.56,0.0756667,330.035,0.29,4
1975,5,0,3,14.4071,3709.92
1976,5,0,3,14.3864,3608.14
447,5,0,3,14.3807,3576.6
448,5,0,3,14.371,3524.6
455,5,0,3,14.3617,3472.29
454,5,0,3,14.3592,3457.64
457,5,0,3,14.3523,3403.76
456,5,0,3,14.3468,3373.38
54,5,0,4,14.6512,4932.67,0,0,0
57,5,0,4,14.6426,4879.99
1971,5,0,4,14.6172,4742.2
152,5,0,4,14.5919,4609.31
1972,5,0,4,14.5785,4540.68
1973,5,0,4,14.557,4422.51
1974,5,0,4,14.5299,4286.59
145,5,1,0,11.2526,448.675,0.0513333,223.901,0.23,1
144,5,1,0,11.2445,404.304
59,5,1,0,11.2214,273.815
56,5,1,0,11.2153,238.947
55,5,1,0,11.2023,171.26
54,5,1,0,11.17,0
54,5,1,1,11.3757,1083.49,0,0,0
57,5,1,1,11.3681,1031.82
58,5,1,1,11.3473,917.466
143,5,1,1,11.3274,797.052
144,5,1,1,11.3155,731.854
145,5,1,1,11.304,672.576
503,6,0,0,13.6539,1465.5,0.0483333,210.815,0,1
504,6,0,0,13.6447,1420.88
477,6,0,0,13.6409,1401.63
453,6,0,0,13.6147,1256.22
446,6,0,0,13.6063,1208.78
445,6,0,0,13.6023,1187.55
444,6,0,0,13.5919,1135.2
187,6,0,0,13.5834,1092.49
2129,6,0,0,13.5639,997.109
1974,6,0,0,13.518,756.423
1973,6,0,0,13.4929,628.512
1972,6,0,0,13.4688,499.436
152,6,0,0,13.448,399.95
1971,6,0,0,13.4147,233.815
57,6,0,0,13.3835,71.2703
54,6,0,0,13.37,0
552,6,0,1,13.841,2372.98,0.0611667,266.791,0,2
603,6,0,1,13.8074,2208.02
604,6,0,1,13.8023,2181.63
596,6,0,1,13.8022,2180.66
580,6,0,1,13.7907,2116.34
583,6,0,1,13.7845,2086.52
587,6,0,1,13.7823,2072.14
578,6,0,1,13.7794,2056.04
575,6,0,1,13.7736,2023.6
542,6,0,1,13.7524,1919.97
520,6,0,1,13.7384,1852.97
505,6,0,1,13.7065,1697.29
503,6,0,1,13.7022,1676.31
456,6,0,2,14.0066,3240.75,0.0536667,234.078,0.12,3
458,6,0,2,13.9974,3179.83
459,6,0,2,13.9907,3134.48
1543,6,0,2,13.9822,3072.68
715,6,0,2,13.9771,3028.84
716,6,0,2,13.9639,2954.47
722,6,0,2,13.9633,2951.66
552,6,0,2,13.9022,2639.77
1974,6,0,3,14.1677,4058,0.0756667,330.035,0.29,4
1975,6,0,3,14.1205,3811.36
1976,6,0,3,14.0998,3709.58
447,6,0,3,14.0941,3678.04
448,6,0,3,14.0845,3626.04
455,6,0,3,14.0752,3573.73
454,6,0,3,14.0726,3559.08
457,6,0,3,14.0657,3505.2
456,6,0,3,14.0603,3474.83
54,6,0,4,14.3646,5034.11,0,0,0
57,6,0,4,14.3561,4981.44
1971,6,0,4,14.3307,4843.64
152,6,0,4,14.3053,4710.75
1972,6,0,4,14.292,4642.12
1973,6,0,4,14.2705,4523.96
1974,6,0,4,14.2434,4388.04
145,6,1,0,11.3026,448.675,0.0513333,223.901,0.23,1
144,6,1,0,11.2945,404.304
59,6,1,0,11.2714,273.815
56,6,1,0,11.2653,238.947
55,6,1,0,11.2523,171.26
54,6,1,0,11.22,0
54,6,1,1,11.4257,1083.49,0,0,0
57,6,1,1,11.4181,1031.82
58,6,1,1,11.3973,917.466
143,6,1,1,11.3774,797.052
144,6,1,1,11.3655,731.854
145,6,1,1,11.354,672.576
