Node, Individual, Route,Segment, Travel time, Travel cost, Attention time, Attention cost, Failure rate, Demand
912,0,0,0,12.9993,662.175,0.0361667,157.748,0.15,1
913,0,0,0,12.9963,645.262
914,0,0,0,12.9859,587.538
902,0,0,0,12.9796,552.537
887,0,0,0,12.963,467.238
2012,0,0,0,12.9455,375.593
884,0,0,0,12.941,352.657
1987,0,0,0,12.9036,162.675
428,0,0,0,12.8986,137.306
429,0,0,0,12.87,0
1603,0,0,1,13.3135,2324.47,0.0466667,203.546,0.03,2
1589,0,0,1,13.2934,2212.68
1560,0,0,1,13.2599,2032.47
1591,0,0,1,13.2423,1932.59
1559,0,0,1,13.2246,1837.6
1319,0,0,1,13.2176,1801.36
1311,0,0,1,13.1869,1614.35
1312,0,0,1,13.1721,1537.34
1306,0,0,1,13.172,1536.98
1301,0,0,1,13.1569,1457.79
2024,0,0,1,13.1472,1404.1
2025,0,0,1,13.1354,1337.21
1598,0,0,1,13.1305,1311.82
948,0,0,1,13.1258,1285.79
928,0,0,1,13.115,1226.36
923,0,0,1,13.0798,1050.1
924,0,0,1,13.0715,1010.78
914,0,0,1,13.0513,904.723
913,0,0,1,13.0389,838.408
912,0,0,1,13.0355,819.923
1664,0,0,2,13.849,5077.2,0.0606667,264.61,0.08,3
1172,0,0,2,13.8202,4934.67
1023,0,0,2,13.7911,4778.98
1021,0,0,2,13.7764,4701.88
1022,0,0,2,13.7726,4682.65
1020,0,0,2,13.764,4639.22
1019,0,0,2,13.7568,4602.59
1047,0,0,2,13.7517,4577.99
1065,0,0,2,13.7355,4481.77
1064,0,0,2,13.7289,4448.51
1062,0,0,2,13.7225,4416.29
1063,0,0,2,13.7195,4401.93
1061,0,0,2,13.7159,4383.44
1080,0,0,2,13.7095,4350.62
1081,0,0,2,13.6992,4296.22
1098,0,0,2,13.6926,4261.45
1097,0,0,2,13.6848,4223.7
2037,0,0,2,13.6626,4111.29
1132,0,0,2,13.6534,4062.97
1135,0,0,2,13.6466,4028.91
2049,0,0,2,13.6416,4002.64
1159,0,0,2,13.6219,3898.99
1160,0,0,2,13.6083,3830.11
1330,0,0,2,13.604,3807.54
1339,0,0,2,13.5808,3688.55
1340,0,0,2,13.5762,3663.91
1348,0,0,2,13.5757,3661.36
1349,0,0,2,13.5746,3656.23
1357,0,0,2,13.5625,3593.62
1356,0,0,2,13.5617,3589.9
2076,0,0,2,13.5562,3559.5
1355,0,0,2,13.5549,3552.75
1364,0,0,2,13.5549,3552.54
1362,0,0,2,13.5448,3499.29
1382,0,0,2,13.5272,3402.07
1389,0,0,2,13.4993,3254.41
1388,0,0,2,13.4909,3207.39
1323,0,0,2,13.4901,3203.6
2072,0,0,2,13.463,3073.97
1588,0,0,2,13.4298,2897.76
1590,0,0,2,13.4085,2781.51
1589,0,0,2,13.3811,2643.15
1603,0,0,2,13.3602,2528.01
368,0,0,3,14.1584,6824.22,0.0801667,349.663,0.1,4
451,0,0,3,14.137,6706.92
1716,0,0,3,14.1346,6690.5
462,0,0,3,14.1274,6651.68
1990,0,0,3,14.1196,6598.64
452,0,0,3,14.1156,6566.56
453,0,0,3,14.1048,6479.14
455,0,0,3,14.0935,6411.33
454,0,0,3,14.0903,6393.95
457,0,0,3,14.0837,6339.88
456,0,0,3,14.0788,6310.84
458,0,0,3,14.0696,6249.93
459,0,0,3,14.0629,6204.58
1543,0,0,3,14.0544,6142.77
715,0,0,3,14.0493,6098.93
716,0,0,3,14.036,6024.57
722,0,0,3,14.0355,6021.76
724,0,0,3,14.0113,5878.4
728,0,0,3,14.0017,5813.25
731,0,0,3,13.9912,5754.43
730,0,0,3,13.9906,5750.97
2003,0,0,3,13.9631,5615.32
2147,0,0,3,13.9524,5557.94
743,0,0,3,13.9489,5540.9
2054,0,0,3,13.9488,5540.81
1166,0,0,3,13.938,5485.95
1664,0,0,3,13.9096,5341.81
139,0,0,4,14.3552,7801.69,0.102667,447.801,0.25,5
140,0,0,4,14.3344,7688.04
360,0,0,4,14.2957,7478.44
361,0,0,4,14.2832,7409.57
367,0,0,4,14.2494,7221.77
368,0,0,4,14.2386,7173.88
429,0,0,5,14.6759,9405.92,0,0,0
415,0,0,5,14.6536,9296.23
2138,0,0,5,14.6534,9295.2
411,0,0,5,14.6402,9221.97
400,0,0,5,14.6226,9134.11
391,0,0,5,14.6052,9042.58
383,0,0,5,14.5861,8942.8
382,0,0,5,14.5724,8872.49
376,0,0,5,14.5567,8785.38
369,0,0,5,14.5394,8690.19
360,0,0,5,14.5179,8574.6
140,0,0,5,14.4778,8359.37
139,0,0,5,14.4579,8249.49
912,1,0,0,12.6793,662.175,0.0361667,157.748,0.15,1
913,1,0,0,12.6763,645.262
914,1,0,0,12.6659,587.538
902,1,0,0,12.6596,552.537
887,1,0,0,12.643,467.238
2012,1,0,0,12.6255,375.593
884,1,0,0,12.621,352.657
1987,1,0,0,12.5836,162.675
428,1,0,0,12.5786,137.306
429,1,0,0,12.55,0
1603,1,0,1,13.0043,2358.51,0.0466667,203.546,0.03,2
1589,1,0,1,12.9806,2231.45
1560,1,0,1,12.9469,2050.34
1591,1,0,1,12.928,1945.25
1559,1,0,1,12.9091,1844.92
1320,1,0,1,12.9048,1822.71
1602,1,0,1,12.8879,1735.77
1312,1,0,1,12.8649,1606.65
1306,1,0,1,12.8648,1606.28
1599,1,0,1,12.8472,1509.83
1300,1,0,1,12.8429,1483.41
1298,1,0,1,12.8375,1454.23
1297,1,0,1,12.8352,1441.75
954,1,0,1,12.7981,1251.86
945,1,0,1,12.791,1215.2
926,1,0,1,12.7635,1074.52
911,1,0,1,12.7401,945.28
912,1,0,1,12.7155,819.923
1664,1,0,2,13.5397,5111.25,0.0606667,264.61,0.08,3
1172,1,0,2,13.511,4968.72
1023,1,0,2,13.4818,4813.03
1021,1,0,2,13.4672,4735.93
1022,1,0,2,13.4633,4716.7
1020,1,0,2,13.4547,4673.27
1019,1,0,2,13.4475,4636.64
1047,1,0,2,13.4424,4612.04
1065,1,0,2,13.4262,4515.81
1064,1,0,2,13.4196,4482.56
1062,1,0,2,13.4132,4450.34
1063,1,0,2,13.4103,4435.98
1061,1,0,2,13.4067,4417.49
1080,1,0,2,13.4003,4384.67
1081,1,0,2,13.39,4330.27
1098,1,0,2,13.3833,4295.5
1097,1,0,2,13.3755,4257.75
2037,1,0,2,13.3534,4145.34
1132,1,0,2,13.3441,4097.02
1135,1,0,2,13.3373,4062.96
2049,1,0,2,13.3324,4036.69
1159,1,0,2,13.3126,3933.03
1160,1,0,2,13.299,3864.16
1330,1,0,2,13.2947,3841.59
1339,1,0,2,13.2715,3722.6
1340,1,0,2,13.2669,3697.95
1348,1,0,2,13.2664,3695.41
1349,1,0,2,13.2654,3690.27
1357,1,0,2,13.2532,3627.67
1356,1,0,2,13.2525,3623.95
2076,1,0,2,13.2469,3593.54
1355,1,0,2,13.2457,3586.8
1364,1,0,2,13.2456,3586.59
1362,1,0,2,13.2355,3533.34
1382,1,0,2,13.2179,3436.12
1389,1,0,2,13.1901,3288.46
1388,1,0,2,13.1816,3241.43
1323,1,0,2,13.1808,3237.65
2072,1,0,2,13.1537,3108.02
1588,1,0,2,13.1206,2931.81
1590,1,0,2,13.0993,2815.56
1589,1,0,2,13.0718,2677.2
1603,1,0,2,13.0509,2562.06
139,1,0,3,13.9448,7408.73,0.0406667,177.376,0.22,4
140,1,0,3,13.9213,7283.54
360,1,0,3,13.8809,7066.94
366,1,0,3,13.8625,6966.33
371,1,0,3,13.8522,6907.32
372,1,0,3,13.8373,6803.33
460,1,0,3,13.8315,6768.68
461,1,0,3,13.8197,6700.1
462,1,0,3,13.8181,6685.72
1990,1,0,3,13.8103,6632.69
452,1,0,3,13.8063,6600.61
453,1,0,3,13.7956,6513.19
455,1,0,3,13.7842,6445.38
454,1,0,3,13.781,6428
457,1,0,3,13.7745,6373.93
456,1,0,3,13.7695,6344.89
458,1,0,3,13.7603,6283.98
459,1,0,3,13.7537,6238.63
1543,1,0,3,13.7451,6176.82
715,1,0,3,13.74,6132.98
716,1,0,3,13.7268,6058.62
722,1,0,3,13.7262,6055.8
724,1,0,3,13.702,5912.44
728,1,0,3,13.6924,5847.3
731,1,0,3,13.6819,5788.48
730,1,0,3,13.6813,5785.02
2003,1,0,3,13.6538,5649.37
2147,1,0,3,13.6431,5591.98
743,1,0,3,13.6396,5574.95
2054,1,0,3,13.6396,5574.86
1166,1,0,3,13.6288,5520
1664,1,0,3,13.6004,5375.86
368,1,0,4,14.0929,8180.53,0.0801667,349.663,0.1,5
367,1,0,4,14.0878,8155.33
361,1,0,4,14.0563,7977.94
360,1,0,4,14.0467,7916.69
140,1,0,4,14.0071,7703.65
139,1,0,4,13.9854,7586.1
429,1,0,5,14.3405,9449.87,0,0,0
1988,1,0,5,14.312,9306.25
417,1,0,5,14.2868,9181.86
418,1,0,5,14.2841,9166.5
1741,1,0,5,14.2779,9132.6
1740,1,0,5,14.2742,9112.31
1739,1,0,5,14.2689,9083.4
401,1,0,5,14.2591,9029.45
393,1,0,5,14.2461,8958.96
2136,1,0,5,14.2211,8824.47
2134,1,0,5,14.2086,8757.13
371,1,0,5,14.2033,8716.34
372,1,0,5,14.1892,8612.63
368,1,0,5,14.1731,8530.2
139,2,0,0,12.6253,1199.67,0.0526667,229.716,0.18,1
140,2,0,0,12.605,1088.05
360,2,0,0,12.5619,860.146
366,2,0,0,12.5447,764.395
2134,2,0,0,12.5325,697.704
2136,2,0,0,12.5204,631.809
393,2,0,0,12.4862,458.416
401,2,0,0,12.4738,390.328
1739,2,0,0,12.4643,338.004
1742,2,0,0,12.4561,296.363
1741,2,0,0,12.4505,265.545
418,2,0,0,12.4427,224.669
2139,2,0,0,12.439,203.706
2138,2,0,0,12.4224,110.515
415,2,0,0,12.422,108.239
429,2,0,0,12.4,0
368,2,0,1,12.7927,2050.78,0.0693333,302.411,0.09,2
367,2,0,1,12.7891,2031.88
361,2,0,1,12.7552,1844.1
360,2,0,1,12.7441,1780.55
140,2,0,1,12.6981,1540.1
139,2,0,1,12.678,1429.39
1664,2,0,2,13.1277,3912.6,0.0606667,264.61,0.08,3
1175,2,0,2,13.1146,3847.19
2054,2,0,2,13.0757,3654.43
743,2,0,2,13.0757,3654.34
739,2,0,2,13.0613,3576.91
1668,2,0,2,13.0449,3488.09
731,2,0,2,13.0354,3436.24
730,2,0,2,13.0347,3432.66
723,2,0,2,13.0013,3256.25
722,2,0,2,12.9881,3164.94
726,2,0,2,12.9771,3089.23
714,2,0,2,12.9769,3087.36
1543,2,0,2,12.9727,3057.4
459,2,0,2,12.9626,2994.3
458,2,0,2,12.9551,2947.96
456,2,0,2,12.9449,2885.89
457,2,0,2,12.9376,2847.54
454,2,0,2,12.9298,2793.42
455,2,0,2,12.9275,2779.2
453,2,0,2,12.9182,2713.61
452,2,0,2,12.9056,2626.11
1990,2,0,2,12.9021,2593.44
462,2,0,2,12.8926,2538.21
461,2,0,2,12.8901,2523.49
460,2,0,2,12.8806,2457.83
372,2,0,2,12.8754,2424.11
368,2,0,2,12.862,2353.19
1603,2,0,3,13.6995,6831.61,0.0466667,203.546,0.03,4
1589,2,0,3,13.6796,6721.05
1590,2,0,3,13.6343,6509.7
1588,2,0,3,13.6157,6405.08
2072,2,0,3,13.5826,6229.19
1323,2,0,3,13.5673,6148.32
1388,2,0,3,13.5665,6144.54
1389,2,0,3,13.5529,6075.64
1382,2,0,3,13.527,5936.31
1362,2,0,3,13.5043,5817.31
1361,2,0,3,13.4992,5790.31
1354,2,0,3,13.4992,5790.12
1355,2,0,3,13.4867,5730.46
2076,2,0,3,13.4848,5721.35
1356,2,0,3,13.4764,5678.64
1357,2,0,3,13.4757,5674.92
1358,2,0,3,13.4644,5616.55
1352,2,0,3,13.4539,5562.67
1351,2,0,3,13.4436,5508.98
1350,2,0,3,13.4359,5469.4
1414,2,0,3,13.4189,5385.6
2120,2,0,3,13.4091,5333.94
2097,2,0,3,13.4001,5287.4
1415,2,0,3,13.3866,5218.77
1416,2,0,3,13.3687,5131.03
1554,2,0,3,13.3672,5123.21
2079,2,0,3,13.3582,5079.35
2080,2,0,3,13.3423,5000.57
2081,2,0,3,13.3238,4905.91
1207,2,0,3,13.3041,4800.71
2061,2,0,3,13.2957,4753.7
2056,2,0,3,13.25,4491.82
1181,2,0,3,13.2471,4470.14
1180,2,0,3,13.247,4469.77
1179,2,0,3,13.2266,4370.46
1175,2,0,3,13.2047,4255.99
1664,2,0,3,13.1883,4177.21
912,2,0,4,14.0056,8498.38,0.100167,436.897,0.15,5
911,2,0,4,13.9884,8404.3
926,2,0,4,13.9607,8256.88
945,2,0,4,13.9339,8118.66
954,2,0,4,13.9272,8083.73
1297,2,0,4,13.8959,7918.6
1299,2,0,4,13.8904,7887.17
1600,2,0,4,13.8889,7873.72
1599,2,0,4,13.8884,7868.62
1601,2,0,4,13.8841,7836.98
1311,2,0,4,13.8692,7743.49
1319,2,0,4,13.8392,7557.45
1559,2,0,4,13.8355,7532.29
1591,2,0,4,13.8245,7457.43
1560,2,0,4,13.802,7336.77
1589,2,0,4,13.767,7150.29
1603,2,0,4,13.7461,7035.15
429,2,0,5,14.2231,9537.28,0,0,0
886,2,0,5,14.1805,9330.96
888,2,0,5,14.1584,9214.99
903,2,0,5,14.1473,9156.39
904,2,0,5,14.1438,9137.71
902,2,0,5,14.13,9064.47
914,2,0,5,14.1223,9023.02
913,2,0,5,14.1093,8954.26
912,2,0,5,14.1058,8935.28
139,3,0,0,12.5253,1199.67,0.0526667,229.716,0.18,1
140,3,0,0,12.505,1088.05
360,3,0,0,12.4619,860.146
366,3,0,0,12.4447,764.395
2134,3,0,0,12.4325,697.704
2136,3,0,0,12.4204,631.809
393,3,0,0,12.3862,458.416
401,3,0,0,12.3738,390.328
1739,3,0,0,12.3643,338.004
1742,3,0,0,12.3561,296.363
1741,3,0,0,12.3505,265.545
418,3,0,0,12.3427,224.669
2139,3,0,0,12.339,203.706
2138,3,0,0,12.3224,110.515
415,3,0,0,12.322,108.239
429,3,0,0,12.3,0
368,3,0,1,12.6927,2050.78,0.0693333,302.411,0.09,2
367,3,0,1,12.6891,2031.88
361,3,0,1,12.6552,1844.1
360,3,0,1,12.6441,1780.55
140,3,0,1,12.5981,1540.1
139,3,0,1,12.578,1429.39
1664,3,0,2,13.0277,3912.6,0.0606667,264.61,0.08,3
1175,3,0,2,13.0146,3847.19
2054,3,0,2,12.9757,3654.43
743,3,0,2,12.9757,3654.34
739,3,0,2,12.9613,3576.91
1668,3,0,2,12.9449,3488.09
731,3,0,2,12.9354,3436.24
730,3,0,2,12.9347,3432.66
723,3,0,2,12.9013,3256.25
722,3,0,2,12.8881,3164.94
726,3,0,2,12.8771,3089.23
714,3,0,2,12.8769,3087.36
1543,3,0,2,12.8727,3057.4
459,3,0,2,12.8626,2994.3
458,3,0,2,12.8551,2947.96
456,3,0,2,12.8449,2885.89
457,3,0,2,12.8377,2847.54
454,3,0,2,12.8298,2793.42
455,3,0,2,12.8275,2779.2
453,3,0,2,12.8182,2713.61
452,3,0,2,12.8056,2626.11
1990,3,0,2,12.8021,2593.44
462,3,0,2,12.7926,2538.21
461,3,0,2,12.7901,2523.49
460,3,0,2,12.7806,2457.83
372,3,0,2,12.7754,2424.11
368,3,0,2,12.762,2353.19
1603,3,0,3,13.5995,6831.61,0.0466667,203.546,0.03,4
1589,3,0,3,13.5796,6721.05
1590,3,0,3,13.5343,6509.7
1588,3,0,3,13.5157,6405.08
2072,3,0,3,13.4826,6229.19
1323,3,0,3,13.4673,6148.32
1388,3,0,3,13.4665,6144.54
1389,3,0,3,13.4529,6075.64
1382,3,0,3,13.427,5936.31
1362,3,0,3,13.4043,5817.31
1361,3,0,3,13.3992,5790.31
1354,3,0,3,13.3992,5790.12
1355,3,0,3,13.3867,5730.46
2076,3,0,3,13.3848,5721.35
1356,3,0,3,13.3764,5678.64
1357,3,0,3,13.3757,5674.92
1358,3,0,3,13.3644,5616.55
1352,3,0,3,13.3539,5562.67
1351,3,0,3,13.3436,5508.98
1350,3,0,3,13.3359,5469.4
1414,3,0,3,13.3189,5385.6
2120,3,0,3,13.3091,5333.94
2097,3,0,3,13.3001,5287.4
1415,3,0,3,13.2866,5218.77
1416,3,0,3,13.2687,5131.03
1554,3,0,3,13.2672,5123.21
2079,3,0,3,13.2582,5079.35
2080,3,0,3,13.2423,5000.57
2081,3,0,3,13.2238,4905.91
1207,3,0,3,13.2041,4800.71
2061,3,0,3,13.1957,4753.7
2056,3,0,3,13.15,4491.82
1181,3,0,3,13.1471,4470.14
1180,3,0,3,13.147,4469.77
1179,3,0,3,13.1266,4370.46
1175,3,0,3,13.1047,4255.99
1664,3,0,3,13.0883,4177.21
912,3,0,4,13.9056,8498.38,0.1015,442.712,0.14,5
911,3,0,4,13.8884,8404.3
926,3,0,4,13.8607,8256.88
945,3,0,4,13.8339,8118.66
954,3,0,4,13.8272,8083.73
1297,3,0,4,13.7959,7918.6
1299,3,0,4,13.7904,7887.17
1600,3,0,4,13.7889,7873.72
1599,3,0,4,13.7884,7868.62
1601,3,0,4,13.7841,7836.98
1311,3,0,4,13.7692,7743.49
1319,3,0,4,13.7392,7557.45
1559,3,0,4,13.7355,7532.29
1591,3,0,4,13.7245,7457.43
1560,3,0,4,13.702,7336.77
1589,3,0,4,13.667,7150.29
1603,3,0,4,13.6461,7035.15
429,3,0,5,14.1244,9543.09,0,0,0
886,3,0,5,14.0819,9336.77
888,3,0,5,14.0597,9220.81
903,3,0,5,14.0486,9162.21
904,3,0,5,14.0451,9143.53
902,3,0,5,14.0314,9070.29
914,3,0,5,14.0236,9028.83
913,3,0,5,14.0106,8960.08
912,3,0,5,14.0071,8941.1
368,4,0,0,12.8074,949.515,0.0693333,302.411,0.09,1
372,4,0,0,12.7863,846.645
371,4,0,0,12.7679,738.483
2134,4,0,0,12.7625,697.704
2136,4,0,0,12.7504,631.809
393,4,0,0,12.7162,458.416
401,4,0,0,12.7038,390.328
1739,4,0,0,12.6943,338.004
1742,4,0,0,12.6861,296.363
1741,4,0,0,12.6805,265.545
418,4,0,0,12.6727,224.669
2139,4,0,0,12.669,203.706
2138,4,0,0,12.6524,110.515
415,4,0,0,12.652,108.239
429,4,0,0,12.63,0
139,4,0,1,12.9916,1873.91,0.0526667,229.716,0.18,2
140,4,0,1,12.9712,1762.29
360,4,0,1,12.9282,1534.39
361,4,0,1,12.9142,1458.62
367,4,0,1,12.8799,1269.12
368,4,0,1,12.8767,1251.93
912,4,0,2,13.3261,3610.95,0.1015,442.712,0.14,3
900,4,0,2,13.3193,3574.28
882,4,0,2,13.2914,3422.82
880,4,0,2,13.2757,3340.52
881,4,0,2,13.2614,3262.34
1985,4,0,2,13.236,3124.28
409,4,0,2,13.2164,3025.72
397,4,0,2,13.1991,2935.07
390,4,0,2,13.1797,2834.11
382,4,0,2,13.1633,2746.54
376,4,0,2,13.1463,2653.94
369,4,0,2,13.1265,2547.53
360,4,0,2,13.1055,2434.22
140,4,0,2,13.0659,2221.18
139,4,0,2,13.0442,2103.63
1603,4,0,3,13.7056,5558.21,0.0466667,203.546,0.03,4
1589,4,0,3,13.6855,5446.42
1560,4,0,3,13.652,5266.21
1591,4,0,3,13.6343,5166.33
1559,4,0,3,13.6167,5071.34
1319,4,0,3,13.6097,5035.1
1311,4,0,3,13.579,4848.09
1312,4,0,3,13.5641,4771.08
1306,4,0,3,13.564,4770.72
1301,4,0,3,13.549,4691.53
2024,4,0,3,13.5392,4637.84
2025,4,0,3,13.5275,4570.95
1598,4,0,3,13.5226,4545.57
948,4,0,3,13.5179,4519.53
928,4,0,3,13.507,4460.1
923,4,0,3,13.4719,4283.84
924,4,0,3,13.4636,4244.52
914,4,0,3,13.4434,4138.47
913,4,0,3,13.431,4072.15
912,4,0,3,13.4276,4053.67
1664,4,0,4,14.241,8310.94,0.0496667,216.631,0.07,5
1172,4,0,4,14.2123,8168.41
1023,4,0,4,14.1832,8012.73
1021,4,0,4,14.1685,7935.62
1022,4,0,4,14.1646,7916.39
1020,4,0,4,14.156,7872.97
1019,4,0,4,14.1489,7836.33
1047,4,0,4,14.1438,7811.73
1065,4,0,4,14.1276,7715.51
1064,4,0,4,14.1209,7682.25
1062,4,0,4,14.1146,7650.03
1063,4,0,4,14.1116,7635.67
1061,4,0,4,14.108,7617.18
1080,4,0,4,14.1016,7584.36
1081,4,0,4,14.0913,7529.96
1098,4,0,4,14.0846,7495.19
1097,4,0,4,14.0768,7457.45
2037,4,0,4,14.0547,7345.03
1132,4,0,4,14.0454,7296.72
1135,4,0,4,14.0387,7262.65
2049,4,0,4,14.0337,7236.38
1159,4,0,4,14.0139,7132.73
1160,4,0,4,14.0003,7063.85
1330,4,0,4,13.996,7041.28
1339,4,0,4,13.9729,6922.29
1340,4,0,4,13.9682,6897.65
1348,4,0,4,13.9677,6895.1
1349,4,0,4,13.9667,6889.97
1357,4,0,4,13.9546,6827.36
1356,4,0,4,13.9538,6823.64
2076,4,0,4,13.9483,6793.24
1355,4,0,4,13.947,6786.49
1364,4,0,4,13.947,6786.28
1362,4,0,4,13.9369,6733.04
1382,4,0,4,13.9193,6635.81
1389,4,0,4,13.8914,6488.15
1388,4,0,4,13.8829,6441.13
1323,4,0,4,13.8822,6437.34
2072,4,0,4,13.8551,6307.71
1588,4,0,4,13.8219,6131.5
1590,4,0,4,13.8006,6015.26
1589,4,0,4,13.7732,5876.89
1603,4,0,4,13.7523,5761.75
429,4,0,5,14.6085,10264.4,0,0,0
1988,4,0,5,14.5777,10111.3
417,4,0,5,14.5544,9994.71
418,4,0,5,14.5511,9976.9
419,4,0,5,14.5353,9889.9
423,4,0,5,14.5307,9855.46
609,4,0,5,14.5248,9799.14
628,4,0,5,14.5155,9725.01
561,4,0,5,14.5119,9700.48
557,4,0,5,14.5047,9653.52
554,4,0,5,14.5026,9643.03
565,4,0,5,14.4944,9597.4
573,4,0,5,14.4891,9570.81
574,4,0,5,14.4805,9519.78
580,4,0,5,14.4595,9410.14
596,4,0,5,14.4533,9350.29
595,4,0,5,14.449,9322.95
603,4,0,5,14.444,9297.15
552,4,0,5,14.4101,9130.97
1800,4,0,5,14.4018,9088.24
755,4,0,5,14.3854,9005.98
708,4,0,5,14.3693,8923.26
996,4,0,5,14.3688,8921.04
1671,4,0,5,14.3459,8804.73
1165,4,0,5,14.3354,8752.21
1799,4,0,5,14.3263,8706.1
1172,4,0,5,14.3187,8667.12
1664,4,0,5,14.2907,8527.58
368,5,0,0,12.2574,949.515,0.0693333,302.411,0.09,1
372,5,0,0,12.2363,846.645
371,5,0,0,12.2179,738.483
2134,5,0,0,12.2125,697.704
2136,5,0,0,12.2004,631.809
393,5,0,0,12.1662,458.416
401,5,0,0,12.1538,390.328
1739,5,0,0,12.1443,338.004
1742,5,0,0,12.1361,296.363
1741,5,0,0,12.1305,265.545
418,5,0,0,12.1227,224.669
2139,5,0,0,12.119,203.706
2138,5,0,0,12.1024,110.515
415,5,0,0,12.102,108.239
429,5,0,0,12.08,0
139,5,0,1,12.4416,1873.91,0.0526667,229.716,0.18,2
140,5,0,1,12.4212,1762.29
360,5,0,1,12.3782,1534.39
361,5,0,1,12.3642,1458.62
367,5,0,1,12.3299,1269.12
368,5,0,1,12.3267,1251.93
1603,5,0,2,12.9956,4916.14,0.100667,439.078,0.02,3
1589,5,0,2,12.9721,4789.8
1560,5,0,2,12.9382,4607.79
1591,5,0,2,12.9172,4493.6
1559,5,0,2,12.897,4388.02
1319,5,0,2,12.8914,4357.29
1318,5,0,2,12.8837,4314.51
1292,5,0,2,12.883,4310.78
1285,5,0,2,12.8503,4122.23
1310,5,0,2,12.8496,4118.91
1553,5,0,2,12.8258,3991.47
1298,5,0,2,12.822,3970.39
2176,5,0,2,12.8156,3931.36
2066,5,0,2,12.8055,3864.37
869,5,0,2,12.7963,3789.22
1856,5,0,2,12.7897,3744.23
855,5,0,2,12.7896,3743.52
843,5,0,2,12.767,3627.46
832,5,0,2,12.7567,3566.99
831,5,0,2,12.7508,3534.93
2153,5,0,2,12.7508,3534.85
821,5,0,2,12.7392,3475.28
2008,5,0,2,12.7307,3432.49
812,5,0,2,12.7127,3334.79
807,5,0,2,12.7126,3334
356,5,0,2,12.6964,3249.2
1981,5,0,2,12.6842,3165.69
345,5,0,2,12.664,3062.11
341,5,0,2,12.6546,3012.14
2132,5,0,2,12.6544,3010.09
328,5,0,2,12.6377,2914.55
2115,5,0,2,12.6277,2861.35
329,5,0,2,12.624,2841.31
1979,5,0,2,12.6167,2805.85
1978,5,0,2,12.5768,2581.85
107,5,0,2,12.5687,2528.12
1967,5,0,2,12.5657,2499.42
105,5,0,2,12.5409,2350.97
136,5,0,2,12.5084,2178.29
139,5,0,2,12.4942,2103.63
912,5,0,3,13.3557,6818.45,0.1015,442.712,0.14,4
911,5,0,3,13.3385,6724.36
926,5,0,3,13.3108,6576.95
945,5,0,3,13.284,6438.73
954,5,0,3,13.2773,6403.79
1297,5,0,3,13.246,6238.67
1299,5,0,3,13.2405,6207.23
1600,5,0,3,13.239,6193.78
1599,5,0,3,13.2385,6188.69
1601,5,0,3,13.2342,6157.05
1311,5,0,3,13.2193,6063.56
1319,5,0,3,13.1893,5877.52
1559,5,0,3,13.1856,5852.35
1591,5,0,3,13.1746,5777.49
1560,5,0,3,13.1521,5656.84
1589,5,0,3,13.1171,5470.36
1603,5,0,3,13.0963,5355.22
429,5,0,4,13.58,7885.3,0,0,0
886,5,0,4,13.5313,7653.89
888,5,0,4,13.5115,7547.78
903,5,0,4,13.4977,7477.9
904,5,0,4,13.4943,7459.52
902,5,0,4,13.4806,7386.78
914,5,0,4,13.4731,7345.96
913,5,0,4,13.4606,7279.65
912,5,0,4,13.4572,7261.16
1664,5,1,0,14.958,1629.73,0.0496667,216.631,0.07,1
1172,5,1,0,14.9374,1521.45
1799,5,1,0,14.928,1474.69
1671,5,1,0,14.915,1408
1672,5,1,0,14.897,1313.41
708,5,1,0,14.8798,1229.31
709,5,1,0,14.8713,1187.13
1667,5,1,0,14.8366,1014.01
2179,5,1,0,14.8353,1008.13
662,5,1,0,14.8291,978.483
602,5,1,0,14.8179,910.417
604,5,1,0,14.8155,893.73
596,5,1,0,14.8154,892.758
580,5,1,0,14.8011,816.552
574,5,1,0,14.7797,705.648
573,5,1,0,14.77,651.241
564,5,1,0,14.7632,613.852
557,5,1,0,14.7572,580.305
561,5,1,0,14.7511,533.943
628,5,1,0,14.7475,509.469
609,5,1,0,14.7364,434.843
423,5,1,0,14.7305,378.523
419,5,1,0,14.7263,343.934
418,5,1,0,14.7086,248.624
2139,5,1,0,14.7049,227.99
2138,5,1,0,14.6882,134.184
415,5,1,0,14.6877,131.908
429,5,1,0,14.66,0
429,5,1,1,15.2975,3485.49,0,0,0
1988,5,1,1,15.2729,3358.36
417,5,1,1,15.2505,3245.77
418,5,1,1,15.2471,3227.36
419,5,1,1,15.2304,3136.56
423,5,1,1,15.2256,3102.09
609,5,1,1,15.2197,3045.77
628,5,1,1,15.2107,2971.48
561,5,1,1,15.2068,2946.69
557,5,1,1,15.1994,2899.5
554,5,1,1,15.197,2887.4
565,5,1,1,15.1899,2845.19
573,5,1,1,15.1845,2818.6
574,5,1,1,15.1773,2769.13
580,5,1,1,15.1601,2676.18
596,5,1,1,15.154,2616.32
595,5,1,1,15.15,2589.3
603,5,1,1,15.1449,2563.09
552,5,1,1,15.1157,2416.36
1800,5,1,1,15.1045,2361.71
755,5,1,1,15.0883,2280.33
708,5,1,1,15.0679,2179.68
996,5,1,1,15.0674,2177.46
1023,5,1,1,15.0523,2100.03
1172,5,1,1,15.0342,1979.93
1664,5,1,1,15.0077,1846.37
