Node, Individual, Route,Segment, Travel time, Travel cost, Attention time, Attention cost, Failure rate, Demand
912,0,0,0,12.9793,662.175,0.0361667,157.748,0.15,1
913,0,0,0,12.9763,645.262
914,0,0,0,12.9659,587.538
902,0,0,0,12.9596,552.537
887,0,0,0,12.943,467.238
2012,0,0,0,12.9255,375.593
884,0,0,0,12.921,352.657
1987,0,0,0,12.8836,162.675
428,0,0,0,12.8786,137.306
429,0,0,0,12.85,0
1603,0,0,1,13.2935,2324.47,0.0466667,203.546,0.03,2
1589,0,0,1,13.2734,2212.68
1560,0,0,1,13.2399,2032.47
1591,0,0,1,13.2223,1932.59
1559,0,0,1,13.2046,1837.6
1319,0,0,1,13.1976,1801.36
1311,0,0,1,13.1669,1614.35
1312,0,0,1,13.1521,1537.34
1306,0,0,1,13.152,1536.98
1301,0,0,1,13.1369,1457.79
2024,0,0,1,13.1272,1404.1
2025,0,0,1,13.1154,1337.21
1598,0,0,1,13.1105,1311.82
948,0,0,1,13.1058,1285.79
928,0,0,1,13.095,1226.36
923,0,0,1,13.0598,1050.1
924,0,0,1,13.0515,1010.78
914,0,0,1,13.0313,904.723
913,0,0,1,13.0189,838.408
912,0,0,1,13.0155,819.923
1664,0,0,2,13.829,5077.2,0.0606667,264.61,0.08,3
1172,0,0,2,13.8002,4934.67
1023,0,0,2,13.7711,4778.98
1021,0,0,2,13.7564,4701.88
1022,0,0,2,13.7526,4682.65
1020,0,0,2,13.744,4639.22
1019,0,0,2,13.7368,4602.59
1047,0,0,2,13.7317,4577.99
1065,0,0,2,13.7155,4481.77
1064,0,0,2,13.7089,4448.51
1062,0,0,2,13.7025,4416.29
1063,0,0,2,13.6995,4401.93
1061,0,0,2,13.6959,4383.44
1080,0,0,2,13.6895,4350.62
1081,0,0,2,13.6792,4296.22
1098,0,0,2,13.6726,4261.45
1097,0,0,2,13.6648,4223.7
2037,0,0,2,13.6426,4111.29
1132,0,0,2,13.6334,4062.97
1135,0,0,2,13.6266,4028.91
2049,0,0,2,13.6216,4002.64
1159,0,0,2,13.6019,3898.99
1160,0,0,2,13.5883,3830.11
1330,0,0,2,13.584,3807.54
1339,0,0,2,13.5608,3688.55
1340,0,0,2,13.5562,3663.91
1348,0,0,2,13.5557,3661.36
1349,0,0,2,13.5546,3656.23
1357,0,0,2,13.5425,3593.62
1356,0,0,2,13.5417,3589.9
2076,0,0,2,13.5362,3559.5
1355,0,0,2,13.5349,3552.75
1364,0,0,2,13.5349,3552.54
1362,0,0,2,13.5248,3499.29
1382,0,0,2,13.5072,3402.07
1389,0,0,2,13.4793,3254.41
1388,0,0,2,13.4709,3207.39
1323,0,0,2,13.4701,3203.6
2072,0,0,2,13.443,3073.97
1588,0,0,2,13.4098,2897.76
1590,0,0,2,13.3885,2781.51
1589,0,0,2,13.3611,2643.15
1603,0,0,2,13.3402,2528.01
368,0,0,3,14.1384,6824.22,0.0801667,349.663,0.1,4
451,0,0,3,14.117,6706.92
1716,0,0,3,14.1146,6690.5
462,0,0,3,14.1074,6651.68
1990,0,0,3,14.0996,6598.64
452,0,0,3,14.0956,6566.56
453,0,0,3,14.0848,6479.14
455,0,0,3,14.0735,6411.33
454,0,0,3,14.0703,6393.95
457,0,0,3,14.0637,6339.88
456,0,0,3,14.0588,6310.84
458,0,0,3,14.0496,6249.93
459,0,0,3,14.0429,6204.58
1543,0,0,3,14.0344,6142.77
715,0,0,3,14.0293,6098.93
716,0,0,3,14.016,6024.57
722,0,0,3,14.0155,6021.76
724,0,0,3,13.9913,5878.4
728,0,0,3,13.9817,5813.25
731,0,0,3,13.9712,5754.43
730,0,0,3,13.9706,5750.97
2003,0,0,3,13.9431,5615.32
2147,0,0,3,13.9324,5557.94
743,0,0,3,13.9289,5540.9
2054,0,0,3,13.9288,5540.81
1166,0,0,3,13.918,5485.95
1664,0,0,3,13.8896,5341.81
139,0,0,4,14.3352,7801.69,0.102667,447.801,0.25,5
140,0,0,4,14.3144,7688.04
360,0,0,4,14.2757,7478.44
361,0,0,4,14.2632,7409.57
367,0,0,4,14.2294,7221.77
368,0,0,4,14.2186,7173.88
429,0,0,5,14.6559,9405.92,0,0,0
415,0,0,5,14.6336,9296.23
2138,0,0,5,14.6334,9295.2
411,0,0,5,14.6202,9221.97
400,0,0,5,14.6026,9134.11
391,0,0,5,14.5852,9042.58
383,0,0,5,14.5661,8942.8
382,0,0,5,14.5524,8872.49
376,0,0,5,14.5366,8785.38
369,0,0,5,14.5194,8690.19
360,0,0,5,14.4979,8574.6
140,0,0,5,14.4578,8359.37
139,0,0,5,14.4379,8249.49
912,1,0,0,12.6893,662.175,0.0361667,157.748,0.15,1
913,1,0,0,12.6863,645.262
914,1,0,0,12.6759,587.538
902,1,0,0,12.6696,552.537
887,1,0,0,12.653,467.238
2012,1,0,0,12.6355,375.593
884,1,0,0,12.631,352.657
1987,1,0,0,12.5936,162.675
428,1,0,0,12.5886,137.306
429,1,0,0,12.56,0
1603,1,0,1,13.0143,2358.51,0.0466667,203.546,0.03,2
1589,1,0,1,12.9906,2231.45
1560,1,0,1,12.9569,2050.34
1591,1,0,1,12.938,1945.25
1559,1,0,1,12.9191,1844.92
1320,1,0,1,12.9148,1822.71
1602,1,0,1,12.8979,1735.77
1312,1,0,1,12.8749,1606.65
1306,1,0,1,12.8748,1606.28
1599,1,0,1,12.8572,1509.83
1300,1,0,1,12.8529,1483.41
1298,1,0,1,12.8475,1454.23
1297,1,0,1,12.8452,1441.75
954,1,0,1,12.8081,1251.86
945,1,0,1,12.801,1215.2
926,1,0,1,12.7735,1074.52
911,1,0,1,12.7501,945.28
912,1,0,1,12.7255,819.923
1664,1,0,2,13.5497,5111.25,0.0606667,264.61,0.08,3
1172,1,0,2,13.521,4968.72
1023,1,0,2,13.4918,4813.03
1021,1,0,2,13.4772,4735.93
1022,1,0,2,13.4733,4716.7
1020,1,0,2,13.4647,4673.27
1019,1,0,2,13.4575,4636.64
1047,1,0,2,13.4524,4612.04
1065,1,0,2,13.4362,4515.81
1064,1,0,2,13.4296,4482.56
1062,1,0,2,13.4232,4450.34
1063,1,0,2,13.4203,4435.98
1061,1,0,2,13.4167,4417.49
1080,1,0,2,13.4103,4384.67
1081,1,0,2,13.4,4330.27
1098,1,0,2,13.3933,4295.5
1097,1,0,2,13.3855,4257.75
2037,1,0,2,13.3634,4145.34
1132,1,0,2,13.3541,4097.02
1135,1,0,2,13.3473,4062.96
2049,1,0,2,13.3424,4036.69
1159,1,0,2,13.3226,3933.03
1160,1,0,2,13.309,3864.16
1330,1,0,2,13.3047,3841.59
1339,1,0,2,13.2815,3722.6
1340,1,0,2,13.2769,3697.95
1348,1,0,2,13.2764,3695.41
1349,1,0,2,13.2754,3690.27
1357,1,0,2,13.2632,3627.67
1356,1,0,2,13.2625,3623.95
2076,1,0,2,13.2569,3593.54
1355,1,0,2,13.2557,3586.8
1364,1,0,2,13.2556,3586.59
1362,1,0,2,13.2455,3533.34
1382,1,0,2,13.2279,3436.12
1389,1,0,2,13.2001,3288.46
1388,1,0,2,13.1916,3241.43
1323,1,0,2,13.1908,3237.65
2072,1,0,2,13.1637,3108.02
1588,1,0,2,13.1306,2931.81
1590,1,0,2,13.1093,2815.56
1589,1,0,2,13.0818,2677.2
1603,1,0,2,13.0609,2562.06
139,1,0,3,13.9548,7408.73,0.0406667,177.376,0.22,4
140,1,0,3,13.9313,7283.54
360,1,0,3,13.8909,7066.94
366,1,0,3,13.8725,6966.33
371,1,0,3,13.8622,6907.32
372,1,0,3,13.8473,6803.33
460,1,0,3,13.8415,6768.68
461,1,0,3,13.8297,6700.1
462,1,0,3,13.8281,6685.72
1990,1,0,3,13.8203,6632.69
452,1,0,3,13.8163,6600.61
453,1,0,3,13.8056,6513.19
455,1,0,3,13.7942,6445.38
454,1,0,3,13.791,6428
457,1,0,3,13.7845,6373.93
456,1,0,3,13.7795,6344.89
458,1,0,3,13.7703,6283.98
459,1,0,3,13.7637,6238.63
1543,1,0,3,13.7551,6176.82
715,1,0,3,13.75,6132.98
716,1,0,3,13.7368,6058.62
722,1,0,3,13.7362,6055.8
724,1,0,3,13.712,5912.44
728,1,0,3,13.7024,5847.3
731,1,0,3,13.6919,5788.48
730,1,0,3,13.6913,5785.02
2003,1,0,3,13.6638,5649.37
2147,1,0,3,13.6531,5591.98
743,1,0,3,13.6496,5574.95
2054,1,0,3,13.6496,5574.86
1166,1,0,3,13.6388,5520
1664,1,0,3,13.6104,5375.86
368,1,0,4,14.1029,8180.53,0.0801667,349.663,0.1,5
367,1,0,4,14.0978,8155.33
361,1,0,4,14.0663,7977.94
360,1,0,4,14.0567,7916.69
140,1,0,4,14.0171,7703.65
139,1,0,4,13.9954,7586.1
429,1,0,5,14.3505,9449.87,0,0,0
1988,1,0,5,14.322,9306.25
417,1,0,5,14.2968,9181.86
418,1,0,5,14.2941,9166.5
1741,1,0,5,14.2879,9132.6
1740,1,0,5,14.2842,9112.31
1739,1,0,5,14.2789,9083.4
401,1,0,5,14.2691,9029.45
393,1,0,5,14.2561,8958.96
2136,1,0,5,14.2311,8824.47
2134,1,0,5,14.2186,8757.13
371,1,0,5,14.2133,8716.34
372,1,0,5,14.1992,8612.63
368,1,0,5,14.1831,8530.2
139,2,0,0,12.6553,1199.67,0.0526667,229.716,0.18,1
140,2,0,0,12.635,1088.05
360,2,0,0,12.5919,860.146
366,2,0,0,12.5747,764.395
2134,2,0,0,12.5625,697.704
2136,2,0,0,12.5504,631.809
393,2,0,0,12.5162,458.416
401,2,0,0,12.5038,390.328
1739,2,0,0,12.4943,338.004
1742,2,0,0,12.4861,296.363
1741,2,0,0,12.4805,265.545
418,2,0,0,12.4727,224.669
2139,2,0,0,12.469,203.706
2138,2,0,0,12.4524,110.515
415,2,0,0,12.452,108.239
429,2,0,0,12.43,0
368,2,0,1,12.8227,2050.78,0.0693333,302.411,0.09,2
367,2,0,1,12.8191,2031.88
361,2,0,1,12.7852,1844.1
360,2,0,1,12.7741,1780.55
140,2,0,1,12.7281,1540.1
139,2,0,1,12.708,1429.39
1664,2,0,2,13.1577,3912.6,0.0606667,264.61,0.08,3
1175,2,0,2,13.1446,3847.19
2054,2,0,2,13.1057,3654.43
743,2,0,2,13.1057,3654.34
739,2,0,2,13.0913,3576.91
1668,2,0,2,13.0749,3488.09
731,2,0,2,13.0654,3436.24
730,2,0,2,13.0647,3432.66
723,2,0,2,13.0313,3256.25
722,2,0,2,13.0181,3164.94
726,2,0,2,13.0071,3089.23
714,2,0,2,13.0069,3087.36
1543,2,0,2,13.0027,3057.4
459,2,0,2,12.9926,2994.3
458,2,0,2,12.9851,2947.96
456,2,0,2,12.9749,2885.89
457,2,0,2,12.9677,2847.54
454,2,0,2,12.9598,2793.42
455,2,0,2,12.9575,2779.2
453,2,0,2,12.9482,2713.61
452,2,0,2,12.9356,2626.11
1990,2,0,2,12.9321,2593.44
462,2,0,2,12.9226,2538.21
461,2,0,2,12.9201,2523.49
460,2,0,2,12.9106,2457.83
372,2,0,2,12.9054,2424.11
368,2,0,2,12.892,2353.19
1603,2,0,3,13.7295,6831.61,0.0466667,203.546,0.03,4
1589,2,0,3,13.7097,6721.05
1590,2,0,3,13.6643,6509.7
1588,2,0,3,13.6457,6405.08
2072,2,0,3,13.6126,6229.19
1323,2,0,3,13.5973,6148.32
1388,2,0,3,13.5965,6144.54
1389,2,0,3,13.5829,6075.64
1382,2,0,3,13.557,5936.31
1362,2,0,3,13.5343,5817.31
1361,2,0,3,13.5292,5790.31
1354,2,0,3,13.5292,5790.12
1355,2,0,3,13.5167,5730.46
2076,2,0,3,13.5148,5721.35
1356,2,0,3,13.5064,5678.64
1357,2,0,3,13.5057,5674.92
1358,2,0,3,13.4944,5616.55
1352,2,0,3,13.4839,5562.67
1351,2,0,3,13.4736,5508.98
1350,2,0,3,13.4659,5469.4
1414,2,0,3,13.4489,5385.6
2120,2,0,3,13.4391,5333.94
2097,2,0,3,13.4301,5287.4
1415,2,0,3,13.4166,5218.77
1416,2,0,3,13.3987,5131.03
1554,2,0,3,13.3972,5123.21
2079,2,0,3,13.3882,5079.35
2080,2,0,3,13.3723,5000.57
2081,2,0,3,13.3538,4905.91
1207,2,0,3,13.3341,4800.71
2061,2,0,3,13.3257,4753.7
2056,2,0,3,13.28,4491.82
1181,2,0,3,13.2771,4470.14
1180,2,0,3,13.277,4469.77
1179,2,0,3,13.2566,4370.46
1175,2,0,3,13.2347,4255.99
1664,2,0,3,13.2183,4177.21
912,2,0,4,14.0356,8498.38,0.100167,436.897,0.15,5
911,2,0,4,14.0184,8404.3
926,2,0,4,13.9907,8256.88
945,2,0,4,13.9639,8118.66
954,2,0,4,13.9572,8083.73
1297,2,0,4,13.9259,7918.6
1299,2,0,4,13.9204,7887.17
1600,2,0,4,13.9189,7873.72
1599,2,0,4,13.9184,7868.62
1601,2,0,4,13.9141,7836.98
1311,2,0,4,13.8992,7743.49
1319,2,0,4,13.8692,7557.45
1559,2,0,4,13.8655,7532.29
1591,2,0,4,13.8545,7457.43
1560,2,0,4,13.832,7336.77
1589,2,0,4,13.797,7150.29
1603,2,0,4,13.7761,7035.15
429,2,0,5,14.2531,9537.28,0,0,0
886,2,0,5,14.2105,9330.96
888,2,0,5,14.1884,9214.99
903,2,0,5,14.1773,9156.39
904,2,0,5,14.1738,9137.71
902,2,0,5,14.16,9064.47
914,2,0,5,14.1523,9023.02
913,2,0,5,14.1393,8954.26
912,2,0,5,14.1358,8935.28
139,3,0,0,12.5953,1199.67,0.0526667,229.716,0.18,1
140,3,0,0,12.575,1088.05
360,3,0,0,12.5319,860.146
366,3,0,0,12.5147,764.395
2134,3,0,0,12.5025,697.704
2136,3,0,0,12.4904,631.809
393,3,0,0,12.4562,458.416
401,3,0,0,12.4438,390.328
1739,3,0,0,12.4343,338.004
1742,3,0,0,12.4261,296.363
1741,3,0,0,12.4205,265.545
418,3,0,0,12.4127,224.669
2139,3,0,0,12.409,203.706
2138,3,0,0,12.3924,110.515
415,3,0,0,12.392,108.239
429,3,0,0,12.37,0
368,3,0,1,12.7627,2050.78,0.0693333,302.411,0.09,2
367,3,0,1,12.7591,2031.88
361,3,0,1,12.7252,1844.1
360,3,0,1,12.7141,1780.55
140,3,0,1,12.6681,1540.1
139,3,0,1,12.648,1429.39
1664,3,0,2,13.0977,3912.6,0.0606667,264.61,0.08,3
1175,3,0,2,13.0846,3847.19
2054,3,0,2,13.0457,3654.43
743,3,0,2,13.0457,3654.34
739,3,0,2,13.0313,3576.91
1668,3,0,2,13.0149,3488.09
731,3,0,2,13.0054,3436.24
730,3,0,2,13.0047,3432.66
723,3,0,2,12.9713,3256.25
722,3,0,2,12.9581,3164.94
726,3,0,2,12.9471,3089.23
714,3,0,2,12.9469,3087.36
1543,3,0,2,12.9427,3057.4
459,3,0,2,12.9326,2994.3
458,3,0,2,12.9251,2947.96
456,3,0,2,12.9149,2885.89
457,3,0,2,12.9076,2847.54
454,3,0,2,12.8998,2793.42
455,3,0,2,12.8975,2779.2
453,3,0,2,12.8882,2713.61
452,3,0,2,12.8756,2626.11
1990,3,0,2,12.8721,2593.44
462,3,0,2,12.8626,2538.21
461,3,0,2,12.8601,2523.49
460,3,0,2,12.8506,2457.83
372,3,0,2,12.8454,2424.11
368,3,0,2,12.832,2353.19
1603,3,0,3,13.6695,6831.61,0.0466667,203.546,0.03,4
1589,3,0,3,13.6496,6721.05
1590,3,0,3,13.6043,6509.7
1588,3,0,3,13.5857,6405.08
2072,3,0,3,13.5526,6229.19
1323,3,0,3,13.5373,6148.32
1388,3,0,3,13.5365,6144.54
1389,3,0,3,13.5229,6075.64
1382,3,0,3,13.497,5936.31
1362,3,0,3,13.4743,5817.31
1361,3,0,3,13.4692,5790.31
1354,3,0,3,13.4692,5790.12
1355,3,0,3,13.4567,5730.46
2076,3,0,3,13.4548,5721.35
1356,3,0,3,13.4464,5678.64
1357,3,0,3,13.4457,5674.92
1358,3,0,3,13.4344,5616.55
1352,3,0,3,13.4239,5562.67
1351,3,0,3,13.4136,5508.98
1350,3,0,3,13.4059,5469.4
1414,3,0,3,13.3889,5385.6
2120,3,0,3,13.3791,5333.94
2097,3,0,3,13.3701,5287.4
1415,3,0,3,13.3566,5218.77
1416,3,0,3,13.3387,5131.03
1554,3,0,3,13.3372,5123.21
2079,3,0,3,13.3282,5079.35
2080,3,0,3,13.3123,5000.57
2081,3,0,3,13.2938,4905.91
1207,3,0,3,13.2741,4800.71
2061,3,0,3,13.2657,4753.7
2056,3,0,3,13.22,4491.82
1181,3,0,3,13.2171,4470.14
1180,3,0,3,13.217,4469.77
1179,3,0,3,13.1966,4370.46
1175,3,0,3,13.1747,4255.99
1664,3,0,3,13.1583,4177.21
912,3,0,4,13.9756,8498.38,0.1015,442.712,0.14,5
911,3,0,4,13.9584,8404.3
926,3,0,4,13.9307,8256.88
945,3,0,4,13.9039,8118.66
954,3,0,4,13.8972,8083.73
1297,3,0,4,13.8659,7918.6
1299,3,0,4,13.8604,7887.17
1600,3,0,4,13.8589,7873.72
1599,3,0,4,13.8584,7868.62
1601,3,0,4,13.8541,7836.98
1311,3,0,4,13.8392,7743.49
1319,3,0,4,13.8092,7557.45
1559,3,0,4,13.8055,7532.29
1591,3,0,4,13.7945,7457.43
1560,3,0,4,13.772,7336.77
1589,3,0,4,13.737,7150.29
1603,3,0,4,13.7161,7035.15
429,3,0,5,14.1944,9543.09,0,0,0
886,3,0,5,14.1519,9336.77
888,3,0,5,14.1297,9220.81
903,3,0,5,14.1186,9162.21
904,3,0,5,14.1151,9143.53
902,3,0,5,14.1014,9070.29
914,3,0,5,14.0936,9028.83
913,3,0,5,14.0806,8960.08
912,3,0,5,14.0771,8941.1
368,4,0,0,12.7874,949.515,0.0693333,302.411,0.09,1
372,4,0,0,12.7663,846.645
371,4,0,0,12.7479,738.483
2134,4,0,0,12.7425,697.704
2136,4,0,0,12.7304,631.809
393,4,0,0,12.6962,458.416
401,4,0,0,12.6838,390.328
1739,4,0,0,12.6743,338.004
1742,4,0,0,12.6661,296.363
1741,4,0,0,12.6605,265.545
418,4,0,0,12.6527,224.669
2139,4,0,0,12.649,203.706
2138,4,0,0,12.6324,110.515
415,4,0,0,12.632,108.239
429,4,0,0,12.61,0
139,4,0,1,12.9716,1873.91,0.0526667,229.716,0.18,2
140,4,0,1,12.9512,1762.29
360,4,0,1,12.9082,1534.39
361,4,0,1,12.8942,1458.62
367,4,0,1,12.8599,1269.12
368,4,0,1,12.8567,1251.93
912,4,0,2,13.3061,3610.95,0.1015,442.712,0.14,3
900,4,0,2,13.2993,3574.28
882,4,0,2,13.2714,3422.82
880,4,0,2,13.2557,3340.52
881,4,0,2,13.2414,3262.34
1985,4,0,2,13.216,3124.28
409,4,0,2,13.1964,3025.72
397,4,0,2,13.1791,2935.07
390,4,0,2,13.1597,2834.11
382,4,0,2,13.1433,2746.54
376,4,0,2,13.1263,2653.94
369,4,0,2,13.1065,2547.53
360,4,0,2,13.0855,2434.22
140,4,0,2,13.0459,2221.18
139,4,0,2,13.0242,2103.63
1603,4,0,3,13.6856,5558.21,0.0466667,203.546,0.03,4
1589,4,0,3,13.6655,5446.42
1560,4,0,3,13.632,5266.21
1591,4,0,3,13.6143,5166.33
1559,4,0,3,13.5967,5071.34
1319,4,0,3,13.5897,5035.1
1311,4,0,3,13.559,4848.09
1312,4,0,3,13.5441,4771.08
1306,4,0,3,13.544,4770.72
1301,4,0,3,13.529,4691.53
2024,4,0,3,13.5192,4637.84
2025,4,0,3,13.5075,4570.95
1598,4,0,3,13.5026,4545.57
948,4,0,3,13.4979,4519.53
928,4,0,3,13.487,4460.1
923,4,0,3,13.4519,4283.84
924,4,0,3,13.4436,4244.52
914,4,0,3,13.4234,4138.47
913,4,0,3,13.411,4072.15
912,4,0,3,13.4076,4053.67
1664,4,0,4,14.221,8310.94,0.0496667,216.631,0.07,5
1172,4,0,4,14.1923,8168.41
1023,4,0,4,14.1631,8012.73
1021,4,0,4,14.1485,7935.62
1022,4,0,4,14.1446,7916.39
1020,4,0,4,14.136,7872.97
1019,4,0,4,14.1289,7836.33
1047,4,0,4,14.1238,7811.73
1065,4,0,4,14.1076,7715.51
1064,4,0,4,14.1009,7682.25
1062,4,0,4,14.0946,7650.03
1063,4,0,4,14.0916,7635.67
1061,4,0,4,14.088,7617.18
1080,4,0,4,14.0816,7584.36
1081,4,0,4,14.0713,7529.96
1098,4,0,4,14.0646,7495.19
1097,4,0,4,14.0568,7457.45
2037,4,0,4,14.0347,7345.03
1132,4,0,4,14.0254,7296.72
1135,4,0,4,14.0187,7262.65
2049,4,0,4,14.0137,7236.38
1159,4,0,4,13.9939,7132.73
1160,4,0,4,13.9803,7063.85
1330,4,0,4,13.976,7041.28
1339,4,0,4,13.9529,6922.29
1340,4,0,4,13.9482,6897.65
1348,4,0,4,13.9477,6895.1
1349,4,0,4,13.9467,6889.97
1357,4,0,4,13.9346,6827.36
1356,4,0,4,13.9338,6823.64
2076,4,0,4,13.9283,6793.24
1355,4,0,4,13.927,6786.49
1364,4,0,4,13.927,6786.28
1362,4,0,4,13.9169,6733.04
1382,4,0,4,13.8993,6635.81
1389,4,0,4,13.8714,6488.15
1388,4,0,4,13.8629,6441.13
1323,4,0,4,13.8622,6437.34
2072,4,0,4,13.8351,6307.71
1588,4,0,4,13.8019,6131.5
1590,4,0,4,13.7806,6015.26
1589,4,0,4,13.7532,5876.89
1603,4,0,4,13.7323,5761.75
429,4,0,5,14.5885,10264.4,0,0,0
1988,4,0,5,14.5577,10111.3
417,4,0,5,14.5344,9994.71
418,4,0,5,14.5311,9976.9
419,4,0,5,14.5153,9889.9
423,4,0,5,14.5107,9855.46
609,4,0,5,14.5048,9799.14
628,4,0,5,14.4955,9725.01
561,4,0,5,14.4919,9700.48
557,4,0,5,14.4847,9653.52
554,4,0,5,14.4826,9643.03
565,4,0,5,14.4744,9597.4
573,4,0,5,14.4691,9570.81
574,4,0,5,14.4605,9519.78
580,4,0,5,14.4395,9410.14
596,4,0,5,14.4333,9350.29
595,4,0,5,14.429,9322.95
603,4,0,5,14.424,9297.15
552,4,0,5,14.3901,9130.97
1800,4,0,5,14.3818,9088.24
755,4,0,5,14.3654,9005.98
708,4,0,5,14.3493,8923.26
996,4,0,5,14.3488,8921.04
1671,4,0,5,14.3259,8804.73
1165,4,0,5,14.3154,8752.21
1799,4,0,5,14.3063,8706.1
1172,4,0,5,14.2987,8667.12
1664,4,0,5,14.2707,8527.58
368,5,0,0,12.6474,949.515,0.0693333,302.411,0.09,1
372,5,0,0,12.6263,846.645
371,5,0,0,12.6079,738.483
2134,5,0,0,12.6025,697.704
2136,5,0,0,12.5904,631.809
393,5,0,0,12.5562,458.416
401,5,0,0,12.5438,390.328
1739,5,0,0,12.5343,338.004
1742,5,0,0,12.5261,296.363
1741,5,0,0,12.5205,265.545
418,5,0,0,12.5127,224.669
2139,5,0,0,12.509,203.706
2138,5,0,0,12.4924,110.515
415,5,0,0,12.492,108.239
429,5,0,0,12.47,0
139,5,0,1,12.8316,1873.91,0.0526667,229.716,0.18,2
140,5,0,1,12.8112,1762.29
360,5,0,1,12.7682,1534.39
361,5,0,1,12.7542,1458.62
367,5,0,1,12.7199,1269.12
368,5,0,1,12.7167,1251.93
1603,5,0,2,13.3856,4916.14,0.0466667,203.546,0.03,3
1589,5,0,2,13.3621,4789.8
1560,5,0,2,13.3282,4607.79
1591,5,0,2,13.3072,4493.6
1559,5,0,2,13.287,4388.02
1319,5,0,2,13.2814,4357.29
1318,5,0,2,13.2737,4314.51
1292,5,0,2,13.273,4310.78
1285,5,0,2,13.2403,4122.23
1310,5,0,2,13.2396,4118.91
1553,5,0,2,13.2158,3991.47
1298,5,0,2,13.212,3970.39
2176,5,0,2,13.2056,3931.36
2066,5,0,2,13.1955,3864.37
869,5,0,2,13.1863,3789.22
1856,5,0,2,13.1797,3744.23
855,5,0,2,13.1796,3743.52
843,5,0,2,13.157,3627.46
832,5,0,2,13.1467,3566.99
831,5,0,2,13.1408,3534.93
2153,5,0,2,13.1408,3534.85
821,5,0,2,13.1292,3475.28
2008,5,0,2,13.1207,3432.49
812,5,0,2,13.1027,3334.79
807,5,0,2,13.1026,3334
356,5,0,2,13.0864,3249.2
1981,5,0,2,13.0742,3165.69
345,5,0,2,13.054,3062.11
341,5,0,2,13.0446,3012.14
2132,5,0,2,13.0444,3010.09
328,5,0,2,13.0277,2914.55
2115,5,0,2,13.0177,2861.35
329,5,0,2,13.014,2841.31
1979,5,0,2,13.0067,2805.85
1978,5,0,2,12.9668,2581.85
107,5,0,2,12.9587,2528.12
1967,5,0,2,12.9557,2499.42
105,5,0,2,12.9309,2350.97
136,5,0,2,12.8984,2178.29
139,5,0,2,12.8842,2103.63
912,5,0,3,13.6917,6582.92,0.1015,442.712,0.14,4
911,5,0,3,13.6745,6488.83
926,5,0,3,13.6468,6341.41
945,5,0,3,13.62,6203.2
954,5,0,3,13.6133,6168.26
1297,5,0,3,13.582,6003.14
1299,5,0,3,13.5765,5971.7
1600,5,0,3,13.575,5958.25
1599,5,0,3,13.5745,5953.15
1601,5,0,3,13.5702,5921.52
1311,5,0,3,13.5553,5828.02
1319,5,0,3,13.5253,5641.99
1559,5,0,3,13.5216,5616.82
1591,5,0,3,13.5106,5541.96
1560,5,0,3,13.4881,5421.3
1589,5,0,3,13.4531,5234.83
1603,5,0,3,13.4323,5119.69
1664,5,0,4,14.1434,8817.31,0.0496667,216.631,0.07,5
1172,5,0,4,14.1147,8674.78
1023,5,0,4,14.0855,8519.1
1021,5,0,4,14.0709,8441.99
1022,5,0,4,14.067,8422.77
1020,5,0,4,14.0584,8379.34
1019,5,0,4,14.0513,8342.7
1047,5,0,4,14.0462,8318.1
1048,5,0,4,14.0337,8256.17
2159,5,0,4,14.0306,8240.77
1045,5,0,4,14.0299,8237.62
1043,5,0,4,14.0266,8220.94
2158,5,0,4,14.02,8187.13
2030,5,0,4,14.016,8167.3
1041,5,0,4,14.0104,8138.81
1039,5,0,4,14.0014,8093.09
1037,5,0,4,13.9885,8032.14
1034,5,0,4,13.9788,7981.93
2032,5,0,4,13.9633,7904.34
1050,5,0,4,13.9344,7759.89
1804,5,0,4,13.9213,7693.87
2015,5,0,4,13.9101,7637.66
2014,5,0,4,13.9019,7596.66
2017,5,0,4,13.9007,7590.96
2170,5,0,4,13.8979,7576.31
917,5,0,4,13.8917,7545.33
916,5,0,4,13.8915,7544.42
906,5,0,4,13.8656,7411.33
905,5,0,4,13.8526,7342.78
903,5,0,4,13.8337,7242.37
904,5,0,4,13.8303,7223.99
902,5,0,4,13.8166,7151.25
914,5,0,4,13.8091,7110.43
913,5,0,4,13.7966,7044.12
912,5,0,4,13.7932,7025.63
429,5,0,5,14.5109,10770.8,0,0,0
1988,5,0,5,14.4801,10617.6
417,5,0,5,14.4568,10501.1
418,5,0,5,14.4535,10483.3
419,5,0,5,14.4377,10396.3
423,5,0,5,14.4331,10361.8
609,5,0,5,14.4272,10305.5
628,5,0,5,14.4179,10231.4
561,5,0,5,14.4142,10206.9
557,5,0,5,14.407,10159.9
554,5,0,5,14.405,10149.4
565,5,0,5,14.3968,10103.8
573,5,0,5,14.3915,10077.2
574,5,0,5,14.3829,10026.1
580,5,0,5,14.3618,9916.51
596,5,0,5,14.3557,9856.66
595,5,0,5,14.3514,9829.32
603,5,0,5,14.3464,9803.52
552,5,0,5,14.3125,9637.34
1800,5,0,5,14.3042,9594.61
755,5,0,5,14.2878,9512.35
708,5,0,5,14.2717,9429.63
996,5,0,5,14.2712,9427.41
1671,5,0,5,14.2483,9311.1
1165,5,0,5,14.2377,9258.58
1799,5,0,5,14.2287,9212.47
1172,5,0,5,14.2211,9173.49
1664,5,0,5,14.1931,9033.95
