Node, Individual, Route,Segment, Travel time, Travel cost, Attention time, Attention cost, Failure rate, Demand
912,0,0,0,12.9793,662.175,0.0361667,157.748,0.15,1
913,0,0,0,12.9763,645.262
914,0,0,0,12.9659,587.538
902,0,0,0,12.9596,552.537
887,0,0,0,12.943,467.238
2012,0,0,0,12.9255,375.593
884,0,0,0,12.921,352.657
1987,0,0,0,12.8836,162.675
428,0,0,0,12.8786,137.306
429,0,0,0,12.85,0
1603,0,0,1,13.2935,2324.47,0.0466667,203.546,0.03,2
1589,0,0,1,13.2734,2212.68
1560,0,0,1,13.2399,2032.47
1591,0,0,1,13.2223,1932.59
1559,0,0,1,13.2046,1837.6
1319,0,0,1,13.1976,1801.36
1311,0,0,1,13.1669,1614.35
1312,0,0,1,13.1521,1537.34
1306,0,0,1,13.152,1536.98
1301,0,0,1,13.1369,1457.79
2024,0,0,1,13.1272,1404.1
2025,0,0,1,13.1154,1337.21
1598,0,0,1,13.1105,1311.82
948,0,0,1,13.1058,1285.79
928,0,0,1,13.095,1226.36
923,0,0,1,13.0598,1050.1
924,0,0,1,13.0515,1010.78
914,0,0,1,13.0313,904.723
913,0,0,1,13.0189,838.408
912,0,0,1,13.0155,819.923
1664,0,0,2,13.829,5077.2,0.0606667,264.61,0.08,3
1172,0,0,2,13.8002,4934.67
1023,0,0,2,13.7711,4778.98
1021,0,0,2,13.7564,4701.88
1022,0,0,2,13.7526,4682.65
1020,0,0,2,13.744,4639.22
1019,0,0,2,13.7368,4602.59
1047,0,0,2,13.7317,4577.99
1065,0,0,2,13.7155,4481.77
1064,0,0,2,13.7089,4448.51
1062,0,0,2,13.7025,4416.29
1063,0,0,2,13.6995,4401.93
1061,0,0,2,13.6959,4383.44
1080,0,0,2,13.6895,4350.62
1081,0,0,2,13.6792,4296.22
1098,0,0,2,13.6726,4261.45
1097,0,0,2,13.6648,4223.7
2037,0,0,2,13.6426,4111.29
1132,0,0,2,13.6334,4062.97
1135,0,0,2,13.6266,4028.91
2049,0,0,2,13.6216,4002.64
1159,0,0,2,13.6019,3898.99
1160,0,0,2,13.5883,3830.11
1330,0,0,2,13.584,3807.54
1339,0,0,2,13.5608,3688.55
1340,0,0,2,13.5562,3663.91
1348,0,0,2,13.5557,3661.36
1349,0,0,2,13.5546,3656.23
1357,0,0,2,13.5425,3593.62
1356,0,0,2,13.5417,3589.9
2076,0,0,2,13.5362,3559.5
1355,0,0,2,13.5349,3552.75
1364,0,0,2,13.5349,3552.54
1362,0,0,2,13.5248,3499.29
1382,0,0,2,13.5072,3402.07
1389,0,0,2,13.4793,3254.41
1388,0,0,2,13.4709,3207.39
1323,0,0,2,13.4701,3203.6
2072,0,0,2,13.443,3073.97
1588,0,0,2,13.4098,2897.76
1590,0,0,2,13.3885,2781.51
1589,0,0,2,13.3611,2643.15
1603,0,0,2,13.3402,2528.01
368,0,0,3,14.1384,6824.22,0.0801667,349.663,0.1,4
451,0,0,3,14.117,6706.92
1716,0,0,3,14.1146,6690.5
462,0,0,3,14.1074,6651.68
1990,0,0,3,14.0996,6598.64
452,0,0,3,14.0956,6566.56
453,0,0,3,14.0848,6479.14
455,0,0,3,14.0735,6411.33
454,0,0,3,14.0703,6393.95
457,0,0,3,14.0637,6339.88
456,0,0,3,14.0588,6310.84
458,0,0,3,14.0496,6249.93
459,0,0,3,14.0429,6204.58
1543,0,0,3,14.0344,6142.77
715,0,0,3,14.0293,6098.93
716,0,0,3,14.016,6024.57
722,0,0,3,14.0155,6021.76
724,0,0,3,13.9913,5878.4
728,0,0,3,13.9817,5813.25
731,0,0,3,13.9712,5754.43
730,0,0,3,13.9706,5750.97
2003,0,0,3,13.9431,5615.32
2147,0,0,3,13.9324,5557.94
743,0,0,3,13.9289,5540.9
2054,0,0,3,13.9288,5540.81
1166,0,0,3,13.918,5485.95
1664,0,0,3,13.8896,5341.81
139,0,0,4,14.3352,7801.69,0.102667,447.801,0.25,5
140,0,0,4,14.3144,7688.04
360,0,0,4,14.2757,7478.44
361,0,0,4,14.2632,7409.57
367,0,0,4,14.2294,7221.77
368,0,0,4,14.2186,7173.88
429,0,0,5,14.6559,9405.92,0,0,0
415,0,0,5,14.6336,9296.23
2138,0,0,5,14.6334,9295.2
411,0,0,5,14.6202,9221.97
400,0,0,5,14.6026,9134.11
391,0,0,5,14.5852,9042.58
383,0,0,5,14.5661,8942.8
382,0,0,5,14.5524,8872.49
376,0,0,5,14.5366,8785.38
369,0,0,5,14.5194,8690.19
360,0,0,5,14.4979,8574.6
140,0,0,5,14.4578,8359.37
139,0,0,5,14.4379,8249.49
912,1,0,0,12.6893,662.175,0.0361667,157.748,0.15,1
913,1,0,0,12.6863,645.262
914,1,0,0,12.6759,587.538
902,1,0,0,12.6696,552.537
887,1,0,0,12.653,467.238
2012,1,0,0,12.6355,375.593
884,1,0,0,12.631,352.657
1987,1,0,0,12.5936,162.675
428,1,0,0,12.5886,137.306
429,1,0,0,12.56,0
1603,1,0,1,13.0143,2358.51,0.0466667,203.546,0.03,2
1589,1,0,1,12.9906,2231.45
1560,1,0,1,12.9569,2050.34
1591,1,0,1,12.938,1945.25
1559,1,0,1,12.9191,1844.92
1320,1,0,1,12.9148,1822.71
1602,1,0,1,12.8979,1735.77
1312,1,0,1,12.8749,1606.65
1306,1,0,1,12.8748,1606.28
1599,1,0,1,12.8572,1509.83
1300,1,0,1,12.8529,1483.41
1298,1,0,1,12.8475,1454.23
1297,1,0,1,12.8452,1441.75
954,1,0,1,12.8081,1251.86
945,1,0,1,12.801,1215.2
926,1,0,1,12.7735,1074.52
911,1,0,1,12.7501,945.28
912,1,0,1,12.7255,819.923
1664,1,0,2,13.5497,5111.25,0.0606667,264.61,0.08,3
1172,1,0,2,13.521,4968.72
1023,1,0,2,13.4918,4813.03
1021,1,0,2,13.4772,4735.93
1022,1,0,2,13.4733,4716.7
1020,1,0,2,13.4647,4673.27
1019,1,0,2,13.4575,4636.64
1047,1,0,2,13.4524,4612.04
1065,1,0,2,13.4362,4515.81
1064,1,0,2,13.4296,4482.56
1062,1,0,2,13.4232,4450.34
1063,1,0,2,13.4203,4435.98
1061,1,0,2,13.4167,4417.49
1080,1,0,2,13.4103,4384.67
1081,1,0,2,13.4,4330.27
1098,1,0,2,13.3933,4295.5
1097,1,0,2,13.3855,4257.75
2037,1,0,2,13.3634,4145.34
1132,1,0,2,13.3541,4097.02
1135,1,0,2,13.3473,4062.96
2049,1,0,2,13.3424,4036.69
1159,1,0,2,13.3226,3933.03
1160,1,0,2,13.309,3864.16
1330,1,0,2,13.3047,3841.59
1339,1,0,2,13.2815,3722.6
1340,1,0,2,13.2769,3697.95
1348,1,0,2,13.2764,3695.41
1349,1,0,2,13.2754,3690.27
1357,1,0,2,13.2632,3627.67
1356,1,0,2,13.2625,3623.95
2076,1,0,2,13.2569,3593.54
1355,1,0,2,13.2557,3586.8
1364,1,0,2,13.2556,3586.59
1362,1,0,2,13.2455,3533.34
1382,1,0,2,13.2279,3436.12
1389,1,0,2,13.2001,3288.46
1388,1,0,2,13.1916,3241.43
1323,1,0,2,13.1908,3237.65
2072,1,0,2,13.1637,3108.02
1588,1,0,2,13.1306,2931.81
1590,1,0,2,13.1093,2815.56
1589,1,0,2,13.0818,2677.2
1603,1,0,2,13.0609,2562.06
139,1,0,3,13.9548,7408.73,0.0406667,177.376,0.22,4
140,1,0,3,13.9313,7283.54
360,1,0,3,13.8909,7066.94
366,1,0,3,13.8725,6966.33
371,1,0,3,13.8622,6907.32
372,1,0,3,13.8473,6803.33
460,1,0,3,13.8415,6768.68
461,1,0,3,13.8297,6700.1
462,1,0,3,13.8281,6685.72
1990,1,0,3,13.8203,6632.69
452,1,0,3,13.8163,6600.61
453,1,0,3,13.8056,6513.19
455,1,0,3,13.7942,6445.38
454,1,0,3,13.791,6428
457,1,0,3,13.7845,6373.93
456,1,0,3,13.7795,6344.89
458,1,0,3,13.7703,6283.98
459,1,0,3,13.7637,6238.63
1543,1,0,3,13.7551,6176.82
715,1,0,3,13.75,6132.98
716,1,0,3,13.7368,6058.62
722,1,0,3,13.7362,6055.8
724,1,0,3,13.712,5912.44
728,1,0,3,13.7024,5847.3
731,1,0,3,13.6919,5788.48
730,1,0,3,13.6913,5785.02
2003,1,0,3,13.6638,5649.37
2147,1,0,3,13.6531,5591.98
743,1,0,3,13.6496,5574.95
2054,1,0,3,13.6496,5574.86
1166,1,0,3,13.6388,5520
1664,1,0,3,13.6104,5375.86
368,1,0,4,14.1029,8180.53,0.0801667,349.663,0.1,5
367,1,0,4,14.0978,8155.33
361,1,0,4,14.0663,7977.94
360,1,0,4,14.0567,7916.69
140,1,0,4,14.0171,7703.65
139,1,0,4,13.9954,7586.1
429,1,0,5,14.3505,9449.87,0,0,0
1988,1,0,5,14.322,9306.25
417,1,0,5,14.2968,9181.86
418,1,0,5,14.2941,9166.5
1741,1,0,5,14.2879,9132.6
1740,1,0,5,14.2842,9112.31
1739,1,0,5,14.2789,9083.4
401,1,0,5,14.2691,9029.45
393,1,0,5,14.2561,8958.96
2136,1,0,5,14.2311,8824.47
2134,1,0,5,14.2186,8757.13
371,1,0,5,14.2133,8716.34
372,1,0,5,14.1992,8612.63
368,1,0,5,14.1831,8530.2
139,2,0,0,12.6753,1199.67,0.0526667,229.716,0.18,1
140,2,0,0,12.655,1088.05
360,2,0,0,12.6119,860.146
366,2,0,0,12.5947,764.395
2134,2,0,0,12.5825,697.704
2136,2,0,0,12.5704,631.809
393,2,0,0,12.5362,458.416
401,2,0,0,12.5238,390.328
1739,2,0,0,12.5143,338.004
1742,2,0,0,12.5061,296.363
1741,2,0,0,12.5005,265.545
418,2,0,0,12.4927,224.669
2139,2,0,0,12.489,203.706
2138,2,0,0,12.4724,110.515
415,2,0,0,12.472,108.239
429,2,0,0,12.45,0
368,2,0,1,12.8427,2050.78,0.0693333,302.411,0.09,2
367,2,0,1,12.8391,2031.88
361,2,0,1,12.8052,1844.1
360,2,0,1,12.7941,1780.55
140,2,0,1,12.7481,1540.1
139,2,0,1,12.728,1429.39
1664,2,0,2,13.1777,3912.6,0.0606667,264.61,0.08,3
1175,2,0,2,13.1646,3847.19
2054,2,0,2,13.1257,3654.43
743,2,0,2,13.1257,3654.34
739,2,0,2,13.1113,3576.91
1668,2,0,2,13.0949,3488.09
731,2,0,2,13.0854,3436.24
730,2,0,2,13.0847,3432.66
723,2,0,2,13.0513,3256.25
722,2,0,2,13.0381,3164.94
726,2,0,2,13.0271,3089.23
714,2,0,2,13.0269,3087.36
1543,2,0,2,13.0227,3057.4
459,2,0,2,13.0126,2994.3
458,2,0,2,13.0051,2947.96
456,2,0,2,12.9949,2885.89
457,2,0,2,12.9876,2847.54
454,2,0,2,12.9798,2793.42
455,2,0,2,12.9775,2779.2
453,2,0,2,12.9682,2713.61
452,2,0,2,12.9556,2626.11
1990,2,0,2,12.9521,2593.44
462,2,0,2,12.9426,2538.21
461,2,0,2,12.9401,2523.49
460,2,0,2,12.9306,2457.83
372,2,0,2,12.9254,2424.11
368,2,0,2,12.912,2353.19
1603,2,0,3,13.7495,6831.61,0.0466667,203.546,0.03,4
1589,2,0,3,13.7296,6721.05
1590,2,0,3,13.6843,6509.7
1588,2,0,3,13.6657,6405.08
2072,2,0,3,13.6326,6229.19
1323,2,0,3,13.6173,6148.32
1388,2,0,3,13.6165,6144.54
1389,2,0,3,13.6029,6075.64
1382,2,0,3,13.577,5936.31
1362,2,0,3,13.5543,5817.31
1361,2,0,3,13.5492,5790.31
1354,2,0,3,13.5492,5790.12
1355,2,0,3,13.5367,5730.46
2076,2,0,3,13.5348,5721.35
1356,2,0,3,13.5264,5678.64
1357,2,0,3,13.5257,5674.92
1358,2,0,3,13.5144,5616.55
1352,2,0,3,13.5039,5562.67
1351,2,0,3,13.4936,5508.98
1350,2,0,3,13.4859,5469.4
1414,2,0,3,13.4689,5385.6
2120,2,0,3,13.4591,5333.94
2097,2,0,3,13.4501,5287.4
1415,2,0,3,13.4366,5218.77
1416,2,0,3,13.4187,5131.03
1554,2,0,3,13.4172,5123.21
2079,2,0,3,13.4082,5079.35
2080,2,0,3,13.3923,5000.57
2081,2,0,3,13.3738,4905.91
1207,2,0,3,13.3541,4800.71
2061,2,0,3,13.3457,4753.7
2056,2,0,3,13.3,4491.82
1181,2,0,3,13.2971,4470.14
1180,2,0,3,13.297,4469.77
1179,2,0,3,13.2766,4370.46
1175,2,0,3,13.2547,4255.99
1664,2,0,3,13.2383,4177.21
912,2,0,4,14.0556,8498.38,0.100167,436.897,0.15,5
911,2,0,4,14.0384,8404.3
926,2,0,4,14.0107,8256.88
945,2,0,4,13.9839,8118.66
954,2,0,4,13.9772,8083.73
1297,2,0,4,13.9459,7918.6
1299,2,0,4,13.9404,7887.17
1600,2,0,4,13.9389,7873.72
1599,2,0,4,13.9384,7868.62
1601,2,0,4,13.9341,7836.98
1311,2,0,4,13.9192,7743.49
1319,2,0,4,13.8892,7557.45
1559,2,0,4,13.8855,7532.29
1591,2,0,4,13.8745,7457.43
1560,2,0,4,13.852,7336.77
1589,2,0,4,13.817,7150.29
1603,2,0,4,13.7961,7035.15
429,2,0,5,14.2731,9537.28,0,0,0
886,2,0,5,14.2305,9330.96
888,2,0,5,14.2084,9214.99
903,2,0,5,14.1973,9156.39
904,2,0,5,14.1938,9137.71
902,2,0,5,14.18,9064.47
914,2,0,5,14.1723,9023.02
913,2,0,5,14.1593,8954.26
912,2,0,5,14.1558,8935.28
139,3,0,0,12.5253,1199.67,0.0526667,229.716,0.18,1
140,3,0,0,12.505,1088.05
360,3,0,0,12.4619,860.146
366,3,0,0,12.4447,764.395
2134,3,0,0,12.4325,697.704
2136,3,0,0,12.4204,631.809
393,3,0,0,12.3862,458.416
401,3,0,0,12.3738,390.328
1739,3,0,0,12.3643,338.004
1742,3,0,0,12.3561,296.363
1741,3,0,0,12.3505,265.545
418,3,0,0,12.3427,224.669
2139,3,0,0,12.339,203.706
2138,3,0,0,12.3224,110.515
415,3,0,0,12.322,108.239
429,3,0,0,12.3,0
368,3,0,1,12.6927,2050.78,0.0693333,302.411,0.09,2
367,3,0,1,12.6891,2031.88
361,3,0,1,12.6552,1844.1
360,3,0,1,12.6441,1780.55
140,3,0,1,12.5981,1540.1
139,3,0,1,12.578,1429.39
1664,3,0,2,13.0277,3912.6,0.0606667,264.61,0.08,3
1175,3,0,2,13.0146,3847.19
2054,3,0,2,12.9757,3654.43
743,3,0,2,12.9757,3654.34
739,3,0,2,12.9613,3576.91
1668,3,0,2,12.9449,3488.09
731,3,0,2,12.9354,3436.24
730,3,0,2,12.9347,3432.66
723,3,0,2,12.9013,3256.25
722,3,0,2,12.8881,3164.94
726,3,0,2,12.8771,3089.23
714,3,0,2,12.8769,3087.36
1543,3,0,2,12.8727,3057.4
459,3,0,2,12.8626,2994.3
458,3,0,2,12.8551,2947.96
456,3,0,2,12.8449,2885.89
457,3,0,2,12.8377,2847.54
454,3,0,2,12.8298,2793.42
455,3,0,2,12.8275,2779.2
453,3,0,2,12.8182,2713.61
452,3,0,2,12.8056,2626.11
1990,3,0,2,12.8021,2593.44
462,3,0,2,12.7926,2538.21
461,3,0,2,12.7901,2523.49
460,3,0,2,12.7806,2457.83
372,3,0,2,12.7754,2424.11
368,3,0,2,12.762,2353.19
1603,3,0,3,13.5995,6831.61,0.0466667,203.546,0.03,4
1589,3,0,3,13.5796,6721.05
1590,3,0,3,13.5343,6509.7
1588,3,0,3,13.5157,6405.08
2072,3,0,3,13.4826,6229.19
1323,3,0,3,13.4673,6148.32
1388,3,0,3,13.4665,6144.54
1389,3,0,3,13.4529,6075.64
1382,3,0,3,13.427,5936.31
1362,3,0,3,13.4043,5817.31
1361,3,0,3,13.3992,5790.31
1354,3,0,3,13.3992,5790.12
1355,3,0,3,13.3867,5730.46
2076,3,0,3,13.3848,5721.35
1356,3,0,3,13.3764,5678.64
1357,3,0,3,13.3757,5674.92
1358,3,0,3,13.3644,5616.55
1352,3,0,3,13.3539,5562.67
1351,3,0,3,13.3436,5508.98
1350,3,0,3,13.3359,5469.4
1414,3,0,3,13.3189,5385.6
2120,3,0,3,13.3091,5333.94
2097,3,0,3,13.3001,5287.4
1415,3,0,3,13.2866,5218.77
1416,3,0,3,13.2687,5131.03
1554,3,0,3,13.2672,5123.21
2079,3,0,3,13.2582,5079.35
2080,3,0,3,13.2423,5000.57
2081,3,0,3,13.2238,4905.91
1207,3,0,3,13.2041,4800.71
2061,3,0,3,13.1957,4753.7
2056,3,0,3,13.15,4491.82
1181,3,0,3,13.1471,4470.14
1180,3,0,3,13.147,4469.77
1179,3,0,3,13.1266,4370.46
1175,3,0,3,13.1047,4255.99
1664,3,0,3,13.0883,4177.21
912,3,0,4,13.9056,8498.38,0.1015,442.712,0.14,5
911,3,0,4,13.8884,8404.3
926,3,0,4,13.8607,8256.88
945,3,0,4,13.8339,8118.66
954,3,0,4,13.8272,8083.73
1297,3,0,4,13.7959,7918.6
1299,3,0,4,13.7904,7887.17
1600,3,0,4,13.7889,7873.72
1599,3,0,4,13.7884,7868.62
1601,3,0,4,13.7841,7836.98
1311,3,0,4,13.7692,7743.49
1319,3,0,4,13.7392,7557.45
1559,3,0,4,13.7355,7532.29
1591,3,0,4,13.7245,7457.43
1560,3,0,4,13.702,7336.77
1589,3,0,4,13.667,7150.29
1603,3,0,4,13.6461,7035.15
429,3,0,5,14.1244,9543.09,0,0,0
886,3,0,5,14.0819,9336.77
888,3,0,5,14.0597,9220.81
903,3,0,5,14.0486,9162.21
904,3,0,5,14.0451,9143.53
902,3,0,5,14.0314,9070.29
914,3,0,5,14.0236,9028.83
913,3,0,5,14.0106,8960.08
912,3,0,5,14.0071,8941.1
368,4,0,0,12.7774,949.515,0.0693333,302.411,0.09,1
372,4,0,0,12.7563,846.645
371,4,0,0,12.7379,738.483
2134,4,0,0,12.7325,697.704
2136,4,0,0,12.7204,631.809
393,4,0,0,12.6862,458.416
401,4,0,0,12.6738,390.328
1739,4,0,0,12.6643,338.004
1742,4,0,0,12.6561,296.363
1741,4,0,0,12.6505,265.545
418,4,0,0,12.6427,224.669
2139,4,0,0,12.639,203.706
2138,4,0,0,12.6224,110.515
415,4,0,0,12.622,108.239
429,4,0,0,12.6,0
139,4,0,1,12.9616,1873.91,0.0526667,229.716,0.18,2
140,4,0,1,12.9412,1762.29
360,4,0,1,12.8982,1534.39
361,4,0,1,12.8842,1458.62
367,4,0,1,12.8499,1269.12
368,4,0,1,12.8467,1251.93
912,4,0,2,13.2961,3610.95,0.1015,442.712,0.14,3
900,4,0,2,13.2893,3574.28
882,4,0,2,13.2614,3422.82
880,4,0,2,13.2457,3340.52
881,4,0,2,13.2314,3262.34
1985,4,0,2,13.206,3124.28
409,4,0,2,13.1864,3025.72
397,4,0,2,13.1691,2935.07
390,4,0,2,13.1497,2834.11
382,4,0,2,13.1333,2746.54
376,4,0,2,13.1163,2653.94
369,4,0,2,13.0965,2547.53
360,4,0,2,13.0755,2434.22
140,4,0,2,13.0359,2221.18
139,4,0,2,13.0142,2103.63
1603,4,0,3,13.6756,5558.21,0.0466667,203.546,0.03,4
1589,4,0,3,13.6555,5446.42
1560,4,0,3,13.622,5266.21
1591,4,0,3,13.6043,5166.33
1559,4,0,3,13.5867,5071.34
1319,4,0,3,13.5797,5035.1
1311,4,0,3,13.549,4848.09
1312,4,0,3,13.5341,4771.08
1306,4,0,3,13.534,4770.72
1301,4,0,3,13.519,4691.53
2024,4,0,3,13.5092,4637.84
2025,4,0,3,13.4975,4570.95
1598,4,0,3,13.4926,4545.57
948,4,0,3,13.4879,4519.53
928,4,0,3,13.477,4460.1
923,4,0,3,13.4419,4283.84
924,4,0,3,13.4336,4244.52
914,4,0,3,13.4134,4138.47
913,4,0,3,13.401,4072.15
912,4,0,3,13.3976,4053.67
1664,4,0,4,14.211,8310.94,0.0496667,216.631,0.07,5
1172,4,0,4,14.1823,8168.41
1023,4,0,4,14.1532,8012.73
1021,4,0,4,14.1385,7935.62
1022,4,0,4,14.1346,7916.39
1020,4,0,4,14.126,7872.97
1019,4,0,4,14.1189,7836.33
1047,4,0,4,14.1138,7811.73
1065,4,0,4,14.0976,7715.51
1064,4,0,4,14.0909,7682.25
1062,4,0,4,14.0846,7650.03
1063,4,0,4,14.0816,7635.67
1061,4,0,4,14.078,7617.18
1080,4,0,4,14.0716,7584.36
1081,4,0,4,14.0613,7529.96
1098,4,0,4,14.0546,7495.19
1097,4,0,4,14.0468,7457.45
2037,4,0,4,14.0247,7345.03
1132,4,0,4,14.0154,7296.72
1135,4,0,4,14.0087,7262.65
2049,4,0,4,14.0037,7236.38
1159,4,0,4,13.9839,7132.73
1160,4,0,4,13.9703,7063.85
1330,4,0,4,13.966,7041.28
1339,4,0,4,13.9429,6922.29
1340,4,0,4,13.9382,6897.65
1348,4,0,4,13.9377,6895.1
1349,4,0,4,13.9367,6889.97
1357,4,0,4,13.9246,6827.36
1356,4,0,4,13.9238,6823.64
2076,4,0,4,13.9183,6793.24
1355,4,0,4,13.917,6786.49
1364,4,0,4,13.917,6786.28
1362,4,0,4,13.9069,6733.04
1382,4,0,4,13.8893,6635.81
1389,4,0,4,13.8614,6488.15
1388,4,0,4,13.8529,6441.13
1323,4,0,4,13.8522,6437.34
2072,4,0,4,13.8251,6307.71
1588,4,0,4,13.7919,6131.5
1590,4,0,4,13.7706,6015.26
1589,4,0,4,13.7432,5876.89
1603,4,0,4,13.7223,5761.75
429,4,0,5,14.5785,10264.4,0,0,0
1988,4,0,5,14.5477,10111.3
417,4,0,5,14.5244,9994.71
418,4,0,5,14.5211,9976.9
419,4,0,5,14.5053,9889.9
423,4,0,5,14.5007,9855.46
609,4,0,5,14.4948,9799.14
628,4,0,5,14.4855,9725.01
561,4,0,5,14.4819,9700.48
557,4,0,5,14.4747,9653.52
554,4,0,5,14.4726,9643.03
565,4,0,5,14.4644,9597.4
573,4,0,5,14.4591,9570.81
574,4,0,5,14.4505,9519.78
580,4,0,5,14.4295,9410.14
596,4,0,5,14.4233,9350.29
595,4,0,5,14.419,9322.95
603,4,0,5,14.414,9297.15
552,4,0,5,14.3801,9130.97
1800,4,0,5,14.3718,9088.24
755,4,0,5,14.3554,9005.98
708,4,0,5,14.3393,8923.26
996,4,0,5,14.3388,8921.04
1671,4,0,5,14.3159,8804.73
1165,4,0,5,14.3054,8752.21
1799,4,0,5,14.2963,8706.1
1172,4,0,5,14.2887,8667.12
1664,4,0,5,14.2607,8527.58
139,5,0,0,12.4253,1199.67,0.0526667,229.716,0.18,1
140,5,0,0,12.405,1088.05
360,5,0,0,12.3619,860.146
366,5,0,0,12.3447,764.395
2134,5,0,0,12.3325,697.704
2136,5,0,0,12.3204,631.809
393,5,0,0,12.2862,458.416
401,5,0,0,12.2738,390.328
1739,5,0,0,12.2643,338.004
1742,5,0,0,12.2561,296.363
1741,5,0,0,12.2505,265.545
418,5,0,0,12.2427,224.669
2139,5,0,0,12.239,203.706
2138,5,0,0,12.2224,110.515
415,5,0,0,12.222,108.239
429,5,0,0,12.2,0
1603,5,0,1,12.9793,4241.9,0.100667,439.078,0.02,2
1589,5,0,1,12.9558,4115.56
1560,5,0,1,12.9219,3933.54
1591,5,0,1,12.9009,3819.36
1559,5,0,1,12.8807,3713.78
1319,5,0,1,12.8751,3683.04
1318,5,0,1,12.8675,3640.26
1292,5,0,1,12.8667,3636.54
1285,5,0,1,12.834,3447.98
1310,5,0,1,12.8333,3444.67
1553,5,0,1,12.8095,3317.23
1298,5,0,1,12.8057,3296.14
2176,5,0,1,12.7993,3257.11
2066,5,0,1,12.7892,3190.13
869,5,0,1,12.7801,3114.98
1856,5,0,1,12.7734,3069.98
855,5,0,1,12.7733,3069.27
843,5,0,1,12.7507,2953.22
832,5,0,1,12.7404,2892.75
831,5,0,1,12.7345,2860.69
2153,5,0,1,12.7345,2860.61
821,5,0,1,12.7229,2801.04
2008,5,0,1,12.7144,2758.25
812,5,0,1,12.6965,2660.55
807,5,0,1,12.6963,2659.76
356,5,0,1,12.6801,2574.95
1981,5,0,1,12.6679,2491.44
345,5,0,1,12.6477,2387.87
341,5,0,1,12.6383,2337.89
2132,5,0,1,12.6381,2335.84
328,5,0,1,12.6214,2240.3
2115,5,0,1,12.6114,2187.11
329,5,0,1,12.6077,2167.06
1979,5,0,1,12.6004,2131.61
1978,5,0,1,12.5605,1907.6
107,5,0,1,12.5524,1853.88
1967,5,0,1,12.5494,1825.17
105,5,0,1,12.5246,1676.73
136,5,0,1,12.4922,1504.05
139,5,0,1,12.478,1429.39
912,5,0,2,13.3394,6144.21,0.1015,442.712,0.14,3
911,5,0,2,13.3222,6050.12
926,5,0,2,13.2945,5902.7
945,5,0,2,13.2677,5764.48
954,5,0,2,13.261,5729.55
1297,5,0,2,13.2297,5564.43
1299,5,0,2,13.2242,5532.99
1600,5,0,2,13.2228,5519.54
1599,5,0,2,13.2222,5514.44
1601,5,0,2,13.2179,5482.8
1311,5,0,2,13.203,5389.31
1319,5,0,2,13.173,5203.27
1559,5,0,2,13.1693,5178.11
1591,5,0,2,13.1583,5103.25
1560,5,0,2,13.1358,4982.59
1589,5,0,2,13.1009,4796.11
1603,5,0,2,13.08,4680.97
368,5,0,3,13.6916,7941.24,0.0923333,402.73,0.09,4
372,5,0,3,13.6786,7872.22
371,5,0,3,13.663,7767.7
2134,5,0,3,13.6574,7726.89
2136,5,0,3,13.6455,7661.97
393,5,0,3,13.6165,7510.09
401,5,0,3,13.6016,7431.62
1739,5,0,3,13.5924,7380.61
1742,5,0,3,13.5835,7336.1
1741,5,0,3,13.5776,7303.61
418,5,0,3,13.57,7263.57
417,5,0,3,13.5672,7247.91
1989,5,0,3,13.5506,7161.49
2011,5,0,3,13.5328,7068.3
2156,5,0,3,13.5276,7040.98
2013,5,0,3,13.5269,7037.82
886,5,0,3,13.515,6979.65
888,5,0,3,13.4952,6873.54
903,5,0,3,13.4814,6803.65
904,5,0,3,13.478,6785.27
902,5,0,3,13.4643,6712.54
914,5,0,3,13.4568,6671.72
913,5,0,3,13.4444,6605.4
912,5,0,3,13.4409,6586.92
1664,5,0,4,14.0662,9969.46,0.0496667,216.631,0.07,5
1175,5,0,4,14.0543,9909.03
2054,5,0,4,14.0031,9665.53
743,5,0,4,14.0031,9665.44
739,5,0,4,13.9902,9594.99
1668,5,0,4,13.9714,9495.54
731,5,0,4,13.9603,9436.87
730,5,0,4,13.9597,9433.4
723,5,0,4,13.9252,9252.44
722,5,0,4,13.9121,9161.23
726,5,0,4,13.8969,9076.58
714,5,0,4,13.8967,9074.7
1543,5,0,4,13.8909,9042.26
459,5,0,4,13.8808,8979.08
458,5,0,4,13.8741,8933.67
456,5,0,4,13.8655,8873.27
457,5,0,4,13.8595,8840.22
454,5,0,4,13.8518,8786.24
455,5,0,4,13.8492,8771.28
453,5,0,4,13.8405,8705.82
452,5,0,4,13.8283,8618.5
1990,5,0,4,13.8248,8585.71
462,5,0,4,13.8163,8531.9
461,5,0,4,13.814,8517.53
460,5,0,4,13.8035,8450.97
372,5,0,4,13.7977,8416.32
368,5,0,4,13.7839,8343.97
429,5,0,5,14.4337,11922.9,0,0,0
1988,5,0,5,14.4029,11769.8
417,5,0,5,14.3796,11653.2
418,5,0,5,14.3763,11635.4
419,5,0,5,14.3605,11548.4
423,5,0,5,14.3559,11514
609,5,0,5,14.35,11457.7
628,5,0,5,14.3407,11383.5
561,5,0,5,14.3371,11359
557,5,0,5,14.3299,11312
554,5,0,5,14.3278,11301.5
565,5,0,5,14.3196,11255.9
573,5,0,5,14.3143,11229.3
574,5,0,5,14.3057,11178.3
580,5,0,5,14.2847,11068.7
596,5,0,5,14.2785,11008.8
595,5,0,5,14.2742,10981.5
603,5,0,5,14.2692,10955.7
552,5,0,5,14.2353,10789.5
1800,5,0,5,14.227,10746.8
755,5,0,5,14.2106,10664.5
708,5,0,5,14.1945,10581.8
996,5,0,5,14.194,10579.6
1671,5,0,5,14.1711,10463.2
1165,5,0,5,14.1605,10410.7
1799,5,0,5,14.1515,10364.6
1172,5,0,5,14.1439,10325.6
1664,5,0,5,14.1159,10186.1
